1100 4384 
1 2 1
1 3 1
1 4 1
1 5 1
1 6 1
1 7 1
1 8 1
1 10 1
1 11 1
1 13 1
1 18 1
1 19 1
1 25 1
1 28 1
1 29 1
1 34 1
1 44 1
1 56 1
1 63 1
1 70 1
1 74 1
1 81 1
1 87 1
1 93 1
1 99 1
1 146 1
1 150 1
1 151 1
1 167 1
1 168 1
1 178 1
1 207 1
1 215 1
1 232 1
1 242 1
1 259 1
1 268 1
1 278 1
1 368 1
1 381 1
1 383 1
1 385 1
1 400 1
1 401 1
1 418 1
1 428 1
1 434 1
1 449 1
1 504 1
1 512 1
1 533 1
1 556 1
1 559 1
1 607 1
1 667 1
1 681 1
1 721 1
1 724 1
1 725 1
1 731 1
1 735 1
1 748 1
1 897 1
1 902 1
1 943 1
1 963 1
1 998 1
1 1003 1
1 1027 1
1 1041 1
1 1073 1
2 6 1
2 8 1
2 12 1
2 13 1
2 16 1
2 19 1
2 24 1
2 30 1
2 32 1
2 35 1
2 43 1
2 45 1
2 55 1
2 56 1
2 58 1
2 72 1
2 73 1
2 75 1
2 85 1
2 114 1
2 164 1
2 176 1
2 178 1
2 185 1
2 198 1
2 221 1
2 231 1
2 243 1
2 261 1
2 277 1
2 283 1
2 284 1
2 301 1
2 321 1
2 334 1
2 355 1
2 399 1
2 420 1
2 507 1
2 528 1
2 549 1
2 582 1
2 622 1
2 680 1
2 743 1
2 755 1
2 764 1
2 782 1
2 795 1
2 798 1
2 830 1
2 853 1
2 895 1
2 941 1
2 963 1
2 987 1
2 1030 1
3 6 1
3 8 1
3 9 1
3 36 1
3 53 1
3 96 1
3 126 1
3 131 1
3 132 1
3 165 1
3 174 1
3 267 1
3 274 1
3 316 1
3 327 1
3 357 1
3 365 1
3 371 1
3 375 1
3 393 1
3 471 1
3 713 1
3 717 1
3 739 1
3 968 1
3 1004 1
3 1027 1
3 1032 1
4 6 1
4 7 1
4 8 1
4 9 1
4 11 1
4 14 1
4 15 1
4 18 1
4 19 1
4 20 1
4 23 1
4 26 1
4 27 1
4 36 1
4 41 1
4 44 1
4 49 1
4 51 1
4 52 1
4 68 1
4 81 1
4 82 1
4 86 1
4 98 1
4 103 1
4 112 1
4 118 1
4 132 1
4 152 1
4 154 1
4 157 1
4 186 1
4 210 1
4 211 1
4 213 1
4 229 1
4 235 1
4 241 1
4 254 1
4 270 1
4 284 1
4 290 1
4 304 1
4 310 1
4 316 1
4 331 1
4 354 1
4 384 1
4 398 1
4 405 1
4 412 1
4 414 1
4 442 1
4 481 1
4 489 1
4 511 1
4 517 1
4 518 1
4 521 1
4 527 1
4 590 1
4 598 1
4 601 1
4 605 1
4 649 1
4 663 1
4 698 1
4 701 1
4 849 1
4 854 1
4 868 1
4 871 1
4 918 1
4 929 1
4 934 1
4 938 1
4 1048 1
4 1054 1
5 7 1
5 10 1
5 17 1
5 23 1
5 37 1
5 41 1
5 49 1
5 66 1
5 67 1
5 70 1
5 80 1
5 95 1
5 110 1
5 116 1
5 141 1
5 151 1
5 193 1
5 228 1
5 239 1
5 252 1
5 272 1
5 293 1
5 311 1
5 337 1
5 417 1
5 421 1
5 427 1
5 434 1
5 435 1
5 519 1
5 619 1
5 635 1
5 639 1
5 691 1
5 714 1
5 732 1
5 734 1
5 752 1
5 768 1
5 804 1
5 855 1
5 899 1
5 984 1
5 1066 1
6 7 1
6 9 1
6 10 1
6 17 1
6 18 1
6 20 1
6 34 1
6 35 1
6 40 1
6 64 1
6 73 1
6 103 1
6 175 1
6 295 1
6 305 1
6 354 1
6 463 1
6 469 1
6 483 1
6 506 1
6 508 1
6 570 1
6 602 1
6 666 1
6 696 1
6 767 1
6 872 1
6 898 1
6 905 1
6 913 1
7 10 1
7 11 1
7 17 1
7 26 1
7 36 1
7 44 1
7 46 1
7 47 1
7 55 1
7 65 1
7 77 1
7 97 1
7 108 1
7 111 1
7 142 1
7 150 1
7 171 1
7 172 1
7 206 1
7 289 1
7 298 1
7 380 1
7 493 1
7 578 1
7 579 1
7 636 1
7 655 1
7 656 1
7 694 1
7 811 1
7 872 1
7 885 1
7 897 1
7 928 1
7 984 1
7 1026 1
7 1066 1
8 9 1
8 21 1
8 32 1
8 53 1
8 62 1
8 108 1
8 115 1
8 126 1
8 153 1
8 161 1
8 163 1
8 173 1
8 192 1
8 198 1
8 222 1
8 227 1
8 229 1
8 231 1
8 262 1
8 312 1
8 326 1
8 375 1
8 467 1
8 469 1
8 567 1
8 652 1
8 788 1
8 879 1
8 949 1
8 969 1
8 999 1
8 1086 1
9 12 1
9 13 1
9 14 1
9 15 1
9 17 1
9 18 1
9 20 1
9 29 1
9 34 1
9 47 1
9 48 1
9 61 1
9 63 1
9 80 1
9 87 1
9 92 1
9 100 1
9 105 1
9 117 1
9 130 1
9 132 1
9 155 1
9 166 1
9 180 1
9 194 1
9 202 1
9 222 1
9 240 1
9 252 1
9 253 1
9 277 1
9 296 1
9 333 1
9 361 1
9 407 1
9 411 1
9 413 1
9 416 1
9 419 1
9 437 1
9 488 1
9 508 1
9 591 1
9 634 1
9 639 1
9 657 1
9 658 1
9 674 1
9 699 1
9 706 1
9 752 1
9 779 1
9 784 1
9 815 1
9 845 1
9 859 1
9 866 1
9 873 1
9 902 1
9 965 1
9 1023 1
9 1032 1
9 1047 1
9 1052 1
9 1056 1
9 1060 1
9 1081 1
9 1092 1
9 1093 1
9 1099 1
10 11 1
10 12 1
10 13 1
10 15 1
10 16 1
10 20 1
10 23 1
10 24 1
10 32 1
10 45 1
10 46 1
10 47 1
10 48 1
10 54 1
10 66 1
10 68 1
10 109 1
10 137 1
10 141 1
10 171 1
10 176 1
10 180 1
10 219 1
10 225 1
10 228 1
10 234 1
10 250 1
10 255 1
10 265 1
10 269 1
10 297 1
10 348 1
10 370 1
10 450 1
10 491 1
10 510 1
10 514 1
10 520 1
10 564 1
10 583 1
10 595 1
10 610 1
10 619 1
10 638 1
10 660 1
10 683 1
10 709 1
10 711 1
10 714 1
10 716 1
10 731 1
10 733 1
10 749 1
10 758 1
10 776 1
10 799 1
10 818 1
10 829 1
10 887 1
10 922 1
10 944 1
10 983 1
10 990 1
10 1006 1
10 1032 1
10 1061 1
10 1072 1
11 12 1
11 14 1
11 21 1
11 25 1
11 26 1
11 30 1
11 38 1
11 43 1
11 51 1
11 77 1
11 78 1
11 84 1
11 94 1
11 102 1
11 103 1
11 104 1
11 107 1
11 118 1
11 137 1
11 151 1
11 156 1
11 164 1
11 177 1
11 181 1
11 186 1
11 191 1
11 193 1
11 214 1
11 229 1
11 237 1
11 240 1
11 244 1
11 249 1
11 250 1
11 256 1
11 260 1
11 261 1
11 263 1
11 283 1
11 307 1
11 324 1
11 328 1
11 338 1
11 343 1
11 349 1
11 356 1
11 367 1
11 374 1
11 394 1
11 400 1
11 405 1
11 422 1
11 443 1
11 446 1
11 448 1
11 454 1
11 463 1
11 466 1
11 477 1
11 501 1
11 525 1
11 540 1
11 560 1
11 569 1
11 571 1
11 583 1
11 590 1
11 631 1
11 648 1
11 670 1
11 703 1
11 708 1
11 716 1
11 724 1
11 742 1
11 761 1
11 784 1
11 797 1
11 811 1
11 837 1
11 844 1
11 851 1
11 854 1
11 868 1
11 884 1
11 915 1
11 924 1
11 927 1
11 960 1
11 991 1
11 1008 1
11 1034 1
11 1045 1
11 1048 1
11 1060 1
11 1063 1
11 1099 1
12 16 1
12 21 1
12 25 1
12 29 1
12 54 1
12 57 1
12 61 1
12 69 1
12 71 1
12 98 1
12 101 1
12 120 1
12 134 1
12 142 1
12 157 1
12 172 1
12 182 1
12 195 1
12 267 1
12 279 1
12 317 1
12 323 1
12 379 1
12 392 1
12 407 1
12 444 1
12 467 1
12 468 1
12 496 1
12 532 1
12 568 1
12 646 1
12 684 1
12 700 1
12 705 1
12 765 1
12 787 1
12 823 1
12 825 1
12 952 1
12 954 1
12 970 1
12 1015 1
12 1065 1
13 14 1
13 16 1
13 22 1
13 24 1
13 27 1
13 33 1
13 39 1
13 42 1
13 47 1
13 57 1
13 59 1
13 63 1
13 72 1
13 75 1
13 79 1
13 80 1
13 81 1
13 89 1
13 102 1
13 160 1
13 173 1
13 183 1
13 186 1
13 189 1
13 196 1
13 199 1
13 226 1
13 235 1
13 242 1
13 247 1
13 291 1
13 300 1
13 311 1
13 315 1
13 337 1
13 350 1
13 366 1
13 408 1
13 410 1
13 412 1
13 414 1
13 445 1
13 457 1
13 493 1
13 533 1
13 560 1
13 570 1
13 631 1
13 673 1
13 722 1
13 769 1
13 834 1
13 871 1
13 876 1
13 901 1
13 921 1
13 923 1
13 935 1
13 965 1
13 967 1
13 981 1
13 1086 1
13 1093 1
14 15 1
14 19 1
14 21 1
14 22 1
14 31 1
14 53 1
14 69 1
14 107 1
14 108 1
14 118 1
14 120 1
14 150 1
14 169 1
14 177 1
14 190 1
14 200 1
14 215 1
14 221 1
14 230 1
14 321 1
14 347 1
14 372 1
14 389 1
14 408 1
14 453 1
14 475 1
14 513 1
14 572 1
14 697 1
14 713 1
14 753 1
14 761 1
14 764 1
14 770 1
14 819 1
14 826 1
14 831 1
14 844 1
14 883 1
14 906 1
14 1042 1
14 1047 1
15 22 1
15 23 1
15 28 1
15 30 1
15 31 1
15 33 1
15 36 1
15 37 1
15 42 1
15 45 1
15 51 1
15 59 1
15 69 1
15 76 1
15 79 1
15 85 1
15 87 1
15 89 1
15 90 1
15 96 1
15 99 1
15 109 1
15 119 1
15 120 1
15 122 1
15 125 1
15 127 1
15 132 1
15 138 1
15 168 1
15 188 1
15 201 1
15 205 1
15 224 1
15 227 1
15 253 1
15 285 1
15 293 1
15 297 1
15 313 1
15 322 1
15 324 1
15 341 1
15 351 1
15 399 1
15 416 1
15 456 1
15 466 1
15 470 1
15 472 1
15 486 1
15 529 1
15 530 1
15 537 1
15 545 1
15 558 1
15 574 1
15 590 1
15 593 1
15 595 1
15 603 1
15 611 1
15 632 1
15 642 1
15 674 1
15 686 1
15 689 1
15 703 1
15 713 1
15 719 1
15 759 1
15 787 1
15 854 1
15 886 1
15 913 1
15 933 1
15 950 1
15 957 1
15 967 1
15 973 1
15 982 1
15 1025 1
15 1040 1
16 33 1
16 42 1
16 55 1
16 70 1
16 134 1
16 143 1
16 201 1
16 243 1
16 287 1
16 331 1
16 431 1
16 543 1
16 594 1
16 678 1
16 723 1
16 836 1
16 999 1
16 1025 1
17 46 1
17 52 1
17 64 1
17 65 1
17 66 1
17 84 1
17 122 1
17 139 1
17 140 1
17 147 1
17 161 1
17 182 1
17 265 1
17 269 1
17 303 1
17 326 1
17 338 1
17 390 1
17 407 1
17 421 1
17 559 1
17 653 1
17 673 1
17 691 1
17 782 1
17 804 1
17 816 1
17 857 1
17 908 1
17 979 1
17 1000 1
17 1015 1
18 39 1
18 60 1
18 82 1
18 91 1
18 106 1
18 122 1
18 140 1
18 214 1
18 277 1
18 283 1
18 377 1
18 382 1
18 569 1
18 597 1
18 671 1
18 818 1
18 1073 1
19 22 1
19 27 1
19 28 1
19 41 1
19 46 1
19 52 1
19 56 1
19 58 1
19 71 1
19 72 1
19 73 1
19 81 1
19 83 1
19 84 1
19 90 1
19 99 1
19 101 1
19 141 1
19 143 1
19 145 1
19 148 1
19 149 1
19 166 1
19 171 1
19 172 1
19 206 1
19 209 1
19 217 1
19 223 1
19 256 1
19 258 1
19 347 1
19 404 1
19 425 1
19 451 1
19 479 1
19 496 1
19 528 1
19 538 1
19 542 1
19 554 1
19 565 1
19 581 1
19 603 1
19 616 1
19 640 1
19 656 1
19 666 1
19 679 1
19 681 1
19 684 1
19 708 1
19 790 1
19 822 1
19 879 1
19 914 1
19 930 1
19 1054 1
19 1082 1
19 1089 1
20 27 1
20 35 1
20 54 1
20 83 1
20 90 1
20 98 1
20 107 1
20 125 1
20 135 1
20 138 1
20 147 1
20 152 1
20 153 1
20 188 1
20 203 1
20 224 1
20 261 1
20 285 1
20 340 1
20 343 1
20 344 1
20 352 1
20 358 1
20 407 1
20 413 1
20 454 1
20 455 1
20 466 1
20 472 1
20 513 1
20 537 1
20 578 1
20 579 1
20 584 1
20 597 1
20 604 1
20 607 1
20 618 1
20 698 1
20 701 1
20 721 1
20 732 1
20 793 1
20 828 1
20 837 1
20 937 1
20 946 1
20 973 1
20 985 1
20 997 1
20 1019 1
20 1043 1
20 1088 1
21 24 1
21 26 1
21 29 1
21 44 1
21 62 1
21 65 1
21 110 1
21 143 1
21 160 1
21 165 1
21 181 1
21 183 1
21 197 1
21 264 1
21 266 1
21 313 1
21 314 1
21 330 1
21 339 1
21 344 1
21 346 1
21 355 1
21 456 1
21 460 1
21 468 1
21 617 1
21 670 1
21 728 1
21 777 1
21 928 1
21 1062 1
21 1075 1
22 25 1
22 30 1
22 52 1
22 72 1
22 94 1
22 105 1
22 109 1
22 128 1
22 196 1
22 208 1
22 244 1
22 350 1
22 380 1
22 387 1
22 430 1
22 432 1
22 440 1
22 520 1
22 547 1
22 638 1
22 675 1
22 736 1
22 751 1
22 846 1
22 889 1
22 1016 1
22 1030 1
23 28 1
23 35 1
23 40 1
23 69 1
23 83 1
23 100 1
23 121 1
23 135 1
23 146 1
23 147 1
23 156 1
23 159 1
23 170 1
23 226 1
23 236 1
23 251 1
23 257 1
23 279 1
23 287 1
23 313 1
23 351 1
23 474 1
23 521 1
23 541 1
23 550 1
23 558 1
23 585 1
23 631 1
23 643 1
23 658 1
23 663 1
23 720 1
23 749 1
23 751 1
23 806 1
23 858 1
23 881 1
23 913 1
23 957 1
23 1056 1
23 1095 1
24 37 1
24 38 1
24 50 1
24 71 1
24 92 1
24 118 1
24 139 1
24 235 1
24 303 1
24 332 1
24 402 1
24 448 1
24 482 1
24 489 1
24 519 1
24 536 1
24 651 1
24 762 1
24 859 1
24 931 1
24 962 1
24 977 1
24 1001 1
24 1074 1
25 32 1
25 37 1
25 45 1
25 49 1
25 92 1
25 121 1
25 124 1
25 202 1
25 223 1
25 237 1
25 260 1
25 267 1
25 289 1
25 291 1
25 335 1
25 349 1
25 479 1
25 499 1
25 564 1
25 572 1
25 580 1
25 595 1
25 609 1
25 612 1
25 685 1
25 740 1
25 777 1
25 882 1
25 930 1
25 935 1
25 955 1
25 1026 1
26 31 1
26 40 1
26 64 1
26 91 1
26 106 1
26 121 1
26 154 1
26 193 1
26 241 1
26 251 1
26 267 1
26 286 1
26 421 1
26 422 1
26 456 1
26 497 1
26 538 1
26 583 1
26 626 1
26 644 1
26 648 1
26 676 1
26 720 1
26 743 1
26 829 1
26 988 1
26 1006 1
27 41 1
27 50 1
27 74 1
27 78 1
27 90 1
27 94 1
27 128 1
27 133 1
27 144 1
27 149 1
27 169 1
27 176 1
27 216 1
27 217 1
27 241 1
27 280 1
27 357 1
27 388 1
27 430 1
27 445 1
27 460 1
27 508 1
27 542 1
27 618 1
27 666 1
27 786 1
27 798 1
27 832 1
27 1082 1
28 33 1
28 39 1
28 48 1
28 57 1
28 60 1
28 87 1
28 129 1
28 187 1
28 192 1
28 243 1
28 246 1
28 247 1
28 268 1
28 273 1
28 275 1
28 336 1
28 338 1
28 343 1
28 365 1
28 374 1
28 383 1
28 397 1
28 447 1
28 451 1
28 461 1
28 463 1
28 490 1
28 613 1
28 640 1
28 659 1
28 693 1
28 737 1
28 749 1
28 767 1
28 791 1
28 800 1
28 803 1
28 811 1
28 817 1
28 834 1
28 849 1
28 851 1
28 861 1
28 876 1
28 880 1
28 921 1
28 953 1
28 1002 1
28 1024 1
28 1051 1
28 1069 1
28 1074 1
29 59 1
29 67 1
29 194 1
29 396 1
29 473 1
29 921 1
30 31 1
30 34 1
30 38 1
30 39 1
30 43 1
30 56 1
30 99 1
30 162 1
30 175 1
30 188 1
30 202 1
30 204 1
30 243 1
30 289 1
30 299 1
30 317 1
30 340 1
30 348 1
30 541 1
30 643 1
30 729 1
30 735 1
30 815 1
30 862 1
30 911 1
30 933 1
30 996 1
30 1057 1
30 1062 1
30 1087 1
31 61 1
31 79 1
31 119 1
31 130 1
31 154 1
31 163 1
31 168 1
31 175 1
31 192 1
31 272 1
31 394 1
31 400 1
31 432 1
31 458 1
31 468 1
31 479 1
31 582 1
31 639 1
31 691 1
31 774 1
31 910 1
31 990 1
31 1005 1
31 1028 1
31 1069 1
31 1095 1
32 60 1
32 96 1
32 151 1
32 183 1
32 345 1
32 380 1
32 503 1
32 589 1
33 38 1
33 40 1
33 42 1
33 54 1
33 59 1
33 66 1
33 150 1
33 195 1
33 211 1
33 251 1
33 252 1
33 262 1
33 275 1
33 315 1
33 318 1
33 357 1
33 446 1
33 449 1
33 490 1
33 492 1
33 532 1
33 547 1
33 554 1
33 568 1
33 600 1
33 741 1
33 765 1
33 855 1
33 896 1
33 905 1
33 908 1
33 948 1
33 986 1
33 1010 1
33 1025 1
33 1049 1
33 1055 1
34 43 1
34 63 1
34 103 1
34 114 1
34 179 1
34 392 1
34 399 1
34 401 1
34 445 1
34 682 1
34 918 1
34 1013 1
34 1014 1
35 55 1
35 60 1
35 75 1
35 76 1
35 102 1
35 111 1
35 185 1
35 199 1
35 232 1
35 283 1
35 309 1
35 413 1
35 498 1
35 627 1
35 665 1
35 688 1
35 780 1
35 864 1
35 944 1
35 1055 1
36 94 1
36 308 1
36 669 1
36 746 1
37 49 1
37 104 1
37 108 1
37 159 1
37 236 1
37 263 1
37 533 1
37 866 1
38 58 1
38 68 1
38 91 1
38 106 1
38 157 1
38 294 1
38 314 1
38 588 1
38 870 1
38 965 1
39 64 1
39 88 1
39 294 1
39 359 1
39 384 1
39 495 1
39 764 1
39 772 1
40 95 1
40 139 1
40 158 1
40 163 1
40 166 1
40 173 1
40 180 1
40 185 1
40 190 1
40 200 1
40 203 1
40 210 1
40 262 1
40 276 1
40 344 1
40 346 1
40 351 1
40 401 1
40 481 1
40 493 1
40 499 1
40 686 1
40 714 1
40 719 1
40 731 1
40 738 1
40 750 1
40 784 1
40 971 1
40 984 1
40 1004 1
40 1076 1
41 57 1
41 78 1
41 93 1
41 100 1
41 124 1
41 128 1
41 136 1
41 144 1
41 160 1
41 225 1
41 287 1
41 375 1
41 415 1
41 441 1
41 527 1
41 615 1
41 617 1
41 723 1
41 860 1
41 909 1
41 935 1
41 937 1
41 987 1
41 1053 1
42 48 1
42 73 1
42 89 1
42 144 1
42 320 1
42 335 1
42 393 1
42 607 1
42 672 1
42 693 1
42 745 1
42 781 1
42 792 1
42 802 1
42 839 1
42 847 1
42 945 1
42 963 1
42 1016 1
43 61 1
43 68 1
43 102 1
43 145 1
43 189 1
43 254 1
43 282 1
43 402 1
43 476 1
43 601 1
43 781 1
43 793 1
43 967 1
43 978 1
43 1039 1
44 80 1
44 113 1
44 207 1
44 215 1
44 217 1
44 223 1
44 255 1
44 258 1
44 321 1
44 346 1
44 391 1
44 398 1
44 402 1
44 533 1
44 542 1
44 591 1
44 601 1
44 633 1
44 694 1
44 713 1
44 753 1
44 778 1
44 822 1
44 875 1
44 878 1
44 903 1
44 1053 1
45 58 1
45 67 1
45 71 1
45 167 1
45 237 1
45 624 1
45 849 1
46 50 1
46 191 1
46 227 1
46 337 1
46 372 1
46 373 1
47 70 1
47 76 1
47 192 1
47 273 1
47 296 1
47 353 1
47 625 1
47 901 1
47 970 1
48 50 1
48 53 1
48 86 1
48 127 1
48 148 1
48 181 1
48 263 1
48 347 1
48 394 1
48 425 1
48 510 1
48 514 1
48 530 1
48 576 1
48 641 1
48 647 1
48 856 1
48 916 1
48 995 1
48 1098 1
49 228 1
49 296 1
49 448 1
49 523 1
49 752 1
49 1052 1
50 51 1
50 62 1
50 82 1
50 113 1
50 158 1
50 170 1
50 251 1
50 291 1
50 411 1
50 444 1
50 541 1
50 620 1
50 841 1
51 113 1
51 116 1
51 209 1
51 293 1
51 525 1
52 145 1
52 220 1
52 244 1
52 299 1
52 335 1
52 632 1
52 654 1
53 77 1
53 106 1
53 126 1
53 165 1
53 249 1
53 250 1
53 797 1
54 115 1
54 129 1
54 279 1
54 322 1
54 349 1
54 382 1
54 434 1
54 773 1
54 779 1
54 821 1
54 877 1
54 948 1
54 972 1
55 190 1
55 203 1
55 210 1
55 284 1
55 327 1
55 332 1
55 333 1
55 372 1
55 404 1
55 441 1
55 455 1
55 462 1
55 478 1
55 588 1
55 840 1
55 955 1
55 996 1
55 1031 1
56 184 1
56 191 1
56 200 1
56 230 1
56 238 1
56 298 1
56 364 1
56 379 1
56 520 1
56 848 1
56 888 1
56 917 1
57 65 1
57 83 1
57 95 1
57 135 1
57 136 1
57 197 1
57 361 1
57 386 1
58 75 1
58 105 1
58 114 1
58 123 1
58 167 1
58 187 1
58 242 1
58 309 1
58 363 1
58 438 1
58 587 1
58 711 1
58 815 1
58 936 1
58 1063 1
58 1064 1
59 154 1
59 174 1
59 314 1
59 411 1
59 477 1
59 491 1
59 644 1
59 651 1
59 703 1
59 739 1
59 1080 1
60 74 1
60 77 1
60 79 1
60 112 1
60 122 1
60 261 1
60 271 1
60 273 1
60 352 1
60 426 1
60 478 1
60 1059 1
60 1087 1
61 62 1
61 101 1
61 131 1
61 219 1
61 240 1
61 282 1
61 447 1
61 474 1
61 529 1
61 724 1
61 813 1
61 876 1
61 1094 1
62 67 1
62 82 1
62 85 1
62 93 1
62 104 1
62 179 1
62 269 1
62 278 1
62 293 1
62 364 1
62 365 1
62 424 1
62 430 1
62 447 1
62 453 1
62 485 1
62 507 1
62 526 1
62 573 1
62 661 1
62 719 1
62 722 1
62 760 1
62 769 1
62 780 1
62 785 1
62 838 1
62 956 1
62 967 1
62 997 1
62 1015 1
63 84 1
63 85 1
63 125 1
63 750 1
63 792 1
64 89 1
64 111 1
64 123 1
64 155 1
64 313 1
64 424 1
64 502 1
64 524 1
64 594 1
64 988 1
65 76 1
65 110 1
65 220 1
65 238 1
65 240 1
65 406 1
65 525 1
65 550 1
65 612 1
65 922 1
65 995 1
66 74 1
66 158 1
66 172 1
66 175 1
66 188 1
66 226 1
66 269 1
66 310 1
66 321 1
66 416 1
66 434 1
66 476 1
66 518 1
66 600 1
66 616 1
66 954 1
66 973 1
66 1024 1
67 78 1
67 285 1
67 319 1
67 326 1
67 419 1
67 427 1
67 465 1
67 489 1
67 492 1
67 510 1
67 632 1
67 813 1
67 818 1
67 865 1
67 962 1
67 1072 1
67 1090 1
68 114 1
68 169 1
68 211 1
68 212 1
68 214 1
68 226 1
68 266 1
68 308 1
68 316 1
68 319 1
68 328 1
68 459 1
68 530 1
68 558 1
68 641 1
68 715 1
68 762 1
68 796 1
68 798 1
68 824 1
68 932 1
68 1042 1
68 1091 1
69 98 1
69 112 1
69 130 1
69 131 1
69 146 1
69 149 1
69 255 1
69 327 1
69 364 1
69 491 1
69 628 1
69 661 1
69 705 1
69 833 1
69 948 1
69 989 1
69 1044 1
70 104 1
70 137 1
70 222 1
70 291 1
70 359 1
70 458 1
70 730 1
70 738 1
70 913 1
71 95 1
71 97 1
71 117 1
71 133 1
71 155 1
71 162 1
71 178 1
71 204 1
71 211 1
71 221 1
71 248 1
71 270 1
71 302 1
71 306 1
71 325 1
71 326 1
71 329 1
71 378 1
71 386 1
71 439 1
71 453 1
71 465 1
71 468 1
71 470 1
71 474 1
71 502 1
71 615 1
71 651 1
71 659 1
71 682 1
71 687 1
71 702 1
71 747 1
71 757 1
71 771 1
71 803 1
71 942 1
71 1014 1
71 1021 1
72 121 1
72 161 1
72 286 1
72 300 1
72 415 1
72 517 1
72 596 1
72 644 1
72 665 1
72 933 1
72 960 1
72 1064 1
73 197 1
73 367 1
73 383 1
73 400 1
73 433 1
73 544 1
73 578 1
73 636 1
73 641 1
73 861 1
73 877 1
73 883 1
73 925 1
73 1067 1
74 88 1
74 92 1
74 119 1
74 129 1
74 158 1
74 179 1
74 248 1
74 328 1
74 360 1
74 562 1
74 568 1
74 673 1
74 726 1
74 800 1
74 821 1
74 1020 1
74 1060 1
74 1066 1
74 1079 1
75 115 1
75 124 1
75 125 1
75 137 1
75 197 1
75 260 1
75 295 1
75 423 1
75 452 1
75 599 1
75 614 1
75 667 1
75 758 1
75 802 1
76 112 1
76 116 1
76 123 1
76 127 1
76 133 1
76 136 1
76 233 1
76 253 1
76 316 1
76 323 1
76 352 1
76 389 1
76 461 1
76 494 1
76 518 1
76 535 1
76 546 1
76 582 1
76 669 1
76 778 1
76 794 1
76 869 1
76 892 1
77 91 1
77 205 1
77 266 1
77 661 1
77 675 1
77 875 1
77 952 1
77 956 1
77 986 1
78 93 1
78 107 1
78 117 1
78 140 1
78 235 1
78 438 1
78 497 1
78 700 1
78 704 1
78 748 1
78 823 1
78 942 1
78 1012 1
78 1053 1
79 195 1
79 376 1
79 845 1
79 940 1
79 944 1
81 97 1
81 145 1
81 296 1
81 474 1
81 529 1
81 619 1
81 650 1
81 705 1
81 773 1
81 788 1
81 912 1
81 955 1
81 964 1
82 86 1
82 97 1
82 286 1
82 288 1
82 394 1
82 586 1
82 643 1
82 710 1
82 801 1
82 880 1
83 123 1
83 136 1
83 300 1
83 339 1
83 439 1
83 577 1
83 833 1
83 855 1
83 1008 1
83 1075 1
84 88 1
84 195 1
84 202 1
84 576 1
85 86 1
85 182 1
85 190 1
85 199 1
85 298 1
85 325 1
85 425 1
85 426 1
85 431 1
85 477 1
85 669 1
85 718 1
85 726 1
86 88 1
86 753 1
87 101 1
87 117 1
87 213 1
87 276 1
87 417 1
87 452 1
87 563 1
87 617 1
87 876 1
87 976 1
87 988 1
88 96 1
88 353 1
88 688 1
88 864 1
89 105 1
89 161 1
89 242 1
89 264 1
89 318 1
89 568 1
89 592 1
89 677 1
89 1006 1
90 140 1
90 524 1
90 546 1
90 549 1
90 774 1
91 138 1
91 223 1
91 228 1
91 233 1
91 307 1
91 594 1
91 723 1
91 885 1
91 894 1
92 184 1
92 341 1
92 349 1
92 443 1
92 481 1
93 249 1
93 288 1
93 662 1
93 707 1
93 874 1
93 889 1
94 206 1
94 230 1
94 350 1
94 601 1
94 812 1
94 905 1
94 918 1
95 113 1
95 166 1
95 218 1
95 245 1
95 405 1
95 435 1
95 522 1
95 543 1
95 620 1
95 739 1
95 783 1
95 839 1
95 861 1
95 888 1
95 1043 1
96 209 1
96 227 1
96 275 1
96 347 1
96 378 1
96 440 1
96 478 1
96 494 1
96 644 1
96 741 1
96 795 1
96 914 1
97 100 1
97 128 1
97 157 1
97 168 1
97 169 1
97 187 1
97 189 1
97 239 1
97 276 1
97 314 1
97 322 1
97 431 1
97 460 1
97 536 1
97 626 1
97 675 1
97 757 1
97 775 1
97 840 1
97 907 1
97 1016 1
97 1024 1
98 184 1
98 290 1
98 338 1
98 451 1
98 487 1
98 680 1
98 835 1
98 1100 1
99 111 1
99 116 1
99 174 1
99 348 1
99 392 1
99 487 1
99 831 1
99 914 1
100 110 1
100 148 1
100 156 1
100 206 1
100 333 1
100 580 1
100 718 1
100 998 1
100 1095 1
101 130 1
101 146 1
101 159 1
101 229 1
101 410 1
101 452 1
101 534 1
101 626 1
101 668 1
101 729 1
101 848 1
101 918 1
102 409 1
102 428 1
102 1041 1
103 155 1
103 177 1
103 234 1
103 259 1
103 343 1
103 413 1
103 422 1
103 444 1
103 573 1
103 577 1
103 608 1
103 637 1
103 843 1
103 1004 1
104 120 1
104 126 1
104 205 1
104 297 1
104 395 1
104 406 1
104 515 1
104 551 1
104 623 1
104 674 1
104 792 1
104 945 1
105 134 1
105 147 1
105 162 1
105 232 1
105 265 1
105 274 1
105 341 1
105 376 1
105 439 1
105 471 1
105 532 1
105 614 1
105 623 1
105 777 1
105 863 1
105 1025 1
105 1034 1
106 109 1
106 142 1
106 152 1
106 159 1
106 164 1
106 207 1
106 234 1
106 253 1
106 301 1
106 324 1
106 332 1
106 345 1
106 411 1
106 536 1
106 539 1
106 707 1
106 847 1
107 386 1
107 716 1
107 836 1
108 185 1
108 807 1
109 280 1
109 301 1
109 357 1
109 358 1
110 127 1
110 144 1
110 265 1
110 367 1
110 756 1
111 201 1
111 208 1
111 210 1
111 370 1
111 379 1
111 382 1
111 419 1
111 487 1
111 538 1
111 634 1
111 672 1
111 728 1
111 865 1
111 937 1
111 995 1
111 1058 1
112 129 1
112 133 1
112 747 1
113 182 1
113 254 1
113 307 1
113 487 1
113 557 1
113 604 1
113 819 1
113 1023 1
114 115 1
114 443 1
114 566 1
114 957 1
115 119 1
115 131 1
115 212 1
115 224 1
115 285 1
115 342 1
115 372 1
115 391 1
115 446 1
115 1092 1
116 225 1
116 385 1
116 405 1
116 630 1
116 852 1
116 920 1
117 208 1
117 258 1
117 281 1
117 310 1
117 926 1
117 981 1
117 988 1
117 1046 1
118 209 1
118 236 1
118 268 1
118 510 1
118 574 1
118 660 1
118 734 1
118 863 1
118 912 1
118 940 1
119 124 1
119 135 1
119 139 1
119 198 1
119 236 1
119 435 1
119 572 1
119 599 1
119 717 1
119 747 1
119 827 1
120 141 1
120 148 1
120 239 1
120 563 1
120 622 1
121 134 1
121 163 1
121 186 1
121 208 1
121 423 1
121 778 1
121 924 1
121 1016 1
122 230 1
122 245 1
122 569 1
122 632 1
122 697 1
122 730 1
123 162 1
123 196 1
123 200 1
123 259 1
123 273 1
123 363 1
123 370 1
123 396 1
123 406 1
123 412 1
123 581 1
123 1031 1
124 249 1
124 255 1
124 287 1
124 473 1
124 949 1
124 1085 1
125 160 1
125 167 1
125 180 1
125 198 1
125 305 1
125 383 1
125 390 1
125 483 1
125 642 1
125 715 1
125 730 1
125 796 1
125 817 1
126 153 1
126 178 1
126 219 1
126 277 1
126 424 1
126 490 1
126 689 1
126 881 1
127 138 1
127 184 1
127 690 1
127 768 1
127 950 1
127 975 1
128 149 1
128 292 1
128 605 1
128 884 1
129 156 1
129 248 1
129 378 1
129 537 1
129 561 1
129 881 1
130 194 1
130 233 1
130 555 1
130 673 1
130 693 1
130 802 1
130 807 1
130 815 1
130 971 1
130 1001 1
131 143 1
131 176 1
131 239 1
131 302 1
131 653 1
131 744 1
132 173 1
132 272 1
132 274 1
132 297 1
132 320 1
132 323 1
132 433 1
132 486 1
132 616 1
132 662 1
132 663 1
132 670 1
132 704 1
132 797 1
132 848 1
132 862 1
132 945 1
132 1077 1
133 225 1
133 368 1
133 403 1
133 736 1
134 462 1
135 262 1
135 270 1
135 423 1
135 464 1
135 806 1
135 934 1
135 1065 1
136 330 1
136 428 1
136 817 1
136 1080 1
137 142 1
137 165 1
137 219 1
137 233 1
137 399 1
137 1079 1
138 213 1
138 319 1
138 408 1
138 444 1
138 979 1
138 1011 1
139 196 1
139 356 1
139 886 1
139 890 1
139 958 1
140 205 1
140 212 1
140 305 1
140 312 1
140 457 1
140 471 1
140 549 1
140 584 1
140 605 1
140 682 1
140 733 1
140 968 1
140 1049 1
141 246 1
141 258 1
141 299 1
141 391 1
141 567 1
141 627 1
141 647 1
141 890 1
141 957 1
141 975 1
142 170 1
142 272 1
142 526 1
142 587 1
142 799 1
142 890 1
142 1089 1
143 879 1
144 414 1
145 193 1
145 366 1
145 661 1
145 679 1
146 354 1
146 581 1
146 850 1
146 873 1
146 927 1
146 936 1
147 575 1
147 783 1
147 1037 1
148 170 1
148 498 1
148 640 1
149 152 1
149 271 1
149 325 1
149 381 1
149 459 1
149 464 1
149 555 1
149 593 1
149 696 1
149 710 1
149 782 1
149 804 1
149 947 1
149 1028 1
150 552 1
150 666 1
150 980 1
151 214 1
151 367 1
151 393 1
151 409 1
151 418 1
151 435 1
151 457 1
151 500 1
151 532 1
151 561 1
151 648 1
151 678 1
151 681 1
151 711 1
151 776 1
151 826 1
151 856 1
151 908 1
151 974 1
152 153 1
152 306 1
152 332 1
152 625 1
152 726 1
152 1073 1
153 245 1
153 275 1
153 320 1
153 336 1
153 356 1
153 471 1
153 509 1
153 553 1
153 606 1
153 614 1
153 633 1
153 646 1
153 743 1
153 787 1
153 843 1
153 883 1
153 946 1
154 362 1
154 454 1
154 580 1
154 584 1
154 888 1
154 993 1
155 318 1
155 492 1
155 596 1
155 710 1
155 799 1
155 1038 1
156 187 1
156 199 1
156 224 1
156 397 1
156 545 1
156 894 1
156 929 1
156 1050 1
156 1051 1
157 362 1
157 403 1
157 489 1
157 548 1
157 731 1
157 776 1
158 264 1
158 543 1
158 892 1
159 183 1
159 257 1
159 292 1
159 311 1
159 563 1
159 620 1
159 732 1
159 911 1
159 964 1
160 189 1
160 304 1
160 340 1
160 446 1
160 658 1
160 825 1
160 840 1
160 848 1
161 164 1
161 336 1
161 346 1
161 398 1
161 403 1
161 505 1
161 507 1
161 594 1
161 620 1
161 637 1
161 786 1
161 813 1
162 306 1
162 309 1
162 450 1
162 488 1
162 630 1
162 677 1
162 683 1
162 952 1
163 264 1
163 282 1
163 336 1
163 375 1
163 388 1
163 580 1
163 916 1
164 459 1
164 631 1
164 829 1
165 330 1
165 479 1
165 511 1
165 946 1
166 194 1
166 280 1
166 480 1
167 204 1
167 207 1
167 280 1
167 299 1
167 317 1
167 371 1
167 442 1
167 462 1
167 598 1
167 671 1
167 755 1
167 770 1
167 796 1
167 858 1
167 977 1
167 1044 1
168 268 1
168 373 1
168 431 1
168 611 1
169 408 1
169 508 1
169 586 1
169 742 1
169 761 1
169 1040 1
170 171 1
170 216 1
170 218 1
170 237 1
170 345 1
170 490 1
170 656 1
170 786 1
170 791 1
170 810 1
171 783 1
172 174 1
172 177 1
172 216 1
172 284 1
172 352 1
172 363 1
172 451 1
172 473 1
172 476 1
172 502 1
172 603 1
172 771 1
172 978 1
172 1036 1
173 221 1
173 368 1
173 582 1
173 659 1
173 756 1
173 935 1
174 304 1
174 559 1
174 628 1
174 738 1
174 742 1
175 179 1
175 203 1
175 312 1
175 353 1
175 414 1
175 516 1
175 651 1
175 657 1
175 706 1
175 734 1
175 751 1
175 826 1
175 838 1
176 181 1
176 217 1
176 395 1
176 613 1
176 621 1
176 807 1
176 958 1
176 1060 1
177 395 1
178 366 1
178 562 1
178 565 1
178 980 1
179 294 1
179 303 1
179 1035 1
180 212 1
180 231 1
180 554 1
180 691 1
180 748 1
180 806 1
180 1021 1
181 247 1
181 406 1
181 437 1
181 442 1
182 244 1
182 337 1
182 341 1
182 345 1
182 557 1
182 1007 1
183 248 1
183 256 1
183 606 1
183 628 1
183 934 1
184 191 1
184 289 1
184 523 1
184 1010 1
185 218 1
185 360 1
185 978 1
185 1023 1
186 204 1
186 220 1
186 256 1
186 429 1
186 513 1
186 522 1
186 694 1
186 916 1
187 398 1
187 425 1
187 472 1
187 524 1
187 563 1
187 833 1
187 953 1
187 1015 1
187 1029 1
188 712 1
188 727 1
188 809 1
188 845 1
189 361 1
189 396 1
189 928 1
190 231 1
190 311 1
190 553 1
190 702 1
190 843 1
191 880 1
191 959 1
191 1065 1
192 222 1
192 260 1
192 548 1
192 554 1
192 615 1
192 698 1
192 914 1
193 369 1
193 390 1
193 481 1
193 522 1
193 668 1
193 969 1
193 982 1
193 1068 1
193 1090 1
194 469 1
194 820 1
196 290 1
196 1078 1
197 936 1
197 1094 1
198 362 1
198 363 1
198 388 1
198 410 1
198 426 1
198 662 1
198 835 1
198 864 1
198 882 1
198 896 1
198 920 1
198 1037 1
199 201 1
199 281 1
199 339 1
199 480 1
199 932 1
199 1045 1
200 417 1
201 215 1
201 387 1
201 676 1
202 220 1
202 295 1
202 410 1
202 505 1
202 775 1
202 916 1
202 1003 1
202 1018 1
203 327 1
203 374 1
203 409 1
203 561 1
203 575 1
204 506 1
204 527 1
204 645 1
204 692 1
204 872 1
204 1094 1
205 278 1
205 453 1
205 501 1
205 808 1
205 1077 1
206 257 1
206 308 1
206 320 1
206 393 1
206 500 1
206 551 1
206 895 1
206 1000 1
206 1017 1
206 1039 1
206 1067 1
206 1070 1
207 420 1
207 965 1
208 213 1
208 216 1
208 250 1
208 685 1
209 232 1
209 245 1
209 330 1
209 340 1
209 358 1
209 359 1
209 369 1
209 478 1
209 492 1
209 534 1
209 550 1
209 602 1
209 695 1
209 780 1
209 800 1
209 901 1
209 976 1
209 977 1
210 218 1
210 241 1
210 279 1
210 295 1
210 302 1
210 498 1
210 572 1
210 920 1
210 1059 1
211 475 1
211 994 1
211 1024 1
212 315 1
212 358 1
212 538 1
212 556 1
212 656 1
212 685 1
212 810 1
212 822 1
212 944 1
213 458 1
213 584 1
213 757 1
213 806 1
213 951 1
213 1044 1
213 1086 1
214 416 1
214 509 1
214 602 1
216 266 1
216 302 1
216 511 1
216 591 1
216 939 1
216 1050 1
217 238 1
217 281 1
217 384 1
217 467 1
217 592 1
217 643 1
217 745 1
217 1088 1
218 263 1
218 310 1
218 315 1
218 333 1
218 560 1
218 942 1
218 968 1
218 1033 1
219 312 1
219 647 1
219 1067 1
220 423 1
220 513 1
220 844 1
220 940 1
220 953 1
221 270 1
221 424 1
221 526 1
221 602 1
221 885 1
221 993 1
222 318 1
222 339 1
222 373 1
222 440 1
222 667 1
222 784 1
222 1021 1
223 380 1
223 458 1
223 730 1
223 849 1
224 238 1
224 247 1
224 342 1
224 389 1
224 546 1
224 575 1
224 615 1
224 708 1
224 925 1
224 1046 1
224 1078 1
225 246 1
225 276 1
225 334 1
225 387 1
225 486 1
225 725 1
225 860 1
226 369 1
226 388 1
226 625 1
226 833 1
226 1083 1
227 301 1
227 305 1
227 653 1
227 696 1
227 853 1
227 947 1
227 954 1
227 1030 1
228 300 1
228 564 1
228 1068 1
230 234 1
230 895 1
230 1018 1
231 494 1
232 292 1
232 1058 1
233 608 1
233 1002 1
234 392 1
234 418 1
234 419 1
234 421 1
234 522 1
234 659 1
234 690 1
234 993 1
234 1091 1
235 252 1
235 274 1
235 454 1
235 515 1
235 618 1
235 727 1
235 803 1
235 899 1
235 1089 1
236 281 1
236 322 1
236 700 1
237 246 1
237 303 1
237 371 1
237 432 1
237 500 1
237 792 1
239 257 1
239 1089 1
240 294 1
240 370 1
240 932 1
241 475 1
241 517 1
241 623 1
241 885 1
241 903 1
241 983 1
242 511 1
243 350 1
243 355 1
243 860 1
243 874 1
244 288 1
244 329 1
244 335 1
244 528 1
244 565 1
244 709 1
244 765 1
244 770 1
244 900 1
245 381 1
245 485 1
246 334 1
246 412 1
246 515 1
246 543 1
246 623 1
246 652 1
246 671 1
246 1062 1
247 271 1
247 282 1
247 356 1
247 415 1
247 429 1
247 523 1
247 711 1
247 736 1
247 757 1
247 894 1
247 939 1
248 1083 1
249 920 1
249 986 1
250 331 1
250 722 1
250 763 1
250 921 1
251 512 1
251 760 1
251 772 1
252 385 1
252 473 1
252 525 1
252 531 1
252 547 1
252 562 1
252 567 1
252 599 1
252 609 1
252 613 1
252 684 1
252 742 1
252 1029 1
253 254 1
253 521 1
253 1023 1
254 362 1
254 379 1
254 464 1
254 553 1
254 995 1
255 259 1
255 1096 1
256 534 1
256 853 1
256 1037 1
257 466 1
257 475 1
257 482 1
257 498 1
257 552 1
257 636 1
257 687 1
257 982 1
257 998 1
258 329 1
258 360 1
258 450 1
258 683 1
259 386 1
259 684 1
259 724 1
259 800 1
261 633 1
261 689 1
262 438 1
262 573 1
262 813 1
262 999 1
263 317 1
263 441 1
264 286 1
264 470 1
264 837 1
264 928 1
264 1007 1
265 334 1
265 493 1
265 741 1
265 898 1
265 906 1
265 1096 1
266 621 1
267 749 1
268 462 1
268 469 1
268 484 1
268 539 1
268 541 1
268 650 1
268 787 1
268 857 1
268 868 1
268 992 1
268 1042 1
269 271 1
269 324 1
269 488 1
269 875 1
270 436 1
270 545 1
270 559 1
270 633 1
271 354 1
271 360 1
271 438 1
271 482 1
271 578 1
271 635 1
271 880 1
272 278 1
272 377 1
272 551 1
272 859 1
273 589 1
274 292 1
274 485 1
274 499 1
274 663 1
275 290 1
275 640 1
275 705 1
275 936 1
276 395 1
276 600 1
276 621 1
276 637 1
276 893 1
277 433 1
277 514 1
277 567 1
277 671 1
277 932 1
277 1000 1
278 368 1
278 377 1
278 482 1
278 679 1
278 746 1
279 307 1
279 701 1
280 331 1
280 984 1
280 1061 1
282 328 1
282 535 1
282 744 1
282 1085 1
283 417 1
283 772 1
283 1039 1
285 288 1
285 491 1
285 1087 1
286 695 1
288 376 1
288 507 1
288 556 1
288 812 1
289 436 1
289 589 1
289 776 1
289 789 1
289 1005 1
289 1026 1
289 1057 1
290 319 1
290 355 1
290 599 1
290 718 1
291 409 1
291 506 1
291 775 1
291 842 1
293 366 1
293 429 1
293 603 1
293 763 1
293 867 1
294 325 1
294 459 1
294 706 1
294 762 1
294 790 1
294 814 1
294 818 1
294 1057 1
295 390 1
295 587 1
295 646 1
295 708 1
295 778 1
295 909 1
296 298 1
296 686 1
297 389 1
297 441 1
297 555 1
297 641 1
297 650 1
297 721 1
297 839 1
297 867 1
298 308 1
298 391 1
298 437 1
298 483 1
298 526 1
299 381 1
299 853 1
300 676 1
300 687 1
300 819 1
300 989 1
301 509 1
301 596 1
301 683 1
301 789 1
301 903 1
301 1059 1
301 1076 1
301 1097 1
302 304 1
302 309 1
302 323 1
302 745 1
302 759 1
303 369 1
303 448 1
303 456 1
303 1018 1
304 306 1
304 608 1
304 834 1
304 852 1
304 1087 1
305 384 1
305 445 1
306 374 1
306 418 1
306 565 1
306 715 1
306 973 1
307 899 1
308 606 1
308 703 1
308 734 1
309 351 1
309 485 1
309 531 1
309 560 1
309 650 1
309 725 1
309 766 1
309 931 1
309 1032 1
310 692 1
310 772 1
311 329 1
311 342 1
311 361 1
311 382 1
311 670 1
312 605 1
312 616 1
312 961 1
312 996 1
314 699 1
315 404 1
315 647 1
315 845 1
315 878 1
316 583 1
316 805 1
316 923 1
317 544 1
318 712 1
318 1088 1
319 681 1
319 926 1
319 992 1
319 994 1
320 344 1
320 365 1
320 540 1
320 585 1
320 611 1
320 706 1
320 1019 1
320 1048 1
320 1058 1
320 1082 1
320 1090 1
321 610 1
321 753 1
321 1029 1
322 546 1
322 992 1
323 531 1
323 754 1
323 755 1
324 436 1
324 609 1
324 1014 1
325 816 1
326 432 1
326 436 1
327 569 1
328 401 1
328 592 1
329 359 1
331 353 1
331 536 1
331 548 1
332 364 1
332 377 1
332 635 1
334 430 1
334 501 1
334 515 1
334 524 1
334 652 1
334 755 1
334 1027 1
335 699 1
336 433 1
336 692 1
336 866 1
336 1096 1
337 700 1
337 896 1
338 342 1
338 373 1
338 378 1
338 427 1
338 428 1
338 514 1
338 557 1
338 775 1
338 941 1
338 1006 1
339 402 1
339 486 1
339 528 1
339 746 1
339 832 1
339 882 1
339 925 1
340 540 1
340 574 1
340 850 1
340 926 1
340 947 1
341 397 1
341 460 1
341 682 1
341 758 1
343 449 1
344 348 1
344 496 1
344 519 1
344 621 1
344 938 1
344 966 1
345 1045 1
346 904 1
346 1043 1
347 600 1
347 655 1
348 766 1
349 611 1
349 660 1
349 714 1
349 781 1
349 794 1
349 814 1
349 997 1
350 585 1
350 747 1
350 789 1
350 791 1
351 760 1
351 802 1
351 820 1
352 744 1
353 495 1
353 549 1
353 674 1
353 758 1
353 819 1
353 837 1
353 1040 1
354 495 1
354 548 1
354 629 1
354 722 1
354 907 1
354 954 1
354 1003 1
355 376 1
355 470 1
355 499 1
355 727 1
356 566 1
357 1036 1
358 564 1
358 676 1
358 720 1
358 879 1
358 892 1
358 907 1
358 956 1
358 1100 1
359 397 1
359 951 1
359 963 1
359 972 1
361 726 1
361 1034 1
362 517 1
363 612 1
363 649 1
363 851 1
364 658 1
364 740 1
364 750 1
364 1022 1
365 396 1
365 972 1
366 371 1
366 523 1
366 657 1
366 838 1
366 842 1
366 1040 1
366 1044 1
367 415 1
367 422 1
367 437 1
367 547 1
367 598 1
367 1071 1
367 1072 1
367 1090 1
368 896 1
368 960 1
369 465 1
369 472 1
369 504 1
369 545 1
369 657 1
369 740 1
369 771 1
369 850 1
369 985 1
369 1035 1
369 1099 1
370 887 1
370 1071 1
371 662 1
372 387 1
372 645 1
372 798 1
373 503 1
373 518 1
373 622 1
373 649 1
373 966 1
373 972 1
374 494 1
374 634 1
374 814 1
375 702 1
376 576 1
376 1094 1
377 562 1
377 894 1
377 915 1
377 1001 1
379 403 1
379 929 1
380 404 1
380 830 1
380 846 1
382 624 1
382 828 1
382 867 1
382 959 1
383 385 1
384 440 1
384 497 1
384 597 1
384 959 1
385 461 1
385 595 1
385 740 1
385 958 1
386 503 1
386 521 1
386 774 1
386 1052 1
387 629 1
387 992 1
387 1033 1
388 729 1
389 505 1
389 966 1
390 427 1
390 429 1
390 461 1
390 539 1
390 557 1
390 846 1
390 1021 1
390 1065 1
391 457 1
391 608 1
391 805 1
391 1028 1
393 476 1
393 516 1
393 627 1
393 649 1
393 809 1
393 831 1
393 889 1
393 1096 1
394 495 1
394 530 1
394 893 1
395 420 1
395 552 1
396 610 1
396 852 1
396 912 1
396 1026 1
397 426 1
397 812 1
397 906 1
397 1020 1
398 635 1
398 668 1
398 1017 1
399 570 1
400 439 1
401 877 1
402 501 1
402 504 1
402 672 1
402 822 1
402 1079 1
403 1009 1
404 443 1
404 586 1
404 664 1
404 771 1
404 1056 1
404 1070 1
408 420 1
408 452 1
409 645 1
409 720 1
410 464 1
410 483 1
410 628 1
410 678 1
410 680 1
410 741 1
410 754 1
410 923 1
410 956 1
411 463 1
412 679 1
413 612 1
414 996 1
414 1019 1
415 552 1
416 467 1
416 500 1
416 519 1
416 597 1
416 906 1
416 1053 1
417 966 1
418 558 1
418 737 1
418 808 1
419 506 1
420 504 1
420 592 1
420 909 1
421 477 1
421 809 1
421 919 1
422 639 1
423 480 1
423 540 1
423 575 1
423 745 1
424 587 1
424 588 1
424 803 1
424 862 1
427 902 1
427 908 1
429 455 1
429 512 1
429 566 1
429 1072 1
430 1030 1
431 442 1
431 480 1
431 505 1
431 609 1
431 630 1
431 902 1
433 788 1
433 801 1
433 937 1
433 961 1
434 496 1
434 516 1
434 704 1
434 774 1
434 951 1
434 1005 1
436 447 1
436 509 1
436 535 1
436 570 1
436 586 1
436 627 1
436 715 1
436 717 1
436 871 1
436 933 1
437 598 1
437 695 1
437 897 1
437 1029 1
438 449 1
438 539 1
439 450 1
439 465 1
439 991 1
440 785 1
440 820 1
440 943 1
443 645 1
444 537 1
444 614 1
444 667 1
444 790 1
444 832 1
444 974 1
445 825 1
446 544 1
446 785 1
447 728 1
448 497 1
449 455 1
450 553 1
451 756 1
451 1009 1
452 1068 1
453 981 1
453 985 1
453 1013 1
453 1070 1
454 516 1
454 555 1
454 577 1
454 858 1
455 484 1
455 576 1
455 1100 1
456 484 1
456 769 1
458 593 1
459 502 1
459 793 1
459 934 1
459 1083 1
460 591 1
460 704 1
460 842 1
461 687 1
461 943 1
462 850 1
463 574 1
463 904 1
464 915 1
466 593 1
466 827 1
466 950 1
468 573 1
468 834 1
469 531 1
469 710 1
469 766 1
469 840 1
469 859 1
469 980 1
471 488 1
471 571 1
471 581 1
471 630 1
471 748 1
471 917 1
471 1001 1
472 824 1
472 856 1
472 1042 1
473 808 1
473 1036 1
474 604 1
474 781 1
475 588 1
476 484 1
476 551 1
476 629 1
476 701 1
476 794 1
476 816 1
476 826 1
476 846 1
476 1033 1
477 624 1
477 648 1
477 689 1
477 1003 1
477 1058 1
477 1073 1
478 828 1
478 1022 1
478 1084 1
480 817 1
482 579 1
487 638 1
487 823 1
487 922 1
488 665 1
488 768 1
489 797 1
489 949 1
490 743 1
491 642 1
492 503 1
492 544 1
492 795 1
493 736 1
495 654 1
495 733 1
496 512 1
496 716 1
496 767 1
497 542 1
497 579 1
497 1055 1
498 668 1
500 754 1
503 585 1
504 900 1
505 759 1
505 1059 1
506 910 1
507 566 1
507 625 1
507 660 1
507 1052 1
508 577 1
508 759 1
508 761 1
510 527 1
510 617 1
510 930 1
510 1010 1
511 816 1
512 520 1
512 589 1
512 1085 1
513 664 1
513 688 1
513 839 1
515 535 1
515 637 1
515 655 1
517 529 1
517 613 1
518 534 1
518 765 1
519 634 1
519 851 1
523 854 1
523 910 1
523 994 1
524 654 1
524 811 1
524 829 1
524 889 1
528 556 1
529 677 1
529 698 1
529 847 1
530 571 1
530 607 1
530 712 1
530 836 1
532 884 1
532 990 1
536 841 1
536 862 1
536 1022 1
536 1037 1
536 1061 1
537 925 1
538 812 1
538 1049 1
539 991 1
539 1041 1
539 1074 1
540 672 1
540 709 1
540 738 1
540 842 1
540 869 1
541 955 1
542 1097 1
543 767 1
543 830 1
543 1064 1
544 678 1
544 873 1
544 1078 1
545 979 1
545 1061 1
546 618 1
547 550 1
547 900 1
549 1035 1
550 836 1
550 898 1
550 911 1
554 642 1
554 901 1
555 653 1
555 1077 1
556 808 1
557 838 1
558 899 1
558 1004 1
559 561 1
559 763 1
560 571 1
560 626 1
560 702 1
560 751 1
560 785 1
562 610 1
562 1009 1
563 866 1
563 892 1
564 596 1
565 590 1
565 863 1
568 629 1
568 843 1
568 969 1
570 1076 1
571 723 1
571 779 1
572 655 1
573 619 1
573 624 1
573 709 1
573 754 1
573 983 1
575 924 1
575 987 1
577 897 1
577 1013 1
578 737 1
579 1031 1
580 604 1
580 685 1
580 891 1
581 919 1
583 821 1
583 887 1
585 622 1
586 746 1
586 827 1
587 686 1
588 688 1
589 728 1
589 825 1
589 893 1
589 1010 1
589 1084 1
591 821 1
591 886 1
591 989 1
591 1078 1
592 638 1
592 664 1
592 1047 1
593 729 1
594 733 1
594 948 1
594 958 1
594 1017 1
594 1063 1
594 1084 1
595 769 1
595 782 1
595 814 1
595 1007 1
596 795 1
596 922 1
596 939 1
596 982 1
596 1002 1
596 1070 1
597 970 1
600 719 1
602 1012 1
602 1054 1
603 695 1
604 606 1
604 835 1
604 903 1
604 1051 1
610 752 1
613 1067 1
614 780 1
614 1088 1
615 654 1
616 652 1
616 737 1
616 770 1
616 1020 1
616 1057 1
619 807 1
619 979 1
619 987 1
620 680 1
620 739 1
620 805 1
620 1082 1
621 773 1
621 907 1
622 707 1
623 809 1
624 677 1
624 857 1
625 824 1
627 707 1
628 858 1
628 890 1
629 665 1
630 820 1
631 636 1
631 690 1
631 1028 1
633 895 1
634 983 1
635 646 1
635 1071 1
636 696 1
636 917 1
638 732 1
641 1038 1
641 1081 1
642 870 1
642 1092 1
643 699 1
644 669 1
646 905 1
646 1035 1
647 712 1
647 1093 1
648 735 1
650 692 1
650 799 1
650 810 1
651 927 1
654 801 1
655 664 1
655 721 1
655 764 1
655 865 1
655 1079 1
657 997 1
659 675 1
659 804 1
659 961 1
660 693 1
660 694 1
660 855 1
660 919 1
660 974 1
663 881 1
663 990 1
663 1077 1
664 952 1
666 884 1
667 697 1
668 794 1
668 959 1
670 945 1
670 975 1
671 898 1
672 964 1
674 874 1
676 940 1
677 750 1
677 831 1
677 875 1
678 763 1
679 697 1
679 852 1
679 865 1
680 793 1
680 969 1
680 1083 1
682 962 1
685 766 1
686 690 1
686 877 1
686 949 1
686 960 1
686 999 1
687 744 1
690 886 1
690 910 1
691 904 1
691 986 1
691 1007 1
692 1066 1
693 857 1
694 827 1
695 1034 1
696 783 1
697 727 1
697 887 1
697 931 1
698 873 1
699 856 1
699 941 1
702 725 1
702 1012 1
705 942 1
706 976 1
708 883 1
709 718 1
710 735 1
714 717 1
714 760 1
714 909 1
719 779 1
719 891 1
719 953 1
720 1022 1
720 1036 1
724 1043 1
724 1075 1
727 773 1
728 835 1
731 801 1
731 951 1
731 1069 1
737 964 1
738 1020 1
740 924 1
742 1081 1
743 786 1
745 824 1
748 1009 1
749 1098 1
750 810 1
752 756 1
752 768 1
752 777 1
752 791 1
754 860 1
756 762 1
757 805 1
757 869 1
757 904 1
758 1080 1
763 1048 1
763 1081 1
764 863 1
764 1033 1
765 790 1
767 796 1
767 864 1
767 1041 1
768 789 1
769 878 1
771 861 1
773 1075 1
775 867 1
775 971 1
775 1002 1
779 961 1
785 788 1
785 931 1
786 828 1
790 938 1
793 841 1
793 1086 1
795 868 1
795 1100 1
797 832 1
798 915 1
800 847 1
803 971 1
806 870 1
811 891 1
811 993 1
812 893 1
814 991 1
814 1011 1
817 941 1
820 882 1
821 927 1
822 823 1
822 980 1
823 1046 1
824 911 1
824 938 1
824 943 1
824 1085 1
825 830 1
835 891 1
835 912 1
835 926 1
836 841 1
836 1064 1
838 975 1
841 900 1
843 844 1
843 874 1
843 888 1
843 919 1
843 1050 1
846 968 1
848 1092 1
850 1031 1
853 981 1
853 1017 1
854 870 1
856 878 1
858 939 1
859 923 1
860 869 1
860 871 1
860 950 1
860 1014 1
863 1093 1
865 872 1
871 929 1
871 1005 1
871 1097 1
872 1049 1
876 1000 1
876 1091 1
879 930 1
879 1012 1
880 1027 1
881 977 1
896 917 1
896 1046 1
899 1018 1
900 976 1
906 1008 1
907 989 1
907 1063 1
909 970 1
910 994 1
911 1076 1
917 1008 1
919 947 1
920 1045 1
921 1062 1
923 1099 1
927 1011 1
936 998 1
936 1013 1
937 946 1
937 1047 1
939 1091 1
946 962 1
949 1074 1
955 1039 1
958 1056 1
962 985 1
962 1051 1
964 1011 1
966 1050 1
973 974 1
973 978 1
973 1098 1
983 1019 1
983 1071 1
983 1095 1
991 1038 1
995 1055 1
1005 1098 1
1013 1068 1
1013 1080 1
1016 1054 1
1020 1069 1
1028 1038 1
1036 1084 1
1086 1097 1
