900 3584 
1 2 1
1 3 1
1 4 1
1 5 1
1 6 1
1 7 1
1 8 1
1 9 1
1 11 1
1 12 1
1 13 1
1 14 1
1 15 1
1 18 1
1 19 1
1 23 1
1 26 1
1 28 1
1 32 1
1 35 1
1 39 1
1 41 1
1 42 1
1 43 1
1 46 1
1 48 1
1 49 1
1 54 1
1 61 1
1 62 1
1 67 1
1 85 1
1 89 1
1 99 1
1 106 1
1 110 1
1 126 1
1 133 1
1 138 1
1 147 1
1 153 1
1 155 1
1 169 1
1 174 1
1 182 1
1 184 1
1 186 1
1 187 1
1 215 1
1 217 1
1 219 1
1 220 1
1 233 1
1 237 1
1 251 1
1 254 1
1 262 1
1 264 1
1 266 1
1 293 1
1 310 1
1 311 1
1 313 1
1 329 1
1 330 1
1 347 1
1 349 1
1 365 1
1 373 1
1 399 1
1 415 1
1 429 1
1 433 1
1 449 1
1 485 1
1 496 1
1 519 1
1 550 1
1 554 1
1 584 1
1 602 1
1 604 1
1 606 1
1 628 1
1 645 1
1 689 1
1 704 1
1 712 1
1 734 1
1 767 1
1 768 1
1 791 1
1 797 1
1 809 1
1 818 1
1 832 1
1 836 1
1 860 1
1 872 1
1 881 1
1 892 1
2 7 1
2 8 1
2 10 1
2 15 1
2 26 1
2 27 1
2 29 1
2 33 1
2 40 1
2 41 1
2 60 1
2 66 1
2 77 1
2 78 1
2 84 1
2 90 1
2 93 1
2 119 1
2 132 1
2 153 1
2 155 1
2 206 1
2 219 1
2 221 1
2 239 1
2 307 1
2 313 1
2 317 1
2 327 1
2 347 1
2 350 1
2 378 1
2 422 1
2 449 1
2 469 1
2 479 1
2 486 1
2 493 1
2 522 1
2 530 1
2 553 1
2 585 1
2 619 1
2 637 1
2 703 1
2 771 1
2 808 1
2 859 1
2 866 1
2 868 1
2 883 1
2 895 1
3 6 1
3 9 1
3 20 1
3 23 1
3 30 1
3 42 1
3 45 1
3 46 1
3 75 1
3 96 1
3 108 1
3 129 1
3 133 1
3 157 1
3 164 1
3 191 1
3 212 1
3 214 1
3 238 1
3 283 1
3 288 1
3 306 1
3 420 1
3 494 1
3 609 1
3 643 1
3 648 1
3 697 1
3 733 1
3 746 1
3 842 1
4 6 1
4 7 1
4 9 1
4 10 1
4 16 1
4 20 1
4 22 1
4 26 1
4 29 1
4 33 1
4 48 1
4 55 1
4 86 1
4 106 1
4 110 1
4 118 1
4 129 1
4 135 1
4 138 1
4 151 1
4 152 1
4 156 1
4 175 1
4 186 1
4 187 1
4 198 1
4 205 1
4 211 1
4 214 1
4 226 1
4 227 1
4 228 1
4 245 1
4 253 1
4 257 1
4 298 1
4 315 1
4 365 1
4 394 1
4 400 1
4 443 1
4 456 1
4 468 1
4 487 1
4 488 1
4 507 1
4 524 1
4 546 1
4 555 1
4 568 1
4 577 1
4 591 1
4 595 1
4 596 1
4 689 1
4 792 1
4 800 1
4 811 1
4 873 1
5 6 1
5 49 1
5 150 1
5 159 1
5 415 1
5 512 1
5 561 1
5 636 1
5 700 1
6 7 1
6 8 1
6 10 1
6 11 1
6 12 1
6 15 1
6 16 1
6 17 1
6 19 1
6 21 1
6 25 1
6 37 1
6 42 1
6 44 1
6 51 1
6 52 1
6 53 1
6 55 1
6 57 1
6 66 1
6 68 1
6 74 1
6 101 1
6 103 1
6 108 1
6 114 1
6 123 1
6 127 1
6 134 1
6 168 1
6 185 1
6 188 1
6 205 1
6 215 1
6 246 1
6 256 1
6 261 1
6 277 1
6 294 1
6 299 1
6 312 1
6 316 1
6 319 1
6 334 1
6 338 1
6 381 1
6 421 1
6 425 1
6 436 1
6 442 1
6 467 1
6 474 1
6 475 1
6 494 1
6 500 1
6 504 1
6 508 1
6 544 1
6 563 1
6 581 1
6 591 1
6 597 1
6 639 1
6 699 1
6 732 1
6 740 1
6 750 1
6 763 1
6 770 1
6 776 1
6 777 1
6 785 1
6 802 1
6 850 1
6 867 1
7 8 1
7 9 1
7 13 1
7 14 1
7 16 1
7 19 1
7 21 1
7 27 1
7 36 1
7 40 1
7 47 1
7 48 1
7 57 1
7 64 1
7 70 1
7 74 1
7 89 1
7 95 1
7 102 1
7 105 1
7 112 1
7 128 1
7 130 1
7 149 1
7 150 1
7 153 1
7 176 1
7 181 1
7 189 1
7 192 1
7 260 1
7 277 1
7 308 1
7 316 1
7 394 1
7 429 1
7 465 1
7 518 1
7 522 1
7 534 1
7 561 1
7 570 1
7 588 1
7 609 1
7 618 1
7 638 1
7 647 1
7 649 1
7 663 1
7 702 1
7 704 1
7 707 1
7 711 1
7 759 1
7 760 1
7 761 1
7 773 1
7 807 1
7 864 1
7 876 1
7 885 1
8 10 1
8 11 1
8 18 1
8 30 1
8 37 1
8 57 1
8 83 1
8 109 1
8 149 1
8 212 1
8 300 1
8 380 1
8 394 1
8 403 1
8 415 1
8 479 1
8 517 1
8 569 1
8 595 1
8 631 1
8 751 1
8 778 1
8 801 1
8 882 1
8 899 1
9 11 1
9 12 1
9 13 1
9 14 1
9 16 1
9 17 1
9 31 1
9 33 1
9 34 1
9 39 1
9 40 1
9 42 1
9 50 1
9 74 1
9 78 1
9 80 1
9 82 1
9 83 1
9 85 1
9 105 1
9 113 1
9 124 1
9 128 1
9 132 1
9 135 1
9 141 1
9 149 1
9 178 1
9 223 1
9 250 1
9 278 1
9 292 1
9 301 1
9 321 1
9 322 1
9 323 1
9 354 1
9 359 1
9 387 1
9 403 1
9 412 1
9 452 1
9 527 1
9 530 1
9 542 1
9 579 1
9 596 1
9 608 1
9 610 1
9 625 1
9 649 1
9 651 1
9 659 1
9 670 1
9 687 1
9 699 1
9 730 1
9 737 1
9 766 1
9 793 1
9 800 1
9 812 1
9 819 1
9 854 1
10 18 1
10 22 1
10 31 1
10 32 1
10 72 1
10 90 1
10 108 1
10 109 1
10 145 1
10 152 1
10 156 1
10 184 1
10 275 1
10 370 1
10 525 1
10 556 1
10 776 1
10 797 1
10 829 1
11 12 1
11 13 1
11 14 1
11 15 1
11 17 1
11 21 1
11 22 1
11 24 1
11 25 1
11 29 1
11 32 1
11 36 1
11 39 1
11 49 1
11 92 1
11 107 1
11 128 1
11 143 1
11 157 1
11 168 1
11 219 1
11 221 1
11 229 1
11 232 1
11 258 1
11 259 1
11 270 1
11 280 1
11 322 1
11 344 1
11 350 1
11 355 1
11 384 1
11 400 1
11 432 1
11 451 1
11 468 1
11 478 1
11 483 1
11 524 1
11 594 1
11 694 1
11 754 1
11 782 1
11 783 1
11 855 1
11 896 1
12 24 1
12 28 1
12 44 1
12 68 1
12 88 1
12 166 1
12 196 1
12 208 1
12 224 1
12 232 1
12 242 1
12 270 1
12 301 1
12 349 1
12 354 1
12 357 1
12 405 1
12 418 1
12 470 1
12 511 1
12 634 1
12 638 1
12 676 1
12 677 1
12 728 1
13 51 1
13 65 1
13 87 1
13 104 1
13 113 1
13 164 1
13 190 1
13 416 1
13 425 1
13 503 1
13 529 1
13 681 1
13 783 1
13 787 1
14 17 1
14 21 1
14 54 1
14 56 1
14 65 1
14 69 1
14 100 1
14 120 1
14 140 1
14 204 1
14 210 1
14 217 1
14 219 1
14 253 1
14 260 1
14 298 1
14 332 1
14 471 1
14 506 1
14 603 1
14 635 1
14 658 1
14 771 1
14 821 1
14 833 1
15 20 1
15 49 1
15 50 1
15 51 1
15 53 1
15 63 1
15 75 1
15 97 1
15 109 1
15 170 1
15 199 1
15 239 1
15 295 1
15 343 1
15 361 1
15 367 1
15 374 1
15 398 1
15 443 1
15 460 1
15 481 1
15 482 1
15 510 1
15 592 1
15 597 1
15 652 1
15 715 1
15 719 1
15 771 1
15 803 1
16 18 1
16 37 1
16 59 1
16 63 1
16 80 1
16 90 1
16 119 1
16 142 1
16 281 1
16 310 1
16 341 1
16 345 1
16 389 1
16 408 1
16 436 1
16 752 1
17 22 1
17 31 1
17 34 1
17 55 1
17 58 1
17 59 1
17 64 1
17 73 1
17 82 1
17 94 1
17 100 1
17 126 1
17 131 1
17 134 1
17 136 1
17 159 1
17 173 1
17 184 1
17 237 1
17 246 1
17 249 1
17 270 1
17 280 1
17 282 1
17 332 1
17 392 1
17 393 1
17 399 1
17 414 1
17 465 1
17 523 1
17 527 1
17 546 1
17 575 1
17 636 1
17 718 1
17 724 1
17 736 1
17 761 1
17 852 1
18 19 1
18 20 1
18 23 1
18 25 1
18 26 1
18 30 1
18 41 1
18 47 1
18 48 1
18 58 1
18 71 1
18 76 1
18 97 1
18 154 1
18 157 1
18 163 1
18 165 1
18 194 1
18 213 1
18 220 1
18 231 1
18 241 1
18 247 1
18 261 1
18 272 1
18 282 1
18 289 1
18 332 1
18 372 1
18 426 1
18 440 1
18 455 1
18 464 1
18 471 1
18 534 1
18 586 1
18 589 1
18 619 1
18 623 1
18 637 1
18 733 1
18 748 1
18 781 1
18 833 1
18 834 1
18 855 1
19 27 1
19 35 1
19 37 1
19 75 1
19 78 1
19 109 1
19 126 1
19 178 1
19 202 1
19 274 1
19 309 1
19 330 1
19 337 1
19 358 1
19 417 1
19 427 1
19 435 1
19 506 1
19 662 1
19 731 1
19 734 1
19 815 1
19 822 1
19 826 1
19 860 1
19 878 1
19 879 1
20 23 1
20 24 1
20 28 1
20 29 1
20 31 1
20 36 1
20 39 1
20 43 1
20 45 1
20 52 1
20 53 1
20 61 1
20 70 1
20 77 1
20 81 1
20 107 1
20 111 1
20 131 1
20 137 1
20 177 1
20 185 1
20 186 1
20 188 1
20 202 1
20 206 1
20 230 1
20 238 1
20 283 1
20 300 1
20 317 1
20 331 1
20 335 1
20 339 1
20 340 1
20 342 1
20 345 1
20 363 1
20 367 1
20 409 1
20 436 1
20 454 1
20 459 1
20 472 1
20 479 1
20 495 1
20 498 1
20 512 1
20 515 1
20 516 1
20 527 1
20 540 1
20 580 1
20 588 1
20 614 1
20 615 1
20 650 1
20 674 1
20 675 1
20 720 1
20 769 1
20 793 1
20 819 1
20 820 1
20 823 1
20 885 1
21 38 1
21 43 1
21 45 1
21 86 1
21 98 1
21 108 1
21 138 1
21 143 1
21 172 1
21 220 1
21 414 1
21 496 1
21 633 1
21 672 1
21 701 1
21 832 1
21 864 1
22 24 1
22 25 1
22 28 1
22 38 1
22 44 1
22 241 1
22 277 1
22 295 1
22 385 1
22 393 1
22 495 1
22 567 1
22 628 1
22 727 1
23 79 1
23 82 1
23 93 1
23 122 1
23 123 1
23 141 1
23 173 1
23 257 1
23 292 1
23 319 1
23 396 1
23 510 1
23 517 1
23 595 1
23 790 1
23 900 1
24 43 1
24 79 1
24 138 1
24 153 1
24 155 1
24 218 1
24 360 1
24 366 1
24 504 1
24 739 1
24 764 1
24 816 1
25 27 1
25 34 1
25 38 1
25 47 1
25 64 1
25 67 1
25 73 1
25 76 1
25 83 1
25 100 1
25 130 1
25 139 1
25 169 1
25 182 1
25 211 1
25 233 1
25 283 1
25 298 1
25 308 1
25 315 1
25 342 1
25 393 1
25 413 1
25 428 1
25 462 1
25 475 1
25 531 1
25 539 1
25 541 1
25 576 1
25 606 1
25 717 1
25 719 1
25 747 1
25 835 1
25 861 1
25 886 1
26 58 1
26 77 1
26 158 1
26 260 1
26 447 1
26 452 1
26 498 1
26 533 1
26 597 1
26 671 1
26 717 1
27 46 1
27 54 1
27 69 1
27 85 1
27 96 1
27 151 1
27 156 1
27 321 1
27 397 1
27 694 1
27 797 1
28 30 1
28 32 1
28 52 1
28 68 1
28 74 1
28 83 1
28 84 1
28 98 1
28 125 1
28 162 1
28 166 1
28 171 1
28 227 1
28 228 1
28 235 1
28 266 1
28 315 1
28 327 1
28 334 1
28 351 1
28 363 1
28 393 1
28 437 1
28 478 1
28 498 1
28 550 1
28 621 1
28 732 1
28 847 1
28 879 1
29 35 1
29 60 1
29 81 1
29 89 1
29 91 1
29 96 1
29 128 1
29 164 1
29 208 1
29 255 1
29 304 1
29 307 1
29 405 1
29 434 1
29 437 1
29 443 1
29 458 1
29 656 1
30 54 1
30 123 1
30 601 1
30 674 1
30 835 1
31 35 1
31 51 1
31 52 1
31 260 1
31 366 1
31 402 1
31 433 1
31 461 1
31 520 1
31 555 1
31 564 1
31 656 1
32 33 1
32 50 1
32 56 1
32 57 1
32 66 1
32 69 1
32 94 1
32 106 1
32 110 1
32 144 1
32 148 1
32 171 1
32 179 1
32 189 1
32 227 1
32 249 1
32 274 1
32 313 1
32 377 1
32 424 1
32 550 1
32 556 1
32 604 1
32 746 1
32 747 1
32 785 1
32 825 1
32 841 1
32 846 1
32 897 1
33 34 1
33 55 1
33 61 1
33 70 1
33 71 1
33 152 1
33 466 1
33 513 1
33 665 1
33 847 1
34 36 1
34 62 1
34 75 1
34 87 1
34 120 1
34 125 1
34 132 1
34 137 1
34 167 1
34 191 1
34 222 1
34 224 1
34 312 1
34 326 1
34 409 1
34 437 1
34 458 1
34 462 1
34 546 1
34 588 1
34 593 1
34 648 1
34 705 1
35 40 1
35 41 1
35 60 1
35 76 1
35 93 1
35 106 1
35 117 1
35 139 1
35 144 1
35 160 1
35 237 1
35 263 1
35 303 1
35 325 1
35 360 1
35 452 1
35 608 1
35 654 1
35 673 1
35 679 1
35 698 1
35 715 1
35 726 1
35 773 1
35 794 1
35 831 1
36 38 1
36 66 1
36 67 1
36 123 1
36 197 1
36 202 1
36 204 1
36 216 1
36 243 1
36 245 1
36 253 1
36 274 1
36 292 1
36 305 1
36 320 1
36 364 1
36 411 1
36 427 1
36 488 1
36 582 1
36 610 1
36 673 1
36 749 1
36 816 1
37 84 1
37 95 1
37 162 1
37 246 1
37 361 1
37 410 1
37 414 1
37 434 1
37 570 1
37 610 1
37 613 1
37 767 1
37 802 1
38 44 1
38 45 1
38 65 1
38 92 1
38 102 1
38 104 1
38 122 1
38 155 1
38 158 1
38 161 1
38 222 1
38 254 1
38 256 1
38 285 1
38 299 1
38 301 1
38 313 1
38 344 1
38 348 1
38 357 1
38 363 1
38 368 1
38 374 1
38 383 1
38 420 1
38 444 1
38 456 1
38 506 1
38 539 1
38 599 1
38 608 1
38 623 1
38 644 1
38 687 1
38 688 1
38 711 1
38 729 1
38 788 1
38 832 1
38 860 1
38 869 1
38 890 1
38 896 1
39 181 1
39 218 1
39 228 1
39 256 1
39 331 1
39 448 1
39 476 1
39 534 1
39 537 1
39 574 1
39 581 1
39 642 1
39 694 1
39 804 1
39 826 1
40 105 1
40 139 1
40 279 1
40 595 1
40 626 1
40 648 1
40 760 1
40 870 1
41 84 1
41 107 1
41 218 1
41 269 1
41 284 1
41 340 1
41 391 1
41 402 1
41 460 1
41 620 1
41 766 1
41 810 1
42 47 1
42 71 1
42 119 1
42 154 1
42 158 1
42 169 1
42 183 1
42 275 1
42 359 1
42 378 1
42 416 1
42 421 1
42 514 1
42 607 1
42 650 1
42 712 1
42 727 1
42 737 1
42 810 1
42 813 1
42 853 1
43 56 1
43 60 1
43 63 1
43 77 1
43 103 1
43 116 1
43 166 1
43 304 1
43 430 1
43 490 1
43 532 1
43 853 1
44 46 1
44 58 1
44 70 1
44 172 1
44 210 1
44 308 1
44 334 1
44 342 1
44 385 1
44 473 1
44 503 1
44 508 1
44 572 1
44 774 1
45 65 1
45 72 1
45 87 1
45 100 1
45 124 1
45 150 1
45 163 1
45 166 1
45 172 1
45 178 1
45 223 1
45 240 1
45 265 1
45 267 1
45 278 1
45 290 1
45 323 1
45 396 1
45 408 1
45 477 1
45 508 1
45 524 1
45 543 1
45 567 1
45 568 1
45 600 1
45 651 1
45 760 1
45 790 1
46 50 1
46 64 1
46 78 1
46 88 1
46 91 1
46 111 1
46 130 1
46 195 1
46 196 1
46 206 1
46 279 1
46 304 1
46 342 1
46 430 1
46 431 1
46 449 1
46 482 1
46 516 1
46 549 1
46 602 1
46 636 1
46 709 1
46 746 1
46 775 1
46 786 1
47 59 1
47 71 1
47 86 1
47 113 1
47 119 1
47 136 1
47 143 1
47 163 1
47 242 1
47 306 1
47 357 1
47 374 1
47 387 1
47 411 1
47 450 1
47 463 1
47 578 1
47 588 1
47 627 1
47 667 1
47 670 1
47 775 1
47 891 1
48 87 1
48 91 1
48 99 1
48 116 1
48 117 1
48 141 1
48 159 1
48 160 1
48 225 1
48 230 1
48 244 1
48 309 1
48 390 1
48 404 1
48 439 1
48 454 1
48 548 1
48 558 1
48 570 1
48 611 1
48 657 1
48 718 1
48 730 1
49 320 1
49 379 1
49 691 1
50 80 1
50 115 1
50 174 1
50 185 1
50 306 1
50 340 1
50 445 1
50 504 1
50 533 1
50 590 1
50 840 1
51 56 1
51 73 1
51 99 1
51 148 1
51 187 1
51 263 1
51 268 1
51 276 1
51 293 1
51 390 1
51 410 1
51 439 1
51 466 1
51 548 1
51 807 1
51 831 1
51 877 1
52 53 1
52 61 1
52 195 1
52 293 1
52 316 1
52 318 1
52 346 1
52 385 1
52 386 1
52 400 1
52 482 1
52 618 1
52 724 1
52 781 1
52 838 1
52 848 1
53 170 1
53 217 1
53 237 1
53 352 1
53 520 1
53 523 1
53 660 1
54 311 1
54 364 1
54 488 1
54 650 1
55 59 1
55 62 1
55 88 1
55 112 1
55 118 1
55 135 1
55 147 1
55 192 1
55 210 1
55 223 1
55 291 1
55 293 1
55 355 1
55 400 1
55 463 1
55 671 1
55 713 1
56 113 1
56 133 1
56 134 1
56 143 1
56 160 1
56 182 1
56 195 1
56 221 1
56 238 1
56 252 1
56 276 1
56 278 1
56 328 1
56 416 1
56 486 1
56 495 1
56 554 1
56 560 1
56 569 1
56 665 1
56 756 1
56 838 1
57 72 1
57 85 1
57 112 1
57 170 1
57 212 1
57 252 1
57 290 1
57 297 1
57 338 1
57 380 1
57 410 1
57 427 1
57 494 1
57 575 1
57 723 1
57 733 1
57 806 1
57 824 1
57 891 1
58 62 1
58 111 1
58 181 1
58 244 1
58 249 1
58 281 1
58 326 1
58 443 1
58 453 1
58 541 1
58 582 1
58 585 1
58 780 1
58 820 1
59 68 1
59 97 1
59 112 1
59 114 1
59 126 1
59 168 1
59 173 1
59 196 1
59 244 1
59 367 1
59 607 1
59 720 1
59 867 1
60 63 1
60 202 1
60 248 1
60 268 1
60 280 1
60 318 1
60 371 1
60 491 1
61 110 1
61 147 1
61 158 1
61 159 1
61 165 1
61 197 1
61 288 1
61 369 1
61 390 1
61 406 1
61 430 1
61 435 1
61 455 1
61 472 1
61 522 1
61 633 1
61 725 1
62 67 1
62 95 1
62 136 1
62 175 1
62 266 1
62 365 1
62 461 1
62 513 1
62 551 1
62 557 1
62 679 1
62 795 1
62 862 1
62 872 1
62 894 1
63 94 1
63 103 1
63 121 1
63 174 1
63 180 1
63 192 1
63 212 1
63 276 1
63 368 1
63 395 1
63 749 1
63 804 1
63 809 1
64 129 1
64 141 1
64 211 1
64 333 1
64 391 1
64 566 1
64 843 1
65 92 1
65 144 1
65 157 1
65 171 1
65 199 1
65 271 1
65 383 1
65 460 1
65 563 1
65 659 1
65 664 1
65 739 1
65 840 1
66 69 1
66 127 1
66 251 1
66 302 1
66 323 1
66 343 1
66 367 1
66 369 1
66 432 1
66 520 1
66 573 1
66 635 1
66 686 1
67 76 1
67 81 1
67 140 1
67 150 1
67 186 1
67 243 1
67 245 1
67 251 1
67 254 1
67 273 1
67 305 1
67 433 1
67 480 1
67 496 1
67 657 1
67 774 1
67 776 1
67 817 1
68 72 1
68 79 1
68 88 1
68 92 1
68 94 1
68 96 1
68 105 1
68 198 1
68 391 1
68 392 1
68 457 1
68 461 1
68 497 1
68 521 1
68 523 1
68 640 1
68 658 1
68 664 1
68 741 1
68 759 1
68 779 1
68 799 1
68 893 1
68 894 1
69 82 1
69 91 1
69 95 1
69 98 1
69 99 1
69 114 1
69 120 1
69 171 1
69 209 1
69 240 1
69 291 1
69 356 1
69 360 1
69 408 1
69 485 1
69 555 1
69 589 1
69 594 1
69 601 1
69 678 1
69 733 1
69 775 1
69 837 1
69 879 1
70 188 1
70 190 1
70 247 1
70 273 1
70 287 1
70 519 1
70 606 1
70 635 1
70 649 1
70 781 1
70 813 1
70 862 1
71 118 1
71 134 1
71 232 1
71 338 1
71 388 1
71 484 1
71 640 1
71 743 1
72 73 1
72 81 1
72 98 1
72 165 1
72 179 1
72 236 1
72 347 1
72 351 1
72 376 1
72 445 1
72 491 1
72 540 1
72 571 1
72 577 1
72 581 1
72 839 1
72 880 1
72 884 1
72 896 1
73 79 1
73 80 1
73 90 1
73 132 1
73 160 1
73 215 1
73 350 1
74 154 1
74 549 1
75 121 1
75 250 1
75 280 1
75 478 1
75 488 1
75 573 1
75 589 1
76 117 1
76 182 1
76 194 1
76 222 1
76 224 1
76 230 1
76 291 1
76 312 1
76 336 1
76 364 1
76 373 1
76 407 1
76 414 1
76 435 1
76 440 1
76 458 1
76 535 1
76 559 1
76 589 1
76 622 1
76 657 1
76 659 1
76 742 1
76 757 1
76 767 1
76 854 1
77 145 1
77 201 1
77 448 1
77 493 1
77 536 1
77 549 1
77 621 1
77 878 1
78 101 1
78 146 1
78 204 1
78 254 1
78 286 1
78 328 1
78 397 1
78 451 1
78 477 1
78 629 1
78 816 1
79 438 1
79 578 1
79 828 1
80 152 1
80 193 1
80 200 1
80 288 1
80 308 1
80 322 1
80 741 1
80 876 1
81 102 1
81 131 1
81 156 1
81 216 1
81 256 1
81 563 1
81 774 1
82 104 1
82 122 1
82 148 1
82 151 1
82 483 1
82 561 1
82 569 1
82 847 1
83 139 1
83 316 1
83 792 1
84 89 1
84 101 1
84 127 1
84 135 1
84 187 1
84 205 1
84 209 1
84 255 1
84 278 1
84 347 1
84 371 1
84 423 1
84 453 1
84 501 1
84 538 1
84 543 1
84 578 1
84 592 1
84 594 1
84 702 1
84 825 1
84 828 1
85 86 1
85 125 1
85 230 1
85 231 1
85 434 1
85 447 1
85 558 1
85 826 1
86 265 1
86 404 1
87 115 1
87 241 1
87 250 1
87 284 1
87 383 1
87 413 1
87 457 1
88 101 1
88 102 1
88 142 1
88 208 1
88 666 1
88 702 1
89 133 1
89 207 1
89 431 1
89 466 1
89 820 1
89 841 1
90 104 1
90 116 1
90 252 1
90 268 1
90 388 1
90 799 1
90 850 1
90 887 1
90 891 1
91 93 1
91 97 1
91 115 1
91 116 1
91 118 1
91 121 1
91 173 1
91 225 1
91 226 1
91 228 1
91 240 1
91 417 1
91 458 1
91 495 1
91 779 1
91 841 1
91 844 1
91 862 1
92 204 1
92 560 1
92 622 1
92 677 1
92 731 1
93 192 1
93 203 1
93 271 1
93 329 1
93 445 1
94 145 1
94 353 1
94 496 1
95 111 1
95 167 1
95 174 1
95 191 1
95 200 1
95 229 1
95 290 1
95 309 1
95 325 1
95 337 1
95 505 1
95 529 1
95 548 1
95 557 1
96 107 1
96 122 1
96 142 1
96 146 1
96 242 1
96 285 1
96 318 1
96 326 1
96 372 1
96 376 1
96 462 1
96 681 1
96 755 1
97 181 1
97 184 1
97 215 1
97 224 1
97 243 1
97 296 1
97 325 1
97 350 1
97 379 1
97 389 1
97 433 1
97 554 1
97 576 1
97 622 1
97 688 1
98 127 1
98 295 1
99 103 1
99 196 1
99 206 1
99 245 1
99 302 1
99 306 1
99 329 1
99 331 1
99 427 1
99 526 1
99 575 1
99 696 1
99 789 1
99 803 1
99 840 1
100 346 1
100 822 1
100 890 1
101 207 1
101 232 1
101 269 1
101 275 1
101 299 1
101 609 1
101 713 1
102 169 1
102 193 1
102 209 1
102 325 1
102 368 1
102 370 1
102 412 1
102 431 1
102 472 1
102 559 1
102 597 1
102 645 1
102 682 1
102 818 1
102 881 1
103 448 1
103 560 1
103 775 1
103 857 1
104 117 1
104 125 1
104 140 1
104 151 1
104 320 1
104 336 1
104 539 1
104 573 1
104 649 1
104 738 1
104 798 1
105 382 1
105 404 1
105 492 1
105 571 1
105 654 1
105 823 1
105 889 1
106 236 1
106 265 1
106 692 1
106 895 1
107 146 1
107 667 1
107 805 1
108 124 1
108 175 1
108 289 1
108 295 1
108 344 1
108 471 1
108 590 1
108 653 1
108 763 1
109 114 1
109 145 1
109 177 1
109 198 1
109 323 1
109 424 1
109 469 1
109 587 1
109 630 1
109 661 1
109 686 1
109 782 1
109 794 1
109 796 1
110 115 1
110 225 1
110 381 1
110 478 1
110 509 1
110 521 1
110 542 1
110 587 1
110 619 1
110 635 1
110 672 1
110 780 1
111 446 1
111 528 1
111 599 1
112 137 1
112 144 1
112 177 1
112 194 1
112 248 1
112 297 1
112 330 1
112 356 1
112 423 1
112 455 1
112 462 1
112 477 1
112 577 1
112 712 1
112 745 1
112 772 1
112 799 1
112 845 1
112 849 1
113 140 1
113 146 1
113 282 1
113 392 1
113 507 1
113 508 1
113 663 1
113 773 1
113 899 1
114 120 1
114 131 1
114 179 1
114 253 1
114 275 1
114 285 1
114 398 1
114 487 1
114 594 1
114 632 1
114 722 1
114 757 1
114 765 1
114 830 1
115 121 1
115 136 1
115 203 1
115 269 1
115 365 1
115 535 1
115 547 1
115 679 1
115 796 1
115 880 1
116 142 1
116 193 1
116 234 1
116 258 1
116 283 1
116 294 1
116 382 1
116 419 1
116 464 1
116 480 1
116 485 1
116 503 1
116 571 1
116 607 1
116 633 1
116 744 1
116 753 1
116 762 1
117 239 1
117 252 1
117 297 1
117 314 1
117 418 1
117 484 1
117 574 1
117 590 1
117 660 1
117 724 1
117 745 1
117 842 1
117 851 1
117 854 1
118 124 1
118 180 1
118 189 1
118 213 1
118 234 1
118 248 1
118 354 1
118 364 1
118 375 1
118 407 1
118 593 1
118 655 1
118 658 1
118 710 1
118 802 1
118 874 1
118 888 1
119 137 1
119 148 1
119 161 1
119 183 1
119 193 1
119 258 1
119 272 1
119 284 1
119 409 1
120 147 1
120 180 1
120 565 1
120 740 1
120 801 1
120 808 1
121 203 1
121 477 1
121 482 1
122 198 1
122 267 1
122 310 1
122 335 1
122 373 1
122 553 1
122 643 1
122 805 1
123 550 1
123 614 1
124 222 1
124 259 1
124 353 1
125 666 1
126 305 1
126 481 1
127 130 1
127 201 1
127 545 1
127 547 1
127 654 1
127 764 1
128 129 1
128 214 1
128 304 1
128 379 1
128 386 1
128 459 1
128 607 1
129 255 1
129 490 1
130 381 1
130 415 1
130 510 1
130 536 1
131 172 1
131 208 1
131 343 1
131 876 1
132 199 1
132 231 1
132 320 1
132 412 1
132 598 1
132 613 1
132 886 1
133 264 1
133 428 1
133 896 1
134 154 1
134 161 1
134 177 1
134 185 1
134 195 1
134 294 1
134 339 1
134 349 1
134 385 1
134 470 1
134 497 1
134 522 1
134 535 1
134 553 1
134 645 1
134 675 1
134 843 1
134 852 1
135 309 1
135 583 1
135 646 1
135 866 1
136 176 1
136 179 1
136 197 1
136 211 1
136 264 1
136 296 1
136 314 1
136 401 1
136 407 1
136 601 1
136 770 1
136 882 1
137 183 1
137 362 1
137 469 1
138 190 1
138 197 1
138 454 1
138 473 1
138 641 1
139 176 1
139 262 1
139 336 1
139 536 1
140 167 1
140 170 1
140 189 1
140 233 1
140 238 1
140 311 1
140 543 1
140 621 1
140 696 1
140 809 1
141 677 1
142 149 1
142 188 1
142 279 1
142 302 1
142 337 1
142 355 1
142 412 1
142 552 1
142 748 1
142 786 1
143 201 1
143 229 1
143 327 1
143 353 1
143 386 1
143 474 1
143 537 1
144 236 1
144 285 1
144 288 1
144 432 1
144 451 1
144 519 1
144 567 1
144 668 1
144 676 1
144 738 1
144 861 1
144 869 1
145 161 1
145 163 1
145 165 1
145 216 1
145 248 1
145 324 1
145 511 1
146 213 1
146 334 1
146 489 1
146 545 1
146 561 1
146 811 1
147 460 1
147 486 1
147 538 1
147 696 1
147 740 1
148 199 1
148 244 1
148 314 1
148 353 1
148 861 1
148 881 1
149 167 1
149 235 1
149 321 1
149 388 1
149 395 1
149 531 1
149 545 1
149 661 1
149 817 1
150 200 1
151 162 1
151 164 1
151 180 1
151 191 1
151 236 1
151 243 1
151 286 1
151 301 1
151 336 1
151 357 1
151 358 1
151 360 1
151 406 1
151 513 1
151 555 1
151 575 1
151 723 1
152 218 1
152 255 1
152 287 1
152 566 1
152 634 1
153 168 1
153 456 1
153 465 1
153 469 1
153 641 1
153 673 1
153 741 1
153 749 1
153 769 1
153 812 1
153 897 1
154 183 1
154 389 1
154 537 1
154 598 1
154 754 1
154 859 1
155 239 1
155 327 1
155 466 1
155 502 1
155 540 1
155 682 1
155 699 1
155 725 1
156 286 1
156 463 1
156 498 1
156 710 1
157 281 1
157 358 1
157 617 1
157 706 1
158 162 1
158 214 1
158 602 1
158 703 1
158 805 1
159 190 1
159 201 1
159 407 1
159 507 1
159 526 1
159 552 1
159 683 1
160 335 1
160 511 1
160 676 1
160 898 1
161 340 1
161 346 1
161 359 1
161 447 1
161 492 1
161 499 1
161 705 1
161 828 1
161 838 1
161 840 1
162 241 1
162 247 1
162 664 1
162 849 1
163 247 1
163 372 1
163 375 1
163 584 1
163 662 1
163 758 1
164 210 1
164 352 1
164 356 1
164 361 1
164 434 1
164 642 1
164 655 1
164 671 1
164 900 1
165 685 1
166 175 1
166 402 1
166 553 1
166 632 1
166 750 1
166 751 1
167 362 1
167 382 1
167 472 1
167 638 1
167 669 1
169 205 1
169 235 1
170 176 1
170 457 1
170 721 1
171 178 1
171 287 1
171 397 1
171 527 1
171 642 1
172 564 1
173 240 1
173 307 1
173 536 1
173 854 1
174 220 1
174 298 1
174 300 1
174 398 1
174 450 1
174 548 1
174 604 1
175 330 1
176 413 1
177 296 1
177 389 1
177 492 1
177 603 1
178 234 1
178 259 1
178 261 1
178 311 1
178 467 1
179 207 1
179 430 1
179 470 1
179 604 1
179 810 1
180 371 1
181 209 1
181 223 1
181 229 1
181 271 1
181 423 1
181 653 1
181 664 1
181 680 1
181 695 1
181 736 1
181 835 1
181 848 1
183 274 1
183 387 1
183 541 1
184 273 1
184 289 1
184 382 1
184 396 1
184 421 1
184 580 1
184 709 1
184 742 1
184 834 1
184 851 1
185 257 1
185 489 1
185 503 1
185 642 1
185 825 1
185 855 1
185 899 1
186 335 1
187 200 1
187 226 1
187 317 1
188 217 1
188 227 1
188 246 1
188 269 1
188 324 1
188 426 1
188 506 1
188 596 1
188 683 1
188 817 1
188 871 1
189 194 1
189 207 1
189 257 1
189 366 1
189 491 1
189 533 1
189 836 1
191 395 1
191 420 1
191 444 1
191 459 1
192 203 1
192 333 1
192 370 1
192 402 1
192 483 1
192 562 1
192 807 1
193 388 1
193 619 1
195 411 1
195 580 1
195 593 1
195 707 1
195 710 1
195 716 1
195 727 1
195 761 1
196 377 1
196 646 1
196 709 1
196 784 1
196 845 1
197 213 1
197 391 1
197 428 1
197 735 1
197 786 1
198 216 1
198 348 1
198 578 1
198 646 1
198 806 1
198 833 1
198 853 1
198 861 1
199 623 1
199 641 1
199 895 1
200 231 1
200 233 1
200 264 1
200 270 1
200 480 1
200 521 1
200 581 1
200 643 1
200 682 1
200 841 1
202 383 1
202 655 1
202 693 1
202 720 1
202 777 1
203 300 1
203 341 1
203 348 1
203 788 1
204 600 1
204 689 1
204 743 1
205 234 1
205 341 1
205 359 1
205 467 1
205 900 1
206 225 1
206 277 1
206 438 1
206 461 1
208 287 1
208 319 1
208 497 1
208 583 1
208 680 1
209 266 1
209 645 1
210 263 1
210 303 1
210 358 1
210 419 1
210 435 1
210 452 1
210 480 1
210 613 1
210 653 1
211 690 1
211 744 1
212 221 1
212 292 1
212 319 1
212 328 1
212 425 1
212 502 1
212 514 1
212 631 1
212 680 1
212 706 1
212 716 1
213 262 1
213 441 1
213 494 1
213 663 1
214 411 1
214 467 1
214 747 1
214 837 1
215 302 1
215 351 1
215 422 1
215 525 1
215 551 1
215 661 1
215 766 1
216 251 1
216 456 1
216 688 1
216 827 1
216 890 1
217 259 1
217 265 1
217 439 1
217 493 1
217 554 1
217 695 1
217 776 1
218 490 1
218 507 1
218 566 1
218 755 1
219 226 1
219 235 1
219 250 1
219 629 1
219 740 1
219 871 1
220 768 1
221 406 1
222 258 1
222 267 1
222 337 1
222 387 1
222 571 1
222 577 1
222 662 1
222 716 1
222 765 1
223 303 1
223 339 1
224 681 1
225 331 1
225 343 1
225 517 1
225 681 1
225 736 1
225 851 1
226 351 1
226 474 1
226 859 1
227 366 1
228 261 1
228 279 1
228 305 1
228 421 1
229 542 1
229 583 1
229 617 1
229 644 1
229 836 1
229 874 1
229 894 1
230 291 1
230 693 1
231 322 1
232 441 1
232 510 1
232 514 1
232 668 1
232 771 1
233 518 1
233 668 1
234 708 1
234 778 1
234 793 1
234 831 1
234 885 1
235 271 1
235 276 1
235 509 1
235 533 1
235 731 1
236 242 1
236 333 1
236 484 1
236 489 1
236 499 1
236 614 1
236 626 1
236 702 1
236 758 1
236 790 1
237 290 1
237 314 1
237 410 1
237 690 1
237 726 1
237 772 1
238 272 1
238 321 1
238 447 1
238 765 1
238 791 1
239 249 1
239 518 1
239 900 1
240 273 1
240 426 1
241 380 1
241 464 1
241 612 1
242 345 1
242 504 1
242 514 1
242 532 1
242 827 1
243 384 1
243 441 1
243 669 1
243 706 1
243 754 1
243 772 1
244 282 1
245 470 1
245 475 1
245 481 1
245 838 1
246 341 1
246 585 1
246 647 1
246 667 1
246 684 1
246 719 1
246 728 1
246 732 1
247 268 1
247 654 1
247 843 1
247 866 1
248 615 1
248 834 1
248 893 1
249 262 1
249 384 1
249 418 1
249 862 1
250 332 1
250 440 1
251 446 1
251 546 1
251 875 1
252 530 1
253 289 1
253 473 1
253 547 1
253 611 1
253 637 1
253 714 1
254 294 1
254 329 1
254 403 1
254 678 1
254 884 1
255 419 1
255 520 1
255 864 1
256 310 1
256 315 1
256 369 1
256 390 1
256 422 1
258 660 1
258 787 1
259 263 1
259 267 1
259 312 1
259 339 1
259 500 1
259 563 1
259 658 1
259 675 1
259 724 1
259 785 1
259 893 1
260 307 1
260 450 1
260 501 1
261 286 1
261 426 1
261 428 1
261 442 1
261 505 1
261 529 1
261 558 1
261 725 1
261 735 1
261 846 1
262 450 1
262 476 1
262 707 1
262 783 1
263 272 1
263 542 1
263 639 1
263 640 1
264 284 1
264 317 1
264 398 1
264 586 1
264 640 1
265 377 1
265 601 1
266 370 1
266 454 1
266 487 1
266 528 1
266 558 1
266 599 1
267 700 1
268 281 1
268 299 1
268 468 1
268 560 1
268 882 1
269 486 1
269 605 1
270 419 1
270 497 1
270 500 1
270 544 1
270 576 1
270 653 1
270 803 1
271 617 1
272 403 1
272 471 1
272 650 1
272 870 1
273 451 1
273 476 1
274 394 1
274 465 1
274 878 1
275 381 1
275 562 1
276 531 1
276 858 1
277 453 1
277 586 1
277 598 1
278 375 1
278 606 1
278 789 1
279 324 1
279 651 1
280 408 1
281 296 1
281 369 1
281 526 1
281 531 1
281 674 1
281 801 1
281 857 1
281 865 1
282 354 1
282 371 1
282 528 1
282 807 1
283 585 1
283 706 1
283 729 1
284 842 1
284 877 1
285 303 1
285 378 1
285 788 1
287 368 1
287 437 1
287 559 1
287 887 1
288 318 1
288 374 1
288 515 1
288 556 1
288 756 1
290 333 1
291 297 1
291 420 1
291 633 1
291 648 1
292 557 1
292 727 1
293 752 1
293 770 1
294 791 1
295 352 1
295 446 1
295 593 1
295 700 1
295 717 1
295 725 1
295 739 1
295 849 1
296 688 1
296 768 1
296 816 1
296 875 1
297 528 1
297 625 1
299 349 1
300 669 1
300 730 1
301 326 1
301 413 1
302 363 1
302 626 1
302 839 1
303 324 1
303 423 1
303 557 1
303 627 1
303 782 1
303 795 1
304 422 1
304 605 1
306 386 1
306 656 1
306 745 1
307 464 1
308 399 1
308 518 1
308 777 1
309 355 1
309 556 1
309 630 1
309 710 1
309 758 1
310 511 1
310 529 1
311 424 1
311 532 1
311 541 1
312 372 1
312 485 1
312 824 1
313 362 1
313 429 1
313 618 1
313 827 1
314 401 1
314 487 1
314 779 1
316 399 1
316 646 1
316 691 1
316 814 1
316 865 1
316 891 1
318 346 1
318 352 1
318 493 1
318 661 1
319 429 1
319 701 1
320 638 1
321 521 1
321 756 1
322 629 1
324 490 1
324 509 1
324 562 1
324 761 1
325 328 1
325 417 1
325 499 1
325 639 1
325 765 1
325 842 1
326 348 1
326 380 1
326 404 1
326 406 1
326 611 1
326 622 1
326 698 1
326 714 1
327 798 1
327 855 1
328 401 1
328 492 1
328 532 1
328 680 1
328 789 1
329 832 1
330 728 1
330 808 1
331 572 1
331 687 1
332 338 1
332 445 1
332 453 1
332 551 1
332 587 1
333 376 1
333 572 1
334 344 1
334 579 1
335 345 1
335 624 1
336 397 1
336 444 1
336 545 1
336 584 1
336 858 1
337 378 1
337 574 1
337 591 1
337 691 1
337 757 1
338 568 1
339 356 1
339 827 1
340 634 1
340 721 1
341 405 1
341 416 1
341 424 1
341 683 1
342 549 1
342 565 1
342 677 1
343 579 1
343 701 1
344 405 1
345 431 1
345 479 1
345 877 1
346 362 1
346 373 1
346 442 1
346 489 1
346 564 1
346 715 1
346 762 1
346 845 1
347 439 1
347 713 1
348 751 1
349 639 1
349 800 1
350 612 1
350 887 1
351 377 1
351 396 1
351 579 1
351 600 1
352 379 1
352 787 1
352 852 1
353 361 1
353 770 1
353 808 1
354 515 1
354 774 1
355 376 1
355 525 1
355 569 1
355 583 1
356 395 1
357 814 1
358 502 1
358 534 1
358 847 1
359 436 1
359 660 1
359 766 1
359 887 1
360 672 1
360 674 1
360 703 1
360 729 1
361 384 1
361 599 1
361 672 1
362 392 1
363 409 1
363 440 1
363 562 1
363 753 1
363 784 1
363 786 1
363 794 1
364 565 1
365 708 1
367 726 1
368 559 1
368 608 1
368 610 1
368 671 1
369 417 1
369 713 1
370 418 1
370 432 1
370 647 1
370 759 1
370 798 1
370 824 1
371 624 1
372 375 1
372 687 1
372 846 1
374 543 1
375 457 1
375 567 1
376 628 1
377 644 1
378 438 1
382 535 1
383 580 1
383 859 1
384 438 1
384 794 1
385 620 1
385 692 1
385 821 1
386 425 1
386 530 1
388 448 1
389 852 1
390 582 1
391 614 1
391 625 1
391 631 1
391 721 1
391 793 1
391 853 1
391 880 1
392 401 1
393 651 1
394 845 1
395 629 1
395 632 1
396 709 1
396 718 1
399 704 1
399 722 1
399 781 1
400 703 1
401 517 1
401 663 1
401 700 1
402 525 1
402 584 1
402 686 1
403 665 1
403 741 1
405 884 1
406 441 1
406 442 1
407 616 1
407 803 1
408 801 1
408 898 1
409 869 1
411 449 1
412 656 1
413 444 1
413 505 1
413 636 1
413 697 1
413 778 1
414 615 1
414 863 1
415 468 1
416 570 1
416 590 1
416 744 1
416 791 1
416 796 1
416 860 1
416 863 1
417 628 1
417 777 1
418 592 1
418 692 1
418 739 1
419 512 1
419 630 1
419 735 1
419 846 1
422 679 1
422 704 1
423 484 1
423 844 1
424 630 1
425 547 1
426 455 1
426 512 1
426 582 1
426 586 1
426 657 1
426 798 1
426 889 1
427 474 1
428 475 1
428 509 1
428 665 1
429 659 1
429 754 1
430 544 1
432 627 1
432 641 1
433 481 1
434 600 1
436 695 1
436 863 1
437 446 1
437 697 1
437 784 1
438 459 1
438 857 1
441 823 1
442 690 1
442 795 1
442 826 1
443 505 1
443 647 1
443 751 1
443 792 1
444 603 1
444 789 1
445 483 1
445 537 1
445 735 1
445 883 1
445 898 1
448 564 1
450 473 1
450 676 1
450 694 1
452 516 1
454 463 1
454 637 1
455 538 1
455 752 1
455 757 1
457 612 1
457 613 1
458 513 1
459 697 1
460 620 1
460 822 1
461 666 1
462 892 1
463 491 1
465 500 1
465 502 1
465 605 1
465 615 1
466 693 1
467 756 1
468 524 1
468 632 1
471 476 1
471 565 1
471 624 1
472 587 1
472 738 1
472 825 1
473 689 1
473 708 1
474 501 1
474 602 1
474 792 1
474 802 1
475 519 1
475 644 1
475 684 1
477 539 1
478 568 1
478 744 1
478 856 1
479 624 1
480 696 1
481 544 1
481 655 1
482 551 1
485 684 1
486 598 1
486 620 1
486 686 1
487 731 1
488 499 1
489 717 1
489 837 1
491 523 1
492 576 1
492 631 1
492 863 1
493 540 1
493 714 1
493 810 1
494 666 1
495 738 1
495 814 1
496 501 1
496 515 1
496 734 1
497 516 1
497 592 1
498 538 1
498 752 1
498 769 1
499 759 1
499 820 1
501 616 1
504 618 1
504 809 1
506 526 1
506 729 1
507 603 1
508 858 1
509 670 1
510 573 1
510 705 1
512 699 1
513 890 1
514 668 1
516 678 1
516 865 1
517 574 1
517 745 1
518 683 1
519 572 1
519 701 1
519 888 1
520 552 1
520 712 1
521 818 1
522 749 1
523 762 1
524 634 1
524 669 1
524 811 1
524 888 1
526 867 1
528 873 1
530 819 1
531 670 1
531 806 1
534 814 1
534 856 1
536 885 1
537 848 1
540 812 1
541 652 1
541 850 1
542 867 1
543 623 1
543 707 1
544 596 1
545 552 1
545 685 1
547 566 1
547 627 1
549 616 1
549 821 1
549 868 1
550 621 1
550 747 1
551 692 1
553 799 1
553 843 1
554 753 1
556 722 1
556 743 1
557 617 1
557 718 1
559 591 1
559 837 1
560 760 1
561 609 1
562 612 1
565 685 1
568 737 1
569 667 1
570 755 1
571 743 1
571 785 1
572 831 1
572 844 1
574 626 1
574 805 1
575 652 1
575 750 1
575 821 1
575 870 1
576 858 1
577 769 1
577 818 1
577 894 1
578 780 1
578 895 1
580 605 1
581 748 1
583 684 1
585 652 1
585 878 1
594 864 1
595 868 1
598 690 1
605 784 1
605 883 1
606 611 1
607 693 1
609 742 1
610 616 1
610 675 1
610 804 1
611 871 1
612 625 1
613 673 1
613 678 1
613 695 1
613 764 1
613 782 1
617 715 1
618 829 1
622 682 1
622 868 1
622 875 1
622 879 1
624 881 1
626 643 1
626 705 1
626 723 1
626 778 1
626 849 1
627 748 1
628 788 1
631 839 1
633 685 1
634 662 1
637 773 1
637 874 1
639 720 1
641 698 1
644 815 1
645 892 1
646 750 1
646 815 1
648 898 1
654 783 1
654 830 1
655 737 1
655 804 1
655 829 1
657 819 1
657 872 1
658 830 1
659 806 1
660 726 1
660 870 1
661 767 1
662 780 1
664 691 1
664 722 1
664 797 1
664 851 1
665 723 1
669 736 1
670 711 1
671 714 1
672 711 1
672 822 1
673 772 1
674 873 1
679 813 1
681 742 1
682 698 1
682 732 1
682 888 1
683 753 1
684 889 1
686 871 1
689 844 1
690 882 1
690 889 1
691 758 1
692 886 1
693 865 1
695 839 1
695 884 1
696 764 1
697 835 1
699 857 1
700 730 1
700 734 1
700 763 1
702 755 1
703 828 1
706 716 1
706 811 1
707 708 1
714 728 1
715 721 1
718 719 1
719 856 1
723 883 1
724 873 1
731 866 1
731 875 1
736 813 1
737 876 1
738 787 1
739 763 1
743 762 1
744 746 1
748 834 1
750 880 1
753 824 1
756 796 1
756 836 1
757 790 1
759 795 1
760 893 1
766 768 1
768 800 1
770 779 1
772 815 1
773 823 1
774 848 1
777 830 1
778 829 1
785 817 1
788 877 1
796 856 1
797 812 1
797 886 1
802 869 1
804 833 1
806 850 1
821 872 1
827 874 1
834 892 1
851 897 1
875 899 1
879 897 1
