1600 6384 
1 2 1
1 3 1
1 4 1
1 5 1
1 6 1
1 7 1
1 8 1
1 9 1
1 10 1
1 12 1
1 17 1
1 18 1
1 21 1
1 25 1
1 26 1
1 28 1
1 29 1
1 32 1
1 35 1
1 36 1
1 38 1
1 40 1
1 41 1
1 43 1
1 45 1
1 48 1
1 49 1
1 50 1
1 54 1
1 56 1
1 62 1
1 63 1
1 65 1
1 69 1
1 72 1
1 74 1
1 77 1
1 79 1
1 83 1
1 84 1
1 85 1
1 86 1
1 93 1
1 98 1
1 105 1
1 118 1
1 125 1
1 133 1
1 138 1
1 142 1
1 151 1
1 161 1
1 163 1
1 165 1
1 176 1
1 177 1
1 178 1
1 196 1
1 202 1
1 204 1
1 205 1
1 224 1
1 226 1
1 246 1
1 271 1
1 307 1
1 312 1
1 335 1
1 344 1
1 348 1
1 359 1
1 369 1
1 379 1
1 381 1
1 390 1
1 398 1
1 405 1
1 409 1
1 416 1
1 419 1
1 427 1
1 491 1
1 506 1
1 509 1
1 511 1
1 524 1
1 537 1
1 553 1
1 555 1
1 564 1
1 600 1
1 624 1
1 627 1
1 653 1
1 663 1
1 684 1
1 712 1
1 717 1
1 718 1
1 730 1
1 746 1
1 756 1
1 757 1
1 759 1
1 786 1
1 806 1
1 823 1
1 843 1
1 844 1
1 845 1
1 849 1
1 853 1
1 877 1
1 893 1
1 895 1
1 913 1
1 930 1
1 955 1
1 1036 1
1 1044 1
1 1109 1
1 1128 1
1 1178 1
1 1198 1
1 1236 1
1 1240 1
1 1255 1
1 1298 1
1 1302 1
1 1319 1
1 1322 1
1 1329 1
1 1336 1
1 1419 1
1 1441 1
1 1448 1
1 1453 1
1 1466 1
1 1504 1
1 1525 1
1 1550 1
1 1575 1
1 1590 1
2 6 1
2 7 1
2 8 1
2 11 1
2 20 1
2 38 1
2 53 1
2 63 1
2 82 1
2 99 1
2 128 1
2 135 1
2 154 1
2 160 1
2 227 1
2 249 1
2 361 1
2 440 1
2 461 1
2 516 1
2 623 1
2 674 1
2 679 1
2 685 1
2 706 1
2 819 1
2 876 1
2 1001 1
2 1194 1
2 1215 1
2 1229 1
2 1279 1
2 1432 1
2 1503 1
2 1511 1
2 1569 1
2 1582 1
2 1589 1
3 9 1
3 24 1
3 40 1
3 51 1
3 79 1
3 80 1
3 96 1
3 135 1
3 155 1
3 169 1
3 174 1
3 193 1
3 233 1
3 271 1
3 275 1
3 287 1
3 289 1
3 314 1
3 330 1
3 362 1
3 385 1
3 483 1
3 539 1
3 567 1
3 590 1
3 604 1
3 629 1
3 638 1
3 668 1
3 979 1
3 1061 1
3 1158 1
3 1263 1
3 1325 1
3 1473 1
3 1479 1
3 1503 1
4 6 1
4 7 1
4 8 1
4 10 1
4 12 1
4 16 1
4 17 1
4 22 1
4 31 1
4 32 1
4 33 1
4 43 1
4 54 1
4 58 1
4 59 1
4 61 1
4 64 1
4 87 1
4 97 1
4 102 1
4 106 1
4 113 1
4 116 1
4 146 1
4 167 1
4 176 1
4 194 1
4 198 1
4 210 1
4 215 1
4 218 1
4 261 1
4 265 1
4 284 1
4 287 1
4 292 1
4 361 1
4 366 1
4 376 1
4 394 1
4 404 1
4 436 1
4 445 1
4 455 1
4 481 1
4 502 1
4 513 1
4 535 1
4 653 1
4 658 1
4 668 1
4 694 1
4 699 1
4 700 1
4 736 1
4 750 1
4 859 1
4 950 1
4 985 1
4 1065 1
4 1119 1
4 1121 1
4 1193 1
4 1202 1
4 1298 1
4 1371 1
4 1377 1
4 1519 1
4 1523 1
4 1528 1
5 6 1
5 7 1
5 11 1
5 13 1
5 14 1
5 17 1
5 22 1
5 26 1
5 27 1
5 57 1
5 61 1
5 63 1
5 67 1
5 71 1
5 81 1
5 138 1
5 151 1
5 175 1
5 183 1
5 197 1
5 203 1
5 211 1
5 215 1
5 216 1
5 246 1
5 300 1
5 393 1
5 409 1
5 452 1
5 481 1
5 484 1
5 486 1
5 506 1
5 512 1
5 517 1
5 562 1
5 563 1
5 565 1
5 607 1
5 659 1
5 694 1
5 716 1
5 745 1
5 768 1
5 774 1
5 778 1
5 782 1
5 826 1
5 1050 1
5 1051 1
5 1073 1
5 1085 1
5 1093 1
5 1138 1
5 1162 1
5 1231 1
5 1232 1
5 1278 1
5 1334 1
5 1423 1
5 1487 1
5 1508 1
5 1559 1
5 1571 1
5 1595 1
6 16 1
6 19 1
6 24 1
6 28 1
6 30 1
6 37 1
6 47 1
6 52 1
6 58 1
6 73 1
6 74 1
6 88 1
6 97 1
6 101 1
6 111 1
6 114 1
6 122 1
6 132 1
6 134 1
6 144 1
6 148 1
6 158 1
6 170 1
6 179 1
6 186 1
6 195 1
6 224 1
6 225 1
6 243 1
6 247 1
6 253 1
6 283 1
6 287 1
6 344 1
6 376 1
6 389 1
6 416 1
6 438 1
6 444 1
6 467 1
6 474 1
6 513 1
6 519 1
6 524 1
6 543 1
6 565 1
6 618 1
6 650 1
6 652 1
6 656 1
6 658 1
6 730 1
6 733 1
6 798 1
6 920 1
6 1018 1
6 1091 1
6 1118 1
6 1141 1
6 1155 1
6 1159 1
6 1165 1
6 1376 1
6 1381 1
6 1448 1
6 1488 1
7 8 1
7 9 1
7 12 1
7 13 1
7 15 1
7 21 1
7 42 1
7 50 1
7 51 1
7 75 1
7 81 1
7 84 1
7 104 1
7 150 1
7 295 1
7 315 1
7 343 1
7 434 1
7 498 1
7 508 1
7 531 1
7 550 1
7 582 1
7 619 1
7 644 1
7 655 1
7 690 1
7 713 1
7 926 1
7 943 1
7 962 1
7 986 1
7 1083 1
7 1174 1
7 1286 1
7 1344 1
7 1401 1
7 1490 1
7 1556 1
8 9 1
8 10 1
8 11 1
8 13 1
8 14 1
8 16 1
8 18 1
8 20 1
8 27 1
8 28 1
8 34 1
8 40 1
8 43 1
8 44 1
8 45 1
8 46 1
8 51 1
8 52 1
8 62 1
8 70 1
8 71 1
8 99 1
8 104 1
8 112 1
8 113 1
8 120 1
8 126 1
8 136 1
8 149 1
8 162 1
8 166 1
8 168 1
8 175 1
8 185 1
8 187 1
8 204 1
8 235 1
8 238 1
8 255 1
8 282 1
8 298 1
8 313 1
8 322 1
8 353 1
8 389 1
8 396 1
8 404 1
8 447 1
8 491 1
8 494 1
8 521 1
8 535 1
8 544 1
8 573 1
8 625 1
8 643 1
8 681 1
8 691 1
8 693 1
8 769 1
8 771 1
8 825 1
8 827 1
8 832 1
8 836 1
8 839 1
8 849 1
8 899 1
8 901 1
8 998 1
8 1022 1
8 1029 1
8 1070 1
8 1085 1
8 1096 1
8 1141 1
8 1175 1
8 1254 1
8 1258 1
8 1307 1
8 1314 1
8 1320 1
8 1333 1
8 1355 1
8 1481 1
8 1506 1
8 1517 1
8 1522 1
8 1552 1
8 1583 1
8 1595 1
9 10 1
9 11 1
9 12 1
9 14 1
9 15 1
9 17 1
9 19 1
9 20 1
9 23 1
9 25 1
9 26 1
9 27 1
9 29 1
9 40 1
9 49 1
9 54 1
9 60 1
9 65 1
9 67 1
9 68 1
9 70 1
9 73 1
9 76 1
9 79 1
9 82 1
9 86 1
9 93 1
9 106 1
9 114 1
9 116 1
9 126 1
9 132 1
9 139 1
9 148 1
9 174 1
9 182 1
9 187 1
9 190 1
9 192 1
9 199 1
9 202 1
9 203 1
9 228 1
9 255 1
9 270 1
9 313 1
9 318 1
9 328 1
9 330 1
9 349 1
9 355 1
9 375 1
9 387 1
9 428 1
9 433 1
9 437 1
9 468 1
9 516 1
9 537 1
9 538 1
9 549 1
9 556 1
9 567 1
9 569 1
9 597 1
9 626 1
9 653 1
9 658 1
9 697 1
9 709 1
9 712 1
9 732 1
9 790 1
9 818 1
9 843 1
9 877 1
9 962 1
9 971 1
9 981 1
9 985 1
9 999 1
9 1044 1
9 1086 1
9 1087 1
9 1112 1
9 1135 1
9 1140 1
9 1147 1
9 1150 1
9 1160 1
9 1190 1
9 1283 1
9 1344 1
9 1402 1
9 1470 1
9 1515 1
9 1537 1
9 1548 1
9 1557 1
9 1567 1
9 1573 1
10 15 1
10 20 1
10 23 1
10 29 1
10 34 1
10 45 1
10 79 1
10 94 1
10 98 1
10 123 1
10 125 1
10 158 1
10 167 1
10 184 1
10 234 1
10 236 1
10 237 1
10 247 1
10 248 1
10 251 1
10 253 1
10 283 1
10 292 1
10 293 1
10 301 1
10 307 1
10 324 1
10 331 1
10 340 1
10 365 1
10 388 1
10 436 1
10 471 1
10 549 1
10 558 1
10 559 1
10 586 1
10 743 1
10 750 1
10 764 1
10 796 1
10 837 1
10 840 1
10 852 1
10 917 1
10 937 1
10 939 1
10 961 1
10 994 1
10 1036 1
10 1045 1
10 1068 1
10 1153 1
10 1189 1
10 1192 1
10 1212 1
10 1258 1
10 1262 1
10 1267 1
10 1320 1
10 1343 1
10 1348 1
10 1395 1
10 1399 1
10 1400 1
10 1476 1
10 1545 1
10 1588 1
11 13 1
11 18 1
11 24 1
11 25 1
11 27 1
11 31 1
11 39 1
11 46 1
11 47 1
11 48 1
11 53 1
11 85 1
11 109 1
11 128 1
11 241 1
11 252 1
11 257 1
11 271 1
11 291 1
11 320 1
11 321 1
11 358 1
11 369 1
11 377 1
11 461 1
11 494 1
11 496 1
11 503 1
11 605 1
11 617 1
11 643 1
11 648 1
11 685 1
11 745 1
11 770 1
11 792 1
11 848 1
11 870 1
11 911 1
11 944 1
11 945 1
11 969 1
11 988 1
11 1006 1
11 1039 1
11 1080 1
11 1195 1
11 1252 1
11 1268 1
11 1289 1
11 1324 1
11 1382 1
11 1526 1
11 1558 1
12 33 1
12 49 1
12 55 1
12 68 1
12 91 1
12 100 1
12 120 1
12 156 1
12 157 1
12 163 1
12 174 1
12 179 1
12 191 1
12 231 1
12 393 1
12 493 1
12 524 1
12 635 1
12 698 1
12 726 1
12 871 1
12 896 1
12 1001 1
12 1088 1
12 1230 1
12 1253 1
12 1299 1
12 1337 1
12 1500 1
12 1529 1
13 14 1
13 18 1
13 19 1
13 30 1
13 52 1
13 55 1
13 87 1
13 104 1
13 120 1
13 121 1
13 128 1
13 130 1
13 180 1
13 196 1
13 205 1
13 242 1
13 262 1
13 379 1
13 406 1
13 410 1
13 454 1
13 475 1
13 488 1
13 492 1
13 515 1
13 518 1
13 587 1
13 648 1
13 690 1
13 809 1
13 836 1
13 850 1
13 941 1
13 983 1
13 990 1
13 996 1
13 1041 1
13 1151 1
13 1205 1
13 1206 1
13 1214 1
13 1222 1
13 1320 1
13 1349 1
13 1375 1
13 1418 1
13 1435 1
13 1476 1
13 1483 1
13 1549 1
13 1575 1
14 15 1
14 22 1
14 31 1
14 34 1
14 39 1
14 56 1
14 76 1
14 77 1
14 103 1
14 141 1
14 142 1
14 176 1
14 181 1
14 197 1
14 250 1
14 280 1
14 281 1
14 294 1
14 325 1
14 335 1
14 338 1
14 347 1
14 360 1
14 362 1
14 364 1
14 366 1
14 383 1
14 391 1
14 419 1
14 447 1
14 471 1
14 682 1
14 711 1
14 769 1
14 794 1
14 810 1
14 834 1
14 902 1
14 952 1
14 1029 1
14 1106 1
14 1244 1
14 1246 1
14 1253 1
14 1331 1
14 1376 1
14 1421 1
14 1596 1
15 16 1
15 26 1
15 37 1
15 87 1
15 135 1
15 141 1
15 150 1
15 180 1
15 190 1
15 194 1
15 201 1
15 222 1
15 226 1
15 238 1
15 239 1
15 266 1
15 281 1
15 295 1
15 326 1
15 329 1
15 357 1
15 368 1
15 397 1
15 477 1
15 555 1
15 566 1
15 602 1
15 614 1
15 644 1
15 696 1
15 715 1
15 728 1
15 730 1
15 752 1
15 753 1
15 783 1
15 813 1
15 880 1
15 893 1
15 964 1
15 992 1
15 1006 1
15 1113 1
15 1123 1
15 1132 1
15 1244 1
15 1309 1
15 1339 1
15 1342 1
15 1376 1
15 1390 1
15 1455 1
15 1590 1
16 19 1
16 22 1
16 32 1
16 38 1
16 70 1
16 80 1
16 138 1
16 151 1
16 214 1
16 221 1
16 233 1
16 258 1
16 260 1
16 277 1
16 278 1
16 314 1
16 339 1
16 369 1
16 384 1
16 392 1
16 406 1
16 439 1
16 473 1
16 504 1
16 554 1
16 615 1
16 631 1
16 640 1
16 651 1
16 773 1
16 835 1
16 916 1
16 941 1
16 947 1
16 1023 1
16 1143 1
16 1194 1
16 1224 1
16 1315 1
16 1335 1
16 1351 1
16 1361 1
16 1362 1
16 1391 1
16 1594 1
17 23 1
17 30 1
17 32 1
17 33 1
17 35 1
17 37 1
17 39 1
17 41 1
17 46 1
17 55 1
17 57 1
17 69 1
17 72 1
17 74 1
17 90 1
17 97 1
17 103 1
17 109 1
17 132 1
17 144 1
17 148 1
17 152 1
17 161 1
17 165 1
17 201 1
17 204 1
17 210 1
17 212 1
17 232 1
17 244 1
17 270 1
17 281 1
17 288 1
17 301 1
17 304 1
17 324 1
17 337 1
17 362 1
17 372 1
17 392 1
17 416 1
17 422 1
17 472 1
17 473 1
17 516 1
17 535 1
17 537 1
17 546 1
17 589 1
17 616 1
17 653 1
17 660 1
17 702 1
17 707 1
17 752 1
17 767 1
17 775 1
17 801 1
17 807 1
17 820 1
17 822 1
17 910 1
17 915 1
17 918 1
17 943 1
17 950 1
17 974 1
17 975 1
17 1075 1
17 1088 1
17 1134 1
17 1178 1
17 1191 1
17 1209 1
17 1216 1
17 1341 1
17 1369 1
17 1383 1
17 1405 1
17 1445 1
17 1453 1
17 1460 1
17 1536 1
17 1568 1
17 1570 1
18 21 1
18 29 1
18 36 1
18 53 1
18 65 1
18 68 1
18 82 1
18 94 1
18 95 1
18 112 1
18 137 1
18 156 1
18 189 1
18 194 1
18 208 1
18 259 1
18 285 1
18 326 1
18 336 1
18 341 1
18 366 1
18 396 1
18 407 1
18 482 1
18 521 1
18 522 1
18 569 1
18 607 1
18 660 1
18 681 1
18 783 1
18 865 1
18 882 1
18 904 1
18 915 1
18 926 1
18 979 1
18 1022 1
18 1029 1
18 1098 1
18 1108 1
18 1152 1
18 1222 1
18 1252 1
18 1464 1
18 1472 1
18 1570 1
19 190 1
19 329 1
19 351 1
19 415 1
19 451 1
19 508 1
19 566 1
19 613 1
19 668 1
19 710 1
19 765 1
19 814 1
19 878 1
20 21 1
20 23 1
20 41 1
20 44 1
20 47 1
20 58 1
20 68 1
20 71 1
20 92 1
20 106 1
20 111 1
20 133 1
20 139 1
20 145 1
20 146 1
20 151 1
20 240 1
20 246 1
20 279 1
20 282 1
20 316 1
20 317 1
20 328 1
20 337 1
20 400 1
20 530 1
20 564 1
20 566 1
20 580 1
20 594 1
20 647 1
20 670 1
20 672 1
20 693 1
20 694 1
20 737 1
20 739 1
20 829 1
20 847 1
20 902 1
20 959 1
20 975 1
20 988 1
20 991 1
20 1125 1
20 1154 1
20 1159 1
20 1218 1
20 1240 1
20 1295 1
20 1541 1
20 1552 1
21 31 1
21 33 1
21 42 1
21 48 1
21 61 1
21 72 1
21 102 1
21 113 1
21 119 1
21 143 1
21 182 1
21 218 1
21 343 1
21 384 1
21 404 1
21 408 1
21 674 1
21 740 1
21 812 1
21 860 1
21 912 1
21 988 1
21 1030 1
21 1107 1
21 1138 1
21 1168 1
21 1219 1
21 1234 1
21 1372 1
21 1418 1
21 1479 1
22 28 1
22 57 1
22 72 1
22 73 1
22 85 1
22 90 1
22 97 1
22 142 1
22 153 1
22 215 1
22 248 1
22 273 1
22 417 1
22 478 1
22 551 1
22 633 1
22 729 1
22 758 1
22 799 1
22 1117 1
22 1190 1
22 1387 1
22 1422 1
22 1440 1
23 24 1
23 37 1
23 53 1
23 60 1
23 62 1
23 96 1
23 116 1
23 127 1
23 129 1
23 184 1
23 219 1
23 266 1
23 269 1
23 307 1
23 351 1
23 421 1
23 499 1
23 500 1
23 505 1
23 550 1
23 676 1
23 779 1
23 1016 1
23 1053 1
23 1266 1
23 1484 1
24 25 1
24 48 1
24 76 1
24 114 1
24 213 1
24 395 1
24 449 1
24 761 1
24 793 1
24 836 1
24 845 1
24 884 1
24 1021 1
24 1065 1
24 1200 1
24 1226 1
24 1248 1
24 1328 1
24 1493 1
24 1534 1
25 30 1
25 34 1
25 38 1
25 69 1
25 74 1
25 80 1
25 94 1
25 105 1
25 110 1
25 121 1
25 147 1
25 159 1
25 172 1
25 183 1
25 217 1
25 234 1
25 236 1
25 284 1
25 310 1
25 318 1
25 333 1
25 352 1
25 443 1
25 479 1
25 502 1
25 546 1
25 574 1
25 591 1
25 609 1
25 650 1
25 728 1
25 746 1
25 815 1
25 863 1
25 923 1
25 1026 1
25 1178 1
25 1453 1
25 1477 1
25 1478 1
25 1518 1
26 50 1
26 64 1
26 78 1
26 108 1
26 160 1
26 179 1
26 188 1
26 211 1
26 259 1
26 288 1
26 303 1
26 315 1
26 317 1
26 318 1
26 330 1
26 347 1
26 355 1
26 372 1
26 396 1
26 398 1
26 417 1
26 526 1
26 532 1
26 554 1
26 613 1
26 632 1
26 666 1
26 686 1
26 808 1
26 819 1
26 889 1
26 900 1
26 932 1
26 941 1
26 990 1
26 1003 1
26 1043 1
26 1057 1
26 1109 1
26 1275 1
26 1282 1
26 1333 1
26 1341 1
26 1356 1
26 1438 1
26 1439 1
27 45 1
27 152 1
27 163 1
27 212 1
27 245 1
27 571 1
27 1105 1
27 1165 1
27 1503 1
27 1518 1
28 52 1
28 70 1
28 76 1
28 148 1
28 149 1
28 242 1
28 359 1
28 418 1
28 443 1
28 563 1
28 577 1
28 735 1
28 757 1
28 765 1
28 847 1
28 1050 1
28 1249 1
28 1400 1
28 1561 1
29 107 1
29 110 1
29 129 1
29 222 1
29 226 1
29 342 1
29 369 1
29 401 1
29 536 1
29 604 1
29 606 1
29 966 1
29 1079 1
29 1211 1
29 1217 1
29 1266 1
30 36 1
30 56 1
30 185 1
30 215 1
30 252 1
30 272 1
30 296 1
30 342 1
30 578 1
30 611 1
30 687 1
30 764 1
30 803 1
30 954 1
30 1236 1
30 1254 1
30 1433 1
31 59 1
31 60 1
31 123 1
31 141 1
31 143 1
31 292 1
31 306 1
31 398 1
31 447 1
31 486 1
31 491 1
31 496 1
31 529 1
31 533 1
31 536 1
31 574 1
31 581 1
31 642 1
31 670 1
31 691 1
31 789 1
31 889 1
31 900 1
31 933 1
31 1200 1
31 1431 1
32 51 1
32 81 1
32 115 1
32 131 1
32 140 1
32 279 1
32 299 1
32 301 1
32 341 1
32 350 1
32 357 1
32 373 1
32 493 1
32 507 1
32 671 1
32 711 1
32 919 1
32 947 1
32 949 1
32 1194 1
32 1266 1
32 1283 1
32 1439 1
32 1580 1
33 35 1
33 39 1
33 41 1
33 44 1
33 49 1
33 57 1
33 103 1
33 144 1
33 157 1
33 163 1
33 173 1
33 203 1
33 207 1
33 249 1
33 250 1
33 276 1
33 285 1
33 293 1
33 340 1
33 403 1
33 431 1
33 480 1
33 501 1
33 518 1
33 558 1
33 638 1
33 641 1
33 654 1
33 660 1
33 802 1
33 936 1
33 970 1
33 986 1
33 1071 1
33 1102 1
33 1208 1
33 1211 1
33 1273 1
33 1318 1
33 1537 1
34 35 1
34 61 1
34 62 1
34 108 1
34 453 1
34 466 1
34 467 1
34 605 1
34 822 1
34 856 1
34 1111 1
34 1425 1
34 1463 1
35 36 1
35 44 1
35 69 1
35 88 1
35 114 1
35 140 1
35 217 1
35 257 1
35 422 1
35 458 1
35 715 1
35 732 1
35 760 1
35 773 1
35 799 1
35 839 1
35 898 1
35 1394 1
36 60 1
36 83 1
36 134 1
36 152 1
36 192 1
36 333 1
36 353 1
36 385 1
36 459 1
36 521 1
36 578 1
36 720 1
36 816 1
36 1026 1
36 1104 1
36 1140 1
36 1160 1
36 1362 1
37 43 1
37 47 1
37 59 1
37 182 1
37 210 1
37 320 1
37 401 1
37 448 1
37 453 1
37 627 1
37 666 1
37 736 1
37 871 1
37 1005 1
37 1193 1
37 1197 1
37 1220 1
37 1254 1
37 1501 1
37 1528 1
37 1568 1
38 42 1
38 50 1
38 54 1
38 87 1
38 98 1
38 129 1
38 139 1
38 185 1
38 305 1
38 306 1
38 390 1
38 420 1
38 451 1
38 664 1
38 714 1
38 748 1
38 769 1
38 969 1
38 997 1
38 1353 1
38 1389 1
39 46 1
39 92 1
39 93 1
39 110 1
39 246 1
39 312 1
39 617 1
39 646 1
39 668 1
39 1512 1
40 42 1
40 55 1
40 75 1
40 83 1
40 99 1
40 115 1
40 127 1
40 140 1
40 175 1
40 187 1
40 216 1
40 232 1
40 254 1
40 272 1
40 294 1
40 469 1
40 585 1
40 690 1
40 717 1
40 742 1
40 755 1
40 758 1
40 778 1
40 801 1
40 927 1
40 1047 1
40 1121 1
40 1255 1
40 1349 1
40 1449 1
40 1508 1
41 77 1
41 83 1
41 105 1
41 201 1
41 266 1
41 279 1
41 320 1
41 487 1
41 489 1
41 533 1
41 596 1
41 698 1
41 772 1
41 786 1
41 864 1
41 949 1
41 1012 1
41 1071 1
41 1255 1
41 1268 1
41 1426 1
41 1531 1
41 1539 1
41 1562 1
41 1564 1
42 239 1
42 281 1
42 363 1
42 416 1
42 541 1
42 571 1
42 791 1
42 797 1
42 1017 1
42 1516 1
43 66 1
43 100 1
43 112 1
43 150 1
43 181 1
43 197 1
43 218 1
43 290 1
43 350 1
43 423 1
43 435 1
43 452 1
43 466 1
43 573 1
43 576 1
43 619 1
43 645 1
43 832 1
43 839 1
43 953 1
43 1076 1
43 1100 1
43 1113 1
44 64 1
44 66 1
44 156 1
44 206 1
44 222 1
44 267 1
44 447 1
44 483 1
44 772 1
44 824 1
44 1007 1
44 1032 1
44 1057 1
44 1097 1
44 1123 1
44 1140 1
44 1489 1
44 1496 1
44 1534 1
44 1555 1
45 135 1
45 199 1
45 228 1
45 450 1
45 555 1
45 766 1
45 825 1
45 911 1
45 1059 1
45 1294 1
45 1300 1
45 1537 1
46 189 1
46 266 1
46 290 1
46 547 1
46 663 1
46 789 1
46 1150 1
47 58 1
47 59 1
47 64 1
47 80 1
47 86 1
47 99 1
47 107 1
47 312 1
47 334 1
47 358 1
47 361 1
47 373 1
47 453 1
47 488 1
47 511 1
47 611 1
47 647 1
47 650 1
47 677 1
47 735 1
47 747 1
47 755 1
47 938 1
47 1078 1
47 1118 1
47 1402 1
47 1427 1
47 1456 1
47 1497 1
47 1504 1
47 1547 1
47 1564 1
47 1567 1
48 67 1
48 119 1
48 273 1
48 338 1
48 353 1
48 383 1
48 481 1
48 543 1
48 661 1
48 669 1
48 840 1
48 859 1
48 862 1
48 1069 1
48 1251 1
48 1485 1
49 66 1
49 86 1
49 89 1
49 120 1
49 121 1
49 124 1
49 149 1
49 167 1
49 171 1
49 178 1
49 181 1
49 195 1
49 198 1
49 231 1
49 295 1
49 568 1
49 701 1
49 815 1
49 831 1
49 842 1
49 900 1
49 907 1
49 1110 1
49 1161 1
49 1353 1
50 71 1
50 78 1
50 84 1
50 88 1
50 95 1
50 100 1
50 165 1
50 169 1
50 177 1
50 180 1
50 200 1
50 249 1
50 270 1
50 277 1
50 299 1
50 305 1
50 318 1
50 323 1
50 327 1
50 346 1
50 388 1
50 446 1
50 520 1
50 539 1
50 633 1
50 647 1
50 666 1
50 708 1
50 731 1
50 746 1
50 781 1
50 854 1
50 859 1
50 868 1
50 875 1
50 885 1
50 887 1
50 890 1
50 1059 1
50 1304 1
50 1311 1
50 1345 1
50 1467 1
51 63 1
51 67 1
51 78 1
51 138 1
51 204 1
51 365 1
51 480 1
51 522 1
51 625 1
51 637 1
51 655 1
51 768 1
51 838 1
51 1024 1
51 1168 1
51 1248 1
51 1445 1
51 1595 1
52 89 1
52 102 1
52 125 1
52 147 1
52 154 1
52 162 1
52 173 1
52 174 1
52 180 1
52 183 1
52 200 1
52 208 1
52 248 1
52 268 1
52 306 1
52 308 1
52 365 1
52 378 1
52 386 1
52 540 1
52 779 1
52 780 1
52 790 1
52 840 1
52 1009 1
52 1221 1
52 1400 1
52 1496 1
53 65 1
53 73 1
53 81 1
53 145 1
53 315 1
53 397 1
53 428 1
53 457 1
53 497 1
53 872 1
53 879 1
53 1048 1
53 1316 1
53 1347 1
53 1585 1
54 56 1
54 216 1
54 219 1
54 546 1
54 813 1
54 863 1
54 889 1
54 1209 1
54 1310 1
54 1335 1
54 1340 1
54 1591 1
55 75 1
55 93 1
55 108 1
55 143 1
55 155 1
55 157 1
55 179 1
55 221 1
55 336 1
55 351 1
55 423 1
55 516 1
55 585 1
55 635 1
55 719 1
55 799 1
55 894 1
55 1072 1
55 1087 1
55 1102 1
55 1115 1
55 1232 1
55 1316 1
55 1331 1
55 1379 1
55 1509 1
55 1570 1
56 66 1
56 85 1
56 103 1
56 111 1
56 121 1
56 170 1
56 171 1
56 319 1
56 325 1
56 425 1
56 440 1
56 450 1
56 485 1
56 575 1
56 657 1
56 675 1
56 806 1
56 860 1
56 870 1
56 887 1
56 1074 1
56 1162 1
56 1294 1
56 1295 1
56 1447 1
57 149 1
57 244 1
57 326 1
57 571 1
57 596 1
57 823 1
57 874 1
57 1071 1
57 1113 1
58 89 1
58 186 1
58 236 1
58 260 1
58 356 1
58 367 1
58 389 1
58 1154 1
59 82 1
59 88 1
59 143 1
59 161 1
59 206 1
59 240 1
59 247 1
59 302 1
59 429 1
59 528 1
59 572 1
59 595 1
59 677 1
59 699 1
59 720 1
59 738 1
59 849 1
59 886 1
59 898 1
59 956 1
59 1067 1
59 1123 1
59 1295 1
59 1351 1
59 1392 1
60 90 1
60 119 1
60 129 1
60 171 1
60 234 1
60 243 1
60 269 1
60 299 1
60 449 1
60 460 1
60 490 1
60 607 1
60 955 1
60 1234 1
60 1285 1
60 1383 1
60 1491 1
61 105 1
61 106 1
61 132 1
61 307 1
61 379 1
61 381 1
61 441 1
61 620 1
61 709 1
61 796 1
61 866 1
61 879 1
61 937 1
61 989 1
61 1147 1
61 1210 1
61 1311 1
62 77 1
62 101 1
62 119 1
62 150 1
62 184 1
62 239 1
62 263 1
62 371 1
62 372 1
62 414 1
62 456 1
62 472 1
62 519 1
62 639 1
62 651 1
62 878 1
62 914 1
62 1023 1
62 1081 1
62 1130 1
63 122 1
63 257 1
63 275 1
63 454 1
63 1533 1
63 1553 1
64 124 1
64 144 1
64 205 1
64 274 1
64 286 1
64 317 1
64 332 1
64 354 1
64 406 1
64 419 1
64 435 1
64 468 1
64 598 1
64 649 1
64 696 1
64 697 1
64 737 1
64 899 1
64 917 1
64 926 1
64 995 1
64 1133 1
64 1144 1
64 1249 1
64 1290 1
64 1539 1
64 1589 1
65 90 1
65 100 1
65 191 1
65 203 1
65 228 1
65 399 1
65 405 1
65 473 1
65 487 1
65 544 1
65 557 1
65 566 1
65 614 1
65 617 1
65 628 1
65 640 1
65 680 1
65 722 1
65 792 1
65 832 1
65 886 1
65 895 1
65 1111 1
65 1151 1
65 1183 1
65 1288 1
65 1429 1
66 95 1
66 96 1
66 131 1
66 136 1
66 146 1
66 188 1
66 189 1
66 263 1
66 320 1
66 402 1
66 424 1
66 429 1
66 644 1
66 776 1
66 811 1
66 841 1
66 849 1
66 965 1
66 990 1
66 1082 1
66 1161 1
66 1166 1
66 1191 1
66 1377 1
66 1475 1
66 1487 1
66 1510 1
67 166 1
67 196 1
67 378 1
67 387 1
67 595 1
67 784 1
67 1049 1
67 1068 1
68 75 1
68 117 1
68 194 1
68 251 1
68 256 1
68 290 1
68 357 1
68 390 1
68 408 1
68 437 1
68 507 1
68 523 1
68 561 1
68 619 1
68 704 1
68 858 1
68 969 1
68 1027 1
68 1092 1
68 1112 1
68 1156 1
68 1294 1
68 1297 1
68 1328 1
68 1463 1
68 1490 1
68 1546 1
69 117 1
69 137 1
69 147 1
69 159 1
69 182 1
69 185 1
69 199 1
69 242 1
69 380 1
69 499 1
69 507 1
69 541 1
69 542 1
69 623 1
69 661 1
69 676 1
69 714 1
69 742 1
69 794 1
69 814 1
69 837 1
69 857 1
69 872 1
69 934 1
69 942 1
69 965 1
69 1059 1
69 1218 1
69 1511 1
69 1514 1
70 89 1
70 115 1
70 128 1
70 152 1
70 170 1
70 261 1
70 264 1
70 341 1
70 439 1
70 458 1
70 674 1
70 762 1
70 771 1
70 777 1
70 958 1
70 966 1
70 970 1
70 973 1
70 1142 1
70 1325 1
70 1366 1
70 1384 1
70 1507 1
70 1535 1
70 1574 1
71 91 1
71 104 1
71 520 1
71 1081 1
71 1323 1
71 1348 1
71 1372 1
72 92 1
72 96 1
72 541 1
72 692 1
72 1033 1
73 91 1
73 137 1
73 158 1
73 181 1
73 371 1
73 435 1
73 442 1
73 628 1
73 720 1
73 742 1
73 765 1
73 780 1
73 826 1
73 934 1
73 1015 1
73 1031 1
73 1104 1
73 1113 1
73 1224 1
73 1251 1
73 1360 1
73 1422 1
73 1588 1
74 84 1
74 127 1
74 131 1
74 264 1
74 321 1
74 448 1
74 472 1
74 529 1
74 540 1
74 644 1
74 691 1
74 883 1
74 919 1
74 977 1
74 1277 1
74 1330 1
74 1465 1
74 1579 1
75 95 1
75 131 1
75 146 1
75 166 1
75 186 1
75 201 1
75 230 1
75 231 1
75 280 1
75 284 1
75 438 1
75 477 1
75 490 1
75 605 1
75 678 1
75 684 1
75 774 1
75 806 1
75 862 1
75 888 1
75 1050 1
75 1152 1
75 1183 1
75 1184 1
75 1190 1
75 1437 1
76 78 1
76 91 1
76 110 1
76 116 1
76 157 1
76 289 1
76 426 1
76 439 1
76 530 1
76 559 1
76 564 1
76 646 1
76 780 1
76 841 1
76 987 1
76 1146 1
76 1207 1
76 1310 1
76 1377 1
77 117 1
77 331 1
77 499 1
77 676 1
77 995 1
77 1221 1
77 1364 1
78 117 1
78 159 1
78 207 1
78 221 1
78 248 1
78 367 1
78 651 1
78 968 1
78 1003 1
78 1241 1
78 1420 1
78 1458 1
78 1588 1
79 101 1
79 111 1
79 164 1
79 173 1
79 177 1
79 178 1
79 198 1
79 221 1
79 232 1
79 244 1
79 299 1
79 484 1
79 499 1
79 556 1
79 825 1
79 841 1
79 880 1
79 1143 1
79 1226 1
79 1270 1
79 1356 1
80 124 1
80 278 1
80 327 1
80 480 1
80 565 1
80 806 1
80 1422 1
80 1482 1
80 1493 1
81 136 1
81 175 1
81 193 1
81 259 1
81 323 1
81 346 1
81 378 1
81 582 1
81 905 1
81 997 1
81 1084 1
81 1152 1
81 1173 1
81 1212 1
81 1291 1
81 1296 1
81 1312 1
81 1385 1
81 1452 1
81 1596 1
82 168 1
82 195 1
82 222 1
82 304 1
82 444 1
82 470 1
82 520 1
82 627 1
82 631 1
82 942 1
82 1095 1
82 1119 1
82 1185 1
82 1255 1
82 1470 1
83 334 1
83 411 1
83 492 1
83 721 1
83 901 1
83 1005 1
83 1509 1
84 169 1
84 172 1
84 214 1
84 251 1
84 262 1
84 311 1
84 376 1
84 642 1
84 744 1
84 1321 1
85 98 1
85 167 1
85 239 1
85 298 1
85 507 1
85 533 1
85 576 1
85 601 1
85 622 1
85 663 1
85 798 1
85 876 1
85 888 1
85 905 1
85 1009 1
85 1074 1
85 1334 1
86 237 1
86 354 1
86 464 1
86 539 1
86 743 1
86 787 1
86 878 1
86 1178 1
87 102 1
87 133 1
87 141 1
87 164 1
87 190 1
87 278 1
87 340 1
87 414 1
87 584 1
87 637 1
87 914 1
87 956 1
87 958 1
87 1066 1
87 1181 1
87 1329 1
87 1501 1
87 1535 1
88 159 1
88 164 1
88 198 1
88 208 1
88 220 1
88 229 1
88 238 1
88 241 1
88 258 1
88 311 1
88 327 1
88 652 1
88 682 1
88 904 1
88 942 1
88 1198 1
88 1214 1
88 1267 1
88 1295 1
88 1388 1
88 1459 1
88 1510 1
89 124 1
89 297 1
89 400 1
89 424 1
89 465 1
89 525 1
89 620 1
89 695 1
89 867 1
89 1023 1
89 1026 1
89 1052 1
89 1095 1
89 1116 1
89 1179 1
89 1278 1
89 1304 1
89 1396 1
89 1558 1
90 92 1
90 229 1
90 1150 1
90 1398 1
90 1521 1
91 225 1
91 311 1
91 850 1
91 1041 1
91 1314 1
92 94 1
92 130 1
92 505 1
92 543 1
92 854 1
92 892 1
92 928 1
92 1251 1
92 1537 1
93 170 1
93 178 1
93 193 1
93 225 1
93 247 1
93 316 1
93 523 1
93 600 1
93 630 1
93 688 1
93 766 1
93 837 1
93 875 1
93 1001 1
93 1125 1
94 109 1
94 113 1
94 126 1
94 166 1
94 186 1
94 202 1
94 297 1
94 322 1
94 345 1
94 356 1
94 359 1
94 364 1
94 391 1
94 415 1
94 557 1
94 615 1
94 646 1
94 734 1
94 847 1
94 858 1
94 1025 1
94 1030 1
94 1040 1
94 1174 1
94 1187 1
94 1220 1
94 1273 1
94 1351 1
94 1369 1
94 1563 1
95 101 1
95 109 1
95 126 1
95 162 1
95 233 1
95 235 1
95 256 1
95 405 1
95 443 1
95 468 1
95 588 1
95 634 1
95 831 1
95 890 1
95 908 1
95 1091 1
95 1163 1
95 1257 1
95 1275 1
95 1279 1
95 1316 1
95 1342 1
95 1365 1
95 1457 1
95 1486 1
95 1565 1
96 162 1
96 229 1
96 253 1
96 274 1
96 294 1
96 352 1
96 452 1
96 508 1
96 603 1
96 606 1
96 610 1
96 623 1
96 822 1
96 924 1
96 1161 1
96 1212 1
96 1489 1
97 115 1
97 191 1
97 300 1
97 314 1
97 340 1
97 378 1
97 381 1
97 476 1
97 490 1
97 539 1
97 768 1
97 804 1
97 821 1
97 978 1
97 983 1
97 1012 1
97 1056 1
97 1152 1
97 1157 1
97 1188 1
97 1284 1
97 1309 1
97 1318 1
98 107 1
98 118 1
98 130 1
98 147 1
98 300 1
98 323 1
98 598 1
98 732 1
98 1028 1
99 145 1
99 193 1
99 260 1
99 382 1
99 473 1
99 591 1
99 835 1
100 108 1
100 171 1
100 230 1
100 242 1
100 329 1
100 346 1
100 913 1
100 1095 1
100 1249 1
100 1261 1
100 1413 1
100 1485 1
100 1591 1
101 158 1
101 309 1
101 403 1
101 804 1
101 994 1
101 1447 1
102 133 1
102 410 1
102 665 1
102 879 1
102 1399 1
103 153 1
103 191 1
103 390 1
103 1110 1
103 1447 1
104 107 1
104 125 1
104 134 1
104 161 1
104 214 1
104 262 1
104 293 1
104 452 1
104 485 1
104 519 1
104 554 1
104 756 1
104 906 1
104 1169 1
104 1280 1
104 1410 1
104 1454 1
104 1599 1
105 123 1
105 187 1
105 213 1
105 269 1
105 675 1
105 703 1
105 754 1
105 770 1
105 815 1
105 818 1
105 937 1
105 964 1
105 1310 1
105 1354 1
105 1437 1
106 153 1
106 224 1
106 455 1
106 657 1
106 831 1
106 1056 1
106 1267 1
106 1552 1
106 1564 1
107 118 1
107 139 1
107 192 1
107 437 1
107 446 1
107 795 1
107 1078 1
107 1208 1
107 1248 1
107 1404 1
108 118 1
108 253 1
108 286 1
108 367 1
108 450 1
108 550 1
108 553 1
108 628 1
108 726 1
108 788 1
108 929 1
108 933 1
108 944 1
109 209 1
109 304 1
109 326 1
109 368 1
109 374 1
109 425 1
109 502 1
109 567 1
109 650 1
109 673 1
109 1047 1
109 1226 1
109 1282 1
109 1546 1
110 112 1
110 127 1
110 153 1
110 155 1
110 310 1
110 335 1
110 425 1
110 604 1
110 640 1
110 670 1
110 1011 1
110 1134 1
110 1224 1
110 1324 1
110 1486 1
110 1487 1
111 122 1
111 142 1
111 160 1
111 255 1
111 811 1
111 1139 1
111 1145 1
111 1264 1
111 1597 1
112 946 1
113 160 1
113 164 1
113 176 1
113 236 1
113 283 1
113 331 1
113 461 1
113 506 1
113 564 1
113 702 1
113 741 1
113 767 1
113 825 1
113 829 1
113 866 1
113 1001 1
113 1052 1
113 1246 1
113 1250 1
113 1297 1
113 1428 1
113 1525 1
113 1535 1
114 258 1
114 357 1
114 1027 1
115 232 1
115 612 1
115 1215 1
115 1599 1
116 122 1
116 224 1
116 579 1
116 842 1
116 1068 1
116 1241 1
116 1260 1
116 1528 1
116 1593 1
117 137 1
117 276 1
117 333 1
117 375 1
117 377 1
117 404 1
117 588 1
117 678 1
117 746 1
117 857 1
117 921 1
117 1000 1
117 1010 1
117 1039 1
117 1066 1
117 1183 1
117 1306 1
117 1406 1
117 1462 1
117 1478 1
117 1509 1
118 130 1
118 332 1
118 365 1
118 388 1
118 413 1
118 429 1
118 622 1
118 651 1
118 727 1
118 897 1
118 981 1
118 1281 1
118 1551 1
119 140 1
119 271 1
119 701 1
120 189 1
120 465 1
120 485 1
120 581 1
120 933 1
120 1111 1
120 1252 1
120 1392 1
120 1405 1
120 1455 1
120 1585 1
121 207 1
121 342 1
121 890 1
122 123 1
122 264 1
122 412 1
122 470 1
122 523 1
122 586 1
122 941 1
122 1093 1
122 1162 1
123 155 1
123 303 1
123 304 1
123 316 1
123 358 1
123 370 1
123 406 1
123 462 1
123 522 1
123 626 1
123 687 1
123 760 1
123 800 1
123 881 1
123 920 1
123 1584 1
124 319 1
124 385 1
124 393 1
124 413 1
124 683 1
124 724 1
124 846 1
124 967 1
124 1325 1
125 196 1
125 197 1
125 235 1
125 389 1
125 446 1
125 476 1
125 485 1
125 556 1
125 893 1
125 925 1
125 1204 1
125 1455 1
125 1497 1
125 1555 1
125 1590 1
126 268 1
126 308 1
126 608 1
126 672 1
126 843 1
126 1206 1
126 1303 1
126 1312 1
127 656 1
127 1136 1
128 228 1
128 593 1
129 286 1
129 349 1
129 707 1
129 741 1
129 921 1
129 978 1
129 1008 1
129 1167 1
129 1309 1
129 1368 1
129 1430 1
130 154 1
130 206 1
130 328 1
130 335 1
130 397 1
130 450 1
130 478 1
130 528 1
130 738 1
130 838 1
130 884 1
130 1000 1
130 1011 1
130 1540 1
131 134 1
131 192 1
131 268 1
131 305 1
131 310 1
131 432 1
131 654 1
131 686 1
131 920 1
131 982 1
131 1103 1
131 1326 1
131 1513 1
132 1563 1
133 136 1
133 183 1
133 296 1
133 363 1
133 659 1
133 749 1
133 779 1
133 867 1
133 871 1
133 970 1
133 1061 1
133 1089 1
133 1139 1
133 1521 1
134 169 1
134 172 1
134 302 1
134 478 1
134 556 1
134 623 1
134 642 1
134 830 1
134 838 1
134 841 1
134 1089 1
134 1383 1
135 156 1
135 229 1
135 237 1
135 245 1
135 337 1
135 362 1
135 402 1
135 427 1
135 440 1
135 648 1
135 732 1
135 863 1
135 875 1
135 925 1
135 1002 1
135 1016 1
135 1208 1
135 1259 1
135 1262 1
135 1278 1
135 1321 1
135 1322 1
135 1339 1
135 1383 1
135 1390 1
136 173 1
136 667 1
137 145 1
137 382 1
137 514 1
137 797 1
137 1176 1
138 165 1
138 280 1
138 291 1
138 301 1
138 517 1
138 600 1
138 751 1
138 761 1
138 824 1
138 1015 1
138 1126 1
139 220 1
139 412 1
139 464 1
139 561 1
139 968 1
139 1093 1
139 1117 1
139 1130 1
139 1169 1
139 1325 1
139 1423 1
139 1509 1
140 267 1
140 422 1
140 512 1
140 514 1
140 552 1
140 657 1
140 667 1
140 874 1
140 984 1
140 1267 1
140 1279 1
140 1286 1
140 1290 1
140 1600 1
141 211 1
141 231 1
141 282 1
141 302 1
141 333 1
141 363 1
141 492 1
141 916 1
141 1056 1
141 1312 1
141 1324 1
141 1446 1
142 464 1
142 924 1
142 946 1
143 154 1
143 213 1
143 214 1
143 252 1
143 409 1
143 629 1
143 643 1
143 680 1
143 1127 1
144 168 1
144 243 1
144 462 1
144 478 1
144 531 1
144 534 1
144 631 1
144 666 1
144 790 1
144 807 1
144 812 1
144 883 1
144 1092 1
144 1175 1
144 1225 1
144 1554 1
145 474 1
145 1034 1
145 1199 1
145 1364 1
146 168 1
146 316 1
146 334 1
146 337 1
146 630 1
146 754 1
146 981 1
146 1206 1
146 1246 1
146 1580 1
147 172 1
147 322 1
147 465 1
147 532 1
147 577 1
147 593 1
147 601 1
147 857 1
147 875 1
147 1176 1
147 1200 1
148 209 1
148 256 1
148 297 1
148 322 1
148 372 1
148 380 1
148 401 1
148 545 1
148 734 1
148 851 1
148 1090 1
148 1464 1
148 1496 1
149 273 1
149 407 1
149 470 1
149 692 1
149 792 1
149 811 1
149 840 1
149 925 1
149 939 1
149 1092 1
149 1117 1
149 1156 1
149 1243 1
149 1421 1
150 275 1
150 802 1
150 833 1
150 834 1
150 1016 1
151 758 1
151 1065 1
152 368 1
152 438 1
152 442 1
152 455 1
152 467 1
152 707 1
152 764 1
152 919 1
152 923 1
152 1120 1
152 1128 1
152 1185 1
152 1213 1
152 1236 1
152 1293 1
152 1427 1
153 383 1
153 575 1
153 621 1
154 218 1
154 277 1
154 384 1
154 399 1
154 412 1
155 254 1
155 259 1
155 288 1
155 395 1
155 430 1
155 463 1
155 515 1
155 649 1
155 947 1
155 1352 1
155 1480 1
156 212 1
156 227 1
156 269 1
156 349 1
156 850 1
156 1196 1
156 1327 1
157 770 1
157 848 1
157 1048 1
157 1176 1
157 1403 1
158 227 1
158 287 1
158 315 1
158 433 1
158 437 1
158 510 1
158 601 1
158 625 1
158 641 1
158 1083 1
158 1102 1
158 1339 1
158 1409 1
158 1419 1
158 1488 1
158 1495 1
158 1545 1
159 328 1
159 411 1
159 562 1
159 702 1
159 1431 1
160 356 1
160 380 1
160 417 1
160 613 1
160 622 1
160 673 1
160 951 1
160 1084 1
160 1195 1
160 1251 1
160 1596 1
161 195 1
161 230 1
161 363 1
161 408 1
161 496 1
161 570 1
161 706 1
161 1047 1
161 1426 1
162 177 1
162 285 1
162 809 1
163 254 1
163 263 1
163 268 1
163 290 1
163 495 1
163 575 1
163 626 1
163 781 1
163 824 1
163 881 1
163 963 1
163 970 1
163 1089 1
164 209 1
164 216 1
164 303 1
164 393 1
164 408 1
164 431 1
164 469 1
164 554 1
164 589 1
164 635 1
164 685 1
164 820 1
164 905 1
164 923 1
164 939 1
164 1247 1
164 1330 1
164 1446 1
165 206 1
165 354 1
165 370 1
165 773 1
166 360 1
166 899 1
166 1124 1
166 1153 1
166 1529 1
167 200 1
167 244 1
167 352 1
167 364 1
167 596 1
167 771 1
167 837 1
167 983 1
167 1093 1
168 235 1
168 1379 1
168 1578 1
169 298 1
169 458 1
169 1017 1
170 345 1
170 400 1
170 511 1
170 544 1
170 629 1
170 870 1
170 1364 1
170 1427 1
171 188 1
171 267 1
171 624 1
171 692 1
171 762 1
171 980 1
171 1494 1
172 188 1
172 200 1
172 217 1
172 288 1
172 309 1
172 386 1
172 443 1
172 492 1
172 525 1
172 568 1
172 576 1
172 753 1
172 799 1
172 865 1
172 972 1
172 1105 1
172 1245 1
172 1259 1
172 1332 1
172 1450 1
172 1573 1
172 1599 1
173 245 1
173 308 1
173 1123 1
173 1287 1
173 1539 1
173 1593 1
174 223 1
174 234 1
174 407 1
174 548 1
174 687 1
174 741 1
174 824 1
174 853 1
174 914 1
174 1005 1
174 1204 1
174 1265 1
174 1440 1
174 1462 1
174 1524 1
174 1532 1
174 1547 1
175 1100 1
176 211 1
176 227 1
176 258 1
176 273 1
176 462 1
176 740 1
176 974 1
176 1045 1
176 1410 1
176 1540 1
178 245 1
178 256 1
178 295 1
178 310 1
178 336 1
178 503 1
178 537 1
178 1333 1
178 1444 1
178 1526 1
178 1543 1
179 456 1
179 588 1
179 852 1
179 1024 1
180 414 1
180 428 1
180 972 1
180 1259 1
180 1524 1
181 220 1
181 225 1
181 347 1
181 633 1
181 1102 1
181 1291 1
181 1510 1
181 1533 1
181 1573 1
182 184 1
182 276 1
182 457 1
182 483 1
182 585 1
182 684 1
182 797 1
182 838 1
182 1230 1
182 1544 1
183 334 1
184 230 1
184 261 1
184 343 1
184 425 1
184 628 1
184 1004 1
184 1091 1
185 223 1
185 529 1
185 583 1
185 609 1
185 690 1
185 772 1
185 852 1
185 902 1
185 906 1
185 1012 1
185 1079 1
185 1174 1
186 270 1
186 415 1
186 655 1
186 888 1
186 1257 1
186 1525 1
187 336 1
187 391 1
187 552 1
187 753 1
188 205 1
188 210 1
188 286 1
188 370 1
188 475 1
188 510 1
188 545 1
188 1082 1
189 394 1
189 608 1
189 924 1
189 1083 1
189 1216 1
189 1311 1
189 1528 1
190 272 1
190 366 1
190 505 1
190 585 1
190 763 1
190 969 1
190 1101 1
190 1171 1
190 1338 1
190 1418 1
190 1571 1
191 275 1
191 289 1
191 419 1
191 524 1
191 1187 1
192 272 1
192 305 1
192 400 1
192 441 1
192 592 1
192 599 1
192 689 1
192 723 1
192 725 1
192 931 1
192 1175 1
193 207 1
193 343 1
193 482 1
193 515 1
193 1238 1
193 1437 1
193 1471 1
194 202 1
194 250 1
194 260 1
194 298 1
194 306 1
194 354 1
194 434 1
194 501 1
194 504 1
194 614 1
194 787 1
194 839 1
194 882 1
194 1058 1
194 1154 1
194 1180 1
194 1207 1
194 1414 1
195 493 1
195 560 1
195 909 1
195 1367 1
196 212 1
196 331 1
196 444 1
196 451 1
196 535 1
196 563 1
196 861 1
196 1443 1
196 1492 1
196 1518 1
197 199 1
197 262 1
197 313 1
197 330 1
197 351 1
197 388 1
197 414 1
197 654 1
197 679 1
197 868 1
197 870 1
197 891 1
197 1006 1
197 1042 1
197 1087 1
197 1542 1
198 208 1
198 501 1
198 570 1
198 777 1
198 829 1
198 1210 1
199 243 1
199 361 1
199 421 1
199 584 1
199 707 1
199 819 1
199 1114 1
199 1330 1
199 1366 1
199 1376 1
200 223 1
200 296 1
200 319 1
200 705 1
200 989 1
200 1391 1
201 656 1
201 683 1
201 763 1
202 897 1
202 996 1
202 1161 1
202 1569 1
203 415 1
204 209 1
204 274 1
204 580 1
204 718 1
204 719 1
204 747 1
204 771 1
205 237 1
205 251 1
205 317 1
205 374 1
205 553 1
205 919 1
205 921 1
205 1004 1
205 1033 1
205 1062 1
206 1014 1
206 1122 1
206 1149 1
206 1278 1
207 442 1
207 479 1
207 560 1
207 709 1
207 864 1
207 1164 1
207 1167 1
207 1490 1
208 280 1
208 309 1
208 701 1
208 770 1
208 1044 1
208 1166 1
208 1260 1
208 1598 1
209 220 1
209 261 1
209 321 1
209 456 1
209 509 1
209 527 1
209 557 1
209 599 1
209 700 1
210 291 1
210 347 1
210 505 1
210 1019 1
210 1028 1
210 1168 1
210 1271 1
210 1391 1
210 1442 1
210 1512 1
211 213 1
211 219 1
211 660 1
211 686 1
211 854 1
211 888 1
211 1219 1
211 1323 1
211 1443 1
212 265 1
212 542 1
212 817 1
212 945 1
212 1012 1
212 1256 1
212 1385 1
212 1450 1
212 1519 1
213 421 1
213 503 1
213 532 1
213 601 1
213 665 1
213 943 1
213 951 1
213 1043 1
213 1180 1
213 1196 1
213 1382 1
214 233 1
214 274 1
214 344 1
214 345 1
214 396 1
214 574 1
214 621 1
214 648 1
214 722 1
214 782 1
214 936 1
215 217 1
215 240 1
215 250 1
215 352 1
215 379 1
215 380 1
215 590 1
215 598 1
215 631 1
215 1116 1
215 1247 1
215 1417 1
215 1449 1
216 348 1
216 540 1
216 664 1
216 669 1
216 869 1
216 1158 1
217 223 1
217 793 1
217 846 1
217 1201 1
217 1272 1
217 1396 1
218 219 1
218 226 1
218 249 1
218 303 1
218 373 1
218 399 1
218 475 1
218 823 1
218 1025 1
218 1089 1
218 1461 1
219 430 1
219 460 1
219 549 1
219 704 1
219 946 1
219 990 1
219 1357 1
220 384 1
220 1020 1
220 1040 1
221 433 1
221 594 1
221 616 1
221 663 1
222 358 1
223 489 1
224 1403 1
225 392 1
225 470 1
225 807 1
225 1118 1
225 1586 1
226 431 1
226 542 1
226 570 1
226 894 1
226 1038 1
226 1103 1
226 1487 1
227 241 1
227 264 1
227 426 1
227 495 1
227 514 1
227 582 1
227 727 1
227 755 1
227 788 1
227 791 1
227 1121 1
227 1124 1
227 1298 1
227 1355 1
227 1599 1
228 460 1
228 489 1
228 613 1
228 1327 1
228 1548 1
229 240 1
229 276 1
229 293 1
229 618 1
229 1022 1
230 497 1
230 600 1
230 960 1
231 238 1
231 459 1
231 538 1
231 867 1
231 1101 1
232 277 1
232 341 1
232 592 1
232 593 1
232 745 1
232 1269 1
232 1360 1
233 263 1
233 338 1
234 382 1
235 444 1
235 680 1
235 763 1
235 768 1
235 1287 1
235 1531 1
236 377 1
236 428 1
236 449 1
236 454 1
236 458 1
236 860 1
236 884 1
236 1000 1
236 1345 1
236 1483 1
236 1585 1
237 241 1
237 368 1
237 394 1
237 497 1
237 869 1
237 933 1
237 1127 1
237 1367 1
237 1598 1
238 956 1
238 1060 1
239 427 1
239 882 1
239 922 1
239 1159 1
239 1194 1
239 1263 1
239 1409 1
239 1506 1
240 431 1
240 719 1
240 744 1
240 1293 1
240 1381 1
241 252 1
241 257 1
241 278 1
241 407 1
241 523 1
241 562 1
241 590 1
241 652 1
241 795 1
241 955 1
241 1021 1
241 1191 1
241 1211 1
241 1247 1
241 1305 1
241 1454 1
242 454 1
242 487 1
242 494 1
242 917 1
242 1117 1
242 1189 1
243 308 1
243 1054 1
243 1137 1
243 1559 1
245 696 1
245 1074 1
245 1080 1
246 282 1
246 314 1
246 491 1
246 493 1
246 583 1
246 641 1
246 678 1
246 751 1
246 774 1
246 782 1
246 890 1
246 991 1
246 1007 1
246 1146 1
246 1158 1
246 1294 1
246 1308 1
246 1441 1
247 267 1
247 325 1
247 345 1
247 466 1
247 874 1
248 376 1
248 525 1
248 957 1
249 254 1
249 279 1
249 373 1
249 395 1
249 527 1
249 528 1
249 572 1
249 857 1
249 920 1
249 1015 1
249 1551 1
250 255 1
250 1166 1
250 1177 1
250 1549 1
250 1583 1
251 319 1
251 1289 1
252 313 1
252 476 1
252 578 1
252 993 1
253 289 1
253 367 1
253 434 1
253 459 1
253 756 1
253 984 1
254 296 1
254 374 1
254 420 1
254 508 1
254 574 1
254 591 1
254 961 1
255 265 1
255 312 1
255 455 1
255 703 1
255 725 1
255 812 1
255 1014 1
255 1094 1
255 1191 1
255 1201 1
255 1397 1
255 1516 1
256 265 1
256 784 1
256 802 1
256 1290 1
256 1393 1
256 1456 1
256 1553 1
257 374 1
257 386 1
257 411 1
257 417 1
257 495 1
257 583 1
257 769 1
257 772 1
257 820 1
257 827 1
257 984 1
257 994 1
257 1115 1
257 1293 1
257 1343 1
257 1539 1
258 297 1
258 323 1
258 399 1
258 671 1
258 971 1
258 1517 1
259 284 1
259 543 1
259 664 1
259 673 1
259 689 1
259 760 1
259 804 1
259 815 1
259 1110 1
259 1150 1
259 1357 1
261 498 1
262 338 1
262 398 1
262 695 1
262 781 1
262 948 1
262 1088 1
262 1264 1
262 1467 1
263 387 1
263 402 1
263 542 1
263 588 1
263 773 1
263 777 1
263 975 1
263 1138 1
263 1179 1
263 1408 1
263 1416 1
264 381 1
264 423 1
264 488 1
264 587 1
264 903 1
264 936 1
264 1078 1
264 1160 1
265 329 1
265 364 1
265 445 1
265 551 1
265 733 1
265 1090 1
265 1169 1
265 1229 1
265 1256 1
266 342 1
266 391 1
266 584 1
266 592 1
266 767 1
266 1070 1
266 1344 1
266 1352 1
266 1426 1
267 427 1
267 822 1
269 309 1
269 387 1
269 445 1
269 509 1
269 540 1
269 634 1
269 730 1
269 807 1
269 868 1
269 1040 1
269 1165 1
269 1167 1
269 1527 1
270 324 1
270 356 1
270 418 1
270 693 1
270 776 1
270 1021 1
270 1217 1
270 1264 1
270 1299 1
271 785 1
271 1013 1
271 1172 1
271 1328 1
271 1406 1
272 294 1
272 550 1
272 586 1
272 611 1
272 672 1
272 957 1
272 1356 1
273 348 1
273 360 1
273 612 1
273 689 1
273 892 1
273 952 1
274 292 1
274 302 1
274 597 1
274 618 1
274 671 1
274 877 1
274 959 1
274 1070 1
274 1204 1
274 1406 1
275 291 1
275 461 1
275 536 1
275 645 1
275 809 1
275 874 1
275 1372 1
275 1478 1
276 346 1
276 422 1
276 520 1
276 561 1
276 571 1
276 645 1
276 705 1
276 872 1
276 964 1
276 1131 1
277 285 1
277 466 1
277 1060 1
277 1122 1
278 283 1
278 324 1
278 916 1
278 950 1
278 1063 1
278 1148 1
278 1186 1
278 1361 1
279 603 1
279 1420 1
280 392 1
280 500 1
280 1054 1
280 1133 1
280 1164 1
280 1597 1
281 514 1
281 536 1
281 791 1
281 1404 1
281 1405 1
281 1473 1
281 1558 1
282 339 1
282 411 1
282 421 1
282 426 1
282 471 1
282 487 1
282 548 1
282 625 1
282 798 1
282 907 1
282 992 1
282 1030 1
282 1094 1
282 1148 1
282 1202 1
282 1322 1
282 1331 1
282 1332 1
282 1362 1
283 519 1
284 762 1
284 931 1
284 1198 1
285 775 1
285 816 1
285 1280 1
286 482 1
286 1326 1
286 1451 1
287 311 1
287 610 1
287 985 1
288 545 1
288 553 1
288 605 1
288 783 1
288 1082 1
288 1104 1
288 1536 1
289 344 1
289 360 1
289 498 1
289 674 1
289 686 1
289 821 1
289 907 1
289 940 1
290 517 1
290 612 1
290 641 1
290 657 1
290 729 1
290 754 1
290 1386 1
291 513 1
291 633 1
291 638 1
291 649 1
291 662 1
292 793 1
293 435 1
294 624 1
294 750 1
294 987 1
294 1028 1
294 1072 1
294 1132 1
294 1205 1
294 1319 1
295 1046 1
295 1209 1
295 1335 1
296 300 1
296 480 1
296 910 1
296 1197 1
297 382 1
297 551 1
297 1019 1
298 339 1
298 912 1
298 1032 1
298 1282 1
299 584 1
299 626 1
299 635 1
299 696 1
299 903 1
299 1132 1
299 1188 1
299 1449 1
299 1565 1
300 465 1
300 472 1
300 509 1
300 529 1
300 752 1
300 810 1
300 901 1
300 1276 1
301 895 1
302 321 1
302 572 1
302 620 1
302 706 1
302 909 1
302 1061 1
302 1070 1
302 1095 1
303 349 1
303 350 1
304 412 1
304 548 1
304 716 1
304 947 1
304 1055 1
305 481 1
305 636 1
305 1069 1
305 1484 1
306 433 1
306 611 1
306 703 1
306 722 1
306 727 1
306 803 1
306 880 1
306 931 1
306 1242 1
306 1261 1
306 1317 1
306 1352 1
306 1506 1
306 1522 1
307 332 1
307 1090 1
307 1387 1
307 1529 1
308 353 1
308 1010 1
308 1157 1
309 546 1
309 618 1
309 1230 1
309 1374 1
309 1513 1
310 350 1
310 430 1
310 500 1
310 597 1
310 700 1
310 999 1
310 1179 1
311 371 1
311 494 1
311 513 1
311 669 1
311 846 1
311 963 1
311 1048 1
311 1241 1
311 1518 1
312 348 1
312 582 1
312 726 1
312 831 1
312 1029 1
312 1260 1
312 1346 1
313 429 1
313 764 1
313 830 1
313 993 1
313 1433 1
313 1498 1
313 1515 1
314 679 1
314 688 1
314 817 1
314 910 1
315 332 1
315 1433 1
315 1452 1
316 552 1
317 426 1
317 693 1
317 814 1
317 923 1
317 929 1
317 951 1
317 1157 1
317 1231 1
317 1306 1
317 1380 1
317 1485 1
318 325 1
318 578 1
318 606 1
318 708 1
318 855 1
318 885 1
318 1130 1
318 1235 1
318 1399 1
318 1436 1
319 327 1
319 386 1
319 420 1
319 879 1
319 935 1
319 1237 1
319 1502 1
320 934 1
320 1073 1
321 801 1
322 658 1
323 355 1
323 1392 1
323 1419 1
323 1467 1
324 583 1
324 602 1
324 630 1
324 1097 1
324 1373 1
324 1455 1
325 375 1
325 423 1
325 511 1
325 692 1
325 835 1
325 944 1
325 1013 1
325 1055 1
325 1126 1
325 1182 1
325 1186 1
325 1385 1
326 594 1
326 792 1
326 832 1
326 918 1
326 1079 1
327 370 1
327 405 1
327 851 1
327 1452 1
327 1502 1
328 697 1
328 1037 1
328 1085 1
328 1287 1
329 527 1
329 725 1
330 474 1
331 532 1
331 656 1
331 679 1
331 1008 1
331 1045 1
331 1057 1
331 1538 1
332 339 1
332 728 1
332 759 1
332 774 1
332 1163 1
332 1167 1
333 432 1
333 713 1
333 748 1
333 983 1
333 1390 1
334 1559 1
335 457 1
335 548 1
336 456 1
336 586 1
337 510 1
338 512 1
338 991 1
339 424 1
339 869 1
339 1185 1
340 1503 1
341 570 1
341 913 1
341 954 1
341 1242 1
342 522 1
342 1504 1
342 1591 1
343 401 1
343 432 1
343 521 1
343 637 1
343 1002 1
343 1014 1
343 1233 1
343 1285 1
344 593 1
344 1058 1
345 477 1
345 558 1
345 908 1
345 911 1
345 1270 1
345 1315 1
345 1375 1
346 359 1
346 375 1
346 723 1
346 1063 1
346 1286 1
346 1579 1
347 395 1
347 397 1
347 538 1
347 887 1
347 962 1
347 1358 1
347 1550 1
347 1596 1
348 587 1
348 1162 1
348 1217 1
348 1334 1
349 609 1
349 639 1
349 695 1
349 749 1
349 783 1
349 1007 1
349 1211 1
350 1494 1
351 795 1
351 873 1
351 944 1
351 1285 1
351 1501 1
352 432 1
352 688 1
352 1107 1
352 1153 1
353 355 1
353 385 1
353 673 1
353 889 1
353 1430 1
353 1515 1
353 1558 1
354 439 1
354 457 1
354 880 1
354 1002 1
354 1386 1
355 573 1
357 410 1
357 418 1
357 446 1
357 551 1
357 1050 1
357 1349 1
358 371 1
358 460 1
358 504 1
358 683 1
358 1476 1
358 1481 1
358 1554 1
359 506 1
359 681 1
359 1099 1
360 410 1
360 449 1
360 940 1
360 1330 1
360 1464 1
362 383 1
362 469 1
362 1142 1
363 418 1
363 589 1
363 777 1
363 1032 1
364 403 1
364 612 1
364 1018 1
364 1097 1
365 731 1
365 1373 1
366 377 1
366 484 1
366 1009 1
366 1136 1
366 1220 1
366 1358 1
366 1550 1
367 413 1
367 1129 1
367 1228 1
369 413 1
369 424 1
369 665 1
369 689 1
369 728 1
369 856 1
369 1540 1
369 1551 1
370 502 1
370 559 1
370 812 1
370 1307 1
371 960 1
371 1038 1
372 646 1
372 1263 1
373 394 1
373 528 1
373 530 1
373 713 1
373 1054 1
373 1139 1
373 1308 1
373 1331 1
373 1516 1
373 1536 1
373 1580 1
374 403 1
374 640 1
374 704 1
374 717 1
374 800 1
374 845 1
374 962 1
374 1142 1
374 1365 1
374 1415 1
375 512 1
375 871 1
375 1302 1
375 1505 1
376 603 1
376 836 1
377 810 1
377 1037 1
377 1466 1
378 563 1
378 848 1
378 894 1
379 763 1
379 1557 1
380 669 1
380 718 1
380 986 1
380 1069 1
380 1542 1
381 420 1
381 475 1
381 760 1
382 1365 1
383 445 1
383 1442 1
384 614 1
385 869 1
386 448 1
386 737 1
387 442 1
387 469 1
387 474 1
387 833 1
387 1067 1
388 526 1
388 1353 1
389 967 1
389 1030 1
389 1313 1
390 477 1
390 602 1
390 991 1
390 1024 1
390 1066 1
390 1135 1
390 1457 1
390 1479 1
391 1035 1
391 1389 1
392 441 1
392 677 1
392 1099 1
392 1195 1
393 438 1
393 580 1
393 616 1
393 683 1
393 724 1
393 1082 1
393 1434 1
394 483 1
394 496 1
394 621 1
394 661 1
394 734 1
394 830 1
394 851 1
394 1031 1
394 1151 1
394 1160 1
394 1213 1
396 441 1
396 1283 1
396 1346 1
397 440 1
398 402 1
398 828 1
398 1215 1
398 1440 1
399 409 1
399 610 1
399 708 1
399 727 1
399 736 1
399 810 1
399 842 1
399 854 1
399 932 1
399 1411 1
399 1441 1
400 436 1
400 1129 1
401 743 1
402 462 1
402 468 1
402 576 1
402 670 1
403 620 1
403 1173 1
404 995 1
404 998 1
406 525 1
406 545 1
406 645 1
406 827 1
406 1020 1
406 1047 1
406 1237 1
406 1378 1
407 906 1
407 1432 1
407 1451 1
409 1165 1
411 498 1
411 784 1
411 1491 1
412 526 1
412 1490 1
413 479 1
413 826 1
413 942 1
413 1543 1
414 782 1
414 897 1
414 898 1
414 1176 1
414 1553 1
415 1177 1
415 1270 1
415 1579 1
416 430 1
416 453 1
416 531 1
416 597 1
416 701 1
416 723 1
416 833 1
416 1039 1
416 1119 1
416 1578 1
417 518 1
417 938 1
417 1365 1
419 1180 1
419 1394 1
420 615 1
420 735 1
420 794 1
420 1372 1
421 463 1
421 712 1
421 950 1
421 954 1
421 1086 1
421 1234 1
421 1238 1
421 1370 1
421 1434 1
422 436 1
422 527 1
422 710 1
422 977 1
422 1072 1
423 1290 1
424 624 1
424 786 1
424 858 1
424 1153 1
424 1221 1
424 1592 1
425 742 1
425 821 1
426 598 1
426 721 1
426 734 1
426 1024 1
426 1256 1
426 1301 1
427 955 1
427 1114 1
427 1231 1
427 1465 1
428 434 1
428 448 1
428 534 1
428 793 1
428 963 1
428 971 1
428 1003 1
428 1103 1
428 1480 1
428 1545 1
429 744 1
429 1556 1
430 667 1
430 698 1
430 928 1
430 1366 1
430 1568 1
431 702 1
431 778 1
431 1374 1
432 479 1
432 688 1
432 749 1
432 886 1
432 1107 1
432 1126 1
432 1322 1
432 1399 1
432 1555 1
433 1195 1
433 1459 1
433 1497 1
433 1519 1
434 642 1
434 789 1
434 996 1
434 1425 1
435 490 1
435 495 1
435 945 1
435 1068 1
435 1088 1
435 1213 1
435 1486 1
436 885 1
436 1327 1
438 471 1
438 552 1
438 818 1
438 1298 1
438 1462 1
439 501 1
439 559 1
439 632 1
439 677 1
439 797 1
439 1231 1
439 1337 1
440 1053 1
440 1186 1
441 484 1
441 938 1
441 1535 1
442 877 1
443 700 1
443 798 1
443 1006 1
443 1411 1
444 463 1
444 602 1
444 647 1
444 739 1
444 759 1
444 814 1
444 943 1
444 961 1
444 986 1
444 1227 1
444 1297 1
444 1407 1
445 451 1
445 504 1
445 915 1
445 1329 1
446 721 1
446 726 1
447 489 1
447 952 1
447 1064 1
448 749 1
449 488 1
449 971 1
450 929 1
450 1389 1
451 989 1
451 1094 1
452 459 1
452 497 1
452 724 1
452 901 1
452 1055 1
453 486 1
453 865 1
453 1229 1
453 1540 1
454 464 1
454 534 1
454 1177 1
454 1387 1
454 1417 1
455 467 1
455 538 1
455 687 1
455 729 1
455 751 1
455 1246 1
456 463 1
456 1033 1
456 1288 1
457 723 1
457 750 1
457 973 1
458 500 1
458 833 1
459 759 1
459 829 1
459 861 1
460 662 1
462 881 1
463 476 1
463 482 1
463 738 1
463 913 1
463 914 1
463 1171 1
463 1303 1
463 1436 1
464 800 1
464 921 1
464 1219 1
464 1306 1
464 1335 1
464 1397 1
464 1438 1
465 610 1
465 695 1
465 1043 1
465 1071 1
466 619 1
466 861 1
466 1395 1
466 1398 1
467 1411 1
470 1584 1
471 486 1
471 534 1
471 595 1
471 740 1
471 813 1
471 1315 1
471 1395 1
473 899 1
473 1407 1
474 992 1
474 1332 1
475 745 1
476 636 1
476 1112 1
477 785 1
477 977 1
477 1131 1
478 518 1
478 1420 1
479 575 1
479 896 1
479 956 1
479 1192 1
479 1459 1
480 587 1
481 531 1
481 765 1
481 1037 1
481 1243 1
481 1488 1
482 579 1
482 1397 1
482 1514 1
482 1561 1
483 596 1
483 1011 1
483 1367 1
484 541 1
484 581 1
484 609 1
484 1131 1
484 1354 1
484 1431 1
485 558 1
485 577 1
485 905 1
485 1022 1
487 861 1
487 936 1
487 1177 1
488 510 1
488 927 1
488 1310 1
488 1561 1
489 615 1
489 717 1
489 1015 1
489 1185 1
490 818 1
490 1077 1
490 1421 1
491 739 1
491 845 1
491 1039 1
491 1566 1
492 1203 1
492 1546 1
493 751 1
493 842 1
493 893 1
493 1270 1
493 1530 1
493 1564 1
494 526 1
494 1261 1
495 561 1
495 569 1
495 703 1
495 820 1
495 862 1
495 1239 1
495 1240 1
495 1441 1
495 1482 1
495 1484 1
496 823 1
497 589 1
497 608 1
497 908 1
497 927 1
497 1151 1
497 1414 1
498 567 1
498 622 1
498 1004 1
498 1277 1
499 572 1
499 741 1
499 992 1
499 1143 1
499 1339 1
500 738 1
500 1380 1
501 503 1
501 699 1
501 1098 1
501 1219 1
501 1340 1
501 1396 1
502 515 1
502 530 1
502 876 1
502 1010 1
502 1081 1
502 1143 1
502 1149 1
503 608 1
503 634 1
503 682 1
503 819 1
503 903 1
503 924 1
503 952 1
503 1141 1
504 604 1
504 694 1
504 856 1
504 1101 1
505 590 1
505 1292 1
505 1595 1
506 555 1
506 557 1
506 939 1
506 1199 1
506 1323 1
506 1345 1
506 1350 1
506 1510 1
506 1555 1
507 748 1
507 755 1
509 828 1
509 1013 1
509 1146 1
509 1252 1
509 1345 1
510 533 1
510 957 1
510 1075 1
510 1390 1
510 1519 1
511 961 1
513 637 1
514 568 1
514 592 1
514 1129 1
514 1225 1
514 1542 1
514 1586 1
515 565 1
515 634 1
515 761 1
515 786 1
515 964 1
516 517 1
516 1042 1
516 1105 1
517 834 1
517 847 1
517 1080 1
517 1142 1
517 1291 1
517 1478 1
518 855 1
518 963 1
518 1541 1
519 711 1
519 973 1
519 1063 1
519 1103 1
519 1434 1
519 1513 1
520 724 1
520 891 1
520 1208 1
520 1210 1
521 803 1
521 866 1
521 1506 1
522 547 1
522 577 1
522 787 1
522 853 1
522 1146 1
522 1190 1
522 1543 1
522 1563 1
522 1576 1
523 789 1
524 544 1
524 560 1
524 967 1
524 980 1
524 1562 1
525 1106 1
525 1526 1
526 775 1
526 1495 1
526 1588 1
527 549 1
527 735 1
527 1370 1
528 1432 1
528 1468 1
529 560 1
530 907 1
530 1134 1
530 1296 1
530 1297 1
530 1299 1
531 547 1
531 569 1
531 591 1
531 662 1
531 835 1
531 1275 1
532 547 1
532 581 1
532 1216 1
532 1454 1
533 562 1
533 665 1
533 766 1
533 817 1
533 1282 1
534 579 1
534 995 1
534 1096 1
535 754 1
535 882 1
536 715 1
536 784 1
536 1062 1
536 1081 1
536 1235 1
536 1492 1
537 655 1
537 675 1
537 753 1
538 1268 1
538 1364 1
539 1124 1
539 1156 1
539 1212 1
539 1263 1
540 1204 1
540 1284 1
541 617 1
541 915 1
542 639 1
542 1224 1
542 1428 1
543 599 1
543 632 1
543 699 1
543 744 1
543 994 1
543 999 1
543 1053 1
543 1244 1
543 1341 1
545 1122 1
545 1430 1
546 1337 1
547 573 1
547 756 1
547 897 1
547 1523 1
548 1077 1
549 975 1
550 678 1
550 949 1
550 982 1
551 603 1
551 616 1
551 1281 1
551 1303 1
551 1423 1
552 579 1
552 1131 1
552 1168 1
552 1355 1
553 636 1
553 827 1
553 968 1
553 1334 1
555 580 1
555 1360 1
555 1380 1
555 1391 1
555 1533 1
556 856 1
556 1239 1
556 1264 1
556 1359 1
556 1405 1
557 906 1
557 940 1
557 1592 1
558 568 1
559 932 1
559 976 1
560 1008 1
560 1502 1
561 708 1
561 912 1
561 1308 1
562 639 1
562 672 1
562 706 1
563 811 1
563 844 1
563 1115 1
563 1274 1
563 1344 1
564 627 1
564 661 1
564 712 1
564 1404 1
565 710 1
565 1567 1
567 630 1
567 794 1
567 982 1
567 1075 1
567 1343 1
567 1562 1
568 922 1
568 1401 1
568 1468 1
569 643 1
569 758 1
569 828 1
569 1062 1
569 1098 1
569 1213 1
569 1587 1
570 733 1
570 788 1
570 1017 1
570 1111 1
570 1238 1
571 595 1
571 1302 1
572 1362 1
573 762 1
573 805 1
573 813 1
575 752 1
575 795 1
575 1105 1
576 722 1
576 1034 1
576 1172 1
576 1188 1
576 1589 1
577 1138 1
577 1307 1
577 1463 1
579 737 1
579 980 1
579 1424 1
579 1584 1
580 636 1
580 898 1
580 1163 1
580 1497 1
580 1500 1
581 594 1
581 632 1
581 1369 1
582 671 1
582 716 1
582 1468 1
584 599 1
584 649 1
584 1169 1
585 704 1
585 1368 1
586 864 1
586 1288 1
586 1366 1
587 965 1
587 1038 1
587 1116 1
587 1292 1
587 1318 1
587 1543 1
588 1286 1
589 731 1
589 801 1
589 865 1
589 909 1
589 1207 1
590 959 1
590 1274 1
590 1326 1
590 1348 1
590 1418 1
590 1548 1
592 1483 1
593 863 1
593 1435 1
594 1593 1
596 629 1
596 775 1
596 953 1
596 1145 1
596 1355 1
597 873 1
597 1534 1
598 1139 1
598 1222 1
599 697 1
599 1272 1
600 1048 1
601 800 1
601 808 1
601 1060 1
601 1129 1
601 1217 1
602 1319 1
603 606 1
603 698 1
603 785 1
603 1368 1
603 1404 1
603 1534 1
604 607 1
604 1414 1
605 976 1
605 1440 1
607 996 1
607 1033 1
607 1137 1
607 1304 1
608 966 1
608 1228 1
609 676 1
609 1457 1
610 1277 1
611 1011 1
612 621 1
612 1336 1
612 1347 1
612 1368 1
612 1566 1
613 1386 1
614 638 1
614 1425 1
615 659 1
615 705 1
615 866 1
616 691 1
616 895 1
616 951 1
616 1049 1
616 1583 1
617 1110 1
618 1281 1
619 659 1
620 1101 1
620 1170 1
620 1214 1
620 1238 1
621 852 1
623 747 1
623 805 1
623 1597 1
624 733 1
624 805 1
624 881 1
628 684 1
628 974 1
629 705 1
629 731 1
629 1538 1
630 654 1
630 713 1
630 780 1
630 1007 1
631 725 1
631 1415 1
633 804 1
633 948 1
633 1340 1
633 1590 1
634 968 1
634 1181 1
636 710 1
637 767 1
637 896 1
637 1108 1
637 1326 1
638 664 1
638 966 1
638 1346 1
638 1411 1
639 652 1
639 1018 1
639 1575 1
640 667 1
640 761 1
640 1159 1
640 1416 1
642 675 1
642 776 1
642 779 1
642 904 1
642 930 1
642 1065 1
642 1099 1
642 1304 1
642 1347 1
642 1413 1
642 1438 1
642 1470 1
642 1579 1
642 1587 1
643 1037 1
643 1125 1
644 978 1
644 1073 1
644 1266 1
646 908 1
646 1493 1
646 1522 1
647 721 1
647 957 1
647 1135 1
647 1523 1
648 662 1
648 808 1
648 1114 1
649 1560 1
650 1056 1
650 1173 1
650 1402 1
650 1450 1
650 1456 1
651 714 1
651 1341 1
652 850 1
652 1480 1
653 747 1
653 844 1
653 1228 1
654 808 1
654 946 1
654 1200 1
654 1258 1
654 1280 1
654 1385 1
654 1500 1
655 817 1
655 1300 1
655 1439 1
656 1382 1
657 862 1
657 1106 1
657 1571 1
657 1584 1
659 680 1
659 729 1
660 828 1
660 1086 1
660 1374 1
661 928 1
661 1346 1
663 709 1
663 911 1
663 1401 1
663 1442 1
664 1158 1
664 1403 1
665 809 1
665 1032 1
665 1140 1
666 883 1
666 1420 1
667 682 1
667 720 1
667 930 1
667 1223 1
668 1242 1
668 1384 1
669 719 1
669 1474 1
669 1568 1
669 1591 1
670 757 1
670 1460 1
670 1575 1
671 834 1
671 1114 1
672 984 1
672 1280 1
673 681 1
673 685 1
673 736 1
673 802 1
673 935 1
673 1253 1
673 1524 1
674 1301 1
677 739 1
677 1145 1
678 740 1
678 1215 1
679 844 1
679 896 1
679 1014 1
679 1046 1
679 1467 1
680 998 1
680 1090 1
680 1175 1
681 909 1
681 1027 1
681 1035 1
682 960 1
682 1073 1
682 1373 1
683 796 1
684 1041 1
684 1247 1
684 1419 1
684 1544 1
686 714 1
686 785 1
686 860 1
687 778 1
687 1448 1
688 718 1
688 1315 1
689 1083 1
689 1235 1
690 1076 1
691 766 1
692 715 1
693 1353 1
694 864 1
694 1040 1
694 1381 1
694 1566 1
695 916 1
695 1203 1
695 1223 1
696 1248 1
697 1269 1
697 1527 1
698 987 1
699 892 1
699 1025 1
699 1523 1
700 922 1
700 1137 1
700 1563 1
701 917 1
701 982 1
701 998 1
701 1222 1
702 935 1
703 999 1
705 716 1
705 1026 1
705 1172 1
706 1469 1
707 1053 1
707 1058 1
707 1395 1
709 1323 1
709 1549 1
710 711 1
711 1305 1
712 868 1
714 757 1
714 846 1
714 948 1
714 1181 1
714 1489 1
715 826 1
715 894 1
715 960 1
715 1271 1
715 1514 1
716 886 1
716 979 1
716 1057 1
718 748 1
718 1122 1
719 945 1
719 976 1
720 1042 1
720 1202 1
721 928 1
721 1064 1
721 1197 1
722 959 1
722 1119 1
722 1347 1
722 1361 1
723 1019 1
723 1312 1
723 1340 1
723 1380 1
723 1451 1
723 1463 1
723 1479 1
724 1059 1
726 922 1
726 1031 1
727 873 1
728 1049 1
728 1091 1
729 743 1
729 1062 1
730 830 1
730 929 1
730 953 1
730 1560 1
730 1598 1
731 855 1
731 1416 1
731 1574 1
732 848 1
733 1306 1
733 1318 1
733 1384 1
733 1424 1
737 788 1
737 1220 1
738 876 1
738 1201 1
739 904 1
739 1021 1
741 1076 1
741 1196 1
741 1498 1
743 781 1
746 972 1
746 973 1
746 1128 1
746 1228 1
748 816 1
749 1573 1
749 1581 1
750 967 1
750 1017 1
750 1319 1
752 1066 1
752 1108 1
752 1472 1
753 949 1
753 1387 1
754 791 1
756 787 1
756 853 1
756 867 1
756 872 1
756 1077 1
756 1273 1
756 1321 1
756 1367 1
756 1594 1
757 1145 1
757 1402 1
758 1128 1
758 1581 1
760 1514 1
761 805 1
761 910 1
761 1067 1
761 1538 1
763 883 1
763 903 1
763 1233 1
763 1370 1
763 1546 1
764 902 1
764 1461 1
765 1257 1
766 1517 1
766 1550 1
767 776 1
767 1079 1
767 1386 1
768 796 1
768 1125 1
768 1265 1
769 1273 1
770 1412 1
771 1028 1
771 1520 1
772 892 1
773 790 1
773 1328 1
774 1388 1
774 1502 1
775 878 1
775 1243 1
775 1494 1
776 979 1
776 1164 1
777 821 1
777 1135 1
777 1320 1
778 1193 1
780 981 1
780 1187 1
780 1291 1
780 1321 1
782 1109 1
782 1189 1
783 1253 1
784 1531 1
785 885 1
785 925 1
786 1010 1
787 1265 1
788 912 1
788 1109 1
788 1112 1
788 1155 1
789 1379 1
790 935 1
790 1289 1
791 1137 1
791 1144 1
791 1425 1
793 1378 1
794 1184 1
794 1363 1
794 1393 1
794 1439 1
796 900 1
798 1229 1
800 1279 1
800 1284 1
801 803 1
801 816 1
803 859 1
803 918 1
803 1036 1
804 843 1
804 932 1
804 1374 1
805 974 1
806 934 1
806 958 1
807 1442 1
807 1582 1
808 997 1
809 1511 1
811 993 1
812 1096 1
812 1268 1
812 1371 1
813 1552 1
814 1166 1
815 1582 1
816 972 1
816 1043 1
816 1136 1
816 1184 1
816 1203 1
816 1400 1
818 891 1
819 918 1
819 1055 1
820 1164 1
823 1302 1
823 1541 1
824 858 1
824 873 1
824 980 1
824 1004 1
824 1049 1
824 1051 1
824 1077 1
824 1078 1
825 851 1
825 1016 1
827 1569 1
828 1343 1
829 1009 1
829 1218 1
829 1223 1
829 1358 1
830 1134 1
831 1147 1
831 1183 1
831 1492 1
832 937 1
833 1092 1
833 1170 1
833 1408 1
835 1182 1
837 1084 1
840 1499 1
841 1108 1
842 938 1
842 1415 1
843 1474 1
844 1493 1
845 1453 1
845 1553 1
846 1357 1
849 884 1
849 1436 1
850 1031 1
850 1120 1
850 1124 1
850 1289 1
851 855 1
851 1019 1
851 1210 1
852 987 1
853 1317 1
855 1051 1
855 1498 1
856 1087 1
856 1099 1
856 1329 1
856 1586 1
857 891 1
858 1407 1
859 887 1
859 1036 1
860 1096 1
860 1148 1
860 1193 1
860 1342 1
862 976 1
862 1008 1
862 1293 1
866 1262 1
866 1489 1
867 1061 1
867 1116 1
867 1118 1
868 1566 1
869 1394 1
870 1471 1
871 927 1
871 965 1
871 1051 1
871 1250 1
872 940 1
873 1281 1
873 1444 1
874 1393 1
874 1406 1
875 1300 1
876 926 1
876 1214 1
876 1388 1
876 1408 1
877 1389 1
877 1583 1
879 930 1
879 1549 1
881 1075 1
882 1274 1
882 1350 1
883 1100 1
883 1530 1
884 1301 1
884 1492 1
885 997 1
885 1069 1
886 1038 1
887 1475 1
888 1594 1
889 1041 1
889 1276 1
890 1203 1
891 1180 1
892 1035 1
894 1042 1
895 1003 1
895 1381 1
895 1576 1
896 1052 1
896 1505 1
897 1025 1
897 1303 1
898 1209 1
899 931 1
900 1274 1
900 1572 1
901 1020 1
901 1332 1
901 1444 1
903 1064 1
903 1163 1
903 1299 1
903 1462 1
905 1000 1
906 1240 1
907 1034 1
907 1276 1
908 954 1
909 1094 1
910 1461 1
911 988 1
912 1313 1
913 1184 1
915 1097 1
916 1046 1
916 1359 1
917 1155 1
917 1182 1
918 1225 1
918 1427 1
919 958 1
920 977 1
920 1235 1
920 1354 1
920 1504 1
922 1401 1
924 1085 1
927 1358 1
928 1052 1
928 1205 1
928 1350 1
929 1046 1
931 1403 1
932 953 1
932 1316 1
934 1127 1
934 1243 1
935 1296 1
935 1336 1
938 1005 1
938 1045 1
938 1133 1
938 1292 1
938 1598 1
939 948 1
939 1227 1
939 1256 1
940 1571 1
941 1067 1
941 1136 1
941 1148 1
942 1154 1
942 1324 1
942 1445 1
944 1373 1
944 1577 1
945 1561 1
946 1171 1
946 1475 1
947 1257 1
947 1474 1
949 1072 1
949 1592 1
950 985 1
951 978 1
951 1027 1
951 1216 1
952 1574 1
953 1554 1
954 1348 1
954 1527 1
958 1084 1
959 1171 1
961 1496 1
965 1002 1
965 1308 1
965 1394 1
966 1144 1
968 1106 1
968 1107 1
968 1422 1
968 1476 1
970 989 1
970 1054 1
970 1104 1
970 1469 1
970 1498 1
972 1477 1
973 1020 1
973 1035 1
973 1179 1
973 1250 1
973 1460 1
974 1285 1
975 993 1
978 1314 1
980 1115 1
980 1301 1
980 1483 1
981 1023 1
981 1371 1
983 1188 1
984 1443 1
985 1233 1
985 1446 1
986 1018 1
987 1600 1
989 1430 1
991 1232 1
992 1436 1
993 1532 1
994 1221 1
995 1495 1
996 1133 1
996 1429 1
997 1531 1
999 1378 1
1002 1034 1
1003 1450 1
1005 1507 1
1007 1562 1
1008 1013 1
1008 1157 1
1008 1369 1
1008 1445 1
1009 1206 1
1009 1520 1
1010 1064 1
1011 1170 1
1011 1581 1
1013 1241 1
1013 1452 1
1014 1098 1
1014 1192 1
1014 1254 1
1015 1120 1
1015 1173 1
1015 1218 1
1016 1245 1
1016 1477 1
1016 1587 1
1018 1513 1
1020 1149 1
1022 1495 1
1023 1044 1
1023 1156 1
1023 1272 1
1024 1120 1
1024 1410 1
1027 1060 1
1027 1309 1
1030 1086 1
1030 1578 1
1032 1063 1
1032 1100 1
1032 1292 1
1032 1524 1
1032 1582 1
1032 1585 1
1034 1572 1
1035 1201 1
1035 1276 1
1036 1454 1
1038 1127 1
1040 1431 1
1041 1130 1
1041 1384 1
1041 1428 1
1042 1236 1
1045 1234 1
1046 1076 1
1048 1432 1
1050 1433 1
1051 1586 1
1052 1147 1
1056 1074 1
1056 1172 1
1056 1378 1
1056 1469 1
1057 1058 1
1057 1237 1
1058 1271 1
1060 1244 1
1060 1375 1
1064 1121 1
1064 1186 1
1064 1199 1
1064 1428 1
1065 1170 1
1065 1225 1
1067 1307 1
1067 1471 1
1069 1461 1
1070 1192 1
1070 1260 1
1070 1271 1
1072 1207 1
1075 1126 1
1079 1080 1
1081 1205 1
1081 1409 1
1084 1132 1
1092 1589 1
1096 1272 1
1096 1314 1
1096 1544 1
1096 1581 1
1097 1351 1
1097 1554 1
1098 1181 1
1098 1515 1
1098 1526 1
1102 1529 1
1103 1174 1
1104 1409 1
1104 1460 1
1105 1182 1
1105 1296 1
1106 1155 1
1106 1327 1
1106 1398 1
1108 1189 1
1109 1197 1
1110 1446 1
1113 1458 1
1118 1202 1
1119 1333 1
1122 1434 1
1125 1141 1
1125 1473 1
1126 1250 1
1131 1223 1
1132 1317 1
1132 1336 1
1133 1196 1
1134 1521 1
1134 1557 1
1135 1469 1
1136 1245 1
1137 1233 1
1138 1144 1
1139 1338 1
1140 1149 1
1142 1424 1
1142 1511 1
1143 1239 1
1143 1370 1
1145 1414 1
1148 1262 1
1148 1417 1
1149 1249 1
1149 1485 1
1150 1530 1
1151 1199 1
1151 1486 1
1152 1587 1
1153 1359 1
1154 1556 1
1158 1227 1
1159 1421 1
1163 1349 1
1165 1392 1
1166 1258 1
1168 1388 1
1170 1226 1
1171 1410 1
1172 1545 1
1173 1313 1
1174 1275 1
1174 1337 1
1176 1412 1
1183 1397 1
1184 1230 1
1185 1352 1
1185 1465 1
1186 1187 1
1188 1232 1
1192 1284 1
1193 1451 1
1195 1198 1
1197 1305 1
1199 1437 1
1199 1542 1
1200 1242 1
1200 1577 1
1202 1505 1
1202 1541 1
1204 1578 1
1205 1499 1
1207 1560 1
1208 1313 1
1209 1574 1
1211 1472 1
1212 1413 1
1213 1363 1
1213 1481 1
1214 1227 1
1214 1237 1
1216 1277 1
1216 1533 1
1220 1443 1
1220 1482 1
1220 1494 1
1221 1547 1
1222 1311 1
1222 1491 1
1222 1508 1
1224 1288 1
1224 1342 1
1225 1532 1
1226 1245 1
1227 1557 1
1228 1283 1
1232 1239 1
1233 1474 1
1235 1484 1
1238 1357 1
1241 1259 1
1241 1269 1
1241 1464 1
1245 1356 1
1247 1360 1
1247 1382 1
1252 1435 1
1257 1261 1
1257 1359 1
1257 1527 1
1259 1265 1
1259 1507 1
1261 1269 1
1261 1363 1
1265 1354 1
1270 1287 1
1270 1488 1
1270 1544 1
1272 1408 1
1276 1594 1
1278 1338 1
1280 1424 1
1281 1338 1
1281 1512 1
1285 1379 1
1287 1363 1
1287 1416 1
1287 1475 1
1288 1305 1
1289 1317 1
1291 1300 1
1291 1361 1
1291 1499 1
1292 1576 1
1294 1525 1
1298 1521 1
1302 1375 1
1302 1592 1
1304 1470 1
1305 1423 1
1306 1471 1
1308 1412 1
1308 1473 1
1311 1396 1
1311 1580 1
1316 1572 1
1319 1512 1
1320 1371 1
1320 1458 1
1328 1393 1
1328 1458 1
1330 1350 1
1333 1413 1
1333 1429 1
1338 1456 1
1339 1572 1
1341 1507 1
1343 1472 1
1345 1457 1
1349 1398 1
1349 1407 1
1350 1412 1
1351 1520 1
1354 1377 1
1355 1466 1
1356 1438 1
1360 1466 1
1360 1516 1
1364 1426 1
1364 1569 1
1367 1415 1
1367 1481 1
1367 1508 1
1376 1449 1
1376 1491 1
1381 1465 1
1381 1520 1
1381 1548 1
1381 1577 1
1382 1417 1
1384 1447 1
1385 1499 1
1399 1429 1
1400 1505 1
1402 1435 1
1407 1522 1
1407 1560 1
1409 1600 1
1410 1576 1
1411 1444 1
1417 1500 1
1419 1593 1
1420 1547 1
1428 1501 1
1434 1570 1
1436 1567 1
1440 1448 1
1444 1517 1
1445 1480 1
1453 1459 1
1455 1556 1
1457 1597 1
1458 1482 1
1459 1477 1
1460 1565 1
1464 1468 1
1464 1536 1
1466 1559 1
1471 1530 1
1473 1565 1
1480 1538 1
1488 1577 1
1491 1551 1
1508 1532 1
1515 1600 1
