2000 7984 
1 2 1
1 3 1
1 4 1
1 5 1
1 6 1
1 7 1
1 8 1
1 9 1
1 11 1
1 12 1
1 17 1
1 19 1
1 20 1
1 22 1
1 26 1
1 28 1
1 30 1
1 40 1
1 44 1
1 47 1
1 48 1
1 52 1
1 56 1
1 59 1
1 60 1
1 63 1
1 64 1
1 68 1
1 74 1
1 88 1
1 98 1
1 104 1
1 108 1
1 125 1
1 147 1
1 153 1
1 162 1
1 175 1
1 187 1
1 192 1
1 201 1
1 212 1
1 252 1
1 253 1
1 269 1
1 279 1
1 285 1
1 287 1
1 292 1
1 296 1
1 302 1
1 315 1
1 316 1
1 318 1
1 347 1
1 374 1
1 381 1
1 383 1
1 460 1
1 476 1
1 487 1
1 501 1
1 504 1
1 507 1
1 517 1
1 522 1
1 526 1
1 532 1
1 542 1
1 592 1
1 600 1
1 610 1
1 618 1
1 659 1
1 676 1
1 689 1
1 698 1
1 699 1
1 766 1
1 769 1
1 805 1
1 808 1
1 809 1
1 878 1
1 880 1
1 901 1
1 935 1
1 961 1
1 966 1
1 989 1
1 996 1
1 1005 1
1 1014 1
1 1023 1
1 1028 1
1 1042 1
1 1068 1
1 1070 1
1 1090 1
1 1093 1
1 1106 1
1 1125 1
1 1126 1
1 1163 1
1 1194 1
1 1204 1
1 1231 1
1 1249 1
1 1274 1
1 1306 1
1 1308 1
1 1310 1
1 1324 1
1 1366 1
1 1432 1
1 1478 1
1 1567 1
1 1594 1
1 1634 1
1 1663 1
1 1678 1
1 1695 1
1 1703 1
1 1725 1
1 1741 1
1 1742 1
1 1745 1
1 1772 1
1 1814 1
1 1837 1
1 1847 1
1 1931 1
1 1939 1
1 1955 1
2 8 1
2 25 1
2 30 1
2 45 1
2 49 1
2 54 1
2 58 1
2 90 1
2 95 1
2 138 1
2 186 1
2 212 1
2 244 1
2 261 1
2 262 1
2 352 1
2 355 1
2 359 1
2 379 1
2 437 1
2 470 1
2 512 1
2 540 1
2 545 1
2 692 1
2 740 1
2 753 1
2 780 1
2 875 1
2 886 1
2 1101 1
2 1102 1
2 1104 1
2 1170 1
2 1232 1
2 1275 1
2 1317 1
2 1377 1
2 1391 1
2 1545 1
2 1808 1
2 1843 1
2 1921 1
2 1967 1
3 6 1
3 7 1
3 8 1
3 9 1
3 12 1
3 14 1
3 17 1
3 29 1
3 35 1
3 36 1
3 37 1
3 39 1
3 55 1
3 86 1
3 88 1
3 89 1
3 114 1
3 136 1
3 153 1
3 158 1
3 167 1
3 170 1
3 172 1
3 179 1
3 185 1
3 243 1
3 273 1
3 287 1
3 302 1
3 375 1
3 400 1
3 431 1
3 439 1
3 447 1
3 454 1
3 488 1
3 509 1
3 554 1
3 642 1
3 653 1
3 700 1
3 731 1
3 760 1
3 762 1
3 768 1
3 826 1
3 830 1
3 850 1
3 858 1
3 862 1
3 871 1
3 895 1
3 918 1
3 953 1
3 978 1
3 1053 1
3 1054 1
3 1061 1
3 1098 1
3 1178 1
3 1256 1
3 1284 1
3 1286 1
3 1312 1
3 1339 1
3 1356 1
3 1410 1
3 1453 1
3 1486 1
3 1507 1
3 1592 1
3 1617 1
3 1624 1
3 1694 1
3 1734 1
3 1769 1
3 1777 1
3 1803 1
3 1833 1
3 1835 1
3 1843 1
3 1852 1
3 1935 1
4 6 1
4 7 1
4 9 1
4 10 1
4 13 1
4 15 1
4 17 1
4 20 1
4 27 1
4 43 1
4 45 1
4 55 1
4 58 1
4 78 1
4 79 1
4 84 1
4 93 1
4 109 1
4 129 1
4 130 1
4 146 1
4 165 1
4 167 1
4 207 1
4 233 1
4 236 1
4 250 1
4 269 1
4 295 1
4 356 1
4 357 1
4 382 1
4 397 1
4 432 1
4 449 1
4 455 1
4 473 1
4 524 1
4 533 1
4 639 1
4 644 1
4 654 1
4 664 1
4 677 1
4 680 1
4 728 1
4 781 1
4 810 1
4 858 1
4 864 1
4 874 1
4 882 1
4 901 1
4 946 1
4 979 1
4 1023 1
4 1071 1
4 1094 1
4 1139 1
4 1183 1
4 1184 1
4 1205 1
4 1210 1
4 1260 1
4 1302 1
4 1358 1
4 1440 1
4 1512 1
4 1544 1
4 1551 1
4 1588 1
4 1589 1
4 1668 1
4 1798 1
4 1812 1
4 1816 1
4 1898 1
5 6 1
5 10 1
5 11 1
5 16 1
5 53 1
5 108 1
5 113 1
5 131 1
5 164 1
5 179 1
5 210 1
5 217 1
5 231 1
5 344 1
5 472 1
5 532 1
5 539 1
5 542 1
5 565 1
5 573 1
5 602 1
5 761 1
5 908 1
5 996 1
5 1044 1
5 1229 1
5 1260 1
5 1446 1
5 1475 1
5 1517 1
5 1614 1
5 1711 1
5 1715 1
5 1721 1
5 1741 1
5 1838 1
5 1866 1
5 1925 1
6 7 1
6 8 1
6 10 1
6 11 1
6 13 1
6 14 1
6 15 1
6 16 1
6 20 1
6 21 1
6 24 1
6 34 1
6 38 1
6 40 1
6 41 1
6 43 1
6 47 1
6 53 1
6 57 1
6 58 1
6 76 1
6 83 1
6 95 1
6 101 1
6 103 1
6 104 1
6 120 1
6 121 1
6 124 1
6 128 1
6 143 1
6 144 1
6 156 1
6 160 1
6 164 1
6 171 1
6 175 1
6 184 1
6 196 1
6 197 1
6 200 1
6 210 1
6 220 1
6 224 1
6 232 1
6 233 1
6 245 1
6 247 1
6 267 1
6 270 1
6 279 1
6 281 1
6 291 1
6 298 1
6 299 1
6 305 1
6 319 1
6 326 1
6 329 1
6 337 1
6 366 1
6 384 1
6 390 1
6 458 1
6 471 1
6 478 1
6 500 1
6 501 1
6 519 1
6 533 1
6 537 1
6 539 1
6 559 1
6 566 1
6 570 1
6 582 1
6 585 1
6 589 1
6 599 1
6 616 1
6 618 1
6 637 1
6 638 1
6 656 1
6 704 1
6 725 1
6 771 1
6 784 1
6 788 1
6 789 1
6 791 1
6 799 1
6 805 1
6 810 1
6 812 1
6 815 1
6 819 1
6 871 1
6 882 1
6 915 1
6 934 1
6 956 1
6 963 1
6 964 1
6 967 1
6 972 1
6 998 1
6 1032 1
6 1033 1
6 1036 1
6 1070 1
6 1074 1
6 1091 1
6 1106 1
6 1121 1
6 1126 1
6 1131 1
6 1133 1
6 1146 1
6 1179 1
6 1196 1
6 1201 1
6 1206 1
6 1210 1
6 1234 1
6 1240 1
6 1245 1
6 1260 1
6 1276 1
6 1280 1
6 1295 1
6 1310 1
6 1354 1
6 1375 1
6 1426 1
6 1537 1
6 1563 1
6 1571 1
6 1573 1
6 1602 1
6 1642 1
6 1661 1
6 1674 1
6 1708 1
6 1712 1
6 1717 1
6 1719 1
6 1751 1
6 1765 1
6 1796 1
6 1827 1
6 1850 1
6 1859 1
6 1915 1
6 1917 1
6 1924 1
7 11 1
7 13 1
7 14 1
7 18 1
7 23 1
7 40 1
7 52 1
7 57 1
7 123 1
7 136 1
7 155 1
7 236 1
7 297 1
7 313 1
7 325 1
7 356 1
7 364 1
7 567 1
7 633 1
7 635 1
7 670 1
7 693 1
7 777 1
7 867 1
7 875 1
7 1007 1
7 1294 1
7 1403 1
7 1499 1
7 1566 1
7 1603 1
7 1709 1
8 9 1
8 10 1
8 15 1
8 16 1
8 19 1
8 21 1
8 30 1
8 31 1
8 32 1
8 33 1
8 41 1
8 48 1
8 51 1
8 54 1
8 56 1
8 58 1
8 62 1
8 63 1
8 72 1
8 73 1
8 75 1
8 77 1
8 87 1
8 90 1
8 91 1
8 93 1
8 94 1
8 104 1
8 107 1
8 120 1
8 123 1
8 139 1
8 153 1
8 156 1
8 181 1
8 190 1
8 192 1
8 194 1
8 195 1
8 210 1
8 214 1
8 219 1
8 223 1
8 226 1
8 228 1
8 237 1
8 241 1
8 258 1
8 262 1
8 266 1
8 278 1
8 298 1
8 311 1
8 317 1
8 324 1
8 341 1
8 353 1
8 366 1
8 398 1
8 400 1
8 424 1
8 444 1
8 451 1
8 481 1
8 554 1
8 566 1
8 580 1
8 581 1
8 602 1
8 614 1
8 616 1
8 621 1
8 636 1
8 643 1
8 647 1
8 657 1
8 663 1
8 685 1
8 713 1
8 727 1
8 744 1
8 745 1
8 789 1
8 799 1
8 835 1
8 844 1
8 876 1
8 877 1
8 925 1
8 934 1
8 944 1
8 982 1
8 988 1
8 990 1
8 1005 1
8 1060 1
8 1102 1
8 1113 1
8 1125 1
8 1140 1
8 1222 1
8 1248 1
8 1384 1
8 1405 1
8 1415 1
8 1441 1
8 1449 1
8 1491 1
8 1553 1
8 1624 1
8 1677 1
8 1696 1
8 1697 1
8 1699 1
8 1784 1
8 1795 1
8 1811 1
8 1825 1
8 1909 1
8 1970 1
9 12 1
9 13 1
9 18 1
9 19 1
9 22 1
9 25 1
9 26 1
9 27 1
9 28 1
9 30 1
9 32 1
9 33 1
9 34 1
9 35 1
9 36 1
9 44 1
9 50 1
9 54 1
9 65 1
9 81 1
9 87 1
9 96 1
9 110 1
9 115 1
9 118 1
9 134 1
9 135 1
9 138 1
9 161 1
9 166 1
9 177 1
9 188 1
9 189 1
9 200 1
9 204 1
9 216 1
9 221 1
9 222 1
9 239 1
9 290 1
9 304 1
9 332 1
9 362 1
9 377 1
9 386 1
9 416 1
9 423 1
9 428 1
9 477 1
9 496 1
9 520 1
9 667 1
9 685 1
9 730 1
9 734 1
9 740 1
9 756 1
9 758 1
9 763 1
9 814 1
9 823 1
9 826 1
9 889 1
9 893 1
9 931 1
9 937 1
9 953 1
9 970 1
9 992 1
9 1029 1
9 1030 1
9 1034 1
9 1053 1
9 1150 1
9 1196 1
9 1203 1
9 1208 1
9 1219 1
9 1233 1
9 1256 1
9 1294 1
9 1332 1
9 1365 1
9 1510 1
9 1519 1
9 1541 1
9 1547 1
9 1606 1
9 1657 1
9 1661 1
9 1691 1
9 1719 1
9 1724 1
9 1744 1
9 1750 1
9 1852 1
9 1886 1
9 1991 1
10 75 1
10 103 1
10 152 1
10 224 1
10 257 1
10 322 1
10 370 1
10 459 1
10 492 1
10 547 1
10 702 1
10 841 1
10 1088 1
10 1236 1
10 1325 1
10 1619 1
10 1738 1
10 1788 1
10 1883 1
10 1955 1
10 1985 1
11 12 1
11 14 1
11 23 1
11 24 1
11 29 1
11 33 1
11 34 1
11 42 1
11 50 1
11 61 1
11 63 1
11 69 1
11 83 1
11 105 1
11 144 1
11 157 1
11 169 1
11 178 1
11 180 1
11 184 1
11 191 1
11 198 1
11 270 1
11 280 1
11 288 1
11 303 1
11 327 1
11 354 1
11 411 1
11 426 1
11 461 1
11 466 1
11 489 1
11 505 1
11 506 1
11 519 1
11 548 1
11 563 1
11 585 1
11 665 1
11 696 1
11 834 1
11 844 1
11 938 1
11 946 1
11 962 1
11 1063 1
11 1112 1
11 1113 1
11 1139 1
11 1169 1
11 1184 1
11 1242 1
11 1280 1
11 1317 1
11 1334 1
11 1364 1
11 1387 1
11 1389 1
11 1624 1
11 1636 1
11 1640 1
11 1718 1
11 1791 1
11 1794 1
11 1809 1
11 1830 1
11 1837 1
11 1910 1
11 1927 1
12 15 1
12 24 1
12 25 1
12 31 1
12 55 1
12 66 1
12 70 1
12 72 1
12 84 1
12 85 1
12 95 1
12 101 1
12 121 1
12 131 1
12 161 1
12 180 1
12 182 1
12 187 1
12 188 1
12 213 1
12 255 1
12 278 1
12 284 1
12 290 1
12 292 1
12 318 1
12 338 1
12 350 1
12 361 1
12 379 1
12 395 1
12 455 1
12 461 1
12 478 1
12 485 1
12 499 1
12 520 1
12 527 1
12 617 1
12 618 1
12 623 1
12 635 1
12 683 1
12 694 1
12 698 1
12 732 1
12 777 1
12 824 1
12 836 1
12 852 1
12 856 1
12 865 1
12 916 1
12 924 1
12 995 1
12 1045 1
12 1093 1
12 1119 1
12 1174 1
12 1298 1
12 1336 1
12 1427 1
12 1460 1
12 1462 1
12 1468 1
12 1548 1
12 1565 1
12 1636 1
12 1658 1
12 1854 1
12 1898 1
12 1911 1
12 1932 1
13 18 1
13 22 1
13 46 1
13 52 1
13 75 1
13 111 1
13 127 1
13 161 1
13 163 1
13 232 1
13 234 1
13 329 1
13 385 1
13 411 1
13 456 1
13 469 1
13 482 1
13 792 1
13 922 1
13 1151 1
13 1293 1
13 1541 1
13 1621 1
13 1737 1
13 1785 1
14 16 1
14 17 1
14 18 1
14 19 1
14 20 1
14 23 1
14 24 1
14 28 1
14 39 1
14 46 1
14 48 1
14 49 1
14 77 1
14 81 1
14 94 1
14 97 1
14 101 1
14 102 1
14 111 1
14 130 1
14 132 1
14 144 1
14 150 1
14 218 1
14 253 1
14 258 1
14 266 1
14 271 1
14 274 1
14 280 1
14 281 1
14 307 1
14 329 1
14 360 1
14 362 1
14 369 1
14 371 1
14 391 1
14 404 1
14 418 1
14 451 1
14 460 1
14 498 1
14 507 1
14 555 1
14 572 1
14 690 1
14 721 1
14 737 1
14 746 1
14 761 1
14 774 1
14 789 1
14 815 1
14 836 1
14 855 1
14 877 1
14 891 1
14 943 1
14 983 1
14 1041 1
14 1055 1
14 1105 1
14 1161 1
14 1327 1
14 1338 1
14 1364 1
14 1371 1
14 1442 1
14 1500 1
14 1505 1
14 1535 1
14 1557 1
14 1601 1
14 1607 1
14 1788 1
14 1805 1
14 1829 1
14 1895 1
14 1896 1
14 1956 1
15 21 1
15 32 1
15 41 1
15 55 1
15 67 1
15 71 1
15 82 1
15 89 1
15 90 1
15 103 1
15 142 1
15 145 1
15 146 1
15 175 1
15 189 1
15 200 1
15 203 1
15 204 1
15 252 1
15 275 1
15 292 1
15 307 1
15 347 1
15 373 1
15 374 1
15 381 1
15 387 1
15 399 1
15 407 1
15 410 1
15 521 1
15 680 1
15 701 1
15 722 1
15 732 1
15 740 1
15 746 1
15 752 1
15 802 1
15 831 1
15 838 1
15 916 1
15 984 1
15 999 1
15 1019 1
15 1020 1
15 1057 1
15 1060 1
15 1103 1
15 1141 1
15 1160 1
15 1354 1
15 1399 1
15 1481 1
15 1576 1
15 1581 1
15 1596 1
15 1598 1
15 1888 1
15 1898 1
15 1907 1
16 23 1
16 31 1
16 37 1
16 38 1
16 92 1
16 94 1
16 113 1
16 133 1
16 143 1
16 163 1
16 180 1
16 181 1
16 185 1
16 203 1
16 225 1
16 294 1
16 345 1
16 410 1
16 433 1
16 462 1
16 486 1
16 553 1
16 717 1
16 733 1
16 743 1
16 752 1
16 820 1
16 855 1
16 863 1
16 870 1
16 971 1
16 980 1
16 988 1
16 995 1
16 1052 1
16 1223 1
16 1243 1
16 1300 1
16 1405 1
16 1431 1
16 1452 1
16 1517 1
16 1563 1
16 1590 1
16 1757 1
16 1823 1
16 1903 1
17 39 1
17 47 1
17 48 1
17 57 1
17 61 1
17 65 1
17 68 1
17 71 1
17 84 1
17 114 1
17 119 1
17 145 1
17 167 1
17 169 1
17 176 1
17 178 1
17 277 1
17 308 1
17 311 1
17 363 1
17 506 1
17 621 1
17 634 1
17 901 1
17 918 1
17 950 1
17 968 1
17 1227 1
17 1293 1
17 1438 1
17 1448 1
17 1457 1
17 1609 1
17 1650 1
17 1665 1
17 1688 1
17 1840 1
17 1895 1
17 1944 1
18 34 1
18 70 1
18 72 1
18 74 1
18 118 1
18 134 1
18 140 1
18 211 1
18 246 1
18 263 1
18 265 1
18 333 1
18 372 1
18 409 1
18 493 1
18 507 1
18 530 1
18 555 1
18 567 1
18 608 1
18 744 1
18 781 1
18 825 1
18 940 1
18 961 1
18 1006 1
18 1103 1
18 1148 1
18 1188 1
18 1304 1
18 1337 1
18 1393 1
18 1595 1
18 1662 1
18 1829 1
18 1868 1
19 21 1
19 26 1
19 35 1
19 41 1
19 42 1
19 43 1
19 45 1
19 51 1
19 57 1
19 79 1
19 90 1
19 93 1
19 102 1
19 117 1
19 122 1
19 141 1
19 156 1
19 157 1
19 177 1
19 182 1
19 199 1
19 210 1
19 222 1
19 262 1
19 269 1
19 311 1
19 316 1
19 325 1
19 330 1
19 334 1
19 400 1
19 519 1
19 548 1
19 584 1
19 592 1
19 612 1
19 616 1
19 625 1
19 629 1
19 676 1
19 695 1
19 702 1
19 717 1
19 720 1
19 725 1
19 740 1
19 753 1
19 758 1
19 790 1
19 797 1
19 828 1
19 833 1
19 834 1
19 849 1
19 858 1
19 888 1
19 966 1
19 984 1
19 1008 1
19 1022 1
19 1031 1
19 1195 1
19 1253 1
19 1289 1
19 1392 1
19 1399 1
19 1415 1
19 1430 1
19 1499 1
19 1513 1
19 1526 1
19 1534 1
19 1607 1
19 1620 1
19 1621 1
19 1650 1
19 1673 1
19 1692 1
19 1768 1
19 1777 1
19 1843 1
19 1865 1
19 1915 1
19 1981 1
20 22 1
20 37 1
20 42 1
20 56 1
20 64 1
20 76 1
20 129 1
20 145 1
20 151 1
20 156 1
20 176 1
20 227 1
20 239 1
20 242 1
20 243 1
20 272 1
20 297 1
20 299 1
20 302 1
20 309 1
20 312 1
20 392 1
20 408 1
20 410 1
20 415 1
20 437 1
20 450 1
20 473 1
20 483 1
20 531 1
20 559 1
20 576 1
20 593 1
20 614 1
20 656 1
20 665 1
20 722 1
20 727 1
20 743 1
20 746 1
20 821 1
20 836 1
20 837 1
20 895 1
20 902 1
20 972 1
20 984 1
20 998 1
20 1108 1
20 1165 1
20 1207 1
20 1281 1
20 1284 1
20 1285 1
20 1341 1
20 1356 1
20 1474 1
20 1536 1
20 1589 1
20 1657 1
20 1693 1
20 1702 1
20 1913 1
20 1954 1
21 25 1
21 26 1
21 29 1
21 35 1
21 70 1
21 73 1
21 85 1
21 117 1
21 122 1
21 126 1
21 128 1
21 149 1
21 162 1
21 174 1
21 228 1
21 247 1
21 301 1
21 320 1
21 333 1
21 336 1
21 348 1
21 408 1
21 465 1
21 499 1
21 504 1
21 521 1
21 542 1
21 586 1
21 627 1
21 634 1
21 638 1
21 661 1
21 731 1
21 810 1
21 931 1
21 1015 1
21 1037 1
21 1192 1
21 1337 1
21 1458 1
21 1497 1
21 1569 1
21 1692 1
21 1694 1
21 1760 1
21 1825 1
21 1841 1
21 1992 1
22 27 1
22 28 1
22 32 1
22 50 1
22 52 1
22 74 1
22 80 1
22 83 1
22 109 1
22 113 1
22 152 1
22 187 1
22 193 1
22 313 1
22 316 1
22 334 1
22 335 1
22 394 1
22 473 1
22 502 1
22 776 1
22 777 1
22 867 1
22 905 1
22 939 1
22 948 1
22 985 1
22 1087 1
22 1154 1
22 1191 1
22 1274 1
22 1276 1
22 1340 1
22 1341 1
22 1422 1
22 1475 1
22 1562 1
22 1569 1
22 1611 1
22 1631 1
22 1775 1
22 1837 1
22 1916 1
22 1945 1
23 39 1
23 44 1
23 70 1
23 83 1
23 86 1
23 106 1
23 140 1
23 168 1
23 216 1
23 246 1
23 248 1
23 446 1
23 451 1
23 656 1
23 679 1
23 758 1
23 928 1
23 1079 1
23 1080 1
23 1206 1
23 1239 1
23 1321 1
23 1341 1
23 1546 1
23 1574 1
23 1645 1
23 1727 1
23 1890 1
24 61 1
24 72 1
24 78 1
24 97 1
24 99 1
24 100 1
24 122 1
24 129 1
24 178 1
24 185 1
24 219 1
24 225 1
24 287 1
24 362 1
24 371 1
24 385 1
24 422 1
24 456 1
24 571 1
24 684 1
24 759 1
24 772 1
24 1020 1
24 1144 1
24 1168 1
24 1182 1
24 1234 1
24 1244 1
24 1322 1
24 1491 1
24 1568 1
24 1591 1
24 1691 1
24 1812 1
24 1883 1
24 1991 1
25 27 1
25 31 1
25 47 1
25 49 1
25 62 1
25 63 1
25 106 1
25 135 1
25 158 1
25 189 1
25 260 1
25 308 1
25 312 1
25 327 1
25 358 1
25 366 1
25 443 1
25 525 1
25 584 1
25 619 1
25 634 1
25 724 1
25 803 1
25 805 1
25 1027 1
25 1056 1
25 1075 1
25 1112 1
25 1277 1
25 1283 1
25 1344 1
25 1408 1
25 1572 1
25 1580 1
25 1655 1
25 1717 1
25 1780 1
25 1801 1
25 1826 1
25 1862 1
25 1877 1
25 1918 1
26 29 1
26 42 1
26 51 1
26 67 1
26 77 1
26 91 1
26 110 1
26 126 1
26 137 1
26 140 1
26 161 1
26 236 1
26 250 1
26 314 1
26 318 1
26 360 1
26 369 1
26 385 1
26 406 1
26 407 1
26 445 1
26 480 1
26 513 1
26 535 1
26 589 1
26 592 1
26 595 1
26 633 1
26 637 1
26 641 1
26 796 1
26 808 1
26 814 1
26 832 1
26 853 1
26 854 1
26 1074 1
26 1100 1
26 1151 1
26 1161 1
26 1174 1
26 1235 1
26 1802 1
26 1844 1
26 1866 1
27 53 1
27 84 1
27 93 1
27 109 1
27 121 1
27 123 1
27 133 1
27 135 1
27 147 1
27 149 1
27 151 1
27 182 1
27 208 1
27 249 1
27 274 1
27 287 1
27 297 1
27 339 1
27 346 1
27 347 1
27 436 1
27 448 1
27 453 1
27 473 1
27 511 1
27 544 1
27 609 1
27 721 1
27 746 1
27 765 1
27 831 1
27 853 1
27 867 1
27 987 1
27 1038 1
27 1079 1
27 1192 1
27 1507 1
27 1521 1
27 1910 1
27 1995 1
28 40 1
28 230 1
28 237 1
28 327 1
28 345 1
28 573 1
28 794 1
28 797 1
28 1009 1
28 1045 1
28 1186 1
28 1435 1
29 62 1
29 64 1
29 69 1
29 107 1
29 228 1
29 255 1
29 280 1
29 318 1
29 340 1
29 345 1
29 367 1
29 538 1
29 650 1
29 688 1
29 706 1
29 1007 1
29 1136 1
29 1352 1
29 1478 1
29 1518 1
29 1796 1
30 36 1
30 38 1
30 43 1
30 60 1
30 86 1
30 117 1
30 119 1
30 121 1
30 124 1
30 132 1
30 142 1
30 164 1
30 172 1
30 245 1
30 256 1
30 294 1
30 348 1
30 375 1
30 388 1
30 417 1
30 486 1
30 510 1
30 541 1
30 622 1
30 672 1
30 766 1
30 879 1
30 898 1
30 933 1
30 975 1
30 1177 1
30 1187 1
30 1291 1
30 1305 1
30 1336 1
30 1348 1
30 1434 1
30 1476 1
30 1528 1
30 1532 1
30 1562 1
30 1735 1
30 1781 1
30 1793 1
30 1902 1
30 1948 1
30 1956 1
31 33 1
31 49 1
31 79 1
31 88 1
31 89 1
31 104 1
31 111 1
31 154 1
31 166 1
31 191 1
31 256 1
31 275 1
31 335 1
31 429 1
31 436 1
31 474 1
31 486 1
31 516 1
31 530 1
31 586 1
31 601 1
31 629 1
31 699 1
31 839 1
31 921 1
31 939 1
31 1021 1
31 1142 1
31 1197 1
31 1241 1
31 1307 1
31 1441 1
31 1555 1
31 1589 1
31 1617 1
31 1778 1
31 1838 1
31 1907 1
31 1969 1
32 191 1
32 199 1
32 306 1
32 314 1
32 1531 1
32 1588 1
32 1651 1
33 36 1
33 38 1
33 46 1
33 60 1
33 76 1
33 78 1
33 86 1
33 91 1
33 128 1
33 148 1
33 160 1
33 181 1
33 301 1
33 397 1
33 518 1
33 573 1
33 607 1
33 620 1
33 757 1
33 1048 1
33 1169 1
33 1247 1
33 1325 1
33 1416 1
33 1490 1
33 1576 1
33 1756 1
33 1894 1
33 1998 1
34 37 1
34 125 1
34 133 1
34 214 1
34 273 1
34 336 1
34 597 1
34 626 1
34 705 1
34 884 1
34 912 1
34 1197 1
34 1419 1
34 1503 1
34 1614 1
34 1616 1
34 1631 1
34 1853 1
35 107 1
35 332 1
35 446 1
35 548 1
35 596 1
35 896 1
35 1215 1
36 76 1
36 92 1
36 105 1
36 107 1
36 233 1
36 256 1
36 260 1
36 476 1
36 894 1
36 1097 1
36 1123 1
36 1335 1
36 1552 1
36 1599 1
36 1788 1
36 1925 1
37 44 1
37 64 1
37 80 1
37 89 1
37 117 1
37 159 1
37 217 1
37 225 1
37 341 1
37 342 1
37 516 1
37 556 1
37 586 1
37 697 1
37 718 1
37 1002 1
37 1609 1
37 1726 1
37 1757 1
37 1760 1
37 1805 1
37 1904 1
38 60 1
38 81 1
38 219 1
38 223 1
38 231 1
38 270 1
38 271 1
38 337 1
38 358 1
38 380 1
38 443 1
38 532 1
38 564 1
38 666 1
38 707 1
38 711 1
38 720 1
38 755 1
38 878 1
38 997 1
38 1016 1
38 1132 1
38 1259 1
38 1706 1
38 1786 1
38 1917 1
39 46 1
39 65 1
39 77 1
39 79 1
39 98 1
39 157 1
39 159 1
39 160 1
39 168 1
39 273 1
39 305 1
39 311 1
39 313 1
39 332 1
39 385 1
39 469 1
39 481 1
39 558 1
39 599 1
39 843 1
39 928 1
39 962 1
39 973 1
39 1118 1
39 1160 1
39 1454 1
39 1503 1
39 1559 1
39 1606 1
39 1685 1
39 1865 1
39 1866 1
39 1885 1
39 1972 1
40 50 1
40 85 1
40 95 1
40 106 1
40 137 1
40 194 1
40 259 1
40 266 1
40 317 1
40 331 1
40 351 1
40 401 1
40 417 1
40 420 1
40 449 1
40 452 1
40 464 1
40 498 1
40 569 1
40 599 1
40 619 1
40 621 1
40 667 1
40 698 1
40 742 1
40 750 1
40 806 1
40 915 1
40 938 1
40 940 1
40 967 1
40 968 1
40 971 1
40 1030 1
40 1057 1
40 1100 1
40 1106 1
40 1130 1
40 1169 1
40 1195 1
40 1200 1
40 1303 1
40 1325 1
40 1346 1
40 1365 1
40 1401 1
40 1426 1
40 1443 1
40 1467 1
40 1490 1
40 1494 1
40 1557 1
40 1575 1
40 1690 1
40 1707 1
40 1768 1
40 1834 1
40 1881 1
40 1938 1
41 45 1
41 59 1
41 105 1
41 124 1
41 143 1
41 163 1
41 186 1
41 200 1
41 218 1
41 220 1
41 221 1
41 229 1
41 235 1
41 246 1
41 258 1
41 279 1
41 290 1
41 367 1
41 369 1
41 386 1
41 396 1
41 441 1
41 444 1
41 454 1
41 471 1
41 478 1
41 514 1
41 644 1
41 683 1
41 798 1
41 833 1
41 864 1
41 907 1
41 925 1
41 974 1
41 1135 1
41 1151 1
41 1154 1
41 1192 1
41 1233 1
41 1300 1
41 1313 1
41 1352 1
41 1359 1
41 1391 1
41 1440 1
41 1476 1
41 1483 1
41 1493 1
41 1605 1
41 1693 1
41 1701 1
41 1735 1
41 1740 1
41 1815 1
41 1916 1
41 1933 1
42 51 1
42 68 1
42 158 1
42 361 1
42 402 1
42 422 1
42 493 1
42 533 1
42 613 1
42 676 1
42 806 1
42 1006 1
42 1059 1
42 1299 1
42 1398 1
42 1630 1
43 71 1
43 231 1
43 514 1
43 711 1
43 738 1
43 879 1
43 908 1
43 1143 1
43 1150 1
43 1535 1
43 1721 1
43 1863 1
43 1867 1
44 68 1
44 111 1
44 128 1
44 301 1
44 337 1
44 471 1
44 506 1
44 594 1
44 636 1
44 653 1
44 730 1
44 857 1
44 894 1
44 1083 1
44 1138 1
44 1381 1
44 1446 1
44 1455 1
44 1804 1
44 1855 1
44 1860 1
44 1959 1
45 67 1
45 109 1
45 132 1
45 160 1
45 263 1
45 268 1
45 324 1
45 420 1
45 431 1
45 492 1
45 494 1
45 496 1
45 523 1
45 651 1
45 652 1
45 660 1
45 690 1
45 719 1
45 753 1
45 787 1
45 941 1
45 1114 1
45 1369 1
45 1374 1
45 1543 1
45 1638 1
45 1679 1
45 1744 1
45 1857 1
45 1965 1
45 1979 1
46 248 1
46 339 1
46 652 1
46 693 1
46 772 1
46 1194 1
46 1209 1
46 1307 1
46 1409 1
46 1774 1
46 1795 1
46 1896 1
47 110 1
47 138 1
47 283 1
47 434 1
47 605 1
47 1149 1
47 1558 1
47 1575 1
47 1642 1
47 1835 1
47 1933 1
48 59 1
48 73 1
48 74 1
48 85 1
48 124 1
48 146 1
48 176 1
48 202 1
48 215 1
48 218 1
48 233 1
48 240 1
48 248 1
48 251 1
48 288 1
48 323 1
48 377 1
48 413 1
48 443 1
48 468 1
48 526 1
48 558 1
48 576 1
48 673 1
48 731 1
48 737 1
48 778 1
48 990 1
48 993 1
48 1217 1
48 1293 1
48 1405 1
48 1414 1
48 1688 1
48 1732 1
48 1754 1
48 1769 1
48 1783 1
48 1827 1
48 1855 1
49 53 1
49 56 1
49 66 1
49 88 1
49 114 1
49 143 1
49 144 1
49 173 1
49 177 1
49 240 1
49 257 1
49 270 1
49 285 1
49 320 1
49 365 1
49 399 1
49 412 1
49 490 1
49 512 1
49 516 1
49 598 1
49 607 1
49 627 1
49 639 1
49 663 1
49 700 1
49 716 1
49 752 1
49 804 1
49 979 1
49 1040 1
49 1130 1
49 1135 1
49 1141 1
49 1201 1
49 1225 1
49 1306 1
49 1507 1
49 1577 1
49 1678 1
49 1680 1
50 67 1
50 125 1
50 126 1
50 148 1
50 182 1
50 203 1
50 321 1
50 432 1
50 435 1
50 436 1
50 458 1
50 522 1
50 527 1
50 569 1
50 683 1
50 890 1
50 1366 1
50 1410 1
50 1618 1
50 1620 1
50 1771 1
50 1831 1
50 1938 1
51 54 1
51 75 1
51 80 1
51 82 1
51 166 1
51 170 1
51 257 1
51 261 1
51 268 1
51 286 1
51 354 1
51 360 1
51 367 1
51 401 1
51 403 1
51 418 1
51 433 1
51 447 1
51 600 1
51 614 1
51 668 1
51 709 1
51 862 1
51 872 1
51 911 1
51 1016 1
51 1035 1
51 1076 1
51 1129 1
51 1179 1
51 1608 1
51 1758 1
51 1801 1
51 1892 1
51 1967 1
51 2000 1
52 61 1
52 98 1
52 101 1
52 139 1
52 249 1
52 349 1
52 407 1
52 424 1
52 497 1
52 513 1
52 537 1
52 571 1
52 639 1
52 702 1
52 736 1
52 747 1
52 813 1
52 835 1
52 981 1
52 999 1
52 1272 1
52 1320 1
52 1343 1
52 1449 1
52 1556 1
52 1913 1
53 140 1
53 147 1
53 198 1
53 238 1
53 250 1
53 268 1
53 293 1
53 346 1
53 386 1
53 390 1
53 448 1
53 454 1
53 461 1
53 756 1
53 883 1
53 954 1
54 59 1
54 240 1
54 472 1
54 572 1
54 1863 1
54 1970 1
55 102 1
55 148 1
55 174 1
55 261 1
55 263 1
55 301 1
55 350 1
55 484 1
55 560 1
55 591 1
55 626 1
55 642 1
55 662 1
55 840 1
55 881 1
55 952 1
55 964 1
55 976 1
55 1008 1
55 1092 1
55 1095 1
55 1258 1
55 1365 1
55 1434 1
55 1502 1
55 1716 1
55 1745 1
56 78 1
56 141 1
56 167 1
56 168 1
56 226 1
56 234 1
56 282 1
56 357 1
56 363 1
56 483 1
56 615 1
56 662 1
56 684 1
56 750 1
56 822 1
56 1024 1
56 1057 1
56 1079 1
56 1165 1
56 1437 1
56 1465 1
56 1509 1
56 1785 1
57 81 1
57 165 1
57 289 1
57 611 1
57 632 1
57 697 1
57 735 1
57 962 1
57 1025 1
57 1138 1
57 1186 1
57 1239 1
57 1259 1
57 1282 1
57 1298 1
57 1303 1
57 1735 1
58 69 1
58 118 1
58 176 1
58 255 1
58 319 1
58 776 1
58 1138 1
58 1202 1
58 1448 1
58 1644 1
58 1689 1
58 1914 1
59 62 1
59 65 1
59 73 1
59 82 1
59 92 1
59 99 1
59 114 1
59 116 1
59 127 1
59 142 1
59 155 1
59 166 1
59 178 1
59 202 1
59 263 1
59 275 1
59 304 1
59 339 1
59 366 1
59 425 1
59 435 1
59 450 1
59 498 1
59 547 1
59 720 1
59 804 1
59 918 1
59 930 1
59 1005 1
59 1401 1
59 1440 1
59 1568 1
59 1804 1
59 1868 1
59 1932 1
60 120 1
60 209 1
60 265 1
60 314 1
60 319 1
60 416 1
60 492 1
60 1127 1
60 1217 1
60 1232 1
60 1259 1
60 1324 1
60 1330 1
60 1932 1
61 194 1
61 204 1
61 276 1
61 499 1
61 604 1
61 944 1
61 999 1
61 1054 1
61 1208 1
61 1306 1
61 1493 1
61 1882 1
62 66 1
62 146 1
62 164 1
62 235 1
62 271 1
62 494 1
62 568 1
62 768 1
62 928 1
62 1039 1
62 1631 1
62 1895 1
62 1902 1
62 1906 1
63 66 1
63 97 1
63 112 1
63 172 1
63 183 1
63 195 1
63 201 1
63 208 1
63 278 1
63 281 1
63 289 1
63 312 1
63 324 1
63 326 1
63 379 1
63 417 1
63 432 1
63 441 1
63 442 1
63 457 1
63 595 1
63 648 1
63 729 1
63 790 1
63 796 1
63 907 1
63 959 1
63 988 1
63 1015 1
63 1020 1
63 1132 1
63 1144 1
63 1176 1
63 1264 1
63 1363 1
63 1378 1
63 1463 1
63 1509 1
63 1522 1
63 1545 1
63 1660 1
63 1713 1
63 1744 1
63 1809 1
63 1823 1
63 1911 1
63 1945 1
63 1966 1
63 1997 1
64 71 1
64 100 1
64 112 1
64 120 1
64 252 1
64 352 1
64 371 1
64 390 1
64 450 1
64 931 1
64 1697 1
64 1750 1
65 307 1
65 357 1
65 794 1
65 977 1
65 1830 1
66 159 1
66 530 1
66 860 1
66 1086 1
66 1587 1
67 69 1
67 80 1
67 100 1
67 105 1
67 112 1
67 115 1
67 138 1
67 150 1
67 151 1
67 153 1
67 184 1
67 192 1
67 204 1
67 211 1
67 244 1
67 264 1
67 343 1
67 404 1
67 422 1
67 427 1
67 709 1
67 713 1
67 933 1
67 1006 1
67 1007 1
67 1029 1
67 1123 1
67 1130 1
67 1134 1
67 1267 1
67 1334 1
67 1455 1
67 1552 1
67 1577 1
67 1623 1
67 1673 1
68 97 1
68 310 1
68 359 1
68 470 1
68 555 1
68 561 1
68 757 1
68 834 1
68 850 1
68 978 1
68 1023 1
68 1028 1
68 1412 1
68 1431 1
68 1550 1
68 1721 1
68 1899 1
69 181 1
69 1537 1
69 1588 1
70 87 1
70 94 1
70 115 1
70 131 1
70 135 1
70 209 1
70 235 1
70 269 1
70 353 1
70 395 1
70 458 1
70 482 1
70 493 1
70 562 1
70 728 1
70 742 1
70 1056 1
70 1131 1
70 1328 1
70 1347 1
70 1414 1
70 1593 1
70 1704 1
71 241 1
71 251 1
71 278 1
71 828 1
71 1109 1
72 92 1
72 208 1
72 209 1
72 395 1
72 541 1
72 840 1
72 847 1
72 977 1
72 1040 1
72 1081 1
72 1320 1
72 1396 1
72 1918 1
73 96 1
73 99 1
73 430 1
73 759 1
73 1485 1
73 1795 1
74 149 1
74 227 1
74 229 1
74 267 1
74 354 1
74 372 1
74 448 1
74 497 1
74 546 1
74 597 1
74 835 1
74 841 1
74 859 1
74 1290 1
74 1431 1
74 1777 1
74 1808 1
74 1875 1
75 91 1
75 118 1
75 229 1
75 283 1
75 767 1
75 1403 1
75 1644 1
76 112 1
76 116 1
76 152 1
76 169 1
76 171 1
76 199 1
76 206 1
76 218 1
76 249 1
76 333 1
76 389 1
76 524 1
76 539 1
76 546 1
76 677 1
76 725 1
76 862 1
76 891 1
76 895 1
76 943 1
76 956 1
76 1055 1
76 1160 1
76 1166 1
76 1355 1
76 1462 1
76 1463 1
76 1548 1
76 1639 1
77 96 1
77 196 1
77 309 1
77 317 1
77 348 1
77 378 1
77 490 1
77 751 1
77 1055 1
77 1072 1
77 1439 1
78 217 1
78 251 1
78 329 1
78 372 1
78 399 1
78 480 1
78 495 1
78 517 1
78 743 1
78 755 1
78 830 1
78 1031 1
78 1211 1
78 1280 1
78 1377 1
78 1512 1
78 1647 1
78 1708 1
78 1714 1
78 1783 1
78 1827 1
78 1867 1
79 100 1
79 216 1
79 237 1
79 246 1
79 277 1
79 281 1
79 293 1
79 302 1
79 442 1
79 474 1
79 640 1
79 643 1
79 671 1
79 759 1
79 778 1
79 822 1
79 866 1
79 1153 1
79 1173 1
79 1218 1
79 1315 1
79 1390 1
79 1446 1
79 1824 1
79 1905 1
80 82 1
80 108 1
80 125 1
80 136 1
80 137 1
80 141 1
80 188 1
80 294 1
80 351 1
80 511 1
80 743 1
80 747 1
80 844 1
80 971 1
80 1071 1
80 1540 1
80 1644 1
80 1961 1
81 87 1
81 174 1
81 207 1
81 342 1
81 431 1
81 453 1
81 493 1
81 498 1
81 504 1
81 589 1
81 715 1
81 1068 1
81 1091 1
81 1149 1
81 1240 1
81 1277 1
81 1299 1
81 1344 1
82 137 1
82 197 1
82 221 1
82 264 1
82 340 1
82 397 1
82 598 1
82 724 1
82 880 1
82 1079 1
82 1265 1
82 1391 1
82 1554 1
82 1849 1
83 244 1
83 304 1
83 886 1
83 1286 1
83 1428 1
83 1917 1
84 98 1
84 154 1
84 162 1
84 398 1
84 583 1
84 590 1
84 647 1
84 1003 1
84 1218 1
85 748 1
85 783 1
85 837 1
85 1783 1
85 1850 1
86 134 1
86 196 1
86 223 1
86 243 1
86 579 1
86 622 1
86 670 1
86 790 1
86 1061 1
86 1350 1
86 1641 1
87 299 1
87 330 1
87 429 1
87 491 1
87 628 1
87 961 1
87 1084 1
87 1324 1
87 1543 1
87 1735 1
88 130 1
88 408 1
88 581 1
88 709 1
88 888 1
88 1105 1
88 1133 1
88 1273 1
88 1475 1
88 1966 1
89 102 1
89 110 1
89 127 1
89 249 1
89 275 1
89 326 1
89 380 1
89 406 1
89 432 1
89 433 1
89 440 1
89 522 1
89 575 1
89 637 1
89 652 1
89 703 1
89 763 1
89 782 1
89 854 1
89 958 1
89 959 1
89 1163 1
89 1295 1
89 1312 1
89 1392 1
89 1600 1
89 1771 1
89 1792 1
89 1941 1
89 1985 1
90 172 1
90 205 1
90 214 1
90 215 1
90 221 1
90 262 1
90 422 1
90 646 1
90 719 1
90 763 1
90 938 1
90 1124 1
90 1164 1
90 1265 1
90 1591 1
90 1855 1
90 1921 1
90 1957 1
90 1985 1
91 99 1
91 103 1
91 130 1
91 131 1
91 141 1
91 174 1
91 197 1
91 381 1
91 568 1
91 646 1
91 660 1
91 858 1
91 1035 1
91 1126 1
91 1506 1
91 1528 1
91 1634 1
92 186 1
92 265 1
92 314 1
92 348 1
92 396 1
92 574 1
92 672 1
92 948 1
92 1212 1
92 1219 1
92 1270 1
92 1345 1
92 1433 1
92 1879 1
92 1930 1
93 148 1
93 305 1
93 353 1
93 700 1
93 985 1
93 1002 1
93 1698 1
94 96 1
94 133 1
94 194 1
94 328 1
94 350 1
94 393 1
94 475 1
94 556 1
94 571 1
94 603 1
94 623 1
94 624 1
94 658 1
94 903 1
94 923 1
94 1000 1
94 1036 1
94 1047 1
94 1182 1
94 1198 1
94 1459 1
94 1550 1
94 1580 1
94 1643 1
94 1824 1
94 1863 1
95 113 1
95 284 1
95 308 1
95 413 1
95 482 1
95 574 1
95 695 1
95 829 1
95 911 1
95 914 1
95 1122 1
95 1393 1
95 1553 1
95 1609 1
96 190 1
96 403 1
96 1052 1
97 351 1
97 371 1
97 393 1
97 460 1
97 509 1
97 568 1
97 659 1
97 843 1
97 951 1
97 1087 1
97 1246 1
97 1258 1
97 1409 1
97 1904 1
98 434 1
98 841 1
98 909 1
98 910 1
98 929 1
98 1114 1
98 1298 1
98 1513 1
98 1595 1
98 1794 1
98 1810 1
98 1883 1
99 108 1
99 119 1
99 201 1
99 300 1
99 429 1
99 506 1
99 540 1
99 658 1
99 781 1
99 802 1
99 887 1
99 891 1
99 978 1
99 986 1
99 1173 1
99 1275 1
99 1294 1
99 1431 1
99 1577 1
99 1707 1
99 1725 1
99 1781 1
99 1880 1
99 1930 1
99 1951 1
99 1984 1
100 735 1
100 821 1
100 1375 1
101 126 1
101 129 1
101 154 1
101 183 1
101 375 1
101 405 1
101 408 1
101 461 1
101 488 1
101 561 1
101 610 1
101 611 1
101 635 1
101 772 1
101 792 1
101 846 1
101 894 1
101 945 1
101 1000 1
101 1020 1
101 1083 1
101 1108 1
101 1128 1
101 1207 1
101 1336 1
101 1477 1
101 1526 1
101 1792 1
101 1919 1
102 116 1
102 169 1
102 320 1
102 428 1
102 475 1
102 748 1
102 1037 1
102 1161 1
102 1295 1
102 1318 1
102 1597 1
102 1817 1
103 564 1
103 732 1
103 921 1
103 1543 1
103 1583 1
103 1714 1
104 115 1
104 159 1
104 162 1
104 214 1
104 251 1
104 295 1
104 377 1
104 383 1
104 405 1
104 528 1
104 672 1
104 734 1
104 807 1
104 813 1
104 869 1
104 892 1
104 920 1
104 965 1
104 1068 1
104 1291 1
104 1299 1
104 1542 1
104 1566 1
104 1634 1
105 106 1
105 116 1
105 157 1
105 257 1
105 283 1
105 387 1
105 489 1
105 1056 1
105 1110 1
105 1125 1
105 1202 1
105 1374 1
105 1457 1
105 1616 1
105 1897 1
106 955 1
107 355 1
107 919 1
107 963 1
108 123 1
108 163 1
108 213 1
108 303 1
108 413 1
108 457 1
108 534 1
108 593 1
108 653 1
108 754 1
108 760 1
108 1600 1
109 179 1
109 230 1
109 447 1
109 552 1
109 661 1
109 1097 1
109 1660 1
109 1831 1
110 264 1
110 338 1
110 383 1
110 525 1
110 784 1
110 1457 1
111 145 1
111 349 1
111 696 1
111 747 1
111 795 1
111 865 1
111 980 1
111 1147 1
111 1356 1
111 1544 1
111 1576 1
111 1614 1
111 1683 1
111 1761 1
112 119 1
112 158 1
112 165 1
112 184 1
112 305 1
112 310 1
112 668 1
112 686 1
112 1034 1
112 1057 1
112 1201 1
112 1242 1
112 1261 1
112 1313 1
112 1474 1
112 1893 1
113 205 1
113 613 1
113 1421 1
114 242 1
114 324 1
114 392 1
114 483 1
114 529 1
114 537 1
114 588 1
114 630 1
114 772 1
114 916 1
114 919 1
114 1446 1
114 1494 1
114 1769 1
114 1797 1
115 183 1
115 213 1
115 292 1
115 444 1
115 536 1
115 963 1
116 142 1
116 170 1
116 291 1
116 484 1
116 666 1
116 1188 1
116 1189 1
116 1297 1
116 1333 1
116 1622 1
116 1628 1
116 1766 1
117 149 1
117 173 1
117 238 1
117 405 1
117 479 1
117 845 1
117 1579 1
117 1900 1
118 122 1
118 183 1
118 359 1
118 378 1
118 409 1
118 533 1
118 909 1
118 1338 1
119 338 1
119 424 1
119 452 1
119 710 1
119 774 1
119 801 1
119 981 1
119 1030 1
119 1220 1
119 1394 1
119 1516 1
119 1525 1
119 1800 1
120 222 1
120 274 1
120 277 1
120 296 1
120 297 1
120 321 1
120 340 1
120 359 1
120 360 1
120 363 1
120 442 1
120 444 1
120 480 1
120 495 1
120 505 1
120 574 1
120 593 1
120 622 1
120 669 1
120 683 1
120 694 1
120 727 1
120 737 1
120 759 1
120 775 1
120 793 1
120 798 1
120 817 1
120 825 1
120 873 1
120 919 1
120 934 1
120 951 1
120 1005 1
120 1044 1
120 1078 1
120 1101 1
120 1145 1
120 1221 1
120 1229 1
120 1266 1
120 1357 1
120 1561 1
120 1564 1
120 1665 1
120 1689 1
120 1730 1
120 1762 1
120 1871 1
120 1934 1
120 1998 1
121 127 1
121 139 1
121 525 1
121 579 1
121 617 1
121 657 1
121 726 1
121 738 1
121 955 1
121 1129 1
121 1440 1
121 1598 1
121 1811 1
121 1847 1
122 514 1
123 198 1
123 327 1
123 660 1
123 990 1
123 1741 1
124 192 1
124 220 1
124 481 1
124 536 1
124 557 1
124 603 1
124 619 1
124 687 1
124 979 1
124 1039 1
124 1195 1
124 1264 1
124 1270 1
124 1372 1
124 1397 1
124 1404 1
124 1568 1
124 1610 1
124 1762 1
124 1778 1
124 1841 1
125 136 1
125 186 1
125 232 1
125 1045 1
125 1398 1
125 1812 1
125 1905 1
126 306 1
126 456 1
126 511 1
126 551 1
126 738 1
126 756 1
126 881 1
126 936 1
126 1091 1
127 155 1
127 234 1
127 352 1
127 428 1
127 508 1
127 561 1
127 608 1
127 768 1
127 807 1
127 992 1
127 1024 1
127 1124 1
127 1137 1
127 1193 1
127 1269 1
127 1594 1
128 190 1
128 203 1
128 208 1
128 279 1
128 330 1
128 355 1
128 363 1
128 468 1
128 584 1
128 610 1
128 620 1
128 713 1
128 815 1
128 1112 1
128 1145 1
128 1175 1
128 1441 1
128 1873 1
129 205 1
129 229 1
129 230 1
129 495 1
129 798 1
129 1226 1
130 132 1
130 317 1
130 433 1
130 539 1
130 837 1
130 1158 1
130 1799 1
130 1908 1
131 173 1
131 384 1
131 438 1
131 1320 1
131 1699 1
131 1853 1
132 380 1
132 388 1
132 661 1
132 780 1
132 902 1
132 1095 1
132 1215 1
132 1438 1
132 1549 1
132 1615 1
132 1671 1
132 1801 1
132 1889 1
133 134 1
133 322 1
133 342 1
133 507 1
133 1026 1
134 155 1
134 177 1
134 285 1
134 300 1
134 483 1
134 730 1
134 975 1
134 1026 1
134 1791 1
134 1811 1
134 1964 1
134 1981 1
135 139 1
135 150 1
135 211 1
135 307 1
135 703 1
135 762 1
135 769 1
135 1071 1
135 1316 1
135 1409 1
135 1640 1
135 1720 1
136 171 1
136 213 1
136 237 1
136 401 1
136 896 1
136 960 1
136 1032 1
136 1484 1
136 1653 1
136 1732 1
136 1781 1
136 1915 1
136 1970 1
136 1990 1
137 284 1
137 515 1
137 581 1
137 1215 1
137 1905 1
137 1974 1
138 207 1
138 253 1
138 582 1
138 1445 1
138 1599 1
138 1653 1
138 1792 1
139 1411 1
139 1633 1
140 196 1
140 245 1
140 323 1
140 520 1
140 659 1
140 669 1
140 1589 1
141 350 1
141 384 1
141 846 1
141 1854 1
142 288 1
142 500 1
142 503 1
142 824 1
142 1189 1
142 1519 1
142 1608 1
142 1988 1
143 267 1
143 286 1
143 309 1
143 334 1
143 344 1
143 414 1
143 491 1
143 538 1
143 605 1
143 691 1
143 805 1
143 924 1
143 1048 1
143 1061 1
143 1159 1
143 1358 1
143 1487 1
143 1488 1
143 1602 1
143 1879 1
144 152 1
144 193 1
144 202 1
144 222 1
144 226 1
144 239 1
144 265 1
144 388 1
144 475 1
144 520 1
144 601 1
144 697 1
144 845 1
144 847 1
144 860 1
144 1127 1
144 1243 1
144 1300 1
144 1489 1
144 1664 1
144 1850 1
144 1860 1
145 150 1
145 201 1
145 315 1
145 412 1
145 446 1
145 1011 1
145 1934 1
146 147 1
146 254 1
146 323 1
146 391 1
146 421 1
146 466 1
146 788 1
146 829 1
146 831 1
146 1048 1
146 1051 1
146 1159 1
146 1400 1
146 1513 1
146 1869 1
146 1887 1
146 1989 1
147 151 1
147 154 1
147 193 1
147 227 1
147 231 1
147 328 1
147 471 1
147 701 1
147 878 1
147 976 1
147 1089 1
147 1165 1
147 1238 1
147 1336 1
147 1406 1
147 1491 1
147 1838 1
148 303 1
148 319 1
148 531 1
148 534 1
148 1302 1
148 1382 1
149 496 1
149 526 1
149 537 1
149 552 1
149 1031 1
149 1092 1
149 1121 1
149 1531 1
149 1585 1
149 1674 1
149 1696 1
149 1864 1
149 1872 1
150 189 1
150 568 1
150 629 1
150 649 1
150 688 1
150 882 1
150 1013 1
150 1128 1
150 1534 1
150 1572 1
150 1658 1
150 1784 1
150 1996 1
151 260 1
151 293 1
151 333 1
151 402 1
151 479 1
151 1314 1
151 1621 1
151 1790 1
151 1906 1
152 585 1
152 1087 1
152 1105 1
152 1302 1
152 1582 1
153 168 1
153 195 1
153 325 1
153 335 1
153 531 1
153 566 1
153 749 1
153 846 1
153 853 1
153 869 1
153 985 1
153 1084 1
153 1203 1
153 1326 1
153 1483 1
153 1786 1
153 1911 1
154 594 1
154 724 1
154 773 1
154 828 1
154 893 1
154 1068 1
154 1232 1
154 1241 1
155 253 1
155 259 1
155 300 1
155 336 1
155 387 1
155 563 1
155 602 1
155 668 1
155 689 1
155 741 1
155 1176 1
155 1547 1
155 1637 1
156 171 1
156 673 1
156 706 1
156 1190 1
156 1230 1
156 1934 1
157 198 1
157 364 1
157 374 1
157 378 1
157 449 1
157 890 1
157 1099 1
157 1295 1
157 1379 1
157 1606 1
157 1854 1
157 1942 1
157 1987 1
158 224 1
158 226 1
158 293 1
158 339 1
158 361 1
158 379 1
158 394 1
158 421 1
158 467 1
158 508 1
158 576 1
158 672 1
158 770 1
158 777 1
158 912 1
158 926 1
158 942 1
158 1152 1
158 1181 1
158 1317 1
158 1532 1
158 1749 1
158 1877 1
158 1952 1
159 421 1
159 576 1
159 1783 1
160 188 1
160 238 1
160 256 1
160 634 1
160 1081 1
160 1116 1
160 1454 1
161 165 1
161 402 1
161 613 1
161 627 1
161 727 1
161 786 1
161 900 1
161 902 1
161 906 1
161 1349 1
161 1426 1
161 1623 1
162 234 1
162 550 1
162 940 1
162 1304 1
162 1630 1
162 1872 1
163 468 1
163 470 1
163 776 1
163 873 1
163 1014 1
163 1061 1
163 1119 1
163 1278 1
163 1298 1
163 1451 1
164 170 1
164 343 1
164 349 1
164 401 1
164 419 1
164 464 1
164 511 1
164 569 1
164 802 1
164 926 1
164 1010 1
164 1125 1
164 1255 1
164 1257 1
164 1815 1
164 1886 1
165 445 1
165 504 1
166 404 1
166 488 1
166 647 1
166 764 1
166 1415 1
166 1465 1
166 1489 1
166 1516 1
166 1543 1
166 1558 1
166 1770 1
166 1863 1
166 1970 1
167 175 1
167 179 1
167 197 1
167 202 1
167 564 1
167 909 1
167 987 1
167 1010 1
167 1252 1
167 1330 1
167 1332 1
167 1362 1
167 1462 1
167 1684 1
167 1965 1
168 255 1
168 402 1
168 543 1
168 638 1
168 664 1
168 1328 1
168 1353 1
168 1968 1
168 1989 1
169 1428 1
170 173 1
170 205 1
170 241 1
170 272 1
170 510 1
170 669 1
170 855 1
170 1365 1
171 643 1
171 1081 1
172 185 1
172 320 1
172 480 1
172 481 1
172 552 1
172 607 1
172 832 1
172 1141 1
172 1190 1
172 1256 1
172 1411 1
172 1975 1
173 195 1
173 258 1
173 352 1
173 386 1
173 411 1
173 414 1
173 516 1
173 617 1
173 741 1
173 764 1
173 863 1
173 1011 1
173 1018 1
173 1197 1
173 1222 1
173 1363 1
173 1402 1
173 1452 1
173 1454 1
173 1594 1
173 1693 1
173 1703 1
173 1911 1
173 1951 1
174 211 1
174 479 1
174 505 1
174 578 1
174 640 1
174 674 1
174 779 1
174 1052 1
174 1673 1
174 1790 1
175 285 1
175 289 1
175 306 1
175 428 1
175 580 1
175 587 1
175 712 1
175 915 1
175 1205 1
175 1555 1
176 190 1
176 308 1
176 479 1
176 1301 1
176 1510 1
177 216 1
177 358 1
177 551 1
177 773 1
177 888 1
177 912 1
177 953 1
177 954 1
177 967 1
177 1712 1
177 1820 1
178 250 1
178 276 1
178 331 1
178 409 1
178 418 1
178 436 1
178 528 1
178 855 1
178 991 1
178 1271 1
178 1381 1
178 1570 1
178 1739 1
179 180 1
179 187 1
179 426 1
179 463 1
179 474 1
179 501 1
179 764 1
179 969 1
179 1003 1
179 1439 1
179 1926 1
180 463 1
180 603 1
180 675 1
181 191 1
181 206 1
181 267 1
181 625 1
181 1399 1
182 206 1
182 212 1
182 244 1
182 247 1
182 716 1
182 827 1
182 871 1
182 906 1
182 995 1
182 1313 1
182 1620 1
182 1993 1
183 215 1
183 254 1
183 465 1
183 596 1
183 708 1
183 965 1
183 1041 1
183 1212 1
183 1484 1
183 1669 1
183 1876 1
183 1975 1
184 1712 1
185 212 1
185 230 1
185 393 1
185 414 1
185 541 1
185 642 1
185 684 1
185 690 1
185 692 1
185 880 1
185 1009 1
185 1120 1
185 1158 1
185 1400 1
185 1739 1
185 1755 1
185 1952 1
186 193 1
186 239 1
186 703 1
186 800 1
186 1333 1
186 1371 1
186 1456 1
186 1509 1
187 272 1
187 368 1
187 590 1
187 612 1
187 715 1
187 811 1
187 879 1
187 938 1
187 1078 1
187 1477 1
187 1518 1
187 1759 1
187 1802 1
187 1892 1
188 199 1
188 241 1
188 492 1
188 534 1
188 661 1
188 693 1
188 908 1
188 1085 1
188 1573 1
188 1958 1
188 2000 1
189 373 1
189 892 1
189 1001 1
189 1073 1
189 1579 1
189 1590 1
190 272 1
190 368 1
190 604 1
190 1221 1
190 1731 1
191 206 1
191 217 1
191 452 1
191 530 1
191 649 1
191 892 1
191 1043 1
191 1250 1
191 1436 1
191 1496 1
192 242 1
192 549 1
192 944 1
192 1428 1
192 1475 1
192 1920 1
193 375 1
193 400 1
193 554 1
193 870 1
193 1067 1
193 1072 1
193 1502 1
193 1806 1
194 472 1
194 653 1
194 754 1
194 793 1
194 930 1
194 1038 1
194 1086 1
194 1377 1
194 1522 1
194 1764 1
195 399 1
196 303 1
196 438 1
196 770 1
196 1010 1
196 1062 1
196 1361 1
196 1488 1
196 1615 1
196 1710 1
196 1889 1
197 220 1
197 276 1
197 284 1
197 377 1
197 447 1
197 573 1
197 899 1
197 1070 1
197 1084 1
197 1107 1
197 1293 1
197 1368 1
197 1729 1
197 1968 1
198 316 1
198 762 1
198 786 1
198 1096 1
198 1263 1
198 1420 1
198 1461 1
198 1579 1
198 1700 1
199 207 1
199 286 1
199 646 1
199 994 1
199 1493 1
199 1616 1
200 344 1
200 563 1
200 624 1
200 997 1
200 1844 1
201 223 1
201 849 1
201 1310 1
201 1709 1
202 243 1
202 341 1
202 356 1
202 767 1
202 801 1
202 812 1
202 1425 1
202 1647 1
203 543 1
203 648 1
203 807 1
203 874 1
203 979 1
203 1264 1
203 1385 1
203 1989 1
204 705 1
204 1211 1
204 1470 1
204 1929 1
205 215 1
205 973 1
206 322 1
206 357 1
206 1069 1
206 1397 1
207 224 1
207 382 1
207 583 1
207 1029 1
207 1141 1
207 1210 1
207 1245 1
207 1570 1
207 1571 1
207 1627 1
207 1862 1
208 209 1
208 242 1
208 349 1
208 354 1
208 438 1
208 467 1
208 518 1
208 628 1
208 733 1
208 751 1
208 1009 1
208 1053 1
208 1092 1
208 1733 1
208 1994 1
208 1998 1
209 227 1
209 372 1
209 448 1
209 630 1
209 1185 1
209 1268 1
209 1333 1
209 1335 1
209 1643 1
209 1702 1
210 264 1
210 310 1
210 323 1
210 341 1
210 1389 1
210 1481 1
210 1547 1
210 1661 1
210 1671 1
211 296 1
211 370 1
211 521 1
211 651 1
211 658 1
211 666 1
211 788 1
211 822 1
211 1041 1
211 1058 1
211 1072 1
211 1075 1
211 1111 1
211 1204 1
211 1226 1
211 1444 1
211 1682 1
211 1715 1
211 1822 1
211 1861 1
212 707 1
212 733 1
212 959 1
212 985 1
212 1166 1
212 1223 1
212 1285 1
212 1430 1
213 1013 1
213 1870 1
214 274 1
214 719 1
214 907 1
214 922 1
215 240 1
215 337 1
215 1021 1
215 1107 1
216 296 1
216 355 1
216 687 1
216 784 1
216 903 1
216 973 1
216 1236 1
216 1288 1
216 1351 1
216 1716 1
216 1876 1
217 219 1
217 298 1
217 330 1
217 455 1
217 502 1
217 556 1
217 680 1
217 751 1
217 830 1
217 896 1
217 897 1
217 947 1
217 1111 1
217 1156 1
217 1487 1
217 1504 1
218 235 1
218 260 1
218 294 1
218 340 1
218 459 1
218 523 1
218 527 1
218 544 1
218 566 1
218 620 1
218 801 1
218 821 1
218 1076 1
218 1147 1
218 1156 1
218 1288 1
218 1813 1
218 1875 1
218 1909 1
219 266 1
219 487 1
219 609 1
219 1696 1
219 1981 1
220 225 1
220 476 1
220 679 1
220 925 1
220 1766 1
220 1782 1
221 312 1
221 477 1
221 766 1
221 903 1
221 958 1
221 1229 1
222 273 1
222 291 1
222 396 1
222 438 1
222 847 1
223 346 1
223 459 1
223 596 1
223 598 1
223 700 1
223 863 1
223 1065 1
223 1988 1
224 228 1
224 282 1
224 551 1
224 763 1
224 994 1
224 1089 1
224 1190 1
224 1479 1
224 1486 1
224 1627 1
224 1646 1
224 1733 1
224 1830 1
225 236 1
225 238 1
225 247 1
225 343 1
225 435 1
225 440 1
225 445 1
225 532 1
225 559 1
225 728 1
225 780 1
225 870 1
225 1155 1
225 1524 1
225 1595 1
225 1988 1
226 295 1
226 346 1
226 376 1
226 550 1
226 670 1
226 793 1
226 1044 1
226 1180 1
226 1248 1
226 1675 1
226 1746 1
226 1943 1
226 1960 1
227 277 1
227 378 1
227 462 1
227 729 1
227 736 1
227 1226 1
227 1450 1
228 465 1
228 531 1
228 597 1
228 696 1
228 818 1
228 857 1
228 960 1
228 1180 1
228 1268 1
228 1659 1
228 1848 1
229 331 1
229 489 1
229 650 1
229 705 1
229 923 1
229 1147 1
229 1266 1
230 232 1
230 282 1
230 283 1
230 309 1
230 328 1
230 403 1
230 423 1
230 477 1
230 494 1
230 546 1
230 548 1
230 581 1
230 636 1
230 646 1
230 648 1
230 1013 1
230 1064 1
230 1127 1
230 1134 1
230 1271 1
230 1362 1
230 1720 1
230 1722 1
230 1962 1
231 383 1
231 562 1
231 685 1
231 881 1
231 1039 1
231 1066 1
231 1122 1
231 1133 1
231 1183 1
231 1301 1
232 245 1
232 376 1
232 752 1
232 761 1
232 848 1
232 964 1
232 1128 1
232 1456 1
232 1492 1
232 1653 1
233 424 1
233 519 1
233 774 1
233 1348 1
233 1533 1
233 1612 1
233 1681 1
233 1849 1
234 254 1
234 306 1
234 542 1
234 626 1
234 881 1
235 351 1
235 670 1
235 927 1
235 1323 1
235 1572 1
236 426 1
236 442 1
236 1028 1
236 1680 1
237 252 1
237 1799 1
238 392 1
238 931 1
238 1765 1
238 1774 1
239 298 1
239 489 1
239 575 1
239 1445 1
239 1613 1
239 1767 1
240 248 1
240 338 1
240 450 1
240 557 1
240 558 1
240 631 1
240 749 1
240 1085 1
240 1252 1
241 334 1
241 427 1
241 435 1
241 529 1
241 663 1
241 681 1
241 1096 1
241 1639 1
241 1648 1
241 1732 1
241 1845 1
241 1897 1
242 403 1
242 430 1
243 490 1
243 510 1
243 518 1
243 547 1
243 811 1
243 967 1
243 1003 1
243 1680 1
244 289 1
244 365 1
244 779 1
245 254 1
245 288 1
245 313 1
245 544 1
245 644 1
245 712 1
245 989 1
245 1261 1
245 1265 1
245 1409 1
245 1566 1
245 1710 1
245 1901 1
245 1943 1
246 259 1
246 430 1
246 563 1
246 601 1
246 654 1
246 719 1
246 926 1
246 1004 1
246 1101 1
246 1347 1
246 1358 1
247 268 1
247 290 1
247 364 1
247 368 1
247 411 1
247 417 1
247 1216 1
247 1230 1
247 1488 1
247 1497 1
247 1706 1
248 282 1
248 600 1
248 664 1
248 1148 1
248 1262 1
248 1875 1
249 259 1
249 286 1
249 867 1
249 887 1
249 1066 1
249 1249 1
249 1355 1
249 1585 1
249 1618 1
249 1752 1
250 271 1
250 426 1
250 739 1
250 1290 1
250 1459 1
250 1776 1
251 331 1
251 362 1
251 1072 1
251 1382 1
251 1482 1
251 1633 1
252 465 1
252 748 1
252 779 1
252 1257 1
253 387 1
253 1371 1
253 1521 1
254 430 1
254 453 1
254 496 1
254 750 1
254 785 1
254 899 1
254 1062 1
254 1596 1
255 512 1
256 261 1
256 321 1
256 368 1
256 650 1
256 748 1
256 874 1
256 1010 1
256 1113 1
256 1162 1
256 1314 1
256 1478 1
256 1498 1
256 1578 1
256 1613 1
256 1967 1
257 774 1
257 965 1
257 1053 1
257 1145 1
257 1297 1
257 1518 1
257 1679 1
257 1722 1
257 1739 1
257 1984 1
258 315 1
258 523 1
258 1048 1
258 1369 1
259 523 1
259 525 1
259 739 1
259 1248 1
259 1648 1
260 380 1
260 1176 1
260 1182 1
260 1194 1
260 1411 1
260 1833 1
261 1310 1
261 1956 1
262 1417 1
263 1094 1
263 1209 1
263 1253 1
263 1394 1
263 1563 1
264 457 1
264 666 1
264 745 1
264 784 1
264 826 1
264 1258 1
264 1747 1
264 1921 1
265 276 1
265 460 1
265 505 1
265 536 1
265 737 1
265 812 1
265 817 1
265 1019 1
265 1300 1
265 1466 1
265 1845 1
266 582 1
266 583 1
266 625 1
266 1198 1
266 1904 1
267 335 1
267 394 1
267 439 1
267 522 1
267 606 1
267 769 1
267 775 1
267 1014 1
267 1110 1
267 1187 1
267 1230 1
267 1238 1
267 1262 1
267 1296 1
267 1407 1
267 1779 1
268 388 1
268 502 1
268 641 1
268 1058 1
268 1171 1
268 1491 1
268 1546 1
268 1862 1
268 1869 1
268 1900 1
269 870 1
269 951 1
269 1328 1
270 606 1
270 829 1
270 866 1
270 876 1
270 910 1
270 1122 1
270 1424 1
271 779 1
272 1309 1
272 1629 1
272 1900 1
272 1901 1
273 413 1
273 835 1
273 1038 1
273 1043 1
273 1472 1
273 1515 1
274 304 1
274 358 1
274 456 1
274 706 1
274 723 1
274 837 1
274 866 1
274 1017 1
274 1542 1
274 1974 1
275 280 1
275 300 1
275 328 1
275 1308 1
275 1319 1
275 1591 1
275 1622 1
276 501 1
276 572 1
276 717 1
276 921 1
276 944 1
276 1132 1
276 1201 1
276 1383 1
276 1716 1
277 396 1
277 627 1
277 654 1
277 813 1
277 1274 1
277 1384 1
278 775 1
279 332 1
279 446 1
279 706 1
279 947 1
279 1235 1
280 974 1
281 367 1
281 1218 1
281 1631 1
281 1672 1
282 556 1
282 736 1
282 1943 1
283 382 1
283 389 1
283 439 1
283 628 1
283 708 1
283 923 1
283 1085 1
283 1103 1
283 1282 1
283 1605 1
283 1723 1
283 1922 1
284 291 1
284 641 1
284 935 1
284 1096 1
284 1115 1
284 1276 1
285 726 1
285 1946 1
286 440 1
286 521 1
286 800 1
286 802 1
287 559 1
287 720 1
287 723 1
287 868 1
287 932 1
287 1011 1
287 1282 1
287 1325 1
287 1452 1
287 1467 1
288 1039 1
288 1372 1
288 1763 1
288 1856 1
289 429 1
289 509 1
289 890 1
289 1025 1
289 1102 1
289 1412 1
289 1940 1
290 295 1
290 376 1
290 469 1
290 861 1
290 1800 1
291 391 1
291 586 1
291 1609 1
291 1656 1
292 425 1
292 1466 1
293 364 1
293 389 1
293 464 1
293 467 1
293 469 1
293 631 1
293 914 1
293 1018 1
293 1363 1
293 1385 1
293 1395 1
293 1506 1
293 1539 1
293 1798 1
294 315 1
294 463 1
294 1117 1
294 1119 1
294 1443 1
294 1447 1
295 1076 1
295 1155 1
295 1728 1
296 406 1
296 645 1
296 911 1
296 964 1
296 1889 1
296 1914 1
297 299 1
297 431 1
297 540 1
297 954 1
297 1474 1
297 1764 1
297 1870 1
298 486 1
298 885 1
298 932 1
298 1015 1
298 1173 1
298 1501 1
298 1569 1
299 325 1
299 463 1
299 811 1
299 1092 1
299 1538 1
299 1626 1
299 1807 1
299 1927 1
300 322 1
300 347 1
300 608 1
300 717 1
300 1088 1
300 1290 1
300 1333 1
300 1592 1
300 1723 1
301 462 1
301 809 1
301 924 1
301 1001 1
301 1551 1
301 1747 1
302 570 1
302 827 1
302 1395 1
302 1635 1
302 1689 1
302 1979 1
303 393 1
303 500 1
303 624 1
303 808 1
303 1090 1
303 1110 1
303 1121 1
303 1315 1
303 1918 1
304 361 1
304 475 1
304 550 1
304 782 1
304 1874 1
305 310 1
305 1117 1
305 1423 1
305 1696 1
305 1763 1
307 326 1
307 423 1
307 580 1
307 605 1
307 1357 1
307 1366 1
307 1575 1
307 1880 1
308 410 1
308 462 1
308 806 1
308 928 1
308 1233 1
308 1663 1
309 344 1
309 356 1
309 394 1
309 405 1
309 443 1
309 557 1
309 609 1
309 905 1
309 989 1
309 1104 1
309 1228 1
309 1340 1
309 1478 1
309 1485 1
310 565 1
310 682 1
310 707 1
310 854 1
310 860 1
310 1131 1
310 1617 1
311 441 1
311 529 1
311 545 1
311 889 1
311 1073 1
311 1094 1
311 1150 1
311 1371 1
311 1743 1
312 376 1
312 427 1
312 591 1
312 632 1
312 781 1
312 954 1
312 1132 1
312 1581 1
312 1684 1
313 1664 1
314 343 1
314 345 1
314 425 1
314 640 1
314 960 1
314 1261 1
314 1561 1
315 587 1
315 647 1
315 947 1
315 970 1
315 1303 1
315 1674 1
317 395 1
317 453 1
317 474 1
317 656 1
317 975 1
317 1032 1
317 1231 1
317 1347 1
317 1401 1
317 1530 1
317 1635 1
317 1637 1
318 370 1
318 598 1
318 604 1
318 921 1
318 941 1
318 994 1
318 1684 1
318 1880 1
319 321 1
319 451 1
319 490 1
319 633 1
319 983 1
319 1036 1
319 1171 1
319 1592 1
319 1891 1
320 416 1
320 541 1
320 599 1
320 684 1
320 836 1
320 894 1
320 923 1
320 1000 1
320 1040 1
320 1203 1
320 1287 1
320 1343 1
320 1565 1
321 392 1
321 404 1
321 517 1
321 619 1
321 654 1
321 755 1
321 792 1
321 820 1
321 831 1
321 914 1
321 930 1
321 1082 1
321 1675 1
322 1105 1
322 1289 1
322 1751 1
323 441 1
323 1229 1
324 601 1
325 476 1
325 961 1
325 1115 1
326 418 1
326 499 1
326 660 1
326 1003 1
326 1465 1
326 1600 1
327 1667 1
328 407 1
328 572 1
328 577 1
328 848 1
328 871 1
328 1059 1
328 1627 1
329 713 1
329 1583 1
330 369 1
330 783 1
330 1033 1
330 1870 1
330 1978 1
331 625 1
331 857 1
331 917 1
331 1118 1
331 1398 1
331 1450 1
331 1733 1
332 485 1
332 1357 1
332 1574 1
332 1756 1
332 1905 1
333 595 1
333 663 1
333 678 1
333 732 1
333 898 1
333 1024 1
333 1033 1
333 1302 1
333 1397 1
333 1669 1
333 1930 1
334 466 1
334 640 1
334 1177 1
334 1288 1
335 336 1
335 419 1
335 616 1
335 785 1
335 1170 1
335 1376 1
335 1466 1
335 1505 1
335 1774 1
335 1953 1
336 412 1
336 427 1
336 711 1
336 1928 1
337 353 1
337 1361 1
337 1460 1
337 1536 1
337 1727 1
338 342 1
338 860 1
338 1100 1
338 1188 1
338 1343 1
338 1484 1
339 528 1
339 963 1
339 968 1
339 991 1
339 1049 1
339 1212 1
339 1286 1
339 1334 1
339 1527 1
339 1578 1
339 1677 1
340 434 1
340 869 1
340 1022 1
340 1964 1
341 412 1
341 535 1
341 607 1
341 722 1
341 990 1
341 1056 1
341 1090 1
341 1136 1
341 1289 1
341 1458 1
341 1520 1
341 1528 1
341 1529 1
341 1671 1
341 1692 1
341 1759 1
341 1982 1
342 468 1
342 682 1
342 1269 1
342 1553 1
343 373 1
343 972 1
343 1382 1
344 373 1
344 384 1
344 806 1
344 1154 1
344 1469 1
345 641 1
345 941 1
345 1396 1
346 365 1
346 397 1
346 595 1
346 652 1
346 1081 1
346 1573 1
346 1845 1
347 655 1
347 1281 1
347 1368 1
347 1705 1
347 1964 1
348 714 1
348 787 1
348 1018 1
348 1060 1
348 1386 1
348 1451 1
348 1593 1
348 1741 1
348 1807 1
349 365 1
349 440 1
349 549 1
349 782 1
349 1019 1
349 1047 1
349 1254 1
349 1470 1
349 1657 1
349 1702 1
349 1738 1
349 1897 1
350 682 1
351 560 1
351 657 1
351 839 1
351 1035 1
351 1128 1
351 1199 1
351 1309 1
351 1350 1
351 1608 1
351 1836 1
352 420 1
352 478 1
352 606 1
352 664 1
352 679 1
352 1075 1
352 1473 1
352 1990 1
353 406 1
353 497 1
353 773 1
353 1129 1
353 1149 1
353 1461 1
353 1601 1
353 1701 1
353 1864 1
354 390 1
354 482 1
354 617 1
354 809 1
354 1338 1
355 562 1
355 945 1
355 1016 1
355 1096 1
355 1273 1
355 1560 1
356 452 1
356 677 1
356 1067 1
356 1596 1
356 1767 1
356 1886 1
356 1887 1
357 374 1
357 667 1
357 723 1
357 735 1
357 913 1
357 1867 1
358 414 1
358 515 1
358 554 1
358 849 1
358 863 1
358 966 1
358 1066 1
358 1133 1
359 578 1
359 658 1
359 693 1
359 958 1
359 1535 1
359 1827 1
359 1888 1
359 1987 1
360 1115 1
360 1545 1
361 391 1
361 509 1
361 536 1
361 538 1
361 594 1
361 932 1
361 1249 1
361 1285 1
361 1573 1
361 1859 1
362 370 1
362 590 1
362 1482 1
362 1711 1
362 1730 1
363 382 1
363 513 1
363 655 1
363 797 1
363 1034 1
363 1436 1
364 389 1
364 472 1
364 718 1
364 791 1
364 804 1
364 817 1
364 1315 1
364 1512 1
365 437 1
365 588 1
365 1269 1
365 1479 1
365 1530 1
366 671 1
366 905 1
366 1216 1
366 1318 1
366 1712 1
367 859 1
367 1036 1
368 381 1
368 398 1
368 1228 1
368 1299 1
368 1437 1
368 1686 1
368 1704 1
368 1912 1
368 1929 1
369 485 1
369 803 1
369 913 1
369 957 1
369 1556 1
370 565 1
370 600 1
370 612 1
370 981 1
370 1529 1
370 1868 1
371 739 1
371 800 1
371 1281 1
371 1929 1
372 535 1
372 1857 1
372 1936 1
373 508 1
373 561 1
373 1458 1
373 1710 1
373 1715 1
374 543 1
374 605 1
374 869 1
374 909 1
374 1135 1
374 1789 1
375 1188 1
375 1240 1
375 1536 1
375 1839 1
376 415 1
376 420 1
376 421 1
376 494 1
376 1290 1
376 1787 1
376 1980 1
377 491 1
377 495 1
377 518 1
377 610 1
377 621 1
377 721 1
377 729 1
377 852 1
377 865 1
377 1857 1
377 1976 1
378 409 1
378 970 1
378 1050 1
378 1616 1
378 1825 1
379 398 1
379 425 1
379 587 1
379 686 1
379 765 1
379 816 1
379 899 1
379 1191 1
379 1317 1
379 1376 1
379 1421 1
379 1481 1
379 1641 1
379 1643 1
380 632 1
380 936 1
380 1314 1
381 701 1
381 827 1
381 1021 1
381 1224 1
381 1516 1
381 1711 1
381 1723 1
382 454 1
382 571 1
382 588 1
382 722 1
382 1226 1
382 1280 1
382 1307 1
382 1314 1
383 419 1
383 796 1
383 1002 1
383 1050 1
383 1071 1
383 1225 1
383 1250 1
383 1326 1
383 1417 1
384 1207 1
384 1450 1
385 551 1
385 577 1
385 1292 1
385 1376 1
385 1504 1
385 1962 1
386 575 1
386 1511 1
386 1668 1
387 512 1
387 611 1
387 662 1
387 832 1
387 915 1
387 1200 1
387 1498 1
387 1873 1
387 1942 1
387 1953 1
388 487 1
388 730 1
388 770 1
388 1186 1
388 1212 1
388 1234 1
388 1236 1
388 1351 1
388 1399 1
388 1516 1
388 1565 1
388 1719 1
388 1878 1
388 1964 1
388 1972 1
389 513 1
389 778 1
389 790 1
389 1083 1
389 1225 1
389 1248 1
389 1487 1
389 1613 1
389 1828 1
390 545 1
390 947 1
391 1043 1
391 1356 1
392 1540 1
392 1816 1
392 1922 1
393 731 1
393 900 1
393 965 1
393 1113 1
394 613 1
394 1185 1
394 1597 1
394 1842 1
395 437 1
395 1355 1
396 1445 1
396 1795 1
396 1945 1
397 464 1
398 708 1
398 821 1
399 783 1
399 1049 1
399 1789 1
400 423 1
400 604 1
400 631 1
400 785 1
400 1164 1
400 1252 1
400 1818 1
400 1958 1
401 415 1
401 1004 1
401 1206 1
401 1326 1
401 1473 1
402 484 1
402 623 1
402 712 1
402 1115 1
402 1921 1
403 466 1
403 491 1
403 510 1
403 535 1
403 591 1
403 662 1
403 1345 1
403 1387 1
404 1120 1
404 1159 1
404 1408 1
405 415 1
405 577 1
405 751 1
405 986 1
405 1050 1
405 1216 1
405 1861 1
405 1997 1
406 503 1
406 1097 1
406 1438 1
407 1160 1
407 1197 1
407 1266 1
407 1378 1
407 1772 1
407 1873 1
407 1948 1
408 760 1
408 797 1
408 814 1
408 886 1
408 1049 1
408 1084 1
409 419 1
409 527 1
409 692 1
409 716 1
409 803 1
409 1187 1
409 1705 1
410 841 1
410 1461 1
410 1593 1
410 1753 1
411 416 1
411 459 1
411 545 1
411 675 1
411 694 1
411 723 1
411 765 1
411 1425 1
411 1435 1
411 1632 1
411 1817 1
412 691 1
412 919 1
412 1078 1
412 1688 1
412 1988 1
413 628 1
413 633 1
413 955 1
413 1131 1
413 1354 1
413 1473 1
413 1690 1
413 1725 1
414 508 1
414 549 1
414 645 1
414 764 1
414 799 1
414 833 1
414 1378 1
414 1555 1
414 1757 1
415 502 1
415 917 1
415 1012 1
415 1025 1
415 1112 1
415 1829 1
416 902 1
416 1344 1
416 1717 1
416 1726 1
417 888 1
417 1759 1
417 1976 1
419 484 1
419 487 1
419 555 1
419 812 1
419 1037 1
419 1191 1
419 1263 1
419 1423 1
419 1953 1
420 445 1
420 449 1
420 477 1
420 637 1
420 688 1
420 726 1
420 794 1
420 1426 1
420 1567 1
420 1734 1
420 1742 1
420 1923 1
421 886 1
421 997 1
421 1436 1
421 1581 1
422 1746 1
423 699 1
423 1406 1
423 1625 1
423 1655 1
424 1015 1
425 434 1
425 458 1
425 814 1
425 1279 1
425 1782 1
426 570 1
426 675 1
426 1120 1
426 1216 1
426 1776 1
426 1908 1
426 1927 1
426 1963 1
426 1977 1
427 497 1
427 775 1
427 1117 1
427 1246 1
427 1360 1
427 1422 1
427 1694 1
427 1819 1
428 989 1
428 1184 1
428 1410 1
429 467 1
429 562 1
429 1087 1
429 1178 1
430 457 1
430 725 1
430 745 1
431 838 1
431 920 1
431 1004 1
431 1658 1
432 470 1
432 524 1
432 547 1
432 614 1
432 819 1
432 875 1
432 1335 1
433 877 1
433 1022 1
433 1753 1
434 849 1
434 968 1
434 1756 1
435 645 1
435 1172 1
435 1288 1
435 1495 1
435 1601 1
435 1700 1
435 1886 1
436 553 1
437 439 1
437 1026 1
437 1179 1
437 1633 1
438 651 1
438 912 1
438 1146 1
438 1278 1
438 1392 1
439 674 1
439 754 1
439 1882 1
441 503 1
441 872 1
441 1186 1
442 1375 1
443 671 1
443 678 1
443 710 1
443 1245 1
443 1320 1
444 649 1
444 650 1
444 669 1
444 1044 1
444 1416 1
444 1647 1
444 1773 1
445 1158 1
445 1571 1
446 589 1
446 1791 1
447 515 1
447 889 1
447 1414 1
447 1544 1
447 1931 1
447 1941 1
448 534 1
448 612 1
448 873 1
448 1995 1
449 455 1
450 540 1
450 1352 1
450 1400 1
451 678 1
451 901 1
451 1016 1
451 1418 1
451 1472 1
451 1912 1
452 579 1
452 1881 1
453 980 1
454 1731 1
454 1791 1
455 544 1
455 1252 1
455 1303 1
455 1384 1
455 1533 1
455 1731 1
455 1751 1
456 974 1
456 1255 1
457 578 1
457 1764 1
457 1855 1
457 1940 1
458 553 1
458 578 1
458 1232 1
458 1745 1
459 514 1
459 558 1
459 936 1
459 973 1
460 552 1
460 1027 1
460 1652 1
461 1404 1
462 842 1
462 1386 1
462 1527 1
463 682 1
463 865 1
463 1025 1
463 1027 1
463 1085 1
463 1761 1
463 1858 1
464 796 1
464 1313 1
464 1523 1
464 1645 1
465 553 1
465 715 1
465 1148 1
465 1153 1
465 1193 1
465 1195 1
465 1283 1
465 1824 1
466 623 1
466 793 1
466 1757 1
467 524 1
467 704 1
467 1062 1
467 1315 1
467 1640 1
467 1715 1
468 543 1
468 714 1
468 721 1
468 1271 1
468 1611 1
469 972 1
469 1287 1
469 1877 1
470 528 1
470 1237 1
470 1456 1
470 1750 1
471 583 1
471 824 1
471 891 1
471 970 1
471 1022 1
471 1505 1
471 1721 1
471 1972 1
472 966 1
473 991 1
473 1521 1
473 1774 1
474 733 1
474 1002 1
474 1217 1
475 810 1
475 882 1
475 1957 1
476 550 1
476 560 1
476 609 1
476 624 1
476 678 1
476 758 1
476 840 1
476 1032 1
476 1064 1
476 1720 1
476 1982 1
477 517 1
477 577 1
477 832 1
477 1082 1
477 1766 1
478 1650 1
479 590 1
479 714 1
479 977 1
479 1271 1
479 1414 1
479 1427 1
479 1447 1
479 1894 1
479 1920 1
480 485 1
480 631 1
480 643 1
480 948 1
480 1063 1
480 1152 1
480 1500 1
480 1575 1
480 1807 1
481 818 1
481 1659 1
482 575 1
482 776 1
483 488 1
483 1249 1
483 1253 1
484 852 1
484 1049 1
484 1710 1
484 1828 1
485 786 1
485 1476 1
485 1858 1
485 1975 1
487 565 1
487 734 1
487 773 1
487 957 1
487 1839 1
488 1685 1
488 1947 1
489 681 1
489 712 1
489 734 1
489 741 1
489 811 1
489 942 1
489 982 1
489 1321 1
489 1452 1
489 1670 1
489 1945 1
491 515 1
491 953 1
492 1659 1
494 579 1
494 588 1
494 1064 1
494 1281 1
494 1468 1
494 1588 1
494 1803 1
494 1978 1
495 648 1
495 704 1
495 709 1
495 887 1
495 1255 1
495 1319 1
495 1387 1
495 1633 1
495 1836 1
496 500 1
496 949 1
496 977 1
496 1496 1
497 724 1
497 755 1
497 926 1
497 1126 1
497 1177 1
497 1473 1
497 1556 1
497 1625 1
497 1667 1
497 1840 1
497 1890 1
498 680 1
498 916 1
498 1647 1
498 1924 1
499 893 1
499 1621 1
500 503 1
500 629 1
500 711 1
500 1944 1
501 701 1
501 868 1
501 885 1
502 969 1
502 1054 1
503 845 1
503 946 1
505 829 1
505 1233 1
505 1445 1
506 1395 1
507 526 1
507 999 1
507 1174 1
507 1383 1
507 1656 1
508 635 1
508 697 1
508 1019 1
508 1051 1
508 1143 1
508 1728 1
508 1747 1
509 976 1
509 1319 1
509 1429 1
509 1682 1
509 1825 1
509 1935 1
510 567 1
510 890 1
510 1337 1
511 557 1
511 567 1
511 593 1
511 611 1
511 1250 1
511 1518 1
511 1755 1
511 1806 1
512 597 1
512 690 1
512 828 1
512 1114 1
512 1231 1
512 1403 1
512 1562 1
512 1652 1
513 676 1
513 922 1
513 1140 1
513 1673 1
514 742 1
514 906 1
514 945 1
514 1438 1
514 1635 1
514 1770 1
514 1993 1
515 580 1
515 681 1
515 1278 1
515 1332 1
515 1455 1
515 1510 1
516 574 1
516 596 1
516 645 1
516 750 1
516 785 1
516 789 1
516 825 1
516 897 1
516 1082 1
516 1172 1
516 1285 1
516 1308 1
516 1425 1
516 1468 1
516 1471 1
516 1603 1
516 1714 1
516 1849 1
517 569 1
517 1348 1
518 1472 1
518 1520 1
519 691 1
520 615 1
521 688 1
521 791 1
521 816 1
521 885 1
521 898 1
521 1359 1
521 1814 1
521 1949 1
522 649 1
522 1144 1
522 1224 1
523 665 1
523 801 1
523 975 1
523 1296 1
523 1479 1
523 1775 1
523 1779 1
523 1803 1
524 816 1
524 1124 1
524 1778 1
525 529 1
525 922 1
525 969 1
525 997 1
525 1117 1
525 1189 1
525 1220 1
525 1558 1
525 1998 1
526 585 1
526 608 1
526 687 1
526 1239 1
526 1429 1
527 687 1
527 808 1
527 952 1
528 714 1
528 900 1
528 1086 1
528 1384 1
528 1847 1
529 636 1
529 823 1
529 992 1
529 1456 1
530 549 1
530 667 1
530 762 1
530 1147 1
530 1236 1
530 1522 1
530 1659 1
530 1670 1
530 1947 1
531 538 1
531 582 1
531 686 1
531 897 1
531 962 1
531 1464 1
532 591 1
532 739 1
532 778 1
532 955 1
532 1137 1
532 1470 1
532 1601 1
532 1687 1
532 1722 1
533 803 1
533 884 1
533 1199 1
534 948 1
534 1241 1
534 1323 1
534 1661 1
534 1691 1
535 673 1
535 729 1
535 1394 1
535 1464 1
537 560 1
537 570 1
537 745 1
537 1780 1
538 675 1
538 702 1
538 782 1
538 992 1
538 1021 1
538 1156 1
538 1268 1
538 1351 1
538 1899 1
539 622 1
539 754 1
539 826 1
539 885 1
539 1007 1
539 1046 1
539 1592 1
540 594 1
540 1660 1
540 1780 1
541 1078 1
541 1104 1
541 1372 1
541 1638 1
542 665 1
542 1031 1
542 1150 1
542 1374 1
542 1859 1
542 1986 1
544 546 1
544 602 1
544 657 1
544 671 1
544 795 1
544 799 1
544 838 1
544 1069 1
544 1098 1
544 1220 1
545 1169 1
545 1625 1
546 818 1
546 1374 1
546 1519 1
546 1749 1
547 1747 1
547 1869 1
548 1006 1
548 1108 1
548 1361 1
548 1458 1
548 1636 1
548 1707 1
549 584 1
549 767 1
549 854 1
549 939 1
549 1024 1
549 1098 1
549 1283 1
549 1804 1
550 673 1
550 1023 1
550 1082 1
550 1341 1
550 1413 1
550 1832 1
550 1954 1
551 884 1
551 937 1
551 1157 1
551 1330 1
551 1718 1
552 674 1
552 876 1
552 1008 1
552 1175 1
552 1257 1
552 1670 1
552 1903 1
553 757 1
553 1017 1
553 1392 1
553 1506 1
554 630 1
554 1821 1
555 659 1
555 1060 1
555 1155 1
555 1583 1
557 564 1
557 696 1
557 710 1
557 897 1
557 1069 1
557 1275 1
557 1598 1
557 1835 1
558 856 1
558 1134 1
558 1207 1
558 1267 1
558 1663 1
559 1134 1
559 1404 1
559 1490 1
559 1508 1
560 935 1
560 1075 1
560 1412 1
560 1538 1
561 769 1
561 914 1
561 1318 1
561 1922 1
562 980 1
562 1580 1
563 861 1
564 1884 1
565 864 1
565 1017 1
566 1822 1
567 694 1
567 957 1
567 1046 1
567 1170 1
567 1181 1
567 1369 1
567 1569 1
567 1746 1
568 615 1
568 674 1
568 1190 1
568 1284 1
568 1406 1
569 896 1
569 991 1
569 1702 1
570 825 1
570 933 1
570 1065 1
570 1574 1
571 906 1
571 1240 1
572 868 1
572 1482 1
573 749 1
573 840 1
573 1432 1
574 761 1
574 857 1
574 1217 1
574 1459 1
575 1099 1
575 1153 1
575 1272 1
575 1434 1
576 753 1
576 1528 1
576 1946 1
577 592 1
577 603 1
577 695 1
577 741 1
577 1043 1
577 1424 1
577 1441 1
577 1672 1
577 1743 1
577 1817 1
578 853 1
578 872 1
578 1137 1
578 1269 1
578 1483 1
578 1522 1
579 792 1
579 1258 1
579 1530 1
579 1730 1
580 843 1
580 1109 1
581 850 1
581 1533 1
581 1638 1
582 760 1
582 939 1
582 1778 1
582 1879 1
583 1640 1
583 1650 1
583 1846 1
583 1937 1
584 630 1
584 1261 1
585 587 1
585 638 1
585 689 1
585 747 1
585 818 1
585 1066 1
585 1174 1
585 1210 1
585 1577 1
585 1629 1
585 1926 1
586 845 1
586 1495 1
586 1499 1
586 1667 1
586 1753 1
586 1968 1
587 692 1
587 1316 1
587 1388 1
587 1654 1
588 861 1
588 883 1
588 1312 1
588 1321 1
588 1623 1
588 1641 1
588 1705 1
589 819 1
589 844 1
589 851 1
589 982 1
589 1779 1
589 1994 1
591 1277 1
591 1785 1
592 698 1
592 895 1
592 993 1
592 1164 1
592 1418 1
592 1610 1
592 1612 1
592 1937 1
593 606 1
593 883 1
593 1228 1
593 1304 1
593 1339 1
593 1343 1
593 1346 1
593 1587 1
593 1769 1
595 795 1
595 903 1
595 1178 1
595 1400 1
595 1782 1
595 1957 1
597 1088 1
597 1839 1
597 1889 1
598 780 1
599 1247 1
600 642 1
600 765 1
600 945 1
600 1037 1
600 1756 1
601 884 1
601 1328 1
602 817 1
602 1885 1
603 615 1
603 651 1
603 819 1
603 847 1
603 1042 1
603 1052 1
603 1492 1
603 1557 1
603 1687 1
603 1870 1
603 1932 1
603 1938 1
604 679 1
604 822 1
604 987 1
604 1004 1
604 1161 1
604 1560 1
604 1924 1
605 618 1
605 716 1
605 1000 1
605 1093 1
605 1119 1
605 1123 1
606 632 1
606 668 1
606 689 1
606 899 1
607 771 1
607 852 1
607 905 1
607 996 1
607 1388 1
607 1819 1
607 1843 1
608 620 1
608 756 1
608 1353 1
608 1532 1
608 1593 1
608 1816 1
608 1818 1
609 1914 1
610 1017 1
610 1381 1
610 1499 1
610 1831 1
611 626 1
612 704 1
612 1449 1
612 1663 1
612 1699 1
612 1953 1
613 718 1
613 1413 1
613 1570 1
613 1654 1
613 1748 1
614 742 1
614 757 1
614 1453 1
614 1748 1
615 842 1
615 1062 1
615 1180 1
615 1386 1
615 1521 1
616 744 1
616 942 1
616 1008 1
616 1311 1
616 1418 1
616 1442 1
616 1523 1
616 1632 1
619 910 1
619 1279 1
620 1055 1
620 1146 1
620 1754 1
620 1909 1
620 1978 1
621 655 1
621 685 1
621 815 1
622 744 1
622 1469 1
624 726 1
624 942 1
624 1262 1
624 1645 1
624 1877 1
624 1997 1
625 1716 1
626 715 1
626 728 1
626 771 1
626 983 1
626 986 1
626 1097 1
626 1140 1
626 1167 1
626 1417 1
626 1622 1
626 1700 1
626 1768 1
626 1999 1
627 677 1
627 889 1
627 1758 1
628 1784 1
630 1102 1
631 834 1
631 887 1
631 1242 1
631 1586 1
632 1202 1
632 1255 1
633 639 1
633 703 1
633 876 1
633 936 1
633 1095 1
633 1166 1
633 1495 1
634 644 1
634 866 1
634 1322 1
634 1406 1
634 1448 1
634 1500 1
635 655 1
635 877 1
635 1948 1
636 783 1
636 1118 1
636 1144 1
636 1227 1
636 1480 1
636 1582 1
637 798 1
637 1323 1
637 1486 1
638 1652 1
638 1739 1
639 788 1
639 911 1
639 1554 1
640 699 1
640 1204 1
640 1459 1
641 949 1
642 1806 1
642 1842 1
643 1959 1
643 1995 1
644 1237 1
644 1451 1
644 1675 1
645 787 1
646 851 1
646 1272 1
647 994 1
648 924 1
648 1530 1
648 1667 1
649 809 1
649 1330 1
649 1658 1
649 1992 1
650 695 1
650 824 1
650 1059 1
650 1483 1
650 1787 1
651 846 1
651 986 1
651 1101 1
651 1199 1
651 1508 1
651 1629 1
651 1847 1
651 1894 1
652 1896 1
653 1265 1
654 850 1
654 856 1
654 1241 1
654 1771 1
656 1251 1
657 929 1
657 1162 1
657 1808 1
657 1812 1
658 943 1
658 1221 1
659 1632 1
660 718 1
660 795 1
660 1140 1
660 1162 1
660 1546 1
660 1719 1
661 950 1
661 1103 1
661 1501 1
661 1529 1
661 1655 1
661 1683 1
661 1971 1
662 1027 1
662 1382 1
663 1383 1
663 1981 1
664 708 1
664 1360 1
664 1539 1
664 1687 1
664 1762 1
665 736 1
665 978 1
665 1416 1
665 1533 1
666 707 1
666 768 1
666 1564 1
667 1335 1
667 1433 1
669 1050 1
669 1224 1
669 1273 1
669 1448 1
670 686 1
670 691 1
670 907 1
670 1416 1
670 1844 1
670 1941 1
671 1383 1
672 1345 1
672 1395 1
672 1617 1
673 705 1
673 735 1
673 1107 1
673 1354 1
673 1531 1
673 1692 1
673 1754 1
674 956 1
674 1394 1
674 1538 1
675 1183 1
676 913 1
676 1502 1
677 1067 1
677 1099 1
677 1362 1
677 1676 1
678 787 1
678 820 1
679 681 1
679 908 1
679 1397 1
679 1604 1
681 738 1
681 823 1
681 904 1
681 1013 1
681 1038 1
681 1059 1
681 1166 1
683 1268 1
684 933 1
685 1340 1
686 766 1
686 1051 1
686 1213 1
686 1321 1
686 1434 1
686 1476 1
686 1539 1
686 1991 1
687 1213 1
687 1984 1
688 952 1
688 1080 1
688 1294 1
688 1628 1
689 1366 1
690 1767 1
692 1407 1
693 1558 1
693 1567 1
694 1208 1
694 1689 1
695 1344 1
696 771 1
696 878 1
696 1162 1
696 1955 1
697 1178 1
699 770 1
699 1245 1
699 1323 1
699 1469 1
699 1611 1
699 1851 1
700 1058 1
700 1153 1
700 1251 1
700 1377 1
703 749 1
703 1165 1
703 1331 1
703 1420 1
703 1513 1
703 1582 1
703 1596 1
704 851 1
705 710 1
705 1001 1
705 1187 1
705 1789 1
706 859 1
707 927 1
707 984 1
707 1033 1
707 1428 1
708 807 1
708 816 1
708 917 1
708 1073 1
708 1523 1
708 1969 1
710 1224 1
710 1626 1
711 1515 1
712 1111 1
712 1137 1
712 1211 1
712 1444 1
712 1461 1
713 848 1
713 900 1
714 959 1
714 1011 1
714 1196 1
714 1338 1
716 941 1
716 1143 1
718 767 1
718 940 1
718 1973 1
719 920 1
719 1145 1
721 1014 1
721 1322 1
721 1764 1
723 1423 1
723 1796 1
724 1001 1
724 1309 1
724 1348 1
724 1367 1
724 1534 1
725 929 1
725 1649 1
726 868 1
726 1848 1
726 1929 1
727 1185 1
727 1471 1
727 1546 1
728 1486 1
729 1376 1
731 839 1
731 950 1
731 1427 1
731 1797 1
732 1040 1
733 1686 1
734 791 1
735 935 1
735 1129 1
735 1604 1
736 859 1
736 1135 1
736 1372 1
736 1541 1
737 1864 1
738 872 1
738 982 1
738 1871 1
739 1046 1
739 1958 1
740 1157 1
742 1396 1
744 875 1
744 910 1
744 1070 1
744 1167 1
744 1398 1
744 1583 1
744 1674 1
744 1842 1
745 1606 1
746 1063 1
746 1944 1
747 1408 1
748 786 1
748 1121 1
748 1151 1
748 1643 1
748 1885 1
749 1035 1
750 904 1
750 934 1
750 1138 1
750 1901 1
753 804 1
753 983 1
753 1545 1
753 1565 1
753 1709 1
753 1878 1
754 813 1
754 1098 1
754 1347 1
754 1857 1
755 1471 1
757 879 1
757 1511 1
757 1561 1
757 1770 1
758 1997 1
759 1587 1
759 1893 1
761 842 1
761 993 1
761 1308 1
761 1467 1
761 1514 1
761 1552 1
762 1157 1
762 1514 1
763 843 1
763 1305 1
763 1584 1
763 1896 1
764 880 1
764 1026 1
764 1142 1
764 1671 1
765 838 1
765 1180 1
765 1429 1
766 1067 1
766 1610 1
767 1798 1
768 794 1
768 1127 1
768 1885 1
770 929 1
770 1318 1
771 1349 1
771 1585 1
772 1706 1
773 950 1
773 1693 1
774 1254 1
775 918 1
775 1352 1
775 1357 1
775 1942 1
776 925 1
776 1292 1
776 1947 1
777 823 1
777 1099 1
777 1279 1
777 1527 1
778 1463 1
779 949 1
779 1360 1
779 1908 1
780 1244 1
781 1167 1
781 1379 1
781 1649 1
781 1660 1
782 1479 1
785 1238 1
786 830 1
786 927 1
786 1149 1
786 1297 1
786 1465 1
786 1552 1
787 1206 1
788 883 1
788 993 1
788 1192 1
788 1219 1
789 820 1
789 1073 1
789 1687 1
789 1813 1
789 1930 1
790 800 1
790 827 1
790 957 1
790 1168 1
790 1339 1
790 1349 1
790 1480 1
790 1571 1
791 1045 1
791 1239 1
791 1703 1
791 1736 1
792 971 1
792 1089 1
792 1279 1
792 1419 1
793 1666 1
794 1807 1
795 1969 1
796 1077 1
796 1289 1
796 1851 1
797 1063 1
797 1251 1
797 1455 1
798 913 1
798 1158 1
798 1814 1
799 842 1
799 1046 1
799 1535 1
799 1763 1
800 1670 1
801 904 1
801 1159 1
801 1220 1
801 1793 1
802 1411 1
802 1470 1
804 856 1
804 904 1
804 1508 1
804 1865 1
805 932 1
805 1373 1
805 1865 1
805 1866 1
805 1983 1
805 1986 1
806 1367 1
806 1900 1
808 1251 1
808 1514 1
808 1724 1
808 1909 1
809 1898 1
810 1047 1
810 1219 1
810 1447 1
810 1582 1
810 1786 1
810 1826 1
810 1979 1
811 1413 1
811 1718 1
811 1809 1
812 1205 1
812 1666 1
812 1770 1
813 1334 1
813 1454 1
813 1524 1
813 1579 1
813 1611 1
814 1110 1
814 1329 1
814 1477 1
814 1902 1
815 839 1
816 1848 1
818 1193 1
819 1139 1
819 1496 1
821 917 1
821 1292 1
821 1745 1
823 898 1
823 1307 1
823 1904 1
825 848 1
825 1074 1
825 1492 1
825 1681 1
826 851 1
826 960 1
826 1359 1
826 1508 1
827 1566 1
827 1664 1
827 1704 1
828 1581 1
829 833 1
829 1202 1
829 1340 1
829 1424 1
829 1864 1
830 1034 1
831 1090 1
832 1311 1
832 1890 1
833 1738 1
834 1193 1
834 1586 1
834 1939 1
835 1222 1
835 1385 1
836 1012 1
836 1029 1
836 1157 1
836 1319 1
836 1419 1
836 1868 1
837 892 1
837 1728 1
838 1223 1
838 1296 1
838 1919 1
839 1093 1
839 1768 1
840 1028 1
840 1041 1
840 1262 1
840 1477 1
840 1742 1
841 1502 1
841 1591 1
841 1700 1
843 862 1
845 1402 1
846 1379 1
846 1983 1
847 861 1
847 1218 1
847 1380 1
847 1504 1
848 1171 1
848 1421 1
848 1600 1
848 1727 1
849 1726 1
850 873 1
850 1639 1
851 1065 1
851 1773 1
851 1996 1
853 864 1
853 952 1
853 981 1
853 1064 1
853 1821 1
855 1083 1
855 1698 1
856 874 1
859 1189 1
859 1349 1
860 1359 1
860 1927 1
860 1937 1
861 920 1
861 1449 1
861 1823 1
862 1214 1
863 946 1
864 927 1
864 937 1
864 1012 1
865 1042 1
865 1054 1
865 1254 1
866 930 1
867 1183 1
868 1176 1
868 1439 1
868 1850 1
869 1342 1
870 1652 1
870 1977 1
871 1198 1
872 893 1
872 1114 1
872 1405 1
873 949 1
873 1624 1
873 1704 1
875 1130 1
875 1173 1
875 1388 1
877 1540 1
877 1570 1
878 1834 1
880 1163 1
880 1614 1
882 1443 1
883 1012 1
883 1106 1
883 1748 1
883 1882 1
885 1065 1
886 1203 1
886 1498 1
886 1782 1
887 1468 1
887 1504 1
888 1329 1
889 1139 1
889 1439 1
889 1580 1
889 1879 1
890 1227 1
892 1806 1
895 1999 1
896 951 1
896 1088 1
896 1564 1
896 1605 1
896 1963 1
897 1464 1
898 1844 1
899 1373 1
899 1453 1
899 1951 1
900 1200 1
900 1230 1
900 1309 1
900 1849 1
902 1213 1
902 1836 1
907 937 1
907 1154 1
907 1247 1
907 1630 1
907 1748 1
907 1788 1
908 1204 1
908 1263 1
908 1495 1
909 976 1
911 1155 1
911 1567 1
911 1607 1
911 1760 1
912 987 1
912 996 1
913 1089 1
913 1636 1
914 1331 1
914 1437 1
914 1531 1
914 1698 1
915 1246 1
915 1813 1
915 1821 1
916 969 1
916 1820 1
917 1950 1
918 1086 1
918 1364 1
918 1417 1
918 1529 1
919 1422 1
919 1466 1
920 1223 1
920 1447 1
920 1851 1
920 1966 1
921 1551 1
921 1841 1
922 1142 1
922 1152 1
922 1559 1
925 1286 1
925 1838 1
925 1856 1
929 1076 1
929 1170 1
930 943 1
930 1346 1
930 1373 1
930 1818 1
931 1235 1
931 1287 1
931 1327 1
931 1339 1
931 1539 1
932 1884 1
933 1292 1
934 974 1
934 1331 1
934 1375 1
935 1030 1
935 1191 1
935 1284 1
935 1734 1
936 958 1
936 1685 1
936 1891 1
937 995 1
937 1009 1
937 1342 1
937 1427 1
937 1645 1
937 1982 1
938 1091 1
939 1734 1
939 1740 1
939 1766 1
940 1775 1
941 1136 1
942 1267 1
942 1526 1
942 1590 1
943 1182 1
943 1586 1
943 1688 1
943 1817 1
943 1996 1
944 1242 1
944 1994 1
945 1282 1
945 1345 1
945 1731 1
946 1260 1
949 956 1
949 1501 1
949 1523 1
949 1629 1
949 1736 1
949 1971 1
950 1404 1
950 1722 1
950 1828 1
952 1553 1
952 1572 1
952 1678 1
952 1914 1
953 1094 1
953 1214 1
953 1608 1
953 1841 1
954 1142 1
955 998 1
955 1077 1
955 1184 1
955 1686 1
955 1833 1
955 1897 1
956 1913 1
957 1380 1
958 1626 1
959 1992 1
960 1842 1
961 1407 1
963 1368 1
965 1681 1
967 1109 1
967 1120 1
968 1556 1
968 1675 1
969 1682 1
970 1051 1
970 1156 1
970 1541 1
970 1551 1
970 1906 1
971 1430 1
971 1480 1
971 1537 1
971 1957 1
972 1215 1
972 1296 1
972 1639 1
972 1729 1
972 1881 1
973 1370 1
974 1042 1
975 988 1
975 1273 1
975 1564 1
976 1733 1
977 1435 1
977 1725 1
977 1820 1
979 1181 1
979 1676 1
979 1935 1
980 1270 1
980 1514 1
981 1787 1
982 1312 1
983 1194 1
984 1907 1
986 1451 1
987 1408 1
987 1820 1
989 1077 1
989 1385 1
990 1460 1
991 998 1
993 1172 1
993 1494 1
993 1860 1
994 1283 1
994 1492 1
995 1786 1
996 1058 1
996 1691 1
996 1801 1
998 1390 1
1000 1637 1
1000 1752 1
1000 1887 1
1007 1353 1
1007 1961 1
1008 1018 1
1008 1167 1
1010 1171 1
1012 1278 1
1012 1525 1
1012 1599 1
1013 1275 1
1013 1429 1
1013 1694 1
1013 1701 1
1013 1925 1
1014 1107 1
1015 1509 1
1016 1095 1
1016 1378 1
1016 1813 1
1017 1471 1
1018 1080 1
1018 1305 1
1018 1331 1
1018 1488 1
1018 1562 1
1019 1751 1
1023 1116 1
1023 1444 1
1024 1074 1
1024 1370 1
1024 1771 1
1025 1433 1
1026 1690 1
1030 1620 1
1030 1834 1
1032 1080 1
1033 1123 1
1033 1237 1
1034 1430 1
1035 1118 1
1035 1266 1
1035 1941 1
1037 1136 1
1037 1181 1
1037 1237 1
1038 1077 1
1038 1109 1
1038 1858 1
1039 1238 1
1039 1253 1
1039 1332 1
1039 1642 1
1040 1403 1
1040 1506 1
1040 1962 1
1041 1578 1
1042 1111 1
1043 1324 1
1044 1047 1
1044 1069 1
1044 1164 1
1044 1244 1
1044 1379 1
1044 1662 1
1044 1718 1
1044 1720 1
1044 1848 1
1044 1925 1
1045 1247 1
1045 1493 1
1045 1678 1
1045 1876 1
1047 1168 1
1047 1346 1
1047 1979 1
1048 1978 1
1050 1143 1
1050 1327 1
1051 1146 1
1051 1845 1
1052 1761 1
1053 1168 1
1053 1646 1
1054 1205 1
1054 1460 1
1054 1737 1
1055 1709 1
1055 1799 1
1057 1264 1
1057 1500 1
1057 1607 1
1057 1910 1
1059 1277 1
1059 1311 1
1059 1985 1
1061 1163 1
1062 1862 1
1063 1527 1
1063 1672 1
1063 1846 1
1063 1856 1
1063 1986 1
1064 1342 1
1067 1391 1
1067 1481 1
1068 1213 1
1068 1515 1
1068 1568 1
1068 1830 1
1069 1436 1
1069 1928 1
1070 1225 1
1072 1172 1
1072 1644 1
1073 1443 1
1073 1816 1
1074 1697 1
1075 1222 1
1076 1122 1
1076 1962 1
1077 1124 1
1077 1305 1
1077 1432 1
1077 1554 1
1080 1736 1
1080 1980 1
1081 1625 1
1081 1803 1
1081 1952 1
1082 1537 1
1082 1669 1
1082 1873 1
1083 1603 1
1084 1116 1
1086 1819 1
1086 1939 1
1088 1104 1
1088 1708 1
1089 1668 1
1090 1544 1
1090 1742 1
1091 1175 1
1091 1419 1
1091 1965 1
1094 1185 1
1094 1250 1
1094 1381 1
1094 1805 1
1094 1810 1
1094 1926 1
1098 1100 1
1098 1198 1
1098 1254 1
1099 1350 1
1099 1444 1
1100 1401 1
1102 1108 1
1102 1974 1
1103 1637 1
1104 1116 1
1104 1370 1
1104 1940 1
1106 1965 1
1107 1177 1
1108 1424 1
1108 1563 1
1108 1654 1
1108 1662 1
1108 1668 1
1108 1851 1
1109 1987 1
1110 1234 1
1110 1534 1
1111 1597 1
1111 1899 1
1112 1370 1
1112 1773 1
1112 1942 1
1113 1199 1
1113 1306 1
1113 1602 1
1115 1301 1
1116 1148 1
1116 1211 1
1116 1291 1
1116 1875 1
1116 1992 1
1117 1960 1
1118 1196 1
1119 1758 1
1122 1737 1
1123 1152 1
1123 1881 1
1125 1327 1
1126 1175 1
1126 1200 1
1126 1413 1
1126 1548 1
1126 1736 1
1126 1893 1
1126 1977 1
1127 1244 1
1127 1326 1
1127 1442 1
1127 1948 1
1131 1759 1
1132 1214 1
1132 1221 1
1132 1227 1
1132 1393 1
1133 1386 1
1133 1800 1
1134 1664 1
1135 1415 1
1136 1758 1
1137 1713 1
1140 1899 1
1140 1952 1
1142 1794 1
1143 1517 1
1144 1407 1
1144 1730 1
1149 1892 1
1150 1511 1
1150 1821 1
1152 1228 1
1152 1231 1
1154 1683 1
1155 1860 1
1156 1973 1
1157 1665 1
1157 2000 1
1158 1732 1
1158 1954 1
1159 1235 1
1159 1882 1
1160 1179 1
1160 1389 1
1161 1714 1
1162 1243 1
1162 1301 1
1163 1773 1
1165 1209 1
1165 1802 1
1168 1859 1
1170 1708 1
1171 1437 1
1171 1954 1
1173 1355 1
1173 1772 1
1175 1933 1
1176 1287 1
1178 1209 1
1178 1329 1
1178 1525 1
1178 1856 1
1179 1590 1
1179 1628 1
1179 1776 1
1181 1257 1
1182 1423 1
1182 1615 1
1182 1785 1
1182 1946 1
1184 1402 1
1184 1891 1
1186 1259 1
1186 1353 1
1191 1936 1
1192 1524 1
1194 1263 1
1194 1726 1
1194 1744 1
1194 1923 1
1195 1772 1
1196 1208 1
1196 1256 1
1196 1274 1
1196 1586 1
1196 1656 1
1198 1490 1
1199 1685 1
1201 1276 1
1202 1612 1
1204 1214 1
1204 1246 1
1204 1389 1
1204 1854 1
1204 1990 1
1205 1703 1
1206 1243 1
1206 1762 1
1208 1435 1
1208 1832 1
1209 1316 1
1210 1474 1
1210 1755 1
1211 1750 1
1213 1519 1
1213 1560 1
1213 1738 1
1214 1686 1
1215 1485 1
1215 1561 1
1216 1717 1
1217 1329 1
1217 1494 1
1217 1765 1
1218 1410 1
1218 1453 1
1218 1578 1
1221 1297 1
1222 1805 1
1223 1267 1
1223 1291 1
1223 1765 1
1224 1462 1
1224 1903 1
1225 1760 1
1228 1549 1
1228 1892 1
1230 1421 1
1232 1669 1
1232 1834 1
1233 1358 1
1235 1387 1
1235 1505 1
1237 1367 1
1239 1316 1
1239 1367 1
1239 1557 1
1239 1682 1
1239 1698 1
1239 1912 1
1240 1560 1
1244 1681 1
1244 1699 1
1246 1361 1
1247 1656 1
1247 1684 1
1247 1902 1
1248 1923 1
1251 1831 1
1255 1641 1
1256 1450 1
1258 1322 1
1258 1597 1
1258 2000 1
1264 1390 1
1265 1272 1
1265 1311 1
1265 1369 1
1265 1651 1
1265 1679 1
1265 1840 1
1265 1916 1
1266 1270 1
1266 1362 1
1268 1808 1
1269 1337 1
1269 1555 1
1269 1853 1
1271 1959 1
1272 1603 1
1274 1497 1
1274 1901 1
1274 1908 1
1275 1655 1
1277 1380 1
1277 1829 1
1277 1990 1
1278 1833 1
1279 1368 1
1280 1928 1
1281 1351 1
1282 1350 1
1282 1373 1
1282 1380 1
1283 1464 1
1283 1501 1
1283 1724 1
1283 1880 1
1284 1520 1
1285 1532 1
1285 1554 1
1285 1797 1
1286 1422 1
1287 1420 1
1288 1891 1
1289 1304 1
1289 1520 1
1289 1711 1
1291 1484 1
1294 1412 1
1294 1496 1
1294 1980 1
1295 1761 1
1295 1790 1
1296 1836 1
1297 1695 1
1298 1994 1
1299 1797 1
1299 1951 1
1300 1906 1
1301 1549 1
1301 1598 1
1302 1755 1
1303 1390 1
1305 1360 1
1305 1548 1
1308 1680 1
1308 1832 1
1310 1342 1
1311 1364 1
1311 1482 1
1311 1740 1
1311 1815 1
1312 1793 1
1313 1977 1
1315 1542 1
1317 1402 1
1317 1619 1
1318 1871 1
1324 1649 1
1324 1922 1
1324 1973 1
1325 1525 1
1325 1811 1
1326 1487 1
1326 1612 1
1326 1876 1
1329 1517 1
1330 1469 1
1330 1489 1
1331 1425 1
1331 1498 1
1333 1540 1
1333 1794 1
1334 1393 1
1334 1432 1
1337 1713 1
1337 1887 1
1338 1649 1
1338 1874 1
1339 1542 1
1341 1363 1
1341 1935 1
1342 1949 1
1344 1584 1
1345 1420 1
1346 1550 1
1349 1418 1
1354 1872 1
1354 1976 1
1355 1433 1
1355 1792 1
1357 1776 1
1359 1396 1
1359 1903 1
1359 1971 1
1360 1743 1
1360 1943 1
1363 1559 1
1364 1511 1
1365 1442 1
1365 1861 1
1366 1728 1
1366 1767 1
1367 1604 1
1367 1707 1
1371 1524 1
1371 1595 1
1373 1752 1
1375 1781 1
1377 1666 1
1380 1605 1
1380 1969 1
1382 1388 1
1385 1777 1
1385 1787 1
1388 1895 1
1391 1752 1
1393 1604 1
1394 1627 1
1394 1646 1
1396 1503 1
1396 1878 1
1397 1632 1
1400 1690 1
1404 1793 1
1404 1923 1
1405 1559 1
1411 1651 1
1413 1723 1
1413 1775 1
1416 1676 1
1420 1538 1
1420 1729 1
1421 1547 1
1421 1642 1
1423 1457 1
1423 1512 1
1423 1835 1
1424 1754 1
1424 1974 1
1425 1503 1
1426 1510 1
1427 1958 1
1428 1789 1
1429 1638 1
1431 1991 1
1432 1463 1
1432 1480 1
1432 1729 1
1433 1651 1
1436 1472 1
1437 1871 1
1438 1619 1
1438 1822 1
1439 1971 1
1440 1999 1
1442 1576 1
1443 1587 1
1443 1648 1
1448 1972 1
1449 1485 1
1449 1623 1
1449 1826 1
1450 1515 1
1451 1654 1
1452 1626 1
1452 1799 1
1453 1976 1
1455 1549 1
1456 1635 1
1456 1852 1
1458 1676 1
1460 1619 1
1460 1936 1
1463 1467 1
1466 1497 1
1466 1810 1
1472 1798 1
1476 1749 1
1478 1987 1
1480 1790 1
1480 1888 1
1481 1749 1
1482 1507 1
1482 1585 1
1484 1818 1
1485 1526 1
1488 1489 1
1488 1966 1
1489 1950 1
1491 1610 1
1491 1950 1
1494 1893 1
1495 1584 1
1495 1917 1
1497 1679 1
1499 1884 1
1506 1550 1
1506 1746 1
1506 1963 1
1509 1779 1
1511 1602 1
1513 1536 1
1514 1912 1
1518 1618 1
1519 1804 1
1519 1950 1
1521 1695 1
1522 1662 1
1522 1724 1
1524 1996 1
1525 1938 1
1525 1984 1
1529 1980 1
1530 1920 1
1532 1618 1
1532 1884 1
1532 1993 1
1537 1683 1
1539 1584 1
1539 1599 1
1539 1832 1
1539 1993 1
1541 1983 1
1542 1574 1
1542 1743 1
1544 1648 1
1548 1653 1
1549 1622 1
1549 1677 1
1551 1713 1
1553 1931 1
1554 1628 1
1555 1615 1
1557 1697 1
1558 1940 1
1559 1646 1
1559 1753 1
1562 1824 1
1563 1973 1
1564 1763 1
1569 1819 1
1569 1926 1
1573 1672 1
1577 1826 1
1578 1947 1
1580 1695 1
1584 1665 1
1586 1846 1
1586 1975 1
1587 1840 1
1589 1594 1
1589 1919 1
1590 1630 1
1591 1961 1
1597 1939 1
1599 1815 1
1602 1814 1
1604 1613 1
1604 1677 1
1605 1666 1
1605 1737 1
1608 1784 1
1608 1949 1
1609 1657 1
1612 1920 1
1615 1740 1
1615 1780 1
1615 1867 1
1616 1910 1
1622 1727 1
1622 1944 1
1629 1634 1
1629 1872 1
1630 1839 1
1651 1701 1
1655 1959 1
1661 1828 1
1663 1810 1
1666 1936 1
1675 1937 1
1684 1706 1
1685 1705 1
1689 1960 1
1694 1861 1
1702 1928 1
1712 1995 1
1713 1837 1
1720 1890 1
1729 1858 1
1729 1878 1
1729 1915 1
1733 1968 1
1734 1822 1
1737 1931 1
1738 1913 1
1739 1894 1
1741 1802 1
1741 1846 1
1748 1853 1
1749 1796 1
1756 1907 1
1762 1960 1
1766 1967 1
1774 1999 1
1777 1874 1
1777 1961 1
1779 1888 1
1783 1983 1
1786 1852 1
1789 1809 1
1790 1934 1
1792 1989 1
1794 1800 1
1799 1986 1
1809 1823 1
1838 1918 1
1840 1982 1
1851 1955 1
1858 1869 1
1862 1919 1
1867 1946 1
1868 1874 1
1871 1883 1
1878 1933 1
1888 1963 1
1892 1924 1
1910 1916 1
1917 1956 1
1945 1949 1
