1800 7184 
1 2 1
1 3 1
1 4 1
1 5 1
1 6 1
1 7 1
1 9 1
1 10 1
1 11 1
1 13 1
1 14 1
1 16 1
1 18 1
1 19 1
1 27 1
1 28 1
1 35 1
1 37 1
1 83 1
1 87 1
1 92 1
1 99 1
1 104 1
1 117 1
1 120 1
1 121 1
1 128 1
1 157 1
1 193 1
1 201 1
1 257 1
1 273 1
1 274 1
1 276 1
1 288 1
1 308 1
1 319 1
1 329 1
1 373 1
1 395 1
1 404 1
1 424 1
1 448 1
1 513 1
1 526 1
1 548 1
1 619 1
1 640 1
1 680 1
1 706 1
1 766 1
1 785 1
1 1038 1
1 1099 1
1 1155 1
1 1195 1
1 1294 1
1 1314 1
1 1339 1
1 1379 1
1 1393 1
1 1428 1
1 1468 1
1 1529 1
1 1575 1
1 1607 1
1 1624 1
1 1686 1
1 1706 1
2 9 1
2 13 1
2 25 1
2 65 1
2 135 1
2 160 1
2 165 1
2 185 1
2 188 1
2 229 1
2 239 1
2 271 1
2 313 1
2 336 1
2 378 1
2 485 1
2 592 1
2 665 1
2 666 1
2 671 1
2 699 1
2 760 1
2 784 1
2 794 1
2 879 1
2 897 1
2 898 1
2 905 1
2 908 1
2 1064 1
2 1104 1
2 1122 1
2 1127 1
2 1277 1
2 1345 1
2 1380 1
2 1676 1
3 6 1
3 8 1
3 11 1
3 12 1
3 15 1
3 16 1
3 18 1
3 19 1
3 20 1
3 21 1
3 22 1
3 34 1
3 36 1
3 38 1
3 39 1
3 43 1
3 49 1
3 55 1
3 57 1
3 62 1
3 65 1
3 68 1
3 76 1
3 77 1
3 78 1
3 80 1
3 86 1
3 89 1
3 90 1
3 91 1
3 95 1
3 106 1
3 112 1
3 113 1
3 139 1
3 144 1
3 148 1
3 153 1
3 154 1
3 159 1
3 169 1
3 185 1
3 187 1
3 195 1
3 197 1
3 206 1
3 207 1
3 235 1
3 244 1
3 256 1
3 266 1
3 289 1
3 309 1
3 310 1
3 313 1
3 316 1
3 320 1
3 341 1
3 354 1
3 361 1
3 365 1
3 367 1
3 369 1
3 400 1
3 428 1
3 447 1
3 448 1
3 465 1
3 469 1
3 475 1
3 478 1
3 488 1
3 490 1
3 493 1
3 497 1
3 502 1
3 523 1
3 536 1
3 551 1
3 559 1
3 597 1
3 611 1
3 623 1
3 639 1
3 650 1
3 652 1
3 655 1
3 661 1
3 670 1
3 697 1
3 702 1
3 703 1
3 712 1
3 821 1
3 829 1
3 837 1
3 865 1
3 889 1
3 893 1
3 989 1
3 1022 1
3 1036 1
3 1047 1
3 1050 1
3 1065 1
3 1123 1
3 1131 1
3 1166 1
3 1172 1
3 1220 1
3 1223 1
3 1277 1
3 1301 1
3 1313 1
3 1323 1
3 1346 1
3 1351 1
3 1402 1
3 1404 1
3 1405 1
3 1450 1
3 1571 1
3 1590 1
3 1593 1
3 1651 1
3 1677 1
3 1679 1
3 1684 1
3 1730 1
4 6 1
4 7 1
4 8 1
4 9 1
4 10 1
4 11 1
4 14 1
4 16 1
4 20 1
4 26 1
4 28 1
4 41 1
4 45 1
4 61 1
4 69 1
4 74 1
4 80 1
4 81 1
4 82 1
4 86 1
4 103 1
4 110 1
4 171 1
4 205 1
4 219 1
4 226 1
4 229 1
4 231 1
4 243 1
4 265 1
4 267 1
4 277 1
4 278 1
4 281 1
4 282 1
4 333 1
4 338 1
4 346 1
4 347 1
4 368 1
4 388 1
4 408 1
4 410 1
4 479 1
4 563 1
4 633 1
4 645 1
4 691 1
4 730 1
4 740 1
4 746 1
4 780 1
4 801 1
4 875 1
4 932 1
4 997 1
4 1007 1
4 1008 1
4 1055 1
4 1091 1
4 1097 1
4 1144 1
4 1194 1
4 1295 1
4 1314 1
4 1334 1
4 1394 1
4 1410 1
4 1456 1
4 1629 1
4 1710 1
4 1764 1
4 1782 1
5 6 1
5 7 1
5 8 1
5 14 1
5 19 1
5 21 1
5 22 1
5 23 1
5 29 1
5 39 1
5 43 1
5 44 1
5 46 1
5 48 1
5 49 1
5 54 1
5 56 1
5 76 1
5 98 1
5 99 1
5 110 1
5 116 1
5 122 1
5 143 1
5 158 1
5 167 1
5 170 1
5 175 1
5 187 1
5 209 1
5 229 1
5 231 1
5 316 1
5 321 1
5 369 1
5 376 1
5 377 1
5 389 1
5 412 1
5 417 1
5 462 1
5 466 1
5 476 1
5 497 1
5 596 1
5 615 1
5 624 1
5 648 1
5 710 1
5 711 1
5 766 1
5 771 1
5 773 1
5 800 1
5 816 1
5 821 1
5 870 1
5 930 1
5 993 1
5 1012 1
5 1033 1
5 1106 1
5 1128 1
5 1186 1
5 1251 1
5 1270 1
5 1345 1
5 1377 1
5 1435 1
5 1508 1
5 1605 1
5 1661 1
5 1686 1
6 7 1
6 9 1
6 12 1
6 13 1
6 15 1
6 16 1
6 18 1
6 24 1
6 61 1
6 72 1
6 79 1
6 132 1
6 136 1
6 152 1
6 187 1
6 287 1
6 292 1
6 315 1
6 376 1
6 380 1
6 512 1
6 516 1
6 518 1
6 563 1
6 672 1
6 709 1
6 728 1
6 742 1
6 799 1
6 804 1
6 816 1
6 885 1
6 901 1
6 948 1
6 955 1
6 1148 1
6 1193 1
6 1296 1
6 1382 1
6 1459 1
6 1602 1
7 8 1
7 10 1
7 11 1
7 12 1
7 13 1
7 15 1
7 22 1
7 31 1
7 37 1
7 42 1
7 44 1
7 47 1
7 53 1
7 54 1
7 55 1
7 58 1
7 59 1
7 69 1
7 70 1
7 73 1
7 74 1
7 77 1
7 90 1
7 91 1
7 93 1
7 95 1
7 97 1
7 100 1
7 101 1
7 140 1
7 158 1
7 163 1
7 170 1
7 191 1
7 203 1
7 222 1
7 232 1
7 241 1
7 252 1
7 256 1
7 272 1
7 275 1
7 279 1
7 284 1
7 287 1
7 293 1
7 298 1
7 306 1
7 310 1
7 311 1
7 324 1
7 351 1
7 356 1
7 368 1
7 375 1
7 386 1
7 390 1
7 394 1
7 398 1
7 412 1
7 444 1
7 454 1
7 464 1
7 477 1
7 494 1
7 499 1
7 511 1
7 516 1
7 517 1
7 525 1
7 530 1
7 555 1
7 557 1
7 570 1
7 573 1
7 574 1
7 607 1
7 614 1
7 663 1
7 675 1
7 713 1
7 731 1
7 732 1
7 743 1
7 811 1
7 833 1
7 845 1
7 864 1
7 884 1
7 885 1
7 892 1
7 899 1
7 911 1
7 936 1
7 937 1
7 966 1
7 973 1
7 985 1
7 1033 1
7 1037 1
7 1055 1
7 1098 1
7 1120 1
7 1129 1
7 1139 1
7 1148 1
7 1202 1
7 1224 1
7 1236 1
7 1238 1
7 1260 1
7 1296 1
7 1299 1
7 1310 1
7 1367 1
7 1382 1
7 1400 1
7 1427 1
7 1439 1
7 1455 1
7 1468 1
7 1483 1
7 1497 1
7 1512 1
7 1548 1
7 1577 1
7 1581 1
7 1659 1
7 1667 1
7 1670 1
7 1685 1
7 1687 1
7 1690 1
7 1711 1
7 1730 1
7 1760 1
7 1770 1
7 1793 1
8 10 1
8 14 1
8 23 1
8 29 1
8 31 1
8 35 1
8 41 1
8 42 1
8 47 1
8 52 1
8 54 1
8 58 1
8 60 1
8 64 1
8 72 1
8 74 1
8 76 1
8 80 1
8 84 1
8 86 1
8 88 1
8 92 1
8 93 1
8 94 1
8 96 1
8 97 1
8 98 1
8 99 1
8 100 1
8 110 1
8 124 1
8 134 1
8 147 1
8 172 1
8 189 1
8 221 1
8 223 1
8 225 1
8 232 1
8 248 1
8 260 1
8 271 1
8 277 1
8 280 1
8 305 1
8 311 1
8 312 1
8 329 1
8 330 1
8 347 1
8 349 1
8 375 1
8 408 1
8 420 1
8 426 1
8 477 1
8 481 1
8 488 1
8 500 1
8 504 1
8 548 1
8 575 1
8 584 1
8 605 1
8 631 1
8 647 1
8 654 1
8 664 1
8 680 1
8 681 1
8 684 1
8 703 1
8 716 1
8 735 1
8 787 1
8 795 1
8 810 1
8 820 1
8 848 1
8 855 1
8 926 1
8 929 1
8 935 1
8 946 1
8 989 1
8 990 1
8 997 1
8 1011 1
8 1075 1
8 1078 1
8 1090 1
8 1134 1
8 1137 1
8 1145 1
8 1157 1
8 1177 1
8 1182 1
8 1195 1
8 1242 1
8 1293 1
8 1389 1
8 1390 1
8 1391 1
8 1394 1
8 1412 1
8 1418 1
8 1461 1
8 1468 1
8 1479 1
8 1504 1
8 1514 1
8 1570 1
8 1663 1
8 1665 1
8 1716 1
8 1719 1
8 1732 1
8 1755 1
8 1799 1
9 17 1
9 38 1
9 66 1
9 74 1
9 78 1
9 118 1
9 147 1
9 186 1
9 189 1
9 192 1
9 228 1
9 592 1
9 627 1
9 630 1
9 640 1
9 721 1
9 774 1
9 875 1
9 876 1
9 1019 1
9 1027 1
9 1034 1
9 1061 1
9 1086 1
9 1191 1
9 1307 1
9 1451 1
9 1519 1
9 1560 1
9 1575 1
10 15 1
10 21 1
10 24 1
10 25 1
10 49 1
10 51 1
10 63 1
10 75 1
10 79 1
10 82 1
10 88 1
10 116 1
10 125 1
10 129 1
10 135 1
10 140 1
10 150 1
10 157 1
10 165 1
10 178 1
10 211 1
10 214 1
10 228 1
10 254 1
10 262 1
10 274 1
10 281 1
10 282 1
10 294 1
10 299 1
10 306 1
10 309 1
10 311 1
10 331 1
10 338 1
10 344 1
10 346 1
10 429 1
10 462 1
10 484 1
10 545 1
10 641 1
10 652 1
10 683 1
10 691 1
10 715 1
10 771 1
10 796 1
10 808 1
10 825 1
10 829 1
10 844 1
10 943 1
10 1078 1
10 1119 1
10 1134 1
10 1148 1
10 1247 1
10 1292 1
10 1306 1
10 1334 1
10 1370 1
10 1371 1
10 1437 1
10 1449 1
10 1476 1
10 1490 1
10 1539 1
10 1549 1
10 1563 1
10 1571 1
10 1582 1
10 1590 1
10 1666 1
10 1678 1
10 1695 1
10 1743 1
10 1781 1
11 12 1
11 20 1
11 27 1
11 31 1
11 33 1
11 53 1
11 63 1
11 105 1
11 203 1
11 303 1
11 363 1
11 393 1
11 459 1
11 526 1
11 807 1
11 831 1
11 1066 1
11 1072 1
11 1090 1
11 1278 1
11 1552 1
11 1675 1
11 1758 1
12 25 1
12 28 1
12 37 1
12 38 1
12 40 1
12 50 1
12 69 1
12 89 1
12 107 1
12 108 1
12 111 1
12 121 1
12 136 1
12 138 1
12 151 1
12 156 1
12 161 1
12 162 1
12 185 1
12 190 1
12 198 1
12 202 1
12 217 1
12 244 1
12 267 1
12 312 1
12 344 1
12 372 1
12 436 1
12 441 1
12 446 1
12 536 1
12 549 1
12 554 1
12 565 1
12 591 1
12 597 1
12 632 1
12 644 1
12 653 1
12 692 1
12 735 1
12 757 1
12 821 1
12 839 1
12 849 1
12 887 1
12 914 1
12 951 1
12 1016 1
12 1058 1
12 1076 1
12 1077 1
12 1079 1
12 1135 1
12 1177 1
12 1188 1
12 1246 1
12 1259 1
12 1388 1
12 1391 1
12 1396 1
12 1401 1
12 1423 1
12 1438 1
12 1461 1
12 1520 1
12 1522 1
12 1597 1
13 17 1
13 21 1
13 40 1
13 94 1
13 126 1
13 137 1
13 181 1
13 255 1
13 363 1
13 455 1
13 510 1
13 565 1
13 647 1
13 728 1
13 887 1
13 1129 1
13 1208 1
13 1725 1
14 23 1
14 32 1
14 46 1
14 52 1
14 54 1
14 75 1
14 78 1
14 81 1
14 104 1
14 108 1
14 109 1
14 130 1
14 150 1
14 155 1
14 178 1
14 199 1
14 215 1
14 224 1
14 249 1
14 252 1
14 353 1
14 365 1
14 387 1
14 391 1
14 413 1
14 415 1
14 521 1
14 529 1
14 547 1
14 567 1
14 576 1
14 595 1
14 638 1
14 666 1
14 783 1
14 804 1
14 806 1
14 813 1
14 843 1
14 863 1
14 920 1
14 954 1
14 1084 1
14 1085 1
14 1116 1
14 1218 1
14 1237 1
14 1290 1
14 1295 1
14 1349 1
14 1359 1
14 1402 1
14 1434 1
14 1551 1
14 1555 1
14 1593 1
14 1609 1
14 1617 1
14 1642 1
14 1715 1
14 1724 1
14 1726 1
14 1767 1
14 1788 1
15 17 1
15 19 1
15 23 1
15 27 1
15 34 1
15 46 1
15 48 1
15 55 1
15 60 1
15 67 1
15 84 1
15 98 1
15 102 1
15 107 1
15 109 1
15 120 1
15 127 1
15 140 1
15 159 1
15 173 1
15 192 1
15 195 1
15 243 1
15 248 1
15 254 1
15 259 1
15 283 1
15 302 1
15 323 1
15 331 1
15 334 1
15 337 1
15 340 1
15 425 1
15 454 1
15 457 1
15 495 1
15 529 1
15 551 1
15 555 1
15 584 1
15 684 1
15 734 1
15 738 1
15 756 1
15 768 1
15 780 1
15 846 1
15 867 1
15 878 1
15 933 1
15 935 1
15 1014 1
15 1022 1
15 1118 1
15 1129 1
15 1188 1
15 1259 1
15 1309 1
15 1342 1
15 1346 1
15 1378 1
15 1426 1
15 1433 1
15 1459 1
15 1492 1
15 1535 1
15 1565 1
15 1600 1
15 1625 1
15 1718 1
16 17 1
16 20 1
16 24 1
16 25 1
16 26 1
16 30 1
16 44 1
16 48 1
16 67 1
16 82 1
16 87 1
16 108 1
16 114 1
16 117 1
16 131 1
16 168 1
16 171 1
16 181 1
16 208 1
16 223 1
16 234 1
16 250 1
16 264 1
16 307 1
16 327 1
16 342 1
16 344 1
16 350 1
16 418 1
16 421 1
16 437 1
16 465 1
16 474 1
16 506 1
16 544 1
16 596 1
16 620 1
16 663 1
16 700 1
16 730 1
16 750 1
16 810 1
16 982 1
16 1107 1
16 1118 1
16 1157 1
16 1227 1
16 1310 1
16 1351 1
16 1362 1
16 1412 1
16 1436 1
16 1477 1
16 1520 1
16 1628 1
16 1650 1
17 18 1
17 33 1
17 131 1
17 385 1
17 402 1
17 410 1
17 441 1
17 476 1
17 879 1
17 1199 1
17 1750 1
18 22 1
18 28 1
18 30 1
18 32 1
18 40 1
18 56 1
18 58 1
18 68 1
18 89 1
18 132 1
18 133 1
18 168 1
18 218 1
18 219 1
18 245 1
18 273 1
18 304 1
18 349 1
18 429 1
18 583 1
18 615 1
18 735 1
18 742 1
18 870 1
18 901 1
18 961 1
18 1042 1
18 1171 1
18 1465 1
18 1608 1
18 1630 1
18 1641 1
18 1714 1
18 1759 1
19 24 1
19 29 1
19 32 1
19 47 1
19 49 1
19 53 1
19 58 1
19 71 1
19 83 1
19 85 1
19 120 1
19 128 1
19 145 1
19 159 1
19 198 1
19 217 1
19 281 1
19 285 1
19 304 1
19 318 1
19 351 1
19 372 1
19 378 1
19 379 1
19 390 1
19 405 1
19 408 1
19 473 1
19 504 1
19 515 1
19 552 1
19 584 1
19 600 1
19 649 1
19 693 1
19 730 1
19 783 1
19 857 1
19 874 1
19 915 1
19 993 1
19 1008 1
19 1024 1
19 1032 1
19 1047 1
19 1056 1
19 1114 1
19 1179 1
19 1268 1
19 1331 1
19 1379 1
19 1458 1
19 1462 1
19 1500 1
19 1537 1
19 1585 1
19 1587 1
19 1615 1
20 26 1
20 33 1
20 35 1
20 41 1
20 42 1
20 50 1
20 51 1
20 71 1
20 90 1
20 111 1
20 117 1
20 143 1
20 161 1
20 241 1
20 251 1
20 255 1
20 271 1
20 334 1
20 361 1
20 427 1
20 452 1
20 465 1
20 468 1
20 519 1
20 554 1
20 572 1
20 587 1
20 588 1
20 593 1
20 604 1
20 687 1
20 699 1
20 875 1
20 956 1
20 957 1
20 976 1
20 1018 1
20 1059 1
20 1060 1
20 1116 1
20 1171 1
20 1193 1
20 1221 1
20 1260 1
20 1268 1
20 1280 1
20 1301 1
20 1313 1
20 1319 1
20 1325 1
20 1338 1
20 1549 1
20 1561 1
20 1639 1
20 1648 1
20 1669 1
20 1796 1
21 37 1
21 50 1
21 51 1
21 57 1
21 65 1
21 67 1
21 72 1
21 75 1
21 80 1
21 81 1
21 103 1
21 113 1
21 164 1
21 174 1
21 190 1
21 193 1
21 213 1
21 236 1
21 326 1
21 377 1
21 383 1
21 396 1
21 450 1
21 527 1
21 643 1
21 726 1
21 727 1
21 760 1
21 764 1
21 825 1
21 850 1
21 867 1
21 977 1
21 979 1
21 990 1
21 1068 1
21 1120 1
21 1154 1
21 1181 1
21 1190 1
21 1231 1
21 1248 1
21 1292 1
21 1301 1
21 1311 1
21 1332 1
21 1373 1
21 1460 1
21 1469 1
21 1484 1
21 1527 1
21 1528 1
21 1559 1
21 1586 1
21 1601 1
21 1682 1
21 1719 1
21 1722 1
21 1761 1
22 26 1
22 34 1
22 36 1
22 38 1
22 47 1
22 51 1
22 56 1
22 64 1
22 98 1
22 101 1
22 167 1
22 233 1
22 292 1
22 295 1
22 319 1
22 360 1
22 366 1
22 367 1
22 373 1
22 420 1
22 430 1
22 457 1
22 511 1
22 528 1
22 570 1
22 605 1
22 651 1
22 695 1
22 697 1
22 718 1
22 781 1
22 809 1
22 857 1
22 916 1
22 918 1
22 949 1
22 959 1
22 1131 1
22 1317 1
22 1341 1
22 1371 1
22 1385 1
22 1420 1
22 1451 1
22 1465 1
22 1666 1
22 1692 1
22 1704 1
22 1729 1
22 1779 1
23 32 1
23 34 1
23 43 1
23 45 1
23 57 1
23 66 1
23 67 1
23 78 1
23 82 1
23 111 1
23 137 1
23 140 1
23 143 1
23 155 1
23 160 1
23 164 1
23 172 1
23 184 1
23 186 1
23 194 1
23 218 1
23 319 1
23 329 1
23 343 1
23 394 1
23 395 1
23 401 1
23 418 1
23 431 1
23 440 1
23 462 1
23 483 1
23 584 1
23 617 1
23 694 1
23 716 1
23 779 1
23 913 1
23 1030 1
23 1062 1
23 1158 1
23 1169 1
23 1208 1
23 1225 1
23 1275 1
23 1282 1
23 1297 1
23 1334 1
23 1344 1
23 1648 1
23 1655 1
23 1660 1
23 1723 1
24 27 1
24 64 1
24 71 1
24 77 1
24 100 1
24 106 1
24 112 1
24 194 1
24 209 1
24 252 1
24 280 1
24 350 1
24 385 1
24 391 1
24 453 1
24 475 1
24 673 1
24 681 1
24 762 1
24 808 1
24 814 1
24 899 1
24 917 1
24 981 1
24 1000 1
24 1003 1
24 1024 1
24 1025 1
24 1063 1
24 1170 1
24 1199 1
24 1219 1
24 1351 1
24 1365 1
24 1395 1
24 1435 1
24 1525 1
24 1768 1
25 30 1
25 33 1
25 60 1
25 61 1
25 88 1
25 139 1
25 181 1
25 201 1
25 204 1
25 220 1
25 227 1
25 243 1
25 303 1
25 312 1
25 397 1
25 401 1
25 434 1
25 487 1
25 547 1
25 553 1
25 588 1
25 594 1
25 635 1
25 689 1
25 743 1
25 786 1
25 797 1
25 881 1
25 1063 1
25 1102 1
25 1147 1
25 1189 1
25 1271 1
25 1345 1
25 1413 1
25 1562 1
26 45 1
26 59 1
26 166 1
26 204 1
26 221 1
26 251 1
26 253 1
26 288 1
26 316 1
26 647 1
26 658 1
26 701 1
26 713 1
26 740 1
26 762 1
26 828 1
26 829 1
26 839 1
26 903 1
26 908 1
26 909 1
26 980 1
26 1066 1
26 1159 1
26 1331 1
26 1412 1
26 1497 1
26 1535 1
27 36 1
27 84 1
27 95 1
27 195 1
27 246 1
27 327 1
27 409 1
27 480 1
27 628 1
27 635 1
27 644 1
27 647 1
27 674 1
27 765 1
27 870 1
27 983 1
27 1012 1
27 1082 1
27 1119 1
27 1143 1
27 1164 1
27 1171 1
27 1369 1
27 1399 1
27 1511 1
27 1708 1
27 1711 1
28 29 1
28 30 1
28 79 1
28 85 1
28 92 1
28 99 1
28 102 1
28 105 1
28 114 1
28 141 1
28 179 1
28 212 1
28 216 1
28 240 1
28 242 1
28 253 1
28 265 1
28 288 1
28 332 1
28 336 1
28 388 1
28 397 1
28 402 1
28 407 1
28 416 1
28 446 1
28 456 1
28 470 1
28 578 1
28 580 1
28 608 1
28 642 1
28 653 1
28 678 1
28 700 1
28 764 1
28 798 1
28 813 1
28 909 1
28 910 1
28 919 1
28 963 1
28 985 1
28 1013 1
28 1045 1
28 1136 1
28 1195 1
28 1211 1
28 1237 1
28 1250 1
28 1262 1
28 1341 1
28 1363 1
28 1447 1
28 1511 1
28 1519 1
28 1542 1
28 1579 1
28 1612 1
28 1678 1
28 1718 1
28 1777 1
28 1786 1
29 31 1
29 36 1
29 65 1
29 102 1
29 193 1
29 258 1
29 286 1
29 338 1
29 485 1
29 487 1
29 540 1
29 560 1
29 795 1
29 915 1
29 980 1
29 1008 1
29 1013 1
29 1114 1
29 1377 1
29 1415 1
29 1574 1
30 119 1
30 226 1
30 261 1
30 266 1
30 317 1
30 386 1
30 413 1
30 688 1
30 842 1
30 1165 1
30 1382 1
30 1693 1
30 1793 1
31 35 1
31 39 1
31 50 1
31 52 1
31 70 1
31 79 1
31 87 1
31 145 1
31 182 1
31 212 1
31 254 1
31 263 1
31 328 1
31 381 1
31 393 1
31 414 1
31 426 1
31 539 1
31 770 1
31 858 1
31 880 1
31 990 1
31 1262 1
31 1318 1
31 1404 1
31 1425 1
31 1528 1
31 1546 1
31 1583 1
31 1709 1
31 1770 1
31 1774 1
32 46 1
32 179 1
32 265 1
32 391 1
32 700 1
32 719 1
32 1409 1
33 60 1
33 993 1
33 1059 1
33 1356 1
34 44 1
34 91 1
34 242 1
34 246 1
34 300 1
34 662 1
34 891 1
34 913 1
34 1717 1
35 42 1
35 52 1
35 63 1
35 66 1
35 77 1
35 223 1
35 279 1
35 320 1
35 669 1
35 808 1
35 1160 1
35 1338 1
35 1564 1
35 1611 1
35 1645 1
36 39 1
36 59 1
36 64 1
36 70 1
36 90 1
36 119 1
36 127 1
36 155 1
36 174 1
36 184 1
36 196 1
36 208 1
36 240 1
36 254 1
36 255 1
36 265 1
36 301 1
36 322 1
36 358 1
36 396 1
36 401 1
36 432 1
36 440 1
36 472 1
36 473 1
36 546 1
36 560 1
36 585 1
36 622 1
36 662 1
36 664 1
36 686 1
36 731 1
36 733 1
36 773 1
36 817 1
36 826 1
36 831 1
36 881 1
36 906 1
36 1016 1
36 1174 1
36 1179 1
36 1194 1
36 1204 1
36 1210 1
36 1216 1
36 1229 1
36 1284 1
36 1325 1
36 1387 1
36 1425 1
36 1440 1
36 1446 1
36 1453 1
36 1484 1
36 1553 1
36 1582 1
36 1632 1
36 1793 1
37 40 1
37 41 1
37 53 1
37 56 1
37 71 1
37 126 1
37 191 1
37 211 1
37 269 1
37 347 1
37 348 1
37 434 1
37 553 1
37 590 1
37 629 1
37 631 1
37 675 1
37 718 1
37 743 1
37 840 1
37 844 1
37 892 1
37 930 1
37 1018 1
37 1183 1
37 1281 1
37 1524 1
37 1564 1
37 1566 1
37 1585 1
37 1700 1
38 55 1
38 135 1
38 138 1
38 142 1
38 210 1
38 235 1
38 236 1
38 262 1
38 291 1
38 340 1
38 355 1
38 402 1
38 531 1
38 645 1
38 654 1
38 849 1
38 940 1
38 1070 1
38 1196 1
38 1200 1
38 1222 1
38 1463 1
38 1573 1
38 1725 1
38 1730 1
39 48 1
39 105 1
39 119 1
39 125 1
39 142 1
39 217 1
39 222 1
39 262 1
39 290 1
39 322 1
39 334 1
39 342 1
39 345 1
39 361 1
39 381 1
39 392 1
39 398 1
39 492 1
39 504 1
39 559 1
39 567 1
39 683 1
39 860 1
39 922 1
39 1074 1
39 1089 1
39 1203 1
39 1204 1
39 1378 1
39 1462 1
39 1664 1
39 1724 1
39 1780 1
40 68 1
40 213 1
40 258 1
40 268 1
40 298 1
40 325 1
40 399 1
40 474 1
40 628 1
40 723 1
40 1603 1
40 1620 1
40 1642 1
41 43 1
41 264 1
41 316 1
41 347 1
41 486 1
41 537 1
41 551 1
41 608 1
41 810 1
41 1440 1
41 1461 1
41 1469 1
41 1495 1
41 1555 1
41 1654 1
42 45 1
42 119 1
42 176 1
42 178 1
42 240 1
42 345 1
42 477 1
42 677 1
42 974 1
42 1097 1
43 59 1
43 108 1
43 129 1
43 132 1
43 145 1
43 176 1
43 179 1
43 257 1
43 850 1
43 903 1
43 1110 1
43 1205 1
43 1243 1
43 1319 1
43 1350 1
43 1565 1
43 1786 1
44 100 1
44 130 1
44 139 1
44 163 1
44 181 1
44 202 1
44 242 1
44 346 1
44 357 1
44 459 1
44 850 1
44 1131 1
44 1140 1
44 1378 1
44 1559 1
44 1566 1
44 1614 1
44 1620 1
44 1678 1
45 103 1
45 115 1
45 157 1
45 167 1
45 270 1
45 312 1
45 366 1
45 407 1
45 777 1
45 807 1
45 984 1
45 1035 1
45 1208 1
45 1310 1
45 1633 1
45 1649 1
45 1672 1
46 103 1
46 166 1
46 169 1
46 178 1
46 196 1
46 207 1
46 302 1
46 517 1
46 764 1
46 824 1
46 841 1
46 872 1
46 931 1
46 1015 1
46 1249 1
46 1372 1
46 1679 1
47 269 1
47 536 1
48 63 1
48 173 1
48 180 1
48 184 1
48 194 1
48 200 1
48 201 1
48 219 1
48 246 1
48 505 1
48 513 1
48 602 1
48 734 1
48 786 1
48 873 1
48 889 1
48 1032 1
48 1074 1
48 1197 1
48 1322 1
48 1342 1
48 1398 1
48 1651 1
48 1716 1
49 97 1
49 101 1
49 128 1
49 235 1
49 433 1
49 452 1
49 633 1
49 746 1
49 1153 1
49 1257 1
49 1711 1
49 1739 1
50 132 1
50 134 1
50 149 1
50 182 1
50 196 1
50 294 1
50 475 1
50 495 1
50 534 1
50 603 1
50 607 1
50 680 1
50 940 1
50 960 1
50 1101 1
50 1276 1
50 1390 1
50 1541 1
50 1582 1
51 61 1
51 72 1
51 106 1
51 112 1
51 122 1
51 216 1
51 295 1
51 578 1
51 1359 1
51 1551 1
51 1558 1
52 83 1
52 88 1
52 122 1
52 138 1
52 285 1
52 444 1
52 547 1
52 819 1
52 934 1
52 1200 1
52 1299 1
52 1348 1
52 1353 1
52 1646 1
53 81 1
53 85 1
53 96 1
53 110 1
53 154 1
53 170 1
53 193 1
53 196 1
53 198 1
53 264 1
53 296 1
53 360 1
53 381 1
53 480 1
53 540 1
53 676 1
53 694 1
53 706 1
53 789 1
53 900 1
53 952 1
53 976 1
53 1103 1
53 1232 1
53 1239 1
53 1272 1
53 1295 1
53 1339 1
53 1424 1
53 1673 1
53 1734 1
53 1765 1
54 57 1
54 73 1
54 124 1
54 157 1
54 261 1
54 307 1
54 314 1
54 421 1
54 524 1
54 546 1
54 577 1
54 602 1
54 966 1
54 977 1
54 1056 1
54 1169 1
54 1201 1
54 1300 1
54 1537 1
55 139 1
55 244 1
55 268 1
55 384 1
55 403 1
55 497 1
55 747 1
55 1273 1
55 1482 1
56 84 1
56 123 1
56 145 1
56 223 1
56 362 1
56 964 1
56 1506 1
56 1693 1
57 62 1
57 70 1
57 83 1
57 96 1
57 129 1
57 146 1
57 168 1
57 176 1
57 187 1
57 247 1
57 277 1
57 349 1
57 357 1
57 374 1
57 381 1
57 382 1
57 397 1
57 422 1
57 459 1
57 568 1
57 598 1
57 609 1
57 617 1
57 657 1
57 706 1
57 709 1
57 824 1
57 924 1
57 982 1
57 1146 1
57 1289 1
57 1356 1
57 1480 1
57 1562 1
57 1657 1
58 118 1
58 158 1
58 162 1
58 177 1
58 188 1
58 208 1
58 216 1
58 222 1
58 240 1
58 251 1
58 257 1
58 278 1
58 355 1
58 360 1
58 362 1
58 370 1
58 393 1
58 405 1
58 435 1
58 442 1
58 480 1
58 483 1
58 493 1
58 651 1
58 748 1
58 763 1
58 851 1
58 963 1
58 978 1
58 1019 1
58 1031 1
58 1035 1
58 1099 1
58 1203 1
58 1284 1
58 1306 1
58 1515 1
58 1634 1
58 1738 1
58 1757 1
58 1772 1
59 62 1
59 106 1
59 113 1
59 164 1
59 190 1
59 197 1
59 207 1
59 224 1
59 241 1
59 242 1
59 298 1
59 342 1
59 370 1
59 396 1
59 508 1
59 520 1
59 543 1
59 561 1
59 625 1
59 730 1
59 759 1
59 763 1
59 769 1
59 787 1
59 809 1
59 889 1
59 995 1
59 1062 1
59 1085 1
59 1127 1
59 1316 1
59 1370 1
59 1469 1
59 1727 1
60 66 1
60 75 1
60 151 1
60 173 1
60 175 1
60 209 1
60 412 1
60 435 1
60 527 1
60 559 1
60 644 1
60 738 1
60 777 1
60 797 1
60 1100 1
60 1168 1
60 1266 1
60 1334 1
60 1528 1
61 62 1
61 116 1
61 150 1
61 201 1
61 221 1
61 234 1
61 330 1
61 368 1
61 423 1
61 470 1
61 533 1
61 554 1
61 573 1
61 719 1
61 898 1
61 918 1
61 1132 1
61 1651 1
61 1777 1
62 68 1
62 76 1
62 114 1
62 118 1
62 162 1
62 183 1
62 192 1
62 213 1
62 224 1
62 330 1
62 333 1
62 384 1
62 400 1
62 495 1
62 626 1
62 629 1
62 698 1
62 756 1
62 846 1
62 866 1
62 1059 1
62 1068 1
62 1091 1
62 1109 1
62 1166 1
62 1304 1
62 1409 1
62 1490 1
62 1663 1
62 1771 1
63 153 1
63 328 1
63 391 1
63 509 1
63 818 1
63 941 1
63 1000 1
63 1044 1
63 1200 1
63 1254 1
63 1648 1
64 183 1
64 199 1
64 262 1
64 1022 1
65 188 1
65 204 1
65 227 1
65 260 1
65 290 1
65 321 1
65 382 1
65 406 1
65 489 1
65 604 1
65 615 1
65 704 1
65 778 1
65 912 1
65 1007 1
65 1020 1
65 1054 1
65 1440 1
65 1744 1
66 73 1
66 89 1
66 91 1
66 123 1
66 148 1
66 162 1
66 165 1
66 249 1
66 257 1
66 284 1
66 510 1
66 556 1
66 601 1
66 673 1
66 806 1
66 947 1
66 1076 1
66 1388 1
66 1544 1
66 1559 1
67 69 1
67 73 1
67 177 1
67 200 1
67 213 1
67 227 1
67 324 1
67 364 1
67 459 1
67 554 1
67 702 1
67 755 1
67 780 1
67 802 1
67 877 1
67 982 1
67 1170 1
67 1264 1
67 1494 1
67 1496 1
67 1669 1
67 1683 1
67 1752 1
68 127 1
68 143 1
68 258 1
68 295 1
68 613 1
68 999 1
68 1447 1
68 1538 1
68 1591 1
68 1598 1
68 1688 1
69 95 1
69 102 1
69 105 1
69 154 1
69 217 1
69 259 1
69 356 1
69 411 1
69 463 1
69 551 1
69 725 1
69 751 1
69 1051 1
69 1270 1
69 1374 1
69 1375 1
69 1740 1
70 112 1
70 126 1
70 128 1
70 153 1
70 175 1
70 301 1
70 328 1
70 460 1
70 500 1
70 510 1
70 511 1
70 612 1
70 853 1
70 1010 1
70 1054 1
70 1449 1
70 1569 1
70 1615 1
70 1654 1
70 1734 1
70 1762 1
70 1769 1
71 85 1
71 557 1
72 104 1
72 121 1
72 131 1
72 142 1
72 190 1
72 250 1
72 263 1
72 298 1
72 326 1
72 392 1
72 455 1
72 578 1
72 634 1
72 703 1
72 748 1
72 798 1
72 805 1
72 815 1
72 930 1
72 996 1
72 1047 1
72 1087 1
72 1320 1
72 1325 1
72 1356 1
72 1453 1
72 1510 1
72 1596 1
72 1633 1
72 1648 1
72 1669 1
72 1688 1
72 1694 1
73 141 1
73 159 1
73 362 1
73 421 1
73 464 1
73 576 1
73 609 1
73 633 1
73 905 1
73 914 1
73 926 1
73 994 1
73 999 1
73 1075 1
73 1131 1
73 1198 1
73 1240 1
73 1397 1
73 1488 1
73 1503 1
73 1539 1
73 1658 1
73 1744 1
74 130 1
74 283 1
74 374 1
74 535 1
74 550 1
74 822 1
75 87 1
75 93 1
75 138 1
75 144 1
75 230 1
75 324 1
75 397 1
75 497 1
75 509 1
75 986 1
75 1349 1
75 1771 1
76 230 1
76 325 1
76 336 1
76 817 1
77 126 1
77 129 1
77 182 1
77 427 1
77 439 1
77 524 1
77 1111 1
77 1186 1
77 1230 1
77 1271 1
77 1455 1
78 107 1
78 116 1
78 149 1
78 274 1
78 276 1
78 331 1
78 386 1
78 691 1
78 697 1
78 812 1
78 1115 1
78 1328 1
78 1372 1
78 1375 1
78 1488 1
78 1764 1
79 93 1
79 118 1
79 210 1
79 247 1
79 376 1
79 566 1
79 668 1
79 773 1
79 837 1
79 992 1
79 994 1
79 1178 1
79 1589 1
79 1664 1
79 1665 1
79 1787 1
80 86 1
80 92 1
80 109 1
80 120 1
80 130 1
80 134 1
80 147 1
80 228 1
80 279 1
80 296 1
80 367 1
80 403 1
80 423 1
80 442 1
80 449 1
80 470 1
80 477 1
80 486 1
80 535 1
80 591 1
80 594 1
80 693 1
80 727 1
80 779 1
80 785 1
80 802 1
80 829 1
80 859 1
80 902 1
80 1002 1
80 1003 1
80 1046 1
80 1197 1
80 1243 1
80 1398 1
80 1409 1
80 1566 1
80 1613 1
80 1675 1
80 1680 1
80 1756 1
81 230 1
81 253 1
81 261 1
81 297 1
81 310 1
81 322 1
81 428 1
81 429 1
81 505 1
81 648 1
81 673 1
81 679 1
81 843 1
81 938 1
81 1011 1
81 1057 1
81 1084 1
81 1116 1
81 1124 1
81 1132 1
81 1173 1
81 1222 1
81 1350 1
81 1444 1
81 1494 1
81 1646 1
81 1724 1
82 107 1
82 125 1
82 127 1
82 708 1
83 155 1
83 296 1
83 308 1
83 355 1
83 398 1
83 404 1
83 437 1
83 474 1
83 618 1
83 721 1
83 758 1
83 770 1
83 890 1
83 895 1
83 970 1
83 1081 1
83 1228 1
83 1278 1
83 1484 1
83 1542 1
83 1605 1
83 1640 1
83 1666 1
83 1741 1
84 158 1
84 174 1
84 191 1
84 396 1
84 424 1
84 467 1
84 665 1
84 685 1
84 755 1
84 805 1
84 884 1
84 951 1
84 1094 1
85 114 1
85 124 1
85 183 1
85 271 1
85 290 1
85 329 1
85 463 1
85 565 1
85 716 1
85 1021 1
85 1030 1
85 1079 1
85 1234 1
85 1447 1
85 1470 1
85 1527 1
85 1636 1
85 1657 1
85 1742 1
86 94 1
86 111 1
86 125 1
86 137 1
86 177 1
86 209 1
86 211 1
86 218 1
86 337 1
86 353 1
86 389 1
86 582 1
86 674 1
86 789 1
86 828 1
86 944 1
86 971 1
86 1006 1
86 1048 1
86 1052 1
86 1192 1
86 1214 1
86 1228 1
86 1392 1
86 1526 1
86 1733 1
87 104 1
87 186 1
87 221 1
87 232 1
87 308 1
87 315 1
87 431 1
87 436 1
87 499 1
87 518 1
87 545 1
87 774 1
87 810 1
87 971 1
87 1006 1
87 1070 1
87 1126 1
87 1160 1
87 1185 1
87 1407 1
87 1445 1
87 1553 1
87 1671 1
88 202 1
88 212 1
88 260 1
88 902 1
88 946 1
88 1061 1
88 1180 1
88 1224 1
88 1632 1
89 94 1
89 206 1
89 305 1
89 460 1
89 470 1
89 473 1
89 500 1
89 1742 1
90 96 1
90 378 1
90 492 1
90 665 1
91 109 1
91 309 1
91 403 1
91 409 1
91 451 1
91 512 1
91 837 1
91 1386 1
91 1524 1
92 115 1
92 136 1
92 236 1
92 379 1
92 411 1
92 685 1
92 1142 1
92 1428 1
92 1701 1
92 1744 1
93 144 1
93 207 1
93 219 1
93 339 1
93 352 1
93 414 1
93 625 1
93 801 1
93 807 1
93 1071 1
93 1104 1
93 1112 1
93 1435 1
93 1444 1
93 1746 1
94 141 1
94 306 1
94 348 1
94 444 1
94 897 1
94 1139 1
94 1470 1
94 1607 1
95 97 1
95 166 1
95 182 1
95 266 1
95 778 1
95 852 1
95 1036 1
95 1088 1
95 1174 1
95 1234 1
95 1258 1
95 1272 1
95 1417 1
95 1512 1
95 1556 1
95 1774 1
96 101 1
96 136 1
96 172 1
96 174 1
96 238 1
96 258 1
96 285 1
96 478 1
96 656 1
96 759 1
96 1006 1
96 1103 1
96 1266 1
96 1279 1
96 1296 1
96 1312 1
96 1532 1
96 1577 1
96 1633 1
97 123 1
97 160 1
97 206 1
97 220 1
97 304 1
97 366 1
97 461 1
97 466 1
97 525 1
97 637 1
97 733 1
97 753 1
97 762 1
97 949 1
97 1109 1
97 1233 1
97 1253 1
97 1268 1
97 1464 1
97 1668 1
97 1753 1
97 1789 1
98 133 1
98 170 1
98 233 1
98 300 1
98 491 1
98 508 1
98 746 1
98 782 1
98 784 1
98 832 1
98 1278 1
98 1286 1
98 1379 1
98 1613 1
98 1694 1
99 115 1
99 121 1
99 198 1
99 211 1
99 291 1
99 335 1
99 415 1
99 502 1
99 520 1
99 862 1
99 1105 1
99 1215 1
99 1372 1
99 1651 1
99 1703 1
99 1795 1
100 230 1
100 269 1
100 449 1
100 463 1
100 529 1
100 677 1
100 854 1
100 1076 1
100 1138 1
100 1267 1
100 1677 1
101 297 1
101 643 1
101 891 1
101 961 1
101 1670 1
102 167 1
102 237 1
102 308 1
102 309 1
102 548 1
102 604 1
102 704 1
102 710 1
102 928 1
102 934 1
102 1012 1
102 1039 1
102 1109 1
102 1143 1
102 1676 1
102 1677 1
103 153 1
103 169 1
103 432 1
103 433 1
103 471 1
103 676 1
103 802 1
103 842 1
103 937 1
103 1126 1
103 1409 1
103 1411 1
103 1459 1
104 122 1
104 197 1
104 215 1
104 1026 1
104 1385 1
104 1473 1
105 113 1
105 115 1
105 289 1
105 445 1
105 561 1
105 710 1
105 897 1
105 910 1
105 1029 1
105 1051 1
105 1052 1
105 1073 1
105 1088 1
105 1250 1
105 1478 1
105 1681 1
106 133 1
106 147 1
106 180 1
106 239 1
106 390 1
106 426 1
106 439 1
106 458 1
106 482 1
106 515 1
106 558 1
106 580 1
106 661 1
106 757 1
106 851 1
106 896 1
106 947 1
106 997 1
106 1007 1
106 1054 1
106 1069 1
106 1122 1
106 1179 1
106 1242 1
106 1285 1
106 1573 1
107 173 1
107 192 1
107 1753 1
108 123 1
108 135 1
108 278 1
108 302 1
108 307 1
108 495 1
108 550 1
108 636 1
108 692 1
108 717 1
108 754 1
108 942 1
108 1134 1
108 1137 1
108 1254 1
108 1365 1
108 1466 1
109 144 1
109 168 1
109 180 1
109 238 1
109 245 1
109 277 1
109 440 1
109 467 1
109 489 1
109 745 1
109 754 1
109 771 1
109 794 1
109 931 1
109 1252 1
109 1304 1
109 1324 1
109 1388 1
109 1584 1
110 117 1
110 146 1
110 200 1
110 252 1
110 383 1
110 659 1
110 924 1
110 1085 1
110 1141 1
110 1216 1
110 1272 1
110 1451 1
110 1472 1
110 1523 1
110 1550 1
111 131 1
111 148 1
111 225 1
111 241 1
111 259 1
111 283 1
111 357 1
111 399 1
111 521 1
111 586 1
111 811 1
111 971 1
111 1090 1
111 1108 1
111 1130 1
111 1213 1
111 1260 1
111 1333 1
111 1407 1
111 1470 1
111 1529 1
111 1561 1
112 133 1
112 220 1
112 568 1
112 1078 1
112 1748 1
113 124 1
113 149 1
113 370 1
113 373 1
113 586 1
113 597 1
113 618 1
113 681 1
113 711 1
113 1174 1
113 1180 1
113 1220 1
113 1433 1
113 1526 1
113 1608 1
113 1691 1
113 1766 1
114 151 1
114 253 1
114 317 1
114 558 1
115 141 1
115 180 1
115 184 1
115 206 1
115 226 1
115 239 1
115 260 1
115 280 1
115 293 1
115 302 1
115 341 1
115 342 1
115 357 1
115 388 1
115 401 1
115 458 1
115 507 1
115 744 1
115 761 1
115 788 1
115 792 1
115 912 1
115 922 1
115 1011 1
115 1123 1
115 1136 1
115 1414 1
115 1569 1
115 1633 1
115 1698 1
115 1719 1
116 286 1
116 441 1
116 481 1
116 518 1
116 564 1
116 603 1
116 724 1
116 817 1
116 855 1
116 873 1
116 967 1
116 998 1
116 1041 1
116 1164 1
116 1180 1
116 1576 1
116 1690 1
117 146 1
117 272 1
117 353 1
117 372 1
117 538 1
117 911 1
117 1041 1
117 1053 1
117 1187 1
118 134 1
118 234 1
118 323 1
118 455 1
118 702 1
118 769 1
118 773 1
118 948 1
118 1576 1
118 1612 1
119 291 1
119 403 1
119 404 1
119 407 1
119 450 1
119 472 1
119 606 1
119 883 1
119 1205 1
120 171 1
120 842 1
120 1092 1
120 1102 1
120 1125 1
120 1499 1
120 1555 1
120 1588 1
120 1749 1
121 1013 1
121 1520 1
122 571 1
122 899 1
122 1508 1
123 194 1
123 202 1
123 506 1
123 550 1
123 576 1
123 595 1
123 657 1
123 671 1
123 871 1
123 1058 1
124 636 1
124 720 1
124 785 1
124 907 1
124 1140 1
124 1327 1
125 152 1
125 163 1
125 256 1
125 541 1
125 578 1
125 702 1
125 714 1
125 748 1
125 755 1
125 772 1
125 782 1
125 809 1
125 1329 1
126 337 1
126 395 1
126 522 1
126 626 1
126 696 1
126 697 1
126 708 1
126 786 1
126 816 1
126 921 1
126 946 1
126 1061 1
126 1151 1
126 1357 1
126 1454 1
126 1698 1
126 1725 1
127 146 1
127 152 1
127 195 1
127 210 1
127 275 1
127 341 1
127 380 1
127 501 1
127 601 1
127 642 1
127 704 1
127 740 1
127 744 1
127 1145 1
127 1683 1
128 161 1
128 384 1
128 874 1
129 204 1
129 231 1
129 420 1
129 749 1
129 836 1
129 896 1
129 918 1
129 1119 1
129 1352 1
129 1533 1
130 137 1
130 224 1
130 245 1
130 570 1
131 148 1
131 172 1
131 299 1
131 539 1
131 632 1
131 923 1
131 1135 1
131 1166 1
131 1699 1
131 1727 1
131 1751 1
132 152 1
132 160 1
132 164 1
132 203 1
132 215 1
132 355 1
132 627 1
132 695 1
132 832 1
132 1008 1
132 1212 1
132 1707 1
133 286 1
133 392 1
133 437 1
133 498 1
133 559 1
133 660 1
133 785 1
133 890 1
133 1039 1
133 1050 1
133 1141 1
133 1410 1
133 1492 1
133 1513 1
133 1740 1
134 151 1
134 166 1
134 246 1
134 383 1
134 491 1
134 527 1
134 542 1
134 629 1
134 656 1
134 661 1
134 708 1
134 722 1
134 741 1
134 779 1
134 1024 1
134 1184 1
134 1189 1
134 1405 1
134 1536 1
134 1638 1
134 1683 1
135 856 1
135 1788 1
136 142 1
136 228 1
136 343 1
136 354 1
136 494 1
136 528 1
136 572 1
136 690 1
136 834 1
136 1192 1
136 1207 1
136 1239 1
136 1553 1
136 1680 1
136 1700 1
137 414 1
137 519 1
137 582 1
137 1560 1
137 1705 1
137 1712 1
138 150 1
138 189 1
138 199 1
138 237 1
138 339 1
138 520 1
138 538 1
138 557 1
138 591 1
138 607 1
138 667 1
138 869 1
138 964 1
138 965 1
138 1067 1
138 1138 1
138 1373 1
138 1403 1
138 1601 1
138 1659 1
138 1684 1
138 1731 1
139 154 1
139 191 1
139 287 1
139 322 1
139 332 1
139 350 1
139 954 1
139 1004 1
139 1024 1
140 234 1
140 853 1
140 1135 1
141 156 1
141 165 1
141 189 1
141 205 1
141 250 1
141 289 1
141 295 1
141 340 1
141 348 1
141 359 1
141 371 1
141 411 1
141 419 1
141 563 1
141 670 1
141 721 1
141 860 1
141 867 1
141 869 1
141 918 1
141 1206 1
141 1258 1
141 1282 1
141 1374 1
141 1412 1
141 1464 1
141 1472 1
141 1647 1
141 1733 1
142 156 1
142 163 1
142 327 1
142 828 1
142 847 1
142 1038 1
142 1202 1
142 1695 1
143 156 1
143 583 1
143 682 1
143 688 1
143 908 1
143 958 1
143 961 1
143 1342 1
143 1699 1
144 273 1
144 380 1
144 546 1
144 617 1
144 861 1
144 1028 1
144 1149 1
144 1238 1
145 208 1
145 227 1
145 248 1
145 284 1
145 320 1
145 328 1
145 437 1
145 486 1
145 581 1
145 896 1
145 936 1
145 1020 1
145 1120 1
145 1271 1
145 1281 1
145 1453 1
145 1791 1
146 478 1
146 645 1
146 658 1
146 1237 1
147 149 1
147 514 1
147 1028 1
147 1138 1
147 1471 1
147 1631 1
148 175 1
148 287 1
148 303 1
148 341 1
148 386 1
148 592 1
148 727 1
148 940 1
148 1097 1
148 1240 1
148 1292 1
148 1420 1
148 1776 1
149 349 1
149 486 1
149 657 1
149 1005 1
149 1066 1
149 1313 1
149 1318 1
149 1387 1
149 1498 1
149 1603 1
149 1622 1
150 199 1
150 301 1
150 761 1
150 795 1
150 876 1
150 985 1
150 1414 1
150 1578 1
150 1599 1
150 1686 1
151 238 1
151 501 1
151 886 1
151 1206 1
151 1228 1
151 1298 1
151 1431 1
151 1481 1
151 1563 1
151 1704 1
151 1743 1
152 243 1
152 249 1
152 285 1
152 297 1
152 300 1
152 414 1
152 444 1
152 692 1
152 909 1
152 942 1
152 1036 1
152 1124 1
152 1201 1
152 1274 1
152 1403 1
152 1494 1
153 533 1
153 695 1
153 790 1
153 952 1
153 1176 1
153 1283 1
153 1319 1
153 1592 1
153 1611 1
153 1692 1
154 205 1
154 269 1
154 325 1
154 332 1
154 410 1
154 456 1
154 489 1
154 722 1
154 878 1
154 1090 1
154 1111 1
154 1381 1
154 1542 1
154 1623 1
154 1794 1
155 171 1
155 210 1
155 237 1
155 247 1
155 251 1
155 311 1
155 364 1
155 419 1
155 630 1
155 689 1
155 822 1
155 1076 1
155 1125 1
155 1518 1
155 1588 1
155 1696 1
156 183 1
156 244 1
156 256 1
156 421 1
156 540 1
156 543 1
156 775 1
156 1093 1
156 1251 1
156 1358 1
156 1436 1
156 1467 1
156 1533 1
157 233 1
157 345 1
157 443 1
157 447 1
157 505 1
157 585 1
157 676 1
157 958 1
157 1178 1
157 1358 1
157 1449 1
157 1502 1
157 1557 1
157 1644 1
157 1775 1
158 774 1
158 814 1
159 247 1
159 453 1
159 478 1
159 711 1
159 862 1
159 883 1
159 1025 1
159 1406 1
159 1534 1
160 161 1
160 278 1
160 379 1
160 511 1
160 666 1
160 709 1
160 735 1
160 751 1
160 868 1
160 912 1
160 1004 1
160 1014 1
160 1050 1
160 1112 1
160 1238 1
160 1282 1
160 1337 1
160 1365 1
160 1386 1
160 1405 1
160 1416 1
161 169 1
161 229 1
161 236 1
161 248 1
161 307 1
161 368 1
161 482 1
161 541 1
161 543 1
161 834 1
161 919 1
161 991 1
161 1002 1
161 1196 1
161 1219 1
161 1242 1
161 1521 1
161 1708 1
162 261 1
162 299 1
162 408 1
162 425 1
162 451 1
162 579 1
162 587 1
162 818 1
162 1023 1
162 1156 1
162 1687 1
162 1749 1
163 218 1
163 220 1
163 371 1
163 423 1
163 461 1
163 577 1
163 616 1
163 736 1
164 336 1
164 498 1
164 656 1
164 955 1
164 1085 1
164 1784 1
165 352 1
165 823 1
165 1127 1
165 1566 1
165 1767 1
166 177 1
166 264 1
166 505 1
166 737 1
166 745 1
166 910 1
166 1082 1
166 1235 1
166 1703 1
166 1723 1
167 200 1
167 215 1
167 274 1
167 337 1
167 610 1
167 617 1
167 713 1
167 903 1
167 1117 1
167 1276 1
167 1588 1
168 351 1
168 375 1
168 586 1
168 712 1
168 755 1
168 1184 1
169 188 1
169 214 1
169 222 1
169 360 1
169 606 1
169 759 1
169 822 1
169 905 1
169 1280 1
169 1713 1
170 176 1
170 231 1
170 233 1
170 267 1
170 393 1
170 435 1
170 564 1
170 574 1
170 601 1
170 736 1
170 863 1
170 1025 1
170 1108 1
170 1155 1
170 1422 1
170 1450 1
170 1479 1
170 1554 1
170 1702 1
170 1707 1
171 249 1
171 725 1
171 902 1
171 1484 1
172 443 1
172 983 1
172 1001 1
172 1326 1
173 205 1
173 365 1
173 409 1
173 447 1
173 688 1
173 693 1
173 766 1
173 895 1
173 1190 1
173 1316 1
174 280 1
174 331 1
174 487 1
174 1547 1
175 455 1
175 876 1
175 925 1
175 1048 1
175 1154 1
175 1675 1
176 305 1
176 484 1
176 500 1
177 185 1
177 186 1
177 306 1
177 320 1
177 378 1
177 385 1
177 405 1
177 439 1
177 731 1
177 834 1
177 1054 1
177 1455 1
177 1474 1
177 1586 1
177 1732 1
177 1736 1
177 1797 1
178 179 1
178 216 1
178 575 1
178 792 1
178 941 1
178 1439 1
178 1493 1
178 1573 1
179 237 1
179 270 1
179 305 1
179 338 1
179 574 1
179 662 1
179 1180 1
180 1071 1
180 1427 1
180 1501 1
181 906 1
181 1036 1
181 1636 1
181 1655 1
182 466 1
182 655 1
182 913 1
183 238 1
183 292 1
183 326 1
183 420 1
183 451 1
183 535 1
183 621 1
183 721 1
183 731 1
183 769 1
183 950 1
183 1033 1
183 1133 1
183 1347 1
183 1498 1
183 1520 1
183 1595 1
184 358 1
184 428 1
184 591 1
184 1055 1
184 1525 1
184 1724 1
185 599 1
185 1539 1
186 232 1
186 263 1
186 482 1
186 496 1
186 518 1
186 900 1
186 978 1
186 1213 1
187 361 1
187 507 1
187 850 1
187 979 1
187 995 1
187 1074 1
187 1332 1
188 197 1
188 275 1
188 318 1
188 413 1
188 464 1
188 485 1
188 644 1
188 728 1
188 751 1
188 772 1
188 954 1
188 1063 1
188 1315 1
188 1371 1
188 1623 1
188 1737 1
189 590 1
189 1087 1
189 1118 1
190 214 1
190 250 1
190 335 1
190 415 1
190 430 1
190 464 1
190 482 1
190 689 1
190 893 1
190 894 1
190 949 1
190 1259 1
191 458 1
191 724 1
192 266 1
192 340 1
192 400 1
192 624 1
192 972 1
192 988 1
192 1364 1
192 1380 1
193 1155 1
193 1249 1
193 1487 1
194 398 1
194 489 1
194 526 1
194 705 1
194 1043 1
194 1062 1
194 1227 1
194 1464 1
194 1546 1
195 203 1
195 225 1
195 358 1
195 661 1
195 700 1
195 864 1
195 992 1
195 1264 1
195 1557 1
195 1595 1
196 589 1
196 760 1
196 774 1
196 1019 1
196 1023 1
196 1174 1
196 1710 1
197 226 1
197 281 1
197 359 1
197 370 1
197 471 1
197 571 1
197 637 1
197 733 1
197 799 1
197 833 1
197 1044 1
197 1203 1
197 1269 1
197 1527 1
197 1755 1
198 406 1
198 504 1
198 718 1
198 729 1
198 1235 1
199 214 1
199 399 1
199 472 1
199 479 1
199 624 1
199 956 1
199 1307 1
199 1329 1
199 1608 1
200 239 1
200 276 1
200 579 1
200 623 1
200 908 1
200 1010 1
200 1081 1
200 1186 1
200 1286 1
200 1411 1
200 1437 1
200 1483 1
200 1514 1
200 1660 1
200 1710 1
201 235 1
202 273 1
202 343 1
202 557 1
202 690 1
202 1053 1
202 1071 1
202 1185 1
203 323 1
203 384 1
203 648 1
203 1041 1
203 1087 1
203 1253 1
203 1556 1
204 387 1
204 416 1
204 423 1
204 468 1
204 517 1
204 562 1
204 581 1
204 608 1
204 668 1
204 811 1
204 845 1
204 1084 1
204 1117 1
204 1214 1
204 1258 1
204 1349 1
204 1353 1
204 1355 1
204 1359 1
204 1496 1
204 1506 1
204 1617 1
204 1743 1
205 259 1
205 270 1
205 452 1
205 1732 1
206 519 1
206 681 1
206 912 1
206 924 1
206 1288 1
206 1675 1
206 1758 1
206 1778 1
207 406 1
207 616 1
207 1419 1
208 255 1
208 297 1
208 327 1
208 348 1
208 356 1
208 424 1
208 432 1
208 586 1
208 659 1
208 771 1
208 781 1
208 1130 1
208 1257 1
208 1529 1
208 1589 1
208 1722 1
209 212 1
209 289 1
209 382 1
209 392 1
209 1286 1
209 1343 1
209 1541 1
209 1626 1
209 1774 1
210 286 1
210 310 1
210 514 1
210 549 1
210 577 1
210 1239 1
210 1363 1
210 1399 1
210 1641 1
211 275 1
211 365 1
211 577 1
211 847 1
211 882 1
211 938 1
211 987 1
211 1597 1
211 1746 1
212 283 1
212 413 1
212 691 1
212 987 1
212 1030 1
212 1045 1
212 1353 1
212 1418 1
212 1485 1
212 1544 1
212 1594 1
213 373 1
213 432 1
213 631 1
213 714 1
213 778 1
213 804 1
213 1002 1
213 1632 1
214 532 1
214 880 1
214 923 1
214 1429 1
214 1604 1
215 245 1
215 290 1
215 351 1
215 353 1
215 438 1
215 595 1
215 603 1
215 679 1
215 734 1
215 962 1
215 1043 1
215 1079 1
215 1246 1
215 1494 1
215 1767 1
216 944 1
216 1313 1
217 276 1
217 318 1
217 356 1
217 406 1
217 462 1
217 1215 1
217 1273 1
217 1550 1
218 1099 1
219 225 1
219 487 1
219 568 1
219 732 1
219 1001 1
219 1254 1
219 1606 1
219 1634 1
220 430 1
220 1244 1
220 1323 1
220 1400 1
221 339 1
221 791 1
221 1060 1
221 1251 1
221 1466 1
222 325 1
222 522 1
222 938 1
222 1680 1
222 1782 1
223 263 1
223 528 1
223 530 1
223 635 1
223 660 1
223 670 1
223 812 1
223 907 1
223 995 1
223 1029 1
223 1048 1
223 1088 1
223 1233 1
223 1328 1
223 1726 1
224 417 1
224 946 1
224 1040 1
224 1044 1
224 1167 1
224 1191 1
225 431 1
225 915 1
225 1014 1
226 294 1
226 825 1
226 942 1
226 972 1
226 1265 1
226 1321 1
226 1363 1
226 1468 1
226 1733 1
227 323 1
227 466 1
227 475 1
227 523 1
227 550 1
227 684 1
227 828 1
227 871 1
227 898 1
227 902 1
227 1010 1
227 1132 1
227 1620 1
227 1647 1
228 416 1
228 598 1
228 821 1
228 879 1
228 1095 1
228 1196 1
228 1210 1
229 270 1
229 671 1
229 732 1
229 793 1
229 852 1
229 1297 1
230 354 1
230 480 1
230 717 1
231 272 1
231 602 1
231 859 1
231 1322 1
231 1790 1
232 379 1
232 471 1
232 626 1
232 714 1
233 314 1
233 707 1
233 894 1
234 268 1
234 419 1
234 1280 1
234 1596 1
235 301 1
235 369 1
235 449 1
235 469 1
235 507 1
235 770 1
236 359 1
236 529 1
236 533 1
236 545 1
236 660 1
236 662 1
236 891 1
236 970 1
236 1016 1
236 1222 1
236 1721 1
237 555 1
237 569 1
237 687 1
237 1266 1
237 1605 1
238 346 1
238 375 1
238 570 1
238 1151 1
238 1362 1
239 465 1
239 491 1
239 549 1
239 815 1
239 1005 1
240 291 1
240 585 1
240 752 1
240 969 1
240 1318 1
240 1629 1
240 1660 1
240 1698 1
241 279 1
241 300 1
241 321 1
241 389 1
241 512 1
241 524 1
241 587 1
241 598 1
241 616 1
241 729 1
241 868 1
241 1454 1
241 1570 1
241 1707 1
241 1775 1
242 579 1
242 747 1
242 1394 1
243 1654 1
243 1768 1
243 1769 1
244 335 1
244 363 1
244 639 1
244 674 1
244 788 1
244 838 1
244 857 1
244 1072 1
244 1582 1
245 293 1
245 503 1
245 696 1
246 332 1
246 523 1
246 543 1
246 618 1
246 789 1
246 812 1
246 813 1
246 827 1
246 832 1
246 848 1
246 998 1
246 1500 1
247 333 1
247 339 1
247 345 1
247 468 1
247 517 1
247 522 1
247 767 1
247 768 1
247 782 1
247 1051 1
247 1104 1
247 1422 1
247 1432 1
248 267 1
248 268 1
248 556 1
248 558 1
248 891 1
248 917 1
248 949 1
248 957 1
248 1245 1
249 299 1
249 387 1
249 611 1
249 650 1
249 749 1
249 909 1
249 994 1
249 1012 1
249 1438 1
250 516 1
250 1406 1
251 450 1
251 614 1
251 724 1
251 968 1
251 986 1
251 1245 1
251 1501 1
251 1580 1
252 377 1
252 442 1
252 560 1
252 645 1
252 839 1
252 919 1
253 315 1
253 553 1
253 580 1
253 815 1
253 854 1
253 970 1
253 1172 1
253 1182 1
253 1441 1
253 1486 1
253 1616 1
254 1161 1
254 1240 1
254 1359 1
254 1474 1
254 1489 1
255 377 1
255 525 1
255 547 1
255 720 1
255 1027 1
255 1172 1
255 1281 1
255 1530 1
256 288 1
256 631 1
256 763 1
256 1230 1
257 652 1
257 820 1
258 293 1
258 314 1
258 569 1
258 710 1
258 992 1
258 1153 1
258 1545 1
258 1572 1
259 865 1
259 1018 1
259 1110 1
259 1225 1
259 1393 1
259 1524 1
259 1547 1
260 389 1
260 417 1
260 598 1
260 636 1
260 723 1
260 1192 1
260 1270 1
260 1311 1
260 1441 1
260 1556 1
260 1634 1
261 515 1
261 595 1
261 865 1
261 1168 1
261 1297 1
262 272 1
262 330 1
262 476 1
262 939 1
262 1107 1
262 1111 1
262 1126 1
262 1457 1
262 1478 1
263 292 1
263 589 1
263 612 1
263 715 1
263 911 1
263 1224 1
263 1418 1
263 1630 1
263 1638 1
263 1754 1
264 571 1
264 923 1
264 1053 1
264 1069 1
264 1305 1
264 1344 1
265 369 1
265 427 1
265 468 1
265 672 1
265 942 1
265 1161 1
265 1223 1
265 1421 1
265 1637 1
266 374 1
266 1283 1
267 429 1
267 1408 1
268 366 1
268 374 1
268 433 1
268 1159 1
268 1384 1
269 404 1
270 438 1
270 453 1
270 490 1
270 496 1
270 621 1
270 713 1
270 973 1
270 1351 1
270 1553 1
271 319 1
271 335 1
271 418 1
271 526 1
271 608 1
271 625 1
271 737 1
271 1307 1
271 1602 1
272 317 1
272 458 1
272 501 1
272 601 1
272 682 1
272 793 1
272 1448 1
272 1476 1
274 683 1
274 1015 1
274 1285 1
274 1585 1
275 282 1
275 284 1
275 321 1
275 394 1
275 425 1
275 445 1
275 1140 1
275 1329 1
275 1663 1
276 1123 1
276 1326 1
277 362 1
277 438 1
277 641 1
277 790 1
277 1137 1
278 371 1
278 453 1
279 380 1
279 457 1
279 1023 1
280 460 1
280 593 1
280 634 1
280 826 1
280 1327 1
280 1396 1
281 282 1
281 632 1
281 842 1
281 1143 1
281 1176 1
281 1182 1
281 1430 1
282 950 1
282 1530 1
282 1592 1
282 1773 1
283 467 1
283 1086 1
283 1195 1
283 1387 1
284 303 1
284 376 1
284 655 1
284 1003 1
285 640 1
285 655 1
285 712 1
285 798 1
285 894 1
285 914 1
286 656 1
286 1167 1
286 1236 1
287 606 1
287 1050 1
287 1200 1
288 304 1
288 400 1
288 508 1
288 544 1
288 646 1
288 690 1
288 707 1
288 1512 1
289 416 1
289 544 1
289 857 1
289 1598 1
290 699 1
290 1083 1
290 1114 1
290 1389 1
290 1395 1
291 354 1
291 503 1
291 566 1
291 791 1
291 955 1
291 1101 1
291 1163 1
291 1198 1
291 1545 1
292 294 1
292 314 1
292 793 1
292 864 1
293 552 1
293 604 1
293 698 1
293 1331 1
293 1370 1
294 313 1
294 324 1
294 507 1
294 514 1
294 613 1
294 778 1
294 970 1
294 999 1
294 1089 1
294 1149 1
294 1441 1
294 1729 1
295 296 1
295 326 1
295 594 1
295 620 1
295 638 1
295 1017 1
295 1183 1
295 1508 1
295 1557 1
295 1664 1
296 425 1
296 427 1
296 439 1
296 445 1
296 506 1
296 759 1
296 906 1
296 1294 1
296 1387 1
296 1776 1
297 318 1
297 410 1
297 488 1
297 537 1
297 562 1
297 776 1
297 1123 1
297 1198 1
297 1532 1
297 1668 1
298 313 1
298 334 1
298 520 1
298 535 1
298 692 1
298 806 1
298 840 1
298 1087 1
298 1105 1
298 1673 1
298 1728 1
299 496 1
299 1378 1
299 1586 1
300 395 1
300 449 1
300 452 1
300 667 1
300 675 1
300 732 1
300 836 1
300 995 1
300 1115 1
300 1227 1
300 1347 1
301 390 1
301 443 1
301 503 1
301 510 1
301 541 1
301 621 1
301 874 1
301 964 1
301 972 1
301 1098 1
301 1149 1
301 1253 1
301 1255 1
301 1269 1
301 1315 1
301 1368 1
302 573 1
302 1231 1
302 1345 1
303 317 1
303 546 1
303 685 1
303 742 1
304 344 1
304 479 1
304 599 1
304 1487 1
305 364 1
305 388 1
305 623 1
305 726 1
305 978 1
305 1077 1
305 1080 1
305 1274 1
305 1415 1
305 1568 1
306 481 1
306 503 1
306 777 1
306 973 1
306 1298 1
306 1737 1
306 1780 1
307 333 1
307 352 1
307 402 1
307 996 1
307 1034 1
307 1165 1
307 1466 1
308 399 1
308 409 1
308 634 1
308 836 1
308 1216 1
308 1507 1
309 886 1
309 1227 1
310 446 1
310 680 1
310 880 1
310 968 1
310 1215 1
310 1223 1
310 1305 1
311 422 1
311 438 1
311 567 1
311 1397 1
311 1561 1
312 889 1
312 893 1
312 1057 1
312 1361 1
313 352 1
313 1219 1
313 1432 1
314 315 1
314 412 1
314 418 1
314 567 1
314 597 1
314 643 1
314 920 1
314 1338 1
315 1626 1
316 506 1
316 676 1
316 729 1
316 846 1
316 877 1
316 901 1
316 1103 1
316 1158 1
316 1162 1
317 1721 1
318 739 1
318 876 1
318 1196 1
318 1274 1
318 1443 1
318 1475 1
318 1641 1
319 372 1
319 581 1
319 583 1
319 618 1
319 873 1
319 1304 1
319 1390 1
319 1478 1
319 1705 1
320 415 1
320 588 1
320 839 1
320 1095 1
320 1104 1
320 1221 1
320 1311 1
320 1772 1
321 784 1
321 796 1
321 811 1
321 948 1
321 1102 1
321 1244 1
321 1701 1
322 498 1
322 855 1
322 1128 1
322 1509 1
322 1790 1
323 456 1
323 461 1
323 823 1
323 936 1
323 945 1
323 1325 1
323 1420 1
323 1543 1
323 1575 1
323 1787 1
324 513 1
324 562 1
324 840 1
324 962 1
325 904 1
325 1554 1
326 600 1
326 1005 1
326 1128 1
326 1315 1
326 1336 1
327 364 1
327 641 1
327 1248 1
327 1644 1
327 1757 1
328 835 1
328 1009 1
328 1017 1
328 1268 1
328 1298 1
329 499 1
329 844 1
329 892 1
329 1091 1
329 1199 1
329 1220 1
329 1289 1
329 1291 1
329 1382 1
329 1455 1
329 1594 1
329 1736 1
330 596 1
330 745 1
330 862 1
330 943 1
331 933 1
331 1186 1
331 1233 1
332 350 1
332 383 1
332 610 1
332 941 1
332 1772 1
333 450 1
333 568 1
333 866 1
333 923 1
333 1135 1
333 1157 1
333 1189 1
333 1293 1
333 1752 1
333 1791 1
334 371 1
334 1417 1
335 434 1
335 493 1
335 532 1
336 358 1
336 363 1
336 433 1
336 476 1
336 483 1
336 749 1
336 1206 1
336 1360 1
336 1377 1
336 1739 1
337 553 1
338 1379 1
339 343 1
339 1136 1
339 1516 1
340 537 1
340 808 1
340 968 1
340 1579 1
341 575 1
341 739 1
341 747 1
341 768 1
341 950 1
341 1652 1
341 1709 1
342 417 1
342 968 1
342 1040 1
342 1363 1
342 1798 1
343 445 1
343 827 1
343 936 1
343 1128 1
343 1410 1
343 1511 1
343 1796 1
344 860 1
344 1039 1
344 1538 1
344 1741 1
345 367 1
345 385 1
345 628 1
345 701 1
345 764 1
345 899 1
345 943 1
345 952 1
345 1158 1
346 585 1
346 991 1
346 1080 1
346 1156 1
346 1685 1
347 609 1
347 994 1
347 1000 1
347 1150 1
347 1263 1
347 1458 1
348 359 1
348 454 1
348 469 1
348 471 1
348 474 1
348 625 1
348 684 1
348 781 1
348 856 1
348 939 1
348 975 1
348 1305 1
348 1352 1
349 812 1
349 1591 1
350 861 1
350 1038 1
350 1236 1
351 620 1
351 628 1
351 646 1
351 1288 1
351 1429 1
352 436 1
352 572 1
352 781 1
352 835 1
352 854 1
352 1210 1
352 1422 1
352 1789 1
353 798 1
353 815 1
353 1425 1
353 1493 1
353 1568 1
353 1790 1
354 565 1
354 623 1
354 1109 1
354 1627 1
355 473 1
355 1405 1
355 1479 1
355 1682 1
356 750 1
356 882 1
356 1230 1
356 1709 1
359 582 1
359 583 1
359 593 1
359 872 1
359 1151 1
359 1159 1
359 1448 1
359 1472 1
359 1584 1
359 1759 1
361 447 1
361 544 1
361 660 1
361 1094 1
362 431 1
362 513 1
362 566 1
362 686 1
362 767 1
362 1097 1
362 1138 1
362 1167 1
362 1397 1
362 1424 1
362 1471 1
362 1543 1
362 1628 1
363 387 1
363 521 1
363 900 1
364 648 1
364 752 1
364 1190 1
364 1243 1
364 1427 1
365 875 1
365 956 1
366 802 1
366 1279 1
367 382 1
367 484 1
367 860 1
367 906 1
367 1175 1
367 1482 1
367 1714 1
368 411 1
368 463 1
368 838 1
368 1386 1
368 1518 1
368 1616 1
369 483 1
369 534 1
369 588 1
369 975 1
369 1065 1
369 1217 1
369 1218 1
369 1519 1
369 1785 1
370 419 1
370 456 1
370 769 1
370 831 1
370 841 1
370 953 1
370 1285 1
370 1475 1
370 1714 1
371 469 1
371 485 1
371 532 1
371 1203 1
371 1250 1
371 1362 1
371 1442 1
372 705 1
372 724 1
372 907 1
372 927 1
372 1376 1
373 430 1
373 678 1
373 962 1
373 1023 1
373 1491 1
373 1731 1
374 443 1
374 739 1
374 1030 1
374 1302 1
374 1413 1
374 1423 1
375 698 1
375 763 1
375 1446 1
375 1697 1
376 424 1
376 509 1
376 564 1
376 694 1
377 436 1
377 479 1
377 590 1
377 1031 1
377 1197 1
377 1205 1
377 1546 1
377 1555 1
377 1558 1
377 1577 1
377 1800 1
379 405 1
380 407 1
380 428 1
380 442 1
380 587 1
380 650 1
380 726 1
380 743 1
380 1217 1
381 515 1
381 1173 1
381 1278 1
381 1433 1
382 394 1
382 538 1
382 1228 1
383 603 1
383 705 1
383 740 1
383 760 1
383 868 1
383 1390 1
383 1476 1
384 711 1
384 1198 1
384 1358 1
384 1516 1
384 1636 1
384 1723 1
385 558 1
385 653 1
385 941 1
385 1147 1
385 1475 1
385 1509 1
385 1702 1
386 454 1
386 467 1
386 491 1
386 508 1
386 514 1
386 622 1
386 641 1
386 809 1
387 916 1
388 1209 1
389 1121 1
389 1165 1
390 775 1
390 1144 1
391 542 1
391 607 1
391 614 1
391 666 1
391 741 1
391 813 1
391 1091 1
391 1253 1
391 1348 1
392 581 1
392 1083 1
392 1119 1
392 1434 1
392 1646 1
393 927 1
393 1204 1
393 1252 1
393 1255 1
393 1309 1
393 1578 1
395 498 1
395 527 1
395 576 1
395 881 1
395 1385 1
395 1497 1
395 1529 1
395 1573 1
396 422 1
396 561 1
396 707 1
396 903 1
396 1120 1
396 1316 1
396 1444 1
396 1792 1
397 537 1
397 651 1
397 974 1
397 1532 1
397 1653 1
398 422 1
398 674 1
398 1488 1
399 434 1
399 435 1
399 556 1
399 560 1
399 904 1
399 940 1
399 976 1
399 1244 1
399 1247 1
400 1132 1
400 1643 1
401 659 1
401 1497 1
401 1605 1
403 646 1
403 752 1
404 892 1
405 1162 1
405 1209 1
405 1595 1
406 426 1
406 492 1
406 548 1
406 566 1
406 920 1
406 1001 1
406 1281 1
406 1328 1
406 1445 1
406 1491 1
407 669 1
407 1774 1
408 654 1
408 784 1
408 1047 1
409 446 1
409 502 1
409 1134 1
409 1716 1
410 496 1
410 1451 1
410 1693 1
411 457 1
411 717 1
412 701 1
412 890 1
412 1032 1
412 1347 1
413 1509 1
414 441 1
414 852 1
414 897 1
414 1463 1
416 451 1
416 472 1
416 569 1
416 825 1
416 998 1
416 1308 1
416 1461 1
417 630 1
417 716 1
417 1568 1
417 1583 1
417 1679 1
418 448 1
418 627 1
418 753 1
418 767 1
418 916 1
418 1473 1
418 1770 1
419 736 1
420 530 1
420 843 1
420 1357 1
420 1442 1
421 492 1
421 512 1
421 1057 1
421 1681 1
422 869 1
422 910 1
422 986 1
422 1088 1
422 1262 1
423 658 1
423 786 1
423 849 1
423 969 1
424 589 1
424 593 1
424 605 1
424 744 1
424 783 1
424 1070 1
425 1073 1
425 1110 1
426 1014 1
426 1753 1
427 659 1
428 704 1
428 801 1
428 1155 1
428 1190 1
429 981 1
429 1486 1
430 440 1
430 524 1
430 531 1
430 612 1
430 620 1
430 635 1
430 715 1
430 720 1
430 752 1
430 803 1
430 992 1
430 1289 1
431 1716 1
432 484 1
432 494 1
432 575 1
433 1321 1
434 481 1
434 530 1
434 677 1
434 686 1
434 796 1
434 953 1
434 1017 1
434 1413 1
434 1489 1
434 1503 1
435 613 1
435 654 1
435 1229 1
435 1738 1
436 494 1
436 582 1
436 605 1
436 694 1
436 1058 1
436 1169 1
436 1406 1
436 1422 1
436 1619 1
436 1670 1
436 1699 1
436 1700 1
437 519 1
437 609 1
437 642 1
437 649 1
437 770 1
437 826 1
437 950 1
437 974 1
437 1033 1
437 1247 1
437 1368 1
437 1533 1
437 1595 1
438 536 1
438 590 1
438 1086 1
439 663 1
439 878 1
439 944 1
439 1032 1
439 1121 1
439 1163 1
439 1785 1
440 1083 1
441 448 1
441 499 1
441 657 1
441 751 1
441 1565 1
441 1593 1
442 569 1
442 639 1
442 723 1
442 859 1
442 1736 1
443 639 1
443 745 1
443 1144 1
444 881 1
444 1718 1
445 460 1
445 493 1
445 613 1
445 619 1
445 824 1
445 907 1
445 983 1
445 1400 1
445 1667 1
445 1750 1
446 632 1
446 643 1
446 727 1
446 1172 1
446 1333 1
446 1789 1
448 722 1
448 1218 1
448 1778 1
448 1798 1
449 461 1
449 728 1
449 734 1
449 848 1
449 886 1
449 1051 1
449 1080 1
449 1777 1
450 649 1
450 669 1
450 791 1
450 1229 1
450 1791 1
451 920 1
451 1493 1
452 1013 1
452 1126 1
452 1349 1
452 1676 1
453 787 1
453 988 1
453 1173 1
453 1726 1
454 921 1
454 1376 1
455 502 1
455 516 1
455 538 1
455 564 1
455 1041 1
455 1750 1
456 664 1
456 679 1
456 799 1
456 819 1
456 886 1
456 959 1
456 1156 1
456 1303 1
456 1618 1
456 1679 1
456 1772 1
458 833 1
459 671 1
459 1170 1
459 1295 1
459 1610 1
459 1745 1
460 594 1
460 830 1
460 893 1
460 945 1
460 1077 1
460 1163 1
461 531 1
461 991 1
461 1587 1
462 1506 1
463 539 1
463 622 1
463 848 1
463 865 1
463 1130 1
463 1208 1
463 1608 1
463 1618 1
464 663 1
464 667 1
464 878 1
464 981 1
464 1248 1
464 1467 1
465 1043 1
465 1065 1
465 1071 1
466 717 1
467 488 1
467 549 1
467 788 1
467 1029 1
467 1161 1
467 1244 1
467 1613 1
468 552 1
468 737 1
468 1063 1
468 1536 1
469 1122 1
469 1183 1
469 1261 1
469 1419 1
469 1569 1
470 1775 1
471 1073 1
471 1303 1
471 1310 1
472 561 1
472 758 1
472 766 1
472 997 1
472 1343 1
472 1441 1
473 1234 1
474 534 1
474 951 1
475 528 1
476 736 1
476 1211 1
476 1280 1
476 1324 1
477 490 1
477 509 1
477 542 1
477 861 1
478 532 1
478 539 1
478 690 1
478 1704 1
479 1637 1
480 753 1
480 790 1
481 701 1
481 723 1
481 1656 1
482 904 1
484 490 1
484 525 1
484 571 1
484 633 1
484 703 1
484 1416 1
485 646 1
485 1010 1
485 1106 1
485 1317 1
485 1391 1
485 1398 1
486 1763 1
487 573 1
487 612 1
487 630 1
487 880 1
487 1042 1
487 1152 1
487 1302 1
487 1401 1
487 1737 1
488 555 1
488 636 1
488 754 1
488 1056 1
488 1147 1
488 1216 1
488 1579 1
489 1246 1
489 1320 1
489 1395 1
489 1637 1
490 754 1
491 521 1
491 523 1
491 871 1
491 921 1
491 1049 1
491 1221 1
491 1600 1
491 1609 1
491 1640 1
492 501 1
492 757 1
492 787 1
492 928 1
492 1028 1
492 1256 1
494 579 1
494 847 1
496 712 1
496 753 1
496 930 1
496 935 1
496 957 1
496 1142 1
496 1232 1
497 531 1
497 664 1
497 806 1
497 1046 1
497 1580 1
497 1781 1
498 667 1
499 1340 1
499 1637 1
500 706 1
500 733 1
500 1235 1
500 1785 1
501 574 1
502 615 1
502 619 1
503 698 1
503 1064 1
503 1154 1
503 1269 1
504 542 1
504 580 1
504 714 1
504 885 1
504 1003 1
504 1022 1
504 1108 1
504 1192 1
504 1683 1
505 1213 1
505 1285 1
505 1289 1
505 1500 1
506 622 1
506 688 1
506 1460 1
506 1543 1
506 1626 1
506 1701 1
506 1796 1
507 1599 1
508 1243 1
508 1756 1
509 541 1
509 796 1
509 1438 1
510 1040 1
511 705 1
511 749 1
511 779 1
511 1075 1
511 1312 1
511 1383 1
511 1399 1
511 1403 1
511 1522 1
511 1537 1
512 841 1
512 888 1
512 1001 1
513 534 1
513 665 1
513 929 1
513 1498 1
513 1639 1
514 888 1
514 1763 1
515 668 1
515 1596 1
516 533 1
516 805 1
517 885 1
517 1116 1
518 522 1
518 747 1
518 814 1
518 972 1
518 1129 1
518 1612 1
519 722 1
519 827 1
519 1059 1
519 1336 1
519 1371 1
519 1437 1
520 836 1
520 890 1
520 1151 1
520 1181 1
520 1579 1
521 552 1
521 788 1
521 932 1
521 1152 1
521 1639 1
521 1758 1
522 652 1
522 1314 1
523 765 1
523 871 1
523 1148 1
523 1207 1
523 1559 1
523 1589 1
523 1645 1
524 611 1
524 1078 1
524 1270 1
524 1510 1
524 1610 1
525 540 1
525 1056 1
525 1106 1
526 562 1
526 600 1
527 677 1
527 851 1
527 883 1
528 965 1
529 1661 1
530 642 1
530 696 1
530 1226 1
531 545 1
531 1517 1
532 600 1
533 673 1
533 772 1
533 996 1
533 1122 1
533 1152 1
533 1164 1
533 1365 1
534 820 1
534 1614 1
535 709 1
535 776 1
535 1328 1
536 1101 1
537 969 1
537 1585 1
538 868 1
538 1398 1
538 1541 1
538 1672 1
539 610 1
539 856 1
539 974 1
540 1314 1
540 1336 1
541 1184 1
541 1729 1
542 816 1
542 1125 1
543 943 1
543 1026 1
543 1157 1
544 687 1
544 726 1
544 1611 1
545 556 1
545 614 1
545 1049 1
545 1515 1
545 1657 1
546 1495 1
547 838 1
547 1021 1
548 589 1
548 1202 1
549 1193 1
549 1232 1
549 1339 1
549 1667 1
550 863 1
550 1288 1
550 1695 1
551 1009 1
551 1067 1
552 616 1
552 984 1
552 1251 1
552 1640 1
553 621 1
553 672 1
553 884 1
553 1105 1
553 1515 1
553 1688 1
554 610 1
554 1649 1
554 1757 1
555 696 1
555 1107 1
556 563 1
556 599 1
556 619 1
556 626 1
556 1297 1
556 1465 1
556 1470 1
557 1060 1
557 1329 1
557 1401 1
558 1594 1
559 675 1
559 933 1
559 1247 1
559 1410 1
559 1554 1
560 606 1
560 638 1
560 1368 1
561 870 1
561 960 1
562 638 1
562 1106 1
562 1145 1
562 1377 1
562 1385 1
562 1775 1
563 956 1
563 1113 1
563 1486 1
564 672 1
564 823 1
564 1082 1
565 746 1
565 984 1
566 572 1
566 592 1
566 782 1
566 794 1
566 1055 1
566 1736 1
567 682 1
567 756 1
568 931 1
569 611 1
569 651 1
569 658 1
569 719 1
569 844 1
569 1007 1
569 1586 1
569 1607 1
569 1744 1
570 693 1
570 1146 1
571 1068 1
571 1188 1
571 1286 1
572 649 1
572 1294 1
573 637 1
573 1100 1
573 1421 1
574 602 1
574 965 1
574 1232 1
574 1549 1
575 596 1
575 669 1
575 1215 1
575 1715 1
575 1745 1
576 758 1
576 919 1
576 938 1
576 1619 1
577 624 1
577 1505 1
578 1049 1
578 1458 1
578 1578 1
579 953 1
579 975 1
579 1107 1
579 1452 1
579 1726 1
580 738 1
580 1526 1
581 967 1
581 1407 1
581 1751 1
583 683 1
583 824 1
583 1098 1
583 1423 1
584 640 1
584 678 1
584 803 1
584 819 1
584 1552 1
586 840 1
586 1598 1
587 1374 1
588 1235 1
588 1312 1
589 898 1
589 1011 1
589 1086 1
589 1185 1
589 1673 1
591 650 1
591 826 1
591 841 1
591 990 1
591 1179 1
591 1458 1
592 637 1
592 689 1
592 900 1
592 971 1
592 1115 1
592 1149 1
593 599 1
593 1061 1
593 1168 1
593 1482 1
593 1662 1
594 720 1
594 966 1
594 1505 1
594 1689 1
595 1575 1
596 818 1
596 984 1
597 629 1
597 682 1
597 1002 1
597 1346 1
597 1417 1
598 1034 1
598 1188 1
598 1219 1
599 803 1
599 1211 1
600 1340 1
600 1443 1
601 1118 1
601 1176 1
601 1233 1
601 1241 1
602 914 1
602 1293 1
603 823 1
603 955 1
603 1048 1
603 1245 1
604 1782 1
606 927 1
606 1037 1
606 1218 1
606 1649 1
606 1759 1
607 737 1
607 1004 1
607 1544 1
609 866 1
610 1046 1
611 627 1
611 939 1
611 998 1
611 1330 1
611 1337 1
611 1389 1
611 1571 1
611 1748 1
611 1759 1
614 1417 1
614 1692 1
614 1698 1
614 1707 1
615 1389 1
616 830 1
616 1682 1
617 634 1
617 1431 1
618 799 1
618 1477 1
619 929 1
619 1642 1
619 1666 1
621 1401 1
622 699 1
622 833 1
622 1046 1
622 1168 1
622 1391 1
622 1496 1
622 1514 1
623 1152 1
623 1776 1
624 1560 1
624 1754 1
625 1492 1
625 1689 1
626 859 1
626 1656 1
627 935 1
627 945 1
627 1284 1
627 1549 1
627 1606 1
628 1381 1
628 1711 1
628 1771 1
630 953 1
630 1187 1
630 1300 1
630 1552 1
630 1604 1
631 800 1
631 863 1
632 792 1
632 988 1
632 1144 1
632 1197 1
632 1712 1
633 708 1
633 877 1
633 916 1
633 1600 1
634 1369 1
635 765 1
635 915 1
635 959 1
635 1006 1
636 762 1
636 768 1
637 741 1
637 835 1
637 1136 1
637 1383 1
637 1408 1
638 750 1
638 979 1
638 1052 1
639 687 1
639 861 1
640 981 1
640 987 1
640 1404 1
641 960 1
641 1383 1
641 1415 1
642 772 1
642 797 1
643 750 1
643 832 1
643 858 1
643 934 1
643 948 1
643 964 1
643 1092 1
643 1750 1
644 1684 1
645 653 1
645 1062 1
645 1431 1
645 1631 1
646 1536 1
647 678 1
647 1521 1
648 1231 1
648 1456 1
648 1748 1
649 1089 1
650 932 1
650 1035 1
650 1583 1
651 1034 1
651 1096 1
652 985 1
652 1709 1
653 748 1
653 989 1
653 1528 1
653 1653 1
653 1795 1
654 775 1
654 1020 1
654 1142 1
654 1143 1
655 670 1
656 791 1
656 1367 1
656 1691 1
657 807 1
657 1098 1
657 1593 1
658 1073 1
658 1504 1
658 1681 1
659 1545 1
660 1115 1
660 1257 1
661 686 1
661 864 1
662 797 1
662 904 1
662 1223 1
663 668 1
663 862 1
663 1072 1
663 1183 1
663 1273 1
663 1402 1
663 1567 1
663 1659 1
663 1728 1
664 739 1
664 767 1
665 854 1
666 679 1
666 685 1
666 866 1
667 1628 1
668 1273 1
668 1362 1
668 1364 1
668 1399 1
668 1446 1
669 1477 1
670 800 1
670 1177 1
670 1587 1
670 1686 1
670 1747 1
672 789 1
672 905 1
672 1176 1
673 853 1
673 869 1
673 1068 1
673 1255 1
673 1609 1
676 1522 1
677 742 1
677 1027 1
680 879 1
680 1201 1
681 1064 1
681 1429 1
681 1454 1
682 741 1
682 776 1
682 827 1
682 1316 1
683 1067 1
684 725 1
684 1522 1
685 1339 1
686 715 1
686 969 1
686 1590 1
687 1392 1
687 1513 1
689 707 1
689 926 1
689 1512 1
690 800 1
690 1602 1
691 1429 1
691 1502 1
692 695 1
692 1499 1
693 958 1
693 1335 1
693 1361 1
693 1403 1
693 1669 1
694 847 1
694 1380 1
694 1439 1
694 1543 1
695 1042 1
697 917 1
697 1026 1
697 1028 1
697 1166 1
697 1784 1
698 718 1
698 795 1
698 1113 1
698 1257 1
698 1292 1
698 1435 1
698 1467 1
698 1699 1
699 738 1
699 853 1
699 929 1
699 978 1
699 1367 1
700 1095 1
700 1191 1
700 1234 1
700 1301 1
700 1342 1
700 1597 1
701 725 1
701 744 1
701 803 1
701 1467 1
701 1755 1
702 729 1
702 838 1
702 852 1
702 1181 1
703 1406 1
703 1647 1
703 1671 1
704 1392 1
705 794 1
705 831 1
705 1487 1
705 1587 1
705 1668 1
707 1770 1
708 888 1
708 1029 1
708 1039 1
708 1112 1
708 1124 1
708 1154 1
709 1261 1
709 1448 1
711 1217 1
711 1283 1
711 1356 1
711 1639 1
712 1384 1
713 1509 1
714 761 1
714 1175 1
715 780 1
715 822 1
715 967 1
715 1025 1
715 1084 1
716 719 1
717 761 1
717 1629 1
718 1250 1
718 1306 1
718 1646 1
719 793 1
719 1661 1
720 1037 1
720 1177 1
720 1287 1
720 1576 1
721 1259 1
721 1713 1
722 1721 1
723 830 1
723 1324 1
723 1388 1
723 1692 1
724 895 1
724 913 1
724 1574 1
724 1773 1
725 783 1
725 801 1
725 846 1
726 758 1
727 776 1
727 819 1
727 1017 1
727 1211 1
727 1308 1
727 1324 1
727 1645 1
727 1701 1
728 820 1
728 947 1
728 982 1
729 1423 1
729 1667 1
729 1695 1
730 843 1
730 961 1
730 1081 1
732 1527 1
733 939 1
733 1343 1
734 937 1
734 1541 1
736 999 1
736 1146 1
736 1556 1
736 1717 1
737 1521 1
737 1619 1
739 756 1
739 792 1
739 882 1
739 947 1
739 1414 1
740 1167 1
740 1396 1
740 1486 1
740 1578 1
740 1706 1
740 1796 1
741 817 1
741 980 1
741 983 1
741 1161 1
741 1275 1
741 1302 1
741 1445 1
742 790 1
742 1164 1
743 977 1
743 1768 1
744 1058 1
744 1231 1
744 1241 1
744 1442 1
745 805 1
746 872 1
747 1271 1
747 1358 1
747 1450 1
748 765 1
749 777 1
749 1463 1
750 1037 1
750 1481 1
751 928 1
751 1015 1
751 1779 1
752 1663 1
753 851 1
753 877 1
753 1019 1
753 1141 1
753 1474 1
753 1510 1
754 757 1
755 873 1
755 1290 1
755 1614 1
756 1603 1
757 1077 1
757 1150 1
757 1153 1
757 1276 1
757 1376 1
758 834 1
758 883 1
758 934 1
758 1337 1
759 937 1
759 1357 1
760 932 1
760 962 1
760 1212 1
760 1326 1
761 1778 1
762 1093 1
764 775 1
764 867 1
764 1147 1
764 1150 1
766 858 1
766 926 1
766 979 1
766 1021 1
766 1366 1
766 1572 1
767 1762 1
768 1560 1
769 1111 1
770 837 1
770 845 1
770 1653 1
771 952 1
772 894 1
772 954 1
772 1130 1
772 1459 1
772 1499 1
773 1368 1
773 1507 1
773 1516 1
774 988 1
774 1042 1
774 1239 1
775 901 1
775 1288 1
777 925 1
777 991 1
777 1074 1
777 1531 1
777 1691 1
777 1731 1
778 1124 1
778 1350 1
778 1792 1
779 1261 1
779 1291 1
779 1568 1
780 1175 1
781 911 1
781 1043 1
781 1163 1
781 1684 1
782 1065 1
782 1322 1
784 925 1
786 835 1
786 1194 1
786 1538 1
787 1079 1
787 1202 1
787 1255 1
788 1009 1
791 1267 1
792 1064 1
793 1300 1
794 849 1
794 855 1
796 973 1
796 1162 1
796 1213 1
796 1355 1
797 814 1
797 818 1
797 963 1
797 1031 1
797 1352 1
797 1481 1
798 804 1
798 1096 1
798 1256 1
798 1551 1
798 1563 1
798 1708 1
799 1121 1
800 1240 1
801 845 1
801 874 1
801 882 1
801 924 1
802 895 1
802 1015 1
803 1112 1
804 888 1
804 1312 1
806 830 1
806 1434 1
806 1705 1
807 944 1
807 1776 1
808 1374 1
810 1341 1
810 1483 1
810 1534 1
811 1045 1
811 1644 1
815 1044 1
815 1393 1
816 1277 1
817 1275 1
817 1396 1
817 1402 1
817 1765 1
818 1567 1
819 917 1
820 858 1
820 1513 1
821 959 1
821 1187 1
823 1364 1
823 1708 1
824 1093 1
825 945 1
825 987 1
826 887 1
826 1117 1
826 1283 1
827 1225 1
827 1267 1
827 1523 1
827 1538 1
828 963 1
828 1625 1
828 1696 1
829 1340 1
830 1457 1
830 1622 1
830 1717 1
831 931 1
831 966 1
831 1018 1
831 1175 1
831 1782 1
833 1272 1
835 1689 1
835 1738 1
837 1069 1
837 1317 1
837 1603 1
838 1263 1
840 1756 1
841 1021 1
841 1308 1
841 1616 1
841 1621 1
841 1688 1
841 1800 1
842 951 1
843 1026 1
844 1096 1
844 1477 1
844 1643 1
845 1315 1
846 856 1
846 1263 1
847 872 1
847 1510 1
847 1583 1
848 1153 1
849 1341 1
849 1539 1
850 933 1
850 1517 1
851 1502 1
852 1191 1
853 925 1
853 1336 1
853 1786 1
855 1331 1
855 1416 1
855 1571 1
855 1797 1
856 1099 1
856 1210 1
856 1265 1
859 1101 1
859 1318 1
859 1547 1
859 1747 1
860 958 1
860 1438 1
860 1530 1
861 1125 1
861 1576 1
861 1671 1
862 957 1
862 1249 1
862 1372 1
862 1471 1
862 1735 1
863 1241 1
864 1040 1
864 1165 1
864 1291 1
865 927 1
867 1548 1
868 1309 1
868 1393 1
868 1473 1
870 884 1
870 1327 1
870 1636 1
873 887 1
873 1009 1
874 965 1
874 1038 1
874 1264 1
875 1274 1
876 1093 1
876 1652 1
876 1757 1
879 1256 1
880 1094 1
883 922 1
883 928 1
883 1108 1
883 1627 1
884 1241 1
884 1624 1
885 1265 1
885 1354 1
885 1361 1
885 1411 1
885 1570 1
886 1742 1
887 1045 1
887 1678 1
888 896 1
888 1653 1
889 989 1
889 1321 1
889 1749 1
891 1440 1
891 1471 1
891 1786 1
893 1100 1
893 1540 1
893 1544 1
893 1769 1
894 996 1
894 1581 1
894 1760 1
895 993 1
895 1224 1
896 1121 1
896 1261 1
896 1725 1
898 1100 1
898 1209 1
898 1466 1
899 1139 1
899 1627 1
900 1499 1
903 1287 1
903 1366 1
903 1609 1
905 1450 1
908 967 1
908 1360 1
909 1452 1
910 1321 1
911 921 1
911 1521 1
911 1797 1
913 1170 1
913 1780 1
914 1070 1
914 1299 1
914 1436 1
914 1548 1
914 1696 1
915 1693 1
916 980 1
916 1473 1
916 1697 1
917 922 1
917 1652 1
919 986 1
919 1150 1
919 1733 1
920 1713 1
921 1354 1
922 1226 1
922 1612 1
924 1550 1
925 1114 1
926 1057 1
927 1113 1
927 1457 1
927 1764 1
928 977 1
928 1080 1
928 1311 1
929 960 1
930 1333 1
930 1740 1
930 1766 1
931 1016 1
931 1113 1
931 1749 1
932 1004 1
932 1624 1
933 1094 1
933 1375 1
933 1547 1
933 1581 1
933 1735 1
934 1083 1
935 1392 1
936 1052 1
936 1171 1
936 1212 1
936 1269 1
938 1404 1
938 1419 1
941 1102 1
941 1427 1
941 1517 1
941 1526 1
941 1703 1
942 1027 1
942 1031 1
942 1127 1
942 1249 1
942 1355 1
943 1053 1
943 1075 1
944 1731 1
945 1110 1
945 1141 1
947 1317 1
947 1454 1
949 1712 1
950 1194 1
952 1505 1
952 1611 1
953 1290 1
953 1681 1
954 976 1
954 1572 1
956 1256 1
956 1515 1
958 1005 1
960 1187 1
960 1300 1
961 1133 1
961 1610 1
962 975 1
964 1650 1
965 1594 1
967 1330 1
967 1558 1
967 1654 1
967 1690 1
968 1060 1
968 1146 1
968 1169 1
970 1214 1
970 1588 1
972 1640 1
973 1096 1
975 1000 1
975 1333 1
975 1340 1
976 1335 1
976 1384 1
978 1504 1
978 1540 1
979 1369 1
982 1697 1
983 1221 1
984 1581 1
986 1619 1
987 1426 1
988 1504 1
990 1142 1
990 1222 1
990 1747 1
991 1306 1
991 1557 1
992 1320 1
992 1465 1
994 1431 1
995 1035 1
995 1081 1
996 1364 1
998 1632 1
1003 1720 1
1003 1798 1
1005 1483 1
1005 1660 1
1006 1020 1
1006 1201 1
1008 1178 1
1008 1260 1
1008 1676 1
1009 1092 1
1010 1049 1
1012 1443 1
1012 1452 1
1014 1302 1
1015 1332 1
1015 1752 1
1017 1430 1
1020 1103 1
1020 1784 1
1021 1460 1
1021 1513 1
1023 1066 1
1023 1299 1
1024 1682 1
1026 1067 1
1027 1330 1
1027 1366 1
1027 1493 1
1028 1072 1
1028 1424 1
1029 1296 1
1029 1518 1
1030 1133 1
1031 1303 1
1031 1357 1
1031 1464 1
1033 1182 1
1033 1474 1
1033 1523 1
1034 1069 1
1034 1092 1
1035 1618 1
1035 1700 1
1036 1133 1
1037 1105 1
1037 1291 1
1038 1282 1
1038 1298 1
1038 1319 1
1039 1485 1
1041 1532 1
1041 1645 1
1041 1761 1
1042 1476 1
1042 1516 1
1042 1631 1
1042 1644 1
1042 1685 1
1042 1760 1
1043 1367 1
1044 1212 1
1044 1480 1
1046 1160 1
1046 1173 1
1046 1178 1
1046 1217 1
1046 1226 1
1046 1383 1
1046 1558 1
1046 1625 1
1047 1237 1
1048 1623 1
1048 1674 1
1049 1673 1
1050 1181 1
1050 1279 1
1050 1366 1
1051 1158 1
1051 1199 1
1052 1205 1
1054 1082 1
1056 1448 1
1058 1635 1
1059 1599 1
1059 1634 1
1059 1748 1
1060 1751 1
1061 1599 1
1062 1414 1
1063 1457 1
1063 1554 1
1064 1505 1
1066 1353 1
1066 1400 1
1067 1326 1
1067 1475 1
1068 1783 1
1070 1267 1
1071 1095 1
1071 1145 1
1071 1508 1
1075 1245 1
1077 1137 1
1077 1275 1
1077 1355 1
1077 1430 1
1077 1524 1
1077 1677 1
1078 1523 1
1079 1263 1
1079 1411 1
1080 1580 1
1084 1089 1
1085 1276 1
1086 1209 1
1086 1562 1
1086 1626 1
1086 1672 1
1087 1185 1
1089 1117 1
1089 1206 1
1094 1480 1
1100 1763 1
1101 1159 1
1101 1193 1
1101 1370 1
1101 1703 1
1102 1564 1
1103 1140 1
1103 1584 1
1104 1246 1
1104 1332 1
1105 1623 1
1106 1330 1
1108 1428 1
1108 1563 1
1108 1638 1
1109 1407 1
1109 1413 1
1109 1713 1
1109 1765 1
1110 1335 1
1110 1479 1
1111 1262 1
1111 1625 1
1112 1589 1
1112 1771 1
1113 1287 1
1113 1747 1
1114 1347 1
1114 1495 1
1114 1742 1
1115 1507 1
1116 1204 1
1117 1540 1
1119 1156 1
1121 1376 1
1121 1706 1
1121 1752 1
1122 1753 1
1122 1790 1
1125 1139 1
1125 1689 1
1125 1702 1
1126 1284 1
1126 1456 1
1130 1230 1
1131 1348 1
1131 1535 1
1136 1252 1
1138 1323 1
1139 1408 1
1140 1381 1
1141 1489 1
1141 1781 1
1142 1489 1
1142 1687 1
1143 1462 1
1144 1238 1
1144 1304 1
1145 1220 1
1146 1502 1
1149 1162 1
1152 1225 1
1153 1335 1
1153 1671 1
1154 1346 1
1154 1373 1
1154 1501 1
1154 1766 1
1154 1784 1
1156 1160 1
1156 1303 1
1156 1495 1
1156 1792 1
1158 1694 1
1161 1584 1
1161 1710 1
1162 1207 1
1162 1254 1
1162 1616 1
1162 1787 1
1164 1540 1
1169 1214 1
1169 1258 1
1169 1384 1
1169 1714 1
1171 1624 1
1171 1746 1
1172 1472 1
1174 1320 1
1174 1395 1
1174 1500 1
1174 1650 1
1175 1229 1
1176 1189 1
1179 1420 1
1179 1425 1
1179 1490 1
1180 1369 1
1183 1184 1
1183 1226 1
1184 1418 1
1185 1536 1
1186 1415 1
1187 1800 1
1188 1265 1
1189 1766 1
1190 1719 1
1191 1348 1
1192 1674 1
1192 1718 1
1193 1498 1
1193 1621 1
1195 1604 1
1196 1386 1
1196 1670 1
1197 1373 1
1199 1445 1
1200 1728 1
1201 1207 1
1201 1294 1
1201 1600 1
1201 1746 1
1203 1264 1
1205 1665 1
1206 1704 1
1206 1795 1
1209 1352 1
1209 1433 1
1212 1643 1
1213 1460 1
1214 1408 1
1216 1430 1
1219 1323 1
1221 1534 1
1221 1655 1
1222 1242 1
1222 1354 1
1223 1337 1
1224 1277 1
1224 1792 1
1228 1236 1
1233 1535 1
1234 1307 1
1235 1794 1
1236 1375 1
1237 1613 1
1237 1668 1
1238 1252 1
1238 1590 1
1238 1604 1
1239 1266 1
1239 1322 1
1239 1380 1
1240 1446 1
1240 1735 1
1241 1338 1
1242 1501 1
1243 1482 1
1244 1621 1
1245 1751 1
1246 1248 1
1246 1730 1
1247 1287 1
1247 1503 1
1249 1350 1
1251 1421 1
1251 1791 1
1252 1443 1
1254 1550 1
1255 1421 1
1257 1656 1
1258 1360 1
1259 1658 1
1261 1491 1
1261 1762 1
1265 1309 1
1265 1361 1
1265 1436 1
1265 1569 1
1266 1327 1
1268 1279 1
1268 1426 1
1268 1453 1
1269 1305 1
1269 1525 1
1269 1601 1
1269 1622 1
1269 1656 1
1271 1290 1
1273 1572 1
1273 1715 1
1273 1761 1
1274 1344 1
1275 1642 1
1277 1449 1
1279 1354 1
1279 1518 1
1279 1788 1
1281 1720 1
1282 1343 1
1282 1469 1
1282 1597 1
1282 1795 1
1285 1530 1
1286 1293 1
1286 1308 1
1286 1416 1
1286 1577 1
1289 1424 1
1289 1800 1
1290 1381 1
1293 1360 1
1298 1432 1
1301 1444 1
1301 1490 1
1302 1641 1
1304 1426 1
1305 1755 1
1306 1798 1
1310 1428 1
1310 1488 1
1318 1628 1
1319 1344 1
1319 1781 1
1321 1606 1
1321 1696 1
1327 1507 1
1328 1622 1
1329 1481 1
1329 1661 1
1329 1739 1
1330 1564 1
1331 1617 1
1332 1394 1
1334 1629 1
1336 1627 1
1337 1567 1
1338 1615 1
1338 1618 1
1338 1754 1
1339 1437 1
1340 1659 1
1340 1779 1
1342 1570 1
1343 1462 1
1344 1397 1
1344 1496 1
1346 1463 1
1350 1662 1
1350 1756 1
1351 1778 1
1353 1592 1
1353 1797 1
1357 1506 1
1358 1737 1
1359 1537 1
1360 1674 1
1365 1542 1
1367 1685 1
1369 1452 1
1380 1705 1
1381 1519 1
1381 1574 1
1384 1478 1
1384 1672 1
1388 1432 1
1388 1487 1
1388 1740 1
1391 1503 1
1393 1511 1
1393 1514 1
1394 1592 1
1398 1794 1
1400 1485 1
1403 1485 1
1403 1635 1
1403 1662 1
1404 1635 1
1405 1780 1
1406 1419 1
1406 1561 1
1406 1735 1
1407 1534 1
1410 1598 1
1413 1447 1
1413 1517 1
1416 1533 1
1419 1456 1
1421 1548 1
1421 1773 1
1422 1531 1
1422 1658 1
1422 1734 1
1424 1761 1
1425 1442 1
1427 1694 1
1428 1439 1
1428 1615 1
1430 1434 1
1433 1480 1
1433 1764 1
1434 1652 1
1435 1591 1
1441 1631 1
1443 1525 1
1443 1674 1
1448 1783 1
1449 1687 1
1450 1610 1
1451 1491 1
1452 1728 1
1453 1562 1
1460 1773 1
1461 1531 1
1462 1706 1
1463 1702 1
1466 1720 1
1466 1738 1
1468 1545 1
1471 1768 1
1472 1658 1
1473 1565 1
1473 1574 1
1482 1665 1
1484 1492 1
1487 1551 1
1493 1789 1
1496 1620 1
1497 1727 1
1498 1596 1
1500 1552 1
1503 1621 1
1503 1650 1
1504 1531 1
1505 1649 1
1506 1691 1
1508 1745 1
1509 1680 1
1511 1617 1
1511 1630 1
1514 1763 1
1519 1655 1
1523 1546 1
1528 1745 1
1529 1783 1
1530 1614 1
1530 1635 1
1532 1721 1
1533 1601 1
1537 1580 1
1538 1647 1
1541 1712 1
1545 1739 1
1547 1567 1
1552 1664 1
1552 1741 1
1557 1779 1
1557 1799 1
1560 1734 1
1564 1758 1
1565 1722 1
1571 1638 1
1573 1602 1
1573 1643 1
1575 1715 1
1583 1743 1
1587 1606 1
1589 1591 1
1589 1788 1
1589 1794 1
1594 1722 1
1599 1607 1
1599 1697 1
1607 1762 1
1611 1777 1
1617 1630 1
1619 1799 1
1620 1793 1
1624 1754 1
1645 1657 1
1651 1717 1
1655 1720 1
1657 1662 1
1657 1765 1
1680 1690 1
1689 1741 1
1700 1723 1
1702 1732 1
1702 1799 1
1706 1767 1
1712 1729 1
1716 1727 1
1716 1783 1
1729 1760 1
1729 1787 1
1737 1769 1
1778 1785 1
