1400 5584 
1 2 1
1 3 1
1 4 1
1 5 1
1 6 1
1 7 1
1 8 1
1 9 1
1 10 1
1 11 1
1 12 1
1 13 1
1 14 1
1 17 1
1 18 1
1 21 1
1 23 1
1 24 1
1 30 1
1 32 1
1 34 1
1 36 1
1 38 1
1 43 1
1 47 1
1 48 1
1 51 1
1 56 1
1 59 1
1 68 1
1 73 1
1 79 1
1 90 1
1 91 1
1 107 1
1 109 1
1 132 1
1 138 1
1 140 1
1 144 1
1 147 1
1 165 1
1 168 1
1 172 1
1 174 1
1 179 1
1 183 1
1 185 1
1 187 1
1 202 1
1 207 1
1 216 1
1 229 1
1 230 1
1 236 1
1 258 1
1 259 1
1 262 1
1 267 1
1 302 1
1 303 1
1 340 1
1 342 1
1 345 1
1 346 1
1 395 1
1 397 1
1 431 1
1 437 1
1 438 1
1 456 1
1 468 1
1 490 1
1 501 1
1 502 1
1 525 1
1 556 1
1 580 1
1 607 1
1 612 1
1 636 1
1 644 1
1 658 1
1 659 1
1 668 1
1 709 1
1 747 1
1 766 1
1 767 1
1 771 1
1 775 1
1 784 1
1 790 1
1 797 1
1 802 1
1 811 1
1 813 1
1 827 1
1 851 1
1 864 1
1 879 1
1 881 1
1 888 1
1 896 1
1 900 1
1 911 1
1 932 1
1 937 1
1 943 1
1 946 1
1 985 1
1 986 1
1 1014 1
1 1023 1
1 1029 1
1 1039 1
1 1056 1
1 1059 1
1 1108 1
1 1110 1
1 1169 1
1 1174 1
1 1185 1
1 1186 1
1 1188 1
1 1193 1
1 1194 1
1 1201 1
1 1204 1
1 1248 1
1 1249 1
1 1267 1
1 1303 1
1 1318 1
1 1321 1
1 1335 1
2 6 1
2 30 1
2 50 1
2 62 1
2 108 1
2 145 1
2 151 1
2 157 1
2 267 1
2 269 1
2 274 1
2 297 1
2 300 1
2 321 1
2 361 1
2 389 1
2 401 1
2 419 1
2 559 1
2 610 1
2 646 1
2 686 1
2 711 1
2 857 1
2 995 1
2 1021 1
2 1044 1
2 1160 1
2 1240 1
2 1253 1
2 1300 1
3 6 1
3 7 1
3 13 1
3 14 1
3 18 1
3 19 1
3 22 1
3 24 1
3 44 1
3 47 1
3 70 1
3 85 1
3 91 1
3 93 1
3 108 1
3 129 1
3 154 1
3 183 1
3 197 1
3 221 1
3 256 1
3 339 1
3 345 1
3 362 1
3 433 1
3 446 1
3 447 1
3 457 1
3 560 1
3 626 1
3 638 1
3 663 1
3 680 1
3 720 1
3 772 1
3 852 1
3 870 1
3 1071 1
3 1127 1
3 1339 1
4 6 1
4 7 1
4 8 1
4 9 1
4 11 1
4 17 1
4 20 1
4 21 1
4 25 1
4 27 1
4 34 1
4 37 1
4 38 1
4 46 1
4 47 1
4 56 1
4 68 1
4 77 1
4 78 1
4 80 1
4 84 1
4 97 1
4 102 1
4 103 1
4 121 1
4 134 1
4 135 1
4 150 1
4 153 1
4 155 1
4 157 1
4 158 1
4 180 1
4 210 1
4 216 1
4 232 1
4 270 1
4 273 1
4 275 1
4 297 1
4 300 1
4 306 1
4 309 1
4 322 1
4 331 1
4 336 1
4 340 1
4 345 1
4 354 1
4 363 1
4 381 1
4 386 1
4 387 1
4 389 1
4 391 1
4 392 1
4 400 1
4 405 1
4 415 1
4 422 1
4 479 1
4 512 1
4 576 1
4 604 1
4 633 1
4 635 1
4 655 1
4 667 1
4 679 1
4 713 1
4 736 1
4 769 1
4 824 1
4 868 1
4 869 1
4 891 1
4 920 1
4 922 1
4 944 1
4 956 1
4 962 1
4 988 1
4 990 1
4 1007 1
4 1008 1
4 1028 1
4 1035 1
4 1041 1
4 1051 1
4 1145 1
4 1169 1
4 1202 1
4 1237 1
4 1266 1
4 1269 1
4 1272 1
4 1377 1
5 8 1
5 15 1
5 17 1
5 34 1
5 38 1
5 81 1
5 98 1
5 102 1
5 183 1
5 212 1
5 256 1
5 290 1
5 313 1
5 332 1
5 341 1
5 367 1
5 369 1
5 373 1
5 421 1
5 462 1
5 495 1
5 510 1
5 512 1
5 520 1
5 566 1
5 674 1
5 763 1
5 821 1
5 880 1
5 889 1
5 947 1
5 948 1
5 953 1
5 988 1
5 1028 1
5 1085 1
5 1171 1
5 1183 1
5 1370 1
6 7 1
6 8 1
6 9 1
6 10 1
6 13 1
6 14 1
6 15 1
6 19 1
6 20 1
6 23 1
6 25 1
6 26 1
6 28 1
6 30 1
6 32 1
6 36 1
6 40 1
6 41 1
6 47 1
6 48 1
6 51 1
6 54 1
6 71 1
6 73 1
6 79 1
6 83 1
6 87 1
6 89 1
6 96 1
6 98 1
6 102 1
6 104 1
6 119 1
6 125 1
6 133 1
6 136 1
6 140 1
6 159 1
6 195 1
6 199 1
6 200 1
6 210 1
6 218 1
6 226 1
6 227 1
6 228 1
6 236 1
6 237 1
6 238 1
6 241 1
6 251 1
6 255 1
6 257 1
6 270 1
6 291 1
6 292 1
6 299 1
6 305 1
6 314 1
6 318 1
6 320 1
6 332 1
6 337 1
6 338 1
6 362 1
6 363 1
6 369 1
6 377 1
6 379 1
6 383 1
6 385 1
6 391 1
6 407 1
6 415 1
6 425 1
6 439 1
6 450 1
6 454 1
6 456 1
6 462 1
6 482 1
6 518 1
6 528 1
6 530 1
6 537 1
6 541 1
6 545 1
6 554 1
6 564 1
6 565 1
6 574 1
6 575 1
6 583 1
6 584 1
6 594 1
6 601 1
6 603 1
6 648 1
6 652 1
6 660 1
6 662 1
6 672 1
6 690 1
6 705 1
6 717 1
6 739 1
6 743 1
6 745 1
6 753 1
6 757 1
6 760 1
6 772 1
6 784 1
6 820 1
6 829 1
6 873 1
6 884 1
6 907 1
6 908 1
6 959 1
6 973 1
6 984 1
6 997 1
6 1007 1
6 1026 1
6 1051 1
6 1055 1
6 1057 1
6 1063 1
6 1072 1
6 1082 1
6 1083 1
6 1101 1
6 1104 1
6 1128 1
6 1132 1
6 1145 1
6 1156 1
6 1162 1
6 1173 1
6 1176 1
6 1178 1
6 1180 1
6 1191 1
6 1225 1
6 1242 1
6 1251 1
6 1256 1
6 1288 1
6 1389 1
7 9 1
7 10 1
7 11 1
7 12 1
7 14 1
7 16 1
7 20 1
7 22 1
7 23 1
7 26 1
7 31 1
7 32 1
7 36 1
7 39 1
7 40 1
7 42 1
7 49 1
7 58 1
7 59 1
7 64 1
7 74 1
7 77 1
7 83 1
7 85 1
7 88 1
7 90 1
7 99 1
7 100 1
7 106 1
7 115 1
7 117 1
7 121 1
7 122 1
7 125 1
7 128 1
7 132 1
7 144 1
7 149 1
7 153 1
7 158 1
7 159 1
7 163 1
7 170 1
7 180 1
7 190 1
7 192 1
7 194 1
7 195 1
7 201 1
7 205 1
7 209 1
7 213 1
7 232 1
7 233 1
7 243 1
7 253 1
7 268 1
7 287 1
7 295 1
7 316 1
7 324 1
7 354 1
7 361 1
7 396 1
7 413 1
7 424 1
7 437 1
7 449 1
7 454 1
7 458 1
7 463 1
7 477 1
7 479 1
7 483 1
7 517 1
7 519 1
7 522 1
7 526 1
7 539 1
7 540 1
7 544 1
7 552 1
7 563 1
7 572 1
7 577 1
7 599 1
7 600 1
7 612 1
7 623 1
7 624 1
7 633 1
7 641 1
7 648 1
7 653 1
7 695 1
7 699 1
7 703 1
7 716 1
7 748 1
7 752 1
7 780 1
7 788 1
7 804 1
7 849 1
7 850 1
7 855 1
7 857 1
7 886 1
7 909 1
7 922 1
7 924 1
7 961 1
7 971 1
7 996 1
7 1015 1
7 1060 1
7 1068 1
7 1093 1
7 1098 1
7 1126 1
7 1164 1
7 1172 1
7 1186 1
7 1191 1
7 1194 1
7 1197 1
7 1218 1
7 1293 1
7 1302 1
7 1324 1
7 1338 1
7 1347 1
7 1354 1
7 1392 1
8 13 1
8 16 1
8 19 1
8 28 1
8 29 1
8 40 1
8 43 1
8 57 1
8 66 1
8 68 1
8 76 1
8 95 1
8 97 1
8 124 1
8 132 1
8 140 1
8 148 1
8 179 1
8 215 1
8 217 1
8 261 1
8 274 1
8 289 1
8 302 1
8 329 1
8 395 1
8 400 1
8 401 1
8 402 1
8 408 1
8 415 1
8 448 1
8 502 1
8 515 1
8 519 1
8 532 1
8 536 1
8 552 1
8 585 1
8 595 1
8 628 1
8 682 1
8 700 1
8 736 1
8 754 1
8 778 1
8 779 1
8 787 1
8 856 1
8 893 1
8 944 1
8 956 1
8 1258 1
8 1260 1
8 1300 1
8 1376 1
9 10 1
9 11 1
9 12 1
9 17 1
9 18 1
9 19 1
9 21 1
9 25 1
9 27 1
9 28 1
9 30 1
9 31 1
9 37 1
9 38 1
9 41 1
9 55 1
9 57 1
9 72 1
9 74 1
9 88 1
9 92 1
9 94 1
9 96 1
9 105 1
9 127 1
9 130 1
9 135 1
9 141 1
9 159 1
9 168 1
9 178 1
9 185 1
9 186 1
9 214 1
9 225 1
9 244 1
9 245 1
9 249 1
9 342 1
9 343 1
9 406 1
9 417 1
9 464 1
9 469 1
9 492 1
9 521 1
9 555 1
9 596 1
9 634 1
9 644 1
9 694 1
9 791 1
9 809 1
9 810 1
9 833 1
9 896 1
9 937 1
9 999 1
9 1015 1
9 1032 1
9 1096 1
9 1199 1
9 1219 1
9 1319 1
9 1338 1
9 1341 1
9 1388 1
10 12 1
10 26 1
10 79 1
10 82 1
10 111 1
10 217 1
10 243 1
10 381 1
10 412 1
10 413 1
10 637 1
10 694 1
10 762 1
10 1004 1
10 1197 1
11 15 1
11 16 1
11 32 1
11 33 1
11 34 1
11 35 1
11 37 1
11 44 1
11 52 1
11 58 1
11 71 1
11 87 1
11 101 1
11 142 1
11 162 1
11 178 1
11 280 1
11 313 1
11 490 1
11 526 1
11 564 1
11 603 1
11 711 1
11 773 1
11 993 1
11 1058 1
11 1079 1
11 1239 1
11 1280 1
11 1325 1
11 1364 1
11 1392 1
12 24 1
12 26 1
12 35 1
12 42 1
12 45 1
12 53 1
12 54 1
12 58 1
12 85 1
12 176 1
12 204 1
12 258 1
12 280 1
12 303 1
12 310 1
12 321 1
12 357 1
12 388 1
12 406 1
12 407 1
12 412 1
12 421 1
12 448 1
12 464 1
12 551 1
12 712 1
12 840 1
12 862 1
12 887 1
12 1080 1
12 1137 1
12 1191 1
12 1236 1
12 1329 1
13 18 1
13 23 1
13 29 1
13 44 1
13 76 1
13 78 1
13 91 1
13 96 1
13 110 1
13 148 1
13 173 1
13 184 1
13 188 1
13 199 1
13 203 1
13 247 1
13 266 1
13 276 1
13 287 1
13 316 1
13 371 1
13 386 1
13 422 1
13 427 1
13 467 1
13 483 1
13 501 1
13 504 1
13 552 1
13 575 1
13 615 1
13 629 1
13 635 1
13 639 1
13 699 1
13 717 1
13 735 1
13 873 1
13 900 1
13 925 1
13 971 1
13 993 1
13 1056 1
13 1095 1
13 1165 1
13 1198 1
13 1332 1
13 1366 1
14 15 1
14 31 1
14 35 1
14 46 1
14 53 1
14 55 1
14 121 1
14 123 1
14 131 1
14 182 1
14 236 1
14 257 1
14 275 1
14 314 1
14 370 1
14 399 1
14 429 1
14 487 1
14 519 1
14 544 1
14 546 1
14 590 1
14 601 1
14 653 1
14 657 1
14 740 1
14 823 1
14 831 1
14 861 1
14 867 1
14 1003 1
14 1060 1
14 1152 1
14 1235 1
14 1264 1
15 16 1
15 21 1
15 39 1
15 53 1
15 57 1
15 59 1
15 71 1
15 86 1
15 88 1
15 94 1
15 104 1
15 107 1
15 128 1
15 131 1
15 137 1
15 141 1
15 145 1
15 164 1
15 168 1
15 192 1
15 213 1
15 221 1
15 281 1
15 299 1
15 307 1
15 309 1
15 327 1
15 333 1
15 339 1
15 360 1
15 412 1
15 502 1
15 524 1
15 535 1
15 568 1
15 573 1
15 594 1
15 606 1
15 632 1
15 646 1
15 679 1
15 763 1
15 774 1
15 799 1
15 814 1
15 874 1
15 892 1
15 902 1
15 915 1
15 949 1
15 1008 1
15 1057 1
15 1080 1
15 1085 1
15 1087 1
15 1108 1
15 1121 1
15 1141 1
15 1175 1
15 1208 1
15 1211 1
15 1224 1
15 1226 1
15 1344 1
15 1371 1
16 20 1
16 27 1
16 42 1
16 43 1
16 44 1
16 46 1
16 64 1
16 87 1
16 89 1
16 106 1
16 110 1
16 127 1
16 147 1
16 149 1
16 150 1
16 164 1
16 181 1
16 232 1
16 280 1
16 296 1
16 315 1
16 328 1
16 367 1
16 384 1
16 396 1
16 397 1
16 421 1
16 437 1
16 507 1
16 522 1
16 580 1
16 622 1
16 636 1
16 661 1
16 664 1
16 703 1
16 715 1
16 744 1
16 752 1
16 813 1
16 827 1
16 842 1
16 904 1
16 930 1
16 1002 1
16 1023 1
16 1059 1
16 1067 1
16 1098 1
16 1236 1
16 1238 1
16 1324 1
16 1325 1
16 1388 1
17 22 1
17 29 1
17 60 1
17 61 1
17 67 1
17 90 1
17 102 1
17 114 1
17 123 1
17 125 1
17 130 1
17 136 1
17 173 1
17 175 1
17 204 1
17 211 1
17 212 1
17 283 1
17 327 1
17 369 1
17 441 1
17 467 1
17 520 1
17 524 1
17 531 1
17 539 1
17 564 1
17 592 1
17 651 1
17 747 1
17 891 1
17 904 1
17 991 1
17 1135 1
17 1165 1
17 1186 1
17 1188 1
18 48 1
18 63 1
18 127 1
18 149 1
18 150 1
18 165 1
18 185 1
18 205 1
18 256 1
18 265 1
18 282 1
18 352 1
18 365 1
18 392 1
18 410 1
18 444 1
18 448 1
18 487 1
18 498 1
18 518 1
18 551 1
18 598 1
18 646 1
18 682 1
18 683 1
18 688 1
18 746 1
18 836 1
18 905 1
18 983 1
18 1030 1
18 1082 1
18 1186 1
18 1218 1
18 1365 1
19 39 1
19 66 1
19 103 1
19 131 1
19 133 1
19 170 1
19 171 1
19 220 1
19 221 1
19 228 1
19 242 1
19 248 1
19 281 1
19 324 1
19 352 1
19 472 1
19 535 1
19 606 1
19 628 1
19 710 1
19 717 1
19 777 1
19 797 1
19 938 1
19 997 1
19 1073 1
19 1392 1
20 22 1
20 27 1
20 28 1
20 50 1
20 65 1
20 67 1
20 89 1
20 125 1
20 141 1
20 169 1
20 211 1
20 216 1
20 329 1
20 353 1
20 396 1
20 426 1
20 486 1
20 488 1
20 573 1
20 597 1
20 617 1
20 705 1
20 708 1
20 764 1
20 979 1
20 1282 1
21 24 1
21 25 1
21 35 1
21 42 1
21 51 1
21 56 1
21 80 1
21 93 1
21 120 1
21 123 1
21 139 1
21 184 1
21 196 1
21 198 1
21 206 1
21 250 1
21 270 1
21 295 1
21 325 1
21 378 1
21 385 1
21 395 1
21 436 1
21 469 1
21 471 1
21 549 1
21 612 1
21 701 1
21 726 1
21 786 1
21 808 1
21 1009 1
21 1182 1
21 1184 1
21 1258 1
21 1273 1
21 1287 1
21 1304 1
21 1386 1
22 31 1
22 36 1
22 39 1
22 43 1
22 67 1
22 70 1
22 87 1
22 89 1
22 99 1
22 106 1
22 109 1
22 112 1
22 116 1
22 126 1
22 134 1
22 138 1
22 154 1
22 167 1
22 169 1
22 172 1
22 206 1
22 240 1
22 298 1
22 304 1
22 364 1
22 397 1
22 430 1
22 440 1
22 452 1
22 454 1
22 497 1
22 505 1
22 611 1
22 616 1
22 626 1
22 663 1
22 756 1
22 779 1
22 816 1
22 833 1
22 834 1
22 845 1
22 930 1
22 963 1
22 979 1
22 1051 1
22 1144 1
22 1192 1
22 1310 1
22 1316 1
22 1351 1
23 104 1
23 138 1
23 222 1
23 258 1
23 265 1
23 334 1
23 471 1
23 524 1
23 618 1
23 627 1
23 790 1
23 844 1
23 1084 1
23 1088 1
23 1356 1
24 29 1
24 52 1
24 70 1
24 93 1
24 97 1
24 116 1
24 152 1
24 296 1
24 350 1
24 394 1
24 398 1
24 422 1
24 427 1
24 508 1
24 513 1
24 568 1
24 578 1
24 587 1
24 702 1
24 726 1
24 749 1
24 852 1
24 879 1
24 913 1
24 918 1
24 962 1
24 1013 1
24 1087 1
24 1270 1
25 64 1
25 173 1
25 181 1
25 222 1
25 243 1
25 250 1
25 404 1
25 475 1
25 546 1
25 658 1
25 879 1
25 951 1
25 985 1
25 1065 1
25 1123 1
25 1251 1
26 517 1
26 739 1
27 45 1
27 95 1
27 118 1
27 122 1
27 128 1
27 152 1
27 158 1
27 161 1
27 171 1
27 276 1
27 313 1
27 344 1
27 458 1
27 549 1
27 605 1
27 628 1
27 647 1
27 673 1
27 733 1
27 758 1
27 760 1
27 888 1
27 921 1
27 966 1
27 992 1
27 1018 1
27 1025 1
27 1179 1
27 1287 1
28 33 1
28 78 1
28 103 1
28 116 1
28 119 1
28 152 1
28 222 1
28 240 1
28 410 1
28 417 1
28 473 1
28 498 1
28 500 1
28 542 1
28 650 1
28 671 1
28 826 1
28 891 1
28 928 1
28 960 1
28 1020 1
28 1147 1
29 33 1
29 51 1
29 93 1
29 94 1
29 101 1
29 130 1
29 273 1
29 291 1
29 547 1
29 682 1
29 755 1
29 811 1
29 1364 1
30 45 1
30 48 1
30 112 1
30 135 1
30 138 1
30 139 1
30 285 1
30 608 1
30 1055 1
31 37 1
31 46 1
31 75 1
31 77 1
31 95 1
31 96 1
31 153 1
31 182 1
31 193 1
31 205 1
31 240 1
31 515 1
31 631 1
31 797 1
31 801 1
31 1067 1
31 1068 1
31 1158 1
31 1161 1
31 1220 1
32 33 1
32 50 1
32 114 1
32 156 1
32 283 1
32 319 1
32 403 1
32 588 1
32 734 1
32 766 1
32 816 1
32 950 1
32 951 1
32 978 1
32 1001 1
32 1026 1
32 1201 1
32 1209 1
32 1253 1
32 1316 1
32 1324 1
32 1387 1
33 49 1
33 53 1
33 55 1
33 72 1
33 200 1
33 390 1
33 392 1
33 444 1
33 486 1
33 500 1
33 526 1
33 537 1
33 746 1
33 843 1
33 916 1
33 917 1
33 960 1
33 1215 1
33 1369 1
34 40 1
34 41 1
34 73 1
34 100 1
34 119 1
34 174 1
34 196 1
34 231 1
34 257 1
34 268 1
34 275 1
34 318 1
34 326 1
34 409 1
34 475 1
34 494 1
34 506 1
34 519 1
34 533 1
34 569 1
34 605 1
34 701 1
34 745 1
34 800 1
34 928 1
34 951 1
34 1149 1
34 1312 1
34 1336 1
34 1389 1
35 52 1
35 85 1
35 86 1
35 103 1
35 113 1
35 131 1
35 177 1
35 215 1
35 225 1
35 269 1
35 279 1
35 286 1
35 299 1
35 356 1
35 359 1
35 368 1
35 370 1
35 382 1
35 399 1
35 400 1
35 409 1
35 476 1
35 487 1
35 489 1
35 491 1
35 539 1
35 557 1
35 608 1
35 613 1
35 623 1
35 624 1
35 660 1
35 696 1
35 712 1
35 719 1
35 741 1
35 758 1
35 769 1
35 776 1
35 788 1
35 932 1
35 970 1
35 1100 1
35 1118 1
35 1124 1
35 1131 1
35 1137 1
35 1159 1
35 1171 1
35 1185 1
35 1189 1
35 1230 1
35 1259 1
35 1294 1
35 1321 1
35 1323 1
35 1333 1
35 1391 1
35 1400 1
36 49 1
36 54 1
36 60 1
36 61 1
36 65 1
36 88 1
36 108 1
36 116 1
36 147 1
36 155 1
36 169 1
36 277 1
36 351 1
36 423 1
36 438 1
36 520 1
36 589 1
36 623 1
36 631 1
36 656 1
36 697 1
36 726 1
36 734 1
36 738 1
36 762 1
36 853 1
36 946 1
36 950 1
36 1036 1
36 1049 1
36 1089 1
36 1098 1
36 1142 1
36 1189 1
36 1208 1
36 1215 1
36 1225 1
36 1257 1
36 1261 1
36 1311 1
36 1341 1
37 76 1
37 109 1
37 110 1
37 111 1
37 113 1
37 139 1
37 142 1
37 162 1
37 189 1
37 200 1
37 234 1
37 250 1
37 303 1
37 352 1
37 357 1
37 415 1
37 606 1
37 617 1
37 632 1
37 650 1
37 684 1
37 689 1
37 710 1
37 719 1
37 819 1
37 1050 1
37 1101 1
37 1119 1
37 1217 1
37 1242 1
38 197 1
38 283 1
38 326 1
38 340 1
38 398 1
38 460 1
38 561 1
38 582 1
38 622 1
38 663 1
38 666 1
38 738 1
38 837 1
38 995 1
38 1048 1
38 1128 1
38 1215 1
38 1268 1
38 1278 1
38 1337 1
39 72 1
39 74 1
39 84 1
39 86 1
39 120 1
39 143 1
39 181 1
39 288 1
39 290 1
39 343 1
39 385 1
39 595 1
39 600 1
39 702 1
39 703 1
39 770 1
39 912 1
39 990 1
39 1228 1
39 1390 1
40 41 1
40 45 1
40 56 1
40 80 1
40 142 1
40 234 1
40 245 1
40 330 1
40 470 1
40 594 1
40 698 1
40 893 1
40 980 1
41 77 1
41 105 1
41 126 1
41 144 1
41 160 1
41 166 1
41 191 1
41 267 1
41 298 1
41 321 1
41 349 1
41 402 1
41 451 1
41 490 1
41 516 1
41 576 1
41 643 1
41 655 1
41 760 1
41 801 1
41 848 1
41 912 1
41 954 1
41 1049 1
41 1103 1
41 1122 1
41 1196 1
42 58 1
42 62 1
42 64 1
42 66 1
42 134 1
42 249 1
42 264 1
42 335 1
42 363 1
42 403 1
42 438 1
42 444 1
42 509 1
42 514 1
42 559 1
42 645 1
42 654 1
42 693 1
42 706 1
42 755 1
42 793 1
42 807 1
42 810 1
42 822 1
42 830 1
42 838 1
42 910 1
42 1009 1
42 1017 1
42 1099 1
42 1101 1
42 1144 1
42 1147 1
42 1220 1
42 1252 1
42 1362 1
43 57 1
43 73 1
43 75 1
43 106 1
43 128 1
43 188 1
43 191 1
43 210 1
43 212 1
43 246 1
43 310 1
43 330 1
43 348 1
43 365 1
43 366 1
43 370 1
43 378 1
43 385 1
43 447 1
43 516 1
43 538 1
43 555 1
43 599 1
43 700 1
43 724 1
43 761 1
43 826 1
43 846 1
43 860 1
43 896 1
43 975 1
43 1005 1
43 1047 1
43 1088 1
43 1111 1
43 1332 1
44 63 1
44 68 1
44 69 1
44 164 1
44 209 1
44 271 1
44 280 1
44 295 1
44 296 1
44 297 1
44 341 1
44 365 1
44 450 1
44 511 1
44 513 1
44 514 1
44 592 1
44 619 1
44 674 1
44 683 1
44 691 1
44 706 1
44 737 1
44 739 1
44 749 1
44 775 1
44 823 1
44 833 1
44 857 1
44 897 1
44 902 1
44 924 1
44 935 1
44 1026 1
44 1070 1
44 1210 1
44 1239 1
44 1253 1
44 1263 1
44 1326 1
44 1335 1
45 52 1
45 61 1
45 65 1
45 143 1
45 149 1
45 268 1
45 379 1
45 418 1
45 741 1
45 754 1
45 859 1
45 1216 1
45 1309 1
46 118 1
46 156 1
46 234 1
46 360 1
46 402 1
46 424 1
46 550 1
46 576 1
46 588 1
46 725 1
46 817 1
46 1301 1
46 1363 1
47 49 1
47 50 1
47 81 1
47 84 1
47 140 1
47 201 1
47 203 1
47 216 1
47 244 1
47 260 1
47 305 1
47 311 1
47 383 1
47 425 1
47 468 1
47 471 1
47 484 1
47 570 1
47 579 1
47 608 1
47 652 1
47 791 1
47 804 1
47 850 1
47 863 1
47 919 1
47 1094 1
47 1119 1
47 1149 1
47 1196 1
47 1279 1
47 1355 1
48 55 1
48 61 1
48 65 1
48 186 1
48 194 1
48 226 1
48 356 1
48 413 1
48 536 1
48 545 1
48 713 1
48 859 1
48 861 1
48 938 1
48 969 1
48 1383 1
49 69 1
49 129 1
49 130 1
49 336 1
49 370 1
49 434 1
49 1136 1
49 1213 1
49 1274 1
50 54 1
50 63 1
50 97 1
50 118 1
50 120 1
50 129 1
50 151 1
50 366 1
50 381 1
50 518 1
50 630 1
50 641 1
50 675 1
50 711 1
50 865 1
50 906 1
50 943 1
50 959 1
50 1025 1
50 1193 1
50 1276 1
50 1279 1
51 60 1
51 63 1
51 107 1
51 127 1
51 137 1
51 172 1
51 193 1
51 208 1
51 230 1
51 239 1
51 411 1
51 475 1
51 665 1
51 673 1
51 687 1
51 836 1
51 870 1
51 906 1
51 1047 1
51 1123 1
51 1357 1
51 1360 1
52 115 1
52 230 1
52 477 1
52 1317 1
53 66 1
53 71 1
53 83 1
53 242 1
53 347 1
53 602 1
53 656 1
53 782 1
53 899 1
53 999 1
53 1307 1
54 76 1
54 146 1
54 191 1
54 200 1
54 210 1
54 263 1
54 308 1
54 320 1
54 541 1
54 645 1
54 651 1
54 720 1
54 726 1
54 761 1
54 792 1
54 819 1
54 1059 1
54 1194 1
54 1251 1
54 1266 1
55 67 1
55 105 1
55 145 1
55 223 1
55 244 1
55 251 1
55 314 1
55 512 1
55 516 1
55 700 1
55 859 1
55 917 1
55 1355 1
56 60 1
56 62 1
56 69 1
56 78 1
56 83 1
56 90 1
56 124 1
56 163 1
56 199 1
56 250 1
56 277 1
56 294 1
56 327 1
56 428 1
56 429 1
56 448 1
56 1037 1
56 1078 1
56 1206 1
56 1293 1
56 1325 1
56 1389 1
57 75 1
57 171 1
57 264 1
57 288 1
57 349 1
57 427 1
57 560 1
57 577 1
57 582 1
57 909 1
57 930 1
57 1073 1
57 1150 1
57 1156 1
58 59 1
58 81 1
58 236 1
58 263 1
58 266 1
58 338 1
58 446 1
58 721 1
58 856 1
58 1016 1
58 1184 1
58 1309 1
59 72 1
59 74 1
59 114 1
59 173 1
59 262 1
59 348 1
59 367 1
59 401 1
59 406 1
59 418 1
59 428 1
59 455 1
59 497 1
59 500 1
59 524 1
59 631 1
59 678 1
59 692 1
59 733 1
59 758 1
59 763 1
59 825 1
59 854 1
59 1063 1
59 1133 1
59 1143 1
59 1173 1
59 1258 1
59 1289 1
59 1311 1
59 1342 1
59 1388 1
60 137 1
60 154 1
60 160 1
60 163 1
60 265 1
60 269 1
60 281 1
60 293 1
60 313 1
60 315 1
60 445 1
60 472 1
60 484 1
60 501 1
60 534 1
60 542 1
60 562 1
60 574 1
60 641 1
60 674 1
60 690 1
60 808 1
60 836 1
60 851 1
60 872 1
60 992 1
60 1075 1
60 1139 1
60 1146 1
60 1267 1
61 62 1
61 82 1
61 117 1
61 192 1
61 226 1
61 271 1
61 298 1
61 308 1
61 337 1
61 344 1
61 372 1
61 374 1
61 377 1
61 765 1
61 901 1
61 916 1
61 954 1
61 959 1
61 993 1
61 1361 1
62 69 1
62 75 1
62 84 1
62 92 1
62 99 1
62 124 1
62 166 1
62 186 1
62 235 1
62 284 1
62 285 1
62 292 1
62 298 1
62 329 1
62 355 1
62 361 1
62 422 1
62 452 1
62 601 1
62 639 1
62 692 1
62 811 1
62 838 1
62 844 1
62 901 1
62 924 1
62 955 1
62 994 1
62 1015 1
62 1018 1
62 1029 1
62 1115 1
62 1119 1
62 1270 1
62 1291 1
62 1379 1
63 118 1
63 331 1
63 827 1
63 1092 1
63 1295 1
64 100 1
64 209 1
64 246 1
64 297 1
64 325 1
64 351 1
64 773 1
64 1061 1
64 1130 1
64 1285 1
64 1393 1
65 70 1
65 145 1
65 161 1
65 355 1
65 443 1
65 471 1
65 475 1
65 505 1
65 523 1
65 643 1
65 783 1
66 79 1
66 119 1
66 148 1
66 196 1
66 251 1
66 253 1
66 320 1
66 338 1
66 375 1
66 561 1
66 685 1
66 913 1
66 1365 1
66 1372 1
67 92 1
67 168 1
67 237 1
67 386 1
67 414 1
67 416 1
67 494 1
67 534 1
67 585 1
67 653 1
67 686 1
67 762 1
67 828 1
67 835 1
67 1064 1
67 1379 1
68 109 1
68 155 1
68 191 1
68 261 1
68 278 1
68 425 1
68 542 1
68 761 1
68 782 1
68 842 1
68 945 1
68 952 1
69 86 1
69 126 1
69 259 1
69 301 1
69 310 1
69 372 1
69 516 1
69 534 1
69 658 1
69 860 1
69 880 1
69 884 1
69 1224 1
70 98 1
70 101 1
70 166 1
70 219 1
70 366 1
70 371 1
70 387 1
70 432 1
70 439 1
70 657 1
70 914 1
70 952 1
70 1013 1
70 1035 1
70 1052 1
70 1129 1
70 1171 1
71 94 1
71 95 1
71 100 1
71 135 1
71 164 1
71 171 1
71 179 1
71 203 1
71 205 1
71 260 1
71 282 1
71 290 1
71 522 1
71 579 1
71 729 1
71 751 1
71 757 1
71 782 1
71 784 1
71 839 1
71 866 1
71 926 1
71 947 1
71 1010 1
71 1033 1
71 1075 1
71 1285 1
72 99 1
72 101 1
72 105 1
72 117 1
72 176 1
72 184 1
72 231 1
72 286 1
72 485 1
72 531 1
72 539 1
72 563 1
72 593 1
72 898 1
72 940 1
72 964 1
72 977 1
72 1023 1
72 1040 1
73 238 1
73 431 1
73 510 1
73 907 1
73 1106 1
74 82 1
74 213 1
74 254 1
74 259 1
74 393 1
74 477 1
74 609 1
74 817 1
74 946 1
74 1117 1
75 81 1
75 112 1
75 151 1
75 207 1
75 218 1
75 278 1
75 320 1
75 336 1
75 359 1
75 388 1
75 405 1
75 480 1
75 899 1
75 1032 1
76 120 1
76 206 1
76 273 1
76 317 1
76 334 1
76 376 1
76 413 1
76 586 1
76 605 1
76 670 1
76 960 1
76 1066 1
76 1183 1
76 1229 1
76 1281 1
76 1310 1
76 1330 1
77 124 1
77 325 1
77 344 1
77 349 1
77 686 1
77 899 1
77 995 1
77 1138 1
77 1216 1
77 1283 1
77 1305 1
78 80 1
78 82 1
78 132 1
78 146 1
78 148 1
78 154 1
78 180 1
78 185 1
78 214 1
78 217 1
78 229 1
78 232 1
78 255 1
78 301 1
78 306 1
78 327 1
78 353 1
78 435 1
78 481 1
78 617 1
78 691 1
78 778 1
78 866 1
78 998 1
78 1019 1
78 1054 1
78 1066 1
78 1264 1
78 1295 1
78 1334 1
79 113 1
79 129 1
79 158 1
79 174 1
79 244 1
79 268 1
79 381 1
79 404 1
79 420 1
79 428 1
79 459 1
79 504 1
79 572 1
79 622 1
79 691 1
79 777 1
79 834 1
79 1079 1
79 1199 1
79 1313 1
80 234 1
80 246 1
80 282 1
80 312 1
80 473 1
80 530 1
80 702 1
80 920 1
80 1157 1
80 1244 1
80 1273 1
80 1397 1
81 104 1
81 245 1
81 247 1
81 659 1
81 707 1
81 1140 1
81 1234 1
81 1382 1
82 222 1
82 238 1
82 254 1
82 261 1
82 498 1
82 545 1
82 737 1
82 786 1
82 1014 1
83 92 1
83 121 1
83 139 1
83 142 1
83 162 1
83 182 1
83 347 1
83 468 1
83 584 1
83 799 1
83 1006 1
84 98 1
84 122 1
84 178 1
84 224 1
84 590 1
84 706 1
84 776 1
84 826 1
84 923 1
84 1121 1
85 377 1
85 441 1
85 727 1
85 863 1
86 133 1
86 180 1
86 211 1
86 274 1
86 286 1
86 288 1
86 312 1
86 523 1
86 598 1
86 730 1
86 772 1
86 822 1
86 886 1
86 966 1
86 1045 1
86 1244 1
86 1256 1
86 1271 1
86 1339 1
86 1399 1
87 208 1
87 229 1
87 284 1
87 330 1
87 432 1
87 724 1
87 746 1
87 1150 1
88 91 1
88 115 1
88 146 1
88 181 1
88 192 1
88 238 1
88 239 1
88 243 1
88 260 1
88 281 1
88 282 1
88 308 1
88 347 1
88 455 1
88 476 1
88 564 1
88 574 1
88 638 1
88 675 1
88 849 1
88 1030 1
88 1221 1
88 1312 1
88 1362 1
88 1385 1
89 165 1
89 198 1
89 209 1
89 248 1
89 331 1
89 337 1
89 358 1
89 495 1
89 503 1
89 523 1
89 602 1
89 609 1
89 732 1
89 745 1
89 807 1
89 872 1
89 874 1
89 965 1
89 1129 1
89 1220 1
89 1276 1
89 1306 1
89 1335 1
90 115 1
90 187 1
90 772 1
90 907 1
90 996 1
90 1001 1
90 1274 1
91 107 1
91 267 1
91 331 1
91 356 1
91 403 1
91 404 1
91 465 1
91 662 1
91 682 1
91 936 1
91 1056 1
91 1075 1
91 1166 1
91 1265 1
91 1291 1
91 1359 1
92 175 1
92 347 1
92 474 1
92 945 1
92 1050 1
92 1331 1
93 190 1
93 201 1
93 622 1
93 651 1
93 936 1
93 961 1
94 123 1
94 143 1
94 193 1
94 214 1
94 215 1
94 276 1
94 324 1
94 412 1
94 550 1
94 614 1
94 760 1
94 778 1
94 794 1
94 971 1
94 1085 1
94 1097 1
94 1320 1
95 108 1
95 113 1
95 162 1
95 279 1
95 383 1
95 453 1
95 492 1
95 553 1
95 567 1
95 670 1
95 681 1
95 890 1
95 1019 1
95 1036 1
95 1129 1
95 1317 1
96 111 1
96 384 1
96 423 1
96 433 1
96 435 1
96 557 1
96 625 1
96 679 1
96 932 1
96 1069 1
96 1132 1
96 1181 1
96 1290 1
96 1384 1
97 141 1
97 291 1
97 618 1
97 1243 1
97 1333 1
98 159 1
98 182 1
98 189 1
98 214 1
98 328 1
98 359 1
98 424 1
98 477 1
98 510 1
98 672 1
98 1067 1
98 1368 1
99 420 1
99 1325 1
100 204 1
100 722 1
100 795 1
100 888 1
100 923 1
100 1164 1
100 1349 1
101 167 1
101 408 1
101 455 1
101 556 1
101 671 1
101 715 1
101 770 1
101 796 1
101 881 1
101 988 1
101 1012 1
101 1132 1
102 136 1
102 144 1
102 461 1
102 529 1
102 588 1
102 634 1
102 740 1
102 897 1
102 967 1
102 1218 1
103 112 1
103 117 1
103 151 1
103 156 1
103 165 1
103 190 1
103 223 1
103 233 1
103 278 1
103 377 1
103 444 1
103 521 1
103 740 1
103 914 1
103 944 1
103 1131 1
103 1208 1
103 1242 1
104 279 1
104 1358 1
105 187 1
105 233 1
105 433 1
105 589 1
105 666 1
105 750 1
105 1281 1
105 1292 1
106 193 1
106 483 1
106 600 1
106 620 1
106 999 1
106 1041 1
106 1042 1
107 110 1
107 134 1
107 198 1
107 208 1
107 505 1
107 510 1
107 517 1
107 527 1
107 565 1
107 578 1
107 695 1
107 1044 1
107 1345 1
108 133 1
108 136 1
108 219 1
108 442 1
108 517 1
108 567 1
108 752 1
108 962 1
108 1261 1
108 1273 1
109 111 1
109 247 1
109 322 1
109 364 1
109 492 1
109 618 1
109 848 1
109 858 1
109 898 1
109 982 1
110 126 1
110 143 1
110 160 1
110 161 1
110 166 1
110 167 1
110 204 1
110 292 1
110 451 1
110 590 1
110 654 1
110 669 1
110 677 1
110 696 1
110 846 1
110 883 1
110 1002 1
110 1136 1
111 114 1
111 227 1
111 954 1
111 1228 1
112 187 1
112 195 1
112 266 1
112 359 1
112 400 1
112 974 1
112 1034 1
112 1138 1
112 1144 1
112 1154 1
112 1294 1
112 1359 1
112 1377 1
113 195 1
113 199 1
113 226 1
113 255 1
113 289 1
113 312 1
113 319 1
113 336 1
113 353 1
113 365 1
113 367 1
113 392 1
113 425 1
113 428 1
113 442 1
113 522 1
113 636 1
113 652 1
113 709 1
113 966 1
113 979 1
113 1104 1
113 1188 1
113 1272 1
114 137 1
114 176 1
114 194 1
114 399 1
114 429 1
114 892 1
114 1141 1
115 484 1
115 1076 1
116 224 1
116 553 1
116 592 1
116 634 1
116 895 1
117 146 1
117 178 1
117 257 1
117 304 1
117 360 1
117 435 1
117 456 1
117 493 1
117 512 1
117 525 1
117 561 1
117 679 1
117 689 1
117 759 1
117 882 1
117 929 1
117 1061 1
117 1133 1
117 1195 1
117 1346 1
118 203 1
118 263 1
118 279 1
118 424 1
118 528 1
118 823 1
118 949 1
118 1139 1
118 1222 1
118 1245 1
118 1372 1
119 179 1
119 438 1
119 443 1
119 554 1
119 832 1
119 993 1
119 1027 1
119 1344 1
120 122 1
120 293 1
120 323 1
120 354 1
120 395 1
120 558 1
120 707 1
120 713 1
120 1037 1
120 1095 1
120 1192 1
120 1394 1
121 169 1
121 189 1
121 220 1
121 233 1
121 248 1
121 286 1
121 366 1
121 376 1
121 378 1
121 390 1
121 447 1
121 500 1
121 540 1
121 550 1
121 557 1
121 777 1
121 869 1
121 903 1
121 920 1
121 1112 1
121 1277 1
121 1304 1
121 1308 1
121 1327 1
121 1346 1
122 339 1
122 358 1
122 452 1
122 666 1
122 1117 1
123 460 1
123 560 1
123 712 1
123 1032 1
123 1154 1
124 202 1
124 504 1
124 573 1
124 591 1
124 632 1
124 677 1
124 732 1
124 1084 1
124 1360 1
124 1363 1
125 342 1
125 1017 1
125 1038 1
125 1233 1
126 152 1
126 170 1
126 183 1
126 186 1
126 197 1
126 355 1
126 630 1
126 787 1
126 897 1
126 1048 1
126 1290 1
127 478 1
127 533 1
127 637 1
127 866 1
127 1064 1
127 1148 1
127 1178 1
128 157 1
128 208 1
128 221 1
128 307 1
128 436 1
128 908 1
128 941 1
128 987 1
128 1144 1
129 147 1
129 156 1
129 172 1
129 174 1
129 272 1
129 440 1
129 502 1
129 734 1
129 885 1
129 953 1
129 983 1
129 1110 1
129 1135 1
129 1234 1
129 1244 1
129 1257 1
130 167 1
130 229 1
130 241 1
130 319 1
130 496 1
130 536 1
130 806 1
130 889 1
130 979 1
130 1290 1
131 322 1
131 693 1
131 937 1
131 1231 1
131 1255 1
132 153 1
132 189 1
132 531 1
132 701 1
133 188 1
133 269 1
133 350 1
133 355 1
133 472 1
133 481 1
133 768 1
133 807 1
133 862 1
133 1116 1
133 1224 1
134 175 1
134 262 1
134 466 1
134 972 1
134 1329 1
134 1367 1
135 1177 1
136 1113 1
137 150 1
137 157 1
137 258 1
137 549 1
137 582 1
137 1313 1
137 1331 1
138 388 1
138 596 1
138 621 1
138 958 1
138 1081 1
138 1305 1
139 212 1
139 304 1
139 338 1
139 358 1
139 373 1
139 384 1
139 1178 1
140 227 1
140 598 1
140 849 1
140 912 1
140 1159 1
141 299 1
141 419 1
141 553 1
141 832 1
141 882 1
141 1111 1
141 1378 1
142 246 1
142 459 1
142 525 1
142 710 1
142 809 1
142 840 1
142 873 1
142 967 1
142 1398 1
143 194 1
143 306 1
143 430 1
143 596 1
143 1106 1
143 1179 1
144 483 1
144 485 1
144 1332 1
145 177 1
145 218 1
145 220 1
145 323 1
145 511 1
145 550 1
145 828 1
145 848 1
145 977 1
145 1000 1
145 1034 1
145 1241 1
147 155 1
147 160 1
147 235 1
147 249 1
147 254 1
147 316 1
147 335 1
147 441 1
147 554 1
147 718 1
147 844 1
147 929 1
147 989 1
147 1003 1
148 197 1
148 398 1
148 508 1
149 184 1
149 190 1
149 196 1
149 242 1
149 254 1
149 346 1
149 374 1
149 420 1
149 434 1
149 440 1
149 454 1
149 466 1
149 672 1
149 681 1
149 688 1
149 709 1
149 740 1
149 771 1
149 780 1
149 901 1
149 926 1
149 1018 1
149 1263 1
149 1266 1
149 1267 1
149 1345 1
150 316 1
150 328 1
150 527 1
150 1368 1
151 163 1
151 237 1
151 252 1
151 349 1
151 447 1
151 485 1
151 593 1
151 661 1
151 721 1
151 902 1
151 1061 1
151 1099 1
151 1168 1
151 1210 1
151 1319 1
152 223 1
152 562 1
152 1232 1
153 417 1
153 569 1
153 825 1
153 852 1
153 1176 1
154 161 1
154 332 1
154 736 1
154 883 1
155 285 1
155 499 1
156 231 1
156 274 1
156 276 1
156 1125 1
156 1233 1
156 1284 1
157 437 1
157 1065 1
158 252 1
158 253 1
158 305 1
158 318 1
158 334 1
158 536 1
158 781 1
159 175 1
159 307 1
159 318 1
159 354 1
159 493 1
159 595 1
159 689 1
159 806 1
159 929 1
159 1052 1
160 248 1
160 253 1
160 308 1
160 496 1
160 523 1
160 529 1
160 571 1
160 658 1
160 674 1
160 813 1
160 817 1
160 899 1
160 1216 1
160 1293 1
160 1337 1
161 227 1
161 1232 1
162 176 1
162 177 1
162 220 1
162 223 1
162 346 1
162 375 1
162 416 1
162 446 1
162 716 1
162 780 1
162 806 1
163 239 1
163 290 1
163 315 1
163 382 1
163 514 1
163 565 1
163 615 1
163 667 1
163 759 1
163 1070 1
163 1086 1
163 1299 1
164 228 1
164 272 1
164 478 1
164 544 1
164 572 1
164 664 1
164 725 1
164 796 1
164 1048 1
164 1110 1
165 170 1
165 1278 1
166 188 1
166 218 1
166 225 1
166 245 1
166 310 1
166 380 1
166 390 1
166 441 1
166 513 1
166 531 1
166 571 1
166 919 1
166 1068 1
166 1090 1
166 1297 1
167 242 1
167 271 1
167 309 1
167 431 1
167 864 1
167 935 1
167 1178 1
168 211 1
168 213 1
168 295 1
168 309 1
168 314 1
168 342 1
168 360 1
168 374 1
168 430 1
168 433 1
168 473 1
168 552 1
168 715 1
168 720 1
168 744 1
168 747 1
168 867 1
168 898 1
168 1032 1
168 1099 1
168 1163 1
168 1207 1
168 1225 1
168 1268 1
168 1288 1
168 1315 1
168 1369 1
170 275 1
170 509 1
170 635 1
170 642 1
170 701 1
170 874 1
171 496 1
171 513 1
171 1058 1
172 302 1
172 325 1
172 339 1
172 449 1
172 467 1
172 558 1
172 594 1
172 1322 1
173 306 1
173 350 1
173 461 1
173 559 1
173 566 1
173 788 1
173 1009 1
173 1116 1
173 1159 1
174 177 1
174 241 1
174 304 1
174 364 1
174 479 1
174 498 1
174 595 1
174 1091 1
174 1116 1
174 1192 1
174 1331 1
175 265 1
175 323 1
175 793 1
175 1106 1
176 224 1
176 848 1
176 1001 1
176 1300 1
177 405 1
177 796 1
177 1247 1
178 294 1
178 411 1
178 414 1
178 456 1
178 467 1
178 575 1
178 629 1
178 653 1
178 668 1
178 876 1
178 896 1
178 1177 1
179 235 1
179 532 1
179 645 1
179 730 1
179 801 1
179 810 1
179 829 1
179 872 1
179 973 1
179 1377 1
180 300 1
180 597 1
180 660 1
180 691 1
180 737 1
180 958 1
180 982 1
180 1102 1
180 1151 1
180 1175 1
181 511 1
181 921 1
182 215 1
182 240 1
182 259 1
182 333 1
182 389 1
182 496 1
182 580 1
182 669 1
182 917 1
182 1086 1
183 207 1
183 273 1
183 345 1
183 406 1
183 634 1
183 644 1
183 913 1
183 974 1
183 1011 1
183 1015 1
183 1231 1
184 198 1
184 455 1
184 636 1
184 692 1
184 1046 1
184 1073 1
184 1170 1
184 1283 1
186 394 1
186 506 1
186 1182 1
187 307 1
187 353 1
187 488 1
187 617 1
187 843 1
187 855 1
187 871 1
188 480 1
189 202 1
189 440 1
189 1061 1
190 237 1
190 489 1
190 585 1
190 742 1
190 794 1
190 1161 1
191 207 1
191 284 1
191 335 1
191 676 1
191 722 1
191 847 1
191 874 1
192 201 1
192 270 1
192 376 1
192 391 1
192 470 1
192 478 1
192 499 1
192 545 1
192 641 1
192 805 1
192 876 1
192 898 1
192 986 1
192 1007 1
192 1352 1
193 202 1
193 287 1
193 317 1
193 409 1
193 856 1
193 969 1
193 1066 1
193 1366 1
194 303 1
194 464 1
194 474 1
194 538 1
194 823 1
194 867 1
194 965 1
194 1076 1
194 1187 1
194 1189 1
194 1207 1
194 1371 1
195 230 1
195 247 1
195 341 1
195 414 1
195 578 1
195 690 1
195 1115 1
196 206 1
196 528 1
196 631 1
196 743 1
196 820 1
196 864 1
196 977 1
196 980 1
196 1274 1
196 1384 1
197 225 1
197 277 1
197 285 1
197 369 1
197 432 1
197 583 1
197 587 1
197 626 1
197 655 1
197 704 1
197 756 1
197 814 1
197 854 1
197 1127 1
197 1168 1
197 1238 1
198 277 1
198 610 1
198 639 1
198 681 1
198 1041 1
198 1396 1
199 231 1
199 252 1
199 262 1
199 363 1
199 669 1
199 727 1
199 886 1
200 224 1
200 386 1
200 630 1
200 789 1
200 892 1
200 1137 1
201 219 1
201 357 1
201 394 1
201 635 1
201 771 1
201 818 1
201 905 1
201 966 1
201 1068 1
201 1143 1
201 1184 1
201 1383 1
201 1395 1
202 352 1
202 356 1
202 420 1
202 742 1
202 766 1
202 816 1
202 1078 1
202 1101 1
202 1232 1
202 1342 1
203 235 1
203 756 1
203 781 1
203 964 1
204 263 1
204 1039 1
204 1063 1
204 1107 1
206 368 1
206 1196 1
206 1321 1
207 219 1
207 419 1
207 435 1
207 497 1
207 659 1
207 943 1
208 372 1
208 650 1
208 785 1
208 1326 1
209 261 1
209 387 1
209 529 1
209 715 1
209 1272 1
210 328 1
210 620 1
210 1318 1
211 305 1
211 410 1
211 656 1
211 911 1
211 1103 1
211 1105 1
211 1120 1
211 1203 1
212 450 1
212 546 1
212 616 1
212 692 1
212 871 1
212 965 1
212 1346 1
212 1376 1
213 239 1
213 668 1
213 749 1
214 292 1
214 449 1
214 461 1
214 1397 1
215 217 1
215 260 1
215 264 1
215 373 1
215 408 1
215 443 1
215 482 1
215 544 1
215 700 1
215 812 1
215 865 1
215 881 1
215 1276 1
215 1398 1
216 335 1
216 505 1
216 533 1
216 577 1
216 676 1
216 795 1
216 919 1
216 938 1
216 1047 1
216 1197 1
217 332 1
217 348 1
217 390 1
217 818 1
217 927 1
217 1035 1
217 1200 1
218 427 1
218 434 1
218 569 1
218 604 1
218 694 1
218 975 1
218 1090 1
218 1237 1
218 1340 1
219 255 1
219 421 1
219 466 1
219 851 1
219 943 1
219 1081 1
219 1118 1
219 1203 1
219 1241 1
220 473 1
220 933 1
221 389 1
221 503 1
221 647 1
221 825 1
221 925 1
221 956 1
221 983 1
221 1330 1
221 1352 1
222 228 1
222 256 1
222 391 1
222 411 1
222 451 1
222 640 1
222 698 1
222 751 1
222 807 1
222 1109 1
222 1121 1
222 1142 1
222 1350 1
223 271 1
223 317 1
223 457 1
223 799 1
224 252 1
224 485 1
224 501 1
224 567 1
224 609 1
224 723 1
224 1277 1
225 430 1
225 464 1
225 655 1
225 812 1
225 858 1
225 1308 1
226 294 1
226 319 1
226 445 1
226 593 1
226 846 1
227 378 1
227 423 1
227 1058 1
227 1142 1
228 350 1
228 722 1
228 824 1
228 840 1
228 847 1
228 919 1
229 315 1
229 380 1
229 744 1
229 1026 1
229 1214 1
229 1312 1
230 537 1
230 1064 1
230 1212 1
231 382 1
231 607 1
231 902 1
232 249 1
232 293 1
232 525 1
232 718 1
232 737 1
232 855 1
232 932 1
233 289 1
233 324 1
233 371 1
233 538 1
233 541 1
233 769 1
234 462 1
234 530 1
234 621 1
234 1054 1
234 1124 1
235 241 1
236 300 1
238 563 1
238 1112 1
238 1278 1
239 361 1
239 379 1
239 418 1
239 553 1
239 839 1
239 1181 1
239 1379 1
240 364 1
240 1020 1
240 1184 1
240 1292 1
241 266 1
241 596 1
242 272 1
242 317 1
242 371 1
242 562 1
242 909 1
243 388 1
243 486 1
243 1296 1
244 368 1
244 665 1
244 887 1
245 383 1
245 699 1
245 739 1
245 748 1
245 968 1
245 1024 1
245 1045 1
245 1292 1
246 251 1
246 605 1
246 744 1
246 1337 1
247 805 1
247 1318 1
247 1326 1
248 829 1
248 1294 1
249 547 1
249 558 1
249 812 1
249 903 1
249 976 1
249 1140 1
250 1268 1
251 362 1
251 1141 1
251 1211 1
252 283 1
252 301 1
252 311 1
252 343 1
252 460 1
252 578 1
252 593 1
252 614 1
252 781 1
252 861 1
252 1238 1
252 1270 1
252 1298 1
252 1308 1
253 330 1
253 507 1
253 613 1
253 664 1
253 761 1
254 476 1
254 581 1
254 708 1
254 1095 1
254 1125 1
254 1135 1
254 1382 1
255 589 1
255 625 1
255 1200 1
256 358 1
256 479 1
256 786 1
256 1275 1
258 333 1
258 399 1
258 403 1
258 509 1
258 575 1
258 590 1
258 830 1
258 1077 1
258 1111 1
258 1189 1
258 1226 1
259 272 1
259 333 1
259 405 1
259 521 1
259 533 1
259 569 1
259 602 1
259 610 1
259 795 1
259 826 1
259 928 1
259 1069 1
259 1261 1
259 1303 1
260 997 1
261 284 1
261 374 1
261 829 1
261 838 1
261 1111 1
262 264 1
262 287 1
262 288 1
262 678 1
262 857 1
263 301 1
263 302 1
263 376 1
263 616 1
263 620 1
263 792 1
263 880 1
263 942 1
263 1049 1
263 1171 1
263 1306 1
263 1361 1
264 296 1
264 329 1
264 493 1
264 581 1
264 831 1
264 915 1
264 925 1
265 312 1
265 548 1
265 1356 1
266 343 1
266 451 1
266 680 1
266 928 1
266 1018 1
266 1154 1
267 608 1
267 654 1
267 660 1
267 704 1
267 957 1
267 1156 1
267 1172 1
267 1203 1
267 1246 1
267 1384 1
268 827 1
268 1131 1
268 1138 1
269 735 1
269 804 1
270 894 1
271 334 1
271 570 1
271 1003 1
272 543 1
272 890 1
272 953 1
272 1093 1
272 1246 1
273 351 1
273 506 1
273 649 1
273 704 1
274 289 1
274 321 1
274 453 1
274 563 1
274 579 1
274 796 1
274 916 1
274 969 1
275 474 1
275 721 1
275 787 1
275 819 1
275 965 1
275 1107 1
275 1155 1
276 344 1
276 384 1
276 503 1
276 557 1
276 718 1
276 1045 1
276 1201 1
276 1204 1
276 1233 1
277 278 1
277 429 1
277 828 1
277 895 1
277 1351 1
277 1356 1
278 394 1
278 770 1
278 818 1
278 833 1
278 910 1
279 311 1
279 1005 1
279 1009 1
279 1368 1
280 459 1
280 488 1
280 559 1
280 705 1
280 722 1
280 1351 1
281 326 1
281 373 1
281 393 1
281 532 1
281 629 1
281 882 1
281 1005 1
281 1323 1
281 1375 1
282 341 1
282 540 1
282 1333 1
283 665 1
283 757 1
283 1017 1
283 1062 1
283 1247 1
283 1366 1
284 380 1
284 615 1
284 1104 1
285 291 1
286 382 1
286 693 1
287 293 1
287 337 1
287 375 1
287 393 1
287 407 1
287 984 1
288 322 1
288 396 1
288 567 1
288 908 1
288 923 1
288 1374 1
289 311 1
289 561 1
289 773 1
289 956 1
290 294 1
290 340 1
290 431 1
290 465 1
290 480 1
291 351 1
291 1011 1
292 493 1
292 574 1
292 603 1
292 795 1
292 1256 1
292 1298 1
293 551 1
293 686 1
293 1383 1
294 482 1
294 804 1
294 1181 1
294 1323 1
295 346 1
295 506 1
295 599 1
295 839 1
295 1019 1
296 397 1
296 489 1
297 411 1
297 465 1
297 968 1
297 1124 1
298 542 1
298 625 1
298 705 1
298 798 1
298 815 1
299 603 1
300 1013 1
302 481 1
302 589 1
302 1109 1
303 508 1
304 591 1
304 613 1
304 741 1
304 869 1
305 323 1
305 527 1
305 571 1
305 647 1
305 753 1
305 788 1
305 1298 1
306 362 1
306 408 1
306 426 1
306 763 1
306 1062 1
306 1108 1
306 1124 1
306 1240 1
307 570 1
308 375 1
308 714 1
308 789 1
309 398 1
309 820 1
310 735 1
310 934 1
310 1016 1
311 1146 1
311 1270 1
312 442 1
312 469 1
312 499 1
312 518 1
312 558 1
312 657 1
312 684 1
312 716 1
312 801 1
312 945 1
312 1003 1
312 1065 1
312 1081 1
312 1084 1
312 1214 1
313 640 1
313 1370 1
313 1399 1
314 404 1
314 597 1
314 1017 1
316 326 1
316 436 1
316 570 1
316 1306 1
317 699 1
317 1225 1
318 556 1
318 785 1
319 643 1
320 387 1
320 515 1
320 1014 1
320 1025 1
320 1162 1
321 453 1
321 591 1
321 886 1
321 964 1
321 1091 1
322 368 1
322 372 1
322 607 1
322 946 1
322 1006 1
323 446 1
323 491 1
323 727 1
323 743 1
323 768 1
323 776 1
323 1165 1
323 1360 1
323 1383 1
324 416 1
324 970 1
325 348 1
325 452 1
325 714 1
325 875 1
325 948 1
326 407 1
326 666 1
326 669 1
326 841 1
327 649 1
328 490 1
328 697 1
328 712 1
328 1097 1
328 1142 1
328 1303 1
328 1345 1
329 393 1
329 820 1
329 885 1
329 1349 1
330 379 1
330 497 1
330 853 1
330 1107 1
330 1207 1
332 548 1
332 741 1
332 756 1
332 927 1
332 1057 1
332 1305 1
333 528 1
333 551 1
333 624 1
333 1209 1
334 380 1
334 619 1
334 736 1
334 749 1
334 791 1
334 974 1
334 1165 1
335 584 1
335 610 1
335 755 1
335 889 1
335 1071 1
335 1150 1
335 1193 1
336 432 1
336 708 1
336 1046 1
336 1118 1
336 1203 1
337 458 1
337 1112 1
338 401 1
338 416 1
338 507 1
338 670 1
338 1247 1
339 426 1
339 957 1
340 725 1
340 950 1
341 520 1
341 914 1
341 967 1
342 504 1
342 627 1
342 909 1
343 1109 1
344 442 1
344 482 1
344 487 1
344 729 1
345 508 1
345 931 1
345 1290 1
346 434 1
346 548 1
346 893 1
346 1280 1
347 690 1
347 1038 1
347 1211 1
347 1353 1
348 1037 1
348 1377 1
349 670 1
349 1039 1
350 530 1
350 546 1
350 892 1
351 492 1
351 621 1
351 652 1
351 723 1
351 876 1
351 1002 1
351 1180 1
352 453 1
352 591 1
352 604 1
352 728 1
352 941 1
353 357 1
354 417 1
354 470 1
354 486 1
354 555 1
354 1168 1
355 767 1
355 793 1
355 1185 1
356 601 1
356 646 1
356 738 1
356 778 1
356 803 1
356 1207 1
356 1233 1
357 1075 1
358 470 1
358 1348 1
359 937 1
360 675 1
360 1314 1
360 1397 1
361 894 1
362 1386 1
363 529 1
363 554 1
363 1123 1
363 1240 1
364 419 1
364 1394 1
365 758 1
366 751 1
366 764 1
366 1114 1
366 1129 1
367 1239 1
367 1313 1
368 720 1
368 765 1
368 1040 1
368 1373 1
368 1380 1
369 637 1
369 648 1
369 684 1
369 713 1
369 746 1
369 775 1
369 780 1
369 828 1
369 835 1
369 930 1
369 1200 1
370 867 1
370 991 1
370 1231 1
370 1251 1
371 667 1
371 830 1
371 1149 1
372 488 1
372 793 1
372 1185 1
372 1301 1
372 1391 1
373 491 1
373 509 1
373 511 1
373 540 1
373 647 1
373 659 1
373 716 1
373 1043 1
373 1172 1
374 439 1
374 668 1
374 732 1
374 1023 1
374 1229 1
374 1301 1
375 402 1
375 774 1
375 926 1
376 541 1
377 494 1
377 585 1
377 1315 1
378 414 1
378 514 1
378 748 1
378 955 1
378 1340 1
379 409 1
379 814 1
379 935 1
379 1387 1
380 499 1
380 615 1
381 580 1
381 642 1
381 707 1
381 1214 1
382 602 1
382 696 1
382 883 1
383 639 1
383 697 1
383 805 1
383 1022 1
383 1102 1
384 662 1
384 811 1
384 952 1
384 1179 1
384 1262 1
384 1380 1
385 450 1
385 494 1
385 673 1
385 975 1
385 982 1
385 1229 1
386 895 1
387 1258 1
388 466 1
388 955 1
390 463 1
390 532 1
390 683 1
390 1102 1
390 1143 1
390 1291 1
391 911 1
392 748 1
392 1019 1
393 495 1
393 614 1
393 1117 1
394 675 1
394 767 1
394 1268 1
395 566 1
395 597 1
395 764 1
395 868 1
395 1359 1
396 572 1
396 649 1
396 1002 1
397 423 1
397 521 1
397 632 1
397 1099 1
397 1365 1
398 901 1
398 1014 1
398 1228 1
399 581 1
400 680 1
401 410 1
401 649 1
401 673 1
401 724 1
401 835 1
401 1072 1
401 1089 1
401 1247 1
401 1310 1
401 1353 1
402 426 1
403 812 1
403 1010 1
404 677 1
404 753 1
404 830 1
404 964 1
404 1079 1
404 1175 1
404 1281 1
404 1391 1
405 555 1
405 940 1
405 1343 1
406 463 1
406 472 1
406 765 1
406 972 1
406 1091 1
406 1236 1
407 755 1
407 948 1
407 1300 1
409 576 1
409 612 1
409 832 1
409 851 1
409 878 1
409 882 1
409 991 1
409 1183 1
410 663 1
410 978 1
410 1357 1
411 439 1
411 489 1
411 588 1
411 718 1
411 1173 1
411 1271 1
411 1399 1
412 1221 1
412 1222 1
413 584 1
413 798 1
413 1010 1
414 461 1
414 604 1
414 1248 1
414 1254 1
415 1249 1
416 794 1
417 418 1
417 743 1
417 961 1
417 1166 1
417 1359 1
418 468 1
418 889 1
418 900 1
419 543 1
419 651 1
420 443 1
420 457 1
420 469 1
420 484 1
420 548 1
420 586 1
420 738 1
420 742 1
420 957 1
420 975 1
420 981 1
420 1240 1
421 825 1
421 1322 1
421 1385 1
422 1085 1
422 1355 1
423 724 1
424 457 1
424 695 1
424 729 1
424 1097 1
424 1130 1
424 1173 1
425 445 1
425 449 1
425 459 1
425 854 1
425 1172 1
426 981 1
426 1151 1
426 1245 1
427 436 1
427 868 1
427 934 1
429 480 1
429 1006 1
429 1337 1
430 581 1
430 731 1
430 750 1
430 1147 1
430 1277 1
430 1282 1
430 1391 1
431 1140 1
432 458 1
432 465 1
432 534 1
432 728 1
432 834 1
432 948 1
433 445 1
433 476 1
434 460 1
435 507 1
435 629 1
435 860 1
435 973 1
435 1089 1
435 1336 1
436 642 1
436 855 1
436 940 1
436 1108 1
436 1174 1
436 1286 1
436 1311 1
437 579 1
437 611 1
437 767 1
437 791 1
437 936 1
438 573 1
438 1145 1
438 1161 1
438 1217 1
440 991 1
442 474 1
442 644 1
442 678 1
442 1053 1
442 1252 1
443 568 1
443 774 1
443 783 1
443 1096 1
443 1167 1
443 1264 1
444 481 1
445 640 1
445 661 1
445 786 1
445 1095 1
445 1112 1
445 1198 1
445 1262 1
445 1357 1
446 491 1
446 1219 1
449 625 1
449 1170 1
449 1187 1
449 1329 1
450 478 1
450 698 1
450 721 1
450 816 1
450 1065 1
450 1074 1
450 1353 1
451 538 1
451 586 1
451 785 1
451 1152 1
451 1208 1
451 1333 1
454 515 1
454 566 1
454 626 1
454 762 1
454 808 1
454 958 1
454 1260 1
454 1319 1
455 687 1
455 1081 1
456 753 1
456 1016 1
456 1117 1
456 1222 1
456 1326 1
457 702 1
457 938 1
457 1105 1
457 1169 1
458 462 1
458 463 1
458 613 1
458 648 1
458 955 1
458 1102 1
458 1156 1
458 1355 1
459 765 1
459 1148 1
459 1390 1
460 824 1
460 907 1
461 1038 1
461 1057 1
462 687 1
462 843 1
462 996 1
462 1115 1
462 1223 1
463 723 1
463 1202 1
464 527 1
464 565 1
464 587 1
464 1010 1
464 1307 1
464 1385 1
465 637 1
465 1210 1
466 972 1
467 671 1
469 582 1
469 864 1
469 927 1
469 1373 1
470 1035 1
473 798 1
473 853 1
473 1027 1
474 495 1
474 672 1
474 845 1
475 1037 1
476 556 1
476 577 1
476 623 1
476 687 1
476 719 1
476 1012 1
476 1096 1
477 785 1
477 939 1
477 1205 1
479 846 1
479 1212 1
480 627 1
480 643 1
480 916 1
480 980 1
481 903 1
481 921 1
481 1285 1
481 1294 1
482 752 1
483 1280 1
484 583 1
484 664 1
484 837 1
484 934 1
484 1000 1
485 599 1
485 885 1
485 933 1
485 1090 1
486 609 1
486 694 1
486 759 1
486 1393 1
487 1145 1
488 678 1
488 1170 1
489 562 1
489 750 1
490 1022 1
490 1148 1
490 1176 1
490 1224 1
492 1263 1
493 693 1
493 1043 1
493 1170 1
493 1274 1
494 503 1
494 549 1
494 727 1
494 769 1
494 792 1
494 875 1
494 1120 1
494 1216 1
495 543 1
495 547 1
495 723 1
495 774 1
495 917 1
495 981 1
496 607 1
496 817 1
496 1175 1
498 535 1
498 587 1
498 685 1
498 815 1
498 999 1
499 808 1
499 1339 1
500 535 1
500 1302 1
501 803 1
501 996 1
503 547 1
503 717 1
503 911 1
504 1150 1
506 689 1
506 757 1
506 989 1
506 1180 1
507 537 1
507 568 1
507 654 1
507 1040 1
507 1066 1
507 1259 1
507 1314 1
507 1327 1
507 1351 1
508 931 1
509 1042 1
513 858 1
513 1006 1
514 633 1
514 809 1
514 870 1
515 731 1
515 908 1
515 1282 1
516 777 1
516 838 1
516 958 1
516 1058 1
516 1140 1
517 1243 1
519 697 1
520 560 1
520 571 1
520 683 1
520 951 1
520 1110 1
521 526 1
521 618 1
521 1250 1
522 877 1
522 1213 1
523 688 1
523 1139 1
523 1365 1
524 725 1
524 819 1
525 766 1
525 1338 1
526 583 1
527 624 1
527 841 1
527 998 1
527 1036 1
527 1082 1
527 1244 1
528 611 1
528 703 1
528 1348 1
529 895 1
529 1126 1
530 1083 1
531 732 1
531 1059 1
532 759 1
532 799 1
532 1235 1
532 1243 1
532 1309 1
533 798 1
533 840 1
534 784 1
534 877 1
534 1072 1
535 627 1
535 1281 1
535 1289 1
536 586 1
536 802 1
538 1341 1
539 543 1
539 638 1
539 1000 1
541 598 1
541 611 1
541 1030 1
542 1239 1
544 839 1
544 1334 1
545 845 1
546 1113 1
546 1139 1
547 661 1
547 875 1
547 1163 1
548 1092 1
549 821 1
549 957 1
549 985 1
549 1157 1
550 614 1
550 835 1
550 1322 1
553 1074 1
554 963 1
554 989 1
554 1031 1
554 1080 1
555 633 1
555 662 1
555 1076 1
555 1265 1
556 671 1
556 1024 1
557 665 1
557 714 1
557 1143 1
558 1381 1
560 1115 1
560 1212 1
561 803 1
561 832 1
563 695 1
563 1266 1
564 906 1
564 1214 1
565 878 1
565 1330 1
566 630 1
566 638 1
566 706 1
566 872 1
566 1373 1
567 619 1
567 708 1
567 731 1
567 1034 1
567 1128 1
567 1167 1
567 1286 1
567 1307 1
568 711 1
568 714 1
568 797 1
569 677 1
570 1316 1
572 620 1
572 771 1
572 805 1
572 861 1
572 885 1
572 891 1
572 1113 1
573 621 1
573 650 1
573 733 1
573 897 1
574 735 1
574 904 1
574 1195 1
575 606 1
575 1252 1
577 1387 1
579 592 1
579 600 1
579 803 1
579 1012 1
579 1114 1
579 1345 1
581 1132 1
582 868 1
582 939 1
583 750 1
584 616 1
584 676 1
584 918 1
584 1235 1
585 789 1
585 912 1
585 1219 1
585 1220 1
586 976 1
586 1385 1
586 1400 1
587 680 1
587 918 1
588 821 1
588 1062 1
588 1400 1
589 619 1
589 986 1
589 1055 1
589 1146 1
590 754 1
590 822 1
592 1334 1
593 927 1
593 1299 1
593 1304 1
595 1135 1
595 1148 1
596 770 1
596 890 1
596 1312 1
597 837 1
597 1054 1
598 841 1
598 961 1
598 989 1
599 818 1
602 719 1
602 728 1
602 782 1
602 1298 1
602 1336 1
603 810 1
605 1206 1
606 628 1
606 842 1
606 1074 1
607 1071 1
607 1164 1
608 1219 1
610 645 1
611 942 1
612 879 1
612 1379 1
613 1078 1
614 1048 1
615 698 1
616 685 1
616 836 1
616 850 1
616 1188 1
616 1223 1
616 1276 1
616 1384 1
617 657 1
618 1134 1
619 734 1
619 875 1
619 952 1
619 1016 1
621 877 1
621 1160 1
622 994 1
623 815 1
623 1046 1
623 1100 1
624 640 1
624 667 1
624 684 1
624 1320 1
625 800 1
625 862 1
625 971 1
625 1094 1
627 642 1
627 707 1
627 730 1
628 863 1
630 1227 1
631 824 1
631 842 1
631 852 1
631 915 1
632 1025 1
632 1091 1
633 968 1
633 1306 1
634 779 1
634 1125 1
634 1275 1
635 985 1
635 1044 1
636 676 1
636 688 1
636 1157 1
636 1280 1
636 1394 1
640 685 1
640 790 1
640 873 1
640 926 1
640 1021 1
640 1034 1
640 1103 1
640 1317 1
641 790 1
642 910 1
642 1237 1
644 696 1
644 995 1
644 1087 1
645 729 1
646 768 1
646 1027 1
647 733 1
647 815 1
647 939 1
647 1086 1
648 972 1
649 1086 1
650 860 1
651 1390 1
652 854 1
652 1255 1
652 1348 1
653 994 1
653 1374 1
654 656 1
654 710 1
654 858 1
655 730 1
655 1275 1
655 1382 1
656 1094 1
657 1005 1
657 1295 1
658 1287 1
658 1322 1
660 853 1
660 1390 1
664 681 1
664 779 1
664 802 1
664 1253 1
665 789 1
666 742 1
666 745 1
666 880 1
666 953 1
668 862 1
668 921 1
668 1398 1
669 1064 1
670 783 1
670 787 1
670 813 1
670 1174 1
671 850 1
672 869 1
672 1074 1
673 783 1
673 843 1
673 845 1
673 1340 1
674 969 1
674 1199 1
674 1285 1
674 1367 1
674 1369 1
676 1191 1
678 888 1
678 973 1
678 1041 1
678 1130 1
678 1217 1
679 1126 1
680 728 1
680 802 1
680 998 1
680 1230 1
680 1338 1
681 731 1
681 1027 1
682 837 1
683 768 1
683 773 1
683 970 1
684 1364 1
686 1088 1
686 1134 1
688 994 1
689 800 1
691 821 1
691 934 1
691 947 1
692 1182 1
693 997 1
694 1031 1
695 905 1
695 1284 1
696 1369 1
697 1087 1
698 1054 1
698 1368 1
699 754 1
699 859 1
699 1335 1
700 704 1
700 709 1
700 822 1
700 1082 1
700 1297 1
700 1346 1
701 1055 1
701 1279 1
701 1283 1
702 1324 1
703 1125 1
705 792 1
705 906 1
706 990 1
709 747 1
710 887 1
710 980 1
711 1076 1
714 992 1
714 1092 1
715 806 1
717 1141 1
717 1297 1
718 841 1
718 915 1
718 1042 1
718 1093 1
718 1187 1
718 1283 1
719 1392 1
720 1246 1
722 751 1
722 920 1
722 922 1
722 983 1
722 1100 1
722 1262 1
723 947 1
725 878 1
725 1049 1
726 878 1
726 945 1
729 876 1
729 1053 1
730 933 1
731 1158 1
731 1229 1
732 1083 1
733 831 1
733 1318 1
733 1330 1
735 884 1
735 1181 1
735 1350 1
736 894 1
736 978 1
736 987 1
736 1004 1
736 1217 1
738 775 1
738 1114 1
739 963 1
740 1123 1
740 1255 1
740 1360 1
741 1153 1
742 776 1
742 1098 1
743 1374 1
744 954 1
744 1007 1
744 1153 1
745 764 1
745 1373 1
747 1228 1
749 865 1
750 1000 1
752 959 1
752 1067 1
752 1328 1
753 1024 1
753 1291 1
755 893 1
755 894 1
755 1113 1
755 1222 1
755 1303 1
760 1056 1
761 963 1
761 1309 1
761 1314 1
763 918 1
763 1307 1
764 1039 1
765 781 1
765 856 1
765 941 1
765 1264 1
766 913 1
766 942 1
766 1226 1
769 814 1
769 844 1
769 865 1
769 871 1
769 949 1
769 1012 1
770 881 1
770 987 1
770 1084 1
770 1393 1
771 1267 1
772 925 1
772 1136 1
772 1331 1
775 866 1
776 1157 1
777 1063 1
777 1190 1
778 990 1
778 1154 1
779 974 1
779 1315 1
780 831 1
780 1024 1
780 1213 1
781 1089 1
781 1093 1
781 1241 1
783 794 1
783 800 1
783 884 1
783 914 1
783 976 1
783 1284 1
784 1103 1
785 1122 1
786 967 1
786 1078 1
786 1334 1
788 1254 1
789 1209 1
790 1347 1
791 1155 1
792 809 1
792 849 1
792 1305 1
793 1118 1
794 962 1
794 1062 1
797 923 1
797 1127 1
797 1372 1
798 1168 1
799 847 1
801 922 1
801 944 1
801 1232 1
802 1163 1
803 1354 1
804 1257 1
804 1352 1
806 1033 1
807 1313 1
807 1353 1
808 1288 1
809 1011 1
809 1371 1
810 904 1
811 970 1
811 984 1
812 1097 1
812 1344 1
814 883 1
814 986 1
815 903 1
815 1053 1
815 1100 1
817 863 1
818 1130 1
819 834 1
821 847 1
823 910 1
823 1020 1
823 1187 1
823 1190 1
824 1151 1
824 1389 1
827 1162 1
827 1288 1
828 1122 1
830 890 1
830 1011 1
830 1204 1
830 1249 1
833 1127 1
833 1271 1
833 1299 1
834 1046 1
834 1106 1
836 1230 1
837 992 1
838 931 1
838 1021 1
838 1022 1
839 1043 1
840 1347 1
847 1029 1
847 1114 1
848 900 1
854 870 1
857 929 1
857 1138 1
857 1183 1
857 1210 1
858 1248 1
859 936 1
859 1043 1
859 1190 1
859 1269 1
860 978 1
860 1042 1
860 1195 1
860 1382 1
861 1008 1
862 1105 1
862 1269 1
863 871 1
866 1342 1
866 1396 1
867 1020 1
867 1120 1
867 1354 1
869 877 1
871 1051 1
873 1077 1
874 949 1
874 1060 1
874 1069 1
874 1386 1
878 942 1
879 981 1
879 1261 1
880 935 1
880 1273 1
881 1071 1
882 1262 1
882 1269 1
883 1296 1
884 1013 1
884 1192 1
884 1212 1
885 887 1
885 950 1
886 1344 1
887 905 1
887 933 1
888 1079 1
889 1031 1
889 1047 1
890 1060 1
891 1028 1
891 1134 1
892 1133 1
894 1092 1
894 1177 1
895 960 1
895 1033 1
895 1107 1
895 1160 1
898 1227 1
898 1319 1
900 1182 1
900 1237 1
901 1176 1
901 1234 1
902 988 1
902 1279 1
903 1195 1
904 924 1
904 1004 1
904 1052 1
905 1314 1
906 939 1
906 1050 1
906 1159 1
906 1160 1
908 1045 1
910 1193 1
911 1166 1
915 931 1
916 941 1
917 1158 1
921 940 1
921 1230 1
921 1238 1
921 1241 1
921 1399 1
922 1121 1
922 1242 1
923 976 1
923 987 1
923 998 1
923 1008 1
923 1120 1
925 1153 1
925 1336 1
925 1356 1
927 1221 1
927 1245 1
928 1206 1
928 1286 1
930 1293 1
930 1340 1
932 1080 1
932 1302 1
933 1198 1
934 1250 1
935 1104 1
936 1029 1
936 1073 1
936 1292 1
937 1116 1
938 982 1
938 1152 1
939 1052 1
940 1070 1
940 1236 1
943 984 1
943 1036 1
943 1053 1
943 1386 1
946 1310 1
946 1362 1
947 977 1
947 1301 1
948 1033 1
948 1169 1
949 1070 1
949 1094 1
949 1299 1
950 1147 1
952 1134 1
953 1250 1
954 1202 1
954 1361 1
954 1378 1
955 1349 1
956 1211 1
956 1234 1
961 1021 1
964 1004 1
964 1088 1
965 968 1
965 1163 1
965 1370 1
967 1083 1
967 1096 1
967 1249 1
967 1361 1
968 1077 1
968 1161 1
969 1167 1
971 1196 1
971 1284 1
972 1028 1
972 1190 1
972 1209 1
972 1275 1
974 1155 1
980 1022 1
981 1282 1
982 1040 1
982 1131 1
982 1204 1
982 1296 1
983 1001 1
985 1155 1
986 1202 1
995 1038 1
997 1050 1
998 1030 1
998 1166 1
1001 1317 1
1001 1339 1
1002 1296 1
1003 1257 1
1004 1206 1
1004 1328 1
1005 1151 1
1007 1226 1
1008 1255 1
1009 1136 1
1010 1341 1
1011 1031 1
1014 1271 1
1015 1297 1
1015 1348 1
1015 1375 1
1018 1277 1
1019 1133 1
1022 1287 1
1023 1167 1
1025 1069 1
1025 1223 1
1025 1289 1
1025 1387 1
1027 1381 1
1029 1235 1
1029 1394 1
1031 1077 1
1032 1126 1
1034 1289 1
1037 1254 1
1039 1162 1
1041 1044 1
1043 1400 1
1044 1243 1
1045 1072 1
1046 1205 1
1047 1265 1
1048 1177 1
1049 1376 1
1051 1278 1
1053 1199 1
1053 1252 1
1057 1090 1
1057 1137 1
1057 1146 1
1057 1397 1
1066 1265 1
1066 1370 1
1067 1164 1
1067 1227 1
1068 1372 1
1070 1201 1
1072 1105 1
1074 1388 1
1076 1109 1
1077 1329 1
1081 1343 1
1081 1376 1
1083 1358 1
1084 1158 1
1084 1213 1
1084 1395 1
1085 1250 1
1085 1358 1
1093 1259 1
1094 1122 1
1094 1128 1
1094 1152 1
1094 1205 1
1095 1304 1
1095 1395 1
1096 1174 1
1096 1194 1
1102 1179 1
1104 1198 1
1105 1119 1
1105 1316 1
1113 1343 1
1122 1260 1
1124 1286 1
1131 1263 1
1131 1308 1
1136 1180 1
1140 1153 1
1141 1332 1
1142 1200 1
1142 1328 1
1143 1215 1
1143 1323 1
1145 1256 1
1146 1245 1
1146 1396 1
1147 1149 1
1148 1227 1
1150 1328 1
1151 1246 1
1153 1371 1
1154 1218 1
1159 1221 1
1162 1350 1
1164 1205 1
1164 1381 1
1170 1327 1
1176 1378 1
1181 1248 1
1184 1197 1
1187 1327 1
1187 1364 1
1191 1302 1
1194 1363 1
1205 1321 1
1205 1396 1
1210 1357 1
1211 1260 1
1211 1366 1
1214 1223 1
1216 1315 1
1223 1231 1
1224 1375 1
1227 1272 1
1229 1259 1
1231 1254 1
1232 1378 1
1233 1311 1
1237 1347 1
1242 1358 1
1243 1354 1
1254 1362 1
1265 1320 1
1268 1398 1
1285 1320 1
1285 1349 1
1285 1367 1
1285 1395 1
1288 1374 1
1289 1363 1
1290 1295 1
1302 1342 1
1306 1381 1
1307 1343 1
1309 1393 1
1328 1380 1
1329 1352 1
1330 1367 1
1334 1380 1
1340 1350 1
1373 1375 1
