900 3584 
1 2 1
1 3 1
1 4 1
1 5 1
1 6 1
1 7 1
1 8 1
1 9 1
1 10 1
1 16 1
1 17 1
1 18 1
1 21 1
1 23 1
1 26 1
1 28 1
1 29 1
1 31 1
1 34 1
1 35 1
1 60 1
1 62 1
1 69 1
1 83 1
1 91 1
1 97 1
1 100 1
1 101 1
1 110 1
1 111 1
1 120 1
1 129 1
1 148 1
1 153 1
1 158 1
1 159 1
1 183 1
1 186 1
1 196 1
1 202 1
1 206 1
1 214 1
1 216 1
1 220 1
1 235 1
1 260 1
1 269 1
1 294 1
1 298 1
1 307 1
1 326 1
1 330 1
1 342 1
1 343 1
1 353 1
1 357 1
1 359 1
1 367 1
1 378 1
1 394 1
1 400 1
1 426 1
1 449 1
1 454 1
1 459 1
1 462 1
1 469 1
1 488 1
1 489 1
1 504 1
1 559 1
1 621 1
1 631 1
1 671 1
1 706 1
1 724 1
1 731 1
1 746 1
1 808 1
1 866 1
1 874 1
2 7 1
2 14 1
2 20 1
2 41 1
2 44 1
2 48 1
2 49 1
2 231 1
2 240 1
2 328 1
2 369 1
2 393 1
2 403 1
2 478 1
2 495 1
2 542 1
2 785 1
3 6 1
3 8 1
3 9 1
3 22 1
3 30 1
3 43 1
3 52 1
3 75 1
3 98 1
3 100 1
3 108 1
3 117 1
3 139 1
3 161 1
3 276 1
3 288 1
3 295 1
3 330 1
3 331 1
3 342 1
3 365 1
3 372 1
3 440 1
3 466 1
3 493 1
3 499 1
3 526 1
3 559 1
3 567 1
3 600 1
3 605 1
3 622 1
3 711 1
3 719 1
3 729 1
3 742 1
3 745 1
3 867 1
3 881 1
4 6 1
4 7 1
4 10 1
4 11 1
4 13 1
4 15 1
4 17 1
4 24 1
4 31 1
4 32 1
4 51 1
4 54 1
4 99 1
4 101 1
4 122 1
4 129 1
4 133 1
4 140 1
4 152 1
4 169 1
4 181 1
4 189 1
4 267 1
4 280 1
4 297 1
4 326 1
4 342 1
4 371 1
4 377 1
4 387 1
4 424 1
4 427 1
4 444 1
4 491 1
4 541 1
4 565 1
4 574 1
4 586 1
4 641 1
4 643 1
4 645 1
4 651 1
4 709 1
4 793 1
5 6 1
5 10 1
5 14 1
5 30 1
5 43 1
5 61 1
5 68 1
5 89 1
5 103 1
5 118 1
5 121 1
5 169 1
5 191 1
5 196 1
5 227 1
5 267 1
5 271 1
5 348 1
5 355 1
5 357 1
5 378 1
5 457 1
5 629 1
5 642 1
5 694 1
5 773 1
5 780 1
5 801 1
5 819 1
6 7 1
6 8 1
6 9 1
6 11 1
6 14 1
6 17 1
6 19 1
6 23 1
6 25 1
6 30 1
6 42 1
6 43 1
6 47 1
6 50 1
6 57 1
6 59 1
6 62 1
6 63 1
6 67 1
6 76 1
6 78 1
6 92 1
6 112 1
6 119 1
6 122 1
6 128 1
6 143 1
6 154 1
6 155 1
6 159 1
6 162 1
6 177 1
6 194 1
6 196 1
6 199 1
6 202 1
6 218 1
6 228 1
6 240 1
6 243 1
6 246 1
6 252 1
6 266 1
6 288 1
6 329 1
6 331 1
6 366 1
6 368 1
6 396 1
6 397 1
6 400 1
6 405 1
6 410 1
6 458 1
6 474 1
6 494 1
6 500 1
6 514 1
6 560 1
6 568 1
6 576 1
6 603 1
6 625 1
6 638 1
6 646 1
6 648 1
6 650 1
6 652 1
6 668 1
6 685 1
6 699 1
6 728 1
6 759 1
6 768 1
6 772 1
6 781 1
6 819 1
6 838 1
6 839 1
6 870 1
6 889 1
7 8 1
7 9 1
7 12 1
7 13 1
7 14 1
7 18 1
7 20 1
7 21 1
7 24 1
7 25 1
7 27 1
7 32 1
7 33 1
7 34 1
7 37 1
7 39 1
7 58 1
7 59 1
7 66 1
7 68 1
7 75 1
7 82 1
7 102 1
7 113 1
7 115 1
7 120 1
7 136 1
7 150 1
7 154 1
7 155 1
7 169 1
7 196 1
7 226 1
7 231 1
7 235 1
7 258 1
7 260 1
7 261 1
7 297 1
7 305 1
7 313 1
7 329 1
7 351 1
7 368 1
7 370 1
7 378 1
7 382 1
7 399 1
7 401 1
7 407 1
7 426 1
7 435 1
7 465 1
7 492 1
7 507 1
7 525 1
7 529 1
7 532 1
7 545 1
7 570 1
7 585 1
7 614 1
7 624 1
7 631 1
7 636 1
7 647 1
7 653 1
7 692 1
7 701 1
7 717 1
7 736 1
7 770 1
7 782 1
7 801 1
7 841 1
7 858 1
7 895 1
8 10 1
8 11 1
8 12 1
8 13 1
8 15 1
8 21 1
8 33 1
8 40 1
8 47 1
8 56 1
8 60 1
8 62 1
8 63 1
8 79 1
8 92 1
8 93 1
8 96 1
8 111 1
8 123 1
8 129 1
8 156 1
8 160 1
8 163 1
8 188 1
8 190 1
8 192 1
8 197 1
8 216 1
8 246 1
8 254 1
8 255 1
8 268 1
8 283 1
8 294 1
8 304 1
8 314 1
8 316 1
8 382 1
8 448 1
8 451 1
8 469 1
8 480 1
8 511 1
8 649 1
8 726 1
8 744 1
8 755 1
8 785 1
8 791 1
8 824 1
8 828 1
8 892 1
9 11 1
9 12 1
9 13 1
9 19 1
9 20 1
9 21 1
9 24 1
9 33 1
9 37 1
9 53 1
9 72 1
9 84 1
9 97 1
9 111 1
9 124 1
9 128 1
9 139 1
9 146 1
9 150 1
9 170 1
9 181 1
9 206 1
9 212 1
9 234 1
9 236 1
9 246 1
9 249 1
9 253 1
9 262 1
9 272 1
9 311 1
9 334 1
9 354 1
9 387 1
9 407 1
9 424 1
9 448 1
9 463 1
9 473 1
9 476 1
9 495 1
9 501 1
9 502 1
9 520 1
9 535 1
9 548 1
9 554 1
9 634 1
9 638 1
9 640 1
9 667 1
9 691 1
9 722 1
9 731 1
9 735 1
9 758 1
9 810 1
9 832 1
9 848 1
9 898 1
10 15 1
10 50 1
10 63 1
10 173 1
10 192 1
10 210 1
10 258 1
10 327 1
10 398 1
10 436 1
10 467 1
10 479 1
10 547 1
10 615 1
10 655 1
11 12 1
11 16 1
11 17 1
11 18 1
11 23 1
11 26 1
11 29 1
11 31 1
11 40 1
11 45 1
11 51 1
11 53 1
11 66 1
11 67 1
11 70 1
11 74 1
11 78 1
11 80 1
11 93 1
11 105 1
11 112 1
11 125 1
11 126 1
11 141 1
11 144 1
11 145 1
11 150 1
11 153 1
11 169 1
11 171 1
11 174 1
11 200 1
11 215 1
11 219 1
11 224 1
11 239 1
11 254 1
11 278 1
11 280 1
11 288 1
11 300 1
11 308 1
11 310 1
11 317 1
11 320 1
11 321 1
11 355 1
11 463 1
11 482 1
11 485 1
11 490 1
11 495 1
11 502 1
11 513 1
11 541 1
11 543 1
11 572 1
11 578 1
11 595 1
11 667 1
11 674 1
11 682 1
11 700 1
11 725 1
11 733 1
11 828 1
11 831 1
11 873 1
11 887 1
11 896 1
12 18 1
12 25 1
12 27 1
12 28 1
12 35 1
12 41 1
12 48 1
12 56 1
12 57 1
12 58 1
12 71 1
12 74 1
12 77 1
12 81 1
12 83 1
12 87 1
12 130 1
12 134 1
12 178 1
12 184 1
12 224 1
12 249 1
12 267 1
12 287 1
12 293 1
12 308 1
12 341 1
12 360 1
12 383 1
12 392 1
12 434 1
12 437 1
12 460 1
12 475 1
12 487 1
12 522 1
12 564 1
12 578 1
12 600 1
12 602 1
12 604 1
12 619 1
12 654 1
12 658 1
12 671 1
12 711 1
12 720 1
12 741 1
12 767 1
12 796 1
12 823 1
12 840 1
12 851 1
12 865 1
12 894 1
12 897 1
12 898 1
13 15 1
13 16 1
13 22 1
13 31 1
13 38 1
13 41 1
13 45 1
13 46 1
13 49 1
13 75 1
13 80 1
13 114 1
13 117 1
13 123 1
13 127 1
13 128 1
13 129 1
13 138 1
13 146 1
13 148 1
13 162 1
13 204 1
13 209 1
13 279 1
13 281 1
13 305 1
13 309 1
13 323 1
13 338 1
13 340 1
13 344 1
13 401 1
13 414 1
13 481 1
13 501 1
13 549 1
13 574 1
13 601 1
13 629 1
13 632 1
13 669 1
13 714 1
13 719 1
13 723 1
13 771 1
13 792 1
13 808 1
13 837 1
13 890 1
14 16 1
14 20 1
14 25 1
14 49 1
14 55 1
14 81 1
14 92 1
14 105 1
14 106 1
14 107 1
14 109 1
14 122 1
14 145 1
14 152 1
14 158 1
14 166 1
14 266 1
14 354 1
14 388 1
14 413 1
14 468 1
14 497 1
14 518 1
14 547 1
14 552 1
14 553 1
14 586 1
14 608 1
14 626 1
14 655 1
14 814 1
14 815 1
14 816 1
14 817 1
14 836 1
14 854 1
14 856 1
14 900 1
15 22 1
15 29 1
15 38 1
15 50 1
15 53 1
15 54 1
15 64 1
15 80 1
15 82 1
15 88 1
15 95 1
15 98 1
15 121 1
15 144 1
15 154 1
15 183 1
15 209 1
15 217 1
15 223 1
15 263 1
15 272 1
15 274 1
15 343 1
15 361 1
15 379 1
15 442 1
15 539 1
15 544 1
15 560 1
15 675 1
15 679 1
15 705 1
15 719 1
15 777 1
15 793 1
15 804 1
15 811 1
15 856 1
16 19 1
16 23 1
16 24 1
16 27 1
16 32 1
16 47 1
16 50 1
16 58 1
16 69 1
16 79 1
16 115 1
16 133 1
16 175 1
16 192 1
16 194 1
16 238 1
16 245 1
16 251 1
16 275 1
16 288 1
16 335 1
16 341 1
16 388 1
16 457 1
16 471 1
16 531 1
16 534 1
16 557 1
16 577 1
16 624 1
16 668 1
16 752 1
16 760 1
16 764 1
16 885 1
17 28 1
17 30 1
17 32 1
17 36 1
17 62 1
17 65 1
17 68 1
17 73 1
17 79 1
17 88 1
17 127 1
17 137 1
17 140 1
17 160 1
17 175 1
17 210 1
17 229 1
17 232 1
17 249 1
17 253 1
17 283 1
17 291 1
17 303 1
17 315 1
17 319 1
17 330 1
17 361 1
17 362 1
17 389 1
17 392 1
17 420 1
17 451 1
17 483 1
17 517 1
17 523 1
17 525 1
17 624 1
17 645 1
17 697 1
17 721 1
17 754 1
17 832 1
17 848 1
17 853 1
17 873 1
18 19 1
18 26 1
18 28 1
18 60 1
18 94 1
18 119 1
18 121 1
18 124 1
18 127 1
18 133 1
18 168 1
18 180 1
18 267 1
18 318 1
18 361 1
18 425 1
18 457 1
18 483 1
18 502 1
18 628 1
18 648 1
18 742 1
18 835 1
19 22 1
19 26 1
19 38 1
19 42 1
19 55 1
19 96 1
19 110 1
19 142 1
19 174 1
19 207 1
19 230 1
19 241 1
19 334 1
19 383 1
19 433 1
19 445 1
19 448 1
19 467 1
19 477 1
19 488 1
19 489 1
19 543 1
19 557 1
19 615 1
19 618 1
19 622 1
19 672 1
19 721 1
19 733 1
19 764 1
19 789 1
19 797 1
19 850 1
20 34 1
20 41 1
20 51 1
20 56 1
20 69 1
20 77 1
20 85 1
20 88 1
20 96 1
20 103 1
20 118 1
20 213 1
20 223 1
20 230 1
20 273 1
20 368 1
20 384 1
20 389 1
20 408 1
20 452 1
20 503 1
20 549 1
20 644 1
20 681 1
20 702 1
21 29 1
21 40 1
21 102 1
21 124 1
21 137 1
21 248 1
21 275 1
21 299 1
21 318 1
21 471 1
21 661 1
21 760 1
21 822 1
22 34 1
22 45 1
22 48 1
22 52 1
22 59 1
22 67 1
22 70 1
22 71 1
22 87 1
22 89 1
22 97 1
22 98 1
22 112 1
22 124 1
22 204 1
22 212 1
22 219 1
22 247 1
22 266 1
22 268 1
22 305 1
22 369 1
22 373 1
22 384 1
22 410 1
22 414 1
22 417 1
22 431 1
22 442 1
22 444 1
22 449 1
22 532 1
22 537 1
22 567 1
22 573 1
22 632 1
22 657 1
22 666 1
22 675 1
22 706 1
22 732 1
22 756 1
22 787 1
22 795 1
22 805 1
22 835 1
22 875 1
22 881 1
22 888 1
23 27 1
23 37 1
23 40 1
23 43 1
23 93 1
23 95 1
23 132 1
23 141 1
23 146 1
23 164 1
23 172 1
23 182 1
23 198 1
23 237 1
23 255 1
23 318 1
23 363 1
23 375 1
23 387 1
23 411 1
23 416 1
23 425 1
23 496 1
23 505 1
23 767 1
23 769 1
23 856 1
23 900 1
24 35 1
24 36 1
24 63 1
24 81 1
24 82 1
24 90 1
24 194 1
24 230 1
24 316 1
24 374 1
24 499 1
24 567 1
24 634 1
24 655 1
24 757 1
24 851 1
24 894 1
25 44 1
25 58 1
25 72 1
25 92 1
25 114 1
25 130 1
25 170 1
25 176 1
25 201 1
25 217 1
25 224 1
25 298 1
25 327 1
25 363 1
25 364 1
25 438 1
25 447 1
25 493 1
25 501 1
25 573 1
25 622 1
25 624 1
25 688 1
25 692 1
25 718 1
25 724 1
25 740 1
25 802 1
25 881 1
26 151 1
26 202 1
26 223 1
26 430 1
26 538 1
26 563 1
26 837 1
26 886 1
27 52 1
27 64 1
27 113 1
27 164 1
27 186 1
27 244 1
27 286 1
27 390 1
27 419 1
27 512 1
27 659 1
27 713 1
27 893 1
28 33 1
28 36 1
28 37 1
28 38 1
28 42 1
28 44 1
28 51 1
28 52 1
28 54 1
28 61 1
28 72 1
28 96 1
28 105 1
28 115 1
28 147 1
28 149 1
28 159 1
28 170 1
28 176 1
28 178 1
28 206 1
28 207 1
28 210 1
28 212 1
28 227 1
28 231 1
28 250 1
28 257 1
28 287 1
28 293 1
28 296 1
28 300 1
28 333 1
28 350 1
28 355 1
28 363 1
28 393 1
28 402 1
28 403 1
28 428 1
28 467 1
28 468 1
28 487 1
28 526 1
28 556 1
28 579 1
28 589 1
28 625 1
28 629 1
28 650 1
28 660 1
28 802 1
28 804 1
28 820 1
28 829 1
28 841 1
28 844 1
28 847 1
28 876 1
28 880 1
28 885 1
29 35 1
29 36 1
29 39 1
29 45 1
29 48 1
29 53 1
29 57 1
29 116 1
29 140 1
29 157 1
29 159 1
29 185 1
29 193 1
29 254 1
29 258 1
29 260 1
29 294 1
29 299 1
29 307 1
29 337 1
29 343 1
29 350 1
29 371 1
29 408 1
29 423 1
29 534 1
29 594 1
29 637 1
29 726 1
29 757 1
29 805 1
30 42 1
30 64 1
30 71 1
30 76 1
30 90 1
30 91 1
30 106 1
30 125 1
30 130 1
30 137 1
30 151 1
30 168 1
30 176 1
30 247 1
30 273 1
30 286 1
30 482 1
30 493 1
30 525 1
30 570 1
30 579 1
30 590 1
30 680 1
30 747 1
30 809 1
30 875 1
30 886 1
30 891 1
31 44 1
31 49 1
31 56 1
31 77 1
31 84 1
31 104 1
31 132 1
31 171 1
31 182 1
31 193 1
31 197 1
31 214 1
31 269 1
31 280 1
31 306 1
31 307 1
31 332 1
31 366 1
31 375 1
31 381 1
31 427 1
31 431 1
31 456 1
31 484 1
31 533 1
31 539 1
31 569 1
31 778 1
31 786 1
31 802 1
31 831 1
31 854 1
31 871 1
32 203 1
32 285 1
32 639 1
32 816 1
33 73 1
33 83 1
33 86 1
33 221 1
33 301 1
33 315 1
33 324 1
33 339 1
33 404 1
33 524 1
33 596 1
33 604 1
33 615 1
33 702 1
33 818 1
33 866 1
34 46 1
34 94 1
34 103 1
34 172 1
34 220 1
34 303 1
34 351 1
34 364 1
34 417 1
34 531 1
34 552 1
34 619 1
34 654 1
34 657 1
34 714 1
34 787 1
34 869 1
34 896 1
35 39 1
35 132 1
35 281 1
35 306 1
35 606 1
35 704 1
35 807 1
35 872 1
35 887 1
36 73 1
36 156 1
36 172 1
36 185 1
36 337 1
36 586 1
36 797 1
36 878 1
37 46 1
37 89 1
37 123 1
37 173 1
37 265 1
37 269 1
37 272 1
37 304 1
37 317 1
37 536 1
37 677 1
37 749 1
37 763 1
37 867 1
37 869 1
38 39 1
38 65 1
38 106 1
38 107 1
38 128 1
38 218 1
38 264 1
38 537 1
38 661 1
38 750 1
38 800 1
38 881 1
38 893 1
38 900 1
39 284 1
39 334 1
39 356 1
39 428 1
39 478 1
39 596 1
39 670 1
39 792 1
40 47 1
40 94 1
40 105 1
40 395 1
40 447 1
40 564 1
41 81 1
41 253 1
41 317 1
41 344 1
41 364 1
41 430 1
41 473 1
41 601 1
41 627 1
41 804 1
42 76 1
42 77 1
42 85 1
42 156 1
42 215 1
42 259 1
42 361 1
42 441 1
42 472 1
42 489 1
42 516 1
42 565 1
42 760 1
42 862 1
43 54 1
43 59 1
43 74 1
43 100 1
43 262 1
43 439 1
43 801 1
44 46 1
44 102 1
44 103 1
44 107 1
44 147 1
44 180 1
44 200 1
44 232 1
44 311 1
44 313 1
44 367 1
44 410 1
44 453 1
44 511 1
44 837 1
44 845 1
45 55 1
45 61 1
45 78 1
45 85 1
45 86 1
45 97 1
45 99 1
45 205 1
45 233 1
45 250 1
45 256 1
45 262 1
45 264 1
45 277 1
45 337 1
45 347 1
45 353 1
45 373 1
45 389 1
45 398 1
45 406 1
45 422 1
45 451 1
45 531 1
45 558 1
45 575 1
45 592 1
45 630 1
45 646 1
45 652 1
45 671 1
45 674 1
45 695 1
45 723 1
45 733 1
45 810 1
45 877 1
46 66 1
46 145 1
46 166 1
46 171 1
46 189 1
46 204 1
46 233 1
46 349 1
46 395 1
46 508 1
46 517 1
46 527 1
46 561 1
46 562 1
46 573 1
46 652 1
46 686 1
46 729 1
46 732 1
46 747 1
46 857 1
47 187 1
47 270 1
47 382 1
47 396 1
47 614 1
48 90 1
48 201 1
48 376 1
48 391 1
48 436 1
48 572 1
49 57 1
49 101 1
49 108 1
49 127 1
49 147 1
49 385 1
50 69 1
50 79 1
50 93 1
50 114 1
50 117 1
50 153 1
50 187 1
50 190 1
50 199 1
50 203 1
50 274 1
50 325 1
50 383 1
50 388 1
50 452 1
50 575 1
50 761 1
50 787 1
50 813 1
50 823 1
50 848 1
50 892 1
51 60 1
51 78 1
51 100 1
51 112 1
51 122 1
51 139 1
51 143 1
51 155 1
51 181 1
51 203 1
51 231 1
51 235 1
51 252 1
51 260 1
51 265 1
51 268 1
51 282 1
51 348 1
51 385 1
51 409 1
51 503 1
51 546 1
51 698 1
51 771 1
51 803 1
52 55 1
52 106 1
52 123 1
52 140 1
52 156 1
52 207 1
52 271 1
52 296 1
52 312 1
52 319 1
52 352 1
52 392 1
52 399 1
52 413 1
52 418 1
52 431 1
52 437 1
52 518 1
52 543 1
52 599 1
52 653 1
52 658 1
52 670 1
52 678 1
52 713 1
52 734 1
52 759 1
52 846 1
52 897 1
53 142 1
53 165 1
53 200 1
53 238 1
53 263 1
53 274 1
53 295 1
53 352 1
53 384 1
53 406 1
53 419 1
53 495 1
53 619 1
53 673 1
53 692 1
53 751 1
53 812 1
54 64 1
54 66 1
54 72 1
54 108 1
54 138 1
54 179 1
54 180 1
54 241 1
54 304 1
54 363 1
54 428 1
54 458 1
54 509 1
54 522 1
54 583 1
55 209 1
55 380 1
55 448 1
55 672 1
56 82 1
56 83 1
56 90 1
56 134 1
56 148 1
56 149 1
56 168 1
56 177 1
56 178 1
56 308 1
56 352 1
56 360 1
56 412 1
56 505 1
56 566 1
56 584 1
56 608 1
56 777 1
56 814 1
56 842 1
56 849 1
57 67 1
57 70 1
57 84 1
57 86 1
57 89 1
57 104 1
57 119 1
57 131 1
57 167 1
57 274 1
57 331 1
57 341 1
57 490 1
57 523 1
57 587 1
57 704 1
57 724 1
57 738 1
57 778 1
57 811 1
58 70 1
58 841 1
59 61 1
59 68 1
59 84 1
59 87 1
59 110 1
59 111 1
59 118 1
59 171 1
59 182 1
59 185 1
59 211 1
59 228 1
59 244 1
59 298 1
59 325 1
59 331 1
59 350 1
59 358 1
59 398 1
59 418 1
59 520 1
59 609 1
59 630 1
59 687 1
59 694 1
59 715 1
59 790 1
59 824 1
59 825 1
60 95 1
60 125 1
60 179 1
60 358 1
60 486 1
60 542 1
61 65 1
61 73 1
61 94 1
61 109 1
61 138 1
61 160 1
61 167 1
61 172 1
61 191 1
61 290 1
61 324 1
61 378 1
61 393 1
61 538 1
61 551 1
61 565 1
61 576 1
61 591 1
61 632 1
61 646 1
61 689 1
61 704 1
61 884 1
62 65 1
62 75 1
62 104 1
62 126 1
62 195 1
62 211 1
62 251 1
62 292 1
62 345 1
62 346 1
62 400 1
62 415 1
62 582 1
62 589 1
62 595 1
62 835 1
63 71 1
63 215 1
63 239 1
64 136 1
64 332 1
64 380 1
64 598 1
65 114 1
65 118 1
65 178 1
65 195 1
65 408 1
65 594 1
65 864 1
66 76 1
66 210 1
66 519 1
66 664 1
66 668 1
66 802 1
67 314 1
67 640 1
68 74 1
68 115 1
68 320 1
68 395 1
68 412 1
68 437 1
68 630 1
68 834 1
69 162 1
69 219 1
69 255 1
69 319 1
69 334 1
69 351 1
69 482 1
69 540 1
69 542 1
69 820 1
70 135 1
70 427 1
70 838 1
71 80 1
71 183 1
71 237 1
71 328 1
71 369 1
71 422 1
71 434 1
71 572 1
71 834 1
72 110 1
72 141 1
72 292 1
72 323 1
72 386 1
72 528 1
72 574 1
72 638 1
72 673 1
72 735 1
72 852 1
73 136 1
73 369 1
73 426 1
73 629 1
74 99 1
74 132 1
74 184 1
74 710 1
75 328 1
75 345 1
75 473 1
76 117 1
76 126 1
76 141 1
76 154 1
76 295 1
76 436 1
76 443 1
76 456 1
76 627 1
76 659 1
77 86 1
77 91 1
77 98 1
77 99 1
77 113 1
77 120 1
77 131 1
77 163 1
77 174 1
77 179 1
77 205 1
77 208 1
77 222 1
77 229 1
77 236 1
77 259 1
77 264 1
77 310 1
77 349 1
77 376 1
77 391 1
77 462 1
77 464 1
77 485 1
77 496 1
77 695 1
77 702 1
77 716 1
77 742 1
77 774 1
77 833 1
77 847 1
78 184 1
78 188 1
78 197 1
78 281 1
78 285 1
78 342 1
78 353 1
78 384 1
78 390 1
78 417 1
78 452 1
78 459 1
78 547 1
78 554 1
78 558 1
78 618 1
78 626 1
78 701 1
78 732 1
78 746 1
78 786 1
79 85 1
79 91 1
79 109 1
79 116 1
79 179 1
79 194 1
79 226 1
79 245 1
79 302 1
79 328 1
79 405 1
79 419 1
79 433 1
79 494 1
79 564 1
79 663 1
79 723 1
79 766 1
79 769 1
79 803 1
79 823 1
79 862 1
79 899 1
80 121 1
80 145 1
80 205 1
80 238 1
80 265 1
80 273 1
80 466 1
80 664 1
80 758 1
80 814 1
81 107 1
81 130 1
81 382 1
81 485 1
81 648 1
81 670 1
81 765 1
81 806 1
82 150 1
82 251 1
82 458 1
82 893 1
83 102 1
83 528 1
83 581 1
83 800 1
83 805 1
84 135 1
84 153 1
84 266 1
84 303 1
84 348 1
84 445 1
84 460 1
84 507 1
84 593 1
84 604 1
84 633 1
84 643 1
84 700 1
84 774 1
84 778 1
84 842 1
84 883 1
85 188 1
85 222 1
85 228 1
85 286 1
85 515 1
85 639 1
85 761 1
86 87 1
86 88 1
86 101 1
86 119 1
86 126 1
86 143 1
86 148 1
86 174 1
86 189 1
86 198 1
86 199 1
86 225 1
86 279 1
86 282 1
86 318 1
86 350 1
86 414 1
86 416 1
86 450 1
86 497 1
86 636 1
86 719 1
86 745 1
86 858 1
86 878 1
87 898 1
88 108 1
88 133 1
88 234 1
88 241 1
88 256 1
88 284 1
88 421 1
88 472 1
88 606 1
88 646 1
88 669 1
88 690 1
88 716 1
88 773 1
88 791 1
89 165 1
89 275 1
89 292 1
89 346 1
89 357 1
89 539 1
90 142 1
90 191 1
90 249 1
90 265 1
90 358 1
90 397 1
90 425 1
90 449 1
90 545 1
90 708 1
90 798 1
90 859 1
91 95 1
91 176 1
91 201 1
91 247 1
91 279 1
91 322 1
91 339 1
91 383 1
91 407 1
91 430 1
91 457 1
91 488 1
91 500 1
91 504 1
91 614 1
91 821 1
91 843 1
91 850 1
92 155 1
92 317 1
92 346 1
92 452 1
92 472 1
92 478 1
92 625 1
92 724 1
93 134 1
93 228 1
93 374 1
93 661 1
93 885 1
94 158 1
94 160 1
94 166 1
94 193 1
94 199 1
94 217 1
94 221 1
94 285 1
94 435 1
94 551 1
94 563 1
94 579 1
94 584 1
94 641 1
94 684 1
94 861 1
95 134 1
95 151 1
95 186 1
95 234 1
95 242 1
95 250 1
95 255 1
95 270 1
95 347 1
95 352 1
95 386 1
95 414 1
95 416 1
95 512 1
95 592 1
95 605 1
95 683 1
95 891 1
96 245 1
96 476 1
97 254 1
97 259 1
97 401 1
97 509 1
97 739 1
97 784 1
97 882 1
98 135 1
98 144 1
98 163 1
98 218 1
98 637 1
98 703 1
98 766 1
99 120 1
99 146 1
99 278 1
99 459 1
99 498 1
100 346 1
100 399 1
100 857 1
101 164 1
101 252 1
101 338 1
101 611 1
101 894 1
102 104 1
102 571 1
102 785 1
102 840 1
103 109 1
103 131 1
103 177 1
103 302 1
103 305 1
103 319 1
103 463 1
103 580 1
103 748 1
103 772 1
103 780 1
104 138 1
104 177 1
104 235 1
104 338 1
104 500 1
104 607 1
105 170 1
105 261 1
105 289 1
105 325 1
105 409 1
106 116 1
106 188 1
106 227 1
106 371 1
106 459 1
106 550 1
106 742 1
106 875 1
106 897 1
107 137 1
107 262 1
107 285 1
107 379 1
107 397 1
107 505 1
107 633 1
107 665 1
107 852 1
107 860 1
108 219 1
108 253 1
108 313 1
108 621 1
109 125 1
109 208 1
109 857 1
110 423 1
110 434 1
110 555 1
111 149 1
111 165 1
111 173 1
111 220 1
111 241 1
111 440 1
112 113 1
112 344 1
112 354 1
112 453 1
112 755 1
112 766 1
113 116 1
113 135 1
113 287 1
114 247 1
114 531 1
114 785 1
115 131 1
115 248 1
115 277 1
115 332 1
115 370 1
115 421 1
115 429 1
115 455 1
115 519 1
115 689 1
115 713 1
115 758 1
115 850 1
116 158 1
116 211 1
116 212 1
116 216 1
116 381 1
116 619 1
116 799 1
116 830 1
117 144 1
117 152 1
117 404 1
117 432 1
117 783 1
117 858 1
118 299 1
118 462 1
119 149 1
119 161 1
119 221 1
119 258 1
119 367 1
119 418 1
119 816 1
120 301 1
120 506 1
121 437 1
121 538 1
121 839 1
122 185 1
122 261 1
122 393 1
122 415 1
122 830 1
122 867 1
122 892 1
123 195 1
123 281 1
123 312 1
123 379 1
123 391 1
123 394 1
123 440 1
123 480 1
123 522 1
123 530 1
124 147 1
124 175 1
124 191 1
124 282 1
124 365 1
124 374 1
124 420 1
124 544 1
124 718 1
124 743 1
124 852 1
125 211 1
125 359 1
125 546 1
125 588 1
125 686 1
125 859 1
126 257 1
126 385 1
126 551 1
126 612 1
127 136 1
127 225 1
127 373 1
127 408 1
128 184 1
128 284 1
128 471 1
128 498 1
128 634 1
128 754 1
128 836 1
128 844 1
129 161 1
129 189 1
129 215 1
129 280 1
129 301 1
129 302 1
129 510 1
129 517 1
129 527 1
129 551 1
129 833 1
129 842 1
129 876 1
130 143 1
130 268 1
130 309 1
130 789 1
131 139 1
131 208 1
131 263 1
131 467 1
131 602 1
131 897 1
132 151 1
132 207 1
132 259 1
132 612 1
132 829 1
133 142 1
133 175 1
133 214 1
133 271 1
133 505 1
133 536 1
133 656 1
133 680 1
133 771 1
133 842 1
134 182 1
134 183 1
134 556 1
135 351 1
135 356 1
135 642 1
135 655 1
135 773 1
135 856 1
135 894 1
136 321 1
136 454 1
136 545 1
136 772 1
137 777 1
138 187 1
138 203 1
138 296 1
138 340 1
138 439 1
138 479 1
138 541 1
138 568 1
138 595 1
138 770 1
138 849 1
139 157 1
139 510 1
139 767 1
139 899 1
140 300 1
140 340 1
140 360 1
140 421 1
140 559 1
140 568 1
140 593 1
140 693 1
140 710 1
140 821 1
141 220 1
141 276 1
141 315 1
141 465 1
141 737 1
141 888 1
142 206 1
142 324 1
142 332 1
142 492 1
142 571 1
142 685 1
142 706 1
143 164 1
143 168 1
143 198 1
143 362 1
143 533 1
143 571 1
143 636 1
143 769 1
144 152 1
144 198 1
144 470 1
144 523 1
144 601 1
144 828 1
145 190 1
145 428 1
145 645 1
145 786 1
146 157 1
146 227 1
146 849 1
147 205 1
147 213 1
147 222 1
147 273 1
147 372 1
147 553 1
147 603 1
147 684 1
147 844 1
148 162 1
148 167 1
148 213 1
148 234 1
148 237 1
148 244 1
148 284 1
148 422 1
148 433 1
148 439 1
148 464 1
148 466 1
148 647 1
148 651 1
148 723 1
149 236 1
149 822 1
150 167 1
150 217 1
150 251 1
150 338 1
150 464 1
150 486 1
150 535 1
150 559 1
151 244 1
151 310 1
151 562 1
152 289 1
152 576 1
153 163 1
153 232 1
153 425 1
153 441 1
153 506 1
153 521 1
153 562 1
153 578 1
153 635 1
153 643 1
153 864 1
153 892 1
154 277 1
154 290 1
154 585 1
154 757 1
155 157 1
155 161 1
155 245 1
155 419 1
155 427 1
155 541 1
155 550 1
155 788 1
156 165 1
156 180 1
156 187 1
156 291 1
156 310 1
156 337 1
156 388 1
156 613 1
156 699 1
156 838 1
157 226 1
157 282 1
157 336 1
157 465 1
157 508 1
158 275 1
158 681 1
158 739 1
158 883 1
159 186 1
159 195 1
159 225 1
159 322 1
159 722 1
160 289 1
160 416 1
160 472 1
160 566 1
160 682 1
160 708 1
161 173 1
161 192 1
161 256 1
161 366 1
161 476 1
161 477 1
161 722 1
161 729 1
161 743 1
162 222 1
162 323 1
162 376 1
162 396 1
162 480 1
162 555 1
162 662 1
162 672 1
162 753 1
163 166 1
163 201 1
163 297 1
163 314 1
163 316 1
163 356 1
163 491 1
163 515 1
163 527 1
163 542 1
163 688 1
164 377 1
164 718 1
164 751 1
165 216 1
165 221 1
165 370 1
165 372 1
165 768 1
166 513 1
167 306 1
167 494 1
167 499 1
167 879 1
168 446 1
168 658 1
169 465 1
169 738 1
170 588 1
170 618 1
170 741 1
171 223 1
171 242 1
171 263 1
171 300 1
171 322 1
171 335 1
171 411 1
171 589 1
171 590 1
171 697 1
172 372 1
172 759 1
173 190 1
173 209 1
173 224 1
173 243 1
173 257 1
173 506 1
173 538 1
173 623 1
173 647 1
173 677 1
173 798 1
173 809 1
173 879 1
174 581 1
174 679 1
174 749 1
175 252 1
175 272 1
175 302 1
175 322 1
175 413 1
176 181 1
176 330 1
176 354 1
176 480 1
176 602 1
176 712 1
176 876 1
177 242 1
177 422 1
177 528 1
178 246 1
178 301 1
178 450 1
178 782 1
179 230 1
179 490 1
179 607 1
179 618 1
180 204 1
180 239 1
180 320 1
180 364 1
180 473 1
180 524 1
180 544 1
180 549 1
180 609 1
180 698 1
180 700 1
180 846 1
181 238 1
181 276 1
181 374 1
181 484 1
182 290 1
182 327 1
182 336 1
182 442 1
182 489 1
182 490 1
182 577 1
182 620 1
182 693 1
183 683 1
184 226 1
184 243 1
184 307 1
184 335 1
184 339 1
184 365 1
184 815 1
184 896 1
185 291 1
186 214 1
186 218 1
186 491 1
186 516 1
187 581 1
187 667 1
188 202 1
188 518 1
189 315 1
190 200 1
190 208 1
190 250 1
190 276 1
190 290 1
190 335 1
190 373 1
190 520 1
190 582 1
190 731 1
190 818 1
191 353 1
191 730 1
191 738 1
192 193 1
192 233 1
192 432 1
192 598 1
192 725 1
192 810 1
193 279 1
193 366 1
193 368 1
193 403 1
194 213 1
194 339 1
194 435 1
194 644 1
194 681 1
195 312 1
195 486 1
195 740 1
195 750 1
196 197 1
196 287 1
196 737 1
198 477 1
198 584 1
199 270 1
199 600 1
199 684 1
199 741 1
199 756 1
199 793 1
200 229 1
200 240 1
200 256 1
200 326 1
200 356 1
200 504 1
200 521 1
200 578 1
200 607 1
200 700 1
200 770 1
200 793 1
200 861 1
200 895 1
201 232 1
201 311 1
201 536 1
202 689 1
202 695 1
203 239 1
203 242 1
203 424 1
203 470 1
203 530 1
203 555 1
203 718 1
203 867 1
204 614 1
204 761 1
205 289 1
205 341 1
205 512 1
205 516 1
206 679 1
207 360 1
207 657 1
207 745 1
207 765 1
208 309 1
208 404 1
208 764 1
209 229 1
209 240 1
209 344 1
209 508 1
210 306 1
210 329 1
210 444 1
211 225 1
211 411 1
212 461 1
212 774 1
213 314 1
213 420 1
214 270 1
214 432 1
214 649 1
214 679 1
214 703 1
214 799 1
215 447 1
215 675 1
215 709 1
216 261 1
216 333 1
216 362 1
216 435 1
216 443 1
217 323 1
217 415 1
217 656 1
217 899 1
218 236 1
218 359 1
218 593 1
218 669 1
219 233 1
219 278 1
219 283 1
221 399 1
221 483 1
222 237 1
222 506 1
222 593 1
222 848 1
223 445 1
223 734 1
223 753 1
224 295 1
224 450 1
224 492 1
224 562 1
224 730 1
225 569 1
225 673 1
226 348 1
227 409 1
227 608 1
227 863 1
228 438 1
228 597 1
228 649 1
229 243 1
229 308 1
229 400 1
229 474 1
229 557 1
229 668 1
230 257 1
230 407 1
230 492 1
230 659 1
230 683 1
230 824 1
231 296 1
231 326 1
231 358 1
231 508 1
231 514 1
231 534 1
231 558 1
231 825 1
231 864 1
232 418 1
232 606 1
232 804 1
232 810 1
233 481 1
233 661 1
234 520 1
234 540 1
236 458 1
236 782 1
236 807 1
237 443 1
237 537 1
237 735 1
238 454 1
238 545 1
238 548 1
238 640 1
238 778 1
238 826 1
238 851 1
239 283 1
239 333 1
239 347 1
240 248 1
240 487 1
240 576 1
240 660 1
240 665 1
240 689 1
240 783 1
240 860 1
240 865 1
241 248 1
242 387 1
242 481 1
242 837 1
242 878 1
243 402 1
243 680 1
244 726 1
245 336 1
245 612 1
246 827 1
247 845 1
249 325 1
249 664 1
249 880 1
250 880 1
252 423 1
252 456 1
252 615 1
252 773 1
253 349 1
253 488 1
253 575 1
253 588 1
253 824 1
253 869 1
254 651 1
254 840 1
255 293 1
256 603 1
257 264 1
257 316 1
257 357 1
257 379 1
257 438 1
257 529 1
257 873 1
258 269 1
258 375 1
258 623 1
258 698 1
259 271 1
259 292 1
259 491 1
259 696 1
259 743 1
259 746 1
260 286 1
260 432 1
260 436 1
260 554 1
260 587 1
260 677 1
260 752 1
261 429 1
261 474 1
261 611 1
261 660 1
261 666 1
261 814 1
261 833 1
261 863 1
262 277 1
262 801 1
263 677 1
264 299 1
264 321 1
264 343 1
264 478 1
265 740 1
265 748 1
265 808 1
265 834 1
266 381 1
266 635 1
266 825 1
266 882 1
267 790 1
268 291 1
268 312 1
268 546 1
268 666 1
268 874 1
269 297 1
269 333 1
269 818 1
271 830 1
272 293 1
272 747 1
274 278 1
274 411 1
274 504 1
274 519 1
274 890 1
275 514 1
275 539 1
275 620 1
275 642 1
275 869 1
276 643 1
277 362 1
277 451 1
277 522 1
277 530 1
277 535 1
277 616 1
277 794 1
277 847 1
278 359 1
278 367 1
278 722 1
278 821 1
279 294 1
279 324 1
279 429 1
279 526 1
279 582 1
281 398 1
281 788 1
283 304 1
283 446 1
283 709 1
284 303 1
284 320 1
284 345 1
284 461 1
284 515 1
284 547 1
284 550 1
284 574 1
284 579 1
284 644 1
284 702 1
284 744 1
284 811 1
284 817 1
285 410 1
285 678 1
285 712 1
285 754 1
285 782 1
286 453 1
286 510 1
286 626 1
286 849 1
288 402 1
289 309 1
289 376 1
289 503 1
289 678 1
289 882 1
290 511 1
290 591 1
290 623 1
291 628 1
291 645 1
292 311 1
292 349 1
292 633 1
294 445 1
296 298 1
296 560 1
297 313 1
297 429 1
297 638 1
297 648 1
298 370 1
298 385 1
298 406 1
298 494 1
298 521 1
298 525 1
298 535 1
298 721 1
299 394 1
299 438 1
299 596 1
299 628 1
299 807 1
300 630 1
300 637 1
300 752 1
301 415 1
301 456 1
301 678 1
301 764 1
302 340 1
303 664 1
303 755 1
303 798 1
304 637 1
305 386 1
305 406 1
305 530 1
305 891 1
306 375 1
306 381 1
306 577 1
306 830 1
307 519 1
307 553 1
308 327 1
308 392 1
308 433 1
308 497 1
308 580 1
308 707 1
308 791 1
308 835 1
309 329 1
309 591 1
309 823 1
309 846 1
310 739 1
310 866 1
311 405 1
311 582 1
311 641 1
311 662 1
311 862 1
312 424 1
314 513 1
316 498 1
316 684 1
316 822 1
317 599 1
317 865 1
318 321 1
318 403 1
318 688 1
318 707 1
318 779 1
319 775 1
320 413 1
320 575 1
321 365 1
321 417 1
321 752 1
321 855 1
324 423 1
324 455 1
324 597 1
324 616 1
324 715 1
324 889 1
325 345 1
325 394 1
325 404 1
325 430 1
325 587 1
325 599 1
325 663 1
326 651 1
327 455 1
329 347 1
329 463 1
329 838 1
329 859 1
330 420 1
330 443 1
330 573 1
330 755 1
331 336 1
332 444 1
332 461 1
332 747 1
332 803 1
333 756 1
334 462 1
335 583 1
335 590 1
335 596 1
335 599 1
335 606 1
335 671 1
335 750 1
335 855 1
336 603 1
336 762 1
337 788 1
338 401 1
338 524 1
338 594 1
338 687 1
338 758 1
338 871 1
339 479 1
340 715 1
340 893 1
341 794 1
342 439 1
342 550 1
342 598 1
343 533 1
343 737 1
343 749 1
344 390 1
344 447 1
344 477 1
344 616 1
344 650 1
345 371 1
345 409 1
345 554 1
345 653 1
345 720 1
345 879 1
346 466 1
346 561 1
346 663 1
346 821 1
347 412 1
347 518 1
347 694 1
348 598 1
348 711 1
350 355 1
350 483 1
350 513 1
350 634 1
351 691 1
351 739 1
352 816 1
352 854 1
353 493 1
353 868 1
354 386 1
354 676 1
354 707 1
356 434 1
356 569 1
356 687 1
356 757 1
356 775 1
357 556 1
357 852 1
358 390 1
358 469 1
358 484 1
358 589 1
358 610 1
358 616 1
358 623 1
358 715 1
358 870 1
358 884 1
359 441 1
359 468 1
359 487 1
360 561 1
360 620 1
360 639 1
360 665 1
360 858 1
362 581 1
362 832 1
363 712 1
363 714 1
363 862 1
364 377 1
364 380 1
364 658 1
364 691 1
364 803 1
364 853 1
365 402 1
365 605 1
365 763 1
366 569 1
366 640 1
366 815 1
367 380 1
367 405 1
367 455 1
367 548 1
367 561 1
367 563 1
368 597 1
368 693 1
369 728 1
369 734 1
369 784 1
370 421 1
370 497 1
370 691 1
370 790 1
371 442 1
373 777 1
374 501 1
375 377 1
375 446 1
375 686 1
375 769 1
375 832 1
376 391 1
376 795 1
376 860 1
376 889 1
377 389 1
377 440 1
377 567 1
377 660 1
377 699 1
377 789 1
378 511 1
379 396 1
379 565 1
379 583 1
379 686 1
379 794 1
379 817 1
381 475 1
381 517 1
381 523 1
381 572 1
381 597 1
381 697 1
381 733 1
381 826 1
381 888 1
382 591 1
382 861 1
383 607 1
383 831 1
386 441 1
386 610 1
386 877 1
387 397 1
387 611 1
387 827 1
388 568 1
389 746 1
389 854 1
390 610 1
390 611 1
391 395 1
391 696 1
392 450 1
392 475 1
392 716 1
392 730 1
393 532 1
393 673 1
394 548 1
395 727 1
395 765 1
395 834 1
396 617 1
396 705 1
396 784 1
397 431 1
397 688 1
397 748 1
397 829 1
399 484 1
399 749 1
400 780 1
402 701 1
402 771 1
403 412 1
403 469 1
403 665 1
403 763 1
403 781 1
403 805 1
404 588 1
404 613 1
405 449 1
405 454 1
405 516 1
407 874 1
407 886 1
407 895 1
409 426 1
409 526 1
409 836 1
411 470 1
411 474 1
411 486 1
411 608 1
411 617 1
411 631 1
411 766 1
412 502 1
412 653 1
413 496 1
414 610 1
414 683 1
415 672 1
415 853 1
416 476 1
416 809 1
417 461 1
417 503 1
418 534 1
418 676 1
420 644 1
420 699 1
421 627 1
422 515 1
422 527 1
422 675 1
422 744 1
423 460 1
424 453 1
424 587 1
424 845 1
425 787 1
426 647 1
426 674 1
426 685 1
426 737 1
427 868 1
428 481 1
428 500 1
428 767 1
429 687 1
430 475 1
431 512 1
431 524 1
431 872 1
432 528 1
432 594 1
432 693 1
432 762 1
435 507 1
435 850 1
436 446 1
437 857 1
437 866 1
439 751 1
439 820 1
442 875 1
443 798 1
444 734 1
445 470 1
445 555 1
445 709 1
445 736 1
447 580 1
448 471 1
448 628 1
448 898 1
449 464 1
450 654 1
450 772 1
451 460 1
451 482 1
451 537 1
452 485 1
452 621 1
452 694 1
454 468 1
454 509 1
454 529 1
454 570 1
454 870 1
455 813 1
456 509 1
456 620 1
457 479 1
459 641 1
459 667 1
459 726 1
460 540 1
460 642 1
461 633 1
463 566 1
463 600 1
463 706 1
464 792 1
465 796 1
469 552 1
469 602 1
469 721 1
469 811 1
470 621 1
471 499 1
471 583 1
471 826 1
472 552 1
472 560 1
472 682 1
472 717 1
472 750 1
473 563 1
474 496 1
474 775 1
476 780 1
477 705 1
479 543 1
480 663 1
480 779 1
480 846 1
481 558 1
483 662 1
484 720 1
485 779 1
486 768 1
487 533 1
488 900 1
489 540 1
489 829 1
489 853 1
489 883 1
490 604 1
490 626 1
490 890 1
491 714 1
492 498 1
492 788 1
493 510 1
493 652 1
493 800 1
493 833 1
494 635 1
494 795 1
495 584 1
497 514 1
497 549 1
497 553 1
497 710 1
497 754 1
497 819 1
498 507 1
499 544 1
499 605 1
499 711 1
499 717 1
499 872 1
500 586 1
500 609 1
500 697 1
502 851 1
503 625 1
504 770 1
504 826 1
507 807 1
507 822 1
509 682 1
510 656 1
511 571 1
512 564 1
512 595 1
513 536 1
513 656 1
513 728 1
513 836 1
514 529 1
515 725 1
516 521 1
516 580 1
516 736 1
519 669 1
520 592 1
521 812 1
522 546 1
522 730 1
522 868 1
522 895 1
523 557 1
523 657 1
524 827 1
525 613 1
525 797 1
525 806 1
525 860 1
525 896 1
527 753 1
528 532 1
528 570 1
528 768 1
528 820 1
528 845 1
530 612 1
530 617 1
531 736 1
532 727 1
534 613 1
535 847 1
537 776 1
537 806 1
537 813 1
539 601 1
539 791 1
540 806 1
542 635 1
543 639 1
543 704 1
543 728 1
543 729 1
546 899 1
547 707 1
547 874 1
549 585 1
549 890 1
550 577 1
550 698 1
551 840 1
552 556 1
552 566 1
552 627 1
553 650 1
554 696 1
554 748 1
556 636 1
556 662 1
558 585 1
559 779 1
560 760 1
562 716 1
563 695 1
564 654 1
565 740 1
566 879 1
567 827 1
569 781 1
569 855 1
569 884 1
570 590 1
570 703 1
570 727 1
570 841 1
574 666 1
575 765 1
576 685 1
576 708 1
578 631 1
578 670 1
581 592 1
582 819 1
585 617 1
585 825 1
586 609 1
586 872 1
586 887 1
587 690 1
587 701 1
587 735 1
588 622 1
590 632 1
590 649 1
590 680 1
593 870 1
598 731 1
601 781 1
606 710 1
608 674 1
608 759 1
612 690 1
612 844 1
612 859 1
613 705 1
618 659 1
618 712 1
618 843 1
620 831 1
621 883 1
624 797 1
626 753 1
626 799 1
629 696 1
630 676 1
632 717 1
633 799 1
635 861 1
639 789 1
640 732 1
642 708 1
644 690 1
644 774 1
647 878 1
650 886 1
651 703 1
651 763 1
653 839 1
656 725 1
662 776 1
662 784 1
666 877 1
668 681 1
669 783 1
670 868 1
671 786 1
673 792 1
674 676 1
674 744 1
676 727 1
677 880 1
685 794 1
686 812 1
687 692 1
688 745 1
694 762 1
694 783 1
696 741 1
696 818 1
704 800 1
708 863 1
711 713 1
711 884 1
713 813 1
713 843 1
715 720 1
717 751 1
720 812 1
722 775 1
726 776 1
727 761 1
730 738 1
732 762 1
735 743 1
739 790 1
740 815 1
742 839 1
746 877 1
747 756 1
762 795 1
762 796 1
762 843 1
763 885 1
765 808 1
768 776 1
778 796 1
779 855 1
784 865 1
791 817 1
794 871 1
799 888 1
800 828 1
801 809 1
807 863 1
821 873 1
837 887 1
838 891 1
839 871 1
853 882 1
856 864 1
860 876 1
860 889 1
