1500 5984 
1 2 1
1 3 1
1 4 1
1 5 1
1 7 1
1 8 1
1 9 1
1 10 1
1 12 1
1 13 1
1 15 1
1 25 1
1 26 1
1 28 1
1 32 1
1 35 1
1 37 1
1 39 1
1 41 1
1 44 1
1 46 1
1 56 1
1 58 1
1 64 1
1 66 1
1 69 1
1 70 1
1 71 1
1 75 1
1 81 1
1 88 1
1 92 1
1 105 1
1 112 1
1 117 1
1 123 1
1 132 1
1 140 1
1 148 1
1 152 1
1 159 1
1 165 1
1 167 1
1 168 1
1 170 1
1 199 1
1 209 1
1 210 1
1 222 1
1 229 1
1 247 1
1 253 1
1 269 1
1 272 1
1 297 1
1 306 1
1 310 1
1 319 1
1 320 1
1 337 1
1 348 1
1 380 1
1 388 1
1 391 1
1 400 1
1 417 1
1 465 1
1 506 1
1 513 1
1 517 1
1 531 1
1 550 1
1 560 1
1 567 1
1 601 1
1 605 1
1 607 1
1 616 1
1 623 1
1 624 1
1 640 1
1 658 1
1 851 1
1 863 1
1 887 1
1 943 1
1 1066 1
1 1111 1
1 1114 1
1 1145 1
1 1154 1
1 1159 1
1 1202 1
1 1261 1
1 1262 1
1 1276 1
1 1279 1
1 1302 1
1 1343 1
1 1359 1
1 1410 1
1 1419 1
1 1436 1
1 1437 1
1 1457 1
1 1480 1
1 1487 1
2 6 1
2 8 1
2 17 1
2 34 1
2 36 1
2 38 1
2 40 1
2 48 1
2 57 1
2 68 1
2 71 1
2 73 1
2 79 1
2 102 1
2 115 1
2 126 1
2 145 1
2 175 1
2 223 1
2 235 1
2 449 1
2 463 1
2 521 1
2 590 1
2 638 1
2 692 1
2 771 1
2 788 1
2 884 1
2 963 1
2 972 1
2 1026 1
2 1044 1
2 1090 1
2 1125 1
2 1171 1
2 1222 1
2 1267 1
2 1381 1
2 1435 1
2 1451 1
2 1492 1
3 6 1
3 11 1
3 18 1
3 19 1
3 24 1
3 107 1
3 111 1
3 116 1
3 145 1
3 154 1
3 157 1
3 158 1
3 163 1
3 164 1
3 178 1
3 180 1
3 202 1
3 204 1
3 206 1
3 217 1
3 224 1
3 271 1
3 377 1
3 626 1
3 716 1
3 769 1
3 1004 1
3 1032 1
3 1053 1
3 1142 1
3 1182 1
3 1193 1
3 1196 1
3 1444 1
3 1473 1
3 1498 1
4 6 1
4 7 1
4 22 1
4 86 1
4 88 1
4 161 1
4 221 1
4 239 1
4 275 1
4 278 1
4 283 1
4 289 1
4 368 1
4 421 1
4 437 1
4 446 1
4 482 1
4 526 1
4 720 1
4 744 1
4 780 1
4 825 1
4 1058 1
4 1165 1
4 1180 1
4 1201 1
4 1209 1
4 1404 1
5 6 1
5 7 1
5 8 1
5 10 1
5 14 1
5 15 1
5 16 1
5 23 1
5 32 1
5 42 1
5 47 1
5 52 1
5 63 1
5 72 1
5 73 1
5 74 1
5 116 1
5 124 1
5 127 1
5 137 1
5 149 1
5 153 1
5 182 1
5 188 1
5 212 1
5 225 1
5 254 1
5 270 1
5 309 1
5 334 1
5 353 1
5 397 1
5 447 1
5 451 1
5 456 1
5 459 1
5 610 1
5 651 1
5 674 1
5 695 1
5 701 1
5 712 1
5 787 1
5 794 1
5 799 1
5 818 1
5 854 1
5 917 1
5 964 1
5 1030 1
5 1042 1
5 1081 1
5 1109 1
5 1166 1
5 1200 1
5 1263 1
6 7 1
6 8 1
6 9 1
6 11 1
6 16 1
6 47 1
6 49 1
6 51 1
6 62 1
6 67 1
6 75 1
6 87 1
6 109 1
6 155 1
6 191 1
6 207 1
6 313 1
6 323 1
6 345 1
6 348 1
6 475 1
6 490 1
6 511 1
6 569 1
6 570 1
6 596 1
6 644 1
6 677 1
6 694 1
6 720 1
6 741 1
6 757 1
6 964 1
6 1047 1
6 1066 1
6 1103 1
6 1151 1
6 1214 1
6 1230 1
7 9 1
7 10 1
7 11 1
7 12 1
7 13 1
7 14 1
7 15 1
7 17 1
7 18 1
7 19 1
7 21 1
7 22 1
7 25 1
7 26 1
7 27 1
7 28 1
7 30 1
7 32 1
7 36 1
7 50 1
7 56 1
7 58 1
7 61 1
7 68 1
7 70 1
7 76 1
7 77 1
7 87 1
7 90 1
7 108 1
7 117 1
7 118 1
7 120 1
7 129 1
7 136 1
7 148 1
7 160 1
7 161 1
7 182 1
7 185 1
7 188 1
7 195 1
7 201 1
7 203 1
7 204 1
7 215 1
7 220 1
7 222 1
7 232 1
7 233 1
7 244 1
7 247 1
7 248 1
7 249 1
7 253 1
7 257 1
7 261 1
7 266 1
7 267 1
7 268 1
7 280 1
7 283 1
7 286 1
7 301 1
7 308 1
7 312 1
7 325 1
7 336 1
7 339 1
7 352 1
7 359 1
7 363 1
7 365 1
7 373 1
7 379 1
7 383 1
7 409 1
7 443 1
7 445 1
7 458 1
7 463 1
7 472 1
7 485 1
7 491 1
7 496 1
7 504 1
7 522 1
7 524 1
7 525 1
7 535 1
7 575 1
7 593 1
7 616 1
7 620 1
7 658 1
7 731 1
7 737 1
7 740 1
7 759 1
7 809 1
7 818 1
7 831 1
7 844 1
7 856 1
7 867 1
7 876 1
7 912 1
7 950 1
7 954 1
7 960 1
7 968 1
7 976 1
7 1063 1
7 1092 1
7 1121 1
7 1122 1
7 1139 1
7 1143 1
7 1152 1
7 1155 1
7 1165 1
7 1166 1
7 1171 1
7 1187 1
7 1194 1
7 1200 1
7 1202 1
7 1212 1
7 1215 1
7 1238 1
7 1241 1
7 1249 1
7 1259 1
7 1311 1
7 1345 1
7 1355 1
7 1380 1
7 1389 1
7 1392 1
7 1399 1
7 1417 1
7 1420 1
7 1422 1
7 1425 1
7 1427 1
7 1432 1
7 1446 1
7 1490 1
8 9 1
8 10 1
8 12 1
8 17 1
8 19 1
8 20 1
8 22 1
8 25 1
8 26 1
8 27 1
8 37 1
8 43 1
8 44 1
8 47 1
8 53 1
8 59 1
8 74 1
8 84 1
8 89 1
8 92 1
8 97 1
8 102 1
8 120 1
8 128 1
8 130 1
8 134 1
8 138 1
8 139 1
8 153 1
8 158 1
8 166 1
8 167 1
8 206 1
8 244 1
8 258 1
8 282 1
8 295 1
8 302 1
8 311 1
8 313 1
8 331 1
8 338 1
8 355 1
8 384 1
8 385 1
8 387 1
8 428 1
8 432 1
8 436 1
8 460 1
8 462 1
8 471 1
8 478 1
8 522 1
8 576 1
8 581 1
8 631 1
8 660 1
8 667 1
8 673 1
8 690 1
8 716 1
8 718 1
8 756 1
8 758 1
8 768 1
8 797 1
8 911 1
8 924 1
8 928 1
8 975 1
8 980 1
8 1010 1
8 1038 1
8 1047 1
8 1048 1
8 1051 1
8 1064 1
8 1088 1
8 1111 1
8 1141 1
8 1206 1
8 1216 1
8 1298 1
8 1327 1
8 1329 1
8 1358 1
8 1359 1
8 1409 1
8 1444 1
8 1463 1
8 1474 1
8 1494 1
9 12 1
9 14 1
9 21 1
9 28 1
9 29 1
9 33 1
9 35 1
9 39 1
9 45 1
9 52 1
9 64 1
9 66 1
9 77 1
9 81 1
9 90 1
9 92 1
9 98 1
9 114 1
9 119 1
9 138 1
9 141 1
9 150 1
9 165 1
9 171 1
9 192 1
9 202 1
9 220 1
9 229 1
9 246 1
9 250 1
9 269 1
9 318 1
9 343 1
9 377 1
9 418 1
9 428 1
9 453 1
9 454 1
9 465 1
9 496 1
9 509 1
9 546 1
9 548 1
9 609 1
9 627 1
9 641 1
9 646 1
9 675 1
9 714 1
9 742 1
9 743 1
9 777 1
9 848 1
9 860 1
9 870 1
9 904 1
9 937 1
9 950 1
9 1027 1
9 1047 1
9 1073 1
9 1082 1
9 1088 1
9 1117 1
9 1126 1
9 1175 1
9 1205 1
9 1230 1
9 1299 1
9 1319 1
9 1366 1
9 1407 1
9 1426 1
10 11 1
10 13 1
10 16 1
10 20 1
10 21 1
10 23 1
10 27 1
10 29 1
10 30 1
10 31 1
10 33 1
10 39 1
10 40 1
10 42 1
10 43 1
10 45 1
10 46 1
10 52 1
10 59 1
10 60 1
10 63 1
10 64 1
10 67 1
10 78 1
10 81 1
10 82 1
10 95 1
10 96 1
10 101 1
10 113 1
10 114 1
10 118 1
10 125 1
10 129 1
10 137 1
10 138 1
10 145 1
10 168 1
10 175 1
10 176 1
10 206 1
10 209 1
10 210 1
10 229 1
10 232 1
10 243 1
10 245 1
10 246 1
10 252 1
10 257 1
10 260 1
10 264 1
10 276 1
10 278 1
10 296 1
10 304 1
10 305 1
10 323 1
10 340 1
10 347 1
10 357 1
10 375 1
10 403 1
10 459 1
10 480 1
10 481 1
10 484 1
10 497 1
10 506 1
10 526 1
10 534 1
10 552 1
10 562 1
10 589 1
10 614 1
10 619 1
10 642 1
10 660 1
10 663 1
10 682 1
10 691 1
10 706 1
10 728 1
10 760 1
10 768 1
10 778 1
10 790 1
10 797 1
10 804 1
10 807 1
10 824 1
10 832 1
10 839 1
10 840 1
10 862 1
10 868 1
10 911 1
10 990 1
10 996 1
10 1027 1
10 1029 1
10 1031 1
10 1053 1
10 1074 1
10 1075 1
10 1078 1
10 1123 1
10 1194 1
10 1215 1
10 1255 1
10 1281 1
10 1359 1
10 1381 1
10 1384 1
10 1442 1
10 1452 1
10 1466 1
10 1479 1
10 1485 1
11 13 1
11 14 1
11 15 1
11 17 1
11 23 1
11 29 1
11 34 1
11 41 1
11 57 1
11 70 1
11 78 1
11 82 1
11 88 1
11 89 1
11 112 1
11 113 1
11 134 1
11 135 1
11 154 1
11 187 1
11 227 1
11 246 1
11 275 1
11 284 1
11 304 1
11 334 1
11 349 1
11 354 1
11 367 1
11 372 1
11 436 1
11 449 1
11 470 1
11 516 1
11 535 1
11 554 1
11 574 1
11 593 1
11 610 1
11 613 1
11 641 1
11 693 1
11 700 1
11 701 1
11 733 1
11 747 1
11 882 1
11 896 1
11 923 1
11 931 1
11 1013 1
11 1023 1
11 1045 1
11 1046 1
11 1144 1
11 1169 1
11 1170 1
11 1210 1
11 1364 1
11 1377 1
11 1461 1
11 1462 1
12 18 1
12 30 1
12 31 1
12 48 1
12 58 1
12 62 1
12 96 1
12 123 1
12 160 1
12 198 1
12 219 1
12 255 1
12 276 1
12 298 1
12 323 1
12 364 1
12 377 1
12 380 1
12 396 1
12 419 1
12 558 1
12 570 1
12 578 1
12 599 1
12 658 1
12 729 1
12 767 1
12 780 1
12 824 1
12 844 1
12 847 1
12 920 1
12 979 1
12 999 1
12 1010 1
12 1012 1
12 1020 1
12 1024 1
12 1067 1
12 1179 1
12 1207 1
12 1227 1
12 1289 1
12 1293 1
12 1305 1
12 1326 1
12 1353 1
12 1357 1
12 1464 1
13 67 1
13 97 1
13 122 1
13 142 1
13 156 1
13 210 1
13 246 1
13 277 1
13 338 1
13 362 1
13 393 1
13 400 1
13 567 1
13 704 1
13 730 1
13 885 1
13 902 1
13 970 1
13 1161 1
13 1259 1
13 1290 1
13 1356 1
13 1468 1
14 19 1
14 28 1
14 142 1
14 147 1
14 171 1
14 299 1
14 305 1
14 405 1
14 417 1
14 478 1
14 496 1
14 677 1
14 792 1
14 878 1
14 894 1
14 959 1
14 965 1
14 980 1
14 1137 1
14 1156 1
14 1258 1
14 1405 1
15 16 1
15 20 1
15 23 1
15 24 1
15 25 1
15 30 1
15 38 1
15 42 1
15 62 1
15 71 1
15 100 1
15 104 1
15 121 1
15 135 1
15 137 1
15 139 1
15 146 1
15 160 1
15 186 1
15 192 1
15 214 1
15 217 1
15 228 1
15 233 1
15 243 1
15 256 1
15 262 1
15 314 1
15 319 1
15 323 1
15 326 1
15 327 1
15 397 1
15 423 1
15 459 1
15 473 1
15 489 1
15 492 1
15 507 1
15 577 1
15 590 1
15 597 1
15 617 1
15 627 1
15 630 1
15 651 1
15 675 1
15 715 1
15 727 1
15 731 1
15 732 1
15 740 1
15 768 1
15 823 1
15 827 1
15 849 1
15 851 1
15 864 1
15 896 1
15 916 1
15 931 1
15 941 1
15 962 1
15 1000 1
15 1004 1
15 1036 1
15 1069 1
15 1080 1
15 1090 1
15 1129 1
15 1207 1
15 1210 1
15 1268 1
15 1292 1
15 1309 1
15 1311 1
15 1374 1
15 1379 1
15 1388 1
15 1396 1
15 1443 1
15 1467 1
15 1481 1
15 1494 1
15 1499 1
16 18 1
16 21 1
16 31 1
16 48 1
16 49 1
16 84 1
16 111 1
16 217 1
16 221 1
16 233 1
16 238 1
16 247 1
16 282 1
16 324 1
16 348 1
16 376 1
16 427 1
16 461 1
16 466 1
16 475 1
16 494 1
16 499 1
16 514 1
16 515 1
16 516 1
16 529 1
16 535 1
16 555 1
16 653 1
16 654 1
16 669 1
16 705 1
16 728 1
16 841 1
16 921 1
16 1017 1
16 1040 1
16 1060 1
16 1146 1
16 1279 1
16 1289 1
16 1397 1
17 22 1
17 24 1
17 34 1
17 37 1
17 39 1
17 44 1
17 48 1
17 57 1
17 72 1
17 76 1
17 110 1
17 118 1
17 123 1
17 140 1
17 149 1
17 150 1
17 191 1
17 211 1
17 248 1
17 258 1
17 285 1
17 292 1
17 294 1
17 307 1
17 320 1
17 366 1
17 368 1
17 396 1
17 418 1
17 461 1
17 465 1
17 500 1
17 572 1
17 623 1
17 638 1
17 642 1
17 697 1
17 703 1
17 705 1
17 823 1
17 835 1
17 850 1
17 853 1
17 892 1
17 908 1
17 1046 1
17 1059 1
17 1100 1
17 1150 1
17 1365 1
17 1384 1
17 1402 1
17 1424 1
17 1427 1
17 1459 1
17 1486 1
18 54 1
18 59 1
18 67 1
18 99 1
18 124 1
18 125 1
18 132 1
18 156 1
18 341 1
18 342 1
18 365 1
18 395 1
18 572 1
18 989 1
18 1370 1
19 20 1
19 26 1
19 33 1
19 41 1
19 51 1
19 61 1
19 63 1
19 77 1
19 87 1
19 90 1
19 92 1
19 100 1
19 103 1
19 112 1
19 127 1
19 131 1
19 134 1
19 186 1
19 189 1
19 202 1
19 207 1
19 217 1
19 234 1
19 237 1
19 243 1
19 279 1
19 324 1
19 374 1
19 378 1
19 394 1
19 408 1
19 415 1
19 420 1
19 428 1
19 431 1
19 437 1
19 455 1
19 501 1
19 564 1
19 711 1
19 763 1
19 790 1
19 791 1
19 800 1
19 829 1
19 856 1
19 878 1
19 903 1
19 910 1
19 929 1
19 979 1
19 981 1
19 1107 1
19 1177 1
19 1188 1
19 1198 1
19 1230 1
19 1257 1
19 1345 1
19 1428 1
19 1444 1
19 1461 1
19 1463 1
20 33 1
20 38 1
20 43 1
20 56 1
20 68 1
20 69 1
20 73 1
20 77 1
20 93 1
20 97 1
20 100 1
20 113 1
20 115 1
20 165 1
20 173 1
20 184 1
20 195 1
20 199 1
20 224 1
20 251 1
20 271 1
20 301 1
20 303 1
20 426 1
20 439 1
20 441 1
20 442 1
20 447 1
20 475 1
20 512 1
20 550 1
20 551 1
20 554 1
20 558 1
20 594 1
20 611 1
20 618 1
20 660 1
20 666 1
20 679 1
20 692 1
20 693 1
20 734 1
20 769 1
20 785 1
20 802 1
20 805 1
20 818 1
20 841 1
20 879 1
20 888 1
20 901 1
20 977 1
20 1016 1
20 1045 1
20 1051 1
20 1108 1
20 1157 1
20 1170 1
20 1226 1
20 1438 1
20 1462 1
21 27 1
21 44 1
21 69 1
21 87 1
21 101 1
21 127 1
21 163 1
21 169 1
21 182 1
21 183 1
21 185 1
21 213 1
21 290 1
21 343 1
21 352 1
21 395 1
21 398 1
21 432 1
21 461 1
21 504 1
21 515 1
21 651 1
21 676 1
21 685 1
21 707 1
21 715 1
21 744 1
21 796 1
21 799 1
21 846 1
21 930 1
21 990 1
21 1003 1
21 1020 1
21 1032 1
21 1139 1
21 1221 1
21 1316 1
21 1322 1
21 1487 1
22 24 1
22 43 1
22 51 1
22 54 1
22 60 1
22 108 1
22 144 1
22 152 1
22 173 1
22 190 1
22 197 1
22 208 1
22 241 1
22 259 1
22 270 1
22 309 1
22 330 1
22 332 1
22 357 1
22 371 1
22 376 1
22 451 1
22 482 1
22 505 1
22 598 1
22 602 1
22 611 1
22 649 1
22 678 1
22 679 1
22 827 1
22 846 1
22 898 1
22 926 1
22 1181 1
22 1235 1
22 1274 1
22 1285 1
22 1334 1
22 1400 1
22 1416 1
22 1457 1
22 1490 1
23 46 1
23 164 1
23 242 1
23 262 1
23 274 1
23 471 1
23 490 1
23 493 1
23 586 1
23 603 1
23 662 1
23 738 1
23 807 1
23 819 1
23 848 1
23 876 1
23 893 1
23 1063 1
23 1070 1
23 1074 1
23 1223 1
23 1349 1
23 1429 1
24 36 1
24 49 1
24 64 1
24 79 1
24 108 1
24 122 1
24 134 1
24 215 1
24 241 1
24 280 1
24 292 1
24 420 1
24 454 1
24 529 1
24 577 1
24 646 1
24 855 1
24 1030 1
24 1035 1
24 1127 1
24 1202 1
24 1353 1
24 1406 1
24 1425 1
25 38 1
25 66 1
25 85 1
25 99 1
25 121 1
25 129 1
25 143 1
25 262 1
25 337 1
25 563 1
25 565 1
25 600 1
25 621 1
25 694 1
25 696 1
25 702 1
25 742 1
25 744 1
25 884 1
25 947 1
25 1040 1
25 1078 1
25 1146 1
25 1159 1
25 1182 1
25 1209 1
25 1243 1
25 1343 1
25 1415 1
26 32 1
26 40 1
26 41 1
26 95 1
26 106 1
26 114 1
26 115 1
26 119 1
26 144 1
26 146 1
26 175 1
26 176 1
26 177 1
26 211 1
26 215 1
26 227 1
26 236 1
26 243 1
26 272 1
26 290 1
26 330 1
26 356 1
26 412 1
26 417 1
26 439 1
26 445 1
26 520 1
26 664 1
26 730 1
26 774 1
26 886 1
26 921 1
26 935 1
26 1014 1
26 1096 1
26 1154 1
26 1207 1
26 1242 1
26 1339 1
26 1455 1
27 29 1
27 36 1
27 37 1
27 49 1
27 91 1
27 106 1
27 125 1
27 269 1
27 292 1
27 364 1
27 401 1
27 432 1
27 755 1
27 772 1
27 891 1
27 1064 1
27 1085 1
27 1269 1
28 42 1
28 85 1
28 98 1
28 133 1
28 153 1
28 200 1
28 287 1
28 303 1
28 514 1
28 654 1
28 685 1
28 814 1
28 883 1
28 887 1
28 927 1
28 948 1
28 1112 1
28 1139 1
28 1225 1
28 1298 1
29 31 1
29 40 1
29 47 1
29 50 1
29 65 1
29 72 1
29 109 1
29 124 1
29 136 1
29 138 1
29 140 1
29 197 1
29 206 1
29 274 1
29 288 1
29 402 1
29 416 1
29 419 1
29 420 1
29 424 1
29 438 1
29 547 1
29 684 1
29 726 1
29 734 1
29 764 1
29 903 1
29 968 1
29 986 1
29 1029 1
29 1127 1
29 1190 1
29 1262 1
29 1314 1
30 88 1
30 91 1
30 96 1
30 143 1
30 181 1
30 191 1
30 225 1
30 244 1
30 302 1
30 306 1
30 327 1
30 439 1
30 509 1
30 533 1
30 542 1
30 549 1
30 553 1
30 588 1
30 680 1
30 721 1
30 812 1
30 871 1
30 983 1
30 988 1
30 1021 1
30 1050 1
30 1085 1
30 1128 1
30 1251 1
30 1311 1
30 1341 1
30 1407 1
30 1414 1
30 1430 1
30 1482 1
30 1491 1
31 34 1
31 45 1
31 53 1
31 55 1
31 58 1
31 60 1
31 65 1
31 68 1
31 84 1
31 104 1
31 111 1
31 126 1
31 130 1
31 133 1
31 136 1
31 174 1
31 218 1
31 224 1
31 228 1
31 264 1
31 315 1
31 347 1
31 351 1
31 359 1
31 369 1
31 383 1
31 427 1
31 491 1
31 535 1
31 634 1
31 665 1
31 715 1
31 869 1
31 877 1
31 880 1
31 955 1
31 1009 1
31 1063 1
31 1167 1
31 1212 1
31 1345 1
31 1390 1
32 35 1
32 46 1
32 53 1
32 110 1
32 141 1
32 180 1
32 289 1
32 316 1
32 341 1
32 387 1
32 403 1
32 424 1
32 496 1
32 508 1
32 534 1
32 537 1
32 820 1
32 865 1
32 961 1
32 980 1
32 1191 1
32 1233 1
32 1242 1
32 1433 1
32 1437 1
33 35 1
33 54 1
33 55 1
33 172 1
33 205 1
33 216 1
33 227 1
33 250 1
33 286 1
33 301 1
33 330 1
33 339 1
33 371 1
33 394 1
33 396 1
33 495 1
33 522 1
33 591 1
33 594 1
33 626 1
33 669 1
33 676 1
33 692 1
33 804 1
33 877 1
33 879 1
33 918 1
33 944 1
33 1052 1
33 1062 1
33 1066 1
33 1119 1
33 1128 1
33 1217 1
33 1297 1
33 1372 1
33 1373 1
33 1411 1
34 50 1
34 57 1
34 65 1
34 69 1
34 110 1
34 130 1
34 136 1
34 183 1
34 184 1
34 197 1
34 214 1
34 229 1
34 259 1
34 352 1
34 378 1
34 409 1
34 410 1
34 492 1
34 497 1
34 577 1
34 588 1
34 606 1
34 609 1
34 656 1
34 670 1
34 699 1
34 900 1
34 937 1
34 993 1
34 1250 1
34 1284 1
34 1286 1
34 1316 1
34 1338 1
34 1344 1
34 1376 1
34 1477 1
35 63 1
35 173 1
35 179 1
35 189 1
35 286 1
35 294 1
35 431 1
35 495 1
35 867 1
35 903 1
35 1009 1
35 1034 1
35 1095 1
36 101 1
36 203 1
36 521 1
36 525 1
36 538 1
36 582 1
36 650 1
36 753 1
36 785 1
36 983 1
36 1149 1
36 1167 1
37 52 1
37 80 1
37 142 1
37 183 1
37 362 1
37 389 1
37 420 1
37 423 1
37 527 1
37 648 1
37 654 1
37 670 1
37 879 1
37 988 1
37 1335 1
37 1350 1
38 45 1
38 55 1
38 172 1
38 213 1
38 326 1
38 340 1
38 344 1
38 350 1
38 406 1
38 468 1
38 487 1
38 544 1
38 558 1
38 670 1
38 786 1
38 893 1
38 904 1
38 924 1
38 928 1
38 1222 1
38 1247 1
38 1261 1
38 1269 1
38 1407 1
39 78 1
39 147 1
39 220 1
39 235 1
39 350 1
39 371 1
39 383 1
39 465 1
39 555 1
39 599 1
39 636 1
39 706 1
39 1069 1
39 1171 1
39 1281 1
39 1296 1
39 1372 1
40 50 1
40 53 1
40 55 1
40 60 1
40 101 1
40 124 1
40 169 1
40 218 1
40 239 1
40 372 1
40 444 1
40 463 1
40 520 1
40 559 1
40 664 1
40 674 1
40 680 1
40 702 1
40 713 1
40 769 1
40 908 1
40 910 1
40 928 1
40 982 1
40 1117 1
40 1250 1
40 1471 1
41 59 1
41 91 1
41 142 1
41 150 1
41 155 1
41 170 1
41 249 1
41 255 1
41 258 1
41 259 1
41 288 1
41 297 1
41 318 1
41 403 1
41 414 1
41 443 1
41 468 1
41 540 1
41 557 1
41 900 1
41 942 1
41 1108 1
41 1120 1
41 1158 1
41 1246 1
41 1292 1
41 1371 1
41 1422 1
42 82 1
42 122 1
42 223 1
42 270 1
42 372 1
42 398 1
42 412 1
42 450 1
42 573 1
42 601 1
42 668 1
42 757 1
42 898 1
42 1185 1
42 1186 1
42 1283 1
43 51 1
43 209 1
43 235 1
43 279 1
43 452 1
43 562 1
43 615 1
43 739 1
43 809 1
43 939 1
43 945 1
43 1054 1
43 1194 1
43 1403 1
44 61 1
44 84 1
44 147 1
44 240 1
44 251 1
44 281 1
44 366 1
44 416 1
44 419 1
44 483 1
44 503 1
44 523 1
44 554 1
44 579 1
44 657 1
44 676 1
44 732 1
44 934 1
44 978 1
44 1175 1
44 1263 1
44 1316 1
45 120 1
45 121 1
45 141 1
45 150 1
45 194 1
45 208 1
45 219 1
45 290 1
45 292 1
45 321 1
45 448 1
45 503 1
45 508 1
45 520 1
45 569 1
45 673 1
45 1039 1
45 1293 1
45 1479 1
46 54 1
46 203 1
46 462 1
46 679 1
46 867 1
46 1130 1
46 1347 1
46 1349 1
47 73 1
47 135 1
47 645 1
47 747 1
47 929 1
47 1050 1
47 1489 1
48 56 1
48 83 1
48 106 1
48 128 1
48 158 1
48 162 1
48 212 1
48 296 1
48 364 1
48 379 1
48 382 1
48 390 1
48 416 1
48 426 1
48 434 1
48 504 1
48 539 1
48 552 1
48 591 1
48 592 1
48 607 1
48 629 1
48 646 1
48 655 1
48 663 1
48 717 1
48 722 1
48 923 1
48 961 1
48 994 1
48 1056 1
49 86 1
49 99 1
49 117 1
49 122 1
49 162 1
49 189 1
49 628 1
49 648 1
49 761 1
49 842 1
49 1000 1
49 1235 1
49 1414 1
50 61 1
50 72 1
50 74 1
50 86 1
50 107 1
50 119 1
50 170 1
50 209 1
50 219 1
50 240 1
50 261 1
50 381 1
50 382 1
50 385 1
50 455 1
50 553 1
50 604 1
50 637 1
50 745 1
50 752 1
50 799 1
50 802 1
50 951 1
50 992 1
50 1242 1
50 1449 1
51 103 1
51 129 1
51 186 1
51 283 1
51 507 1
51 610 1
51 678 1
51 909 1
51 917 1
51 1003 1
51 1022 1
51 1024 1
52 62 1
52 71 1
52 79 1
52 104 1
52 105 1
52 107 1
52 109 1
52 115 1
52 163 1
52 179 1
52 183 1
52 195 1
52 211 1
52 256 1
52 265 1
52 270 1
52 320 1
52 365 1
52 390 1
52 510 1
52 526 1
52 566 1
52 626 1
52 704 1
52 754 1
52 822 1
52 905 1
52 919 1
52 930 1
52 1106 1
52 1187 1
52 1214 1
52 1252 1
52 1317 1
52 1321 1
52 1330 1
52 1485 1
53 65 1
53 131 1
53 175 1
53 176 1
53 231 1
53 293 1
53 378 1
53 708 1
53 732 1
53 884 1
53 892 1
53 1048 1
53 1164 1
53 1205 1
53 1243 1
53 1370 1
53 1404 1
53 1424 1
54 86 1
54 128 1
54 311 1
54 353 1
54 362 1
54 386 1
54 388 1
54 404 1
54 700 1
54 1018 1
55 152 1
55 174 1
55 185 1
55 196 1
55 221 1
55 236 1
55 430 1
55 569 1
55 572 1
55 584 1
55 697 1
55 775 1
55 893 1
55 956 1
55 1208 1
55 1296 1
55 1410 1
56 89 1
56 218 1
56 902 1
57 74 1
57 75 1
57 78 1
57 221 1
57 308 1
57 724 1
57 1071 1
57 1146 1
57 1291 1
57 1454 1
57 1476 1
58 76 1
58 80 1
58 106 1
58 119 1
58 190 1
58 204 1
58 233 1
58 236 1
58 238 1
58 247 1
58 289 1
58 316 1
58 325 1
58 392 1
58 408 1
58 471 1
58 519 1
58 655 1
58 762 1
58 820 1
58 1041 1
58 1236 1
58 1424 1
59 70 1
59 85 1
59 143 1
59 162 1
59 213 1
59 253 1
59 401 1
59 486 1
59 644 1
59 725 1
59 824 1
59 870 1
59 939 1
59 1023 1
59 1123 1
60 75 1
60 79 1
60 83 1
60 97 1
60 98 1
60 99 1
60 205 1
60 222 1
60 225 1
60 281 1
60 293 1
60 313 1
60 333 1
60 421 1
60 502 1
60 643 1
60 940 1
60 1029 1
60 1131 1
60 1132 1
60 1271 1
60 1342 1
60 1366 1
61 66 1
61 82 1
61 105 1
61 120 1
61 154 1
61 293 1
61 456 1
61 482 1
61 604 1
61 981 1
62 85 1
62 94 1
62 152 1
62 188 1
62 480 1
62 497 1
62 643 1
62 694 1
62 722 1
62 819 1
62 918 1
62 946 1
62 989 1
62 1334 1
63 93 1
63 277 1
63 493 1
63 530 1
63 536 1
63 544 1
63 1153 1
63 1448 1
63 1500 1
64 112 1
64 130 1
64 171 1
64 263 1
64 276 1
64 285 1
64 317 1
64 510 1
64 650 1
64 661 1
64 746 1
64 767 1
64 816 1
64 956 1
64 1124 1
64 1167 1
64 1192 1
64 1213 1
64 1485 1
65 83 1
65 108 1
65 125 1
65 176 1
65 178 1
65 200 1
65 256 1
65 260 1
65 391 1
65 406 1
65 411 1
65 414 1
65 415 1
65 468 1
65 495 1
65 568 1
65 571 1
65 620 1
65 660 1
65 661 1
65 724 1
65 786 1
65 852 1
65 1022 1
65 1120 1
65 1147 1
65 1152 1
65 1153 1
65 1204 1
65 1281 1
65 1421 1
65 1464 1
66 102 1
66 103 1
66 111 1
66 128 1
66 141 1
66 273 1
66 355 1
66 428 1
66 580 1
66 754 1
66 784 1
66 1018 1
66 1048 1
66 1225 1
67 80 1
67 190 1
67 213 1
67 232 1
67 259 1
67 433 1
67 486 1
67 523 1
67 532 1
67 619 1
67 687 1
67 750 1
67 764 1
67 820 1
67 868 1
67 901 1
67 905 1
67 954 1
67 963 1
67 996 1
67 1032 1
67 1068 1
67 1075 1
67 1147 1
67 1231 1
67 1341 1
67 1355 1
67 1362 1
67 1450 1
68 196 1
68 365 1
68 411 1
68 769 1
69 151 1
69 775 1
70 148 1
70 198 1
70 262 1
70 308 1
70 381 1
70 389 1
70 390 1
70 528 1
70 761 1
70 914 1
70 975 1
70 1160 1
70 1496 1
71 110 1
71 164 1
71 328 1
71 388 1
71 559 1
71 600 1
71 714 1
71 759 1
71 766 1
71 776 1
71 789 1
71 821 1
71 1049 1
71 1059 1
71 1177 1
71 1308 1
71 1383 1
71 1389 1
72 83 1
72 254 1
72 490 1
72 538 1
72 860 1
73 76 1
73 89 1
73 98 1
73 165 1
73 245 1
73 299 1
73 312 1
73 435 1
73 456 1
73 530 1
73 559 1
73 622 1
73 638 1
73 787 1
73 830 1
73 1007 1
73 1091 1
74 109 1
74 177 1
74 187 1
74 275 1
74 445 1
74 483 1
74 548 1
74 578 1
74 703 1
74 722 1
74 800 1
74 903 1
74 986 1
75 81 1
75 91 1
75 146 1
75 174 1
75 191 1
75 194 1
75 293 1
75 375 1
75 388 1
75 390 1
75 511 1
75 637 1
75 698 1
75 707 1
75 845 1
75 999 1
75 1174 1
75 1216 1
75 1218 1
75 1335 1
75 1486 1
76 80 1
76 94 1
76 116 1
76 131 1
76 172 1
76 198 1
76 216 1
76 228 1
76 234 1
76 404 1
76 438 1
76 442 1
76 519 1
76 743 1
76 746 1
76 838 1
76 973 1
76 1002 1
76 1028 1
76 1176 1
76 1189 1
76 1191 1
76 1463 1
76 1491 1
77 95 1
77 132 1
77 207 1
77 287 1
77 363 1
77 778 1
77 1298 1
77 1361 1
77 1418 1
78 184 1
78 240 1
78 252 1
78 263 1
78 385 1
78 710 1
78 920 1
78 960 1
78 990 1
78 1496 1
80 94 1
80 194 1
80 272 1
80 325 1
80 399 1
80 400 1
80 573 1
80 636 1
80 740 1
80 750 1
80 1037 1
80 1064 1
80 1094 1
80 1228 1
80 1440 1
81 100 1
81 113 1
81 132 1
81 237 1
81 267 1
81 278 1
81 301 1
81 352 1
81 469 1
81 506 1
81 681 1
81 857 1
81 930 1
81 1228 1
81 1251 1
82 154 1
82 405 1
82 587 1
82 863 1
82 963 1
82 979 1
83 93 1
83 94 1
83 200 1
83 370 1
83 381 1
83 495 1
83 832 1
83 859 1
83 927 1
83 958 1
83 1012 1
83 1262 1
83 1264 1
83 1297 1
83 1333 1
84 151 1
84 172 1
84 198 1
84 224 1
84 267 1
84 294 1
84 366 1
84 514 1
84 748 1
84 976 1
84 1037 1
84 1065 1
84 1106 1
84 1169 1
84 1335 1
85 93 1
85 143 1
85 151 1
85 231 1
85 250 1
85 257 1
85 322 1
85 332 1
85 483 1
85 523 1
85 628 1
85 656 1
85 715 1
85 719 1
85 775 1
85 827 1
85 937 1
85 944 1
85 984 1
85 1005 1
85 1076 1
85 1148 1
85 1196 1
85 1292 1
85 1302 1
85 1314 1
86 118 1
86 159 1
86 178 1
86 215 1
86 355 1
86 360 1
86 414 1
86 467 1
86 568 1
86 645 1
86 751 1
86 760 1
86 774 1
86 1075 1
86 1104 1
86 1214 1
87 135 1
87 166 1
87 210 1
87 216 1
87 313 1
87 360 1
87 386 1
87 488 1
87 499 1
87 550 1
87 565 1
87 575 1
87 702 1
87 861 1
87 864 1
87 1040 1
87 1105 1
87 1178 1
87 1238 1
87 1290 1
87 1378 1
87 1455 1
88 178 1
88 208 1
88 277 1
88 382 1
88 392 1
88 513 1
88 944 1
88 1017 1
88 1233 1
89 90 1
89 126 1
89 139 1
89 193 1
89 366 1
89 492 1
89 671 1
89 1016 1
89 1103 1
89 1408 1
89 1439 1
90 96 1
90 144 1
90 219 1
90 234 1
90 344 1
90 467 1
90 925 1
90 940 1
90 989 1
90 1109 1
90 1241 1
90 1243 1
91 149 1
91 168 1
91 195 1
91 223 1
91 230 1
91 239 1
91 339 1
91 340 1
91 489 1
91 906 1
91 913 1
91 1136 1
91 1170 1
91 1496 1
92 137 1
92 182 1
92 205 1
92 242 1
92 416 1
92 440 1
92 501 1
92 549 1
92 569 1
92 669 1
92 762 1
92 994 1
92 1104 1
92 1176 1
92 1275 1
92 1395 1
92 1430 1
92 1467 1
93 300 1
93 457 1
93 484 1
93 596 1
93 1035 1
93 1176 1
93 1291 1
93 1324 1
94 95 1
94 127 1
94 131 1
94 169 1
94 179 1
94 230 1
94 297 1
94 545 1
94 556 1
94 612 1
94 812 1
94 840 1
94 845 1
94 846 1
94 1030 1
94 1059 1
94 1116 1
94 1174 1
94 1332 1
94 1360 1
94 1400 1
95 114 1
95 140 1
95 148 1
95 151 1
95 169 1
95 173 1
95 181 1
95 242 1
95 318 1
95 336 1
95 351 1
95 371 1
95 494 1
95 541 1
95 555 1
95 624 1
95 637 1
95 655 1
95 823 1
95 834 1
95 897 1
95 966 1
95 1030 1
95 1069 1
95 1227 1
95 1236 1
95 1326 1
95 1367 1
95 1382 1
96 729 1
97 158 1
97 201 1
97 226 1
97 295 1
97 387 1
97 1035 1
97 1265 1
98 104 1
98 133 1
98 474 1
98 946 1
98 1073 1
98 1097 1
98 1394 1
98 1471 1
99 157 1
99 245 1
99 360 1
99 585 1
99 813 1
99 1014 1
100 297 1
100 337 1
100 369 1
100 453 1
100 532 1
100 992 1
101 102 1
101 103 1
101 211 1
101 226 1
101 257 1
101 309 1
101 331 1
101 581 1
101 593 1
101 675 1
101 712 1
101 750 1
101 875 1
101 933 1
101 1029 1
101 1093 1
102 238 1
102 300 1
102 317 1
102 367 1
102 382 1
102 440 1
102 498 1
102 505 1
102 625 1
102 808 1
102 860 1
102 938 1
102 1053 1
103 105 1
103 107 1
103 116 1
103 187 1
103 190 1
103 394 1
103 731 1
103 916 1
103 1054 1
103 1116 1
103 1229 1
103 1241 1
103 1310 1
103 1351 1
103 1402 1
104 133 1
104 272 1
104 344 1
104 521 1
104 665 1
104 689 1
104 704 1
104 707 1
104 730 1
104 735 1
104 926 1
104 951 1
104 978 1
104 1070 1
104 1212 1
104 1235 1
105 153 1
105 326 1
105 539 1
105 563 1
105 692 1
105 812 1
105 1090 1
105 1172 1
105 1253 1
105 1265 1
105 1329 1
105 1495 1
106 162 1
106 177 1
106 364 1
106 379 1
106 485 1
106 544 1
106 647 1
106 711 1
106 931 1
106 938 1
106 1058 1
106 1122 1
106 1177 1
106 1290 1
106 1416 1
106 1466 1
107 188 1
107 194 1
107 271 1
107 621 1
107 776 1
107 837 1
107 850 1
107 948 1
107 1442 1
107 1445 1
107 1468 1
108 273 1
108 298 1
108 597 1
108 1421 1
109 380 1
109 451 1
109 476 1
109 553 1
109 791 1
109 1072 1
109 1291 1
110 117 1
110 361 1
110 434 1
110 561 1
110 586 1
110 1181 1
110 1270 1
111 582 1
111 1286 1
111 1433 1
112 121 1
112 167 1
112 189 1
112 276 1
112 331 1
112 374 1
112 484 1
112 571 1
112 601 1
112 662 1
112 831 1
112 885 1
112 1027 1
112 1273 1
112 1447 1
113 196 1
113 325 1
113 383 1
113 969 1
113 1118 1
114 139 1
114 429 1
114 993 1
114 1457 1
115 123 1
115 166 1
115 185 1
115 234 1
115 295 1
115 376 1
115 449 1
115 515 1
115 539 1
115 670 1
115 681 1
115 813 1
115 829 1
115 872 1
115 878 1
115 972 1
115 1077 1
115 1237 1
115 1303 1
115 1497 1
116 266 1
116 1408 1
117 126 1
117 280 1
117 393 1
117 437 1
117 449 1
117 625 1
117 1002 1
117 1010 1
117 1086 1
117 1087 1
117 1482 1
118 171 1
118 203 1
118 891 1
118 1011 1
118 1062 1
118 1294 1
118 1307 1
119 144 1
119 249 1
119 261 1
119 288 1
119 345 1
119 491 1
119 494 1
119 534 1
119 654 1
119 782 1
119 836 1
119 844 1
119 936 1
119 941 1
119 1119 1
119 1135 1
120 294 1
120 458 1
120 795 1
120 821 1
120 842 1
120 857 1
120 1164 1
120 1311 1
120 1438 1
121 155 1
121 322 1
121 343 1
121 457 1
121 541 1
121 544 1
121 911 1
121 987 1
121 1154 1
122 184 1
122 193 1
122 212 1
122 283 1
122 332 1
122 369 1
122 785 1
122 948 1
122 1005 1
122 1201 1
122 1246 1
122 1395 1
123 164 1
123 408 1
124 174 1
124 245 1
124 254 1
124 828 1
124 855 1
124 906 1
125 196 1
125 227 1
125 284 1
125 285 1
125 393 1
125 438 1
125 466 1
125 521 1
125 595 1
125 605 1
125 695 1
125 709 1
125 973 1
125 1007 1
125 1197 1
125 1288 1
126 166 1
126 214 1
126 354 1
126 454 1
126 458 1
126 464 1
126 472 1
126 481 1
126 517 1
126 543 1
126 619 1
126 1001 1
126 1155 1
126 1158 1
126 1226 1
126 1244 1
126 1252 1
127 791 1
127 1410 1
128 156 1
128 331 1
128 410 1
128 589 1
128 771 1
128 797 1
128 1348 1
129 273 1
129 743 1
129 1137 1
130 155 1
130 201 1
130 311 1
130 350 1
130 354 1
130 589 1
130 609 1
130 805 1
130 862 1
130 897 1
130 1150 1
130 1178 1
130 1184 1
130 1331 1
131 840 1
131 918 1
131 1123 1
131 1171 1
131 1390 1
132 187 1
132 266 1
132 281 1
132 287 1
132 374 1
132 668 1
132 870 1
132 942 1
132 1128 1
132 1239 1
132 1246 1
132 1297 1
133 159 1
133 607 1
133 764 1
133 915 1
133 1055 1
134 226 1
134 232 1
134 235 1
134 487 1
134 696 1
134 741 1
134 811 1
134 835 1
134 1001 1
134 1122 1
134 1164 1
134 1288 1
134 1351 1
135 212 1
135 251 1
135 285 1
135 305 1
135 395 1
135 505 1
135 640 1
135 696 1
135 704 1
135 858 1
135 866 1
135 983 1
136 251 1
136 413 1
136 473 1
136 486 1
136 575 1
136 668 1
136 684 1
136 796 1
136 1019 1
137 147 1
137 567 1
137 759 1
137 821 1
137 888 1
137 955 1
138 181 1
138 441 1
138 442 1
138 617 1
138 647 1
138 731 1
138 793 1
138 796 1
138 985 1
138 1096 1
138 1273 1
138 1448 1
139 180 1
139 307 1
139 349 1
139 621 1
139 709 1
139 760 1
139 806 1
139 816 1
139 839 1
139 897 1
139 1360 1
140 146 1
140 157 1
140 205 1
140 226 1
140 274 1
140 291 1
140 324 1
140 329 1
140 341 1
140 373 1
140 402 1
140 441 1
140 481 1
140 556 1
140 564 1
140 566 1
140 639 1
140 689 1
140 699 1
140 736 1
140 899 1
140 968 1
140 1024 1
140 1061 1
140 1132 1
140 1169 1
140 1337 1
140 1440 1
140 1449 1
141 170 1
141 343 1
141 346 1
141 477 1
141 656 1
141 708 1
141 1498 1
142 488 1
142 779 1
142 874 1
143 330 1
143 335 1
143 459 1
143 566 1
143 576 1
143 773 1
143 790 1
143 924 1
143 1083 1
143 1378 1
143 1472 1
144 145 1
144 477 1
144 562 1
144 1028 1
145 160 1
145 236 1
145 261 1
145 314 1
145 469 1
145 514 1
145 527 1
145 1217 1
146 204 1
146 424 1
146 756 1
146 1049 1
146 1193 1
146 1224 1
146 1273 1
146 1384 1
147 193 1
147 241 1
147 260 1
147 307 1
147 317 1
147 359 1
147 423 1
147 477 1
147 511 1
147 534 1
147 683 1
147 736 1
147 847 1
147 914 1
147 987 1
147 1276 1
147 1372 1
148 149 1
148 201 1
148 267 1
148 557 1
148 596 1
148 778 1
148 857 1
148 866 1
148 922 1
148 1103 1
148 1211 1
148 1239 1
148 1463 1
149 156 1
149 159 1
149 181 1
149 199 1
149 358 1
149 394 1
149 442 1
149 524 1
149 563 1
149 591 1
149 592 1
149 710 1
149 1054 1
149 1068 1
149 1147 1
149 1149 1
149 1265 1
149 1498 1
150 161 1
150 239 1
150 254 1
150 321 1
150 327 1
150 419 1
150 430 1
150 630 1
150 636 1
150 1143 1
150 1306 1
150 1460 1
151 230 1
151 265 1
151 345 1
151 368 1
151 380 1
151 430 1
151 440 1
151 518 1
151 547 1
151 634 1
151 710 1
151 723 1
151 794 1
151 935 1
151 1173 1
152 263 1
152 960 1
152 1111 1
153 708 1
153 953 1
153 1057 1
154 418 1
154 435 1
154 934 1
155 168 1
155 228 1
155 398 1
155 448 1
155 608 1
155 724 1
155 757 1
155 865 1
155 967 1
155 1151 1
156 157 1
156 161 1
156 163 1
156 167 1
156 202 1
156 470 1
156 543 1
156 939 1
156 1234 1
156 1465 1
156 1474 1
157 230 1
157 314 1
157 560 1
157 583 1
157 659 1
157 786 1
157 914 1
157 1101 1
157 1157 1
158 307 1
158 527 1
158 932 1
158 1303 1
158 1320 1
158 1421 1
158 1489 1
159 691 1
159 882 1
159 1091 1
159 1209 1
160 268 1
160 446 1
160 471 1
160 507 1
160 513 1
160 727 1
160 734 1
160 798 1
160 1026 1
160 1283 1
160 1415 1
161 264 1
161 268 1
161 356 1
161 424 1
161 462 1
161 706 1
161 1077 1
161 1421 1
161 1452 1
162 328 1
162 346 1
162 353 1
162 515 1
162 570 1
162 722 1
162 794 1
162 873 1
162 995 1
162 1048 1
162 1118 1
162 1135 1
162 1184 1
163 418 1
163 431 1
163 574 1
163 672 1
163 750 1
163 1008 1
163 1016 1
164 237 1
164 507 1
164 770 1
164 1277 1
165 180 1
165 200 1
165 214 1
165 284 1
165 399 1
165 413 1
165 460 1
165 487 1
165 491 1
165 597 1
165 766 1
165 772 1
165 889 1
165 908 1
165 922 1
165 1129 1
165 1181 1
165 1428 1
166 223 1
166 273 1
166 395 1
166 610 1
166 620 1
166 825 1
166 1200 1
166 1363 1
167 186 1
167 291 1
167 868 1
168 208 1
168 282 1
168 314 1
168 951 1
168 1424 1
169 404 1
169 480 1
169 573 1
169 695 1
169 716 1
169 791 1
169 997 1
169 1045 1
169 1267 1
169 1366 1
169 1473 1
170 242 1
170 281 1
170 375 1
170 483 1
170 564 1
170 606 1
170 762 1
170 815 1
170 1080 1
170 1087 1
170 1477 1
171 1221 1
172 179 1
172 629 1
172 635 1
172 728 1
172 934 1
172 1006 1
172 1009 1
172 1115 1
172 1437 1
173 841 1
174 177 1
174 296 1
174 373 1
174 429 1
174 474 1
174 501 1
174 573 1
174 605 1
174 758 1
174 866 1
174 971 1
174 1021 1
174 1383 1
174 1429 1
174 1462 1
175 192 1
175 304 1
175 952 1
175 1134 1
176 255 1
176 263 1
176 264 1
176 425 1
176 492 1
176 690 1
176 700 1
176 869 1
176 1051 1
176 1407 1
177 207 1
177 727 1
177 878 1
177 985 1
177 987 1
178 861 1
178 1031 1
179 193 1
179 347 1
179 653 1
179 1182 1
179 1227 1
179 1257 1
179 1396 1
179 1425 1
180 231 1
180 338 1
180 1098 1
180 1134 1
181 197 1
181 244 1
181 248 1
181 253 1
181 306 1
181 322 1
181 642 1
181 689 1
181 705 1
181 814 1
181 868 1
181 894 1
181 982 1
181 1103 1
181 1168 1
181 1310 1
181 1341 1
181 1346 1
181 1440 1
181 1441 1
181 1450 1
182 220 1
182 622 1
182 647 1
182 713 1
182 1021 1
182 1050 1
182 1186 1
182 1210 1
182 1363 1
182 1431 1
183 688 1
183 894 1
183 945 1
183 981 1
183 1272 1
183 1414 1
183 1422 1
184 192 1
184 216 1
184 287 1
184 463 1
184 511 1
184 1201 1
185 671 1
185 1183 1
186 300 1
186 355 1
186 796 1
186 837 1
186 993 1
186 1172 1
186 1253 1
187 255 1
187 335 1
187 406 1
187 444 1
187 549 1
187 609 1
187 665 1
187 835 1
187 836 1
187 887 1
187 969 1
187 1249 1
187 1387 1
188 1408 1
189 231 1
189 299 1
189 340 1
189 498 1
189 1375 1
189 1416 1
189 1422 1
190 332 1
190 571 1
190 752 1
190 756 1
190 1159 1
190 1470 1
191 500 1
191 524 1
191 587 1
191 621 1
191 753 1
191 765 1
191 1229 1
191 1373 1
191 1413 1
192 289 1
192 344 1
192 373 1
192 527 1
192 545 1
192 616 1
192 617 1
192 712 1
192 765 1
192 788 1
192 795 1
192 887 1
192 1069 1
192 1121 1
192 1198 1
192 1267 1
192 1342 1
192 1364 1
192 1365 1
192 1429 1
192 1434 1
193 199 1
193 336 1
193 361 1
193 409 1
193 458 1
193 826 1
193 918 1
193 1287 1
193 1320 1
193 1384 1
194 252 1
194 279 1
194 317 1
194 543 1
194 749 1
194 792 1
194 854 1
194 1382 1
194 1461 1
195 308 1
195 328 1
195 335 1
195 342 1
195 519 1
195 816 1
195 1126 1
195 1459 1
195 1492 1
196 298 1
197 421 1
197 1031 1
197 1033 1
197 1152 1
197 1197 1
197 1456 1
198 328 1
198 372 1
198 470 1
198 540 1
198 551 1
198 671 1
198 798 1
198 822 1
198 997 1
198 1041 1
198 1448 1
199 260 1
199 278 1
199 291 1
199 316 1
199 592 1
199 789 1
199 941 1
199 1000 1
199 1135 1
199 1309 1
199 1351 1
200 238 1
200 546 1
200 590 1
200 1039 1
201 392 1
201 652 1
202 240 1
202 348 1
202 440 1
202 557 1
202 689 1
202 872 1
202 1013 1
202 1144 1
202 1226 1
203 337 1
203 411 1
203 947 1
203 957 1
203 1023 1
203 1152 1
203 1420 1
204 256 1
204 356 1
204 719 1
204 751 1
204 1169 1
205 375 1
205 408 1
205 738 1
205 766 1
205 893 1
205 1093 1
205 1095 1
205 1145 1
205 1487 1
206 271 1
206 279 1
206 310 1
206 508 1
206 547 1
206 779 1
206 792 1
206 926 1
206 1038 1
206 1288 1
207 489 1
207 653 1
207 1114 1
208 218 1
208 225 1
208 302 1
208 774 1
208 1476 1
209 282 1
209 623 1
210 319 1
210 358 1
210 686 1
210 1032 1
210 1388 1
210 1461 1
211 478 1
211 536 1
211 579 1
211 1254 1
211 1460 1
212 831 1
212 883 1
212 1296 1
212 1321 1
212 1491 1
213 518 1
213 553 1
213 566 1
213 969 1
213 1102 1
213 1204 1
213 1276 1
213 1472 1
214 312 1
214 415 1
214 931 1
214 1333 1
215 306 1
215 426 1
215 974 1
215 1224 1
216 265 1
216 274 1
216 405 1
216 593 1
216 747 1
216 767 1
216 779 1
216 794 1
216 803 1
216 1393 1
216 1428 1
216 1494 1
217 237 1
217 479 1
217 917 1
217 1097 1
217 1250 1
218 222 1
218 305 1
218 310 1
218 425 1
218 447 1
218 466 1
218 579 1
218 1028 1
218 1493 1
219 266 1
219 391 1
219 602 1
219 926 1
219 954 1
219 1141 1
219 1440 1
220 718 1
220 784 1
220 930 1
221 268 1
221 434 1
221 693 1
222 1162 1
222 1225 1
222 1499 1
223 315 1
223 327 1
223 358 1
223 433 1
223 455 1
223 810 1
223 1220 1
224 528 1
224 574 1
224 639 1
224 709 1
224 717 1
224 825 1
224 1184 1
224 1271 1
224 1304 1
224 1319 1
224 1483 1
225 241 1
225 386 1
225 479 1
225 503 1
225 885 1
225 1015 1
226 342 1
226 358 1
226 864 1
226 913 1
226 973 1
226 1439 1
227 435 1
227 512 1
227 634 1
227 705 1
227 880 1
228 379 1
228 723 1
228 925 1
228 1033 1
228 1060 1
228 1138 1
228 1221 1
228 1239 1
228 1410 1
229 258 1
229 384 1
229 415 1
229 457 1
229 474 1
229 502 1
229 859 1
229 1204 1
230 316 1
230 410 1
230 414 1
230 464 1
230 630 1
230 679 1
230 681 1
230 993 1
230 1115 1
230 1153 1
230 1352 1
231 248 1
231 290 1
231 1231 1
232 361 1
232 448 1
232 633 1
232 735 1
232 1342 1
232 1358 1
232 1370 1
232 1392 1
232 1394 1
232 1447 1
233 252 1
233 269 1
233 277 1
233 354 1
233 490 1
233 547 1
233 639 1
233 754 1
233 856 1
233 877 1
233 1185 1
233 1195 1
233 1387 1
233 1406 1
234 312 1
234 334 1
234 351 1
234 494 1
234 1211 1
234 1321 1
235 370 1
235 509 1
235 659 1
235 1027 1
235 1332 1
235 1497 1
236 398 1
236 417 1
236 991 1
236 1025 1
237 580 1
237 846 1
237 863 1
237 967 1
237 1082 1
237 1348 1
238 280 1
238 481 1
238 618 1
238 781 1
238 807 1
238 843 1
238 855 1
238 927 1
238 974 1
239 311 1
239 341 1
239 557 1
239 756 1
239 836 1
239 1270 1
239 1330 1
240 265 1
240 333 1
240 346 1
240 402 1
240 499 1
240 582 1
240 616 1
240 747 1
240 833 1
240 1095 1
240 1264 1
240 1386 1
241 295 1
241 329 1
241 407 1
241 429 1
241 539 1
241 580 1
241 739 1
241 1119 1
241 1188 1
242 275 1
242 532 1
242 613 1
242 614 1
242 665 1
242 1019 1
243 453 1
243 522 1
243 1297 1
244 249 1
244 546 1
244 690 1
244 801 1
244 971 1
244 1447 1
245 336 1
245 367 1
245 370 1
245 498 1
245 602 1
245 603 1
245 619 1
245 1003 1
245 1098 1
245 1480 1
246 298 1
246 691 1
246 1018 1
246 1120 1
246 1254 1
246 1444 1
247 1062 1
247 1178 1
247 1377 1
248 250 1
248 498 1
248 682 1
248 1026 1
248 1385 1
250 727 1
250 965 1
251 433 1
251 645 1
251 733 1
251 745 1
251 936 1
251 1205 1
251 1451 1
252 389 1
252 518 1
252 1052 1
253 402 1
253 443 1
253 595 1
253 748 1
253 749 1
253 819 1
253 1131 1
253 1490 1
254 302 1
254 335 1
254 612 1
254 658 1
254 1240 1
255 411 1
255 608 1
256 357 1
256 396 1
256 413 1
256 450 1
256 477 1
256 707 1
256 716 1
256 809 1
256 909 1
256 1019 1
256 1175 1
256 1379 1
257 288 1
257 429 1
257 516 1
257 543 1
257 625 1
257 895 1
257 940 1
257 1052 1
257 1236 1
257 1428 1
257 1484 1
257 1493 1
258 300 1
258 550 1
258 598 1
258 629 1
258 777 1
258 900 1
258 1036 1
258 1229 1
258 1313 1
258 1328 1
258 1372 1
258 1420 1
259 455 1
259 661 1
259 726 1
259 729 1
259 899 1
259 1111 1
259 1219 1
260 361 1
260 500 1
260 781 1
261 541 1
261 617 1
261 624 1
261 666 1
261 1245 1
261 1452 1
262 284 1
262 725 1
262 764 1
262 777 1
262 1409 1
263 333 1
263 339 1
263 391 1
263 437 1
263 637 1
263 998 1
263 1066 1
263 1072 1
263 1090 1
263 1102 1
263 1129 1
264 345 1
264 406 1
264 434 1
264 474 1
264 601 1
264 814 1
264 939 1
264 953 1
264 1312 1
264 1431 1
265 353 1
265 397 1
265 407 1
265 872 1
265 1405 1
266 476 1
266 738 1
267 590 1
267 673 1
267 803 1
267 815 1
267 1381 1
268 318 1
268 322 1
268 627 1
268 1100 1
268 1132 1
269 667 1
269 912 1
269 1196 1
270 315 1
270 401 1
270 413 1
270 546 1
270 556 1
270 570 1
270 686 1
270 734 1
270 975 1
270 1068 1
270 1293 1
271 412 1
271 657 1
271 782 1
271 882 1
271 1008 1
273 545 1
273 647 1
273 733 1
273 763 1
273 1015 1
273 1110 1
273 1248 1
273 1339 1
274 725 1
274 819 1
274 877 1
274 1056 1
274 1148 1
274 1270 1
274 1456 1
275 387 1
275 574 1
275 1039 1
275 1376 1
276 315 1
276 820 1
276 1067 1
276 1204 1
277 296 1
277 329 1
277 653 1
277 1244 1
277 1266 1
278 1043 1
278 1162 1
279 309 1
279 403 1
279 410 1
279 422 1
279 441 1
279 530 1
279 563 1
279 643 1
279 688 1
279 861 1
279 913 1
279 1041 1
279 1084 1
279 1396 1
279 1483 1
280 303 1
280 357 1
280 376 1
280 444 1
280 552 1
280 1038 1
280 1271 1
280 1378 1
280 1457 1
281 286 1
281 350 1
282 1083 1
283 928 1
284 291 1
284 385 1
284 632 1
284 710 1
284 881 1
284 965 1
284 1187 1
284 1220 1
285 528 1
285 1232 1
286 470 1
286 733 1
286 743 1
286 925 1
286 958 1
287 1140 1
287 1356 1
288 784 1
288 920 1
289 363 1
289 500 1
289 530 1
289 571 1
289 1076 1
289 1300 1
289 1398 1
290 304 1
290 359 1
290 529 1
290 1160 1
290 1285 1
291 299 1
291 605 1
291 740 1
291 795 1
291 853 1
291 888 1
291 1151 1
291 1306 1
291 1430 1
291 1488 1
292 512 1
292 538 1
293 320 1
293 615 1
293 634 1
293 683 1
293 858 1
293 1246 1
293 1451 1
293 1469 1
294 303 1
294 333 1
294 367 1
294 506 1
294 924 1
295 448 1
296 349 1
296 384 1
296 677 1
296 1045 1
296 1098 1
297 324 1
297 347 1
297 537 1
297 540 1
297 607 1
297 822 1
297 1338 1
297 1352 1
298 369 1
298 399 1
298 422 1
298 430 1
298 453 1
298 555 1
298 746 1
298 761 1
298 949 1
299 321 1
299 356 1
299 404 1
299 435 1
299 684 1
299 688 1
299 1320 1
300 319 1
300 612 1
300 811 1
300 1326 1
301 326 1
301 526 1
301 907 1
301 1446 1
302 362 1
302 581 1
302 644 1
302 682 1
302 739 1
302 746 1
302 830 1
302 839 1
303 384 1
303 499 1
303 537 1
303 596 1
303 1033 1
303 1100 1
303 1275 1
304 452 1
304 996 1
305 370 1
305 389 1
305 577 1
305 890 1
305 902 1
305 986 1
305 1485 1
306 310 1
306 334 1
306 800 1
306 966 1
306 1371 1
306 1453 1
307 393 1
307 519 1
307 804 1
307 842 1
307 906 1
307 972 1
307 1007 1
307 1339 1
308 595 1
308 604 1
308 718 1
308 735 1
308 755 1
308 870 1
308 1011 1
308 1089 1
308 1218 1
309 531 1
309 1043 1
310 493 1
310 726 1
310 797 1
310 806 1
310 828 1
310 941 1
310 1084 1
310 1167 1
310 1385 1
311 1059 1
311 1130 1
311 1166 1
311 1237 1
311 1266 1
312 565 1
312 712 1
312 724 1
312 1412 1
313 405 1
313 594 1
314 321 1
314 436 1
314 497 1
314 765 1
314 1419 1
314 1500 1
315 479 1
315 1203 1
315 1232 1
316 427 1
316 454 1
316 582 1
317 551 1
317 662 1
317 699 1
317 832 1
317 1023 1
317 1136 1
317 1309 1
318 386 1
318 407 1
318 432 1
318 564 1
318 576 1
318 640 1
318 714 1
318 723 1
318 807 1
318 927 1
318 1020 1
319 558 1
319 936 1
319 1157 1
319 1248 1
320 329 1
320 351 1
320 407 1
320 748 1
320 773 1
320 896 1
320 943 1
320 989 1
320 1044 1
320 1215 1
321 765 1
322 338 1
322 425 1
322 826 1
322 1092 1
322 1272 1
322 1322 1
322 1369 1
323 883 1
324 342 1
324 378 1
324 1367 1
325 709 1
325 889 1
325 1289 1
326 447 1
326 485 1
326 567 1
326 875 1
326 1085 1
326 1199 1
327 478 1
327 778 1
327 1306 1
327 1367 1
329 400 1
329 583 1
329 792 1
329 977 1
329 1208 1
330 363 1
330 1279 1
331 349 1
331 431 1
331 444 1
331 844 1
331 1168 1
331 1247 1
331 1363 1
331 1499 1
332 377 1
332 606 1
332 630 1
332 951 1
333 397 1
333 901 1
333 1025 1
333 1364 1
334 346 1
334 374 1
334 560 1
334 728 1
334 851 1
334 915 1
335 505 1
335 789 1
335 1222 1
336 462 1
336 487 1
336 518 1
336 561 1
336 737 1
336 789 1
336 827 1
336 843 1
336 1242 1
336 1474 1
337 533 1
337 691 1
337 1268 1
338 608 1
338 730 1
338 790 1
338 1100 1
339 484 1
339 628 1
340 602 1
340 865 1
340 1481 1
343 1267 1
344 538 1
344 779 1
344 1101 1
345 633 1
345 954 1
345 1114 1
345 1256 1
345 1460 1
346 1310 1
346 1317 1
347 1300 1
348 452 1
349 360 1
349 583 1
349 1078 1
350 502 1
350 548 1
350 672 1
350 748 1
350 803 1
350 810 1
350 1106 1
351 693 1
351 732 1
351 751 1
351 780 1
351 848 1
351 1161 1
351 1254 1
351 1323 1
351 1360 1
352 1313 1
353 468 1
353 1038 1
353 1332 1
353 1377 1
354 512 1
354 585 1
354 717 1
354 919 1
356 628 1
356 763 1
356 1011 1
356 1450 1
357 381 1
357 473 1
357 714 1
357 962 1
357 1168 1
357 1337 1
358 480 1
358 562 1
358 755 1
358 771 1
358 833 1
358 873 1
358 1089 1
358 1163 1
359 422 1
359 772 1
359 852 1
360 392 1
360 516 1
360 644 1
360 937 1
360 1061 1
360 1418 1
361 409 1
362 476 1
363 572 1
363 1025 1
363 1369 1
363 1374 1
363 1478 1
364 649 1
365 533 1
365 694 1
365 834 1
365 1235 1
365 1278 1
366 368 1
366 599 1
366 620 1
366 678 1
366 763 1
366 811 1
366 907 1
366 1237 1
367 436 1
367 559 1
367 784 1
367 853 1
367 1096 1
367 1176 1
367 1198 1
367 1324 1
367 1369 1
368 525 1
368 947 1
369 488 1
369 502 1
369 536 1
369 802 1
369 1310 1
369 1476 1
370 551 1
370 876 1
370 949 1
370 1003 1
370 1355 1
371 718 1
371 720 1
371 838 1
371 983 1
371 1109 1
371 1172 1
372 443 1
372 520 1
372 1383 1
373 818 1
373 1314 1
373 1392 1
374 751 1
374 1142 1
374 1346 1
375 421 1
375 425 1
375 568 1
375 635 1
375 703 1
375 949 1
375 1065 1
375 1295 1
377 677 1
377 828 1
377 942 1
377 990 1
377 1083 1
377 1113 1
378 460 1
378 757 1
378 1133 1
378 1245 1
378 1361 1
379 412 1
379 476 1
379 584 1
379 649 1
379 840 1
379 1033 1
379 1178 1
379 1254 1
379 1497 1
380 721 1
381 401 1
381 652 1
381 1095 1
381 1224 1
382 460 1
382 624 1
382 1004 1
382 1079 1
382 1232 1
383 575 1
383 977 1
383 1279 1
383 1394 1
383 1478 1
384 664 1
384 672 1
384 822 1
384 866 1
384 907 1
384 1495 1
385 423 1
385 649 1
385 698 1
385 759 1
385 762 1
385 1007 1
385 1370 1
385 1487 1
386 426 1
387 1156 1
387 1323 1
387 1394 1
388 466 1
388 486 1
389 399 1
389 1208 1
389 1321 1
389 1329 1
389 1393 1
389 1397 1
389 1454 1
390 998 1
390 1397 1
391 493 1
391 542 1
391 584 1
392 859 1
392 1446 1
393 696 1
393 1004 1
393 1223 1
393 1282 1
393 1423 1
394 509 1
394 532 1
394 636 1
394 646 1
394 943 1
394 1238 1
395 513 1
396 446 1
396 761 1
396 912 1
396 1128 1
396 1198 1
397 770 1
397 777 1
397 1197 1
397 1229 1
397 1261 1
397 1418 1
397 1458 1
398 921 1
398 995 1
399 452 1
400 445 1
400 450 1
400 687 1
400 719 1
400 1347 1
401 446 1
401 645 1
401 1057 1
401 1305 1
402 536 1
402 587 1
402 873 1
402 890 1
402 1056 1
402 1071 1
402 1244 1
403 586 1
403 780 1
403 1006 1
403 1101 1
403 1259 1
403 1344 1
404 472 1
404 473 1
404 839 1
404 950 1
404 1057 1
404 1206 1
404 1315 1
404 1480 1
405 632 1
405 957 1
406 736 1
406 1099 1
407 422 1
407 659 1
407 847 1
407 1144 1
407 1192 1
407 1488 1
408 626 1
408 773 1
408 782 1
408 1456 1
409 583 1
409 673 1
409 1300 1
410 874 1
410 1186 1
410 1426 1
410 1445 1
411 717 1
411 995 1
412 865 1
412 922 1
412 1013 1
412 1133 1
412 1276 1
413 556 1
413 598 1
413 687 1
413 1170 1
413 1359 1
413 1458 1
414 482 1
414 627 1
414 843 1
414 869 1
414 1252 1
415 946 1
416 467 1
417 578 1
419 427 1
419 469 1
419 650 1
419 1082 1
419 1319 1
420 510 1
420 829 1
420 1213 1
420 1331 1
421 467 1
422 438 1
422 675 1
422 1375 1
423 554 1
423 681 1
423 1025 1
423 1350 1
424 450 1
424 517 1
424 967 1
425 439 1
425 595 1
425 613 1
425 1036 1
425 1413 1
425 1486 1
426 631 1
426 864 1
427 652 1
427 880 1
427 955 1
428 501 1
428 612 1
429 433 1
429 726 1
429 936 1
430 632 1
430 697 1
430 776 1
430 965 1
430 1336 1
431 697 1
431 899 1
431 944 1
431 1084 1
431 1105 1
431 1347 1
431 1460 1
432 671 1
433 456 1
433 517 1
433 622 1
433 985 1
433 1138 1
433 1266 1
433 1401 1
433 1433 1
434 549 1
434 565 1
434 783 1
434 850 1
434 905 1
434 992 1
435 464 1
435 772 1
435 890 1
435 976 1
435 1258 1
435 1490 1
436 479 1
436 685 1
436 1081 1
437 825 1
438 504 1
438 783 1
438 1049 1
438 1432 1
438 1454 1
439 981 1
439 1143 1
440 489 1
440 541 1
440 723 1
440 1388 1
441 451 1
441 457 1
441 588 1
441 606 1
441 766 1
441 982 1
441 1054 1
441 1094 1
442 533 1
442 650 1
442 678 1
442 1282 1
443 600 1
443 1304 1
444 635 1
444 666 1
444 1189 1
444 1368 1
445 1450 1
446 475 1
446 793 1
446 1105 1
447 618 1
447 919 1
447 1005 1
447 1107 1
447 1139 1
447 1353 1
448 687 1
448 720 1
448 856 1
448 1257 1
450 485 1
450 1143 1
450 1452 1
452 464 1
452 503 1
452 1330 1
453 923 1
453 1157 1
455 611 1
455 1110 1
455 1243 1
456 461 1
456 904 1
457 469 1
457 1047 1
457 1249 1
457 1250 1
457 1305 1
458 960 1
459 524 1
459 661 1
459 1104 1
460 472 1
460 667 1
460 711 1
461 488 1
461 561 1
461 608 1
461 706 1
461 742 1
461 793 1
461 845 1
461 1110 1
461 1150 1
461 1239 1
461 1392 1
461 1412 1
462 529 1
462 1053 1
464 589 1
466 537 1
466 560 1
466 829 1
466 1076 1
466 1146 1
466 1158 1
466 1327 1
467 508 1
467 1078 1
467 1106 1
467 1289 1
468 594 1
468 754 1
468 938 1
468 1403 1
468 1449 1
469 548 1
469 632 1
469 702 1
469 845 1
469 857 1
469 1299 1
470 745 1
470 1315 1
471 528 1
471 920 1
471 1161 1
472 708 1
472 711 1
472 767 1
472 945 1
472 1165 1
472 1420 1
473 614 1
473 901 1
474 666 1
474 910 1
474 1237 1
475 680 1
475 701 1
475 798 1
475 847 1
475 896 1
475 998 1
475 1084 1
475 1130 1
475 1207 1
475 1212 1
476 809 1
476 824 1
476 1124 1
477 815 1
478 631 1
478 633 1
478 915 1
478 947 1
478 973 1
478 1192 1
479 592 1
479 683 1
479 698 1
479 902 1
479 1417 1
480 523 1
480 1366 1
481 657 1
481 860 1
481 988 1
483 643 1
483 817 1
483 1355 1
483 1471 1
485 635 1
485 680 1
485 996 1
486 641 1
486 1478 1
487 531 1
487 760 1
487 1147 1
488 625 1
488 703 1
488 1089 1
488 1294 1
490 623 1
490 664 1
491 795 1
491 849 1
491 1108 1
491 1125 1
491 1238 1
492 971 1
493 985 1
493 1044 1
493 1303 1
494 598 1
494 642 1
494 655 1
494 801 1
494 835 1
494 875 1
494 959 1
494 1001 1
494 1113 1
494 1133 1
494 1290 1
494 1403 1
495 966 1
495 1253 1
495 1439 1
496 686 1
496 690 1
496 999 1
496 1011 1
496 1073 1
498 1354 1
499 561 1
499 568 1
499 576 1
499 579 1
499 881 1
499 977 1
499 1008 1
499 1055 1
499 1138 1
499 1216 1
499 1315 1
499 1336 1
499 1477 1
501 1040 1
501 1072 1
501 1396 1
502 525 1
502 1127 1
502 1405 1
502 1442 1
503 510 1
503 909 1
503 1000 1
503 1116 1
503 1193 1
503 1278 1
504 953 1
504 998 1
505 1317 1
506 1080 1
506 1135 1
507 667 1
507 1037 1
508 741 1
508 752 1
508 872 1
508 948 1
508 949 1
508 1337 1
508 1378 1
509 585 1
509 591 1
509 899 1
509 1099 1
509 1156 1
509 1179 1
509 1340 1
510 783 1
511 805 1
511 1379 1
512 1155 1
512 1368 1
513 542 1
513 597 1
513 801 1
513 854 1
513 888 1
513 1203 1
513 1316 1
514 935 1
515 832 1
515 929 1
515 1195 1
516 1031 1
516 1140 1
516 1258 1
517 1327 1
518 1094 1
518 1376 1
518 1412 1
519 721 1
519 1002 1
520 1142 1
521 719 1
522 578 1
522 886 1
523 613 1
523 633 1
523 874 1
524 531 1
524 651 1
524 758 1
524 813 1
524 871 1
524 1154 1
525 688 1
525 919 1
525 997 1
525 1181 1
525 1489 1
526 542 1
526 552 1
526 987 1
526 1091 1
526 1158 1
526 1398 1
527 781 1
527 1055 1
527 1439 1
527 1484 1
528 817 1
528 978 1
528 1307 1
528 1426 1
530 905 1
530 1299 1
530 1357 1
531 1102 1
531 1173 1
531 1312 1
531 1318 1
533 668 1
535 725 1
535 1462 1
536 674 1
536 1021 1
536 1395 1
537 545 1
537 604 1
537 933 1
537 1192 1
537 1403 1
538 781 1
538 881 1
539 540 1
539 584 1
539 956 1
539 970 1
539 1086 1
539 1261 1
539 1459 1
540 581 1
540 669 1
540 813 1
540 1042 1
540 1112 1
540 1404 1
540 1475 1
541 1352 1
541 1388 1
542 891 1
543 585 1
543 1277 1
543 1399 1
543 1488 1
545 1081 1
547 1138 1
548 638 1
548 805 1
548 816 1
548 1042 1
549 917 1
549 1257 1
549 1282 1
549 1489 1
550 753 1
550 808 1
550 942 1
550 1469 1
552 752 1
552 858 1
552 1498 1
554 631 1
554 771 1
554 963 1
554 1349 1
555 615 1
555 652 1
555 787 1
555 958 1
556 600 1
556 1262 1
557 640 1
557 641 1
557 830 1
557 1164 1
557 1268 1
557 1380 1
557 1465 1
558 682 1
558 1183 1
558 1256 1
558 1260 1
558 1427 1
559 1068 1
559 1092 1
560 803 1
561 911 1
562 1145 1
563 580 1
563 1417 1
564 662 1
564 852 1
564 909 1
564 1306 1
565 701 1
566 663 1
567 1037 1
567 1064 1
567 1258 1
567 1386 1
568 586 1
568 921 1
568 923 1
568 1399 1
570 837 1
571 838 1
571 849 1
571 1134 1
571 1334 1
571 1475 1
572 588 1
572 1218 1
573 1056 1
573 1145 1
574 659 1
577 787 1
577 1014 1
577 1215 1
577 1303 1
578 587 1
578 622 1
578 736 1
578 783 1
578 836 1
578 895 1
578 922 1
578 957 1
578 1002 1
578 1035 1
578 1488 1
579 698 1
579 770 1
579 1010 1
580 793 1
582 674 1
582 1099 1
582 1190 1
584 910 1
584 1125 1
585 799 1
587 656 1
587 1373 1
587 1385 1
587 1423 1
588 639 1
588 898 1
588 1365 1
589 611 1
589 676 1
589 821 1
591 892 1
591 1190 1
592 685 1
592 1019 1
592 1202 1
592 1481 1
593 1401 1
594 599 1
595 603 1
595 648 1
595 975 1
595 1098 1
598 603 1
598 618 1
598 850 1
598 1144 1
598 1148 1
599 1119 1
599 1302 1
600 615 1
600 1234 1
601 1431 1
602 684 1
602 871 1
602 934 1
602 1286 1
602 1473 1
602 1482 1
606 1199 1
606 1438 1
607 657 1
608 1089 1
609 753 1
609 808 1
609 986 1
609 1377 1
609 1406 1
610 614 1
610 1124 1
610 1307 1
612 1185 1
612 1358 1
613 1361 1
614 1275 1
615 770 1
615 1117 1
618 1052 1
618 1220 1
620 908 1
620 1049 1
620 1342 1
621 800 1
621 933 1
621 1195 1
621 1328 1
622 776 1
622 1180 1
622 1287 1
625 629 1
625 970 1
626 831 1
626 982 1
627 663 1
627 695 1
630 812 1
630 1216 1
630 1464 1
632 1001 1
632 1018 1
632 1087 1
632 1479 1
633 1413 1
634 1347 1
635 833 1
635 933 1
635 1077 1
636 699 1
636 768 1
636 1220 1
637 648 1
637 1094 1
637 1159 1
637 1196 1
638 729 1
638 952 1
640 1344 1
640 1430 1
641 801 1
641 838 1
641 1260 1
641 1401 1
641 1473 1
643 814 1
643 842 1
645 741 1
646 713 1
646 1472 1
647 745 1
647 774 1
647 823 1
648 744 1
648 785 1
648 1219 1
650 808 1
651 786 1
651 855 1
652 932 1
652 1386 1
653 988 1
653 1118 1
653 1382 1
653 1398 1
654 683 1
654 737 1
654 1402 1
655 895 1
656 672 1
656 869 1
656 1067 1
656 1097 1
656 1173 1
657 738 1
657 1307 1
658 1299 1
659 1112 1
659 1163 1
663 913 1
663 966 1
663 1362 1
664 980 1
665 802 1
665 1285 1
666 854 1
666 895 1
666 1362 1
666 1383 1
667 749 1
667 1140 1
667 1209 1
667 1354 1
668 994 1
668 1240 1
668 1284 1
668 1324 1
669 686 1
669 1163 1
670 1283 1
671 735 1
671 862 1
671 885 1
671 1199 1
672 806 1
672 984 1
673 1217 1
673 1494 1
674 1079 1
674 1142 1
674 1240 1
674 1266 1
674 1272 1
676 1203 1
679 843 1
679 1191 1
680 1009 1
680 1269 1
680 1357 1
680 1472 1
682 804 1
682 826 1
683 897 1
683 1140 1
683 1419 1
684 773 1
685 1278 1
685 1284 1
686 700 1
687 828 1
689 1076 1
689 1193 1
689 1447 1
690 1012 1
692 971 1
692 1206 1
693 713 1
693 984 1
693 1197 1
695 830 1
697 858 1
697 1062 1
697 1256 1
697 1328 1
699 1298 1
700 1017 1
700 1115 1
701 848 1
702 1387 1
703 946 1
703 1432 1
704 853 1
704 932 1
704 1063 1
704 1183 1
704 1281 1
705 874 1
706 943 1
706 1337 1
707 968 1
707 1024 1
707 1245 1
708 1005 1
708 1322 1
708 1381 1
709 1013 1
709 1065 1
709 1088 1
709 1454 1
710 1231 1
711 742 1
712 737 1
712 758 1
712 962 1
712 1153 1
712 1260 1
713 782 1
713 788 1
714 1101 1
714 1110 1
715 974 1
715 1416 1
716 837 1
716 1093 1
716 1399 1
716 1492 1
717 1141 1
717 1274 1
717 1375 1
719 721 1
719 1345 1
720 1036 1
722 861 1
722 1015 1
724 912 1
724 938 1
724 1200 1
724 1486 1
725 826 1
727 806 1
727 1112 1
727 1294 1
728 1026 1
729 1177 1
729 1206 1
729 1441 1
729 1445 1
730 739 1
730 1080 1
732 1086 1
733 999 1
734 1210 1
735 1012 1
737 978 1
738 879 1
738 992 1
738 1115 1
740 1113 1
741 1131 1
741 1160 1
741 1228 1
742 749 1
742 867 1
742 953 1
742 1041 1
742 1126 1
742 1280 1
742 1346 1
742 1434 1
742 1438 1
742 1470 1
743 970 1
743 1113 1
744 1016 1
745 1015 1
745 1070 1
746 892 1
747 852 1
747 1194 1
748 755 1
748 1074 1
749 810 1
749 1219 1
750 959 1
751 873 1
753 957 1
753 1051 1
753 1495 1
754 1241 1
756 925 1
756 1312 1
758 886 1
758 940 1
758 1034 1
759 1233 1
760 997 1
760 1253 1
762 1354 1
763 775 1
763 788 1
763 955 1
763 1046 1
764 900 1
764 991 1
764 1415 1
766 833 1
766 1042 1
766 1350 1
767 1349 1
768 883 1
768 1043 1
771 964 1
771 1397 1
772 1114 1
774 894 1
774 1017 1
774 1231 1
776 817 1
776 834 1
776 884 1
776 886 1
776 1179 1
776 1302 1
777 1061 1
777 1122 1
777 1466 1
778 880 1
778 1075 1
778 1107 1
778 1232 1
778 1270 1
781 817 1
781 876 1
781 1191 1
781 1354 1
782 890 1
782 1107 1
782 1339 1
783 1057 1
784 811 1
784 1493 1
786 834 1
786 1058 1
787 979 1
787 1183 1
787 1467 1
788 1155 1
788 1313 1
789 1350 1
790 1104 1
790 1448 1
792 1268 1
793 798 1
793 810 1
793 1133 1
793 1228 1
795 863 1
795 1351 1
796 1006 1
796 1050 1
796 1185 1
798 875 1
798 950 1
798 1116 1
799 1252 1
800 1318 1
802 916 1
802 1160 1
804 1187 1
804 1402 1
804 1467 1
805 932 1
805 1046 1
805 1120 1
805 1136 1
805 1330 1
806 1006 1
806 1083 1
809 1255 1
809 1273 1
812 851 1
813 815 1
813 906 1
813 1380 1
814 1308 1
815 1255 1
817 945 1
817 1425 1
818 862 1
819 1058 1
819 1070 1
819 1408 1
821 849 1
821 881 1
821 972 1
824 916 1
824 1065 1
824 1393 1
825 841 1
825 1034 1
825 1300 1
825 1465 1
828 1227 1
828 1436 1
832 1097 1
833 1458 1
834 1368 1
835 1166 1
836 1099 1
836 1471 1
837 984 1
837 1264 1
837 1334 1
837 1382 1
837 1435 1
838 1043 1
838 1361 1
839 871 1
840 1061 1
841 907 1
841 914 1
841 1323 1
841 1340 1
843 956 1
844 1284 1
844 1304 1
845 882 1
846 859 1
846 889 1
846 1074 1
846 1186 1
852 1343 1
853 959 1
853 1118 1
854 1014 1
854 1071 1
854 1137 1
854 1247 1
854 1327 1
855 1449 1
856 1130 1
856 1162 1
856 1213 1
858 904 1
860 1134 1
860 1371 1
863 1249 1
863 1406 1
863 1451 1
864 1060 1
867 1251 1
867 1475 1
868 915 1
868 952 1
868 1008 1
870 1495 1
872 898 1
872 1464 1
873 889 1
873 1400 1
874 1325 1
874 1375 1
875 1022 1
876 1423 1
879 958 1
879 1225 1
885 1163 1
885 1278 1
885 1288 1
887 891 1
887 1309 1
888 1313 1
890 991 1
890 1161 1
891 1455 1
893 976 1
893 1127 1
893 1280 1
896 964 1
896 1271 1
900 1096 1
901 991 1
902 1436 1
903 952 1
905 1151 1
906 929 1
906 1081 1
907 1353 1
914 995 1
914 1126 1
914 1256 1
914 1329 1
915 974 1
915 1255 1
918 1079 1
918 1174 1
919 1295 1
922 1293 1
922 1322 1
923 1283 1
924 961 1
924 1184 1
926 1109 1
927 1022 1
931 935 1
936 1086 1
936 1102 1
938 961 1
938 1028 1
938 1214 1
938 1479 1
940 1108 1
940 1137 1
941 1304 1
941 1336 1
943 969 1
944 1325 1
948 1188 1
948 1295 1
948 1333 1
950 962 1
950 967 1
950 1129 1
950 1415 1
951 1320 1
953 1073 1
961 1020 1
961 1433 1
962 1323 1
962 1480 1
963 1136 1
965 1481 1
966 1172 1
966 1260 1
967 1223 1
971 1087 1
971 1326 1
972 1401 1
973 1263 1
978 1188 1
979 1386 1
980 1203 1
981 1117 1
984 1168 1
984 1280 1
985 1175 1
986 994 1
992 1079 1
995 1340 1
996 1201 1
997 1441 1
998 1213 1
998 1265 1
1000 1071 1
1001 1034 1
1001 1371 1
1002 1179 1
1007 1199 1
1009 1245 1
1009 1247 1
1010 1067 1
1010 1182 1
1010 1244 1
1011 1287 1
1012 1389 1
1013 1469 1
1014 1044 1
1014 1189 1
1015 1121 1
1017 1427 1
1019 1060 1
1019 1291 1
1020 1141 1
1020 1173 1
1020 1277 1
1020 1476 1
1021 1226 1
1021 1274 1
1022 1277 1
1022 1335 1
1024 1093 1
1024 1234 1
1024 1500 1
1026 1211 1
1026 1248 1
1026 1287 1
1027 1082 1
1028 1275 1
1031 1039 1
1031 1398 1
1031 1409 1
1033 1055 1
1033 1389 1
1033 1455 1
1036 1483 1
1040 1088 1
1040 1263 1
1040 1413 1
1042 1174 1
1042 1325 1
1043 1218 1
1043 1336 1
1044 1240 1
1044 1285 1
1044 1286 1
1046 1319 1
1049 1072 1
1052 1085 1
1053 1121 1
1053 1208 1
1053 1264 1
1056 1077 1
1057 1091 1
1057 1219 1
1057 1393 1
1062 1272 1
1062 1365 1
1063 1148 1
1063 1149 1
1069 1426 1
1070 1445 1
1072 1123 1
1078 1458 1
1082 1230 1
1084 1092 1
1084 1149 1
1087 1352 1
1088 1125 1
1089 1162 1
1090 1180 1
1091 1131 1
1093 1390 1
1095 1233 1
1096 1423 1
1097 1312 1
1097 1385 1
1097 1400 1
1099 1105 1
1099 1236 1
1099 1269 1
1101 1308 1
1105 1356 1
1107 1348 1
1109 1441 1
1112 1124 1
1114 1346 1
1115 1156 1
1116 1331 1
1116 1364 1
1117 1301 1
1118 1150 1
1118 1221 1
1118 1234 1
1119 1132 1
1119 1165 1
1119 1332 1
1120 1429 1
1125 1195 1
1126 1224 1
1129 1437 1
1136 1301 1
1142 1205 1
1143 1465 1
1144 1340 1
1145 1280 1
1145 1328 1
1145 1369 1
1145 1443 1
1146 1296 1
1146 1333 1
1149 1409 1
1151 1391 1
1155 1251 1
1155 1274 1
1155 1282 1
1155 1391 1
1156 1301 1
1156 1405 1
1159 1180 1
1163 1499 1
1164 1390 1
1167 1189 1
1168 1496 1
1170 1190 1
1171 1367 1
1172 1497 1
1173 1217 1
1173 1223 1
1175 1446 1
1181 1411 1
1182 1435 1
1187 1222 1
1192 1419 1
1194 1248 1
1196 1211 1
1196 1474 1
1197 1411 1
1201 1418 1
1206 1317 1
1214 1305 1
1214 1324 1
1214 1391 1
1215 1356 1
1216 1292 1
1223 1412 1
1224 1484 1
1227 1318 1
1231 1434 1
1232 1417 1
1234 1391 1
1237 1259 1
1237 1492 1
1239 1338 1
1240 1295 1
1242 1432 1
1243 1315 1
1246 1338 1
1249 1341 1
1249 1434 1
1252 1468 1
1255 1368 1
1255 1470 1
1257 1469 1
1259 1414 1
1260 1431 1
1267 1387 1
1268 1374 1
1273 1348 1
1275 1318 1
1279 1325 1
1281 1314 1
1281 1435 1
1281 1484 1
1284 1404 1
1284 1411 1
1284 1453 1
1288 1436 1
1289 1343 1
1291 1301 1
1293 1294 1
1297 1360 1
1303 1308 1
1309 1379 1
1309 1470 1
1311 1357 1
1311 1395 1
1314 1442 1
1315 1358 1
1316 1453 1
1320 1331 1
1320 1374 1
1323 1475 1
1336 1466 1
1337 1477 1
1338 1344 1
1343 1491 1
1344 1483 1
1352 1363 1
1358 1453 1
1360 1362 1
1364 1500 1
1365 1376 1
1366 1373 1
1370 1380 1
1370 1443 1
1373 1443 1
1374 1468 1
1399 1456 1
1400 1478 1
1408 1493 1
1427 1459 1
1442 1482 1
