1400 5584 
1 2 1
1 3 1
1 4 1
1 5 1
1 6 1
1 7 1
1 8 1
1 9 1
1 10 1
1 11 1
1 12 1
1 13 1
1 14 1
1 17 1
1 20 1
1 21 1
1 23 1
1 24 1
1 36 1
1 37 1
1 40 1
1 41 1
1 45 1
1 46 1
1 49 1
1 51 1
1 55 1
1 58 1
1 60 1
1 70 1
1 71 1
1 72 1
1 73 1
1 75 1
1 81 1
1 90 1
1 95 1
1 97 1
1 98 1
1 100 1
1 101 1
1 102 1
1 122 1
1 123 1
1 129 1
1 132 1
1 134 1
1 138 1
1 142 1
1 144 1
1 158 1
1 159 1
1 163 1
1 165 1
1 183 1
1 195 1
1 199 1
1 208 1
1 219 1
1 222 1
1 230 1
1 241 1
1 256 1
1 257 1
1 261 1
1 273 1
1 274 1
1 278 1
1 310 1
1 316 1
1 321 1
1 327 1
1 329 1
1 331 1
1 343 1
1 346 1
1 347 1
1 354 1
1 355 1
1 368 1
1 399 1
1 422 1
1 445 1
1 482 1
1 483 1
1 485 1
1 492 1
1 501 1
1 503 1
1 513 1
1 515 1
1 534 1
1 551 1
1 556 1
1 563 1
1 566 1
1 594 1
1 596 1
1 597 1
1 609 1
1 611 1
1 622 1
1 643 1
1 646 1
1 658 1
1 676 1
1 691 1
1 703 1
1 704 1
1 705 1
1 731 1
1 762 1
1 764 1
1 780 1
1 781 1
1 819 1
1 849 1
1 852 1
1 858 1
1 867 1
1 872 1
1 886 1
1 901 1
1 910 1
1 938 1
1 943 1
1 968 1
1 975 1
1 981 1
1 1044 1
1 1113 1
1 1168 1
1 1187 1
1 1198 1
1 1230 1
1 1240 1
1 1255 1
1 1285 1
1 1292 1
1 1299 1
1 1393 1
2 6 1
2 8 1
2 10 1
2 11 1
2 12 1
2 13 1
2 14 1
2 16 1
2 17 1
2 18 1
2 19 1
2 26 1
2 27 1
2 28 1
2 38 1
2 39 1
2 41 1
2 52 1
2 84 1
2 87 1
2 89 1
2 92 1
2 100 1
2 114 1
2 116 1
2 119 1
2 121 1
2 125 1
2 135 1
2 155 1
2 174 1
2 198 1
2 200 1
2 226 1
2 244 1
2 255 1
2 276 1
2 286 1
2 301 1
2 311 1
2 314 1
2 357 1
2 369 1
2 375 1
2 378 1
2 382 1
2 393 1
2 396 1
2 426 1
2 432 1
2 438 1
2 456 1
2 476 1
2 494 1
2 514 1
2 517 1
2 531 1
2 537 1
2 567 1
2 576 1
2 589 1
2 590 1
2 614 1
2 634 1
2 759 1
2 844 1
2 917 1
2 944 1
2 957 1
2 965 1
2 1029 1
2 1049 1
2 1073 1
2 1078 1
2 1178 1
2 1204 1
2 1223 1
2 1237 1
2 1270 1
2 1351 1
2 1352 1
3 6 1
3 7 1
3 8 1
3 9 1
3 13 1
3 14 1
3 15 1
3 18 1
3 33 1
3 38 1
3 47 1
3 51 1
3 62 1
3 68 1
3 72 1
3 75 1
3 84 1
3 106 1
3 115 1
3 117 1
3 118 1
3 124 1
3 134 1
3 149 1
3 153 1
3 169 1
3 184 1
3 213 1
3 239 1
3 267 1
3 367 1
3 370 1
3 382 1
3 402 1
3 468 1
3 477 1
3 507 1
3 529 1
3 533 1
3 540 1
3 578 1
3 600 1
3 613 1
3 626 1
3 627 1
3 629 1
3 681 1
3 752 1
3 786 1
3 787 1
3 839 1
3 940 1
3 980 1
3 1061 1
3 1117 1
3 1231 1
3 1275 1
3 1315 1
3 1352 1
3 1363 1
3 1386 1
3 1395 1
4 6 1
4 7 1
4 10 1
4 11 1
4 22 1
4 35 1
4 36 1
4 49 1
4 65 1
4 81 1
4 156 1
4 172 1
4 191 1
4 266 1
4 272 1
4 305 1
4 319 1
4 359 1
4 459 1
4 505 1
4 561 1
4 619 1
4 641 1
4 752 1
4 858 1
4 902 1
4 1049 1
4 1150 1
4 1153 1
4 1169 1
4 1196 1
4 1265 1
6 7 1
6 8 1
6 9 1
6 10 1
6 11 1
6 15 1
6 16 1
6 19 1
6 23 1
6 28 1
6 29 1
6 31 1
6 37 1
6 41 1
6 45 1
6 50 1
6 53 1
6 59 1
6 60 1
6 63 1
6 72 1
6 73 1
6 84 1
6 93 1
6 99 1
6 103 1
6 105 1
6 110 1
6 122 1
6 138 1
6 163 1
6 165 1
6 193 1
6 221 1
6 275 1
6 277 1
6 287 1
6 297 1
6 315 1
6 339 1
6 366 1
6 369 1
6 382 1
6 406 1
6 419 1
6 438 1
6 473 1
6 491 1
6 501 1
6 517 1
6 527 1
6 567 1
6 580 1
6 583 1
6 586 1
6 592 1
6 629 1
6 648 1
6 672 1
6 690 1
6 693 1
6 694 1
6 704 1
6 730 1
6 745 1
6 767 1
6 790 1
6 838 1
6 856 1
6 874 1
6 879 1
6 898 1
6 901 1
6 909 1
6 936 1
6 950 1
6 1025 1
6 1035 1
6 1061 1
6 1089 1
6 1117 1
6 1128 1
6 1154 1
6 1174 1
6 1181 1
6 1245 1
6 1337 1
6 1385 1
6 1394 1
7 13 1
7 23 1
7 33 1
7 42 1
7 51 1
7 53 1
7 63 1
7 94 1
7 96 1
7 97 1
7 102 1
7 103 1
7 113 1
7 133 1
7 145 1
7 147 1
7 157 1
7 170 1
7 184 1
7 185 1
7 215 1
7 217 1
7 221 1
7 284 1
7 298 1
7 299 1
7 302 1
7 316 1
7 321 1
7 342 1
7 363 1
7 365 1
7 369 1
7 401 1
7 416 1
7 440 1
7 481 1
7 512 1
7 525 1
7 593 1
7 697 1
7 734 1
7 775 1
7 791 1
7 937 1
7 949 1
7 994 1
7 1049 1
7 1073 1
7 1118 1
7 1190 1
7 1226 1
7 1247 1
7 1285 1
7 1329 1
7 1358 1
7 1392 1
7 1399 1
8 9 1
8 12 1
8 17 1
8 18 1
8 21 1
8 24 1
8 25 1
8 26 1
8 37 1
8 41 1
8 43 1
8 44 1
8 53 1
8 58 1
8 64 1
8 86 1
8 93 1
8 133 1
8 135 1
8 143 1
8 147 1
8 181 1
8 195 1
8 201 1
8 211 1
8 221 1
8 229 1
8 245 1
8 249 1
8 353 1
8 373 1
8 394 1
8 395 1
8 436 1
8 458 1
8 469 1
8 484 1
8 523 1
8 532 1
8 574 1
8 591 1
8 601 1
8 618 1
8 628 1
8 639 1
8 643 1
8 659 1
8 717 1
8 754 1
8 774 1
8 855 1
8 874 1
8 881 1
8 882 1
8 888 1
8 913 1
8 927 1
8 1050 1
8 1067 1
8 1102 1
8 1146 1
8 1156 1
8 1210 1
8 1228 1
8 1252 1
8 1271 1
8 1313 1
8 1324 1
8 1341 1
9 15 1
9 16 1
9 20 1
9 21 1
9 22 1
9 26 1
9 29 1
9 31 1
9 37 1
9 47 1
9 48 1
9 53 1
9 65 1
9 121 1
9 123 1
9 137 1
9 191 1
9 216 1
9 255 1
9 274 1
9 298 1
9 334 1
9 390 1
9 428 1
9 508 1
9 568 1
9 623 1
9 635 1
9 652 1
9 721 1
9 862 1
9 905 1
9 923 1
9 936 1
9 949 1
9 957 1
9 994 1
9 1032 1
9 1119 1
9 1275 1
9 1283 1
9 1297 1
9 1358 1
10 12 1
10 16 1
10 20 1
10 30 1
10 34 1
10 52 1
10 59 1
10 67 1
10 91 1
10 93 1
10 99 1
10 101 1
10 116 1
10 121 1
10 128 1
10 143 1
10 178 1
10 191 1
10 218 1
10 243 1
10 253 1
10 263 1
10 285 1
10 400 1
10 422 1
10 426 1
10 447 1
10 450 1
10 487 1
10 518 1
10 581 1
10 588 1
10 597 1
10 602 1
10 603 1
10 617 1
10 678 1
10 802 1
10 828 1
10 893 1
10 895 1
10 1092 1
10 1203 1
10 1219 1
10 1222 1
10 1243 1
10 1262 1
10 1282 1
10 1289 1
10 1381 1
10 1382 1
11 27 1
11 31 1
11 39 1
11 40 1
11 42 1
11 59 1
11 98 1
11 104 1
11 107 1
11 117 1
11 146 1
11 155 1
11 197 1
11 203 1
11 205 1
11 234 1
11 241 1
11 268 1
11 270 1
11 322 1
11 345 1
11 362 1
11 444 1
11 446 1
11 503 1
11 530 1
11 542 1
11 580 1
11 586 1
11 607 1
11 659 1
11 716 1
11 736 1
11 978 1
11 1033 1
11 1054 1
11 1073 1
11 1077 1
11 1131 1
11 1142 1
11 1206 1
11 1277 1
11 1296 1
11 1297 1
11 1372 1
12 14 1
12 19 1
12 21 1
12 30 1
12 34 1
12 35 1
12 48 1
12 54 1
12 88 1
12 104 1
12 120 1
12 125 1
12 139 1
12 150 1
12 172 1
12 178 1
12 179 1
12 215 1
12 250 1
12 268 1
12 348 1
12 374 1
12 379 1
12 386 1
12 390 1
12 403 1
12 420 1
12 439 1
12 456 1
12 530 1
12 535 1
12 556 1
12 582 1
12 587 1
12 614 1
12 635 1
12 649 1
12 698 1
12 701 1
12 713 1
12 745 1
12 782 1
12 795 1
12 884 1
12 973 1
12 980 1
12 986 1
12 1047 1
12 1097 1
12 1105 1
12 1124 1
12 1157 1
12 1218 1
12 1229 1
12 1259 1
12 1323 1
12 1372 1
12 1385 1
12 1399 1
13 15 1
13 20 1
13 35 1
13 40 1
13 64 1
13 78 1
13 91 1
13 115 1
13 134 1
13 155 1
13 156 1
13 170 1
13 181 1
13 188 1
13 212 1
13 213 1
13 218 1
13 237 1
13 264 1
13 278 1
13 309 1
13 369 1
13 378 1
13 492 1
13 521 1
13 547 1
13 729 1
13 753 1
13 755 1
13 769 1
13 817 1
13 833 1
13 846 1
13 865 1
13 867 1
13 872 1
13 966 1
13 1044 1
13 1045 1
13 1086 1
13 1149 1
13 1214 1
13 1294 1
14 17 1
14 22 1
14 23 1
14 32 1
14 36 1
14 42 1
14 55 1
14 59 1
14 69 1
14 70 1
14 79 1
14 83 1
14 140 1
14 154 1
14 177 1
14 185 1
14 209 1
14 260 1
14 263 1
14 318 1
14 404 1
14 408 1
14 414 1
14 437 1
14 479 1
14 543 1
14 577 1
14 579 1
14 667 1
14 676 1
14 692 1
14 730 1
14 747 1
14 773 1
14 805 1
14 807 1
14 827 1
14 860 1
14 887 1
14 896 1
14 935 1
14 990 1
14 998 1
14 1040 1
14 1095 1
14 1127 1
14 1137 1
14 1151 1
14 1164 1
14 1169 1
14 1266 1
14 1317 1
14 1330 1
14 1331 1
14 1344 1
14 1367 1
15 19 1
15 22 1
15 27 1
15 28 1
15 32 1
15 38 1
15 44 1
15 49 1
15 56 1
15 64 1
15 77 1
15 82 1
15 86 1
15 101 1
15 111 1
15 125 1
15 137 1
15 139 1
15 141 1
15 152 1
15 166 1
15 170 1
15 179 1
15 207 1
15 208 1
15 225 1
15 275 1
15 279 1
15 305 1
15 328 1
15 334 1
15 338 1
15 365 1
15 375 1
15 409 1
15 436 1
15 471 1
15 481 1
15 536 1
15 553 1
15 558 1
15 605 1
15 618 1
15 646 1
15 690 1
15 717 1
15 721 1
15 732 1
15 770 1
15 780 1
15 796 1
15 999 1
15 1022 1
15 1067 1
15 1085 1
15 1092 1
15 1300 1
15 1323 1
15 1374 1
16 18 1
16 24 1
16 25 1
16 28 1
16 29 1
16 32 1
16 35 1
16 39 1
16 43 1
16 46 1
16 48 1
16 60 1
16 63 1
16 65 1
16 76 1
16 79 1
16 83 1
16 89 1
16 96 1
16 102 1
16 120 1
16 127 1
16 139 1
16 146 1
16 148 1
16 158 1
16 187 1
16 190 1
16 191 1
16 216 1
16 218 1
16 239 1
16 280 1
16 286 1
16 292 1
16 315 1
16 332 1
16 388 1
16 401 1
16 404 1
16 407 1
16 446 1
16 493 1
16 506 1
16 515 1
16 525 1
16 528 1
16 583 1
16 601 1
16 603 1
16 637 1
16 644 1
16 662 1
16 709 1
16 748 1
16 764 1
16 765 1
16 779 1
16 833 1
16 834 1
16 908 1
16 922 1
16 986 1
16 994 1
16 1005 1
16 1015 1
16 1016 1
16 1017 1
16 1048 1
16 1088 1
16 1118 1
16 1143 1
16 1175 1
16 1181 1
16 1208 1
16 1274 1
16 1290 1
16 1349 1
16 1354 1
17 25 1
17 26 1
17 33 1
17 47 1
17 51 1
17 74 1
17 119 1
17 130 1
17 161 1
17 239 1
17 264 1
17 291 1
17 305 1
17 471 1
17 497 1
17 525 1
17 558 1
17 624 1
17 635 1
17 636 1
17 650 1
17 670 1
17 735 1
17 771 1
17 783 1
17 828 1
17 833 1
17 844 1
17 888 1
17 894 1
17 911 1
17 918 1
17 955 1
17 972 1
17 974 1
17 995 1
17 998 1
17 1027 1
17 1055 1
17 1099 1
17 1149 1
17 1245 1
17 1269 1
17 1272 1
17 1311 1
17 1364 1
18 24 1
18 30 1
18 42 1
18 44 1
18 45 1
18 49 1
18 54 1
18 66 1
18 82 1
18 111 1
18 130 1
18 149 1
18 181 1
18 193 1
18 200 1
18 204 1
18 224 1
18 225 1
18 227 1
18 231 1
18 289 1
18 329 1
18 372 1
18 443 1
18 488 1
18 505 1
18 507 1
18 604 1
18 608 1
18 666 1
18 699 1
18 712 1
18 927 1
18 1095 1
18 1129 1
18 1134 1
18 1152 1
18 1183 1
18 1296 1
18 1300 1
18 1310 1
18 1332 1
18 1335 1
18 1367 1
18 1394 1
19 29 1
19 43 1
19 89 1
19 91 1
19 92 1
19 98 1
19 107 1
19 164 1
19 190 1
19 193 1
19 212 1
19 219 1
19 245 1
19 269 1
19 411 1
19 445 1
19 452 1
19 454 1
19 513 1
19 573 1
19 725 1
19 782 1
19 809 1
19 834 1
19 876 1
19 1018 1
19 1313 1
19 1314 1
20 991 1
20 1115 1
21 25 1
21 31 1
21 32 1
21 36 1
21 57 1
21 58 1
21 66 1
21 78 1
21 152 1
21 199 1
21 256 1
21 267 1
21 355 1
21 434 1
21 468 1
21 469 1
21 485 1
21 532 1
21 539 1
21 549 1
21 607 1
21 806 1
21 810 1
21 831 1
21 879 1
21 915 1
21 1054 1
21 1078 1
21 1104 1
21 1185 1
21 1299 1
22 52 1
22 67 1
22 86 1
22 108 1
22 120 1
22 155 1
22 209 1
22 221 1
22 224 1
22 244 1
22 251 1
22 290 1
22 425 1
22 450 1
22 453 1
22 508 1
22 679 1
22 766 1
22 772 1
22 813 1
22 818 1
22 861 1
22 908 1
22 952 1
22 1175 1
22 1191 1
22 1215 1
22 1260 1
22 1303 1
23 84 1
23 94 1
23 171 1
23 175 1
23 186 1
23 298 1
23 312 1
23 339 1
23 466 1
23 572 1
23 591 1
23 631 1
23 910 1
23 969 1
23 1126 1
23 1343 1
23 1364 1
24 27 1
24 56 1
24 57 1
24 61 1
24 69 1
24 94 1
24 101 1
24 109 1
24 112 1
24 117 1
24 131 1
24 183 1
24 211 1
24 366 1
24 383 1
24 421 1
24 483 1
24 504 1
24 510 1
24 533 1
24 546 1
24 560 1
24 612 1
24 621 1
24 640 1
24 651 1
24 686 1
24 703 1
24 823 1
24 848 1
24 934 1
24 960 1
24 1006 1
24 1038 1
24 1093 1
24 1137 1
24 1163 1
24 1215 1
24 1284 1
24 1360 1
25 43 1
25 56 1
25 75 1
25 83 1
25 86 1
25 112 1
25 117 1
25 189 1
25 198 1
25 259 1
25 363 1
25 385 1
25 400 1
25 480 1
25 493 1
25 630 1
25 763 1
25 815 1
25 935 1
25 939 1
25 959 1
25 1004 1
25 1050 1
26 50 1
26 991 1
27 30 1
27 33 1
27 39 1
27 66 1
27 75 1
27 88 1
27 108 1
27 113 1
27 167 1
27 186 1
27 194 1
27 211 1
27 219 1
27 222 1
27 302 1
27 362 1
27 406 1
27 451 1
27 474 1
27 487 1
27 491 1
27 524 1
27 547 1
27 715 1
27 724 1
27 754 1
27 787 1
27 859 1
27 886 1
27 987 1
27 1016 1
27 1064 1
27 1107 1
27 1203 1
27 1212 1
27 1216 1
27 1279 1
27 1298 1
27 1371 1
28 45 1
28 55 1
28 87 1
28 123 1
28 176 1
28 265 1
28 302 1
28 308 1
28 428 1
28 455 1
28 490 1
28 557 1
28 672 1
28 914 1
28 949 1
28 1059 1
29 50 1
29 100 1
29 115 1
29 162 1
29 208 1
29 326 1
29 327 1
29 335 1
29 473 1
29 566 1
29 632 1
29 673 1
29 683 1
29 710 1
29 891 1
29 944 1
29 1033 1
29 1133 1
29 1226 1
30 57 1
30 77 1
30 87 1
30 107 1
30 133 1
30 137 1
30 288 1
30 304 1
30 380 1
30 479 1
30 546 1
30 567 1
30 704 1
30 752 1
30 796 1
30 1336 1
31 46 1
31 54 1
31 128 1
31 139 1
31 146 1
31 188 1
31 206 1
31 207 1
31 229 1
31 299 1
31 430 1
31 444 1
31 463 1
31 488 1
31 494 1
31 581 1
31 593 1
31 636 1
31 844 1
31 867 1
31 894 1
31 1025 1
31 1162 1
31 1301 1
31 1313 1
31 1384 1
32 34 1
32 48 1
32 74 1
32 82 1
32 85 1
32 112 1
32 175 1
32 188 1
32 198 1
32 242 1
32 327 1
32 339 1
32 376 1
32 400 1
32 414 1
32 429 1
32 443 1
32 651 1
32 669 1
32 709 1
32 720 1
32 741 1
32 759 1
32 836 1
32 904 1
32 929 1
32 1000 1
32 1010 1
32 1025 1
32 1026 1
32 1132 1
32 1205 1
32 1219 1
32 1250 1
32 1355 1
32 1388 1
33 34 1
33 38 1
33 63 1
33 69 1
33 90 1
33 99 1
33 127 1
33 133 1
33 166 1
33 244 1
33 292 1
33 296 1
33 348 1
33 361 1
33 451 1
33 472 1
33 527 1
33 533 1
33 573 1
33 579 1
33 602 1
33 721 1
33 753 1
33 802 1
33 815 1
33 855 1
33 878 1
33 892 1
33 1034 1
33 1051 1
33 1061 1
33 1119 1
33 1243 1
33 1268 1
33 1349 1
34 54 1
34 141 1
34 247 1
34 304 1
34 360 1
34 542 1
34 565 1
34 624 1
34 706 1
34 727 1
34 765 1
34 816 1
34 914 1
34 987 1
34 1050 1
34 1229 1
34 1315 1
34 1363 1
35 95 1
35 141 1
35 159 1
35 173 1
35 182 1
35 209 1
35 223 1
35 249 1
35 259 1
35 367 1
35 534 1
35 691 1
35 700 1
35 866 1
35 910 1
35 963 1
35 975 1
35 1055 1
35 1093 1
35 1185 1
35 1194 1
35 1201 1
35 1288 1
36 40 1
36 62 1
36 72 1
36 76 1
36 77 1
36 80 1
36 110 1
36 126 1
36 141 1
36 165 1
36 166 1
36 179 1
36 249 1
36 254 1
36 258 1
36 268 1
36 288 1
36 352 1
36 392 1
36 394 1
36 445 1
36 492 1
36 509 1
36 563 1
36 669 1
36 685 1
36 696 1
36 745 1
36 862 1
36 864 1
36 917 1
36 929 1
36 1007 1
36 1072 1
36 1099 1
36 1121 1
36 1136 1
36 1168 1
36 1172 1
36 1174 1
36 1208 1
36 1212 1
36 1244 1
36 1272 1
36 1320 1
36 1342 1
36 1352 1
36 1356 1
37 52 1
37 56 1
37 62 1
37 65 1
37 152 1
37 161 1
37 170 1
37 186 1
37 197 1
37 240 1
37 277 1
37 300 1
37 361 1
37 393 1
37 403 1
37 466 1
37 509 1
37 529 1
37 544 1
37 564 1
37 872 1
37 1036 1
37 1103 1
37 1386 1
38 777 1
38 839 1
38 1278 1
39 44 1
39 47 1
39 50 1
39 66 1
39 74 1
39 140 1
39 147 1
39 203 1
39 210 1
39 253 1
39 260 1
39 292 1
39 295 1
39 324 1
39 347 1
39 375 1
39 412 1
39 453 1
39 467 1
39 843 1
39 998 1
39 1064 1
39 1163 1
40 90 1
40 132 1
40 233 1
40 286 1
40 484 1
40 494 1
40 500 1
40 552 1
40 912 1
40 1163 1
40 1255 1
40 1261 1
40 1338 1
41 384 1
41 398 1
41 496 1
41 512 1
41 728 1
41 732 1
41 945 1
41 1018 1
41 1263 1
42 46 1
42 71 1
42 116 1
42 120 1
42 442 1
42 520 1
42 521 1
42 559 1
42 560 1
42 755 1
43 61 1
43 80 1
43 92 1
43 95 1
43 114 1
43 122 1
43 124 1
43 126 1
43 142 1
43 171 1
43 182 1
43 240 1
43 246 1
43 281 1
43 468 1
43 515 1
43 545 1
43 623 1
43 632 1
43 684 1
43 768 1
43 786 1
43 832 1
43 845 1
43 856 1
43 873 1
43 1254 1
43 1257 1
43 1273 1
43 1355 1
43 1391 1
44 79 1
44 80 1
44 85 1
44 109 1
44 114 1
44 150 1
44 168 1
44 265 1
44 280 1
44 303 1
44 474 1
44 476 1
44 514 1
44 677 1
44 692 1
44 744 1
44 764 1
44 784 1
44 884 1
44 967 1
44 1382 1
45 58 1
45 62 1
45 119 1
45 143 1
45 306 1
45 317 1
45 544 1
45 1248 1
45 1271 1
45 1368 1
46 83 1
46 88 1
46 97 1
46 111 1
46 127 1
46 129 1
46 149 1
46 201 1
46 203 1
46 225 1
46 234 1
46 250 1
46 266 1
46 288 1
46 311 1
46 335 1
46 351 1
46 356 1
46 368 1
46 395 1
46 409 1
46 431 1
46 454 1
46 537 1
46 592 1
46 614 1
46 646 1
46 689 1
46 692 1
46 718 1
46 767 1
46 789 1
46 853 1
46 930 1
46 956 1
46 992 1
46 1177 1
46 1288 1
47 64 1
47 98 1
47 106 1
47 297 1
47 323 1
47 345 1
47 356 1
47 477 1
47 572 1
47 916 1
47 941 1
47 1020 1
47 1074 1
47 1397 1
48 68 1
48 70 1
48 124 1
48 132 1
48 153 1
48 233 1
48 255 1
48 282 1
48 289 1
48 294 1
48 344 1
48 371 1
48 388 1
48 396 1
48 416 1
48 461 1
48 497 1
48 546 1
48 548 1
48 599 1
48 615 1
48 667 1
48 691 1
48 763 1
48 793 1
48 819 1
48 835 1
48 847 1
48 1035 1
48 1135 1
48 1143 1
48 1170 1
48 1279 1
48 1283 1
48 1348 1
48 1383 1
49 99 1
49 104 1
49 106 1
49 108 1
49 118 1
49 131 1
49 138 1
49 157 1
49 220 1
49 252 1
49 258 1
49 272 1
49 301 1
49 342 1
49 421 1
49 443 1
49 460 1
49 462 1
49 484 1
49 538 1
49 564 1
49 619 1
49 675 1
49 715 1
49 716 1
49 801 1
49 929 1
49 932 1
49 1001 1
49 1179 1
50 77 1
50 90 1
50 105 1
50 130 1
50 147 1
50 150 1
50 177 1
50 248 1
50 314 1
50 371 1
50 376 1
50 480 1
50 529 1
50 539 1
50 633 1
50 878 1
50 918 1
50 990 1
50 1028 1
50 1069 1
51 69 1
51 74 1
51 87 1
51 115 1
51 215 1
51 381 1
51 393 1
51 442 1
51 729 1
51 1068 1
51 1091 1
52 92 1
52 176 1
52 180 1
52 285 1
52 353 1
52 423 1
52 524 1
52 696 1
52 918 1
52 1034 1
52 1192 1
52 1384 1
52 1396 1
53 68 1
53 73 1
53 160 1
53 214 1
53 226 1
53 238 1
53 248 1
53 259 1
53 261 1
53 262 1
53 771 1
53 938 1
53 997 1
53 1068 1
53 1074 1
53 1202 1
53 1255 1
54 55 1
54 57 1
54 76 1
54 106 1
54 128 1
54 209 1
54 214 1
54 228 1
54 277 1
54 364 1
54 476 1
54 479 1
54 522 1
54 561 1
54 701 1
54 724 1
54 746 1
54 1123 1
54 1160 1
55 67 1
55 136 1
55 194 1
55 269 1
55 299 1
55 495 1
55 498 1
55 538 1
55 649 1
55 723 1
55 844 1
55 946 1
55 1206 1
55 1364 1
55 1373 1
56 175 1
56 184 1
56 190 1
56 197 1
56 226 1
56 267 1
56 407 1
56 736 1
56 1018 1
57 61 1
57 76 1
57 79 1
57 131 1
57 173 1
57 179 1
57 200 1
57 234 1
57 322 1
57 497 1
57 517 1
57 563 1
57 645 1
57 743 1
57 852 1
57 1043 1
57 1047 1
57 1312 1
58 156 1
58 200 1
58 223 1
58 252 1
58 285 1
58 291 1
58 410 1
58 431 1
58 464 1
58 489 1
58 521 1
58 569 1
58 653 1
58 673 1
58 678 1
58 705 1
58 720 1
58 758 1
58 847 1
58 923 1
58 946 1
58 961 1
58 964 1
58 1002 1
58 1015 1
58 1086 1
58 1144 1
58 1236 1
58 1239 1
58 1359 1
59 60 1
59 61 1
59 70 1
59 89 1
59 105 1
59 107 1
59 129 1
59 180 1
59 361 1
59 661 1
59 741 1
59 743 1
59 820 1
59 964 1
59 1063 1
59 1205 1
60 126 1
60 131 1
60 136 1
60 222 1
60 276 1
60 572 1
60 591 1
60 594 1
60 774 1
60 812 1
60 1292 1
61 68 1
61 81 1
61 103 1
61 135 1
61 145 1
61 248 1
61 279 1
61 290 1
61 362 1
61 371 1
61 386 1
61 411 1
61 494 1
61 526 1
61 565 1
61 614 1
61 623 1
61 641 1
61 711 1
61 726 1
61 770 1
61 842 1
61 852 1
61 911 1
61 919 1
61 1006 1
61 1072 1
61 1096 1
61 1117 1
61 1167 1
61 1223 1
61 1302 1
61 1377 1
61 1393 1
62 654 1
62 766 1
62 1138 1
63 109 1
63 110 1
63 242 1
63 338 1
63 353 1
63 378 1
63 502 1
63 683 1
63 1194 1
64 85 1
64 110 1
64 124 1
64 228 1
64 260 1
64 380 1
64 680 1
64 715 1
64 875 1
64 1241 1
65 71 1
65 78 1
65 81 1
65 93 1
65 94 1
65 119 1
65 167 1
65 220 1
65 223 1
65 228 1
65 251 1
65 335 1
65 425 1
65 458 1
65 469 1
65 474 1
65 610 1
65 650 1
65 906 1
65 972 1
65 1017 1
65 1024 1
65 1033 1
65 1158 1
65 1210 1
65 1326 1
65 1371 1
66 67 1
66 71 1
66 73 1
66 80 1
66 113 1
66 171 1
66 186 1
66 192 1
66 289 1
66 295 1
66 298 1
66 303 1
66 315 1
66 324 1
66 354 1
66 372 1
66 382 1
66 417 1
66 460 1
66 536 1
66 547 1
66 563 1
66 834 1
66 838 1
66 950 1
66 986 1
66 989 1
66 1076 1
66 1093 1
66 1110 1
67 177 1
67 770 1
67 1005 1
67 1134 1
67 1190 1
68 91 1
68 118 1
68 160 1
68 215 1
68 217 1
68 220 1
68 275 1
68 332 1
68 347 1
68 397 1
68 399 1
68 425 1
68 496 1
68 565 1
68 580 1
68 585 1
68 589 1
68 616 1
68 652 1
68 749 1
68 809 1
68 938 1
68 985 1
68 1017 1
68 1064 1
68 1087 1
68 1162 1
68 1213 1
68 1214 1
68 1219 1
68 1236 1
68 1241 1
69 111 1
69 202 1
69 473 1
69 499 1
69 972 1
69 1053 1
69 1277 1
70 146 1
70 153 1
70 159 1
70 204 1
70 526 1
70 555 1
70 686 1
70 779 1
70 995 1
70 1108 1
71 149 1
71 282 1
71 326 1
71 346 1
71 356 1
71 384 1
71 442 1
71 783 1
71 819 1
71 1002 1
71 1019 1
71 1031 1
72 78 1
72 88 1
72 280 1
72 284 1
72 305 1
72 307 1
72 387 1
72 409 1
72 421 1
72 513 1
72 571 1
72 625 1
72 674 1
72 816 1
72 940 1
72 972 1
72 978 1
72 1006 1
72 1128 1
72 1143 1
73 175 1
73 229 1
73 278 1
73 289 1
73 598 1
73 760 1
73 778 1
73 1015 1
74 118 1
74 180 1
74 189 1
74 194 1
74 309 1
74 312 1
74 317 1
74 443 1
74 472 1
74 531 1
74 549 1
74 585 1
74 771 1
74 816 1
74 970 1
74 1044 1
74 1082 1
74 1122 1
74 1254 1
75 143 1
75 151 1
75 227 1
75 243 1
75 538 1
75 615 1
75 853 1
75 1043 1
75 1222 1
75 1362 1
76 154 1
76 495 1
76 535 1
76 997 1
76 1087 1
76 1131 1
76 1246 1
77 97 1
77 113 1
77 114 1
77 121 1
77 138 1
77 220 1
77 227 1
77 310 1
77 341 1
77 386 1
77 398 1
77 550 1
77 557 1
77 762 1
77 799 1
77 826 1
77 873 1
77 952 1
77 976 1
77 1179 1
77 1309 1
78 105 1
78 127 1
78 296 1
78 380 1
78 388 1
78 424 1
78 497 1
78 556 1
78 712 1
78 869 1
78 1054 1
78 1066 1
78 1071 1
78 1090 1
78 1237 1
79 85 1
79 172 1
79 207 1
79 210 1
79 218 1
79 323 1
79 550 1
79 570 1
79 578 1
79 652 1
79 732 1
79 746 1
79 919 1
80 328 1
80 413 1
80 503 1
80 665 1
80 1155 1
81 82 1
81 100 1
81 151 1
81 300 1
81 840 1
81 907 1
81 955 1
82 158 1
82 190 1
82 257 1
82 313 1
82 316 1
82 317 1
82 365 1
82 389 1
82 407 1
82 486 1
82 535 1
82 562 1
82 574 1
82 588 1
82 671 1
82 674 1
82 769 1
82 813 1
82 890 1
82 891 1
82 964 1
82 996 1
82 1090 1
82 1184 1
82 1270 1
82 1334 1
83 96 1
83 283 1
83 387 1
83 394 1
83 490 1
83 606 1
83 890 1
83 1059 1
83 1127 1
83 1200 1
83 1304 1
83 1389 1
84 104 1
84 123 1
84 136 1
84 235 1
84 241 1
84 246 1
84 270 1
84 418 1
84 483 1
84 488 1
84 540 1
84 552 1
84 593 1
84 662 1
84 735 1
84 881 1
84 1196 1
84 1303 1
85 169 1
85 217 1
85 440 1
85 467 1
85 829 1
85 926 1
85 1283 1
86 206 1
86 287 1
86 292 1
86 341 1
86 349 1
86 413 1
86 505 1
86 583 1
86 599 1
86 735 1
87 95 1
87 145 1
87 206 1
87 576 1
87 609 1
87 683 1
87 716 1
87 868 1
87 1132 1
87 1190 1
87 1388 1
88 150 1
88 168 1
88 185 1
88 262 1
88 349 1
88 358 1
88 376 1
88 458 1
88 463 1
88 516 1
88 545 1
88 568 1
88 660 1
88 826 1
88 914 1
88 963 1
88 1020 1
88 1096 1
88 1099 1
88 1218 1
88 1259 1
88 1321 1
89 103 1
89 116 1
89 151 1
89 153 1
89 162 1
89 183 1
89 300 1
89 302 1
89 307 1
89 317 1
89 359 1
89 482 1
89 621 1
89 708 1
89 933 1
89 1027 1
89 1173 1
89 1202 1
90 112 1
90 132 1
90 160 1
90 312 1
90 326 1
90 496 1
90 554 1
90 664 1
90 718 1
91 368 1
91 381 1
91 689 1
91 817 1
91 875 1
91 1306 1
92 102 1
92 148 1
92 159 1
92 236 1
92 264 1
92 303 1
92 429 1
92 654 1
92 678 1
92 681 1
92 695 1
92 794 1
92 1017 1
92 1183 1
92 1211 1
92 1248 1
92 1319 1
93 330 1
93 461 1
93 595 1
93 627 1
93 744 1
93 767 1
93 778 1
93 1052 1
93 1144 1
94 268 1
94 273 1
94 1357 1
95 96 1
95 126 1
95 129 1
95 189 1
95 235 1
95 402 1
95 437 1
95 474 1
95 506 1
95 561 1
95 623 1
95 744 1
95 758 1
95 775 1
95 914 1
95 981 1
95 1012 1
95 1211 1
95 1254 1
95 1332 1
96 137 1
96 230 1
96 311 1
96 354 1
96 372 1
96 400 1
96 462 1
96 870 1
96 1181 1
97 108 1
97 140 1
97 242 1
97 312 1
97 728 1
97 831 1
97 976 1
98 148 1
98 167 1
98 168 1
98 207 1
98 253 1
98 271 1
98 332 1
98 337 1
98 360 1
98 366 1
98 373 1
98 397 1
98 422 1
98 447 1
98 449 1
98 500 1
98 523 1
98 527 1
98 648 1
98 668 1
98 694 1
98 784 1
98 925 1
98 1030 1
98 1110 1
98 1217 1
98 1340 1
99 125 1
99 199 1
99 204 1
99 270 1
99 642 1
99 788 1
99 831 1
99 843 1
99 1131 1
99 1273 1
99 1373 1
99 1384 1
99 1390 1
100 148 1
100 358 1
100 418 1
100 468 1
100 546 1
100 702 1
100 1337 1
101 256 1
101 332 1
101 428 1
101 537 1
101 570 1
101 662 1
101 694 1
101 810 1
101 886 1
101 1256 1
101 1324 1
102 135 1
102 144 1
102 152 1
102 154 1
102 202 1
102 236 1
102 351 1
102 358 1
102 415 1
102 478 1
102 636 1
102 653 1
102 685 1
102 716 1
102 767 1
102 862 1
102 919 1
102 956 1
102 968 1
102 1022 1
102 1282 1
102 1288 1
103 176 1
103 201 1
103 232 1
103 234 1
103 370 1
103 392 1
103 409 1
103 414 1
103 524 1
103 562 1
103 657 1
103 658 1
103 898 1
103 915 1
103 919 1
103 950 1
103 1006 1
103 1152 1
104 109 1
104 154 1
104 213 1
104 232 1
104 330 1
104 526 1
104 555 1
104 575 1
104 695 1
104 772 1
104 796 1
104 958 1
104 1116 1
104 1341 1
105 134 1
105 212 1
105 219 1
105 245 1
105 341 1
105 350 1
105 453 1
105 587 1
105 615 1
105 729 1
105 733 1
105 1067 1
105 1076 1
105 1336 1
106 157 1
106 202 1
106 251 1
106 261 1
106 322 1
106 350 1
106 507 1
106 601 1
106 603 1
106 790 1
106 792 1
106 968 1
106 1056 1
106 1365 1
106 1398 1
107 211 1
107 420 1
107 553 1
107 582 1
107 800 1
107 859 1
107 955 1
107 1078 1
107 1198 1
108 166 1
108 196 1
108 197 1
108 341 1
108 585 1
108 608 1
108 627 1
108 648 1
108 757 1
108 1111 1
108 1242 1
109 130 1
109 228 1
109 291 1
109 293 1
109 340 1
109 417 1
109 523 1
109 530 1
109 590 1
109 604 1
109 661 1
109 851 1
109 874 1
109 985 1
109 1180 1
109 1250 1
110 136 1
110 177 1
110 187 1
110 287 1
110 465 1
110 541 1
110 613 1
110 616 1
110 620 1
110 659 1
110 666 1
110 749 1
110 1026 1
110 1080 1
110 1165 1
110 1205 1
110 1228 1
110 1235 1
110 1295 1
111 192 1
111 352 1
111 877 1
111 1041 1
112 247 1
112 395 1
112 459 1
112 555 1
112 595 1
112 901 1
112 904 1
112 1075 1
112 1167 1
113 142 1
113 151 1
113 193 1
113 324 1
113 381 1
113 398 1
113 453 1
113 597 1
113 668 1
113 744 1
113 756 1
113 809 1
113 814 1
113 842 1
113 1253 1
113 1264 1
113 1343 1
114 237 1
114 284 1
114 588 1
114 615 1
114 785 1
115 242 1
115 245 1
115 345 1
115 391 1
115 405 1
115 406 1
115 427 1
115 513 1
115 746 1
115 1209 1
115 1264 1
115 1369 1
116 288 1
116 307 1
116 391 1
116 514 1
116 734 1
116 1031 1
117 246 1
117 344 1
117 408 1
117 415 1
117 541 1
117 620 1
117 663 1
117 889 1
117 947 1
117 1037 1
118 161 1
118 164 1
118 244 1
118 306 1
118 326 1
118 352 1
118 528 1
118 535 1
118 544 1
118 547 1
118 765 1
118 811 1
118 934 1
118 953 1
118 1085 1
118 1148 1
118 1153 1
118 1177 1
119 128 1
119 243 1
119 321 1
119 411 1
119 647 1
119 1252 1
119 1260 1
119 1389 1
120 162 1
120 163 1
120 260 1
120 359 1
120 671 1
120 679 1
120 1380 1
121 122 1
121 161 1
121 201 1
121 251 1
121 301 1
121 319 1
121 333 1
121 457 1
121 575 1
121 706 1
121 909 1
121 962 1
121 1029 1
121 1032 1
121 1093 1
121 1161 1
121 1228 1
121 1258 1
121 1320 1
121 1386 1
122 145 1
122 160 1
122 214 1
122 252 1
122 277 1
122 379 1
122 389 1
122 408 1
122 736 1
122 780 1
122 954 1
122 1070 1
122 1108 1
122 1120 1
122 1160 1
122 1184 1
122 1226 1
122 1239 1
122 1318 1
123 181 1
123 355 1
123 360 1
123 482 1
123 498 1
123 520 1
123 541 1
123 628 1
123 645 1
123 977 1
123 1114 1
123 1276 1
123 1391 1
124 196 1
124 254 1
124 346 1
124 403 1
124 576 1
124 710 1
124 902 1
124 937 1
124 1139 1
124 1253 1
125 230 1
125 622 1
125 875 1
125 893 1
125 926 1
125 1010 1
125 1319 1
126 313 1
126 785 1
126 804 1
126 1140 1
126 1175 1
126 1263 1
127 210 1
127 368 1
127 385 1
127 503 1
127 527 1
127 575 1
127 1234 1
127 1252 1
127 1287 1
127 1320 1
128 184 1
128 410 1
128 423 1
128 536 1
128 543 1
128 622 1
128 748 1
128 1042 1
128 1057 1
128 1328 1
129 144 1
129 156 1
129 194 1
129 224 1
129 343 1
129 487 1
129 604 1
129 631 1
129 675 1
129 691 1
129 873 1
129 995 1
129 1220 1
129 1253 1
129 1351 1
130 163 1
130 213 1
130 373 1
130 381 1
130 433 1
130 454 1
130 533 1
130 667 1
130 886 1
130 954 1
130 1147 1
130 1227 1
130 1373 1
131 687 1
132 225 1
132 792 1
132 803 1
132 857 1
132 960 1
132 1060 1
132 1119 1
132 1189 1
133 254 1
133 300 1
133 534 1
133 584 1
133 697 1
133 1068 1
134 142 1
134 247 1
134 284 1
134 420 1
134 476 1
134 719 1
134 758 1
134 1110 1
135 165 1
135 168 1
135 178 1
135 238 1
135 249 1
135 274 1
135 280 1
135 314 1
135 353 1
135 412 1
135 427 1
135 452 1
135 583 1
135 602 1
135 637 1
135 651 1
135 658 1
135 714 1
135 806 1
135 863 1
135 882 1
135 940 1
135 1014 1
135 1028 1
135 1046 1
135 1055 1
135 1302 1
136 231 1
136 342 1
137 387 1
137 419 1
137 434 1
137 478 1
137 605 1
137 983 1
137 1281 1
138 140 1
138 182 1
138 196 1
138 212 1
138 310 1
138 429 1
138 437 1
138 462 1
138 479 1
138 687 1
138 779 1
138 795 1
138 992 1
139 158 1
139 269 1
139 416 1
139 807 1
139 1039 1
139 1375 1
140 603 1
140 852 1
140 895 1
141 238 1
141 357 1
141 408 1
141 439 1
141 612 1
141 915 1
141 1113 1
141 1157 1
142 192 1
142 217 1
142 304 1
142 457 1
142 566 1
142 1326 1
143 144 1
143 157 1
143 185 1
143 205 1
143 282 1
143 304 1
143 385 1
143 405 1
143 441 1
143 450 1
143 588 1
143 749 1
143 806 1
143 1045 1
143 1098 1
143 1214 1
143 1322 1
143 1332 1
143 1339 1
144 210 1
144 297 1
144 644 1
144 1008 1
144 1224 1
145 178 1
145 258 1
145 265 1
145 272 1
145 276 1
145 331 1
145 439 1
145 548 1
145 707 1
145 724 1
145 782 1
145 1196 1
145 1277 1
146 169 1
146 392 1
146 485 1
146 600 1
146 686 1
146 687 1
146 719 1
146 832 1
147 173 1
147 188 1
147 235 1
147 333 1
147 457 1
147 557 1
147 675 1
147 723 1
147 819 1
147 925 1
147 1020 1
148 172 1
148 235 1
148 333 1
148 478 1
148 553 1
148 689 1
148 755 1
148 788 1
148 817 1
148 1011 1
148 1056 1
148 1102 1
148 1370 1
149 174 1
149 183 1
149 199 1
149 290 1
149 772 1
149 895 1
149 926 1
149 958 1
149 1007 1
149 1190 1
150 670 1
150 713 1
150 795 1
150 1284 1
151 167 1
151 502 1
151 878 1
151 1223 1
151 1230 1
151 1293 1
151 1393 1
152 171 1
152 206 1
152 360 1
152 379 1
152 404 1
152 462 1
152 489 1
152 490 1
152 619 1
152 630 1
152 653 1
152 680 1
152 737 1
152 739 1
152 900 1
152 959 1
152 974 1
152 1028 1
152 1147 1
152 1154 1
152 1325 1
152 1349 1
153 182 1
153 263 1
153 266 1
153 336 1
153 343 1
153 383 1
153 435 1
153 438 1
153 451 1
153 542 1
153 650 1
153 880 1
153 1115 1
153 1211 1
154 162 1
154 174 1
154 236 1
154 258 1
154 281 1
154 419 1
154 461 1
154 487 1
154 560 1
154 638 1
154 821 1
154 970 1
154 1177 1
155 243 1
155 279 1
155 320 1
155 338 1
155 648 1
155 661 1
155 757 1
155 773 1
155 794 1
155 847 1
155 868 1
155 894 1
155 923 1
155 1109 1
156 231 1
156 239 1
156 545 1
156 632 1
156 850 1
156 980 1
156 1151 1
157 281 1
157 311 1
157 463 1
157 512 1
157 899 1
157 996 1
157 1029 1
158 164 1
158 169 1
158 189 1
158 231 1
158 309 1
158 354 1
158 384 1
158 480 1
158 483 1
158 823 1
158 1358 1
159 295 1
159 355 1
159 390 1
159 492 1
159 560 1
159 646 1
159 761 1
159 813 1
159 930 1
159 944 1
159 973 1
159 979 1
159 1009 1
159 1111 1
159 1213 1
159 1235 1
159 1241 1
159 1295 1
159 1309 1
159 1311 1
159 1331 1
159 1345 1
160 421 1
160 436 1
161 164 1
161 176 1
161 438 1
161 900 1
161 1287 1
161 1302 1
162 187 1
162 192 1
162 295 1
162 296 1
162 357 1
162 379 1
162 393 1
162 538 1
162 677 1
162 795 1
162 798 1
162 910 1
162 963 1
162 1004 1
162 1051 1
162 1194 1
162 1258 1
163 522 1
163 885 1
163 931 1
164 202 1
164 250 1
164 365 1
164 718 1
164 787 1
164 958 1
164 979 1
165 205 1
165 226 1
165 351 1
165 364 1
165 426 1
165 430 1
165 455 1
165 477 1
165 542 1
165 555 1
165 777 1
165 798 1
165 920 1
165 1015 1
165 1062 1
165 1097 1
165 1257 1
166 229 1
167 205 1
167 233 1
167 294 1
167 448 1
167 477 1
167 529 1
167 687 1
167 740 1
167 1128 1
167 1157 1
167 1311 1
168 173 1
168 187 1
168 232 1
168 320 1
168 328 1
168 700 1
168 712 1
168 798 1
168 896 1
168 916 1
168 939 1
168 1224 1
168 1308 1
168 1387 1
169 291 1
169 827 1
170 195 1
170 287 1
170 325 1
170 403 1
170 516 1
170 543 1
170 701 1
170 927 1
170 987 1
170 1341 1
170 1375 1
171 224 1
171 250 1
171 534 1
171 692 1
171 851 1
171 974 1
171 1129 1
171 1201 1
171 1247 1
172 174 1
172 196 1
172 203 1
172 214 1
172 216 1
172 279 1
172 463 1
172 698 1
172 769 1
172 1011 1
172 1021 1
172 1046 1
173 319 1
173 385 1
173 406 1
173 410 1
173 428 1
173 617 1
173 673 1
173 731 1
173 934 1
173 1026 1
173 1027 1
174 198 1
174 309 1
175 293 1
175 591 1
175 828 1
175 868 1
175 1022 1
175 1134 1
175 1155 1
175 1312 1
176 342 1
176 543 1
176 624 1
176 671 1
176 708 1
176 918 1
176 1071 1
176 1170 1
177 180 1
177 216 1
177 377 1
177 717 1
177 1066 1
177 1374 1
178 273 1
178 568 1
178 1146 1
179 318 1
179 330 1
179 1281 1
180 582 1
180 686 1
180 726 1
181 273 1
181 340 1
181 432 1
181 465 1
182 272 1
182 340 1
182 367 1
182 391 1
182 570 1
182 791 1
182 843 1
182 1280 1
183 313 1
183 436 1
183 971 1
183 1135 1
183 1259 1
184 204 1
184 237 1
184 267 1
184 775 1
184 1150 1
185 230 1
185 276 1
185 283 1
185 350 1
185 399 1
185 416 1
185 562 1
185 814 1
185 858 1
185 888 1
185 920 1
185 940 1
185 953 1
185 984 1
185 1087 1
185 1103 1
186 259 1
186 427 1
186 526 1
186 625 1
186 675 1
186 722 1
186 786 1
186 1125 1
187 237 1
187 253 1
187 359 1
187 703 1
187 731 1
187 989 1
187 1030 1
187 1045 1
187 1105 1
187 1398 1
188 322 1
188 415 1
188 688 1
189 255 1
189 336 1
189 473 1
189 539 1
189 548 1
189 553 1
189 578 1
189 788 1
189 884 1
189 1008 1
189 1039 1
189 1125 1
189 1152 1
190 238 1
190 246 1
190 254 1
190 331 1
190 346 1
190 356 1
190 444 1
190 475 1
190 541 1
190 853 1
190 1052 1
190 1266 1
191 195 1
191 232 1
191 306 1
191 336 1
191 1144 1
192 377 1
192 437 1
192 524 1
192 896 1
192 999 1
192 1001 1
192 1063 1
192 1089 1
192 1225 1
193 1312 1
194 324 1
194 531 1
194 791 1
195 248 1
195 446 1
196 472 1
196 493 1
196 809 1
197 262 1
197 1023 1
198 236 1
198 331 1
198 608 1
198 1139 1
198 1241 1
198 1260 1
198 1308 1
198 1399 1
199 486 1
199 493 1
199 521 1
199 707 1
199 831 1
199 977 1
199 1014 1
199 1021 1
200 825 1
200 932 1
201 1106 1
201 1116 1
202 738 1
202 1186 1
203 349 1
203 685 1
203 761 1
203 860 1
203 889 1
203 975 1
204 282 1
204 424 1
204 641 1
204 932 1
204 1360 1
205 240 1
205 643 1
205 720 1
205 829 1
206 223 1
206 227 1
206 308 1
206 323 1
206 383 1
206 422 1
206 506 1
206 604 1
206 682 1
206 776 1
206 1022 1
206 1127 1
206 1209 1
207 208 1
207 283 1
207 470 1
207 567 1
207 593 1
208 329 1
208 639 1
208 640 1
208 857 1
208 988 1
209 512 1
209 656 1
209 1187 1
209 1199 1
210 233 1
210 263 1
210 344 1
210 501 1
210 1159 1
210 1301 1
210 1394 1
211 643 1
212 247 1
212 256 1
212 404 1
212 464 1
212 518 1
212 840 1
212 933 1
212 959 1
212 971 1
212 1124 1
212 1176 1
212 1211 1
212 1355 1
213 281 1
213 586 1
213 1002 1
213 1121 1
213 1180 1
213 1262 1
214 240 1
214 571 1
214 572 1
214 584 1
214 626 1
214 714 1
214 892 1
214 1012 1
214 1167 1
215 262 1
215 307 1
215 349 1
215 613 1
215 622 1
215 883 1
215 1038 1
216 222 1
216 461 1
216 516 1
216 665 1
216 924 1
216 1382 1
217 266 1
217 336 1
217 413 1
217 418 1
217 979 1
217 1265 1
218 397 1
218 482 1
218 640 1
219 1023 1
220 308 1
220 319 1
220 517 1
220 532 1
220 619 1
220 699 1
220 1336 1
221 257 1
221 283 1
221 370 1
221 510 1
221 905 1
221 1188 1
221 1375 1
222 407 1
222 448 1
222 634 1
222 854 1
222 1232 1
222 1392 1
223 270 1
223 299 1
223 394 1
223 455 1
223 1301 1
224 241 1
224 264 1
224 271 1
224 314 1
224 480 1
224 510 1
224 828 1
224 855 1
224 948 1
224 967 1
224 1002 1
224 1069 1
224 1350 1
225 334 1
225 370 1
225 375 1
225 419 1
225 434 1
226 457 1
226 1003 1
227 589 1
228 275 1
228 290 1
228 398 1
228 470 1
228 710 1
228 723 1
228 1076 1
228 1087 1
228 1091 1
228 1339 1
228 1366 1
229 320 1
229 377 1
229 401 1
229 585 1
229 693 1
229 742 1
229 780 1
229 1176 1
229 1199 1
229 1392 1
230 261 1
230 297 1
230 638 1
230 639 1
231 380 1
231 1107 1
232 601 1
232 647 1
232 719 1
232 781 1
232 818 1
232 991 1
232 1063 1
232 1098 1
232 1101 1
232 1117 1
232 1249 1
232 1276 1
232 1288 1
233 333 1
233 384 1
233 481 1
233 484 1
233 943 1
233 1186 1
233 1278 1
234 566 1
234 1396 1
235 411 1
235 728 1
235 1033 1
235 1177 1
235 1187 1
235 1272 1
236 323 1
236 343 1
236 590 1
236 649 1
236 706 1
236 739 1
236 807 1
236 921 1
236 1013 1
237 878 1
237 1000 1
237 1031 1
237 1114 1
237 1168 1
237 1240 1
237 1309 1
238 325 1
238 378 1
238 424 1
238 516 1
238 596 1
238 629 1
238 756 1
238 900 1
238 945 1
238 1044 1
240 274 1
240 412 1
240 608 1
240 632 1
240 792 1
240 802 1
240 871 1
240 1039 1
240 1051 1
241 278 1
241 876 1
242 296 1
242 308 1
242 475 1
242 489 1
242 540 1
242 654 1
242 680 1
242 839 1
242 1193 1
243 271 1
243 505 1
243 939 1
243 963 1
243 1112 1
243 1250 1
244 271 1
245 391 1
245 481 1
245 552 1
245 577 1
245 766 1
245 797 1
245 836 1
245 1318 1
246 252 1
246 339 1
246 495 1
246 499 1
246 657 1
246 772 1
246 797 1
246 812 1
246 846 1
246 912 1
246 947 1
246 1056 1
246 1148 1
246 1173 1
246 1257 1
246 1265 1
246 1322 1
247 350 1
247 352 1
247 395 1
247 519 1
247 559 1
247 668 1
247 677 1
247 722 1
247 733 1
247 820 1
247 877 1
247 1090 1
247 1127 1
247 1268 1
247 1334 1
248 318 1
248 440 1
248 442 1
248 651 1
248 937 1
248 1264 1
248 1289 1
248 1319 1
249 873 1
249 884 1
249 989 1
249 1231 1
249 1291 1
249 1354 1
250 257 1
250 471 1
250 724 1
250 846 1
250 951 1
251 325 1
251 460 1
251 672 1
251 1372 1
252 269 1
252 315 1
252 417 1
252 647 1
252 722 1
252 1028 1
253 1209 1
254 293 1
254 644 1
254 1011 1
254 1113 1
256 611 1
256 813 1
256 995 1
256 1247 1
256 1326 1
257 389 1
257 454 1
257 989 1
257 1031 1
257 1058 1
257 1371 1
258 470 1
258 984 1
258 1144 1
259 337 1
259 435 1
259 899 1
259 1058 1
259 1216 1
260 294 1
260 1397 1
261 822 1
261 1184 1
262 361 1
262 396 1
262 405 1
262 424 1
262 441 1
262 688 1
262 711 1
262 912 1
262 1227 1
262 1292 1
263 265 1
263 285 1
263 465 1
263 598 1
263 1172 1
263 1185 1
263 1231 1
263 1365 1
264 313 1
264 432 1
264 467 1
264 557 1
264 630 1
264 738 1
264 969 1
264 1305 1
264 1313 1
265 293 1
265 921 1
266 325 1
266 351 1
266 518 1
266 722 1
266 773 1
266 1187 1
267 306 1
268 301 1
268 303 1
268 310 1
268 432 1
268 609 1
268 787 1
268 807 1
268 907 1
268 997 1
268 1071 1
268 1122 1
268 1281 1
268 1381 1
269 470 1
270 367 1
271 363 1
271 684 1
271 713 1
271 901 1
271 903 1
272 357 1
272 757 1
272 880 1
272 890 1
272 946 1
272 1078 1
272 1200 1
272 1250 1
272 1337 1
273 727 1
274 330 1
274 334 1
274 366 1
274 372 1
274 439 1
274 466 1
274 514 1
274 595 1
274 610 1
274 633 1
274 733 1
274 737 1
274 756 1
274 871 1
274 1007 1
274 1206 1
274 1291 1
275 768 1
275 1062 1
275 1151 1
276 500 1
276 511 1
276 740 1
276 827 1
276 869 1
277 320 1
277 329 1
277 345 1
277 449 1
277 579 1
277 600 1
277 684 1
277 727 1
277 747 1
277 783 1
277 790 1
277 861 1
277 863 1
277 895 1
277 897 1
277 931 1
277 1149 1
277 1294 1
277 1376 1
278 652 1
278 770 1
279 423 1
280 363 1
280 1350 1
281 328 1
281 396 1
281 664 1
281 688 1
281 713 1
281 1251 1
282 387 1
282 401 1
282 550 1
282 554 1
283 348 1
283 451 1
284 286 1
284 327 1
284 665 1
284 958 1
284 1153 1
284 1286 1
285 294 1
285 364 1
285 374 1
285 386 1
285 799 1
285 825 1
285 827 1
285 839 1
285 1009 1
285 1170 1
285 1225 1
285 1390 1
286 448 1
286 596 1
286 749 1
287 318 1
287 337 1
287 753 1
287 954 1
288 340 1
289 358 1
289 446 1
289 602 1
289 865 1
289 879 1
290 977 1
290 1082 1
291 508 1
291 705 1
291 761 1
291 825 1
292 847 1
293 344 1
293 748 1
293 994 1
293 1046 1
294 663 1
294 1101 1
295 1137 1
295 1143 1
296 545 1
296 666 1
296 1053 1
296 1269 1
297 550 1
297 881 1
297 1086 1
297 1164 1
297 1215 1
298 491 1
298 745 1
298 1223 1
298 1275 1
298 1342 1
298 1360 1
299 464 1
299 499 1
299 1383 1
299 1388 1
301 316 1
301 456 1
301 695 1
301 801 1
301 838 1
301 885 1
301 908 1
301 983 1
301 1048 1
301 1081 1
301 1188 1
301 1349 1
302 1221 1
303 490 1
303 682 1
303 1245 1
303 1344 1
304 338 1
304 427 1
304 434 1
304 531 1
304 606 1
304 678 1
304 681 1
304 702 1
304 709 1
304 812 1
304 880 1
304 887 1
304 969 1
304 1040 1
304 1059 1
305 383 1
305 430 1
305 501 1
305 913 1
306 374 1
306 431 1
306 435 1
306 683 1
306 1084 1
306 1136 1
307 335 1
307 466 1
307 587 1
307 640 1
307 1102 1
308 856 1
309 377 1
309 580 1
310 801 1
310 1005 1
310 1135 1
310 1333 1
311 389 1
311 444 1
311 475 1
311 925 1
311 993 1
313 412 1
313 754 1
313 849 1
313 1140 1
313 1379 1
314 321 1
314 433 1
314 540 1
314 616 1
314 679 1
314 721 1
314 824 1
314 826 1
314 841 1
314 915 1
314 961 1
314 992 1
314 1348 1
314 1381 1
315 414 1
315 589 1
315 1081 1
315 1130 1
316 423 1
316 471 1
316 856 1
316 1137 1
317 970 1
317 1140 1
317 1233 1
318 551 1
318 798 1
318 832 1
318 912 1
318 1084 1
319 475 1
319 536 1
319 723 1
319 976 1
319 1013 1
319 1125 1
319 1315 1
319 1342 1
320 362 1
320 447 1
320 639 1
320 677 1
320 696 1
320 967 1
320 1232 1
320 1242 1
321 415 1
321 752 1
321 877 1
322 617 1
322 621 1
322 836 1
323 347 1
323 624 1
323 876 1
323 942 1
324 1058 1
324 1099 1
324 1299 1
325 486 1
325 637 1
325 870 1
325 1114 1
325 1267 1
325 1320 1
326 425 1
326 768 1
326 996 1
327 337 1
327 374 1
327 509 1
327 673 1
327 803 1
327 1192 1
327 1379 1
328 1013 1
328 1062 1
328 1066 1
328 1145 1
328 1192 1
329 455 1
329 551 1
329 822 1
329 903 1
329 1019 1
329 1244 1
329 1246 1
329 1316 1
330 392 1
330 402 1
330 507 1
330 701 1
330 869 1
330 956 1
330 965 1
330 1329 1
330 1383 1
331 433 1
331 554 1
331 598 1
331 1056 1
331 1119 1
331 1356 1
332 891 1
335 656 1
336 348 1
336 708 1
336 971 1
337 558 1
338 789 1
338 1081 1
338 1217 1
338 1351 1
339 441 1
339 993 1
340 656 1
340 751 1
340 1039 1
340 1204 1
340 1364 1
341 1060 1
341 1329 1
343 371 1
343 376 1
343 469 1
343 522 1
343 569 1
343 578 1
343 644 1
343 650 1
343 1140 1
343 1249 1
343 1345 1
344 485 1
344 808 1
344 1024 1
344 1179 1
345 465 1
345 999 1
346 1075 1
347 390 1
347 573 1
347 690 1
347 740 1
347 743 1
347 887 1
347 953 1
347 1158 1
347 1297 1
347 1387 1
348 579 1
348 1387 1
349 561 1
349 645 1
350 364 1
350 582 1
350 586 1
350 1120 1
350 1240 1
351 804 1
351 849 1
351 880 1
351 1045 1
351 1133 1
352 1217 1
353 472 1
353 498 1
353 519 1
353 659 1
353 737 1
353 900 1
353 1370 1
354 397 1
354 449 1
354 923 1
355 402 1
355 519 1
355 663 1
355 843 1
356 590 1
356 922 1
356 1199 1
357 489 1
357 511 1
358 663 1
358 1369 1
359 452 1
359 753 1
359 773 1
359 1120 1
359 1237 1
359 1307 1
360 373 1
360 711 1
360 1316 1
360 1333 1
361 449 1
361 631 1
361 811 1
361 821 1
361 906 1
361 1191 1
361 1237 1
362 605 1
363 1016 1
364 417 1
364 510 1
364 592 1
364 653 1
364 814 1
364 1049 1
364 1074 1
364 1149 1
364 1203 1
365 641 1
365 703 1
365 818 1
365 1091 1
366 548 1
366 973 1
367 413 1
367 433 1
367 450 1
367 682 1
367 826 1
368 684 1
368 822 1
368 988 1
369 459 1
369 460 1
369 599 1
369 837 1
369 937 1
370 694 1
370 984 1
370 1197 1
371 410 1
371 431 1
371 452 1
371 922 1
371 1072 1
371 1316 1
371 1339 1
372 642 1
372 1166 1
372 1262 1
373 420 1
373 523 1
373 655 1
373 660 1
373 689 1
373 702 1
373 711 1
373 836 1
374 430 1
374 1111 1
374 1204 1
376 1160 1
376 1271 1
376 1385 1
377 388 1
377 596 1
377 645 1
377 982 1
377 1221 1
377 1272 1
377 1317 1
377 1393 1
378 491 1
378 605 1
378 613 1
378 1034 1
378 1220 1
379 805 1
379 1089 1
380 429 1
380 435 1
380 445 1
380 569 1
380 577 1
380 655 1
380 788 1
380 824 1
380 1010 1
380 1036 1
380 1088 1
380 1361 1
380 1381 1
381 761 1
381 762 1
381 976 1
382 441 1
382 502 1
382 528 1
382 584 1
382 1128 1
384 633 1
386 714 1
386 1064 1
387 498 1
387 606 1
387 698 1
388 609 1
388 747 1
388 877 1
388 902 1
389 674 1
389 818 1
389 1115 1
390 794 1
391 506 1
392 537 1
392 845 1
392 889 1
392 1183 1
392 1360 1
393 1019 1
393 1285 1
395 399 1
395 458 1
395 1084 1
395 1100 1
395 1178 1
396 611 1
396 674 1
396 781 1
397 459 1
397 1195 1
397 1248 1
399 1356 1
400 405 1
400 830 1
400 960 1
401 478 1
401 525 1
401 835 1
404 936 1
404 1129 1
404 1234 1
404 1377 1
405 418 1
405 426 1
405 495 1
405 803 1
405 924 1
405 1052 1
405 1088 1
405 1342 1
406 440 1
406 657 1
406 690 1
406 730 1
406 842 1
406 939 1
406 1083 1
406 1251 1
406 1275 1
406 1395 1
407 520 1
407 751 1
407 974 1
407 1003 1
409 903 1
409 968 1
409 970 1
409 1016 1
409 1249 1
410 966 1
410 1249 1
411 464 1
411 929 1
411 1136 1
412 448 1
412 1060 1
412 1138 1
413 522 1
413 845 1
414 511 1
414 581 1
414 1047 1
414 1098 1
414 1340 1
415 764 1
415 1327 1
416 544 1
416 577 1
416 592 1
416 838 1
417 634 1
417 950 1
418 584 1
418 846 1
419 554 1
420 488 1
420 552 1
420 695 1
420 743 1
420 870 1
420 1094 1
420 1193 1
421 499 1
421 564 1
421 568 1
421 610 1
421 697 1
421 710 1
421 784 1
421 860 1
421 1210 1
424 801 1
424 983 1
424 1189 1
426 456 1
426 841 1
426 1173 1
427 840 1
427 983 1
427 1200 1
427 1380 1
428 467 1
428 797 1
428 928 1
428 997 1
428 1005 1
428 1274 1
429 805 1
429 891 1
429 1263 1
430 486 1
430 549 1
430 796 1
430 905 1
430 1338 1
431 569 1
431 718 1
431 1235 1
432 638 1
432 746 1
432 936 1
432 1207 1
432 1300 1
433 447 1
433 988 1
434 496 1
434 500 1
434 504 1
434 617 1
434 676 1
434 707 1
434 1041 1
434 1070 1
435 735 1
435 830 1
435 1027 1
435 1181 1
436 1151 1
438 607 1
438 626 1
438 725 1
438 821 1
439 776 1
440 600 1
440 1219 1
441 700 1
441 1095 1
441 1327 1
442 610 1
442 904 1
443 1336 1
445 549 1
445 616 1
445 1335 1
446 620 1
446 1195 1
447 559 1
447 739 1
447 1122 1
448 511 1
448 1112 1
448 1353 1
449 777 1
450 606 1
450 822 1
450 1328 1
450 1395 1
451 730 1
451 1200 1
452 564 1
452 777 1
452 922 1
452 985 1
453 519 1
453 681 1
453 768 1
453 823 1
453 875 1
453 948 1
453 1180 1
454 717 1
454 774 1
454 1003 1
454 1222 1
455 551 1
455 734 1
455 790 1
455 800 1
455 848 1
455 934 1
455 938 1
459 597 1
459 1314 1
460 565 1
460 704 1
460 759 1
460 978 1
460 993 1
461 508 1
461 698 1
461 991 1
461 1036 1
461 1133 1
461 1217 1
461 1379 1
462 1262 1
462 1390 1
464 574 1
464 618 1
464 1024 1
464 1030 1
464 1109 1
464 1340 1
465 1305 1
466 804 1
466 1012 1
466 1273 1
467 528 1
467 729 1
467 799 1
467 820 1
467 926 1
467 996 1
467 1171 1
467 1370 1
467 1399 1
468 857 1
468 1038 1
468 1160 1
469 815 1
470 1079 1
472 504 1
472 702 1
473 509 1
473 755 1
473 871 1
474 1180 1
475 539 1
475 866 1
476 804 1
477 734 1
477 751 1
477 1159 1
479 679 1
479 1347 1
479 1392 1
481 502 1
481 855 1
481 930 1
481 985 1
481 1000 1
481 1234 1
481 1361 1
481 1368 1
482 905 1
482 1188 1
483 725 1
484 1008 1
484 1123 1
485 726 1
485 897 1
485 1065 1
486 574 1
486 754 1
486 815 1
486 1029 1
489 515 1
490 1090 1
491 649 1
491 883 1
491 943 1
491 1195 1
491 1291 1
493 1233 1
493 1244 1
494 850 1
494 946 1
495 504 1
495 666 1
495 957 1
495 1053 1
495 1065 1
496 669 1
496 943 1
496 1193 1
496 1319 1
497 620 1
497 841 1
497 907 1
497 1037 1
499 625 1
499 736 1
501 562 1
501 837 1
501 863 1
501 1198 1
503 571 1
503 731 1
503 861 1
504 573 1
504 575 1
504 668 1
504 837 1
504 902 1
504 945 1
505 854 1
505 1062 1
506 520 1
506 750 1
506 774 1
506 781 1
506 1161 1
507 556 1
507 742 1
507 893 1
508 688 1
508 1032 1
509 598 1
509 665 1
510 1196 1
511 909 1
511 1218 1
511 1347 1
512 530 1
512 742 1
513 558 1
514 633 1
514 928 1
514 1186 1
514 1281 1
515 518 1
515 664 1
515 725 1
515 859 1
515 909 1
515 1077 1
515 1088 1
516 728 1
516 765 1
516 1012 1
516 1305 1
518 660 1
518 672 1
518 726 1
518 794 1
518 966 1
518 1094 1
518 1114 1
519 1291 1
520 697 1
520 1122 1
520 1199 1
520 1256 1
521 581 1
521 612 1
521 662 1
521 883 1
522 607 1
522 719 1
522 797 1
522 872 1
522 1188 1
523 1311 1
523 1368 1
524 1107 1
525 890 1
525 935 1
526 532 1
526 576 1
526 696 1
526 707 1
526 921 1
526 1098 1
526 1359 1
527 700 1
527 1111 1
527 1156 1
529 618 1
529 727 1
529 760 1
529 793 1
529 851 1
529 921 1
529 980 1
529 1176 1
529 1178 1
530 587 1
530 1079 1
531 808 1
532 924 1
533 570 1
533 867 1
533 1283 1
534 571 1
534 800 1
534 1021 1
534 1213 1
535 559 1
536 817 1
536 1009 1
537 712 1
538 1032 1
538 1153 1
539 1332 1
540 625 1
540 654 1
540 814 1
540 1258 1
540 1261 1
541 595 1
541 784 1
542 612 1
542 636 1
542 656 1
542 793 1
542 898 1
542 1025 1
542 1142 1
543 1139 1
544 594 1
544 1101 1
544 1170 1
544 1298 1
544 1328 1
545 1116 1
547 854 1
547 982 1
549 630 1
549 871 1
549 1003 1
549 1041 1
549 1081 1
549 1162 1
549 1216 1
549 1371 1
550 1069 1
551 789 1
551 805 1
551 892 1
552 741 1
553 775 1
553 1035 1
554 971 1
554 1082 1
555 821 1
555 1061 1
556 676 1
556 866 1
556 1043 1
558 829 1
558 1103 1
559 811 1
561 670 1
561 708 1
561 1008 1
563 897 1
563 1156 1
563 1387 1
565 680 1
565 812 1
565 1105 1
567 835 1
567 1310 1
568 854 1
568 1101 1
568 1139 1
568 1305 1
569 1004 1
569 1378 1
571 1301 1
572 631 1
572 1158 1
573 1109 1
574 882 1
574 899 1
574 949 1
574 1356 1
575 599 1
577 1289 1
577 1370 1
578 693 1
578 779 1
578 978 1
578 1189 1
580 628 1
581 626 1
581 786 1
581 908 1
582 766 1
582 947 1
583 1100 1
584 594 1
584 611 1
585 748 1
586 732 1
586 802 1
586 829 1
586 851 1
586 859 1
586 917 1
586 924 1
586 1266 1
587 759 1
588 769 1
588 1325 1
589 1230 1
589 1346 1
590 628 1
590 758 1
590 792 1
590 857 1
590 887 1
590 941 1
590 1082 1
590 1205 1
590 1226 1
590 1297 1
590 1329 1
590 1339 1
590 1377 1
593 747 1
595 635 1
595 657 1
595 1021 1
595 1052 1
595 1210 1
595 1268 1
596 1084 1
596 1212 1
597 638 1
597 1007 1
599 741 1
599 863 1
599 1001 1
601 621 1
601 634 1
601 1171 1
601 1352 1
601 1384 1
604 757 1
604 803 1
605 961 1
605 986 1
605 1040 1
605 1079 1
605 1221 1
606 756 1
606 776 1
606 927 1
606 1147 1
607 642 1
607 1018 1
607 1343 1
607 1347 1
610 1354 1
611 841 1
611 1182 1
612 699 1
612 850 1
613 1175 1
614 629 1
614 637 1
614 642 1
614 720 1
614 1256 1
614 1334 1
615 778 1
615 920 1
615 981 1
615 1083 1
616 778 1
617 627 1
617 907 1
617 942 1
617 1126 1
619 833 1
619 1331 1
620 760 1
620 879 1
621 667 1
621 800 1
621 1041 1
622 669 1
622 799 1
622 1363 1
623 671 1
623 808 1
623 913 1
623 1308 1
624 820 1
626 785 1
627 693 1
627 785 1
627 1020 1
627 1130 1
627 1227 1
627 1246 1
627 1351 1
627 1357 1
628 762 1
628 1379 1
629 660 1
629 661 1
629 789 1
630 738 1
630 739 1
630 1154 1
631 881 1
631 1238 1
632 1204 1
632 1353 1
634 1053 1
635 647 1
635 664 1
635 1198 1
635 1331 1
636 888 1
636 1089 1
636 1308 1
637 655 1
637 975 1
637 1184 1
638 925 1
639 1304 1
640 685 1
640 715 1
640 1145 1
641 655 1
641 1225 1
641 1312 1
642 1208 1
643 1340 1
645 966 1
646 850 1
647 1113 1
649 832 1
649 1108 1
649 1161 1
649 1239 1
650 1294 1
652 1167 1
654 876 1
654 911 1
654 954 1
655 670 1
655 1135 1
655 1343 1
656 823 1
656 1042 1
657 658 1
659 1063 1
659 1268 1
660 853 1
660 868 1
660 885 1
660 1134 1
661 1202 1
661 1218 1
661 1338 1
662 705 1
662 898 1
662 1132 1
662 1386 1
663 861 1
663 973 1
663 1296 1
663 1300 1
663 1358 1
664 1350 1
665 824 1
665 1050 1
667 1172 1
668 1321 1
669 808 1
669 885 1
670 883 1
670 1120 1
670 1307 1
672 682 1
672 763 1
672 1168 1
673 865 1
673 1259 1
673 1307 1
674 1271 1
674 1366 1
675 1058 1
676 750 1
676 1174 1
677 1299 1
678 699 1
678 1303 1
680 942 1
681 791 1
682 733 1
682 1290 1
683 706 1
683 806 1
683 1165 1
684 1100 1
685 714 1
685 894 1
685 1314 1
686 709 1
686 911 1
687 763 1
687 771 1
687 835 1
687 1042 1
687 1303 1
689 1169 1
691 783 1
694 810 1
694 933 1
694 1079 1
694 1116 1
694 1257 1
695 1212 1
696 1397 1
698 1091 1
700 1206 1
700 1304 1
701 816 1
701 824 1
702 737 1
702 742 1
702 793 1
702 1278 1
703 1026 1
704 810 1
705 1315 1
707 830 1
707 897 1
707 982 1
707 1060 1
707 1126 1
707 1154 1
708 738 1
709 811 1
709 1239 1
710 964 1
710 1013 1
713 740 1
713 1010 1
713 1040 1
714 837 1
714 849 1
714 928 1
714 1037 1
714 1346 1
714 1395 1
717 751 1
718 951 1
718 1107 1
718 1321 1
719 750 1
719 1213 1
721 1083 1
721 1130 1
721 1238 1
722 962 1
722 1191 1
722 1325 1
723 830 1
723 1092 1
723 1330 1
724 825 1
724 848 1
724 1242 1
725 1118 1
726 864 1
728 750 1
728 842 1
728 993 1
729 870 1
733 845 1
733 1197 1
734 967 1
734 1080 1
734 1337 1
734 1376 1
736 1133 1
736 1235 1
737 1182 1
739 865 1
740 1234 1
740 1243 1
741 906 1
741 1159 1
741 1292 1
742 957 1
742 1246 1
742 1350 1
743 760 1
743 866 1
743 1367 1
744 1233 1
744 1378 1
745 1055 1
745 1382 1
746 1129 1
746 1216 1
747 1048 1
747 1375 1
748 951 1
748 1023 1
748 1247 1
750 917 1
750 990 1
750 1057 1
750 1104 1
751 920 1
751 979 1
751 1243 1
754 892 1
756 941 1
759 860 1
759 899 1
759 1357 1
760 1102 1
760 1150 1
761 913 1
761 1004 1
761 1069 1
762 1296 1
763 1123 1
763 1158 1
765 1171 1
765 1362 1
766 1310 1
770 1103 1
770 1253 1
771 1161 1
773 776 1
774 965 1
775 1141 1
775 1232 1
776 1164 1
776 1236 1
777 904 1
777 1285 1
778 1034 1
779 889 1
779 1100 1
780 944 1
780 959 1
781 782 1
781 1112 1
781 1264 1
783 916 1
785 1138 1
786 1048 1
786 1182 1
787 1070 1
787 1322 1
787 1327 1
789 961 1
790 903 1
792 1077 1
792 1238 1
792 1267 1
793 1105 1
794 1240 1
795 906 1
796 862 1
796 1148 1
796 1238 1
799 1378 1
800 1201 1
800 1306 1
802 916 1
802 942 1
803 893 1
803 896 1
803 1131 1
804 864 1
804 965 1
804 1214 1
804 1254 1
806 869 1
806 1080 1
806 1142 1
808 1306 1
808 1365 1
809 1400 1
810 1165 1
810 1186 1
812 1019 1
816 834 1
816 1258 1
816 1269 1
816 1304 1
816 1374 1
818 1066 1
820 1164 1
821 1396 1
822 1071 1
822 1280 1
823 962 1
824 1222 1
825 941 1
825 952 1
825 1096 1
828 848 1
828 947 1
828 1124 1
830 1043 1
830 1163 1
831 1228 1
832 858 1
832 874 1
832 1009 1
833 1314 1
836 840 1
837 1171 1
842 864 1
842 933 1
843 1345 1
845 948 1
845 1085 1
845 1269 1
845 1280 1
847 1083 1
848 988 1
850 1042 1
851 1124 1
853 1248 1
854 953 1
854 1185 1
859 1057 1
859 1277 1
860 1141 1
860 1287 1
860 1341 1
861 931 1
861 1353 1
863 1106 1
863 1335 1
864 987 1
865 1309 1
866 931 1
866 932 1
866 981 1
866 1215 1
866 1346 1
867 1142 1
867 1333 1
868 1059 1
868 1318 1
869 1001 1
869 1011 1
869 1136 1
869 1220 1
869 1265 1
869 1368 1
870 1293 1
870 1310 1
875 1023 1
875 1054 1
877 1073 1
879 882 1
881 1065 1
881 1400 1
882 1208 1
883 935 1
883 1363 1
884 1317 1
886 1096 1
886 1125 1
888 1094 1
888 1195 1
888 1344 1
889 1229 1
890 1036 1
891 1333 1
891 1374 1
892 1174 1
893 1148 1
894 1362 1
895 1266 1
895 1378 1
896 928 1
897 977 1
899 962 1
900 982 1
900 1075 1
900 1112 1
900 1236 1
902 952 1
904 1267 1
905 948 1
905 1189 1
908 1024 1
908 1294 1
911 1076 1
911 1094 1
911 1276 1
912 1037 1
912 1273 1
914 930 1
916 1123 1
916 1159 1
916 1231 1
916 1306 1
918 1286 1
919 1138 1
919 1179 1
919 1183 1
920 951 1
920 1165 1
920 1369 1
921 1380 1
922 955 1
924 945 1
924 1192 1
924 1398 1
926 1284 1
929 956 1
929 1194 1
930 999 1
930 1070 1
933 1104 1
936 1279 1
937 960 1
937 969 1
937 1390 1
938 1276 1
939 1394 1
940 998 1
941 1155 1
942 1380 1
943 1282 1
944 1289 1
946 1046 1
946 1169 1
947 1072 1
947 1092 1
950 1146 1
950 1362 1
951 984 1
953 990 1
953 1330 1
954 1359 1
956 1014 1
956 1118 1
956 1335 1
959 1000 1
959 1121 1
960 1295 1
962 1365 1
964 1290 1
965 1147 1
966 1162 1
969 1141 1
970 1191 1
972 1398 1
975 1354 1
977 1075 1
979 992 1
979 1057 1
980 1141 1
980 1227 1
980 1274 1
982 1146 1
982 1176 1
985 1014 1
985 1086 1
989 1030 1
989 1251 1
993 1232 1
993 1284 1
993 1287 1
994 1150 1
998 1035 1
999 1207 1
1000 1108 1
1000 1109 1
1001 1038 1
1001 1068 1
1001 1132 1
1001 1323 1
1001 1359 1
1006 1209 1
1006 1376 1
1010 1256 1
1011 1282 1
1013 1263 1
1014 1383 1
1015 1130 1
1017 1074 1
1017 1322 1
1020 1361 1
1023 1051 1
1023 1085 1
1023 1317 1
1025 1047 1
1026 1095 1
1027 1097 1
1027 1369 1
1031 1166 1
1033 1302 1
1034 1173 1
1035 1115 1
1038 1182 1
1040 1067 1
1040 1097 1
1042 1077 1
1043 1260 1
1044 1145 1
1048 1065 1
1049 1203 1
1049 1261 1
1049 1367 1
1050 1166 1
1052 1207 1
1059 1251 1
1059 1261 1
1059 1396 1
1065 1338 1
1067 1080 1
1068 1110 1
1070 1106 1
1070 1156 1
1070 1270 1
1071 1207 1
1076 1389 1
1080 1355 1
1082 1106 1
1083 1202 1
1083 1361 1
1084 1221 1
1085 1278 1
1085 1391 1
1086 1321 1
1089 1157 1
1089 1166 1
1089 1385 1
1090 1104 1
1096 1357 1
1097 1152 1
1103 1316 1
1103 1334 1
1107 1145 1
1109 1244 1
1111 1121 1
1111 1295 1
1114 1290 1
1115 1126 1
1119 1220 1
1121 1201 1
1128 1172 1
1128 1224 1
1132 1197 1
1132 1230 1
1133 1197 1
1133 1293 1
1134 1155 1
1135 1397 1
1140 1224 1
1140 1286 1
1141 1255 1
1141 1280 1
1144 1298 1
1145 1366 1
1151 1229 1
1151 1347 1
1153 1233 1
1154 1400 1
1155 1344 1
1156 1279 1
1157 1178 1
1159 1252 1
1159 1307 1
1163 1318 1
1163 1376 1
1168 1330 1
1170 1286 1
1177 1245 1
1178 1242 1
1181 1328 1
1186 1193 1
1187 1293 1
1199 1225 1
1199 1348 1
1222 1267 1
1222 1298 1
1232 1348 1
1236 1326 1
1237 1388 1
1246 1327 1
1250 1274 1
1254 1270 1
1270 1353 1
1273 1324 1
1287 1324 1
1293 1323 1
1294 1346 1
1296 1345 1
1300 1373 1
1300 1391 1
1307 1325 1
1308 1372 1
1316 1389 1
1327 1377 1
1339 1400 1
1343 1366 1
