1800 7184 
1 2 1
1 3 1
1 4 1
1 5 1
1 6 1
1 9 1
1 11 1
1 20 1
1 21 1
1 23 1
1 48 1
1 54 1
1 67 1
1 73 1
1 83 1
1 112 1
1 131 1
1 143 1
1 145 1
1 154 1
1 211 1
1 221 1
1 228 1
1 229 1
1 236 1
1 239 1
1 261 1
1 290 1
1 298 1
1 318 1
1 329 1
1 341 1
1 352 1
1 354 1
1 359 1
1 372 1
1 375 1
1 380 1
1 412 1
1 417 1
1 442 1
1 443 1
1 453 1
1 458 1
1 470 1
1 474 1
1 491 1
1 494 1
1 538 1
1 551 1
1 594 1
1 599 1
1 618 1
1 637 1
1 656 1
1 663 1
1 681 1
1 747 1
1 755 1
1 822 1
1 870 1
1 906 1
1 916 1
1 948 1
1 974 1
1 1023 1
1 1083 1
1 1089 1
1 1094 1
1 1100 1
1 1174 1
1 1214 1
1 1238 1
1 1242 1
1 1285 1
1 1302 1
1 1330 1
1 1354 1
1 1359 1
1 1401 1
1 1458 1
1 1568 1
1 1667 1
1 1676 1
1 1689 1
1 1701 1
1 1710 1
1 1741 1
1 1780 1
2 6 1
2 7 1
2 9 1
2 10 1
2 11 1
2 14 1
2 16 1
2 25 1
2 27 1
2 29 1
2 30 1
2 32 1
2 34 1
2 35 1
2 39 1
2 41 1
2 45 1
2 53 1
2 55 1
2 62 1
2 69 1
2 77 1
2 78 1
2 83 1
2 96 1
2 100 1
2 101 1
2 103 1
2 104 1
2 105 1
2 107 1
2 109 1
2 115 1
2 116 1
2 133 1
2 136 1
2 149 1
2 163 1
2 177 1
2 179 1
2 202 1
2 219 1
2 222 1
2 236 1
2 257 1
2 258 1
2 272 1
2 275 1
2 278 1
2 301 1
2 305 1
2 308 1
2 348 1
2 353 1
2 354 1
2 376 1
2 407 1
2 420 1
2 459 1
2 493 1
2 503 1
2 536 1
2 543 1
2 552 1
2 555 1
2 576 1
2 591 1
2 593 1
2 597 1
2 636 1
2 676 1
2 684 1
2 689 1
2 701 1
2 717 1
2 720 1
2 756 1
2 762 1
2 771 1
2 805 1
2 814 1
2 843 1
2 850 1
2 859 1
2 878 1
2 893 1
2 916 1
2 939 1
2 944 1
2 945 1
2 954 1
2 969 1
2 982 1
2 987 1
2 997 1
2 1008 1
2 1034 1
2 1056 1
2 1065 1
2 1070 1
2 1090 1
2 1115 1
2 1132 1
2 1133 1
2 1164 1
2 1170 1
2 1205 1
2 1213 1
2 1222 1
2 1256 1
2 1262 1
2 1289 1
2 1343 1
2 1362 1
2 1449 1
2 1463 1
2 1477 1
2 1510 1
2 1515 1
2 1567 1
2 1572 1
2 1576 1
2 1587 1
2 1641 1
2 1685 1
2 1686 1
2 1698 1
2 1800 1
3 6 1
3 7 1
3 8 1
3 9 1
3 10 1
3 12 1
3 13 1
3 17 1
3 18 1
3 22 1
3 24 1
3 40 1
3 57 1
3 60 1
3 63 1
3 76 1
3 77 1
3 96 1
3 160 1
3 173 1
3 212 1
3 221 1
3 232 1
3 245 1
3 263 1
3 277 1
3 300 1
3 360 1
3 382 1
3 401 1
3 433 1
3 445 1
3 455 1
3 607 1
3 655 1
3 677 1
3 681 1
3 741 1
3 761 1
3 764 1
3 801 1
3 819 1
3 849 1
3 857 1
3 885 1
3 957 1
3 968 1
3 972 1
3 1085 1
3 1090 1
3 1151 1
3 1152 1
3 1217 1
3 1424 1
3 1440 1
3 1482 1
3 1487 1
3 1502 1
3 1619 1
3 1628 1
3 1663 1
3 1694 1
4 7 1
4 8 1
4 14 1
4 16 1
4 20 1
4 26 1
4 28 1
4 38 1
4 39 1
4 44 1
4 49 1
4 78 1
4 86 1
4 88 1
4 113 1
4 156 1
4 187 1
4 188 1
4 247 1
4 289 1
4 326 1
4 346 1
4 361 1
4 368 1
4 433 1
4 462 1
4 467 1
4 473 1
4 544 1
4 653 1
4 678 1
4 679 1
4 816 1
4 843 1
4 880 1
4 896 1
4 927 1
4 954 1
4 1160 1
4 1165 1
4 1182 1
4 1184 1
4 1214 1
4 1531 1
4 1565 1
4 1650 1
4 1768 1
5 6 1
5 11 1
5 17 1
5 26 1
5 37 1
5 62 1
5 64 1
5 77 1
5 84 1
5 89 1
5 94 1
5 95 1
5 105 1
5 122 1
5 124 1
5 158 1
5 202 1
5 226 1
5 238 1
5 344 1
5 366 1
5 443 1
5 447 1
5 460 1
5 472 1
5 519 1
5 541 1
5 549 1
5 568 1
5 584 1
5 602 1
5 633 1
5 691 1
5 699 1
5 719 1
5 732 1
5 734 1
5 738 1
5 781 1
5 796 1
5 826 1
5 831 1
5 951 1
5 971 1
5 972 1
5 975 1
5 1010 1
5 1035 1
5 1065 1
5 1094 1
5 1158 1
5 1172 1
5 1280 1
5 1365 1
5 1432 1
5 1435 1
5 1474 1
5 1513 1
5 1551 1
5 1614 1
5 1655 1
5 1671 1
5 1747 1
5 1775 1
6 7 1
6 8 1
6 11 1
6 12 1
6 13 1
6 15 1
6 19 1
6 21 1
6 25 1
6 29 1
6 30 1
6 32 1
6 44 1
6 46 1
6 48 1
6 50 1
6 56 1
6 59 1
6 64 1
6 76 1
6 120 1
6 132 1
6 134 1
6 140 1
6 145 1
6 179 1
6 189 1
6 198 1
6 205 1
6 231 1
6 243 1
6 247 1
6 255 1
6 273 1
6 294 1
6 307 1
6 336 1
6 395 1
6 404 1
6 443 1
6 444 1
6 501 1
6 628 1
6 707 1
6 721 1
6 729 1
6 745 1
6 772 1
6 789 1
6 797 1
6 813 1
6 847 1
6 852 1
6 885 1
6 919 1
6 923 1
6 1021 1
6 1053 1
6 1092 1
6 1201 1
6 1214 1
6 1232 1
6 1260 1
6 1318 1
6 1368 1
6 1373 1
6 1393 1
6 1488 1
6 1575 1
6 1590 1
6 1605 1
6 1645 1
6 1664 1
7 8 1
7 9 1
7 10 1
7 12 1
7 13 1
7 15 1
7 19 1
7 21 1
7 25 1
7 27 1
7 28 1
7 29 1
7 30 1
7 31 1
7 35 1
7 47 1
7 48 1
7 60 1
7 71 1
7 98 1
7 99 1
7 107 1
7 108 1
7 110 1
7 112 1
7 129 1
7 168 1
7 176 1
7 180 1
7 184 1
7 201 1
7 208 1
7 259 1
7 261 1
7 270 1
7 273 1
7 289 1
7 311 1
7 331 1
7 334 1
7 349 1
7 356 1
7 432 1
7 453 1
7 480 1
7 493 1
7 555 1
7 557 1
7 563 1
7 572 1
7 577 1
7 582 1
7 611 1
7 744 1
7 749 1
7 750 1
7 760 1
7 762 1
7 791 1
7 826 1
7 844 1
7 888 1
7 961 1
7 1011 1
7 1060 1
7 1205 1
7 1245 1
7 1282 1
7 1289 1
7 1349 1
7 1409 1
7 1506 1
7 1511 1
7 1517 1
7 1634 1
7 1680 1
7 1733 1
7 1775 1
7 1792 1
8 18 1
8 31 1
8 35 1
8 42 1
8 49 1
8 52 1
8 55 1
8 59 1
8 92 1
8 103 1
8 111 1
8 136 1
8 147 1
8 222 1
8 316 1
8 367 1
8 441 1
8 532 1
8 549 1
8 718 1
8 805 1
8 862 1
8 968 1
8 1112 1
8 1176 1
8 1283 1
8 1314 1
8 1369 1
8 1378 1
8 1457 1
8 1492 1
8 1499 1
8 1558 1
8 1656 1
8 1697 1
8 1755 1
8 1791 1
8 1800 1
9 10 1
9 15 1
9 17 1
9 19 1
9 22 1
9 23 1
9 24 1
9 28 1
9 37 1
9 39 1
9 43 1
9 46 1
9 52 1
9 60 1
9 61 1
9 66 1
9 72 1
9 74 1
9 78 1
9 79 1
9 80 1
9 84 1
9 88 1
9 90 1
9 95 1
9 97 1
9 100 1
9 135 1
9 142 1
9 154 1
9 157 1
9 174 1
9 175 1
9 184 1
9 215 1
9 219 1
9 236 1
9 242 1
9 257 1
9 269 1
9 271 1
9 276 1
9 280 1
9 296 1
9 318 1
9 322 1
9 418 1
9 460 1
9 468 1
9 474 1
9 517 1
9 529 1
9 545 1
9 546 1
9 573 1
9 590 1
9 607 1
9 611 1
9 621 1
9 626 1
9 631 1
9 662 1
9 681 1
9 713 1
9 770 1
9 771 1
9 879 1
9 891 1
9 903 1
9 915 1
9 920 1
9 922 1
9 988 1
9 1008 1
9 1015 1
9 1066 1
9 1095 1
9 1195 1
9 1216 1
9 1269 1
9 1387 1
9 1405 1
9 1414 1
9 1427 1
9 1497 1
9 1600 1
9 1643 1
9 1712 1
9 1714 1
9 1720 1
9 1777 1
10 12 1
10 33 1
10 36 1
10 47 1
10 54 1
10 64 1
10 65 1
10 70 1
10 91 1
10 97 1
10 106 1
10 120 1
10 122 1
10 126 1
10 128 1
10 146 1
10 147 1
10 154 1
10 219 1
10 221 1
10 235 1
10 241 1
10 266 1
10 558 1
10 615 1
10 625 1
10 662 1
10 667 1
10 728 1
10 771 1
10 889 1
10 958 1
10 1052 1
10 1069 1
10 1094 1
10 1131 1
10 1213 1
10 1295 1
10 1296 1
10 1320 1
10 1351 1
10 1448 1
10 1464 1
10 1495 1
10 1507 1
10 1563 1
10 1700 1
10 1708 1
11 14 1
11 16 1
11 18 1
11 23 1
11 26 1
11 32 1
11 40 1
11 43 1
11 49 1
11 55 1
11 56 1
11 60 1
11 71 1
11 73 1
11 74 1
11 81 1
11 96 1
11 98 1
11 104 1
11 121 1
11 137 1
11 147 1
11 155 1
11 164 1
11 170 1
11 185 1
11 203 1
11 205 1
11 256 1
11 265 1
11 328 1
11 339 1
11 371 1
11 382 1
11 393 1
11 395 1
11 396 1
11 405 1
11 442 1
11 465 1
11 471 1
11 480 1
11 483 1
11 491 1
11 498 1
11 499 1
11 504 1
11 509 1
11 530 1
11 537 1
11 539 1
11 542 1
11 548 1
11 558 1
11 563 1
11 599 1
11 604 1
11 646 1
11 706 1
11 716 1
11 737 1
11 764 1
11 782 1
11 820 1
11 829 1
11 871 1
11 894 1
11 898 1
11 903 1
11 928 1
11 981 1
11 982 1
11 1003 1
11 1013 1
11 1016 1
11 1018 1
11 1068 1
11 1100 1
11 1177 1
11 1294 1
11 1317 1
11 1376 1
11 1390 1
11 1406 1
11 1441 1
11 1451 1
11 1532 1
11 1554 1
11 1576 1
11 1594 1
11 1642 1
11 1681 1
11 1746 1
11 1748 1
12 13 1
12 20 1
12 27 1
12 28 1
12 33 1
12 42 1
12 43 1
12 129 1
12 153 1
12 155 1
12 169 1
12 178 1
12 193 1
12 196 1
12 219 1
12 224 1
12 228 1
12 231 1
12 275 1
12 292 1
12 293 1
12 302 1
12 329 1
12 354 1
12 361 1
12 365 1
12 374 1
12 407 1
12 458 1
12 473 1
12 480 1
12 499 1
12 518 1
12 545 1
12 593 1
12 603 1
12 711 1
12 729 1
12 732 1
12 748 1
12 1057 1
12 1160 1
12 1316 1
12 1321 1
12 1409 1
12 1414 1
12 1470 1
12 1577 1
12 1635 1
12 1636 1
12 1657 1
12 1798 1
13 14 1
13 15 1
13 16 1
13 17 1
13 18 1
13 25 1
13 27 1
13 32 1
13 55 1
13 70 1
13 79 1
13 90 1
13 132 1
13 139 1
13 141 1
13 159 1
13 169 1
13 171 1
13 175 1
13 182 1
13 200 1
13 203 1
13 215 1
13 221 1
13 227 1
13 233 1
13 250 1
13 266 1
13 272 1
13 282 1
13 309 1
13 345 1
13 350 1
13 389 1
13 472 1
13 490 1
13 554 1
13 593 1
13 731 1
13 772 1
13 788 1
13 802 1
13 818 1
13 855 1
13 882 1
13 1011 1
13 1040 1
13 1064 1
13 1070 1
13 1076 1
13 1122 1
13 1128 1
13 1165 1
13 1193 1
13 1261 1
13 1287 1
13 1334 1
13 1372 1
13 1397 1
13 1398 1
13 1444 1
13 1467 1
13 1538 1
13 1561 1
13 1570 1
13 1635 1
13 1684 1
13 1758 1
13 1789 1
14 20 1
14 22 1
14 31 1
14 59 1
14 61 1
14 65 1
14 91 1
14 156 1
14 158 1
14 225 1
14 243 1
14 254 1
14 261 1
14 301 1
14 305 1
14 316 1
14 324 1
14 370 1
14 437 1
14 491 1
14 513 1
14 661 1
14 675 1
14 699 1
14 740 1
14 773 1
14 795 1
14 895 1
14 946 1
14 1072 1
14 1086 1
14 1101 1
14 1163 1
14 1297 1
14 1336 1
14 1432 1
14 1473 1
14 1527 1
14 1545 1
14 1709 1
14 1723 1
15 21 1
15 24 1
15 34 1
15 45 1
15 56 1
15 65 1
15 68 1
15 85 1
15 110 1
15 123 1
15 124 1
15 143 1
15 198 1
15 209 1
15 215 1
15 233 1
15 323 1
15 344 1
15 428 1
15 481 1
15 490 1
15 494 1
15 513 1
15 546 1
15 560 1
15 605 1
15 615 1
15 627 1
15 664 1
15 675 1
15 715 1
15 757 1
15 905 1
15 953 1
15 973 1
15 1131 1
15 1171 1
15 1221 1
15 1287 1
15 1376 1
15 1481 1
15 1496 1
15 1520 1
15 1574 1
15 1582 1
15 1591 1
15 1601 1
15 1619 1
15 1622 1
15 1775 1
16 23 1
16 42 1
16 81 1
16 82 1
16 102 1
16 133 1
16 140 1
16 155 1
16 174 1
16 186 1
16 189 1
16 229 1
16 230 1
16 246 1
16 248 1
16 275 1
16 300 1
16 333 1
16 426 1
16 485 1
16 488 1
16 502 1
16 573 1
16 673 1
16 676 1
16 706 1
16 715 1
16 794 1
16 849 1
16 887 1
16 917 1
16 1072 1
16 1103 1
16 1104 1
16 1116 1
16 1215 1
16 1249 1
16 1402 1
16 1437 1
16 1471 1
16 1627 1
16 1663 1
16 1676 1
16 1679 1
16 1682 1
16 1739 1
17 80 1
17 93 1
17 101 1
17 156 1
17 157 1
17 172 1
17 276 1
17 295 1
17 320 1
17 326 1
17 380 1
17 437 1
17 450 1
17 490 1
17 574 1
17 640 1
17 666 1
17 766 1
17 1053 1
17 1055 1
17 1441 1
17 1548 1
17 1597 1
18 19 1
18 26 1
18 29 1
18 36 1
18 53 1
18 58 1
18 95 1
18 105 1
18 109 1
18 148 1
18 167 1
18 179 1
18 212 1
18 214 1
18 260 1
18 288 1
18 290 1
18 325 1
18 391 1
18 464 1
18 497 1
18 538 1
18 542 1
18 572 1
18 577 1
18 595 1
18 704 1
18 792 1
18 847 1
18 899 1
18 1107 1
18 1161 1
18 1251 1
18 1323 1
18 1335 1
18 1446 1
18 1585 1
18 1602 1
18 1677 1
18 1690 1
18 1713 1
19 24 1
19 44 1
19 108 1
19 137 1
19 225 1
19 267 1
19 291 1
19 352 1
19 359 1
19 440 1
19 447 1
19 517 1
19 523 1
19 884 1
19 922 1
19 952 1
19 1103 1
19 1159 1
19 1197 1
19 1236 1
19 1588 1
19 1695 1
19 1745 1
20 22 1
20 37 1
20 50 1
20 51 1
20 52 1
20 65 1
20 66 1
20 97 1
20 99 1
20 150 1
20 218 1
20 311 1
20 313 1
20 321 1
20 351 1
20 392 1
20 404 1
20 416 1
20 435 1
20 474 1
20 485 1
20 644 1
20 651 1
20 763 1
20 764 1
20 781 1
20 822 1
20 884 1
20 977 1
20 1057 1
20 1099 1
20 1117 1
20 1123 1
20 1137 1
20 1264 1
20 1400 1
20 1430 1
20 1505 1
20 1520 1
20 1640 1
21 34 1
21 41 1
21 47 1
21 52 1
21 75 1
21 93 1
21 97 1
21 102 1
21 104 1
21 121 1
21 183 1
21 185 1
21 197 1
21 204 1
21 224 1
21 238 1
21 289 1
21 310 1
21 334 1
21 376 1
21 383 1
21 419 1
21 435 1
21 439 1
21 497 1
21 560 1
21 589 1
21 642 1
21 659 1
21 664 1
21 674 1
21 709 1
21 772 1
21 851 1
21 924 1
21 926 1
21 969 1
21 971 1
21 976 1
21 977 1
21 1042 1
21 1064 1
21 1080 1
21 1098 1
21 1193 1
21 1275 1
21 1277 1
21 1338 1
21 1377 1
21 1383 1
21 1396 1
21 1415 1
21 1456 1
21 1564 1
21 1600 1
21 1748 1
22 35 1
22 38 1
22 40 1
22 46 1
22 54 1
22 130 1
22 139 1
22 157 1
22 204 1
22 217 1
22 234 1
22 243 1
22 269 1
22 279 1
22 297 1
22 301 1
22 328 1
22 353 1
22 470 1
22 790 1
22 906 1
22 909 1
22 993 1
22 1005 1
22 1021 1
22 1045 1
22 1078 1
22 1312 1
22 1415 1
22 1453 1
22 1489 1
22 1532 1
22 1547 1
22 1549 1
22 1671 1
23 31 1
23 33 1
23 90 1
23 92 1
23 122 1
23 124 1
23 151 1
23 169 1
23 187 1
23 220 1
23 268 1
23 330 1
23 373 1
23 389 1
23 523 1
23 535 1
23 540 1
23 633 1
23 648 1
23 789 1
23 832 1
23 862 1
23 925 1
23 938 1
23 982 1
23 984 1
23 1041 1
23 1063 1
23 1077 1
23 1273 1
23 1393 1
23 1439 1
23 1448 1
23 1503 1
23 1506 1
23 1571 1
23 1589 1
23 1685 1
23 1772 1
23 1784 1
23 1795 1
24 63 1
24 88 1
24 127 1
24 166 1
24 345 1
24 353 1
24 610 1
24 779 1
24 796 1
24 806 1
24 828 1
24 913 1
24 1390 1
24 1478 1
24 1629 1
24 1790 1
25 30 1
25 62 1
25 67 1
25 253 1
25 546 1
25 698 1
25 778 1
25 839 1
25 1271 1
25 1676 1
26 34 1
26 37 1
26 38 1
26 66 1
26 168 1
26 194 1
26 388 1
26 430 1
26 437 1
26 484 1
26 525 1
26 537 1
26 670 1
26 672 1
26 787 1
26 845 1
26 850 1
26 919 1
26 986 1
26 1050 1
26 1091 1
26 1121 1
26 1160 1
26 1240 1
26 1272 1
26 1342 1
26 1385 1
26 1649 1
26 1729 1
27 36 1
27 43 1
27 68 1
27 103 1
27 142 1
27 156 1
27 162 1
27 166 1
27 170 1
27 190 1
27 201 1
27 228 1
27 234 1
27 248 1
27 251 1
27 254 1
27 284 1
27 306 1
27 321 1
27 381 1
27 425 1
27 436 1
27 456 1
27 457 1
27 480 1
27 483 1
27 526 1
27 528 1
27 530 1
27 531 1
27 554 1
27 574 1
27 594 1
27 606 1
27 624 1
27 663 1
27 751 1
27 803 1
27 829 1
27 832 1
27 886 1
27 890 1
27 911 1
27 933 1
27 949 1
27 957 1
27 984 1
27 1001 1
27 1060 1
27 1106 1
27 1109 1
27 1162 1
27 1203 1
27 1225 1
27 1405 1
27 1413 1
27 1476 1
27 1522 1
27 1526 1
27 1559 1
27 1655 1
27 1686 1
27 1711 1
28 38 1
28 54 1
28 59 1
28 61 1
28 70 1
28 87 1
28 116 1
28 134 1
28 154 1
28 176 1
28 181 1
28 185 1
28 216 1
28 310 1
28 328 1
28 337 1
28 350 1
28 364 1
28 539 1
28 655 1
28 733 1
28 914 1
28 974 1
28 994 1
28 1201 1
28 1265 1
28 1434 1
28 1483 1
28 1489 1
28 1493 1
28 1495 1
28 1529 1
28 1780 1
28 1783 1
29 36 1
29 163 1
29 169 1
29 206 1
29 216 1
29 265 1
29 278 1
29 297 1
29 315 1
29 411 1
29 430 1
29 505 1
29 510 1
29 551 1
29 634 1
29 711 1
29 731 1
29 764 1
29 874 1
29 924 1
29 1011 1
29 1109 1
29 1112 1
29 1207 1
29 1278 1
29 1303 1
29 1367 1
29 1599 1
29 1678 1
30 41 1
30 44 1
30 68 1
30 77 1
30 101 1
30 131 1
30 235 1
30 318 1
30 423 1
30 465 1
30 531 1
30 685 1
30 912 1
30 926 1
30 946 1
30 1074 1
30 1148 1
30 1214 1
30 1265 1
30 1354 1
30 1388 1
30 1423 1
30 1497 1
30 1507 1
30 1555 1
30 1641 1
30 1646 1
30 1654 1
30 1731 1
30 1774 1
31 45 1
31 67 1
31 71 1
31 160 1
31 410 1
31 696 1
31 816 1
31 892 1
31 933 1
31 1047 1
31 1174 1
31 1253 1
31 1463 1
31 1573 1
31 1618 1
31 1732 1
32 33 1
32 51 1
32 183 1
32 276 1
32 294 1
32 403 1
32 429 1
32 444 1
32 566 1
32 1298 1
32 1467 1
33 58 1
33 68 1
33 69 1
33 86 1
33 103 1
33 168 1
33 190 1
33 217 1
33 244 1
33 261 1
33 264 1
33 294 1
33 329 1
33 352 1
33 364 1
33 402 1
33 419 1
33 454 1
33 471 1
33 503 1
33 622 1
33 657 1
33 789 1
33 813 1
33 951 1
33 985 1
33 1017 1
33 1051 1
33 1210 1
33 1212 1
33 1271 1
33 1334 1
33 1488 1
33 1511 1
33 1644 1
33 1685 1
33 1773 1
34 42 1
34 45 1
34 50 1
34 74 1
34 75 1
34 78 1
34 93 1
34 102 1
34 106 1
34 115 1
34 123 1
34 133 1
34 144 1
34 162 1
34 173 1
34 176 1
34 180 1
34 273 1
34 283 1
34 310 1
34 381 1
34 410 1
34 448 1
34 475 1
34 567 1
34 568 1
34 570 1
34 583 1
34 596 1
34 598 1
34 608 1
34 620 1
34 641 1
34 675 1
34 724 1
34 737 1
34 775 1
34 806 1
34 810 1
34 812 1
34 944 1
34 948 1
34 969 1
34 970 1
34 978 1
34 1020 1
34 1037 1
34 1071 1
34 1137 1
34 1239 1
34 1301 1
34 1381 1
34 1402 1
34 1418 1
34 1427 1
34 1432 1
34 1469 1
34 1471 1
34 1708 1
34 1757 1
34 1789 1
35 181 1
35 196 1
35 456 1
35 502 1
35 821 1
36 51 1
36 61 1
36 114 1
36 182 1
36 215 1
36 298 1
36 312 1
36 377 1
36 379 1
36 427 1
36 489 1
36 509 1
36 525 1
36 639 1
36 723 1
36 733 1
36 812 1
36 867 1
36 890 1
36 908 1
36 1039 1
36 1119 1
36 1367 1
36 1493 1
36 1597 1
36 1601 1
36 1640 1
36 1794 1
37 73 1
37 263 1
37 283 1
37 297 1
37 323 1
37 357 1
37 690 1
37 739 1
37 846 1
37 873 1
37 945 1
37 1078 1
37 1123 1
37 1351 1
37 1513 1
37 1630 1
37 1762 1
38 39 1
38 40 1
38 41 1
38 116 1
38 123 1
38 126 1
38 190 1
38 209 1
38 301 1
38 349 1
38 387 1
38 410 1
38 419 1
38 712 1
38 726 1
38 729 1
38 823 1
38 865 1
38 930 1
38 1069 1
38 1100 1
38 1136 1
38 1168 1
38 1191 1
38 1293 1
38 1294 1
38 1399 1
38 1512 1
38 1653 1
38 1654 1
39 51 1
39 57 1
39 58 1
39 79 1
39 84 1
39 149 1
39 194 1
39 291 1
39 413 1
39 488 1
39 586 1
39 790 1
39 800 1
39 869 1
39 1118 1
39 1212 1
39 1269 1
39 1309 1
39 1343 1
39 1353 1
39 1435 1
39 1582 1
39 1589 1
39 1731 1
40 49 1
40 53 1
40 69 1
40 81 1
40 85 1
40 94 1
40 104 1
40 110 1
40 163 1
40 226 1
40 234 1
40 270 1
40 311 1
40 337 1
40 390 1
40 395 1
40 422 1
40 482 1
40 507 1
40 521 1
40 571 1
40 591 1
40 594 1
40 604 1
40 623 1
40 645 1
40 687 1
40 727 1
40 732 1
40 753 1
40 761 1
40 776 1
40 785 1
40 846 1
40 905 1
40 959 1
40 1004 1
40 1026 1
40 1048 1
40 1126 1
40 1248 1
40 1360 1
40 1361 1
40 1379 1
40 1410 1
40 1462 1
40 1477 1
40 1494 1
40 1514 1
40 1516 1
40 1523 1
40 1629 1
40 1641 1
40 1645 1
40 1663 1
40 1710 1
40 1775 1
40 1777 1
41 53 1
41 63 1
41 64 1
41 76 1
41 92 1
41 98 1
41 109 1
41 118 1
41 125 1
41 141 1
41 151 1
41 162 1
41 192 1
41 207 1
41 255 1
41 283 1
41 327 1
41 336 1
41 363 1
41 378 1
41 408 1
41 449 1
41 497 1
41 614 1
41 625 1
41 674 1
41 693 1
41 751 1
41 753 1
41 876 1
41 971 1
41 1284 1
41 1311 1
41 1314 1
41 1331 1
41 1370 1
41 1493 1
41 1527 1
41 1551 1
41 1662 1
41 1698 1
41 1712 1
41 1776 1
42 46 1
42 366 1
42 506 1
42 568 1
42 1458 1
42 1487 1
43 47 1
43 48 1
43 56 1
43 63 1
43 67 1
43 83 1
43 87 1
43 89 1
43 93 1
43 111 1
43 153 1
43 178 1
43 179 1
43 180 1
43 186 1
43 250 1
43 257 1
43 272 1
43 292 1
43 302 1
43 324 1
43 350 1
43 351 1
43 377 1
43 398 1
43 476 1
43 560 1
43 576 1
43 622 1
43 636 1
43 652 1
43 690 1
43 894 1
43 1104 1
43 1113 1
43 1194 1
43 1228 1
43 1407 1
43 1604 1
43 1698 1
44 119 1
44 316 1
44 351 1
44 373 1
44 379 1
44 655 1
44 679 1
44 700 1
44 703 1
44 780 1
44 958 1
44 1106 1
44 1116 1
44 1138 1
44 1295 1
44 1302 1
44 1357 1
44 1434 1
44 1446 1
44 1608 1
44 1679 1
45 50 1
45 62 1
45 119 1
45 203 1
45 208 1
45 230 1
45 369 1
45 524 1
45 784 1
45 825 1
45 864 1
45 930 1
45 951 1
45 1058 1
45 1158 1
45 1198 1
45 1557 1
45 1648 1
46 85 1
46 98 1
46 139 1
46 149 1
46 161 1
46 203 1
46 216 1
46 223 1
46 278 1
46 367 1
46 403 1
46 540 1
46 666 1
46 770 1
46 783 1
46 1181 1
46 1272 1
46 1274 1
46 1321 1
46 1344 1
46 1536 1
46 1741 1
47 86 1
47 109 1
47 119 1
47 245 1
47 317 1
47 335 1
47 342 1
47 420 1
47 472 1
47 561 1
47 570 1
47 623 1
47 856 1
47 875 1
47 1028 1
47 1462 1
47 1701 1
48 58 1
48 70 1
48 83 1
48 88 1
48 95 1
48 113 1
48 126 1
48 149 1
48 172 1
48 175 1
48 207 1
48 209 1
48 242 1
48 265 1
48 293 1
48 370 1
48 390 1
48 398 1
48 417 1
48 435 1
48 458 1
48 492 1
48 539 1
48 581 1
48 654 1
48 821 1
48 844 1
48 877 1
48 893 1
48 914 1
48 949 1
48 958 1
48 1006 1
48 1009 1
48 1046 1
48 1054 1
48 1071 1
48 1087 1
48 1090 1
48 1139 1
48 1190 1
48 1339 1
48 1358 1
48 1433 1
48 1459 1
48 1494 1
48 1533 1
48 1580 1
48 1609 1
48 1627 1
49 100 1
49 105 1
49 120 1
49 147 1
49 187 1
49 240 1
49 245 1
49 322 1
49 332 1
49 368 1
49 446 1
49 548 1
49 550 1
49 639 1
49 944 1
49 981 1
49 1226 1
49 1234 1
49 1239 1
49 1646 1
50 57 1
50 72 1
50 94 1
50 121 1
50 123 1
50 135 1
50 138 1
50 239 1
50 313 1
50 322 1
50 355 1
50 460 1
50 575 1
50 617 1
50 674 1
50 882 1
50 1184 1
50 1501 1
50 1505 1
50 1735 1
50 1792 1
51 73 1
51 106 1
51 115 1
51 126 1
51 134 1
51 226 1
51 498 1
51 528 1
51 667 1
51 678 1
51 742 1
51 760 1
51 1040 1
51 1045 1
51 1047 1
51 1123 1
51 1290 1
51 1683 1
52 74 1
52 89 1
52 177 1
52 251 1
52 396 1
52 402 1
52 592 1
52 736 1
52 918 1
52 978 1
52 1176 1
52 1208 1
52 1422 1
52 1472 1
52 1541 1
52 1671 1
52 1773 1
53 115 1
53 141 1
53 186 1
53 224 1
53 323 1
53 370 1
53 495 1
53 506 1
53 522 1
53 531 1
53 754 1
53 762 1
53 834 1
53 1093 1
53 1128 1
53 1164 1
53 1521 1
53 1686 1
53 1688 1
53 1694 1
53 1735 1
54 66 1
54 75 1
54 96 1
54 152 1
54 178 1
54 274 1
54 335 1
54 552 1
54 579 1
54 592 1
54 633 1
54 658 1
54 703 1
54 704 1
54 727 1
54 809 1
54 964 1
54 1121 1
54 1223 1
54 1279 1
54 1284 1
54 1310 1
54 1552 1
54 1632 1
54 1707 1
55 57 1
55 69 1
55 116 1
55 122 1
55 142 1
55 193 1
55 409 1
55 440 1
55 442 1
55 595 1
55 657 1
55 731 1
55 891 1
55 960 1
55 1016 1
55 1191 1
55 1350 1
55 1540 1
55 1543 1
55 1545 1
55 1721 1
55 1726 1
56 142 1
56 195 1
56 259 1
56 278 1
56 349 1
56 446 1
56 606 1
56 686 1
56 705 1
56 726 1
56 768 1
56 770 1
56 825 1
56 861 1
56 946 1
56 998 1
56 1002 1
56 1080 1
56 1099 1
56 1102 1
56 1149 1
56 1288 1
56 1561 1
56 1662 1
57 80 1
57 282 1
57 392 1
57 401 1
57 423 1
57 429 1
57 469 1
57 544 1
57 587 1
57 612 1
57 616 1
57 684 1
57 786 1
57 880 1
57 1177 1
57 1428 1
57 1569 1
57 1718 1
58 153 1
58 182 1
58 217 1
58 441 1
58 1091 1
58 1785 1
59 82 1
59 250 1
59 672 1
59 850 1
59 1392 1
59 1622 1
59 1651 1
60 541 1
60 800 1
60 801 1
60 911 1
60 936 1
60 975 1
60 1066 1
60 1096 1
60 1666 1
60 1722 1
61 76 1
61 128 1
61 159 1
61 166 1
61 173 1
61 270 1
61 309 1
61 324 1
61 344 1
61 486 1
61 506 1
61 532 1
61 553 1
61 899 1
61 1058 1
61 1140 1
61 1693 1
61 1713 1
62 87 1
62 213 1
62 289 1
62 406 1
62 572 1
62 575 1
62 588 1
62 716 1
62 895 1
62 1503 1
62 1538 1
62 1542 1
62 1547 1
62 1640 1
62 1721 1
63 85 1
63 140 1
63 176 1
63 187 1
63 188 1
63 214 1
63 235 1
63 255 1
63 424 1
63 449 1
63 507 1
63 512 1
63 583 1
63 641 1
63 645 1
63 847 1
63 854 1
63 884 1
63 1088 1
63 1177 1
63 1338 1
63 1458 1
63 1472 1
63 1690 1
63 1733 1
63 1737 1
64 193 1
64 239 1
64 309 1
64 314 1
64 360 1
64 363 1
64 369 1
64 374 1
64 395 1
64 452 1
64 830 1
64 1364 1
64 1524 1
64 1603 1
64 1661 1
64 1716 1
65 80 1
65 81 1
65 117 1
65 148 1
65 182 1
65 199 1
65 282 1
65 329 1
65 470 1
65 492 1
65 583 1
65 615 1
65 628 1
65 674 1
65 692 1
65 697 1
65 794 1
65 797 1
65 826 1
65 830 1
65 833 1
65 860 1
65 908 1
65 939 1
65 1014 1
65 1064 1
65 1098 1
65 1424 1
65 1684 1
65 1786 1
66 72 1
66 94 1
66 135 1
66 144 1
66 161 1
66 192 1
66 196 1
66 223 1
66 240 1
66 251 1
66 335 1
66 343 1
66 469 1
66 489 1
66 535 1
66 665 1
66 667 1
66 799 1
66 819 1
66 854 1
66 889 1
66 1025 1
66 1077 1
66 1254 1
66 1356 1
66 1406 1
66 1508 1
66 1546 1
66 1656 1
66 1686 1
66 1703 1
66 1765 1
67 111 1
67 118 1
67 220 1
67 295 1
67 346 1
67 429 1
67 521 1
67 562 1
67 742 1
67 841 1
67 874 1
67 1002 1
67 1183 1
67 1674 1
67 1687 1
68 72 1
68 75 1
68 99 1
68 121 1
68 163 1
68 165 1
68 205 1
68 208 1
68 249 1
68 259 1
68 325 1
68 339 1
68 433 1
68 622 1
68 630 1
68 745 1
68 785 1
68 1156 1
68 1194 1
68 1586 1
69 71 1
69 99 1
69 102 1
69 180 1
69 201 1
69 244 1
69 294 1
69 322 1
69 366 1
69 416 1
69 459 1
69 504 1
69 593 1
69 598 1
69 611 1
69 817 1
69 852 1
69 1005 1
69 1076 1
69 1117 1
69 1147 1
69 1153 1
69 1228 1
69 1243 1
69 1268 1
69 1421 1
69 1609 1
69 1698 1
69 1708 1
69 1749 1
69 1768 1
70 92 1
70 114 1
70 138 1
70 183 1
70 194 1
70 211 1
70 350 1
70 367 1
70 376 1
70 430 1
70 438 1
70 456 1
70 460 1
70 572 1
70 578 1
70 595 1
70 649 1
70 656 1
70 709 1
70 790 1
70 997 1
70 1011 1
70 1038 1
70 1127 1
70 1244 1
70 1315 1
70 1475 1
70 1504 1
70 1554 1
70 1705 1
70 1778 1
71 79 1
71 84 1
71 124 1
71 161 1
71 387 1
71 390 1
71 417 1
71 609 1
71 622 1
71 680 1
71 859 1
71 1017 1
71 1129 1
71 1150 1
71 1424 1
71 1430 1
71 1718 1
73 91 1
73 162 1
73 258 1
73 333 1
73 397 1
73 605 1
73 712 1
73 770 1
73 777 1
73 1216 1
73 1275 1
73 1302 1
74 131 1
74 144 1
74 148 1
74 157 1
74 190 1
74 386 1
74 643 1
74 807 1
74 963 1
74 1234 1
74 1596 1
75 199 1
75 258 1
75 308 1
75 381 1
75 420 1
75 445 1
75 462 1
75 1220 1
75 1603 1
75 1691 1
76 101 1
76 336 1
76 380 1
76 398 1
76 508 1
76 1345 1
76 1542 1
77 82 1
77 129 1
77 229 1
77 238 1
77 338 1
77 370 1
77 475 1
77 714 1
77 886 1
77 1461 1
77 1763 1
78 164 1
78 222 1
78 227 1
78 482 1
78 613 1
78 631 1
78 798 1
78 1142 1
79 82 1
79 90 1
79 195 1
79 280 1
79 309 1
79 337 1
79 355 1
79 499 1
79 610 1
79 710 1
79 752 1
79 964 1
79 1274 1
79 1297 1
79 1449 1
79 1501 1
79 1508 1
79 1598 1
79 1670 1
80 113 1
80 118 1
80 141 1
80 167 1
80 274 1
80 331 1
80 333 1
80 336 1
80 520 1
80 563 1
80 585 1
80 766 1
80 847 1
80 859 1
80 1145 1
80 1196 1
80 1529 1
80 1795 1
81 108 1
81 145 1
81 218 1
81 243 1
81 306 1
81 774 1
81 910 1
81 1050 1
81 1370 1
81 1584 1
82 86 1
82 106 1
82 138 1
82 146 1
82 171 1
82 267 1
82 277 1
82 286 1
82 307 1
82 481 1
82 530 1
82 556 1
82 588 1
82 597 1
82 609 1
82 708 1
82 742 1
82 859 1
82 1007 1
82 1041 1
82 1067 1
82 1125 1
82 1208 1
82 1211 1
82 1218 1
82 1301 1
82 1403 1
82 1438 1
82 1440 1
82 1785 1
83 87 1
83 135 1
83 259 1
83 346 1
83 411 1
83 534 1
83 894 1
83 1038 1
83 1081 1
83 1722 1
84 189 1
84 327 1
84 828 1
84 1219 1
85 107 1
85 589 1
85 602 1
85 657 1
85 752 1
85 1023 1
85 1057 1
85 1173 1
85 1460 1
85 1706 1
85 1740 1
86 192 1
86 231 1
86 268 1
86 452 1
86 455 1
86 464 1
86 534 1
86 548 1
86 580 1
86 606 1
86 718 1
86 759 1
86 871 1
86 888 1
86 891 1
86 1108 1
86 1129 1
86 1649 1
87 89 1
87 100 1
87 112 1
87 131 1
87 160 1
87 186 1
87 199 1
87 200 1
87 223 1
87 238 1
87 249 1
87 262 1
87 287 1
87 308 1
87 314 1
87 353 1
87 362 1
87 383 1
87 399 1
87 425 1
87 449 1
87 482 1
87 492 1
87 531 1
87 545 1
87 573 1
87 626 1
87 643 1
87 660 1
87 692 1
87 747 1
87 775 1
87 806 1
87 844 1
87 848 1
87 881 1
87 1015 1
87 1125 1
87 1154 1
87 1392 1
87 1411 1
87 1419 1
87 1630 1
87 1631 1
87 1752 1
87 1765 1
88 145 1
88 146 1
88 170 1
88 306 1
88 320 1
88 341 1
88 362 1
88 386 1
88 414 1
88 550 1
88 914 1
88 1319 1
88 1341 1
89 91 1
89 117 1
89 199 1
89 237 1
89 244 1
89 315 1
89 411 1
89 431 1
89 479 1
89 582 1
89 621 1
89 835 1
89 962 1
89 996 1
89 1006 1
89 1110 1
89 1750 1
90 111 1
90 197 1
90 202 1
90 299 1
90 325 1
90 758 1
90 1027 1
90 1095 1
90 1133 1
90 1373 1
91 117 1
91 137 1
91 400 1
91 421 1
91 426 1
91 664 1
91 1176 1
91 1178 1
91 1730 1
92 117 1
92 510 1
92 1683 1
93 107 1
93 165 1
93 304 1
93 682 1
93 706 1
93 730 1
93 1127 1
93 1188 1
94 128 1
94 191 1
94 205 1
94 225 1
94 256 1
94 265 1
94 291 1
94 295 1
94 314 1
94 327 1
94 556 1
94 669 1
94 710 1
94 713 1
94 792 1
94 862 1
94 867 1
94 946 1
94 1131 1
94 1192 1
94 1231 1
94 1247 1
94 1737 1
95 110 1
95 128 1
95 252 1
95 256 1
95 263 1
95 298 1
95 332 1
95 374 1
95 426 1
95 461 1
95 479 1
95 486 1
95 508 1
95 522 1
95 582 1
95 599 1
95 643 1
95 725 1
95 729 1
95 741 1
95 777 1
95 954 1
95 1032 1
95 1060 1
95 1189 1
95 1258 1
95 1293 1
95 1322 1
95 1524 1
95 1661 1
95 1727 1
95 1740 1
96 108 1
96 113 1
96 148 1
96 202 1
96 218 1
96 227 1
96 319 1
96 343 1
96 357 1
96 358 1
96 378 1
96 488 1
96 494 1
96 527 1
96 550 1
96 569 1
96 579 1
96 660 1
96 718 1
96 917 1
96 937 1
96 939 1
96 1082 1
96 1141 1
96 1417 1
96 1418 1
96 1422 1
96 1440 1
96 1559 1
96 1571 1
97 136 1
97 171 1
97 172 1
97 251 1
97 253 1
97 402 1
97 508 1
97 543 1
97 638 1
97 700 1
97 773 1
97 1114 1
97 1404 1
97 1455 1
98 137 1
98 240 1
98 373 1
99 152 1
99 782 1
99 846 1
99 1083 1
99 1479 1
100 247 1
100 281 1
100 348 1
100 511 1
100 553 1
100 595 1
100 650 1
100 659 1
100 908 1
100 1046 1
100 1105 1
100 1364 1
100 1616 1
100 1644 1
100 1766 1
101 130 1
101 207 1
101 264 1
101 421 1
101 509 1
101 1081 1
101 1226 1
101 1552 1
102 324 1
102 536 1
102 1043 1
102 1184 1
102 1261 1
102 1263 1
102 1459 1
102 1608 1
102 1613 1
102 1796 1
103 423 1
103 427 1
103 621 1
103 956 1
103 1143 1
103 1325 1
103 1778 1
104 120 1
104 159 1
104 232 1
104 280 1
104 297 1
104 389 1
104 485 1
104 495 1
104 526 1
104 547 1
104 620 1
104 634 1
104 768 1
104 819 1
104 824 1
104 942 1
104 976 1
104 1051 1
104 1085 1
104 1315 1
104 1385 1
104 1483 1
104 1652 1
104 1732 1
105 125 1
105 172 1
105 231 1
105 372 1
105 525 1
105 576 1
105 584 1
105 665 1
105 708 1
105 750 1
105 831 1
105 969 1
105 1114 1
105 1184 1
105 1384 1
105 1509 1
105 1751 1
106 143 1
106 158 1
106 264 1
106 383 1
106 385 1
106 440 1
106 603 1
106 697 1
106 1116 1
106 1169 1
106 1283 1
106 1307 1
107 127 1
107 500 1
107 624 1
107 1639 1
107 1653 1
108 217 1
108 249 1
108 305 1
108 345 1
108 712 1
108 923 1
108 1017 1
108 1067 1
108 1197 1
108 1266 1
108 1302 1
108 1346 1
108 1369 1
109 196 1
109 210 1
109 393 1
109 566 1
109 1120 1
109 1146 1
109 1306 1
109 1325 1
110 125 1
110 127 1
110 279 1
110 284 1
110 363 1
110 365 1
110 466 1
110 520 1
110 524 1
110 671 1
110 697 1
110 701 1
110 831 1
110 834 1
110 865 1
110 1023 1
110 1198 1
110 1315 1
110 1568 1
110 1672 1
111 112 1
111 144 1
111 200 1
111 325 1
111 330 1
111 387 1
111 494 1
111 786 1
111 862 1
111 994 1
111 1068 1
111 1660 1
112 114 1
112 119 1
112 133 1
112 155 1
112 198 1
112 372 1
112 467 1
112 504 1
112 911 1
112 1097 1
112 1161 1
112 1267 1
112 1356 1
112 1357 1
112 1379 1
112 1454 1
112 1515 1
113 114 1
113 168 1
113 174 1
113 248 1
113 262 1
113 542 1
113 627 1
113 854 1
113 1416 1
113 1548 1
113 1588 1
114 125 1
114 291 1
114 358 1
114 500 1
114 832 1
114 905 1
114 1249 1
114 1258 1
114 1446 1
114 1703 1
114 1757 1
115 118 1
115 164 1
115 204 1
115 312 1
115 382 1
115 411 1
115 438 1
115 467 1
115 638 1
115 777 1
115 841 1
115 941 1
115 1054 1
115 1408 1
115 1564 1
115 1602 1
115 1794 1
116 606 1
116 763 1
117 175 1
117 184 1
117 249 1
117 252 1
117 381 1
117 422 1
117 428 1
117 475 1
117 619 1
117 664 1
117 867 1
117 868 1
117 1003 1
117 1179 1
117 1664 1
117 1720 1
118 151 1
118 224 1
118 252 1
118 254 1
118 327 1
118 424 1
118 464 1
118 515 1
118 525 1
118 562 1
118 627 1
118 885 1
118 1088 1
118 1298 1
118 1376 1
119 134 1
119 177 1
119 188 1
119 292 1
119 317 1
119 359 1
119 377 1
119 454 1
119 498 1
119 512 1
119 559 1
119 611 1
119 684 1
119 719 1
119 803 1
119 917 1
119 931 1
119 961 1
119 1014 1
119 1164 1
119 1309 1
119 1480 1
119 1590 1
119 1667 1
120 315 1
120 765 1
120 1095 1
120 1262 1
120 1391 1
120 1392 1
121 130 1
121 152 1
121 216 1
121 260 1
121 273 1
121 277 1
121 389 1
121 400 1
121 501 1
121 519 1
121 541 1
121 866 1
121 898 1
121 952 1
121 966 1
121 1022 1
121 1029 1
121 1124 1
121 1136 1
121 1151 1
121 1155 1
121 1188 1
121 1230 1
121 1416 1
121 1539 1
121 1578 1
121 1665 1
122 181 1
122 230 1
122 250 1
122 279 1
122 304 1
122 341 1
122 424 1
122 446 1
122 478 1
122 507 1
122 585 1
122 692 1
122 909 1
122 920 1
122 1128 1
122 1135 1
122 1178 1
122 1447 1
122 1472 1
123 127 1
123 130 1
123 210 1
123 405 1
123 942 1
123 984 1
123 1008 1
123 1627 1
123 1701 1
124 194 1
124 296 1
124 319 1
124 443 1
124 613 1
124 1027 1
124 1052 1
124 1210 1
124 1258 1
124 1455 1
124 1609 1
125 577 1
126 129 1
126 132 1
126 159 1
126 245 1
126 274 1
126 290 1
126 351 1
126 356 1
126 439 1
126 496 1
126 520 1
126 607 1
126 629 1
126 715 1
126 781 1
126 876 1
126 1074 1
126 1257 1
126 1422 1
126 1764 1
127 139 1
127 158 1
127 192 1
127 242 1
127 244 1
127 312 1
127 348 1
127 355 1
127 356 1
127 372 1
127 552 1
127 618 1
127 625 1
127 632 1
127 765 1
127 816 1
127 820 1
127 864 1
127 948 1
127 1109 1
127 1189 1
127 1237 1
127 1287 1
127 1505 1
127 1626 1
127 1749 1
127 1778 1
128 136 1
128 214 1
128 235 1
128 253 1
128 286 1
128 450 1
128 469 1
128 581 1
128 600 1
128 679 1
128 723 1
128 983 1
128 1138 1
128 1200 1
128 1406 1
129 132 1
129 140 1
129 150 1
129 167 1
129 220 1
129 239 1
129 375 1
129 396 1
129 502 1
129 569 1
129 656 1
129 658 1
129 725 1
129 763 1
129 890 1
129 897 1
129 1002 1
129 1036 1
129 1163 1
129 1254 1
129 1537 1
129 1623 1
129 1703 1
129 1730 1
129 1760 1
129 1773 1
130 143 1
130 160 1
130 223 1
130 229 1
130 293 1
130 320 1
130 331 1
130 373 1
130 403 1
130 499 1
130 517 1
130 522 1
130 557 1
130 570 1
130 587 1
130 605 1
130 608 1
130 670 1
130 736 1
130 799 1
130 890 1
130 945 1
130 994 1
130 1227 1
130 1308 1
130 1326 1
130 1391 1
130 1528 1
130 1581 1
130 1712 1
130 1783 1
131 268 1
131 307 1
131 369 1
131 392 1
131 455 1
131 535 1
131 670 1
131 693 1
131 804 1
131 883 1
131 1075 1
131 1103 1
131 1156 1
131 1292 1
131 1455 1
131 1696 1
132 233 1
132 277 1
132 330 1
132 461 1
132 511 1
132 516 1
132 683 1
132 836 1
132 1729 1
132 1781 1
133 193 1
133 388 1
133 617 1
133 631 1
133 785 1
133 937 1
133 1040 1
133 1143 1
133 1180 1
133 1770 1
134 150 1
134 152 1
134 212 1
134 236 1
134 342 1
134 361 1
134 415 1
134 448 1
134 505 1
134 589 1
134 765 1
134 955 1
134 1047 1
134 1081 1
134 1227 1
134 1261 1
134 1389 1
134 1400 1
134 1625 1
134 1646 1
134 1709 1
135 138 1
135 166 1
135 211 1
135 271 1
135 299 1
135 326 1
135 391 1
135 408 1
135 440 1
135 477 1
135 732 1
135 925 1
135 979 1
135 1507 1
136 165 1
136 207 1
136 241 1
136 1091 1
136 1154 1
136 1304 1
136 1565 1
136 1571 1
136 1797 1
137 256 1
137 364 1
137 457 1
137 547 1
137 669 1
137 706 1
137 828 1
137 1229 1
137 1251 1
137 1548 1
138 213 1
138 421 1
138 434 1
138 453 1
138 479 1
138 638 1
138 714 1
138 728 1
138 765 1
138 921 1
138 1019 1
138 1096 1
138 1318 1
138 1353 1
138 1382 1
139 150 1
139 164 1
139 181 1
139 1144 1
139 1179 1
139 1666 1
140 360 1
140 581 1
140 687 1
140 1141 1
140 1143 1
140 1450 1
141 146 1
141 170 1
141 321 1
141 537 1
141 755 1
141 966 1
141 1140 1
141 1737 1
142 248 1
142 341 1
142 387 1
142 485 1
142 685 1
142 702 1
142 1109 1
142 1303 1
142 1512 1
143 151 1
143 200 1
143 271 1
143 296 1
143 484 1
143 644 1
143 694 1
143 970 1
143 1178 1
143 1390 1
143 1453 1
143 1595 1
144 240 1
144 751 1
144 754 1
144 1004 1
144 1330 1
144 1337 1
144 1514 1
144 1678 1
145 274 1
145 279 1
145 332 1
145 418 1
145 476 1
145 658 1
145 735 1
145 821 1
145 838 1
145 845 1
145 949 1
145 1235 1
145 1328 1
145 1742 1
146 165 1
146 185 1
146 191 1
146 195 1
146 237 1
146 246 1
146 260 1
146 347 1
146 422 1
146 444 1
146 558 1
146 561 1
146 845 1
146 932 1
146 1392 1
146 1632 1
146 1761 1
147 326 1
147 429 1
147 451 1
147 560 1
147 590 1
147 609 1
147 619 1
147 676 1
147 931 1
147 1515 1
147 1631 1
148 212 1
148 354 1
148 500 1
148 571 1
148 641 1
148 1106 1
148 1135 1
149 173 1
149 183 1
149 390 1
149 612 1
149 841 1
149 857 1
149 1101 1
150 900 1
150 1207 1
150 1365 1
150 1764 1
150 1766 1
151 153 1
151 195 1
151 349 1
151 397 1
151 475 1
151 492 1
151 635 1
151 682 1
151 689 1
151 722 1
151 726 1
151 756 1
151 848 1
151 1136 1
151 1157 1
151 1167 1
151 1170 1
151 1397 1
151 1474 1
151 1724 1
151 1787 1
152 209 1
152 303 1
152 567 1
152 647 1
152 671 1
152 1476 1
153 191 1
153 367 1
153 388 1
153 393 1
153 584 1
153 741 1
153 1247 1
153 1533 1
153 1671 1
154 213 1
154 432 1
154 1271 1
154 1410 1
154 1782 1
154 1793 1
155 275 1
155 505 1
155 512 1
155 529 1
155 533 1
155 554 1
155 575 1
155 673 1
155 694 1
155 717 1
155 902 1
155 1489 1
155 1520 1
156 630 1
156 1405 1
157 161 1
157 280 1
157 420 1
157 718 1
157 827 1
157 873 1
157 950 1
158 758 1
158 1007 1
158 1041 1
158 1500 1
158 1703 1
159 167 1
159 303 1
159 371 1
159 466 1
159 637 1
159 1251 1
160 281 1
160 358 1
160 426 1
160 471 1
160 591 1
160 783 1
160 819 1
160 867 1
160 1259 1
160 1380 1
160 1587 1
160 1691 1
161 233 1
161 515 1
161 636 1
161 647 1
161 727 1
161 1055 1
161 1148 1
162 247 1
162 315 1
162 967 1
162 1061 1
162 1283 1
162 1680 1
163 189 1
163 210 1
163 321 1
163 339 1
163 355 1
163 430 1
163 445 1
163 453 1
163 565 1
163 600 1
163 954 1
163 1042 1
163 1192 1
163 1247 1
163 1351 1
163 1661 1
163 1706 1
163 1719 1
163 1739 1
164 267 1
164 418 1
164 666 1
165 198 1
165 695 1
165 1110 1
165 1384 1
165 1605 1
166 266 1
166 271 1
166 302 1
166 317 1
166 333 1
166 347 1
166 384 1
166 406 1
166 409 1
166 477 1
166 533 1
166 570 1
166 613 1
166 623 1
166 644 1
166 708 1
166 757 1
166 780 1
166 937 1
166 1026 1
166 1085 1
166 1173 1
166 1466 1
166 1559 1
167 171 1
167 378 1
167 586 1
167 626 1
167 887 1
167 929 1
167 1084 1
167 1340 1
167 1578 1
168 544 1
168 586 1
169 197 1
169 413 1
169 434 1
169 632 1
169 663 1
169 784 1
169 1069 1
169 1492 1
170 178 1
170 313 1
170 369 1
170 415 1
170 487 1
170 711 1
170 728 1
170 861 1
170 1040 1
170 1237 1
170 1245 1
170 1556 1
170 1572 1
171 227 1
171 263 1
171 307 1
171 399 1
171 454 1
171 613 1
171 975 1
171 1332 1
172 206 1
172 218 1
172 253 1
172 270 1
172 347 1
172 415 1
172 427 1
172 510 1
172 808 1
172 1612 1
173 174 1
173 177 1
173 266 1
173 514 1
173 524 1
173 665 1
173 705 1
173 747 1
173 1026 1
173 1136 1
173 1155 1
173 1369 1
173 1410 1
173 1769 1
174 1100 1
174 1279 1
174 1479 1
175 184 1
175 210 1
175 519 1
175 649 1
175 705 1
175 818 1
175 844 1
176 418 1
176 433 1
176 463 1
176 502 1
176 630 1
176 647 1
176 655 1
176 686 1
176 696 1
176 720 1
176 990 1
176 1138 1
176 1613 1
176 1706 1
176 1719 1
177 211 1
177 214 1
177 230 1
177 286 1
177 319 1
177 382 1
177 394 1
177 686 1
177 923 1
177 1634 1
177 1654 1
177 1714 1
178 232 1
178 306 1
178 365 1
178 562 1
178 672 1
178 856 1
178 1027 1
178 1211 1
178 1285 1
178 1441 1
178 1539 1
178 1581 1
179 254 1
179 813 1
179 1586 1
180 317 1
180 556 1
180 691 1
180 791 1
180 1018 1
180 1339 1
181 206 1
181 437 1
181 547 1
181 633 1
181 840 1
181 1086 1
181 1212 1
181 1328 1
181 1504 1
182 267 1
182 295 1
182 428 1
182 490 1
182 500 1
182 533 1
182 761 1
182 779 1
182 842 1
182 940 1
182 1003 1
182 1072 1
182 1169 1
182 1238 1
182 1243 1
182 1336 1
182 1461 1
182 1490 1
182 1630 1
183 188 1
183 237 1
183 300 1
183 304 1
183 391 1
183 448 1
183 472 1
183 585 1
183 634 1
183 707 1
183 1166 1
183 1206 1
183 1445 1
184 283 1
184 386 1
184 394 1
184 428 1
184 714 1
184 758 1
184 759 1
184 879 1
184 998 1
184 1409 1
184 1451 1
185 197 1
185 234 1
185 257 1
185 308 1
185 343 1
185 384 1
185 409 1
185 551 1
185 730 1
185 932 1
185 962 1
185 980 1
185 1084 1
185 1139 1
185 1173 1
185 1262 1
185 1425 1
185 1592 1
186 191 1
186 314 1
186 425 1
186 516 1
186 691 1
186 840 1
187 258 1
187 260 1
187 287 1
187 478 1
187 534 1
187 1348 1
187 1393 1
187 1788 1
188 241 1
188 299 1
188 412 1
188 436 1
188 687 1
188 746 1
188 777 1
188 904 1
188 927 1
188 967 1
188 973 1
188 1233 1
188 1344 1
188 1581 1
188 1751 1
189 226 1
189 506 1
189 527 1
189 654 1
189 751 1
189 833 1
189 1151 1
189 1300 1
189 1386 1
189 1435 1
189 1702 1
190 241 1
190 268 1
190 313 1
190 413 1
190 610 1
190 755 1
190 986 1
190 990 1
190 1062 1
190 1077 1
190 1223 1
190 1239 1
190 1338 1
190 1583 1
190 1604 1
191 680 1
191 1268 1
193 1108 1
193 1705 1
194 416 1
194 435 1
194 511 1
194 915 1
194 1588 1
194 1734 1
195 201 1
195 347 1
195 738 1
195 769 1
195 802 1
195 814 1
195 1056 1
195 1138 1
195 1340 1
195 1382 1
195 1478 1
196 204 1
196 206 1
196 340 1
196 564 1
196 746 1
196 934 1
196 980 1
196 987 1
196 1435 1
197 222 1
197 284 1
197 346 1
197 352 1
197 377 1
197 451 1
197 594 1
197 629 1
197 843 1
197 863 1
197 1033 1
197 1227 1
197 1249 1
197 1296 1
197 1343 1
197 1377 1
197 1499 1
197 1582 1
197 1597 1
197 1634 1
197 1797 1
198 339 1
198 722 1
198 798 1
198 1166 1
198 1407 1
199 508 1
199 597 1
199 669 1
199 787 1
199 898 1
199 955 1
199 1273 1
199 1437 1
200 208 1
200 436 1
200 921 1
200 1058 1
200 1240 1
200 1411 1
200 1579 1
201 384 1
201 579 1
201 797 1
201 1744 1
202 334 1
202 459 1
202 659 1
202 684 1
202 717 1
202 1032 1
202 1093 1
202 1186 1
202 1231 1
202 1237 1
202 1318 1
202 1363 1
202 1407 1
202 1415 1
202 1549 1
202 1550 1
202 1629 1
202 1673 1
203 332 1
203 359 1
203 451 1
203 617 1
203 648 1
203 677 1
203 807 1
203 1183 1
203 1199 1
203 1530 1
203 1568 1
203 1596 1
203 1633 1
203 1642 1
204 619 1
204 723 1
204 745 1
204 887 1
204 888 1
204 943 1
204 1063 1
204 1068 1
204 1113 1
204 1227 1
204 1277 1
204 1296 1
204 1387 1
204 1396 1
204 1566 1
205 255 1
205 288 1
205 303 1
205 366 1
205 536 1
205 725 1
205 968 1
205 1013 1
205 1126 1
205 1481 1
206 213 1
206 220 1
206 252 1
206 612 1
206 858 1
206 1141 1
206 1476 1
206 1760 1
207 225 1
207 246 1
207 293 1
207 839 1
207 918 1
207 920 1
207 1145 1
207 1222 1
207 1651 1
208 1010 1
208 1083 1
208 1433 1
209 463 1
209 1022 1
209 1172 1
209 1421 1
209 1464 1
209 1780 1
210 303 1
210 470 1
210 553 1
210 827 1
211 388 1
211 780 1
211 1606 1
212 262 1
212 342 1
212 398 1
212 518 1
212 711 1
212 724 1
212 726 1
212 897 1
212 926 1
212 1018 1
212 1028 1
212 1069 1
212 1124 1
212 1242 1
212 1270 1
212 1299 1
212 1409 1
212 1568 1
212 1640 1
212 1785 1
213 246 1
213 285 1
213 328 1
213 688 1
213 1221 1
213 1563 1
214 476 1
214 605 1
214 618 1
214 661 1
214 739 1
214 857 1
214 1086 1
214 1248 1
214 1310 1
214 1350 1
214 1360 1
214 1537 1
214 1542 1
215 288 1
215 579 1
215 743 1
215 803 1
216 375 1
216 511 1
216 735 1
216 961 1
216 1009 1
216 1026 1
216 1431 1
217 778 1
217 1130 1
217 1301 1
217 1305 1
217 1443 1
217 1466 1
217 1667 1
218 285 1
218 319 1
218 496 1
218 602 1
218 771 1
218 934 1
218 1018 1
218 1241 1
219 269 1
219 414 1
219 464 1
219 473 1
219 786 1
219 801 1
219 874 1
219 1174 1
219 1567 1
220 284 1
220 316 1
220 335 1
220 421 1
220 456 1
220 756 1
220 982 1
220 1232 1
220 1320 1
220 1359 1
220 1536 1
220 1547 1
221 228 1
221 477 1
221 1059 1
221 1228 1
221 1313 1
222 399 1
222 651 1
222 858 1
222 1005 1
222 1009 1
222 1029 1
222 1135 1
222 1221 1
222 1266 1
222 1445 1
222 1674 1
222 1710 1
223 362 1
223 368 1
223 416 1
223 450 1
223 486 1
223 563 1
223 640 1
223 699 1
223 838 1
223 852 1
223 907 1
223 964 1
223 1182 1
223 1246 1
223 1422 1
223 1470 1
224 338 1
224 501 1
224 650 1
224 772 1
224 1038 1
224 1175 1
224 1384 1
225 631 1
225 715 1
225 849 1
225 1290 1
225 1352 1
225 1383 1
225 1687 1
226 331 1
226 412 1
226 590 1
226 599 1
226 964 1
226 965 1
226 999 1
226 1296 1
226 1353 1
226 1559 1
227 288 1
227 825 1
227 1314 1
228 281 1
228 547 1
228 612 1
228 826 1
228 1282 1
228 1755 1
228 1783 1
229 383 1
229 423 1
229 457 1
229 588 1
229 739 1
229 989 1
229 1137 1
229 1250 1
229 1325 1
229 1445 1
230 232 1
230 262 1
230 360 1
230 374 1
230 392 1
230 461 1
230 481 1
230 831 1
230 856 1
230 1202 1
230 1404 1
230 1408 1
231 299 1
231 343 1
231 407 1
231 704 1
231 1033 1
231 1230 1
231 1313 1
231 1440 1
232 276 1
232 386 1
232 394 1
232 514 1
232 1281 1
232 1291 1
233 237 1
233 604 1
233 906 1
233 1118 1
233 1209 1
233 1259 1
234 925 1
234 1225 1
234 1273 1
234 1696 1
234 1782 1
235 242 1
235 784 1
235 1395 1
236 348 1
236 406 1
236 749 1
236 1398 1
237 451 1
237 542 1
237 739 1
237 1087 1
237 1316 1
237 1566 1
238 589 1
238 680 1
238 683 1
238 1207 1
239 269 1
239 757 1
239 1078 1
240 445 1
240 489 1
240 526 1
240 1049 1
240 1145 1
240 1147 1
240 1364 1
240 1502 1
240 1672 1
240 1692 1
241 272 1
241 363 1
241 608 1
241 616 1
241 754 1
241 796 1
241 1059 1
241 1618 1
241 1648 1
241 1774 1
242 345 1
242 461 1
242 484 1
242 651 1
242 700 1
242 773 1
242 788 1
242 1234 1
242 1624 1
242 1761 1
243 1248 1
243 1730 1
244 1280 1
245 375 1
245 393 1
245 680 1
245 688 1
245 1049 1
245 1669 1
245 1688 1
245 1717 1
245 1799 1
246 1068 1
247 646 1
247 1200 1
247 1397 1
247 1646 1
248 281 1
248 292 1
248 300 1
248 385 1
248 391 1
248 504 1
248 550 1
248 571 1
248 583 1
248 632 1
248 662 1
248 675 1
248 1113 1
248 1313 1
248 1652 1
248 1771 1
249 405 1
249 677 1
249 882 1
249 1307 1
249 1394 1
250 282 1
250 311 1
250 385 1
250 446 1
250 564 1
250 644 1
250 737 1
250 775 1
250 776 1
250 787 1
250 904 1
250 1012 1
250 1048 1
251 1061 1
252 503 1
252 766 1
252 1226 1
252 1272 1
252 1723 1
253 384 1
253 399 1
253 581 1
253 668 1
253 835 1
253 1797 1
254 264 1
254 614 1
254 839 1
254 1300 1
255 408 1
255 448 1
255 483 1
255 518 1
255 591 1
255 716 1
255 776 1
255 863 1
255 940 1
255 1257 1
255 1484 1
255 1534 1
255 1560 1
255 1561 1
255 1735 1
255 1795 1
256 400 1
256 620 1
256 1699 1
257 424 1
257 462 1
257 665 1
257 704 1
257 1154 1
258 285 1
258 597 1
258 938 1
258 1230 1
258 1374 1
258 1377 1
258 1606 1
258 1632 1
258 1743 1
258 1753 1
259 344 1
259 544 1
259 995 1
259 1303 1
259 1425 1
260 449 1
260 942 1
260 1328 1
260 1420 1
260 1426 1
260 1743 1
261 767 1
261 791 1
261 1054 1
261 1574 1
261 1575 1
262 407 1
262 442 1
262 580 1
262 823 1
262 1139 1
262 1179 1
263 376 1
263 809 1
263 811 1
263 941 1
263 1413 1
263 1601 1
263 1672 1
264 286 1
264 305 1
264 312 1
264 380 1
264 549 1
264 555 1
264 580 1
264 660 1
264 669 1
264 998 1
264 1075 1
264 1319 1
264 1362 1
264 1497 1
264 1509 1
264 1636 1
265 409 1
265 478 1
265 1183 1
266 320 1
266 596 1
266 754 1
266 864 1
266 1007 1
266 1110 1
266 1125 1
266 1583 1
266 1766 1
267 603 1
267 811 1
267 1322 1
267 1580 1
267 1723 1
268 310 1
268 338 1
268 702 1
268 807 1
268 808 1
268 1403 1
268 1470 1
268 1489 1
270 338 1
270 501 1
270 507 1
270 577 1
270 1381 1
270 1595 1
270 1603 1
270 1631 1
271 1385 1
271 1388 1
271 1412 1
271 1471 1
272 543 1
272 567 1
272 673 1
272 698 1
272 864 1
272 1324 1
272 1715 1
273 1006 1
274 298 1
274 342 1
274 587 1
274 734 1
274 951 1
275 287 1
275 546 1
275 1082 1
275 1242 1
275 1613 1
276 400 1
276 405 1
276 496 1
276 688 1
276 696 1
276 1110 1
276 1158 1
276 1294 1
277 287 1
277 799 1
277 821 1
277 970 1
277 1045 1
277 1166 1
277 1224 1
277 1329 1
277 1570 1
277 1743 1
278 285 1
278 296 1
278 397 1
278 427 1
278 559 1
278 584 1
278 746 1
278 774 1
278 845 1
278 943 1
278 1047 1
278 1135 1
278 1293 1
278 1450 1
279 698 1
279 1765 1
280 532 1
280 537 1
280 707 1
280 733 1
280 1202 1
280 1357 1
280 1452 1
280 1761 1
281 1164 1
281 1469 1
281 1506 1
281 1528 1
282 987 1
282 1638 1
283 304 1
283 414 1
283 515 1
283 634 1
283 672 1
283 730 1
283 1379 1
283 1383 1
283 1445 1
283 1550 1
283 1716 1
284 330 1
284 357 1
284 523 1
284 722 1
284 820 1
284 914 1
284 941 1
284 1143 1
284 1342 1
284 1594 1
284 1651 1
285 614 1
285 676 1
286 371 1
286 458 1
287 1243 1
288 302 1
288 947 1
288 1334 1
289 290 1
289 334 1
289 404 1
289 782 1
289 991 1
289 1309 1
289 1475 1
290 648 1
290 793 1
290 1600 1
291 545 1
291 1036 1
291 1073 1
291 1442 1
291 1502 1
292 466 1
292 557 1
292 558 1
292 848 1
292 906 1
292 935 1
292 1325 1
292 1367 1
293 323 1
293 663 1
293 792 1
293 796 1
293 833 1
293 1152 1
293 1716 1
294 1053 1
295 540 1
295 852 1
295 1397 1
295 1490 1
295 1637 1
295 1736 1
296 587 1
296 702 1
296 752 1
296 834 1
296 953 1
296 1341 1
296 1394 1
296 1620 1
296 1665 1
296 1707 1
297 357 1
297 362 1
297 408 1
297 432 1
297 603 1
297 707 1
297 727 1
297 750 1
297 993 1
297 1562 1
298 601 1
298 677 1
298 1255 1
298 1363 1
298 1444 1
298 1610 1
298 1768 1
299 340 1
299 459 1
299 524 1
299 787 1
299 1600 1
299 1606 1
300 1079 1
301 412 1
301 432 1
301 693 1
301 907 1
301 972 1
301 1050 1
301 1239 1
301 1645 1
301 1679 1
302 1274 1
302 1485 1
303 696 1
303 830 1
303 1152 1
303 1464 1
303 1592 1
303 1759 1
304 930 1
304 1048 1
304 1459 1
304 1656 1
304 1714 1
305 368 1
305 598 1
305 1075 1
305 1652 1
305 1704 1
306 340 1
306 518 1
306 841 1
307 318 1
307 552 1
308 523 1
309 385 1
309 653 1
309 681 1
309 1169 1
309 1236 1
309 1786 1
310 379 1
310 1333 1
310 1593 1
312 394 1
312 447 1
312 528 1
313 463 1
313 673 1
313 1122 1
314 515 1
314 575 1
314 733 1
314 1028 1
315 361 1
315 438 1
315 450 1
315 476 1
315 509 1
315 534 1
315 783 1
315 896 1
315 986 1
315 1141 1
315 1197 1
315 1358 1
315 1371 1
315 1531 1
315 1554 1
316 378 1
316 404 1
316 503 1
316 882 1
316 1024 1
316 1104 1
316 1263 1
316 1431 1
317 582 1
317 915 1
317 940 1
317 1076 1
317 1080 1
317 1436 1
318 396 1
319 898 1
319 1420 1
319 1544 1
319 1585 1
320 340 1
320 397 1
320 487 1
320 592 1
320 1223 1
321 358 1
321 406 1
321 510 1
321 1584 1
321 1734 1
322 820 1
322 1638 1
323 441 1
323 774 1
323 1190 1
323 1298 1
323 1658 1
324 371 1
324 744 1
324 989 1
324 1203 1
324 1532 1
325 356 1
325 1394 1
325 1485 1
325 1499 1
326 364 1
326 365 1
326 402 1
326 447 1
326 516 1
326 561 1
326 607 1
326 869 1
326 1190 1
327 795 1
327 904 1
327 924 1
327 1198 1
327 1381 1
328 422 1
328 439 1
328 760 1
328 808 1
328 868 1
329 894 1
329 1443 1
330 431 1
330 962 1
330 1129 1
330 1487 1
331 745 1
331 746 1
331 1304 1
332 467 1
333 337 1
333 636 1
333 1030 1
333 1281 1
333 1342 1
333 1675 1
334 617 1
334 1140 1
335 966 1
335 1224 1
335 1349 1
335 1418 1
336 414 1
336 620 1
336 651 1
337 484 1
337 1317 1
337 1738 1
338 1112 1
339 1345 1
339 1474 1
340 517 1
340 702 1
340 1070 1
340 1514 1
341 413 1
341 415 1
341 1256 1
341 1333 1
341 1423 1
342 804 1
342 1152 1
343 720 1
343 1323 1
343 1546 1
344 441 1
344 565 1
344 623 1
344 815 1
344 1420 1
344 1448 1
345 444 1
345 512 1
345 628 1
345 935 1
345 1149 1
346 468 1
346 626 1
346 880 1
346 1098 1
346 1281 1
347 601 1
347 1045 1
348 434 1
348 693 1
348 1206 1
348 1256 1
348 1404 1
349 691 1
349 723 1
349 790 1
349 858 1
349 1106 1
349 1481 1
349 1614 1
350 401 1
350 457 1
350 527 1
350 541 1
350 600 1
350 678 1
350 712 1
350 822 1
350 1119 1
350 1134 1
350 1250 1
351 486 1
351 853 1
351 1203 1
351 1560 1
352 379 1
352 471 1
352 619 1
352 641 1
352 767 1
352 793 1
352 940 1
352 1004 1
352 1052 1
352 1099 1
352 1108 1
352 1240 1
352 1459 1
352 1483 1
352 1612 1
353 483 1
354 748 1
354 865 1
354 872 1
354 881 1
354 933 1
354 1022 1
354 1276 1
354 1478 1
354 1779 1
355 559 1
355 695 1
355 763 1
355 1188 1
355 1222 1
356 1014 1
356 1156 1
357 401 1
357 538 1
357 578 1
357 618 1
357 714 1
357 854 1
357 861 1
357 875 1
357 1292 1
357 1356 1
358 994 1
358 1557 1
358 1780 1
359 922 1
359 1752 1
361 466 1
361 878 1
361 950 1
361 965 1
361 989 1
361 1144 1
361 1787 1
363 877 1
363 981 1
363 1219 1
363 1271 1
363 1545 1
363 1573 1
364 846 1
364 1192 1
364 1257 1
364 1702 1
365 431 1
365 455 1
365 1522 1
365 1555 1
365 1583 1
366 477 1
366 1104 1
366 1311 1
368 1066 1
369 488 1
369 1019 1
369 1215 1
369 1447 1
369 1584 1
372 628 1
372 660 1
372 1201 1
373 549 1
373 936 1
374 527 1
374 564 1
374 586 1
374 701 1
374 947 1
374 1120 1
374 1204 1
374 1427 1
374 1526 1
374 1531 1
374 1609 1
375 868 1
375 918 1
375 1089 1
375 1276 1
375 1369 1
375 1725 1
376 438 1
376 740 1
376 749 1
376 1540 1
377 647 1
378 1020 1
379 434 1
379 521 1
379 838 1
379 936 1
379 1000 1
379 1114 1
381 740 1
381 824 1
381 1263 1
381 1357 1
381 1408 1
381 1510 1
382 425 1
382 1347 1
383 690 1
383 1083 1
383 1429 1
384 1320 1
384 1371 1
384 1372 1
385 403 1
385 1327 1
385 1611 1
386 596 1
386 849 1
386 935 1
386 1196 1
387 653 1
388 688 1
388 713 1
388 1058 1
389 1082 1
390 463 1
390 532 1
390 646 1
390 1189 1
390 1196 1
390 1406 1
390 1540 1
391 431 1
391 585 1
391 1071 1
391 1121 1
391 1255 1
391 1488 1
391 1501 1
391 1688 1
391 1743 1
392 671 1
392 976 1
392 1009 1
392 1049 1
392 1429 1
392 1578 1
392 1617 1
392 1655 1
393 436 1
393 479 1
393 520 1
393 557 1
393 601 1
393 667 1
393 725 1
393 736 1
393 753 1
393 804 1
393 1010 1
393 1037 1
393 1039 1
393 1209 1
394 837 1
394 1000 1
394 1330 1
395 738 1
395 836 1
395 860 1
395 1142 1
395 1635 1
395 1747 1
396 473 1
396 526 1
396 564 1
396 736 1
396 792 1
396 824 1
396 1042 1
396 1386 1
397 888 1
397 1181 1
397 1553 1
398 1232 1
398 1326 1
398 1788 1
399 522 1
399 811 1
399 858 1
399 883 1
399 1241 1
399 1604 1
400 815 1
400 1217 1
400 1649 1
401 983 1
401 1034 1
401 1767 1
402 468 1
402 902 1
402 1204 1
403 410 1
403 573 1
403 629 1
403 635 1
403 812 1
403 815 1
403 1119 1
403 1193 1
403 1480 1
403 1566 1
404 565 1
404 815 1
404 1264 1
404 1282 1
405 1306 1
406 417 1
406 439 1
406 465 1
406 1284 1
406 1447 1
408 452 1
408 469 1
408 555 1
408 559 1
408 840 1
408 872 1
408 909 1
408 1573 1
409 1111 1
409 1211 1
409 1294 1
409 1754 1
410 956 1
410 1037 1
410 1274 1
410 1276 1
411 489 1
411 783 1
411 1217 1
411 1235 1
411 1523 1
412 817 1
412 1710 1
413 419 1
413 495 1
413 554 1
413 567 1
413 569 1
413 941 1
413 1082 1
413 1215 1
413 1468 1
413 1557 1
413 1700 1
414 478 1
414 497 1
414 533 1
414 553 1
414 830 1
414 926 1
414 1010 1
414 1334 1
416 566 1
416 580 1
416 900 1
416 1008 1
416 1468 1
417 566 1
417 885 1
417 988 1
417 1067 1
417 1071 1
417 1127 1
417 1226 1
417 1389 1
418 929 1
419 694 1
419 1267 1
420 574 1
420 1610 1
421 452 1
421 899 1
421 1042 1
421 1251 1
421 1299 1
421 1782 1
422 642 1
422 1243 1
423 598 1
424 465 1
424 682 1
424 1134 1
424 1202 1
424 1327 1
425 639 1
425 646 1
425 1025 1
425 1423 1
426 528 1
426 659 1
426 848 1
426 1024 1
426 1521 1
427 514 1
427 535 1
427 588 1
427 689 1
427 730 1
427 869 1
427 876 1
427 1338 1
427 1453 1
427 1659 1
427 1734 1
429 578 1
429 889 1
429 959 1
430 493 1
430 1065 1
430 1195 1
431 1509 1
431 1510 1
432 454 1
432 721 1
432 896 1
432 979 1
432 1185 1
433 539 1
433 627 1
433 807 1
433 927 1
433 1076 1
433 1120 1
433 1162 1
433 1612 1
434 468 1
434 878 1
434 1495 1
434 1733 1
435 683 1
436 879 1
436 965 1
436 1020 1
437 561 1
437 1354 1
438 551 1
438 1575 1
438 1720 1
439 724 1
439 728 1
439 863 1
439 868 1
439 943 1
439 1213 1
439 1622 1
440 1653 1
441 955 1
441 1512 1
441 1746 1
442 543 1
442 931 1
442 952 1
442 1187 1
442 1329 1
442 1510 1
443 498 1
444 495 1
444 753 1
444 1107 1
444 1204 1
444 1219 1
444 1250 1
444 1484 1
445 608 1
445 1092 1
445 1105 1
445 1165 1
445 1434 1
446 1366 1
446 1587 1
447 643 1
447 779 1
447 1030 1
447 1361 1
447 1794 1
448 513 1
448 741 1
448 1044 1
448 1762 1
448 1770 1
449 814 1
449 891 1
450 487 1
450 548 1
450 734 1
450 1062 1
450 1142 1
450 1196 1
450 1576 1
451 872 1
451 1174 1
451 1219 1
451 1259 1
452 474 1
452 935 1
452 1444 1
453 798 1
453 945 1
453 978 1
453 989 1
453 1350 1
453 1491 1
453 1530 1
454 462 1
454 1031 1
454 1062 1
454 1211 1
454 1292 1
454 1329 1
455 952 1
455 1102 1
455 1401 1
455 1415 1
456 654 1
456 929 1
456 1300 1
456 1496 1
456 1673 1
456 1720 1
457 803 1
457 907 1
458 491 1
458 540 1
458 1153 1
458 1628 1
458 1769 1
460 565 1
460 967 1
460 1245 1
460 1288 1
460 1380 1
460 1463 1
460 1579 1
461 938 1
461 1520 1
461 1573 1
461 1771 1
463 482 1
463 779 1
463 793 1
463 813 1
463 1627 1
463 1779 1
464 1012 1
464 1293 1
464 1547 1
465 1670 1
466 1154 1
466 1398 1
466 1669 1
466 1688 1
467 487 1
467 912 1
467 974 1
468 721 1
468 1160 1
468 1346 1
468 1713 1
469 621 1
469 1074 1
469 1375 1
469 1628 1
470 947 1
470 1756 1
471 493 1
471 650 1
472 481 1
472 516 1
472 922 1
472 1086 1
472 1117 1
473 1205 1
474 1062 1
474 1745 1
475 995 1
475 1123 1
475 1229 1
475 1252 1
475 1288 1
475 1335 1
475 1345 1
475 1355 1
475 1395 1
476 642 1
476 1179 1
476 1286 1
476 1754 1
477 833 1
477 902 1
477 1108 1
477 1374 1
477 1664 1
477 1764 1
478 1046 1
478 1260 1
478 1360 1
479 521 1
479 863 1
480 590 1
480 1351 1
480 1428 1
481 556 1
481 685 1
481 1257 1
482 536 1
482 569 1
482 742 1
482 871 1
483 653 1
483 703 1
483 1032 1
483 1188 1
484 701 1
484 1285 1
484 1327 1
484 1781 1
485 639 1
485 1041 1
485 1429 1
485 1507 1
485 1791 1
486 654 1
486 809 1
486 991 1
486 1286 1
486 1295 1
486 1451 1
486 1685 1
486 1766 1
487 658 1
488 519 1
488 666 1
488 1095 1
489 1148 1
489 1701 1
490 1144 1
490 1285 1
491 530 1
491 574 1
491 592 1
491 689 1
491 892 1
491 1548 1
493 513 1
493 932 1
493 1591 1
494 496 1
494 977 1
494 1149 1
494 1470 1
495 505 1
495 514 1
495 529 1
495 571 1
495 596 1
495 1115 1
495 1129 1
495 1362 1
495 1416 1
495 1486 1
495 1746 1
495 1796 1
496 568 1
496 1282 1
496 1467 1
497 721 1
498 1292 1
498 1562 1
499 1079 1
499 1105 1
500 781 1
500 850 1
500 965 1
500 1589 1
501 1518 1
502 968 1
502 1417 1
503 562 1
503 576 1
503 793 1
503 836 1
503 896 1
503 921 1
503 1001 1
503 1270 1
503 1389 1
503 1533 1
504 600 1
504 805 1
504 1614 1
505 538 1
506 1275 1
506 1537 1
507 685 1
507 709 1
507 752 1
507 762 1
507 802 1
507 818 1
507 939 1
507 1078 1
507 1308 1
507 1386 1
508 616 1
508 1088 1
509 624 1
509 1162 1
510 1012 1
510 1133 1
510 1170 1
511 529 1
511 610 1
511 625 1
511 1586 1
512 1180 1
513 652 1
514 1253 1
515 635 1
515 652 1
515 694 1
515 829 1
515 1039 1
515 1220 1
515 1589 1
517 649 1
517 970 1
518 695 1
518 1711 1
519 614 1
519 755 1
519 837 1
519 1647 1
519 1699 1
520 668 1
520 737 1
520 743 1
520 827 1
520 1116 1
520 1173 1
520 1447 1
520 1758 1
521 638 1
522 1215 1
524 717 1
524 1000 1
524 1713 1
525 604 1
525 802 1
525 996 1
525 1132 1
525 1210 1
525 1393 1
525 1699 1
527 738 1
528 699 1
528 880 1
528 1225 1
528 1496 1
528 1578 1
529 1504 1
529 1733 1
530 1277 1
530 1339 1
532 624 1
532 893 1
533 650 1
533 773 1
533 810 1
533 901 1
534 797 1
534 1157 1
534 1229 1
534 1596 1
534 1798 1
535 760 1
535 1465 1
536 938 1
536 1370 1
536 1734 1
537 719 1
537 995 1
537 1119 1
538 757 1
538 857 1
539 822 1
539 837 1
539 1134 1
539 1235 1
540 640 1
540 851 1
540 1252 1
540 1549 1
541 953 1
541 1200 1
542 710 1
542 985 1
542 1643 1
542 1651 1
542 1696 1
543 686 1
543 1452 1
544 602 1
544 744 1
544 789 1
544 853 1
544 876 1
544 932 1
544 960 1
544 1525 1
544 1555 1
544 1681 1
545 1404 1
546 829 1
546 961 1
546 1049 1
546 1056 1
546 1412 1
546 1675 1
546 1731 1
546 1793 1
547 827 1
547 860 1
547 887 1
547 1054 1
548 1132 1
548 1157 1
548 1308 1
548 1349 1
548 1408 1
549 925 1
549 1373 1
549 1552 1
550 901 1
550 1025 1
550 1718 1
551 630 1
551 934 1
552 645 1
553 874 1
553 1034 1
553 1758 1
554 578 1
554 609 1
554 782 1
554 957 1
554 978 1
554 1001 1
554 1492 1
555 1396 1
555 1480 1
556 719 1
556 997 1
557 705 1
557 1014 1
557 1452 1
558 873 1
558 1261 1
558 1311 1
558 1437 1
561 615 1
561 682 1
561 1558 1
561 1774 1
562 842 1
562 1101 1
563 911 1
563 1093 1
563 1421 1
564 629 1
564 632 1
564 780 1
564 1070 1
564 1218 1
564 1732 1
565 708 1
565 1035 1
565 1378 1
565 1556 1
565 1784 1
566 1067 1
566 1183 1
566 1280 1
566 1588 1
567 645 1
567 662 1
567 778 1
567 899 1
567 1124 1
567 1278 1
567 1724 1
567 1790 1
568 837 1
568 1203 1
568 1411 1
569 1500 1
570 1494 1
570 1752 1
571 735 1
571 800 1
571 958 1
571 1348 1
571 1391 1
572 683 1
572 747 1
572 759 1
572 791 1
572 892 1
572 897 1
572 1097 1
572 1111 1
573 601 1
574 870 1
574 1112 1
574 1199 1
574 1670 1
575 1210 1
575 1412 1
575 1494 1
575 1541 1
576 637 1
576 1073 1
576 1781 1
577 695 1
580 768 1
580 1471 1
581 649 1
581 996 1
582 886 1
582 1171 1
582 1577 1
582 1737 1
583 1246 1
583 1312 1
583 1372 1
583 1630 1
584 642 1
584 895 1
584 900 1
585 1779 1
586 866 1
586 929 1
586 948 1
586 1000 1
586 1300 1
587 991 1
587 1270 1
588 756 1
588 1065 1
588 1727 1
589 698 1
589 774 1
589 931 1
589 1352 1
589 1594 1
589 1617 1
591 832 1
591 1016 1
592 668 1
592 750 1
592 855 1
592 1305 1
592 1328 1
593 710 1
593 856 1
593 917 1
593 1475 1
594 697 1
594 853 1
594 999 1
594 1262 1
594 1594 1
595 1063 1
595 1200 1
595 1267 1
596 670 1
596 1662 1
597 1380 1
597 1484 1
598 1426 1
598 1443 1
598 1592 1
599 800 1
599 1687 1
600 881 1
601 1233 1
601 1549 1
602 668 1
602 703 1
602 905 1
602 1130 1
603 903 1
603 1118 1
604 671 1
604 1146 1
604 1313 1
605 616 1
605 716 1
606 1423 1
606 1536 1
607 731 1
607 878 1
609 993 1
609 1224 1
609 1486 1
610 657 1
610 778 1
610 812 1
611 1658 1
612 823 1
612 870 1
612 915 1
612 1020 1
612 1197 1
612 1532 1
613 648 1
613 861 1
613 956 1
613 1075 1
613 1092 1
613 1436 1
613 1478 1
614 784 1
614 1147 1
615 1206 1
615 1599 1
615 1649 1
616 687 1
616 992 1
616 1378 1
616 1521 1
616 1608 1
617 1036 1
617 1370 1
617 1636 1
618 1101 1
619 1147 1
620 713 1
620 1155 1
620 1355 1
620 1750 1
621 637 1
621 817 1
621 873 1
621 955 1
621 1178 1
621 1234 1
621 1266 1
622 1259 1
623 1032 1
623 1102 1
623 1457 1
623 1599 1
623 1611 1
624 788 1
625 640 1
625 749 1
625 795 1
625 942 1
625 986 1
625 1005 1
625 1333 1
625 1374 1
625 1772 1
627 656 1
627 1366 1
627 1395 1
627 1460 1
627 1660 1
629 853 1
630 661 1
630 776 1
630 881 1
630 1182 1
630 1212 1
631 635 1
631 652 1
631 748 1
631 818 1
631 1061 1
632 839 1
632 1574 1
633 786 1
633 1263 1
634 769 1
636 883 1
636 1250 1
637 661 1
637 692 1
637 758 1
637 1115 1
637 1192 1
638 1345 1
638 1482 1
639 997 1
640 937 1
640 1348 1
640 1579 1
640 1659 1
641 1245 1
641 1373 1
641 1498 1
642 1312 1
644 960 1
644 1638 1
645 801 1
645 1187 1
645 1281 1
646 875 1
646 1114 1
647 678 1
647 877 1
647 910 1
647 1321 1
647 1581 1
647 1607 1
647 1747 1
647 1756 1
648 998 1
648 1007 1
648 1400 1
649 794 1
649 1707 1
650 995 1
650 1176 1
650 1695 1
651 1165 1
652 924 1
652 1051 1
652 1130 1
652 1198 1
652 1316 1
652 1324 1
652 1349 1
653 855 1
653 1216 1
653 1284 1
655 828 1
655 1157 1
656 785 1
656 1218 1
657 761 1
657 950 1
657 1044 1
657 1324 1
657 1704 1
658 949 1
658 1019 1
659 679 1
659 877 1
659 1789 1
660 1443 1
660 1618 1
660 1753 1
660 1757 1
660 1776 1
661 743 1
661 759 1
661 824 1
661 1171 1
661 1667 1
662 1476 1
662 1758 1
663 806 1
663 1091 1
664 724 1
664 910 1
665 838 1
665 1033 1
665 1680 1
666 1341 1
667 1055 1
668 893 1
668 999 1
669 1001 1
669 1208 1
669 1571 1
669 1767 1
670 690 1
670 743 1
670 795 1
670 810 1
670 973 1
670 981 1
670 1087 1
670 1358 1
670 1615 1
670 1616 1
670 1675 1
671 879 1
671 913 1
671 990 1
671 1490 1
671 1542 1
671 1545 1
671 1763 1
672 1738 1
673 700 1
673 768 1
673 1150 1
673 1266 1
673 1290 1
673 1454 1
674 767 1
674 1755 1
675 734 1
675 1419 1
676 1268 1
676 1684 1
677 1064 1
678 720 1
678 794 1
678 811 1
678 943 1
679 748 1
679 834 1
679 835 1
679 903 1
679 1233 1
679 1265 1
680 1223 1
680 1229 1
681 709 1
681 1344 1
682 1102 1
682 1207 1
682 1264 1
682 1398 1
682 1683 1
682 1771 1
683 722 1
683 810 1
683 1055 1
683 1093 1
683 1339 1
683 1359 1
684 936 1
684 1269 1
685 744 1
685 883 1
685 1103 1
685 1159 1
685 1255 1
685 1650 1
685 1751 1
686 1003 1
686 1622 1
687 1562 1
688 1528 1
689 735 1
689 1142 1
689 1388 1
689 1530 1
690 959 1
690 1411 1
691 788 1
691 816 1
691 825 1
691 855 1
691 912 1
691 1557 1
691 1621 1
692 769 1
692 1544 1
694 1519 1
695 869 1
695 1513 1
696 1139 1
696 1347 1
697 851 1
697 1043 1
697 1044 1
697 1583 1
698 1155 1
698 1479 1
700 909 1
700 1696 1
701 1361 1
701 1791 1
702 809 1
702 1117 1
702 1264 1
702 1590 1
703 1438 1
704 963 1
704 1764 1
705 843 1
707 799 1
707 1097 1
707 1473 1
708 767 1
708 872 1
708 1403 1
708 1608 1
708 1689 1
709 913 1
709 1454 1
711 766 1
711 1191 1
711 1615 1
711 1694 1
713 1454 1
714 1031 1
715 814 1
715 901 1
715 919 1
715 1015 1
715 1172 1
716 1670 1
717 817 1
718 1291 1
719 842 1
719 1087 1
720 1023 1
721 976 1
721 991 1
721 1118 1
721 1144 1
721 1466 1
721 1639 1
722 808 1
722 1131 1
722 1161 1
722 1684 1
723 798 1
723 1317 1
723 1472 1
723 1727 1
724 1382 1
726 1531 1
727 1312 1
728 740 1
728 866 1
729 805 1
729 1180 1
730 1149 1
730 1277 1
730 1564 1
730 1644 1
731 918 1
731 971 1
733 1426 1
734 1306 1
734 1377 1
734 1477 1
734 1523 1
734 1731 1
736 1246 1
736 1475 1
737 1244 1
737 1517 1
738 769 1
738 1469 1
740 1209 1
740 1396 1
740 1623 1
742 1314 1
742 1512 1
742 1796 1
743 835 1
743 1474 1
744 1024 1
744 1348 1
745 907 1
745 1099 1
745 1252 1
746 1158 1
746 1177 1
747 947 1
748 1187 1
748 1217 1
748 1331 1
748 1527 1
749 889 1
752 1515 1
752 1762 1
753 913 1
753 992 1
753 1021 1
754 1343 1
754 1367 1
754 1378 1
754 1638 1
756 1025 1
756 1297 1
756 1317 1
756 1431 1
757 775 1
757 928 1
757 987 1
757 1030 1
758 1611 1
759 901 1
759 908 1
759 1712 1
759 1744 1
760 923 1
760 963 1
760 1468 1
760 1534 1
762 927 1
762 1674 1
763 842 1
764 1033 1
764 1073 1
764 1241 1
765 1153 1
765 1368 1
766 1690 1
766 1711 1
767 1231 1
767 1355 1
768 974 1
768 1321 1
768 1607 1
768 1625 1
769 1146 1
769 1428 1
770 1323 1
770 1456 1
770 1516 1
771 1303 1
772 1043 1
772 1267 1
772 1530 1
772 1678 1
773 1585 1
774 1477 1
775 1218 1
775 1795 1
776 804 1
776 886 1
776 962 1
776 1195 1
776 1784 1
777 1419 1
777 1567 1
777 1717 1
778 1438 1
778 1635 1
779 1482 1
780 933 1
780 1074 1
780 1168 1
781 1166 1
782 1015 1
782 1233 1
783 1180 1
783 1187 1
785 840 1
785 1133 1
785 1280 1
785 1535 1
785 1647 1
786 1416 1
789 1111 1
789 1442 1
792 871 1
792 1167 1
792 1202 1
793 1121 1
793 1270 1
793 1335 1
793 1342 1
793 1678 1
794 1168 1
794 1402 1
794 1465 1
795 960 1
795 1089 1
796 1421 1
797 860 1
797 996 1
797 1013 1
797 1439 1
797 1602 1
797 1677 1
798 916 1
799 1358 1
800 1340 1
800 1346 1
800 1394 1
800 1439 1
800 1514 1
802 1063 1
802 1782 1
803 1246 1
803 1457 1
803 1558 1
805 979 1
805 1027 1
805 1375 1
807 1194 1
807 1709 1
808 1582 1
809 1016 1
809 1505 1
810 823 1
810 959 1
810 1434 1
811 985 1
811 1209 1
811 1690 1
812 1051 1
812 1517 1
812 1572 1
813 836 1
813 866 1
813 1354 1
815 912 1
815 1741 1
816 1279 1
816 1668 1
816 1669 1
818 884 1
819 851 1
819 1050 1
819 1326 1
819 1350 1
820 1380 1
820 1692 1
821 1024 1
821 1575 1
822 1730 1
823 999 1
823 1044 1
823 1769 1
824 1304 1
826 985 1
826 992 1
826 1029 1
826 1031 1
827 1161 1
827 1195 1
828 972 1
828 1707 1
829 1613 1
830 1278 1
831 1759 1
832 875 1
832 919 1
833 993 1
833 1092 1
833 1299 1
833 1797 1
834 895 1
834 1244 1
835 928 1
835 1066 1
835 1163 1
835 1238 1
836 944 1
837 1253 1
837 1626 1
838 1483 1
838 1496 1
839 1413 1
839 1485 1
839 1773 1
840 1012 1
840 1021 1
840 1090 1
840 1407 1
840 1619 1
841 865 1
841 957 1
841 973 1
841 1052 1
841 1519 1
842 920 1
843 1400 1
844 1059 1
844 1450 1
844 1749 1
845 1464 1
846 930 1
846 1427 1
847 950 1
847 1254 1
847 1332 1
847 1371 1
847 1544 1
848 1605 1
849 1286 1
849 1460 1
850 1498 1
850 1669 1
852 1382 1
852 1585 1
852 1648 1
853 979 1
853 1150 1
854 988 1
854 1637 1
856 1191 1
856 1193 1
858 870 1
858 921 1
858 1366 1
859 1722 1
861 1175 1
861 1249 1
861 1645 1
862 1216 1
863 1060 1
864 904 1
864 1356 1
866 1656 1
867 916 1
867 1037 1
867 1308 1
867 1724 1
868 1113 1
868 1222 1
868 1347 1
868 1787 1
870 1043 1
870 1289 1
870 1705 1
872 1137 1
872 1666 1
873 1159 1
874 1534 1
876 966 1
876 1414 1
876 1430 1
877 1673 1
880 897 1
880 1327 1
881 980 1
881 1111 1
881 1498 1
881 1525 1
882 1056 1
882 1206 1
882 1619 1
883 1376 1
883 1757 1
884 1175 1
885 892 1
885 983 1
885 1080 1
886 1130 1
886 1598 1
887 1666 1
888 1389 1
888 1721 1
889 1194 1
890 1252 1
892 900 1
892 1189 1
892 1322 1
892 1639 1
892 1745 1
893 1156 1
894 1304 1
895 902 1
895 990 1
895 1603 1
899 1036 1
899 1260 1
899 1529 1
899 1680 1
899 1697 1
901 928 1
902 1146 1
902 1610 1
902 1620 1
903 934 1
903 1624 1
904 1084 1
904 1488 1
904 1615 1
905 1693 1
905 1792 1
906 910 1
906 1591 1
907 1035 1
907 1616 1
909 1046 1
911 1740 1
912 1094 1
912 1170 1
912 1728 1
912 1740 1
913 1526 1
913 1595 1
914 1390 1
914 1491 1
914 1736 1
915 1607 1
917 963 1
917 1319 1
917 1699 1
919 1344 1
920 956 1
921 953 1
921 1019 1
922 1059 1
922 1570 1
924 975 1
925 1006 1
925 1034 1
925 1089 1
925 1230 1
925 1625 1
926 1107 1
926 1163 1
926 1168 1
926 1677 1
928 1004 1
929 1151 1
929 1323 1
929 1388 1
929 1479 1
929 1486 1
930 1031 1
930 1727 1
932 1776 1
933 1079 1
933 1643 1
934 992 1
934 1013 1
934 1134 1
934 1253 1
935 1452 1
936 1140 1
936 1437 1
936 1744 1
940 983 1
940 1039 1
940 1617 1
941 1038 1
942 1517 1
942 1647 1
942 1754 1
943 1642 1
944 1048 1
945 984 1
945 1081 1
945 1414 1
945 1562 1
946 1097 1
946 1543 1
947 1297 1
948 1096 1
948 1451 1
949 1738 1
950 1593 1
951 1171 1
952 1035 1
952 1124 1
952 1442 1
952 1620 1
952 1755 1
955 1518 1
956 980 1
956 1497 1
956 1799 1
957 1122 1
957 1186 1
957 1429 1
958 1307 1
959 1361 1
960 967 1
960 1558 1
962 1028 1
962 1301 1
962 1704 1
963 1570 1
963 1634 1
964 1660 1
965 1115 1
965 1186 1
967 1186 1
967 1290 1
967 1468 1
967 1519 1
967 1665 1
967 1790 1
968 1335 1
968 1337 1
968 1453 1
969 1739 1
969 1783 1
970 1002 1
971 1073 1
971 1746 1
972 1208 1
972 1753 1
973 977 1
973 1225 1
974 1132 1
974 1181 1
974 1761 1
975 1331 1
976 1535 1
976 1744 1
976 1770 1
977 1079 1
977 1242 1
977 1286 1
977 1495 1
979 1240 1
980 1778 1
981 1181 1
982 1030 1
982 1487 1
983 988 1
984 1107 1
984 1563 1
985 1269 1
985 1767 1
986 1650 1
987 1029 1
987 1172 1
987 1465 1
988 1077 1
988 1399 1
988 1724 1
989 1299 1
989 1659 1
990 1122 1
990 1420 1
991 1569 1
992 1105 1
993 1449 1
993 1595 1
993 1672 1
994 1126 1
995 1560 1
996 1017 1
996 1450 1
996 1566 1
996 1624 1
996 1653 1
996 1788 1
997 1287 1
997 1577 1
1000 1310 1
1001 1425 1
1002 1150 1
1002 1260 1
1002 1433 1
1002 1728 1
1005 1482 1
1006 1237 1
1006 1318 1
1007 1522 1
1008 1224 1
1008 1368 1
1008 1385 1
1008 1430 1
1009 1340 1
1009 1401 1
1009 1633 1
1010 1800 1
1011 1228 1
1011 1682 1
1013 1190 1
1013 1777 1
1014 1072 1
1014 1458 1
1017 1022 1
1017 1085 1
1018 1061 1
1018 1254 1
1018 1521 1
1018 1536 1
1018 1661 1
1018 1718 1
1018 1729 1
1023 1120 1
1025 1128 1
1026 1098 1
1026 1461 1
1026 1621 1
1029 1126 1
1030 1057 1
1032 1236 1
1032 1791 1
1034 1167 1
1035 1631 1
1036 1360 1
1036 1741 1
1037 1127 1
1037 1395 1
1037 1736 1
1039 1586 1
1042 1053 1
1043 1682 1
1043 1725 1
1044 1326 1
1045 1182 1
1045 1500 1
1045 1668 1
1049 1125 1
1049 1412 1
1050 1084 1
1050 1088 1
1050 1503 1
1051 1381 1
1051 1402 1
1052 1704 1
1053 1650 1
1055 1159 1
1057 1550 1
1058 1365 1
1059 1550 1
1060 1204 1
1061 1289 1
1061 1682 1
1063 1201 1
1063 1241 1
1063 1405 1
1063 1424 1
1063 1501 1
1063 1592 1
1063 1662 1
1063 1742 1
1067 1457 1
1067 1726 1
1068 1399 1
1069 1624 1
1071 1399 1
1071 1433 1
1072 1355 1
1072 1579 1
1072 1728 1
1073 1148 1
1075 1556 1
1077 1213 1
1077 1268 1
1078 1616 1
1078 1706 1
1083 1610 1
1084 1236 1
1084 1584 1
1085 1403 1
1086 1162 1
1086 1383 1
1086 1760 1
1087 1362 1
1087 1546 1
1087 1709 1
1088 1221 1
1088 1353 1
1088 1366 1
1088 1529 1
1091 1096 1
1092 1265 1
1093 1235 1
1096 1283 1
1097 1273 1
1097 1473 1
1098 1551 1
1102 1145 1
1102 1244 1
1102 1288 1
1103 1387 1
1103 1714 1
1104 1637 1
1104 1715 1
1107 1418 1
1108 1319 1
1108 1715 1
1108 1721 1
1109 1185 1
1109 1199 1
1111 1431 1
1111 1509 1
1112 1331 1
1112 1554 1
1113 1175 1
1113 1612 1
1114 1205 1
1114 1614 1
1115 1767 1
1116 1519 1
1120 1518 1
1120 1749 1
1122 1374 1
1122 1647 1
1124 1565 1
1126 1279 1
1126 1605 1
1128 1275 1
1128 1673 1
1129 1332 1
1130 1371 1
1130 1428 1
1130 1695 1
1132 1169 1
1132 1499 1
1134 1153 1
1139 1535 1
1139 1633 1
1141 1500 1
1141 1723 1
1142 1659 1
1145 1199 1
1145 1307 1
1145 1315 1
1145 1419 1
1145 1503 1
1146 1167 1
1146 1247 1
1146 1347 1
1146 1717 1
1146 1725 1
1147 1291 1
1148 1185 1
1148 1442 1
1149 1220 1
1154 1598 1
1157 1220 1
1157 1491 1
1158 1525 1
1159 1336 1
1160 1258 1
1160 1544 1
1160 1691 1
1161 1539 1
1162 1185 1
1164 1316 1
1164 1756 1
1165 1363 1
1165 1467 1
1165 1658 1
1166 1426 1
1166 1692 1
1167 1248 1
1167 1449 1
1167 1456 1
1168 1341 1
1169 1272 1
1173 1256 1
1173 1665 1
1176 1504 1
1176 1618 1
1177 1771 1
1177 1787 1
1179 1298 1
1179 1322 1
1179 1598 1
1182 1417 1
1182 1538 1
1183 1439 1
1184 1231 1
1185 1330 1
1186 1310 1
1189 1333 1
1190 1754 1
1191 1511 1
1193 1668 1
1195 1636 1
1196 1560 1
1198 1446 1
1200 1674 1
1201 1681 1
1211 1736 1
1212 1309 1
1212 1324 1
1213 1232 1
1213 1276 1
1213 1523 1
1215 1306 1
1215 1387 1
1216 1368 1
1217 1278 1
1217 1364 1
1217 1644 1
1221 1441 1
1221 1625 1
1222 1255 1
1222 1641 1
1223 1320 1
1224 1337 1
1225 1352 1
1225 1708 1
1226 1238 1
1228 1565 1
1232 1541 1
1233 1346 1
1233 1751 1
1235 1717 1
1237 1492 1
1238 1363 1
1238 1375 1
1238 1401 1
1238 1481 1
1238 1485 1
1238 1535 1
1238 1569 1
1240 1524 1
1240 1763 1
1241 1480 1
1241 1484 1
1243 1410 1
1243 1591 1
1245 1337 1
1247 1291 1
1247 1336 1
1247 1553 1
1249 1413 1
1249 1543 1
1250 1436 1
1251 1607 1
1251 1729 1
1254 1359 1
1254 1540 1
1254 1722 1
1260 1742 1
1261 1790 1
1263 1763 1
1264 1794 1
1268 1295 1
1268 1599 1
1273 1469 1
1274 1375 1
1278 1305 1
1279 1305 1
1279 1448 1
1279 1522 1
1279 1596 1
1281 1379 1
1281 1518 1
1288 1352 1
1289 1748 1
1290 1486 1
1291 1617 1
1291 1676 1
1294 1456 1
1294 1516 1
1295 1372 1
1295 1553 1
1295 1738 1
1296 1329 1
1296 1654 1
1298 1748 1
1301 1498 1
1301 1527 1
1302 1569 1
1303 1657 1
1304 1311 1
1305 1528 1
1307 1384 1
1307 1563 1
1308 1611 1
1311 1391 1
1311 1677 1
1316 1553 1
1317 1438 1
1317 1664 1
1319 1524 1
1319 1626 1
1320 1556 1
1322 1466 1
1324 1332 1
1324 1436 1
1324 1516 1
1328 1739 1
1330 1747 1
1331 1432 1
1334 1534 1
1334 1768 1
1335 1564 1
1335 1697 1
1342 1462 1
1343 1711 1
1347 1555 1
1348 1538 1
1351 1681 1
1351 1765 1
1351 1781 1
1352 1463 1
1357 1444 1
1357 1621 1
1357 1760 1
1359 1386 1
1361 1365 1
1361 1455 1
1361 1539 1
1362 1461 1
1362 1580 1
1363 1551 1
1364 1552 1
1365 1800 1
1374 1693 1
1376 1425 1
1377 1632 1
1379 1716 1
1379 1719 1
1380 1473 1
1380 1606 1
1381 1525 1
1383 1691 1
1383 1695 1
1383 1798 1
1386 1725 1
1389 1762 1
1389 1796 1
1392 1658 1
1392 1700 1
1397 1417 1
1398 1777 1
1401 1567 1
1402 1460 1
1405 1506 1
1407 1604 1
1408 1750 1
1409 1580 1
1409 1786 1
1410 1620 1
1410 1735 1
1411 1687 1
1415 1462 1
1417 1526 1
1417 1593 1
1419 1513 1
1426 1490 1
1426 1590 1
1433 1788 1
1436 1546 1
1440 1465 1
1441 1745 1
1442 1508 1
1443 1533 1
1445 1541 1
1448 1508 1
1448 1675 1
1450 1639 1
1451 1587 1
1451 1759 1
1453 1697 1
1455 1692 1
1456 1742 1
1458 1657 1
1463 1493 1
1466 1623 1
1473 1491 1
1479 1572 1
1480 1511 1
1480 1753 1
1480 1774 1
1481 1537 1
1487 1633 1
1488 1502 1
1489 1543 1
1490 1668 1
1491 1621 1
1491 1769 1
1492 1574 1
1496 1602 1
1506 1702 1
1510 1728 1
1512 1726 1
1513 1643 1
1520 1615 1
1522 1601 1
1522 1628 1
1523 1784 1
1527 1593 1
1527 1629 1
1536 1561 1
1538 1597 1
1538 1648 1
1539 1793 1
1541 1786 1
1543 1679 1
1544 1689 1
1545 1642 1
1550 1785 1
1555 1577 1
1556 1759 1
1557 1637 1
1558 1576 1
1560 1626 1
1566 1756 1
1568 1655 1
1577 1732 1
1580 1700 1
1582 1623 1
1586 1772 1
1595 1683 1
1596 1750 1
1597 1652 1
1598 1689 1
1600 1752 1
1613 1702 1
1613 1715 1
1616 1776 1
1618 1799 1
1619 1660 1
1635 1657 1
1635 1726 1
1638 1719 1
1644 1694 1
1644 1798 1
1657 1693 1
1662 1663 1
1673 1705 1
1680 1770 1
1704 1772 1
1735 1779 1
1741 1799 1
1746 1789 1
1760 1793 1
1770 1792 1
