1000 3984 
1 2 1
1 3 1
1 4 1
1 5 1
1 6 1
1 7 1
1 8 1
1 10 1
1 12 1
1 13 1
1 15 1
1 18 1
1 24 1
1 28 1
1 29 1
1 38 1
1 45 1
1 49 1
1 50 1
1 51 1
1 77 1
1 81 1
1 83 1
1 93 1
1 96 1
1 98 1
1 104 1
1 107 1
1 108 1
1 113 1
1 129 1
1 131 1
1 139 1
1 152 1
1 159 1
1 183 1
1 189 1
1 195 1
1 202 1
1 238 1
1 241 1
1 262 1
1 267 1
1 280 1
1 296 1
1 314 1
1 339 1
1 386 1
1 387 1
1 411 1
1 435 1
1 439 1
1 440 1
1 452 1
1 454 1
1 458 1
1 510 1
1 523 1
1 536 1
1 567 1
1 594 1
1 601 1
1 602 1
1 615 1
1 622 1
1 624 1
1 629 1
1 632 1
1 633 1
1 669 1
1 670 1
1 699 1
1 722 1
1 736 1
1 791 1
1 831 1
1 843 1
1 849 1
1 854 1
1 865 1
1 872 1
1 878 1
1 895 1
1 902 1
1 921 1
1 943 1
1 960 1
1 961 1
1 973 1
2 6 1
2 7 1
2 14 1
2 15 1
2 17 1
2 18 1
2 23 1
2 30 1
2 33 1
2 35 1
2 37 1
2 39 1
2 42 1
2 51 1
2 52 1
2 60 1
2 62 1
2 64 1
2 71 1
2 79 1
2 80 1
2 97 1
2 111 1
2 113 1
2 136 1
2 148 1
2 155 1
2 164 1
2 216 1
2 220 1
2 226 1
2 237 1
2 252 1
2 313 1
2 327 1
2 368 1
2 383 1
2 384 1
2 391 1
2 428 1
2 431 1
2 442 1
2 495 1
2 505 1
2 573 1
2 576 1
2 646 1
2 660 1
2 672 1
2 682 1
2 683 1
2 684 1
2 778 1
2 796 1
2 806 1
2 828 1
2 832 1
2 842 1
2 870 1
2 888 1
2 936 1
2 954 1
2 964 1
2 966 1
2 971 1
3 6 1
3 7 1
3 8 1
3 14 1
3 23 1
3 27 1
3 30 1
3 32 1
3 33 1
3 34 1
3 35 1
3 40 1
3 51 1
3 59 1
3 69 1
3 93 1
3 99 1
3 120 1
3 124 1
3 158 1
3 188 1
3 211 1
3 239 1
3 286 1
3 298 1
3 309 1
3 323 1
3 333 1
3 346 1
3 357 1
3 414 1
3 442 1
3 449 1
3 473 1
3 499 1
3 509 1
3 546 1
3 568 1
3 611 1
3 730 1
3 744 1
3 803 1
3 876 1
3 909 1
3 935 1
4 6 1
4 10 1
4 11 1
4 17 1
4 20 1
4 22 1
4 23 1
4 30 1
4 36 1
4 39 1
4 47 1
4 50 1
4 53 1
4 54 1
4 56 1
4 61 1
4 84 1
4 90 1
4 119 1
4 127 1
4 184 1
4 194 1
4 195 1
4 198 1
4 201 1
4 218 1
4 224 1
4 252 1
4 273 1
4 274 1
4 275 1
4 286 1
4 295 1
4 302 1
4 328 1
4 371 1
4 383 1
4 392 1
4 406 1
4 422 1
4 442 1
4 447 1
4 461 1
4 493 1
4 518 1
4 543 1
4 563 1
4 598 1
4 618 1
4 621 1
4 657 1
4 662 1
4 713 1
4 734 1
4 775 1
4 804 1
4 831 1
4 847 1
4 888 1
4 889 1
4 893 1
4 894 1
4 932 1
4 967 1
4 978 1
4 990 1
5 8 1
5 9 1
5 22 1
5 47 1
5 61 1
5 102 1
5 177 1
5 263 1
5 276 1
5 472 1
5 507 1
5 528 1
5 549 1
5 581 1
5 584 1
5 604 1
5 862 1
5 896 1
5 963 1
6 7 1
6 9 1
6 11 1
6 12 1
6 15 1
6 19 1
6 24 1
6 26 1
6 27 1
6 28 1
6 31 1
6 58 1
6 87 1
6 88 1
6 106 1
6 118 1
6 137 1
6 143 1
6 168 1
6 177 1
6 183 1
6 196 1
6 197 1
6 228 1
6 229 1
6 249 1
6 302 1
6 311 1
6 321 1
6 353 1
6 361 1
6 398 1
6 489 1
6 504 1
6 511 1
6 545 1
6 549 1
6 559 1
6 623 1
6 627 1
6 632 1
6 686 1
6 693 1
6 728 1
6 743 1
6 766 1
6 788 1
6 858 1
6 860 1
6 873 1
6 924 1
6 940 1
6 949 1
6 973 1
7 8 1
7 9 1
7 10 1
7 11 1
7 12 1
7 13 1
7 14 1
7 18 1
7 19 1
7 20 1
7 21 1
7 25 1
7 36 1
7 40 1
7 45 1
7 46 1
7 48 1
7 53 1
7 57 1
7 59 1
7 60 1
7 61 1
7 67 1
7 68 1
7 71 1
7 74 1
7 93 1
7 109 1
7 110 1
7 116 1
7 121 1
7 124 1
7 126 1
7 130 1
7 140 1
7 141 1
7 159 1
7 169 1
7 172 1
7 182 1
7 185 1
7 196 1
7 213 1
7 215 1
7 222 1
7 232 1
7 235 1
7 241 1
7 245 1
7 255 1
7 260 1
7 263 1
7 276 1
7 277 1
7 283 1
7 287 1
7 302 1
7 306 1
7 309 1
7 322 1
7 324 1
7 328 1
7 354 1
7 368 1
7 386 1
7 388 1
7 400 1
7 426 1
7 437 1
7 439 1
7 446 1
7 479 1
7 486 1
7 497 1
7 503 1
7 506 1
7 507 1
7 513 1
7 536 1
7 542 1
7 554 1
7 564 1
7 569 1
7 573 1
7 583 1
7 585 1
7 643 1
7 648 1
7 655 1
7 657 1
7 660 1
7 690 1
7 696 1
7 699 1
7 709 1
7 713 1
7 717 1
7 718 1
7 728 1
7 731 1
7 748 1
7 749 1
7 763 1
7 777 1
7 780 1
7 797 1
7 805 1
7 835 1
7 850 1
7 869 1
7 875 1
7 884 1
7 891 1
7 913 1
7 919 1
7 935 1
7 939 1
7 964 1
7 986 1
7 997 1
7 1000 1
8 9 1
8 13 1
8 14 1
8 16 1
8 29 1
8 32 1
8 46 1
8 56 1
8 104 1
8 130 1
8 131 1
8 133 1
8 136 1
8 142 1
8 150 1
8 157 1
8 176 1
8 190 1
8 203 1
8 288 1
8 338 1
8 360 1
8 365 1
8 381 1
8 403 1
8 419 1
8 460 1
8 477 1
8 492 1
8 538 1
8 548 1
8 602 1
8 608 1
8 616 1
8 617 1
8 631 1
8 643 1
8 652 1
8 671 1
8 706 1
8 719 1
8 763 1
8 798 1
8 862 1
8 918 1
9 10 1
9 11 1
9 12 1
9 13 1
9 16 1
9 24 1
9 25 1
9 28 1
9 48 1
9 74 1
9 75 1
9 110 1
9 123 1
9 124 1
9 132 1
9 147 1
9 166 1
9 167 1
9 174 1
9 188 1
9 191 1
9 192 1
9 214 1
9 236 1
9 255 1
9 265 1
9 279 1
9 326 1
9 338 1
9 342 1
9 370 1
9 397 1
9 415 1
9 425 1
9 430 1
9 437 1
9 467 1
9 495 1
9 524 1
9 567 1
9 575 1
9 592 1
9 607 1
9 661 1
9 690 1
9 697 1
9 745 1
9 752 1
9 764 1
9 794 1
9 796 1
9 817 1
9 847 1
9 953 1
9 989 1
10 24 1
10 34 1
10 43 1
10 57 1
10 58 1
10 59 1
10 65 1
10 69 1
10 87 1
10 117 1
10 143 1
10 160 1
10 231 1
10 310 1
10 325 1
10 344 1
10 346 1
10 357 1
10 416 1
10 471 1
10 681 1
10 772 1
10 895 1
10 937 1
11 15 1
11 21 1
11 27 1
11 42 1
11 48 1
11 70 1
11 71 1
11 73 1
11 78 1
11 88 1
11 89 1
11 98 1
11 128 1
11 139 1
11 147 1
11 149 1
11 150 1
11 160 1
11 161 1
11 217 1
11 219 1
11 233 1
11 239 1
11 261 1
11 272 1
11 296 1
11 303 1
11 304 1
11 309 1
11 326 1
11 410 1
11 443 1
11 460 1
11 492 1
11 500 1
11 541 1
11 565 1
11 570 1
11 571 1
11 631 1
11 650 1
11 653 1
11 692 1
11 770 1
11 787 1
11 812 1
11 848 1
11 945 1
11 962 1
11 966 1
11 977 1
11 997 1
12 41 1
12 51 1
12 52 1
12 53 1
12 89 1
12 101 1
12 122 1
12 129 1
12 142 1
12 173 1
12 180 1
12 200 1
12 249 1
12 261 1
12 287 1
12 316 1
12 323 1
12 330 1
12 353 1
12 417 1
12 452 1
12 475 1
12 574 1
12 587 1
12 620 1
12 640 1
12 667 1
12 697 1
12 756 1
12 770 1
12 811 1
12 812 1
12 868 1
12 872 1
12 946 1
13 16 1
13 17 1
13 23 1
13 25 1
13 34 1
13 35 1
13 39 1
13 50 1
13 65 1
13 73 1
13 95 1
13 96 1
13 102 1
13 109 1
13 201 1
13 209 1
13 221 1
13 222 1
13 243 1
13 294 1
13 307 1
13 313 1
13 341 1
13 346 1
13 402 1
13 403 1
13 411 1
13 420 1
13 426 1
13 432 1
13 452 1
13 470 1
13 505 1
13 571 1
13 699 1
13 726 1
13 727 1
13 781 1
13 814 1
13 845 1
13 864 1
13 881 1
13 905 1
13 910 1
13 911 1
13 930 1
13 951 1
14 18 1
14 21 1
14 28 1
14 41 1
14 45 1
14 77 1
14 83 1
14 85 1
14 90 1
14 98 1
14 132 1
14 151 1
14 179 1
14 208 1
14 225 1
14 249 1
14 256 1
14 289 1
14 292 1
14 304 1
14 312 1
14 315 1
14 354 1
14 358 1
14 366 1
14 482 1
14 552 1
14 648 1
14 651 1
14 659 1
14 748 1
14 779 1
14 789 1
14 838 1
14 883 1
14 919 1
14 946 1
15 16 1
15 22 1
15 26 1
15 37 1
15 46 1
15 63 1
15 133 1
15 150 1
15 180 1
15 212 1
15 244 1
15 326 1
15 366 1
15 388 1
15 471 1
15 490 1
15 503 1
15 524 1
15 639 1
15 874 1
15 920 1
15 923 1
15 994 1
16 17 1
16 22 1
16 34 1
16 40 1
16 43 1
16 58 1
16 72 1
16 77 1
16 110 1
16 112 1
16 144 1
16 145 1
16 147 1
16 160 1
16 170 1
16 203 1
16 206 1
16 226 1
16 248 1
16 257 1
16 293 1
16 324 1
16 338 1
16 369 1
16 378 1
16 396 1
16 424 1
16 557 1
16 676 1
16 687 1
16 690 1
16 820 1
17 19 1
17 20 1
17 30 1
17 35 1
17 37 1
17 41 1
17 44 1
17 63 1
17 65 1
17 75 1
17 96 1
17 111 1
17 112 1
17 161 1
17 173 1
17 176 1
17 184 1
17 240 1
17 275 1
17 279 1
17 281 1
17 288 1
17 304 1
17 343 1
17 385 1
17 391 1
17 408 1
17 439 1
17 450 1
17 510 1
17 523 1
17 599 1
17 632 1
17 656 1
17 714 1
17 740 1
17 769 1
17 791 1
17 956 1
17 965 1
17 970 1
18 19 1
18 20 1
18 27 1
18 36 1
18 38 1
18 39 1
18 91 1
18 111 1
18 117 1
18 119 1
18 125 1
18 131 1
18 133 1
18 153 1
18 157 1
18 159 1
18 210 1
18 224 1
18 234 1
18 246 1
18 265 1
18 268 1
18 317 1
18 354 1
18 381 1
18 383 1
18 390 1
18 396 1
18 401 1
18 434 1
18 463 1
18 483 1
18 556 1
18 562 1
18 677 1
18 707 1
18 722 1
18 752 1
18 799 1
18 892 1
18 894 1
18 965 1
18 996 1
19 29 1
19 40 1
19 42 1
19 60 1
19 88 1
19 117 1
19 129 1
19 153 1
19 162 1
19 168 1
19 196 1
19 253 1
19 262 1
19 280 1
19 307 1
19 321 1
19 363 1
19 387 1
19 390 1
19 400 1
19 410 1
19 453 1
19 475 1
19 604 1
19 624 1
19 672 1
19 791 1
19 803 1
19 844 1
19 846 1
19 886 1
19 901 1
19 905 1
19 981 1
20 21 1
20 25 1
20 31 1
20 41 1
20 46 1
20 60 1
20 76 1
20 95 1
20 103 1
20 115 1
20 141 1
20 165 1
20 167 1
20 170 1
20 186 1
20 200 1
20 239 1
20 265 1
20 417 1
20 445 1
20 473 1
20 544 1
20 552 1
20 635 1
20 673 1
20 719 1
20 813 1
20 897 1
20 921 1
21 26 1
21 31 1
21 44 1
21 45 1
21 55 1
21 66 1
21 73 1
21 108 1
21 166 1
21 181 1
21 186 1
21 188 1
21 200 1
21 212 1
21 220 1
21 244 1
21 257 1
21 260 1
21 266 1
21 378 1
21 387 1
21 398 1
21 414 1
21 476 1
21 479 1
21 570 1
21 639 1
21 673 1
21 729 1
21 745 1
21 748 1
21 769 1
21 792 1
21 803 1
21 831 1
21 859 1
21 931 1
22 29 1
22 33 1
22 44 1
22 56 1
22 62 1
22 64 1
22 82 1
22 87 1
22 103 1
22 134 1
22 144 1
22 187 1
22 190 1
22 213 1
22 224 1
22 234 1
22 236 1
22 257 1
22 262 1
22 272 1
22 320 1
22 336 1
22 380 1
22 384 1
22 395 1
22 427 1
22 450 1
22 495 1
22 517 1
22 558 1
22 571 1
22 588 1
22 593 1
22 623 1
22 658 1
22 661 1
22 688 1
22 829 1
22 908 1
22 938 1
22 984 1
22 987 1
22 998 1
23 38 1
23 144 1
23 628 1
24 32 1
24 52 1
24 445 1
24 470 1
24 473 1
24 693 1
25 26 1
25 42 1
25 63 1
25 64 1
25 99 1
25 100 1
25 114 1
25 128 1
25 130 1
25 173 1
25 176 1
25 223 1
25 224 1
25 226 1
25 230 1
25 235 1
25 282 1
25 314 1
25 325 1
25 341 1
25 358 1
25 359 1
25 374 1
25 392 1
25 421 1
25 491 1
25 517 1
25 518 1
25 531 1
25 611 1
25 616 1
25 640 1
25 699 1
25 767 1
25 897 1
25 944 1
25 963 1
25 964 1
26 32 1
26 43 1
26 54 1
26 68 1
26 74 1
26 78 1
26 100 1
26 125 1
26 308 1
26 355 1
26 362 1
26 374 1
26 494 1
26 497 1
26 795 1
26 920 1
27 106 1
27 186 1
27 227 1
27 270 1
27 421 1
27 456 1
27 491 1
27 783 1
28 37 1
28 62 1
28 76 1
28 83 1
28 86 1
28 100 1
28 104 1
28 123 1
28 142 1
28 172 1
28 264 1
28 409 1
28 509 1
28 549 1
28 641 1
28 741 1
28 749 1
29 33 1
29 57 1
29 62 1
29 67 1
29 73 1
29 116 1
29 135 1
29 214 1
29 311 1
29 451 1
29 721 1
29 804 1
29 834 1
29 856 1
29 917 1
30 31 1
30 61 1
30 99 1
30 114 1
30 289 1
30 526 1
30 647 1
30 739 1
30 826 1
30 855 1
30 973 1
31 36 1
31 38 1
31 49 1
31 53 1
31 67 1
31 74 1
31 80 1
31 81 1
31 83 1
31 101 1
31 177 1
31 185 1
31 199 1
31 203 1
31 204 1
31 303 1
31 317 1
31 348 1
31 402 1
31 405 1
31 447 1
31 494 1
31 530 1
31 668 1
31 697 1
31 821 1
31 859 1
31 866 1
31 875 1
31 902 1
31 949 1
31 998 1
32 49 1
32 55 1
32 79 1
32 96 1
32 114 1
32 134 1
32 145 1
32 181 1
32 194 1
32 205 1
32 207 1
32 267 1
32 344 1
32 355 1
32 362 1
32 412 1
32 487 1
32 491 1
32 493 1
32 589 1
32 615 1
32 673 1
32 685 1
32 747 1
32 795 1
32 883 1
33 49 1
33 231 1
33 684 1
33 853 1
33 929 1
34 93 1
34 94 1
34 157 1
34 317 1
34 373 1
35 47 1
35 121 1
35 154 1
35 165 1
35 199 1
35 245 1
35 279 1
35 292 1
35 316 1
35 401 1
35 443 1
35 496 1
35 814 1
35 832 1
35 927 1
36 54 1
36 76 1
36 98 1
36 115 1
36 145 1
36 178 1
36 183 1
36 379 1
36 398 1
36 409 1
36 415 1
36 438 1
36 444 1
36 449 1
36 466 1
36 467 1
36 472 1
36 573 1
36 595 1
36 609 1
36 633 1
36 649 1
36 662 1
36 692 1
36 745 1
37 44 1
37 56 1
37 70 1
37 81 1
37 82 1
37 100 1
37 138 1
37 287 1
37 382 1
37 393 1
37 776 1
37 917 1
37 942 1
38 50 1
38 107 1
38 135 1
38 171 1
38 221 1
38 269 1
38 455 1
38 500 1
38 560 1
38 607 1
38 809 1
38 1000 1
39 43 1
39 52 1
39 54 1
39 95 1
39 222 1
39 228 1
39 278 1
39 294 1
39 352 1
39 396 1
39 411 1
39 443 1
39 601 1
39 660 1
39 680 1
39 835 1
40 141 1
40 193 1
40 371 1
40 380 1
40 399 1
40 478 1
40 615 1
40 680 1
40 730 1
40 922 1
40 948 1
41 76 1
41 112 1
41 161 1
41 177 1
41 203 1
41 223 1
41 254 1
41 350 1
41 447 1
41 485 1
41 534 1
41 819 1
42 66 1
42 82 1
42 149 1
42 175 1
42 185 1
42 193 1
42 270 1
42 331 1
42 349 1
42 409 1
42 494 1
42 521 1
42 590 1
42 706 1
42 922 1
42 933 1
42 958 1
43 47 1
43 70 1
43 106 1
43 127 1
43 154 1
43 171 1
43 238 1
43 864 1
43 925 1
43 962 1
44 67 1
44 127 1
44 154 1
44 164 1
44 212 1
44 227 1
44 393 1
44 406 1
44 435 1
44 447 1
44 454 1
44 470 1
44 501 1
44 606 1
44 639 1
44 650 1
44 774 1
44 793 1
44 830 1
45 48 1
45 65 1
45 102 1
45 128 1
45 255 1
45 274 1
45 351 1
45 517 1
45 519 1
45 572 1
45 700 1
45 852 1
46 72 1
46 149 1
46 243 1
46 247 1
46 303 1
46 335 1
46 422 1
46 532 1
46 576 1
46 590 1
46 734 1
46 765 1
46 784 1
46 969 1
47 69 1
47 142 1
47 169 1
47 247 1
47 328 1
47 338 1
47 412 1
47 420 1
47 525 1
47 533 1
47 547 1
47 685 1
47 702 1
47 720 1
47 733 1
47 789 1
47 796 1
47 854 1
48 55 1
48 209 1
48 222 1
48 266 1
48 326 1
48 445 1
48 451 1
48 521 1
48 569 1
48 580 1
48 825 1
48 916 1
48 995 1
49 55 1
49 58 1
49 75 1
49 77 1
49 79 1
49 85 1
49 91 1
49 105 1
49 109 1
49 111 1
49 122 1
49 152 1
49 162 1
49 179 1
49 213 1
49 215 1
49 220 1
49 259 1
49 294 1
49 297 1
49 322 1
49 330 1
49 471 1
49 502 1
49 567 1
49 568 1
49 622 1
49 650 1
49 658 1
49 696 1
49 702 1
49 790 1
49 838 1
49 934 1
49 935 1
49 945 1
50 110 1
50 138 1
50 217 1
50 364 1
50 495 1
50 661 1
50 674 1
51 152 1
51 168 1
51 286 1
51 394 1
51 448 1
51 477 1
51 540 1
51 564 1
52 63 1
52 68 1
52 165 1
52 202 1
52 207 1
52 227 1
52 271 1
52 272 1
52 285 1
52 299 1
52 315 1
52 355 1
52 427 1
52 507 1
52 714 1
52 931 1
52 969 1
53 140 1
53 162 1
53 192 1
53 315 1
53 346 1
53 405 1
53 478 1
53 522 1
53 833 1
53 861 1
54 68 1
54 69 1
54 85 1
54 94 1
54 113 1
54 123 1
54 204 1
54 205 1
54 208 1
54 320 1
54 364 1
54 377 1
54 379 1
54 418 1
54 441 1
54 445 1
54 457 1
54 535 1
54 558 1
54 591 1
54 596 1
54 605 1
54 623 1
54 628 1
54 629 1
54 642 1
54 785 1
55 80 1
55 87 1
55 91 1
55 245 1
55 449 1
55 664 1
55 953 1
55 999 1
56 57 1
56 59 1
56 84 1
56 86 1
56 103 1
56 120 1
56 146 1
56 173 1
56 217 1
56 223 1
56 232 1
56 252 1
56 281 1
56 297 1
56 303 1
56 311 1
56 387 1
56 438 1
56 516 1
56 552 1
56 572 1
56 580 1
56 603 1
56 611 1
56 614 1
56 617 1
56 628 1
56 703 1
56 707 1
56 815 1
56 821 1
56 900 1
56 919 1
56 923 1
56 948 1
56 955 1
56 968 1
57 80 1
57 205 1
57 218 1
57 578 1
57 691 1
57 855 1
57 876 1
57 978 1
58 66 1
58 75 1
58 101 1
58 108 1
58 117 1
58 125 1
58 126 1
58 132 1
58 156 1
58 169 1
58 226 1
58 230 1
58 290 1
58 323 1
58 330 1
58 334 1
58 369 1
58 403 1
58 404 1
58 415 1
58 464 1
58 492 1
58 546 1
58 551 1
58 565 1
58 584 1
58 599 1
58 607 1
58 633 1
58 646 1
58 663 1
58 683 1
58 693 1
58 703 1
58 704 1
58 783 1
58 824 1
58 835 1
58 841 1
58 872 1
58 877 1
58 894 1
58 904 1
58 912 1
58 930 1
58 934 1
59 66 1
59 79 1
59 101 1
59 175 1
59 188 1
59 232 1
59 282 1
59 284 1
59 312 1
59 339 1
59 351 1
59 376 1
59 378 1
59 488 1
59 514 1
59 536 1
59 586 1
59 608 1
59 638 1
59 653 1
59 764 1
59 780 1
59 845 1
59 898 1
59 942 1
60 64 1
60 90 1
60 102 1
60 148 1
60 163 1
60 207 1
60 278 1
60 284 1
60 286 1
60 288 1
60 305 1
60 351 1
60 425 1
60 625 1
60 638 1
60 870 1
61 72 1
61 135 1
61 164 1
61 373 1
61 554 1
61 587 1
62 78 1
62 155 1
62 163 1
62 539 1
62 793 1
62 909 1
62 911 1
63 107 1
63 116 1
63 265 1
63 322 1
63 441 1
63 482 1
63 506 1
64 72 1
64 159 1
64 486 1
64 543 1
64 630 1
64 796 1
65 124 1
65 175 1
65 258 1
65 301 1
65 375 1
65 717 1
65 809 1
66 120 1
66 202 1
66 247 1
66 295 1
66 364 1
66 379 1
66 520 1
66 534 1
66 574 1
66 724 1
66 902 1
67 71 1
67 95 1
67 132 1
67 194 1
67 232 1
67 365 1
67 764 1
68 70 1
68 92 1
68 162 1
68 172 1
68 178 1
68 182 1
68 216 1
68 234 1
68 235 1
68 256 1
68 291 1
68 334 1
68 350 1
68 356 1
68 376 1
68 383 1
68 522 1
68 610 1
68 613 1
68 627 1
68 675 1
68 679 1
68 725 1
68 738 1
68 801 1
68 802 1
68 841 1
68 926 1
68 954 1
68 968 1
68 985 1
69 81 1
69 84 1
69 116 1
69 127 1
69 161 1
69 192 1
69 395 1
69 677 1
70 82 1
70 94 1
70 264 1
70 459 1
70 508 1
70 599 1
70 707 1
70 743 1
71 78 1
71 88 1
71 104 1
71 106 1
71 119 1
71 160 1
71 313 1
71 360 1
71 363 1
71 406 1
71 418 1
71 455 1
71 460 1
71 474 1
71 612 1
71 708 1
71 724 1
71 765 1
71 820 1
71 893 1
71 903 1
71 974 1
72 85 1
72 92 1
72 278 1
72 331 1
72 482 1
72 520 1
72 525 1
72 553 1
72 576 1
72 742 1
72 991 1
73 89 1
73 92 1
73 129 1
73 151 1
73 190 1
73 220 1
73 240 1
73 246 1
73 284 1
73 290 1
73 413 1
73 423 1
73 467 1
73 724 1
73 771 1
73 781 1
73 899 1
73 967 1
73 998 1
74 97 1
74 137 1
74 266 1
74 340 1
74 347 1
74 437 1
74 528 1
74 849 1
74 898 1
74 923 1
75 97 1
75 114 1
75 241 1
75 308 1
75 340 1
75 349 1
75 397 1
75 483 1
75 491 1
75 561 1
75 812 1
76 84 1
76 92 1
76 140 1
76 260 1
76 269 1
76 307 1
76 316 1
76 586 1
76 641 1
76 715 1
76 836 1
76 886 1
77 86 1
77 99 1
77 122 1
77 145 1
77 210 1
77 268 1
77 356 1
77 405 1
77 502 1
77 523 1
77 665 1
77 767 1
77 810 1
77 834 1
77 856 1
77 885 1
77 981 1
78 121 1
78 163 1
78 230 1
78 280 1
78 304 1
78 332 1
78 367 1
78 582 1
78 603 1
78 797 1
78 819 1
78 821 1
78 832 1
79 134 1
79 158 1
79 219 1
79 251 1
79 267 1
79 371 1
79 429 1
79 480 1
79 610 1
79 976 1
80 151 1
80 285 1
80 463 1
80 529 1
80 701 1
80 848 1
80 917 1
80 920 1
80 927 1
81 91 1
81 167 1
81 192 1
81 270 1
81 281 1
81 294 1
81 409 1
81 432 1
81 450 1
81 454 1
81 481 1
81 562 1
81 598 1
81 791 1
81 843 1
81 863 1
81 919 1
81 962 1
82 151 1
82 180 1
82 291 1
82 795 1
82 888 1
83 321 1
83 391 1
83 433 1
83 498 1
83 515 1
83 522 1
83 579 1
83 588 1
83 795 1
83 898 1
83 982 1
84 86 1
84 94 1
84 242 1
84 289 1
84 349 1
84 550 1
84 775 1
84 790 1
84 847 1
84 894 1
85 89 1
85 293 1
85 377 1
85 459 1
85 474 1
85 694 1
86 90 1
86 112 1
86 119 1
86 138 1
86 155 1
86 211 1
86 225 1
86 236 1
86 314 1
86 367 1
86 428 1
86 472 1
86 600 1
86 712 1
86 723 1
86 766 1
86 861 1
86 881 1
87 109 1
87 154 1
87 245 1
87 284 1
87 298 1
87 323 1
87 366 1
87 384 1
87 436 1
87 733 1
88 636 1
88 799 1
89 136 1
89 558 1
90 141 1
90 146 1
90 251 1
90 279 1
90 340 1
90 343 1
90 401 1
90 416 1
90 431 1
90 441 1
90 543 1
90 637 1
90 918 1
91 97 1
91 108 1
91 126 1
91 136 1
91 153 1
91 176 1
91 182 1
91 271 1
91 404 1
91 444 1
91 754 1
91 786 1
91 804 1
91 808 1
91 904 1
91 968 1
92 340 1
92 632 1
92 762 1
92 937 1
92 989 1
93 123 1
93 368 1
93 412 1
93 687 1
93 832 1
93 837 1
93 915 1
93 918 1
94 138 1
94 197 1
94 484 1
94 509 1
94 670 1
95 692 1
95 852 1
96 105 1
96 115 1
96 196 1
96 270 1
96 319 1
96 366 1
96 959 1
97 130 1
97 155 1
97 157 1
97 171 1
97 302 1
97 402 1
97 429 1
97 432 1
97 504 1
97 873 1
97 879 1
97 900 1
97 921 1
97 945 1
98 118 1
98 185 1
98 206 1
98 758 1
98 830 1
98 908 1
99 105 1
99 166 1
99 193 1
99 630 1
99 741 1
99 979 1
100 120 1
100 187 1
100 216 1
100 234 1
100 385 1
100 440 1
100 977 1
101 103 1
101 170 1
101 204 1
101 243 1
101 363 1
101 567 1
101 588 1
101 675 1
101 682 1
101 787 1
102 105 1
102 107 1
102 147 1
102 784 1
103 125 1
103 126 1
103 153 1
103 359 1
103 372 1
104 174 1
104 261 1
104 299 1
104 480 1
104 702 1
104 856 1
105 118 1
105 175 1
105 204 1
105 274 1
105 343 1
105 506 1
105 950 1
106 148 1
106 248 1
106 301 1
106 410 1
106 530 1
106 532 1
106 778 1
107 113 1
107 146 1
107 163 1
107 195 1
107 273 1
107 347 1
107 472 1
107 513 1
108 218 1
108 240 1
109 143 1
109 178 1
109 238 1
109 429 1
109 929 1
110 168 1
110 257 1
110 654 1
110 656 1
110 755 1
110 773 1
110 903 1
111 171 1
111 209 1
111 400 1
112 215 1
112 230 1
112 268 1
112 490 1
112 545 1
112 709 1
112 812 1
113 115 1
113 121 1
113 122 1
113 206 1
113 259 1
113 293 1
113 343 1
113 417 1
113 487 1
113 488 1
113 511 1
113 617 1
113 666 1
113 727 1
113 888 1
113 941 1
113 993 1
114 128 1
114 258 1
114 264 1
114 352 1
114 462 1
114 666 1
114 743 1
114 805 1
115 208 1
115 252 1
115 263 1
115 312 1
115 362 1
115 457 1
115 480 1
115 585 1
115 671 1
115 683 1
115 846 1
115 924 1
115 984 1
116 139 1
116 144 1
116 209 1
116 253 1
116 377 1
116 480 1
116 636 1
116 692 1
116 854 1
116 882 1
116 908 1
117 118 1
117 182 1
117 453 1
117 469 1
117 732 1
117 761 1
118 152 1
118 213 1
118 214 1
118 233 1
118 580 1
118 600 1
118 619 1
118 651 1
118 735 1
118 744 1
118 829 1
118 965 1
119 137 1
119 158 1
119 269 1
119 292 1
119 295 1
119 616 1
119 689 1
119 777 1
119 840 1
120 137 1
120 139 1
120 187 1
120 229 1
120 250 1
120 255 1
120 344 1
120 549 1
120 634 1
120 666 1
120 737 1
120 815 1
121 146 1
121 165 1
121 178 1
121 325 1
121 561 1
121 819 1
122 134 1
122 194 1
122 299 1
122 381 1
122 440 1
122 571 1
122 732 1
122 951 1
122 983 1
123 140 1
123 189 1
123 197 1
123 198 1
123 254 1
123 295 1
123 297 1
123 318 1
123 423 1
123 424 1
123 509 1
123 604 1
123 638 1
123 718 1
123 729 1
123 730 1
123 771 1
123 815 1
123 855 1
123 876 1
123 901 1
124 550 1
124 609 1
124 957 1
125 133 1
125 199 1
125 205 1
125 210 1
125 229 1
125 336 1
125 359 1
125 389 1
125 433 1
125 464 1
125 481 1
125 510 1
125 601 1
125 620 1
125 642 1
125 735 1
125 857 1
126 150 1
126 241 1
126 463 1
126 577 1
126 579 1
126 596 1
126 641 1
126 966 1
127 190 1
127 198 1
127 219 1
127 420 1
127 423 1
127 435 1
127 570 1
127 572 1
127 605 1
127 625 1
127 677 1
127 691 1
127 843 1
127 916 1
127 952 1
128 164 1
128 167 1
128 174 1
128 248 1
128 334 1
128 765 1
128 799 1
128 969 1
129 339 1
129 349 1
129 499 1
129 539 1
129 840 1
129 959 1
130 131 1
130 135 1
130 353 1
130 762 1
130 846 1
130 959 1
131 179 1
131 198 1
131 201 1
131 233 1
131 307 1
131 308 1
131 434 1
131 514 1
131 649 1
131 657 1
131 732 1
131 953 1
131 969 1
132 143 1
132 156 1
132 214 1
132 247 1
132 276 1
132 337 1
132 350 1
132 382 1
132 397 1
132 451 1
132 505 1
132 559 1
132 728 1
132 751 1
132 774 1
132 779 1
132 877 1
132 985 1
133 148 1
133 184 1
133 197 1
133 415 1
133 500 1
133 679 1
133 739 1
133 987 1
134 228 1
134 882 1
135 156 1
135 216 1
135 242 1
135 268 1
135 290 1
135 345 1
135 420 1
135 507 1
135 591 1
135 593 1
136 199 1
136 239 1
136 375 1
136 433 1
136 464 1
136 513 1
136 665 1
136 676 1
136 850 1
137 187 1
137 212 1
137 228 1
137 351 1
137 414 1
137 512 1
137 513 1
137 515 1
137 826 1
137 885 1
138 759 1
138 864 1
138 953 1
139 967 1
139 992 1
140 231 1
140 236 1
140 264 1
140 293 1
140 327 1
140 341 1
140 475 1
140 725 1
140 750 1
140 884 1
140 892 1
141 235 1
141 248 1
141 272 1
141 431 1
141 458 1
142 180 1
142 186 1
142 262 1
142 334 1
142 461 1
142 576 1
142 746 1
142 979 1
143 179 1
143 595 1
143 757 1
144 156 1
144 193 1
144 459 1
144 592 1
144 668 1
144 716 1
144 737 1
145 242 1
145 375 1
145 575 1
145 626 1
146 158 1
146 229 1
146 277 1
146 296 1
146 329 1
146 497 1
146 521 1
146 668 1
146 756 1
147 149 1
147 170 1
147 191 1
147 195 1
147 210 1
147 261 1
147 282 1
147 356 1
147 412 1
147 439 1
147 527 1
147 652 1
147 694 1
147 742 1
147 808 1
148 184 1
148 331 1
148 408 1
149 316 1
149 339 1
149 365 1
149 589 1
149 603 1
149 629 1
149 633 1
149 808 1
149 845 1
149 885 1
150 169 1
150 424 1
150 457 1
151 466 1
151 478 1
152 477 1
152 691 1
152 704 1
152 931 1
153 392 1
153 470 1
153 786 1
153 873 1
154 202 1
154 372 1
155 191 1
155 219 1
155 347 1
155 393 1
155 401 1
155 746 1
156 419 1
157 288 1
157 715 1
158 174 1
158 348 1
158 374 1
158 659 1
158 951 1
159 543 1
159 606 1
159 957 1
160 191 1
160 201 1
160 283 1
160 285 1
160 481 1
160 594 1
160 709 1
160 780 1
160 926 1
161 189 1
161 225 1
161 240 1
161 332 1
161 379 1
161 515 1
161 548 1
161 844 1
161 956 1
162 166 1
162 211 1
162 347 1
162 574 1
162 629 1
162 631 1
162 744 1
162 769 1
162 824 1
162 979 1
163 181 1
163 292 1
163 555 1
163 604 1
163 642 1
163 701 1
163 817 1
163 859 1
163 906 1
164 183 1
164 361 1
164 514 1
164 912 1
165 296 1
166 258 1
166 419 1
167 181 1
167 207 1
167 250 1
167 266 1
167 485 1
167 556 1
168 189 1
168 233 1
168 583 1
168 589 1
169 251 1
169 278 1
169 282 1
169 290 1
169 319 1
169 399 1
169 455 1
169 464 1
169 597 1
169 686 1
169 691 1
169 713 1
169 763 1
169 782 1
169 861 1
170 172 1
170 300 1
171 215 1
171 242 1
171 298 1
171 511 1
171 706 1
171 833 1
171 922 1
172 280 1
172 496 1
172 605 1
172 626 1
172 826 1
173 237 1
173 250 1
173 352 1
173 355 1
173 375 1
173 399 1
173 827 1
174 411 1
174 512 1
174 787 1
175 200 1
175 249 1
175 358 1
175 824 1
175 963 1
175 979 1
176 298 1
176 408 1
176 493 1
176 719 1
176 927 1
177 231 1
177 254 1
177 395 1
177 402 1
177 912 1
178 246 1
178 849 1
179 291 1
179 333 1
179 648 1
179 784 1
179 854 1
180 225 1
180 335 1
180 492 1
180 547 1
181 634 1
182 841 1
183 246 1
183 390 1
183 462 1
183 733 1
184 250 1
184 563 1
184 591 1
185 352 1
185 669 1
185 839 1
185 896 1
186 336 1
186 664 1
186 758 1
186 814 1
187 253 1
187 259 1
187 260 1
187 836 1
187 899 1
187 952 1
188 251 1
188 254 1
188 283 1
188 300 1
188 319 1
188 526 1
188 732 1
188 793 1
188 828 1
188 916 1
189 271 1
189 336 1
189 345 1
189 386 1
189 555 1
189 618 1
189 634 1
189 688 1
189 772 1
189 789 1
190 206 1
190 360 1
190 578 1
190 588 1
190 606 1
191 353 1
191 365 1
191 436 1
191 777 1
191 801 1
191 917 1
192 253 1
192 301 1
193 208 1
193 211 1
193 237 1
193 258 1
193 373 1
193 440 1
193 536 1
193 609 1
193 687 1
193 711 1
194 419 1
194 430 1
195 342 1
196 361 1
196 371 1
196 416 1
196 468 1
196 474 1
196 762 1
197 362 1
197 425 1
197 562 1
197 913 1
197 962 1
198 227 1
198 263 1
198 325 1
198 521 1
198 716 1
198 850 1
198 890 1
199 394 1
199 517 1
199 535 1
199 637 1
199 834 1
200 276 1
200 324 1
200 407 1
200 426 1
200 456 1
200 644 1
200 822 1
200 906 1
201 274 1
201 625 1
201 757 1
201 996 1
202 414 1
202 700 1
202 950 1
203 256 1
203 301 1
203 327 1
203 537 1
203 690 1
203 708 1
205 312 1
205 460 1
205 654 1
205 674 1
205 807 1
205 913 1
206 221 1
206 238 1
206 364 1
206 598 1
206 709 1
206 729 1
206 769 1
207 221 1
207 332 1
207 372 1
208 223 1
208 314 1
208 461 1
208 550 1
208 852 1
208 946 1
209 333 1
209 350 1
209 643 1
209 680 1
209 848 1
209 952 1
210 218 1
211 378 1
212 217 1
212 388 1
212 404 1
213 291 1
213 318 1
213 320 1
213 932 1
214 400 1
215 782 1
216 386 1
216 546 1
216 747 1
216 912 1
217 328 1
217 516 1
217 537 1
217 561 1
217 622 1
217 688 1
217 711 1
217 816 1
217 947 1
218 287 1
218 376 1
218 957 1
219 551 1
220 331 1
220 417 1
220 816 1
220 858 1
221 597 1
221 678 1
221 708 1
221 724 1
221 727 1
221 745 1
221 807 1
221 989 1
222 372 1
222 657 1
222 773 1
223 335 1
223 369 1
223 762 1
224 309 1
224 348 1
224 438 1
224 520 1
224 768 1
224 792 1
224 823 1
224 960 1
225 319 1
225 499 1
225 508 1
225 531 1
225 664 1
225 734 1
225 914 1
226 244 1
226 271 1
226 342 1
226 390 1
226 518 1
226 559 1
226 776 1
226 902 1
227 407 1
227 794 1
227 828 1
227 880 1
228 939 1
228 945 1
229 243 1
229 259 1
229 484 1
229 508 1
229 565 1
229 650 1
229 870 1
229 991 1
230 535 1
231 273 1
231 982 1
231 988 1
232 553 1
232 892 1
233 237 1
233 244 1
233 310 1
233 363 1
233 800 1
233 805 1
234 300 1
234 327 1
234 389 1
234 527 1
234 545 1
234 575 1
234 771 1
234 865 1
235 283 1
235 305 1
235 404 1
235 550 1
235 640 1
235 702 1
235 723 1
235 846 1
235 881 1
235 907 1
235 910 1
235 983 1
236 337 1
236 487 1
236 618 1
237 655 1
237 861 1
237 882 1
237 905 1
239 329 1
239 462 1
239 778 1
239 880 1
240 305 1
240 361 1
240 370 1
240 389 1
240 484 1
240 716 1
240 904 1
241 384 1
241 441 1
241 448 1
241 529 1
241 563 1
241 913 1
242 256 1
242 289 1
242 529 1
242 698 1
242 720 1
243 621 1
243 654 1
243 659 1
243 914 1
244 578 1
244 784 1
244 910 1
245 313 1
245 434 1
245 458 1
245 494 1
245 573 1
245 839 1
245 851 1
246 299 1
246 370 1
246 500 1
246 547 1
246 557 1
246 661 1
246 672 1
246 884 1
246 896 1
246 898 1
246 911 1
247 318 1
247 505 1
247 585 1
247 647 1
247 695 1
247 705 1
247 726 1
247 735 1
247 761 1
248 277 1
248 646 1
248 755 1
248 879 1
249 306 1
249 368 1
249 426 1
249 431 1
249 444 1
249 742 1
249 819 1
249 833 1
249 836 1
249 866 1
250 396 1
250 473 1
250 490 1
252 392 1
252 872 1
252 877 1
253 269 1
253 376 1
253 432 1
253 555 1
253 584 1
253 714 1
253 752 1
253 874 1
254 267 1
254 321 1
254 457 1
254 529 1
254 533 1
255 653 1
255 717 1
256 277 1
256 311 1
256 475 1
256 806 1
257 285 1
257 519 1
257 631 1
257 645 1
257 921 1
258 367 1
258 630 1
259 887 1
259 891 1
260 310 1
260 442 1
260 451 1
260 594 1
260 856 1
260 890 1
260 940 1
260 998 1
261 337 1
261 394 1
261 523 1
261 601 1
261 651 1
261 763 1
261 781 1
262 275 1
262 306 1
262 322 1
262 329 1
262 461 1
262 827 1
263 305 1
263 407 1
263 421 1
263 444 1
263 538 1
263 592 1
263 618 1
263 910 1
263 934 1
263 944 1
263 971 1
264 354 1
264 382 1
264 646 1
264 730 1
264 837 1
264 932 1
265 317 1
265 427 1
265 465 1
266 273 1
266 308 1
266 399 1
266 493 1
266 508 1
266 577 1
266 638 1
267 281 1
267 389 1
267 484 1
267 619 1
267 670 1
268 275 1
268 430 1
268 767 1
268 777 1
268 813 1
268 938 1
269 581 1
269 592 1
269 818 1
269 988 1
271 297 1
271 468 1
271 524 1
271 612 1
271 900 1
272 377 1
272 501 1
272 541 1
272 842 1
272 868 1
273 318 1
274 776 1
274 909 1
275 337 1
275 367 1
275 469 1
275 540 1
275 677 1
276 300 1
276 360 1
276 416 1
276 703 1
276 705 1
276 899 1
277 427 1
277 807 1
278 538 1
279 645 1
280 356 1
280 443 1
280 534 1
281 413 1
281 615 1
281 915 1
282 966 1
283 306 1
283 408 1
283 423 1
283 578 1
283 595 1
283 765 1
284 357 1
284 469 1
284 525 1
284 530 1
284 575 1
284 753 1
284 842 1
284 906 1
284 911 1
285 391 1
286 333 1
286 556 1
286 624 1
286 740 1
286 772 1
286 878 1
286 960 1
286 967 1
288 759 1
288 971 1
289 764 1
290 345 1
290 373 1
290 712 1
290 874 1
290 958 1
291 342 1
291 518 1
291 591 1
291 635 1
291 689 1
291 695 1
291 788 1
292 344 1
292 655 1
292 701 1
292 844 1
292 995 1
293 476 1
293 925 1
294 380 1
294 959 1
295 626 1
295 705 1
295 710 1
295 776 1
295 942 1
297 359 1
297 369 1
297 751 1
297 996 1
298 485 1
298 487 1
299 545 1
300 485 1
300 678 1
300 715 1
300 736 1
300 883 1
302 315 1
302 659 1
302 785 1
302 797 1
302 933 1
302 937 1
303 310 1
303 324 1
303 450 1
303 468 1
303 553 1
303 560 1
303 619 1
303 652 1
304 524 1
304 583 1
304 820 1
305 448 1
305 538 1
305 597 1
305 619 1
305 926 1
306 504 1
306 560 1
306 664 1
306 704 1
307 332 1
307 527 1
307 939 1
308 429 1
308 436 1
308 821 1
309 465 1
309 654 1
309 853 1
309 875 1
310 394 1
310 993 1
311 341 1
311 489 1
311 519 1
311 569 1
312 320 1
312 453 1
313 772 1
314 418 1
314 466 1
314 564 1
314 644 1
314 714 1
314 754 1
314 775 1
314 803 1
314 839 1
314 870 1
314 971 1
315 403 1
315 467 1
315 489 1
315 498 1
315 551 1
315 704 1
315 712 1
315 815 1
315 940 1
316 358 1
316 532 1
317 374 1
317 488 1
317 751 1
317 857 1
318 655 1
318 897 1
319 438 1
319 482 1
319 790 1
319 994 1
320 329 1
320 413 1
320 526 1
320 665 1
320 694 1
320 760 1
321 771 1
321 890 1
321 958 1
323 380 1
323 381 1
323 502 1
323 621 1
324 330 1
324 522 1
324 669 1
324 822 1
324 957 1
325 370 1
325 681 1
325 684 1
326 541 1
326 562 1
327 425 1
328 630 1
328 656 1
328 871 1
328 914 1
329 611 1
330 357 1
330 382 1
331 647 1
332 335 1
333 674 1
334 345 1
334 501 1
335 697 1
336 528 1
336 533 1
336 891 1
337 662 1
338 587 1
339 395 1
339 478 1
339 669 1
339 686 1
339 954 1
339 980 1
340 595 1
340 981 1
341 348 1
341 613 1
341 858 1
342 424 1
342 934 1
342 963 1
344 531 1
344 551 1
344 978 1
346 506 1
346 547 1
346 952 1
347 448 1
348 625 1
348 976 1
348 999 1
349 462 1
349 533 1
349 585 1
349 605 1
349 674 1
349 768 1
349 790 1
350 428 1
350 488 1
350 612 1
350 805 1
351 385 1
351 466 1
351 608 1
351 731 1
351 851 1
352 483 1
352 759 1
352 804 1
354 398 1
354 752 1
354 800 1
354 837 1
355 463 1
355 539 1
355 750 1
356 687 1
356 840 1
357 590 1
357 758 1
357 988 1
358 597 1
358 924 1
360 535 1
360 582 1
360 681 1
360 859 1
361 696 1
361 867 1
362 385 1
362 437 1
362 453 1
362 479 1
362 759 1
363 405 1
363 434 1
363 483 1
363 515 1
363 679 1
363 707 1
363 992 1
365 436 1
367 1000 1
368 446 1
368 476 1
368 501 1
368 510 1
368 766 1
368 946 1
369 410 1
369 548 1
369 855 1
370 783 1
371 612 1
373 713 1
375 406 1
375 675 1
375 770 1
378 446 1
378 454 1
378 556 1
379 435 1
379 603 1
379 887 1
380 469 1
380 544 1
380 670 1
380 933 1
380 936 1
380 970 1
381 512 1
381 725 1
381 742 1
382 581 1
382 593 1
382 849 1
383 563 1
383 577 1
384 734 1
384 907 1
385 388 1
385 393 1
385 422 1
385 446 1
385 479 1
385 503 1
385 980 1
386 640 1
386 642 1
386 667 1
386 862 1
386 879 1
386 977 1
387 449 1
387 736 1
387 756 1
387 948 1
388 534 1
388 711 1
389 428 1
389 458 1
389 583 1
389 774 1
390 430 1
390 503 1
390 512 1
390 649 1
390 930 1
392 722 1
393 397 1
394 542 1
396 433 1
396 544 1
396 857 1
397 614 1
397 738 1
398 541 1
398 579 1
398 793 1
398 798 1
398 810 1
398 862 1
398 992 1
399 758 1
400 413 1
400 540 1
400 582 1
400 682 1
400 717 1
400 782 1
400 838 1
400 875 1
400 879 1
401 572 1
401 710 1
402 407 1
402 693 1
402 794 1
402 881 1
402 970 1
402 987 1
402 995 1
403 422 1
403 456 1
403 499 1
404 496 1
405 906 1
406 829 1
407 486 1
408 528 1
408 544 1
408 569 1
408 768 1
409 665 1
409 916 1
411 418 1
411 465 1
411 773 1
412 421 1
412 468 1
412 504 1
412 558 1
413 885 1
413 961 1
414 596 1
416 829 1
416 837 1
416 867 1
417 456 1
417 459 1
417 498 1
417 514 1
417 666 1
418 502 1
418 948 1
422 667 1
423 559 1
423 994 1
424 474 1
424 477 1
424 637 1
425 455 1
425 671 1
425 703 1
425 760 1
427 520 1
427 537 1
427 617 1
427 738 1
427 747 1
427 813 1
427 964 1
428 471 1
428 997 1
429 552 1
430 537 1
430 553 1
431 706 1
431 735 1
432 748 1
433 481 1
433 486 1
433 652 1
434 817 1
434 852 1
435 496 1
435 593 1
435 594 1
435 635 1
435 644 1
435 753 1
437 579 1
437 602 1
437 928 1
437 956 1
439 476 1
439 606 1
439 816 1
440 497 1
440 568 1
440 676 1
440 749 1
441 801 1
446 905 1
447 465 1
447 554 1
447 582 1
447 589 1
447 685 1
447 753 1
447 842 1
447 927 1
449 452 1
449 936 1
450 880 1
451 546 1
451 639 1
451 834 1
451 889 1
453 658 1
453 768 1
454 695 1
455 651 1
455 890 1
455 993 1
456 489 1
457 516 1
457 586 1
457 860 1
458 955 1
459 566 1
459 610 1
459 698 1
461 637 1
462 525 1
462 527 1
462 566 1
462 799 1
463 531 1
463 865 1
464 863 1
466 613 1
466 814 1
466 825 1
466 955 1
468 710 1
469 720 1
470 644 1
471 532 1
471 557 1
471 614 1
471 928 1
472 936 1
473 869 1
474 511 1
475 708 1
477 896 1
477 933 1
478 623 1
479 988 1
480 577 1
482 548 1
482 731 1
482 965 1
483 498 1
483 817 1
484 526 1
484 836 1
485 566 1
485 635 1
486 490 1
486 566 1
486 574 1
486 673 1
486 740 1
486 786 1
486 972 1
487 542 1
487 999 1
488 596 1
490 663 1
491 516 1
492 667 1
492 823 1
493 900 1
496 560 1
496 823 1
497 653 1
497 684 1
498 636 1
499 614 1
499 628 1
499 800 1
499 880 1
499 904 1
500 581 1
500 600 1
503 889 1
504 975 1
505 622 1
506 519 1
506 641 1
506 736 1
506 779 1
506 883 1
506 889 1
507 720 1
507 935 1
508 607 1
508 737 1
509 908 1
509 947 1
510 530 1
510 643 1
510 719 1
511 565 1
511 985 1
512 540 1
512 660 1
512 672 1
512 694 1
512 811 1
512 818 1
513 830 1
513 833 1
513 975 1
514 831 1
515 925 1
516 570 1
516 678 1
517 557 1
517 792 1
518 956 1
519 555 1
519 688 1
519 827 1
521 598 1
521 947 1
522 679 1
522 695 1
522 818 1
522 944 1
523 774 1
525 590 1
526 705 1
530 539 1
530 698 1
530 731 1
530 865 1
530 993 1
532 564 1
532 751 1
532 775 1
532 940 1
533 656 1
533 922 1
534 882 1
534 925 1
535 542 1
535 886 1
536 810 1
536 909 1
536 950 1
537 725 1
538 568 1
539 649 1
539 864 1
540 561 1
540 685 1
541 877 1
544 668 1
544 757 1
544 802 1
545 554 1
545 586 1
546 718 1
546 994 1
547 587 1
547 754 1
548 929 1
550 636 1
550 786 1
550 869 1
552 750 1
553 584 1
553 918 1
554 580 1
554 741 1
555 621 1
556 609 1
556 729 1
558 627 1
558 634 1
558 767 1
558 845 1
558 915 1
558 981 1
559 823 1
560 982 1
561 721 1
561 810 1
561 867 1
562 608 1
563 689 1
563 825 1
564 620 1
564 818 1
566 785 1
567 903 1
569 907 1
570 726 1
570 822 1
570 951 1
571 746 1
571 813 1
574 671 1
574 700 1
574 989 1
576 613 1
576 700 1
576 723 1
576 866 1
581 716 1
581 800 1
581 802 1
582 739 1
583 929 1
584 746 1
584 840 1
587 901 1
588 712 1
589 675 1
589 723 1
591 801 1
591 802 1
592 624 1
592 747 1
593 645 1
594 602 1
594 610 1
594 616 1
594 698 1
594 754 1
594 850 1
595 599 1
596 600 1
596 726 1
597 678 1
597 696 1
597 806 1
598 686 1
598 937 1
599 721 1
600 627 1
600 811 1
600 857 1
600 867 1
604 972 1
605 647 1
607 620 1
607 797 1
607 923 1
607 961 1
608 939 1
609 682 1
609 794 1
610 826 1
610 972 1
612 975 1
615 626 1
615 970 1
616 689 1
616 995 1
618 871 1
623 841 1
626 658 1
626 755 1
629 999 1
631 663 1
631 822 1
632 681 1
632 722 1
632 806 1
633 808 1
634 899 1
635 648 1
635 680 1
635 838 1
635 941 1
636 809 1
637 749 1
637 938 1
637 996 1
638 928 1
639 662 1
641 760 1
644 645 1
644 798 1
644 828 1
644 986 1
646 718 1
648 844 1
650 744 1
650 780 1
650 1000 1
652 843 1
652 977 1
653 920 1
655 760 1
655 928 1
655 997 1
656 980 1
659 676 1
659 710 1
659 930 1
660 663 1
660 683 1
661 737 1
665 753 1
665 785 1
667 761 1
668 770 1
669 761 1
669 781 1
670 897 1
672 750 1
672 766 1
674 721 1
674 782 1
674 830 1
674 851 1
677 961 1
678 835 1
685 738 1
685 739 1
689 980 1
690 711 1
691 740 1
696 701 1
697 895 1
698 847 1
699 891 1
702 728 1
703 825 1
703 990 1
704 878 1
707 715 1
707 950 1
708 983 1
709 733 1
709 893 1
709 974 1
710 887 1
711 756 1
711 893 1
711 943 1
711 949 1
712 938 1
713 792 1
714 868 1
715 787 1
718 757 1
719 755 1
719 798 1
721 743 1
721 901 1
721 968 1
724 789 1
726 727 1
726 943 1
727 858 1
727 866 1
729 892 1
739 741 1
739 975 1
742 932 1
743 773 1
743 788 1
749 907 1
750 991 1
752 788 1
752 884 1
753 783 1
753 820 1
753 960 1
755 779 1
755 990 1
756 954 1
759 990 1
760 778 1
762 860 1
765 985 1
766 811 1
767 978 1
771 887 1
774 824 1
778 807 1
778 873 1
779 876 1
783 809 1
784 941 1
785 984 1
787 863 1
794 915 1
794 941 1
795 972 1
796 839 1
800 848 1
804 816 1
811 827 1
811 869 1
814 895 1
815 860 1
817 853 1
819 863 1
820 853 1
820 926 1
825 943 1
827 974 1
830 947 1
832 955 1
833 984 1
836 982 1
836 991 1
839 942 1
844 871 1
845 958 1
845 973 1
850 851 1
851 903 1
859 874 1
860 886 1
861 868 1
867 871 1
869 878 1
874 944 1
893 914 1
898 949 1
916 924 1
930 931 1
939 986 1
948 976 1
954 974 1
963 986 1
971 976 1
971 983 1
980 987 1
981 992 1
