1400 5584 
1 2 1
1 3 1
1 4 1
1 5 1
1 6 1
1 7 1
1 8 1
1 9 1
1 11 1
1 12 1
1 15 1
1 16 1
1 17 1
1 19 1
1 20 1
1 21 1
1 27 1
1 29 1
1 30 1
1 38 1
1 39 1
1 41 1
1 44 1
1 45 1
1 49 1
1 52 1
1 53 1
1 54 1
1 56 1
1 59 1
1 61 1
1 72 1
1 80 1
1 81 1
1 85 1
1 90 1
1 93 1
1 96 1
1 103 1
1 108 1
1 115 1
1 119 1
1 120 1
1 122 1
1 123 1
1 125 1
1 127 1
1 134 1
1 136 1
1 151 1
1 155 1
1 158 1
1 163 1
1 169 1
1 195 1
1 203 1
1 219 1
1 222 1
1 228 1
1 248 1
1 251 1
1 267 1
1 269 1
1 274 1
1 290 1
1 294 1
1 296 1
1 325 1
1 369 1
1 371 1
1 388 1
1 395 1
1 397 1
1 400 1
1 406 1
1 447 1
1 469 1
1 483 1
1 522 1
1 523 1
1 525 1
1 526 1
1 528 1
1 529 1
1 532 1
1 538 1
1 540 1
1 563 1
1 565 1
1 576 1
1 603 1
1 604 1
1 608 1
1 613 1
1 615 1
1 616 1
1 619 1
1 638 1
1 659 1
1 676 1
1 681 1
1 683 1
1 689 1
1 721 1
1 724 1
1 751 1
1 779 1
1 804 1
1 808 1
1 819 1
1 827 1
1 846 1
1 863 1
1 875 1
1 877 1
1 880 1
1 887 1
1 902 1
1 905 1
1 912 1
1 925 1
1 928 1
1 951 1
1 952 1
1 960 1
1 961 1
1 993 1
1 995 1
1 1009 1
1 1033 1
1 1038 1
1 1053 1
1 1138 1
1 1139 1
1 1140 1
1 1154 1
1 1182 1
1 1204 1
1 1218 1
1 1227 1
1 1228 1
1 1229 1
1 1231 1
1 1237 1
1 1240 1
1 1278 1
1 1306 1
1 1322 1
1 1325 1
1 1335 1
1 1342 1
1 1351 1
1 1359 1
1 1387 1
2 9 1
2 12 1
2 13 1
2 16 1
2 28 1
2 38 1
2 114 1
2 126 1
2 290 1
2 317 1
2 341 1
2 535 1
2 752 1
2 766 1
2 1264 1
2 1311 1
2 1316 1
2 1399 1
3 6 1
3 7 1
3 8 1
3 9 1
3 10 1
3 12 1
3 13 1
3 14 1
3 15 1
3 20 1
3 21 1
3 22 1
3 23 1
3 26 1
3 29 1
3 39 1
3 42 1
3 49 1
3 57 1
3 62 1
3 63 1
3 66 1
3 67 1
3 69 1
3 80 1
3 82 1
3 85 1
3 88 1
3 111 1
3 137 1
3 142 1
3 145 1
3 156 1
3 162 1
3 168 1
3 201 1
3 203 1
3 205 1
3 213 1
3 226 1
3 231 1
3 238 1
3 242 1
3 245 1
3 250 1
3 251 1
3 276 1
3 280 1
3 288 1
3 291 1
3 307 1
3 310 1
3 314 1
3 326 1
3 328 1
3 354 1
3 356 1
3 379 1
3 381 1
3 406 1
3 412 1
3 422 1
3 423 1
3 435 1
3 441 1
3 442 1
3 457 1
3 458 1
3 461 1
3 483 1
3 491 1
3 499 1
3 516 1
3 520 1
3 531 1
3 533 1
3 551 1
3 563 1
3 573 1
3 577 1
3 592 1
3 596 1
3 601 1
3 605 1
3 615 1
3 618 1
3 624 1
3 629 1
3 644 1
3 666 1
3 688 1
3 693 1
3 740 1
3 750 1
3 757 1
3 758 1
3 772 1
3 785 1
3 800 1
3 816 1
3 820 1
3 846 1
3 865 1
3 868 1
3 873 1
3 883 1
3 894 1
3 899 1
3 903 1
3 908 1
3 953 1
3 962 1
3 963 1
3 982 1
3 995 1
3 998 1
3 1042 1
3 1056 1
3 1085 1
3 1089 1
3 1096 1
3 1120 1
3 1128 1
3 1188 1
3 1192 1
3 1210 1
3 1234 1
3 1238 1
3 1249 1
3 1272 1
3 1333 1
3 1347 1
3 1350 1
3 1377 1
3 1387 1
3 1394 1
4 6 1
4 7 1
4 16 1
4 29 1
4 34 1
4 37 1
4 78 1
4 100 1
4 139 1
4 153 1
4 172 1
4 188 1
4 193 1
4 215 1
4 231 1
4 261 1
4 358 1
4 408 1
4 434 1
4 440 1
4 472 1
4 526 1
4 557 1
4 605 1
4 610 1
4 701 1
4 718 1
4 741 1
4 791 1
4 794 1
4 891 1
4 920 1
4 924 1
4 951 1
4 976 1
4 997 1
4 1032 1
4 1083 1
4 1116 1
4 1194 1
5 6 1
5 7 1
5 8 1
5 10 1
5 11 1
5 19 1
5 24 1
5 26 1
5 33 1
5 38 1
5 40 1
5 71 1
5 76 1
5 92 1
5 107 1
5 121 1
5 125 1
5 146 1
5 154 1
5 155 1
5 205 1
5 240 1
5 257 1
5 281 1
5 287 1
5 335 1
5 360 1
5 385 1
5 459 1
5 480 1
5 499 1
5 521 1
5 559 1
5 642 1
5 665 1
5 695 1
5 696 1
5 733 1
5 734 1
5 783 1
5 802 1
5 907 1
5 917 1
5 1012 1
5 1024 1
5 1033 1
5 1072 1
5 1080 1
5 1206 1
5 1294 1
5 1317 1
5 1371 1
6 8 1
6 9 1
6 10 1
6 16 1
6 17 1
6 19 1
6 26 1
6 27 1
6 29 1
6 31 1
6 41 1
6 43 1
6 44 1
6 46 1
6 59 1
6 71 1
6 83 1
6 87 1
6 97 1
6 100 1
6 102 1
6 103 1
6 104 1
6 106 1
6 126 1
6 129 1
6 138 1
6 139 1
6 143 1
6 146 1
6 150 1
6 168 1
6 169 1
6 171 1
6 186 1
6 228 1
6 255 1
6 256 1
6 263 1
6 266 1
6 272 1
6 279 1
6 295 1
6 300 1
6 334 1
6 351 1
6 385 1
6 391 1
6 394 1
6 461 1
6 479 1
6 503 1
6 546 1
6 553 1
6 579 1
6 585 1
6 595 1
6 611 1
6 616 1
6 637 1
6 655 1
6 658 1
6 715 1
6 727 1
6 794 1
6 798 1
6 809 1
6 811 1
6 862 1
6 876 1
6 889 1
6 893 1
6 964 1
6 1000 1
6 1007 1
6 1008 1
6 1024 1
6 1046 1
6 1132 1
6 1151 1
6 1158 1
6 1164 1
6 1190 1
6 1229 1
6 1246 1
6 1251 1
6 1302 1
6 1322 1
6 1328 1
6 1337 1
6 1371 1
6 1376 1
7 10 1
7 11 1
7 12 1
7 13 1
7 22 1
7 25 1
7 28 1
7 32 1
7 35 1
7 47 1
7 50 1
7 63 1
7 68 1
7 88 1
7 93 1
7 136 1
7 158 1
7 162 1
7 180 1
7 182 1
7 184 1
7 230 1
7 231 1
7 236 1
7 239 1
7 269 1
7 274 1
7 315 1
7 344 1
7 437 1
7 450 1
7 462 1
7 492 1
7 557 1
7 598 1
7 601 1
7 714 1
7 718 1
7 774 1
7 777 1
7 878 1
7 961 1
7 1021 1
7 1027 1
7 1041 1
7 1067 1
7 1084 1
7 1191 1
7 1243 1
7 1272 1
8 18 1
8 20 1
8 21 1
8 25 1
8 33 1
8 34 1
8 40 1
8 42 1
8 58 1
8 64 1
8 67 1
8 79 1
8 91 1
8 97 1
8 98 1
8 108 1
8 109 1
8 110 1
8 116 1
8 117 1
8 120 1
8 135 1
8 141 1
8 143 1
8 159 1
8 160 1
8 178 1
8 231 1
8 242 1
8 252 1
8 258 1
8 262 1
8 263 1
8 264 1
8 266 1
8 319 1
8 336 1
8 352 1
8 353 1
8 391 1
8 396 1
8 407 1
8 417 1
8 431 1
8 438 1
8 455 1
8 456 1
8 457 1
8 482 1
8 486 1
8 502 1
8 539 1
8 544 1
8 547 1
8 556 1
8 625 1
8 626 1
8 630 1
8 638 1
8 640 1
8 647 1
8 668 1
8 670 1
8 674 1
8 679 1
8 699 1
8 719 1
8 776 1
8 784 1
8 836 1
8 872 1
8 928 1
8 940 1
8 943 1
8 993 1
8 1015 1
8 1051 1
8 1079 1
8 1092 1
8 1099 1
8 1183 1
8 1185 1
8 1224 1
8 1225 1
8 1264 1
8 1271 1
8 1283 1
8 1288 1
8 1308 1
8 1349 1
8 1376 1
9 18 1
9 19 1
9 25 1
9 41 1
9 47 1
9 49 1
9 52 1
9 63 1
9 71 1
9 73 1
9 78 1
9 87 1
9 111 1
9 124 1
9 159 1
9 160 1
9 168 1
9 177 1
9 248 1
9 279 1
9 333 1
9 345 1
9 348 1
9 372 1
9 374 1
9 375 1
9 411 1
9 412 1
9 423 1
9 428 1
9 445 1
9 552 1
9 555 1
9 619 1
9 627 1
9 669 1
9 751 1
9 787 1
9 812 1
9 882 1
9 914 1
9 927 1
9 1048 1
9 1115 1
9 1131 1
9 1156 1
9 1200 1
9 1236 1
9 1239 1
9 1243 1
10 11 1
10 18 1
10 27 1
10 31 1
10 42 1
10 44 1
10 57 1
10 68 1
10 76 1
10 94 1
10 102 1
10 114 1
10 117 1
10 170 1
10 259 1
10 274 1
10 346 1
10 349 1
10 373 1
10 421 1
10 448 1
10 469 1
10 532 1
10 652 1
10 661 1
10 663 1
10 692 1
10 801 1
10 810 1
10 838 1
10 886 1
10 949 1
10 1148 1
10 1167 1
10 1250 1
10 1295 1
10 1366 1
10 1392 1
11 14 1
11 23 1
11 25 1
11 36 1
11 46 1
11 54 1
11 62 1
11 91 1
11 101 1
11 103 1
11 110 1
11 117 1
11 138 1
11 166 1
11 202 1
11 219 1
11 225 1
11 249 1
11 263 1
11 275 1
11 286 1
11 299 1
11 301 1
11 345 1
11 349 1
11 359 1
11 410 1
11 467 1
11 505 1
11 506 1
11 550 1
11 567 1
11 607 1
11 608 1
11 620 1
11 634 1
11 637 1
11 659 1
11 715 1
11 756 1
11 814 1
11 845 1
11 846 1
11 877 1
11 895 1
11 913 1
11 971 1
11 1087 1
11 1113 1
11 1142 1
11 1151 1
11 1162 1
11 1188 1
11 1240 1
11 1270 1
11 1297 1
11 1333 1
12 13 1
12 14 1
12 15 1
12 17 1
12 28 1
12 36 1
12 40 1
12 46 1
12 47 1
12 53 1
12 58 1
12 59 1
12 60 1
12 64 1
12 66 1
12 68 1
12 82 1
12 107 1
12 120 1
12 127 1
12 128 1
12 143 1
12 145 1
12 150 1
12 159 1
12 163 1
12 175 1
12 193 1
12 213 1
12 215 1
12 218 1
12 249 1
12 254 1
12 278 1
12 301 1
12 306 1
12 330 1
12 348 1
12 361 1
12 367 1
12 388 1
12 403 1
12 421 1
12 473 1
12 477 1
12 485 1
12 503 1
12 509 1
12 527 1
12 587 1
12 649 1
12 682 1
12 721 1
12 772 1
12 777 1
12 778 1
12 818 1
12 848 1
12 875 1
12 886 1
12 922 1
12 950 1
12 1011 1
12 1070 1
12 1087 1
12 1134 1
12 1220 1
12 1300 1
12 1338 1
12 1356 1
13 14 1
13 18 1
13 20 1
13 22 1
13 30 1
13 32 1
13 52 1
13 63 1
13 83 1
13 92 1
13 99 1
13 106 1
13 113 1
13 119 1
13 174 1
13 181 1
13 197 1
13 200 1
13 214 1
13 222 1
13 223 1
13 229 1
13 264 1
13 288 1
13 293 1
13 308 1
13 320 1
13 368 1
13 384 1
13 395 1
13 400 1
13 405 1
13 419 1
13 424 1
13 425 1
13 456 1
13 474 1
13 487 1
13 540 1
13 556 1
13 567 1
13 586 1
13 606 1
13 626 1
13 647 1
13 666 1
13 672 1
13 677 1
13 731 1
13 745 1
13 793 1
13 831 1
13 834 1
13 837 1
13 841 1
13 877 1
13 887 1
13 897 1
13 908 1
13 923 1
13 961 1
13 975 1
13 996 1
13 1003 1
13 1005 1
13 1006 1
13 1007 1
13 1034 1
13 1039 1
13 1062 1
13 1095 1
13 1117 1
13 1142 1
13 1286 1
13 1355 1
14 15 1
14 50 1
14 70 1
14 83 1
14 113 1
14 124 1
14 129 1
14 140 1
14 173 1
14 176 1
14 191 1
14 213 1
14 220 1
14 243 1
14 273 1
14 278 1
14 280 1
14 283 1
14 287 1
14 290 1
14 301 1
14 310 1
14 320 1
14 324 1
14 346 1
14 393 1
14 430 1
14 451 1
14 467 1
14 479 1
14 622 1
14 629 1
14 631 1
14 647 1
14 674 1
14 714 1
14 752 1
14 804 1
14 814 1
14 841 1
14 867 1
14 929 1
14 947 1
14 962 1
14 1031 1
14 1060 1
14 1068 1
14 1144 1
14 1154 1
14 1155 1
14 1381 1
15 24 1
15 28 1
15 33 1
15 43 1
15 49 1
15 54 1
15 60 1
15 62 1
15 74 1
15 75 1
15 108 1
15 115 1
15 123 1
15 151 1
15 157 1
15 164 1
15 173 1
15 191 1
15 199 1
15 289 1
15 304 1
15 329 1
15 347 1
15 353 1
15 371 1
15 395 1
15 414 1
15 444 1
15 481 1
15 519 1
15 524 1
15 583 1
15 611 1
15 677 1
15 728 1
15 736 1
15 752 1
15 753 1
15 765 1
15 768 1
15 776 1
15 857 1
15 866 1
15 876 1
15 923 1
15 930 1
15 936 1
15 965 1
15 978 1
15 989 1
15 993 1
15 1005 1
15 1031 1
15 1033 1
15 1041 1
15 1056 1
15 1065 1
15 1117 1
15 1157 1
15 1241 1
15 1334 1
16 17 1
16 22 1
16 24 1
16 31 1
16 32 1
16 35 1
16 42 1
16 56 1
16 61 1
16 73 1
16 109 1
16 111 1
16 116 1
16 132 1
16 146 1
16 154 1
16 165 1
16 177 1
16 182 1
16 186 1
16 210 1
16 230 1
16 256 1
16 261 1
16 268 1
16 272 1
16 305 1
16 331 1
16 341 1
16 372 1
16 377 1
16 399 1
16 404 1
16 425 1
16 426 1
16 445 1
16 447 1
16 498 1
16 546 1
16 572 1
16 579 1
16 608 1
16 613 1
16 633 1
16 658 1
16 726 1
16 746 1
16 766 1
16 787 1
16 789 1
16 808 1
16 850 1
16 896 1
16 936 1
16 971 1
16 1012 1
16 1022 1
16 1037 1
16 1046 1
16 1107 1
16 1123 1
16 1141 1
16 1164 1
16 1201 1
16 1276 1
16 1291 1
16 1302 1
17 37 1
17 53 1
17 56 1
17 69 1
17 86 1
17 90 1
17 157 1
17 206 1
17 209 1
17 247 1
17 260 1
17 282 1
17 287 1
17 415 1
17 505 1
17 584 1
17 630 1
17 729 1
17 790 1
17 819 1
17 958 1
17 989 1
17 1026 1
17 1167 1
17 1258 1
17 1295 1
18 21 1
18 23 1
18 35 1
18 62 1
18 69 1
18 187 1
18 210 1
18 259 1
18 262 1
18 264 1
18 298 1
18 361 1
18 394 1
18 402 1
18 435 1
18 470 1
18 513 1
18 529 1
18 573 1
18 593 1
18 616 1
18 773 1
18 927 1
18 1049 1
18 1089 1
18 1235 1
19 23 1
19 60 1
19 77 1
19 89 1
19 112 1
19 129 1
19 196 1
19 198 1
19 238 1
19 294 1
19 322 1
19 381 1
19 638 1
19 840 1
19 934 1
19 1068 1
19 1231 1
19 1345 1
20 35 1
20 38 1
20 39 1
20 45 1
20 48 1
20 68 1
20 72 1
20 75 1
20 79 1
20 84 1
20 91 1
20 130 1
20 150 1
20 152 1
20 153 1
20 172 1
20 188 1
20 189 1
20 194 1
20 211 1
20 260 1
20 267 1
20 279 1
20 297 1
20 302 1
20 342 1
20 344 1
20 364 1
20 365 1
20 370 1
20 397 1
20 433 1
20 454 1
20 471 1
20 507 1
20 544 1
20 657 1
20 661 1
20 684 1
20 696 1
20 722 1
20 728 1
20 775 1
20 815 1
20 841 1
20 843 1
20 864 1
20 901 1
20 946 1
20 1013 1
20 1063 1
20 1115 1
20 1205 1
20 1309 1
20 1320 1
20 1331 1
20 1352 1
21 65 1
21 107 1
21 149 1
21 189 1
21 224 1
21 292 1
21 293 1
21 458 1
21 546 1
21 583 1
21 694 1
21 702 1
21 815 1
21 818 1
21 974 1
21 1076 1
21 1236 1
21 1249 1
21 1353 1
22 24 1
22 30 1
22 31 1
22 33 1
22 55 1
22 75 1
22 133 1
22 138 1
22 142 1
22 180 1
22 184 1
22 199 1
22 214 1
22 223 1
22 234 1
22 306 1
22 312 1
22 314 1
22 325 1
22 349 1
22 364 1
22 383 1
22 395 1
22 401 1
22 475 1
22 477 1
22 484 1
22 538 1
22 542 1
22 548 1
22 555 1
22 608 1
22 698 1
22 784 1
22 821 1
22 824 1
22 956 1
22 1025 1
22 1069 1
22 1082 1
22 1169 1
22 1353 1
23 27 1
23 30 1
23 60 1
23 61 1
23 101 1
23 155 1
23 185 1
23 271 1
23 380 1
23 440 1
23 579 1
23 622 1
23 731 1
23 776 1
23 781 1
23 796 1
23 806 1
23 817 1
23 849 1
23 855 1
23 878 1
23 1008 1
23 1028 1
23 1167 1
23 1211 1
23 1224 1
23 1257 1
23 1267 1
23 1318 1
23 1344 1
23 1375 1
24 26 1
24 34 1
24 44 1
24 57 1
24 72 1
24 81 1
24 88 1
24 95 1
24 134 1
24 185 1
24 203 1
24 210 1
24 232 1
24 241 1
24 253 1
24 256 1
24 257 1
24 293 1
24 296 1
24 342 1
24 362 1
24 390 1
24 392 1
24 405 1
24 420 1
24 438 1
24 484 1
24 501 1
24 624 1
24 668 1
24 689 1
24 695 1
24 737 1
24 754 1
24 800 1
24 810 1
24 827 1
24 916 1
24 1009 1
24 1010 1
24 1029 1
24 1070 1
24 1119 1
24 1182 1
24 1190 1
24 1208 1
24 1209 1
24 1357 1
25 172 1
25 215 1
25 310 1
25 357 1
25 746 1
25 812 1
25 828 1
25 1149 1
25 1333 1
26 50 1
26 52 1
26 64 1
26 67 1
26 129 1
26 138 1
26 140 1
26 153 1
26 183 1
26 200 1
26 229 1
26 320 1
26 401 1
26 407 1
26 465 1
26 536 1
26 889 1
26 937 1
26 992 1
26 1031 1
26 1200 1
26 1218 1
26 1235 1
27 32 1
27 37 1
27 41 1
27 48 1
27 64 1
27 78 1
27 79 1
27 95 1
27 98 1
27 112 1
27 115 1
27 125 1
27 150 1
27 164 1
27 179 1
27 249 1
27 255 1
27 262 1
27 263 1
27 280 1
27 332 1
27 342 1
27 346 1
27 401 1
27 511 1
27 554 1
27 570 1
27 590 1
27 612 1
27 810 1
27 852 1
27 878 1
27 1080 1
27 1148 1
27 1217 1
27 1259 1
28 74 1
28 75 1
28 83 1
28 125 1
28 144 1
28 184 1
28 208 1
28 223 1
28 283 1
28 292 1
28 310 1
28 342 1
28 493 1
28 533 1
28 553 1
28 587 1
28 598 1
28 682 1
28 775 1
28 795 1
28 839 1
28 856 1
28 857 1
28 861 1
28 893 1
28 934 1
28 946 1
28 960 1
28 988 1
28 1020 1
28 1041 1
28 1155 1
28 1261 1
28 1346 1
29 34 1
29 36 1
29 39 1
29 48 1
29 55 1
29 157 1
29 247 1
29 322 1
29 351 1
29 364 1
29 409 1
29 488 1
29 517 1
29 536 1
29 569 1
29 597 1
29 600 1
29 624 1
29 669 1
29 671 1
29 711 1
29 790 1
29 793 1
29 898 1
29 932 1
29 947 1
29 967 1
29 1270 1
30 55 1
30 76 1
30 110 1
30 141 1
30 323 1
30 428 1
30 509 1
30 530 1
30 656 1
30 682 1
30 695 1
30 717 1
30 985 1
30 1300 1
30 1323 1
30 1327 1
31 36 1
31 45 1
31 51 1
31 65 1
31 77 1
31 85 1
31 93 1
31 96 1
31 104 1
31 173 1
31 190 1
31 194 1
31 244 1
31 254 1
31 258 1
31 321 1
31 341 1
31 386 1
31 436 1
31 460 1
31 503 1
31 550 1
31 643 1
31 706 1
31 780 1
31 825 1
31 973 1
31 1035 1
31 1078 1
31 1373 1
32 37 1
32 124 1
32 161 1
32 163 1
32 198 1
32 204 1
32 212 1
32 218 1
32 309 1
32 378 1
32 380 1
32 391 1
32 702 1
32 905 1
32 991 1
32 994 1
32 1157 1
32 1226 1
32 1260 1
32 1334 1
33 54 1
33 74 1
33 80 1
33 122 1
33 144 1
33 148 1
33 166 1
33 224 1
33 227 1
33 282 1
33 298 1
33 396 1
33 454 1
33 473 1
33 524 1
33 569 1
33 693 1
33 725 1
33 822 1
33 851 1
33 896 1
33 938 1
33 1036 1
33 1106 1
33 1121 1
33 1125 1
33 1321 1
34 70 1
34 76 1
34 118 1
34 178 1
34 192 1
34 330 1
34 486 1
34 721 1
34 778 1
34 795 1
34 900 1
34 1057 1
34 1109 1
34 1123 1
34 1200 1
34 1233 1
34 1265 1
34 1323 1
35 82 1
35 101 1
35 104 1
35 123 1
35 131 1
35 147 1
35 176 1
35 225 1
35 236 1
35 348 1
35 418 1
35 530 1
35 552 1
35 611 1
35 685 1
35 770 1
35 825 1
35 833 1
35 977 1
35 1029 1
35 1108 1
35 1204 1
35 1215 1
35 1255 1
36 40 1
36 47 1
36 51 1
36 57 1
36 61 1
36 65 1
36 81 1
36 84 1
36 100 1
36 116 1
36 165 1
36 170 1
36 183 1
36 191 1
36 211 1
36 253 1
36 308 1
36 327 1
36 345 1
36 352 1
36 378 1
36 585 1
36 650 1
36 675 1
36 706 1
36 777 1
36 823 1
36 881 1
36 995 1
36 1004 1
36 1040 1
36 1072 1
36 1171 1
36 1193 1
36 1213 1
36 1365 1
37 46 1
37 51 1
37 100 1
37 167 1
37 339 1
37 377 1
37 379 1
37 381 1
37 400 1
37 432 1
37 452 1
37 540 1
37 626 1
37 630 1
37 674 1
37 742 1
37 809 1
37 825 1
37 828 1
37 835 1
37 858 1
37 862 1
37 962 1
37 1002 1
37 1079 1
37 1093 1
37 1207 1
37 1237 1
37 1290 1
37 1400 1
38 43 1
38 55 1
38 94 1
38 98 1
38 104 1
38 140 1
38 148 1
38 282 1
38 333 1
38 343 1
38 433 1
38 476 1
38 597 1
38 639 1
38 902 1
38 944 1
38 1100 1
38 1299 1
38 1304 1
39 45 1
39 48 1
39 58 1
39 66 1
39 70 1
39 72 1
39 91 1
39 96 1
39 130 1
39 133 1
39 164 1
39 169 1
39 193 1
39 200 1
39 201 1
39 202 1
39 222 1
39 230 1
39 294 1
39 331 1
39 350 1
39 402 1
39 408 1
39 543 1
39 614 1
39 653 1
39 671 1
39 691 1
39 726 1
39 792 1
39 831 1
39 879 1
39 880 1
39 918 1
39 1092 1
39 1229 1
39 1279 1
39 1341 1
40 58 1
40 85 1
40 94 1
40 190 1
40 233 1
40 286 1
40 295 1
40 485 1
40 493 1
40 594 1
40 687 1
40 738 1
40 935 1
40 1333 1
41 81 1
41 232 1
41 318 1
41 393 1
41 840 1
41 843 1
42 43 1
42 50 1
42 108 1
42 119 1
42 254 1
42 353 1
42 375 1
42 407 1
42 438 1
42 511 1
42 708 1
42 744 1
42 755 1
42 987 1
42 1274 1
42 1284 1
43 106 1
43 110 1
43 134 1
43 148 1
43 195 1
43 325 1
43 357 1
43 429 1
43 481 1
43 511 1
43 537 1
43 600 1
43 649 1
43 675 1
43 710 1
43 731 1
43 938 1
43 1038 1
43 1312 1
44 74 1
44 92 1
44 99 1
44 162 1
44 176 1
44 214 1
44 268 1
44 387 1
44 427 1
44 440 1
44 474 1
44 478 1
44 562 1
44 691 1
44 693 1
44 783 1
44 940 1
44 957 1
44 1042 1
44 1237 1
44 1313 1
45 51 1
45 94 1
45 95 1
45 96 1
45 221 1
45 257 1
45 481 1
45 636 1
45 937 1
45 1197 1
45 1268 1
46 171 1
46 209 1
46 255 1
46 459 1
46 526 1
46 528 1
46 650 1
46 727 1
46 880 1
46 947 1
46 1154 1
46 1165 1
46 1247 1
47 115 1
47 135 1
47 359 1
47 426 1
47 628 1
47 766 1
47 1128 1
48 95 1
48 101 1
48 118 1
48 124 1
48 140 1
48 211 1
48 234 1
48 380 1
48 393 1
48 397 1
48 414 1
48 448 1
48 465 1
48 494 1
48 564 1
48 649 1
48 664 1
48 711 1
48 729 1
48 788 1
48 1095 1
48 1115 1
48 1126 1
48 1195 1
48 1208 1
48 1334 1
48 1368 1
49 56 1
49 109 1
49 384 1
49 464 1
49 560 1
49 571 1
49 680 1
49 918 1
49 1085 1
49 1090 1
49 1292 1
50 71 1
50 77 1
50 181 1
50 195 1
50 243 1
50 252 1
50 292 1
50 316 1
50 476 1
50 603 1
50 628 1
50 655 1
50 749 1
50 910 1
50 930 1
50 936 1
50 1134 1
50 1223 1
50 1292 1
51 70 1
51 133 1
51 137 1
51 167 1
51 174 1
51 274 1
51 303 1
51 343 1
51 437 1
51 542 1
51 694 1
51 905 1
51 915 1
51 1104 1
51 1166 1
51 1369 1
51 1389 1
52 53 1
52 88 1
52 180 1
52 182 1
52 240 1
52 256 1
52 296 1
52 444 1
52 698 1
52 707 1
52 743 1
52 854 1
52 1192 1
52 1203 1
52 1208 1
52 1296 1
53 90 1
53 284 1
53 330 1
53 471 1
53 641 1
53 690 1
54 87 1
54 105 1
54 154 1
54 280 1
54 336 1
54 397 1
54 411 1
54 450 1
54 455 1
54 680 1
54 749 1
54 903 1
54 1151 1
54 1200 1
54 1245 1
54 1283 1
54 1372 1
55 112 1
55 149 1
55 170 1
55 217 1
55 287 1
55 311 1
55 317 1
55 385 1
55 387 1
55 481 1
55 591 1
55 637 1
55 708 1
55 852 1
55 978 1
55 1006 1
55 1060 1
55 1083 1
55 1117 1
56 67 1
56 122 1
56 160 1
56 179 1
56 181 1
56 198 1
56 199 1
56 225 1
56 374 1
56 487 1
56 519 1
56 527 1
56 541 1
56 796 1
56 875 1
56 998 1
56 1395 1
57 181 1
57 226 1
57 244 1
57 278 1
57 419 1
57 476 1
57 577 1
57 580 1
57 950 1
57 1018 1
57 1121 1
57 1195 1
57 1278 1
57 1357 1
57 1393 1
58 59 1
58 69 1
58 99 1
58 264 1
58 277 1
58 285 1
58 327 1
58 352 1
58 428 1
58 485 1
58 552 1
58 565 1
58 586 1
58 652 1
58 704 1
58 709 1
58 724 1
58 880 1
58 1242 1
58 1332 1
58 1339 1
59 65 1
59 92 1
59 97 1
59 103 1
59 114 1
59 126 1
59 131 1
59 155 1
59 165 1
59 170 1
59 390 1
59 504 1
59 614 1
59 629 1
59 874 1
59 1249 1
60 66 1
60 118 1
60 145 1
60 201 1
60 364 1
60 387 1
60 413 1
60 446 1
60 516 1
60 551 1
60 927 1
60 931 1
60 1262 1
61 82 1
61 87 1
61 128 1
61 216 1
61 320 1
61 321 1
61 358 1
61 416 1
61 472 1
61 492 1
61 532 1
61 603 1
61 688 1
61 761 1
61 921 1
61 1273 1
62 77 1
62 78 1
62 89 1
62 98 1
62 131 1
62 157 1
62 304 1
62 315 1
62 339 1
62 362 1
62 533 1
62 625 1
62 646 1
62 656 1
62 657 1
62 709 1
62 784 1
62 814 1
62 874 1
62 885 1
62 1222 1
63 318 1
63 507 1
63 741 1
63 919 1
64 315 1
64 412 1
64 844 1
64 1284 1
65 73 1
65 84 1
65 312 1
65 376 1
65 635 1
65 645 1
65 832 1
65 905 1
65 1003 1
65 1059 1
66 120 1
66 192 1
66 404 1
66 422 1
66 491 1
66 619 1
66 638 1
66 672 1
66 1042 1
66 1196 1
66 1212 1
66 1221 1
67 167 1
67 189 1
67 534 1
67 786 1
67 1043 1
68 84 1
68 105 1
68 130 1
68 145 1
68 166 1
68 175 1
68 202 1
68 402 1
68 469 1
68 559 1
68 637 1
68 869 1
68 906 1
68 1061 1
68 1110 1
69 73 1
69 79 1
69 127 1
69 135 1
69 141 1
69 148 1
69 159 1
69 162 1
69 167 1
69 177 1
69 212 1
69 241 1
69 245 1
69 251 1
69 270 1
69 373 1
69 434 1
69 513 1
69 703 1
69 882 1
69 981 1
69 1198 1
69 1231 1
70 89 1
70 192 1
70 205 1
70 289 1
70 414 1
70 428 1
70 440 1
70 444 1
70 468 1
70 489 1
70 747 1
70 800 1
70 820 1
70 826 1
70 1047 1
70 1364 1
70 1372 1
71 495 1
71 744 1
71 1281 1
72 80 1
72 93 1
72 187 1
72 197 1
72 237 1
72 350 1
72 365 1
72 437 1
72 452 1
72 569 1
72 625 1
72 703 1
72 737 1
72 1017 1
72 1083 1
72 1211 1
72 1327 1
73 89 1
73 106 1
73 121 1
73 128 1
73 132 1
73 235 1
73 297 1
73 308 1
73 332 1
73 622 1
73 663 1
73 664 1
73 775 1
73 1145 1
73 1194 1
74 86 1
74 197 1
74 363 1
74 636 1
74 696 1
74 954 1
75 357 1
75 417 1
75 515 1
75 686 1
75 797 1
76 102 1
76 130 1
76 135 1
76 161 1
76 166 1
76 175 1
76 220 1
76 271 1
76 367 1
76 380 1
76 461 1
76 636 1
76 753 1
76 776 1
76 791 1
76 859 1
76 1078 1
76 1093 1
76 1147 1
77 134 1
77 225 1
77 265 1
77 431 1
77 434 1
77 455 1
77 466 1
77 529 1
77 811 1
77 992 1
77 1032 1
77 1050 1
77 1062 1
77 1156 1
77 1254 1
78 109 1
78 122 1
78 128 1
78 142 1
78 216 1
78 226 1
78 235 1
78 239 1
78 277 1
78 347 1
78 446 1
78 505 1
78 572 1
78 647 1
78 677 1
78 698 1
78 740 1
78 774 1
78 789 1
78 888 1
78 1048 1
78 1077 1
78 1180 1
78 1214 1
78 1235 1
79 410 1
79 772 1
79 864 1
79 1386 1
80 86 1
80 196 1
80 258 1
80 337 1
80 340 1
80 384 1
80 448 1
80 457 1
80 460 1
80 465 1
80 536 1
80 549 1
80 595 1
80 988 1
80 1049 1
80 1117 1
80 1172 1
80 1220 1
80 1248 1
80 1280 1
81 105 1
81 154 1
81 164 1
81 220 1
81 232 1
81 265 1
81 313 1
81 487 1
81 489 1
81 728 1
81 729 1
81 798 1
81 816 1
81 974 1
81 1088 1
82 86 1
82 105 1
82 186 1
82 209 1
82 216 1
82 337 1
82 351 1
82 362 1
82 427 1
82 435 1
82 502 1
82 513 1
82 611 1
82 885 1
82 992 1
82 994 1
82 1073 1
82 1168 1
82 1286 1
83 117 1
83 208 1
83 234 1
83 240 1
83 241 1
83 250 1
83 323 1
83 327 1
83 455 1
83 533 1
83 537 1
83 545 1
83 572 1
83 588 1
83 589 1
83 594 1
83 727 1
83 881 1
83 901 1
83 957 1
83 1132 1
83 1393 1
84 176 1
84 199 1
84 237 1
84 289 1
84 344 1
84 383 1
84 438 1
84 707 1
84 750 1
84 1021 1
84 1165 1
84 1178 1
84 1208 1
85 90 1
85 147 1
85 227 1
85 512 1
85 884 1
85 975 1
85 1020 1
85 1052 1
85 1135 1
85 1155 1
85 1191 1
86 139 1
86 330 1
86 399 1
86 583 1
86 632 1
86 655 1
86 910 1
86 943 1
86 981 1
86 1106 1
86 1135 1
86 1189 1
86 1215 1
87 161 1
87 309 1
87 381 1
87 382 1
88 142 1
88 204 1
88 268 1
88 329 1
88 849 1
88 1127 1
88 1175 1
88 1398 1
89 97 1
89 99 1
89 113 1
89 137 1
89 143 1
89 160 1
89 174 1
89 222 1
89 250 1
89 477 1
89 498 1
89 574 1
89 723 1
89 725 1
89 763 1
89 971 1
89 1242 1
89 1287 1
90 112 1
90 242 1
90 244 1
90 284 1
90 389 1
90 510 1
90 534 1
90 547 1
90 667 1
90 682 1
90 759 1
90 813 1
90 1089 1
90 1238 1
90 1254 1
90 1368 1
91 156 1
91 281 1
91 333 1
91 336 1
91 404 1
91 479 1
91 490 1
91 705 1
91 964 1
91 1253 1
92 144 1
92 177 1
92 236 1
92 258 1
92 354 1
92 597 1
92 661 1
92 756 1
92 824 1
92 871 1
92 971 1
92 980 1
92 1005 1
92 1077 1
92 1239 1
92 1351 1
93 216 1
93 262 1
93 277 1
93 301 1
93 316 1
93 518 1
93 782 1
93 804 1
93 916 1
93 1045 1
93 1186 1
94 102 1
94 114 1
94 151 1
94 158 1
94 265 1
94 273 1
94 326 1
94 355 1
94 413 1
94 767 1
94 801 1
94 831 1
94 972 1
94 1030 1
94 1119 1
94 1283 1
95 183 1
95 201 1
95 235 1
95 355 1
95 599 1
95 630 1
95 762 1
95 962 1
96 206 1
96 224 1
96 577 1
96 1296 1
97 391 1
98 121 1
98 161 1
98 218 1
98 238 1
98 281 1
98 304 1
98 329 1
98 369 1
98 387 1
98 443 1
98 500 1
98 641 1
98 1183 1
98 1265 1
98 1297 1
99 165 1
99 227 1
99 445 1
99 451 1
99 467 1
99 508 1
99 525 1
99 543 1
99 709 1
99 715 1
99 847 1
99 948 1
99 1018 1
99 1025 1
100 107 1
100 251 1
100 368 1
100 371 1
100 602 1
100 737 1
100 959 1
100 1205 1
101 131 1
101 152 1
101 169 1
101 184 1
101 361 1
101 719 1
101 942 1
101 1054 1
101 1074 1
101 1212 1
101 1255 1
101 1296 1
101 1311 1
101 1357 1
102 136 1
102 156 1
102 259 1
102 265 1
102 311 1
102 367 1
102 417 1
102 439 1
102 520 1
102 538 1
102 571 1
102 587 1
102 786 1
102 1105 1
102 1197 1
102 1315 1
103 127 1
103 192 1
103 229 1
103 270 1
103 496 1
103 680 1
103 874 1
103 1358 1
104 113 1
104 173 1
104 182 1
104 245 1
104 247 1
104 298 1
104 433 1
104 523 1
104 589 1
104 1069 1
104 1186 1
104 1227 1
104 1314 1
104 1319 1
105 227 1
105 284 1
105 476 1
105 568 1
105 1067 1
106 111 1
106 564 1
106 573 1
106 799 1
107 132 1
107 290 1
107 321 1
107 376 1
107 394 1
107 442 1
107 453 1
107 463 1
107 470 1
107 493 1
107 639 1
107 670 1
107 855 1
107 858 1
107 860 1
107 870 1
107 1076 1
107 1091 1
107 1148 1
107 1157 1
107 1169 1
107 1178 1
107 1210 1
107 1238 1
107 1373 1
107 1380 1
108 990 1
108 1290 1
108 1362 1
109 788 1
109 1368 1
110 116 1
110 158 1
110 187 1
110 369 1
110 547 1
110 820 1
110 844 1
110 1189 1
110 1288 1
110 1299 1
111 254 1
111 443 1
111 1068 1
112 219 1
112 294 1
112 295 1
112 363 1
112 398 1
112 420 1
112 542 1
112 617 1
112 791 1
112 919 1
112 937 1
112 1179 1
112 1206 1
113 118 1
113 126 1
113 163 1
113 178 1
113 196 1
113 302 1
113 324 1
113 332 1
113 478 1
113 965 1
113 1207 1
113 1289 1
114 119 1
114 121 1
114 267 1
114 454 1
114 725 1
114 1318 1
115 147 1
115 197 1
115 873 1
115 1097 1
115 1344 1
116 195 1
116 221 1
116 298 1
116 333 1
116 449 1
116 500 1
116 633 1
116 748 1
116 768 1
116 1011 1
116 1074 1
116 1166 1
116 1251 1
116 1313 1
117 149 1
117 175 1
117 194 1
117 218 1
117 338 1
117 340 1
117 396 1
117 506 1
117 571 1
117 641 1
117 746 1
117 936 1
117 1112 1
117 1137 1
117 1149 1
117 1161 1
117 1165 1
117 1169 1
117 1255 1
117 1266 1
118 152 1
118 243 1
118 249 1
118 252 1
118 383 1
118 487 1
118 512 1
118 670 1
118 813 1
118 827 1
118 1112 1
118 1153 1
118 1193 1
119 204 1
119 233 1
119 243 1
119 316 1
119 508 1
119 1351 1
119 1370 1
119 1387 1
120 123 1
120 132 1
120 144 1
120 268 1
120 392 1
120 790 1
120 832 1
120 1118 1
120 1362 1
120 1369 1
120 1371 1
122 141 1
122 151 1
122 152 1
122 207 1
122 239 1
122 328 1
122 495 1
122 599 1
122 634 1
122 654 1
122 748 1
122 1140 1
122 1158 1
122 1338 1
123 137 1
123 228 1
123 247 1
123 266 1
123 285 1
123 354 1
123 458 1
123 470 1
123 610 1
123 655 1
123 824 1
123 881 1
123 998 1
123 1129 1
123 1286 1
124 172 1
124 331 1
124 338 1
124 356 1
124 489 1
124 635 1
124 762 1
124 775 1
124 791 1
124 858 1
124 931 1
124 979 1
124 1172 1
124 1220 1
124 1268 1
125 260 1
125 322 1
125 323 1
125 431 1
125 580 1
125 581 1
125 601 1
125 666 1
125 700 1
125 706 1
125 742 1
125 760 1
125 818 1
125 885 1
125 993 1
125 1089 1
125 1228 1
125 1244 1
125 1337 1
126 133 1
126 191 1
126 208 1
126 217 1
126 226 1
126 312 1
126 375 1
126 414 1
126 484 1
126 517 1
126 575 1
126 583 1
126 618 1
126 623 1
126 865 1
126 949 1
126 970 1
126 1049 1
126 1063 1
126 1270 1
126 1277 1
126 1328 1
127 354 1
127 516 1
127 799 1
127 876 1
127 939 1
127 1294 1
127 1379 1
128 136 1
128 147 1
128 275 1
128 346 1
128 362 1
128 488 1
128 588 1
128 735 1
128 794 1
128 1394 1
129 605 1
129 888 1
129 1375 1
130 139 1
130 239 1
130 252 1
130 270 1
130 367 1
130 376 1
130 523 1
130 546 1
130 606 1
130 697 1
130 845 1
130 1150 1
131 156 1
131 275 1
131 1050 1
132 183 1
132 448 1
132 558 1
132 769 1
132 1075 1
132 1142 1
132 1152 1
133 441 1
133 687 1
133 724 1
133 1038 1
133 1312 1
133 1347 1
134 235 1
134 237 1
134 426 1
134 462 1
134 606 1
134 687 1
134 689 1
134 945 1
134 1329 1
135 186 1
135 190 1
135 406 1
135 509 1
135 566 1
135 668 1
135 770 1
135 954 1
135 1122 1
136 180 1
136 246 1
136 453 1
136 870 1
136 975 1
136 1093 1
136 1299 1
137 300 1
137 497 1
137 1217 1
138 146 1
138 221 1
138 419 1
138 758 1
138 840 1
138 1256 1
138 1355 1
139 171 1
139 224 1
139 246 1
139 267 1
139 436 1
139 675 1
139 701 1
139 722 1
139 891 1
139 926 1
139 1126 1
139 1348 1
140 168 1
140 174 1
140 253 1
140 373 1
140 541 1
140 602 1
140 710 1
140 711 1
140 782 1
140 815 1
140 925 1
140 1023 1
140 1058 1
141 178 1
141 528 1
141 781 1
141 806 1
141 1037 1
141 1071 1
142 215 1
142 221 1
142 514 1
142 1304 1
143 149 1
143 200 1
143 281 1
143 305 1
143 319 1
143 366 1
143 388 1
143 389 1
143 400 1
143 494 1
143 568 1
143 620 1
143 666 1
143 669 1
143 758 1
143 980 1
143 1149 1
143 1152 1
143 1184 1
143 1214 1
144 211 1
144 212 1
144 246 1
144 272 1
144 370 1
144 417 1
144 507 1
144 580 1
144 732 1
144 921 1
144 1334 1
145 153 1
145 203 1
145 307 1
145 459 1
145 566 1
145 742 1
145 848 1
145 871 1
145 1004 1
145 1045 1
145 1065 1
145 1196 1
145 1197 1
145 1304 1
146 336 1
146 549 1
146 1284 1
147 209 1
147 309 1
147 372 1
147 407 1
147 504 1
147 728 1
147 761 1
147 973 1
147 1366 1
148 285 1
148 363 1
148 366 1
148 453 1
148 559 1
148 574 1
148 590 1
148 626 1
148 734 1
148 735 1
148 817 1
148 919 1
148 969 1
148 1044 1
148 1307 1
148 1325 1
149 188 1
149 210 1
149 598 1
149 645 1
149 793 1
149 888 1
149 1207 1
149 1345 1
150 205 1
150 212 1
150 829 1
150 1233 1
150 1283 1
151 273 1
151 378 1
151 430 1
151 480 1
151 1378 1
151 1389 1
152 198 1
152 260 1
152 282 1
152 504 1
152 634 1
152 769 1
152 790 1
153 253 1
153 276 1
153 286 1
153 304 1
153 322 1
153 374 1
153 436 1
153 907 1
153 1144 1
154 450 1
154 527 1
154 703 1
154 1190 1
154 1274 1
154 1307 1
155 418 1
155 544 1
155 660 1
155 1212 1
155 1290 1
156 269 1
156 498 1
156 530 1
156 534 1
156 575 1
156 800 1
156 913 1
156 1069 1
156 1158 1
156 1206 1
156 1222 1
157 190 1
157 439 1
157 759 1
157 1330 1
158 185 1
158 245 1
158 283 1
158 334 1
158 351 1
158 365 1
158 500 1
158 1174 1
158 1371 1
159 188 1
159 370 1
159 816 1
159 1101 1
159 1181 1
160 409 1
160 571 1
160 1130 1
160 1261 1
160 1399 1
161 587 1
161 727 1
161 785 1
161 803 1
161 863 1
161 912 1
161 1106 1
161 1274 1
161 1361 1
162 207 1
162 299 1
162 309 1
162 402 1
162 403 1
162 404 1
162 432 1
162 651 1
162 923 1
162 1258 1
162 1305 1
162 1316 1
163 233 1
163 1023 1
163 1138 1
163 1226 1
164 353 1
164 386 1
164 576 1
164 690 1
164 1025 1
165 463 1
166 202 1
166 319 1
166 500 1
166 712 1
166 1152 1
167 171 1
167 194 1
167 283 1
167 303 1
167 311 1
167 405 1
167 629 1
167 739 1
167 1035 1
167 1218 1
167 1292 1
169 214 1
169 329 1
169 509 1
169 756 1
169 1143 1
169 1395 1
170 179 1
170 261 1
170 303 1
170 350 1
170 449 1
170 963 1
171 632 1
171 1111 1
172 223 1
172 228 1
172 736 1
172 1007 1
173 257 1
173 321 1
173 343 1
173 347 1
173 369 1
173 1265 1
173 1300 1
173 1374 1
174 355 1
174 430 1
174 868 1
175 179 1
175 206 1
175 229 1
175 232 1
175 398 1
175 418 1
175 449 1
175 464 1
175 492 1
175 510 1
175 578 1
175 683 1
175 701 1
175 723 1
175 759 1
175 797 1
175 885 1
175 891 1
175 892 1
175 911 1
175 933 1
175 986 1
175 995 1
175 1003 1
175 1010 1
175 1081 1
175 1088 1
175 1145 1
175 1147 1
175 1227 1
175 1228 1
175 1372 1
175 1376 1
176 1000 1
177 271 1
177 349 1
177 648 1
177 1043 1
177 1378 1
178 361 1
178 433 1
178 469 1
178 480 1
178 539 1
178 1269 1
179 185 1
179 187 1
179 189 1
179 206 1
179 217 1
179 302 1
179 318 1
179 350 1
179 356 1
179 420 1
179 612 1
179 917 1
179 1035 1
179 1057 1
179 1316 1
180 208 1
180 291 1
180 690 1
181 193 1
181 217 1
181 244 1
181 284 1
181 334 1
181 904 1
181 1151 1
182 311 1
182 313 1
182 506 1
182 676 1
182 697 1
182 806 1
182 827 1
182 858 1
182 883 1
182 968 1
182 1273 1
182 1322 1
183 302 1
183 460 1
183 462 1
183 507 1
183 779 1
183 897 1
184 656 1
184 1285 1
185 388 1
185 809 1
185 941 1
185 1112 1
185 1164 1
185 1375 1
186 213 1
186 248 1
186 317 1
186 399 1
186 848 1
186 924 1
187 207 1
187 230 1
187 575 1
187 785 1
187 1382 1
188 300 1
188 408 1
188 635 1
188 779 1
188 906 1
189 241 1
189 303 1
189 327 1
189 345 1
189 368 1
189 495 1
189 679 1
189 854 1
189 1015 1
189 1159 1
189 1180 1
189 1184 1
189 1288 1
190 399 1
191 599 1
192 307 1
192 319 1
192 410 1
192 478 1
192 490 1
192 591 1
192 713 1
192 753 1
192 895 1
192 1105 1
192 1314 1
192 1338 1
194 242 1
194 317 1
194 846 1
194 990 1
194 1149 1
195 196 1
195 340 1
195 370 1
195 502 1
195 839 1
195 1320 1
195 1383 1
196 255 1
196 541 1
196 569 1
196 617 1
196 735 1
196 882 1
196 911 1
196 996 1
197 204 1
197 368 1
197 691 1
197 768 1
197 1050 1
197 1075 1
197 1113 1
197 1124 1
197 1372 1
197 1374 1
199 207 1
199 1298 1
199 1306 1
200 220 1
200 609 1
200 698 1
201 515 1
201 669 1
201 968 1
201 1248 1
202 236 1
202 246 1
202 406 1
202 561 1
202 819 1
202 1165 1
202 1244 1
202 1303 1
203 879 1
204 483 1
204 582 1
204 680 1
204 1177 1
204 1307 1
205 219 1
205 269 1
205 305 1
205 442 1
205 640 1
205 646 1
205 1130 1
206 335 1
206 337 1
206 341 1
206 422 1
206 795 1
206 1137 1
206 1179 1
206 1225 1
206 1282 1
207 233 1
207 288 1
207 363 1
207 621 1
207 693 1
207 955 1
207 1252 1
207 1296 1
207 1320 1
208 544 1
208 554 1
208 711 1
208 1123 1
208 1161 1
209 270 1
209 494 1
210 519 1
210 599 1
210 621 1
210 651 1
210 796 1
210 855 1
210 972 1
210 1012 1
210 1381 1
211 305 1
211 732 1
211 764 1
211 869 1
211 978 1
211 979 1
211 1076 1
211 1396 1
212 313 1
212 570 1
212 720 1
212 834 1
212 999 1
212 1013 1
213 234 1
213 297 1
213 338 1
213 409 1
213 412 1
213 595 1
213 649 1
214 285 1
214 359 1
214 424 1
214 536 1
215 314 1
215 318 1
215 446 1
215 451 1
215 735 1
215 862 1
216 358 1
216 451 1
216 550 1
216 646 1
216 754 1
216 757 1
217 238 1
217 278 1
217 295 1
217 316 1
217 338 1
217 419 1
217 491 1
217 1107 1
218 484 1
218 664 1
218 893 1
218 1009 1
218 1171 1
219 895 1
219 904 1
220 382 1
220 496 1
220 519 1
220 665 1
220 1044 1
220 1103 1
220 1114 1
220 1180 1
221 277 1
221 355 1
221 383 1
221 497 1
221 1019 1
221 1374 1
222 389 1
222 568 1
222 766 1
222 831 1
222 838 1
222 903 1
222 1036 1
222 1147 1
222 1363 1
223 286 1
223 360 1
223 409 1
223 468 1
223 482 1
223 644 1
223 730 1
223 781 1
223 902 1
223 979 1
223 1027 1
223 1260 1
224 248 1
224 261 1
224 297 1
224 324 1
224 332 1
224 384 1
224 463 1
224 472 1
224 537 1
224 564 1
224 815 1
224 841 1
224 914 1
224 915 1
224 1039 1
224 1124 1
224 1141 1
224 1350 1
225 1150 1
225 1285 1
226 307 1
226 314 1
226 758 1
227 237 1
227 240 1
227 308 1
227 339 1
227 920 1
227 1001 1
227 1226 1
228 382 1
228 609 1
228 1397 1
229 564 1
229 605 1
229 686 1
229 845 1
229 855 1
229 1092 1
229 1253 1
229 1377 1
230 437 1
230 501 1
230 618 1
230 828 1
230 898 1
230 1079 1
230 1191 1
230 1232 1
230 1256 1
230 1370 1
231 339 1
231 521 1
231 534 1
231 650 1
231 1093 1
231 1116 1
231 1256 1
231 1325 1
233 392 1
233 478 1
233 1310 1
234 764 1
234 1321 1
235 272 1
235 356 1
235 532 1
235 582 1
235 604 1
235 660 1
235 738 1
235 1171 1
236 522 1
236 648 1
236 688 1
236 966 1
237 259 1
237 439 1
237 456 1
237 472 1
237 665 1
237 733 1
237 752 1
237 851 1
237 956 1
237 984 1
238 291 1
238 837 1
238 976 1
238 1060 1
238 1391 1
239 306 1
239 570 1
240 944 1
240 1299 1
241 250 1
241 377 1
241 396 1
241 467 1
241 607 1
241 633 1
241 689 1
241 704 1
241 713 1
241 740 1
241 765 1
241 1104 1
241 1162 1
242 657 1
242 1174 1
243 499 1
243 793 1
244 526 1
244 576 1
244 1101 1
244 1159 1
245 273 1
245 535 1
245 914 1
245 977 1
246 620 1
246 1103 1
247 692 1
248 547 1
248 1257 1
249 266 1
249 340 1
249 347 1
249 659 1
249 979 1
249 988 1
250 497 1
250 563 1
250 654 1
250 935 1
250 1189 1
251 916 1
251 1064 1
251 1157 1
251 1281 1
252 382 1
252 425 1
252 739 1
252 744 1
252 749 1
252 786 1
252 871 1
252 897 1
252 1321 1
252 1328 1
253 491 1
253 1014 1
253 1136 1
254 562 1
254 780 1
254 946 1
255 506 1
255 714 1
255 1110 1
256 289 1
256 439 1
256 673 1
256 805 1
256 835 1
256 1161 1
257 615 1
258 581 1
258 678 1
258 1034 1
258 1155 1
258 1160 1
259 293 1
259 497 1
259 1090 1
260 358 1
261 276 1
261 315 1
261 683 1
261 1358 1
262 944 1
263 271 1
263 331 1
263 586 1
263 1111 1
263 1201 1
263 1245 1
263 1390 1
264 413 1
264 464 1
264 780 1
264 786 1
264 867 1
264 1277 1
264 1324 1
265 276 1
265 279 1
265 343 1
265 523 1
265 861 1
265 1367 1
266 515 1
266 557 1
266 983 1
267 299 1
267 300 1
267 344 1
267 379 1
267 602 1
267 610 1
267 951 1
267 996 1
267 1052 1
268 326 1
268 466 1
268 745 1
268 946 1
269 1061 1
269 1126 1
270 348 1
270 535 1
270 959 1
270 960 1
270 1170 1
270 1339 1
271 549 1
271 555 1
271 593 1
271 644 1
271 823 1
271 1011 1
271 1036 1
271 1066 1
271 1088 1
271 1148 1
272 982 1
273 275 1
273 296 1
273 427 1
273 931 1
274 479 1
274 548 1
274 609 1
274 1141 1
275 774 1
275 1384 1
276 576 1
276 900 1
277 288 1
277 429 1
277 443 1
277 498 1
277 543 1
277 578 1
277 585 1
278 291 1
278 461 1
278 863 1
278 957 1
278 1014 1
279 421 1
279 423 1
279 541 1
279 685 1
279 1053 1
279 1085 1
279 1156 1
279 1159 1
279 1361 1
280 826 1
280 1223 1
280 1332 1
281 799 1
281 1138 1
282 386 1
282 900 1
282 913 1
283 456 1
283 654 1
283 795 1
284 299 1
284 429 1
284 511 1
284 515 1
284 556 1
284 631 1
284 656 1
284 725 1
284 763 1
284 924 1
284 1080 1
284 1179 1
284 1275 1
285 558 1
285 604 1
285 627 1
285 1077 1
285 1381 1
285 1384 1
286 410 1
286 749 1
286 754 1
286 969 1
286 1109 1
286 1273 1
286 1288 1
286 1329 1
287 909 1
287 965 1
288 292 1
288 352 1
288 489 1
288 553 1
288 906 1
288 939 1
288 984 1
288 997 1
288 1046 1
288 1362 1
288 1382 1
289 458 1
289 618 1
289 1034 1
289 1187 1
290 416 1
290 442 1
290 579 1
290 1192 1
290 1202 1
290 1268 1
291 366 1
291 518 1
291 1213 1
292 312 1
292 660 1
292 945 1
292 1018 1
293 658 1
293 663 1
294 482 1
294 684 1
294 743 1
295 325 1
295 851 1
295 862 1
295 1023 1
295 1139 1
296 313 1
296 432 1
296 707 1
296 1317 1
297 614 1
297 922 1
297 1115 1
298 454 1
298 836 1
298 847 1
298 853 1
298 896 1
298 985 1
298 1052 1
299 374 1
299 449 1
299 729 1
299 1311 1
300 612 1
301 473 1
301 501 1
301 531 1
301 535 1
301 1386 1
302 306 1
302 510 1
302 859 1
302 1246 1
303 390 1
303 413 1
303 1199 1
304 745 1
304 747 1
304 810 1
304 1346 1
304 1359 1
304 1392 1
305 378 1
305 447 1
305 932 1
305 1295 1
306 678 1
306 751 1
306 812 1
306 823 1
306 1058 1
306 1359 1
307 337 1
307 389 1
307 582 1
307 796 1
307 801 1
307 804 1
307 850 1
307 908 1
307 1081 1
307 1263 1
308 328 1
308 359 1
308 531 1
308 822 1
308 1135 1
308 1309 1
309 503 1
309 551 1
309 722 1
309 860 1
309 947 1
309 1005 1
309 1044 1
309 1233 1
310 335 1
310 1050 1
311 386 1
311 398 1
311 416 1
311 560 1
311 1182 1
312 589 1
312 678 1
312 743 1
312 820 1
312 842 1
312 863 1
312 1054 1
312 1303 1
312 1367 1
313 415 1
313 470 1
313 631 1
313 802 1
313 817 1
313 925 1
313 981 1
313 1099 1
314 323 1
314 324 1
314 385 1
314 441 1
314 452 1
314 525 1
314 551 1
314 627 1
314 645 1
314 794 1
314 1010 1
314 1016 1
314 1022 1
314 1202 1
315 501 1
315 628 1
315 684 1
315 691 1
315 716 1
315 933 1
315 957 1
315 1116 1
315 1128 1
316 328 1
316 1101 1
316 1184 1
317 548 1
317 792 1
317 919 1
317 1043 1
317 1170 1
317 1211 1
317 1237 1
318 326 1
318 822 1
318 1386 1
319 371 1
319 393 1
319 1021 1
320 360 1
320 520 1
320 681 1
320 851 1
320 883 1
321 373 1
321 377 1
321 1122 1
322 335 1
322 392 1
322 572 1
322 875 1
322 1053 1
322 1346 1
322 1374 1
323 408 1
323 748 1
325 415 1
326 518 1
327 597 1
327 619 1
327 1134 1
328 365 1
328 379 1
328 460 1
328 486 1
328 604 1
328 625 1
328 648 1
328 767 1
328 812 1
328 849 1
328 904 1
328 1246 1
328 1315 1
329 705 1
329 828 1
330 486 1
330 765 1
330 1221 1
330 1223 1
330 1240 1
330 1285 1
330 1388 1
331 334 1
331 403 1
331 717 1
331 744 1
331 761 1
332 424 1
332 490 1
332 562 1
332 783 1
332 990 1
332 1202 1
332 1327 1
333 360 1
333 418 1
333 424 1
333 490 1
333 765 1
333 965 1
333 990 1
333 1332 1
334 505 1
334 531 1
334 613 1
334 640 1
334 697 1
334 739 1
334 783 1
334 866 1
334 892 1
334 921 1
334 1210 1
334 1255 1
334 1260 1
336 917 1
336 945 1
338 376 1
338 574 1
338 582 1
339 375 1
339 401 1
339 856 1
340 480 1
340 485 1
340 492 1
340 504 1
340 554 1
340 561 1
340 603 1
340 738 1
340 755 1
340 954 1
340 1301 1
340 1363 1
341 668 1
341 847 1
341 920 1
341 987 1
341 1221 1
342 940 1
342 1035 1
342 1173 1
342 1178 1
342 1199 1
343 508 1
343 601 1
343 692 1
343 821 1
343 884 1
343 983 1
344 697 1
344 1213 1
344 1290 1
345 495 1
345 679 1
345 714 1
345 1028 1
346 621 1
346 1244 1
347 575 1
347 624 1
347 635 1
347 718 1
347 1129 1
347 1292 1
348 768 1
348 1061 1
348 1086 1
348 1108 1
348 1252 1
348 1309 1
349 357 1
349 411 1
349 586 1
349 686 1
349 723 1
349 760 1
349 829 1
349 930 1
349 997 1
349 1022 1
349 1181 1
349 1341 1
350 452 1
350 581 1
350 643 1
351 859 1
351 918 1
352 570 1
352 643 1
352 1032 1
352 1051 1
352 1273 1
353 876 1
354 1064 1
355 939 1
356 431 1
356 1202 1
357 425 1
357 958 1
358 904 1
359 468 1
359 592 1
359 596 1
359 610 1
359 771 1
359 884 1
359 889 1
359 1171 1
359 1268 1
360 372 1
360 390 1
360 1133 1
360 1358 1
361 453 1
361 499 1
361 667 1
361 712 1
361 994 1
361 1029 1
361 1331 1
361 1369 1
362 430 1
362 465 1
362 734 1
362 773 1
362 967 1
362 984 1
362 1030 1
362 1400 1
363 434 1
363 540 1
364 366 1
364 508 1
364 512 1
364 524 1
364 742 1
364 1072 1
364 1133 1
364 1143 1
364 1173 1
364 1175 1
365 423 1
366 1040 1
366 1216 1
366 1304 1
367 496 1
367 651 1
367 702 1
367 1101 1
368 426 1
368 436 1
368 539 1
369 620 1
369 672 1
370 488 1
370 1281 1
371 550 1
373 1253 1
374 585 1
374 771 1
374 1120 1
375 398 1
375 545 1
375 602 1
375 748 1
375 953 1
375 1064 1
375 1223 1
375 1398 1
376 824 1
377 730 1
378 463 1
378 720 1
378 757 1
378 784 1
378 1125 1
378 1248 1
379 545 1
379 708 1
379 721 1
379 755 1
379 825 1
379 873 1
379 902 1
379 1103 1
379 1106 1
379 1233 1
380 394 1
380 482 1
380 538 1
380 542 1
380 578 1
380 1012 1
380 1015 1
380 1058 1
380 1168 1
380 1209 1
380 1212 1
381 675 1
381 830 1
382 443 1
382 591 1
382 678 1
382 870 1
382 892 1
382 952 1
382 1166 1
382 1198 1
383 416 1
383 1344 1
384 411 1
384 563 1
384 589 1
384 677 1
384 719 1
384 844 1
384 1039 1
384 1110 1
384 1380 1
385 623 1
385 731 1
385 955 1
385 1102 1
386 457 1
386 984 1
387 450 1
387 539 1
387 1286 1
388 803 1
388 1280 1
389 403 1
389 435 1
389 549 1
389 787 1
389 1102 1
389 1111 1
390 636 1
390 1026 1
391 773 1
391 973 1
391 1218 1
391 1230 1
392 520 1
392 522 1
392 577 1
392 653 1
392 782 1
392 941 1
392 1217 1
392 1385 1
393 645 1
393 779 1
393 787 1
393 1282 1
395 1159 1
396 730 1
396 782 1
396 818 1
396 866 1
396 872 1
396 926 1
396 1174 1
396 1289 1
396 1330 1
396 1340 1
396 1393 1
397 1220 1
398 432 1
398 660 1
398 1192 1
398 1350 1
398 1397 1
399 553 1
399 684 1
399 695 1
399 716 1
399 888 1
400 405 1
400 421 1
400 471 1
400 926 1
400 1263 1
402 459 1
402 514 1
402 607 1
402 713 1
402 1037 1
402 1259 1
402 1373 1
403 427 1
403 445 1
403 966 1
403 1028 1
403 1033 1
403 1185 1
403 1201 1
403 1207 1
404 420 1
404 444 1
404 552 1
404 1109 1
405 415 1
405 446 1
405 792 1
405 834 1
405 986 1
405 1025 1
405 1351 1
406 429 1
406 462 1
406 679 1
406 789 1
406 951 1
407 671 1
407 821 1
407 1300 1
408 560 1
408 653 1
408 872 1
408 1184 1
408 1308 1
409 447 1
409 566 1
409 792 1
409 1254 1
409 1275 1
410 594 1
410 700 1
410 733 1
410 1160 1
410 1307 1
410 1343 1
411 567 1
411 823 1
412 441 1
413 652 1
413 667 1
413 672 1
413 850 1
413 894 1
414 639 1
414 826 1
414 1169 1
415 588 1
415 631 1
415 952 1
415 1143 1
415 1291 1
416 1094 1
416 1146 1
416 1269 1
417 512 1
417 1114 1
417 1337 1
418 422 1
418 514 1
418 592 1
418 881 1
419 805 1
419 840 1
419 910 1
419 929 1
419 1266 1
419 1343 1
420 632 1
420 874 1
420 1350 1
421 644 1
421 817 1
421 1100 1
422 590 1
422 740 1
422 898 1
422 908 1
422 949 1
423 942 1
424 502 1
424 652 1
424 716 1
425 473 1
425 948 1
425 1347 1
426 475 1
426 593 1
426 700 1
426 1293 1
428 700 1
428 922 1
428 1274 1
429 899 1
430 692 1
430 1244 1
430 1249 1
431 466 1
431 518 1
431 778 1
431 797 1
431 1387 1
432 514 1
432 974 1
432 1066 1
433 471 1
433 1031 1
433 1150 1
434 554 1
434 584 1
434 868 1
434 890 1
434 1023 1
435 834 1
435 898 1
437 483 1
437 662 1
437 878 1
437 1175 1
437 1186 1
438 560 1
438 754 1
438 935 1
438 956 1
438 1102 1
439 628 1
439 837 1
439 1026 1
440 896 1
440 907 1
440 1214 1
440 1275 1
441 615 1
441 688 1
441 803 1
442 641 1
442 893 1
443 513 1
443 662 1
443 685 1
443 716 1
443 1120 1
444 559 1
444 756 1
445 708 1
445 780 1
445 1131 1
445 1230 1
447 861 1
447 968 1
448 565 1
448 568 1
448 627 1
448 835 1
449 591 1
449 760 1
449 1174 1
450 548 1
450 590 1
450 939 1
450 983 1
451 821 1
451 1040 1
452 928 1
452 1134 1
453 464 1
453 561 1
453 906 1
453 1053 1
453 1136 1
455 496 1
455 566 1
455 634 1
455 673 1
455 751 1
455 803 1
455 1146 1
455 1246 1
455 1259 1
455 1291 1
456 474 1
456 723 1
457 961 1
458 466 1
458 475 1
458 477 1
458 525 1
458 767 1
458 976 1
458 1121 1
458 1336 1
459 468 1
459 522 1
459 607 1
459 699 1
459 1017 1
459 1337 1
459 1358 1
460 704 1
460 1143 1
461 474 1
461 528 1
461 648 1
461 913 1
461 970 1
461 1102 1
461 1173 1
461 1179 1
461 1213 1
461 1379 1
463 899 1
463 1029 1
464 932 1
464 989 1
464 1158 1
464 1232 1
466 1224 1
467 475 1
467 989 1
467 1277 1
468 642 1
468 762 1
470 529 1
470 683 1
470 686 1
470 707 1
470 1136 1
470 1310 1
470 1391 1
471 600 1
471 1311 1
471 1391 1
473 640 1
473 1319 1
474 517 1
474 521 1
474 836 1
474 1185 1
475 632 1
475 1082 1
475 1376 1
476 584 1
476 832 1
476 833 1
476 1392 1
477 771 1
477 934 1
477 1083 1
477 1368 1
478 778 1
478 872 1
478 1070 1
479 488 1
480 886 1
480 1259 1
482 558 1
482 1342 1
483 801 1
483 861 1
483 915 1
483 1263 1
484 663 1
484 757 1
484 964 1
484 985 1
484 1075 1
484 1119 1
484 1390 1
486 889 1
486 912 1
486 1009 1
487 567 1
487 578 1
487 968 1
487 994 1
487 1226 1
488 493 1
488 890 1
488 964 1
488 1027 1
488 1062 1
489 580 1
489 724 1
489 1239 1
490 718 1
490 1071 1
491 494 1
491 510 1
491 517 1
491 581 1
491 747 1
491 942 1
491 966 1
491 1010 1
491 1074 1
491 1114 1
491 1269 1
491 1329 1
492 537 1
492 612 1
492 642 1
492 777 1
492 970 1
492 980 1
492 1060 1
492 1091 1
493 720 1
494 557 1
494 596 1
494 662 1
494 1216 1
495 854 1
496 1125 1
496 1254 1
498 643 1
498 837 1
498 1073 1
498 1375 1
499 1072 1
499 1279 1
500 596 1
500 982 1
500 1097 1
500 1114 1
501 1006 1
501 1332 1
502 650 1
502 788 1
502 869 1
502 1289 1
502 1346 1
503 806 1
504 524 1
504 574 1
504 592 1
504 892 1
505 949 1
506 1057 1
506 1086 1
507 527 1
507 897 1
507 1219 1
507 1385 1
508 621 1
508 910 1
508 1071 1
509 932 1
509 977 1
509 1230 1
510 543 1
510 545 1
510 710 1
510 975 1
510 1364 1
511 661 1
511 833 1
511 836 1
511 1336 1
512 516 1
512 623 1
512 763 1
512 920 1
512 1000 1
513 717 1
513 770 1
513 849 1
513 1280 1
513 1328 1
514 699 1
516 681 1
516 764 1
516 1084 1
517 665 1
517 1163 1
518 555 1
518 770 1
518 832 1
520 521 1
520 1020 1
520 1024 1
520 1078 1
520 1091 1
521 1219 1
521 1389 1
523 593 1
524 877 1
524 901 1
524 1084 1
526 530 1
526 609 1
526 614 1
526 907 1
526 930 1
526 1382 1
527 606 1
527 622 1
527 808 1
527 1100 1
527 1219 1
527 1383 1
528 807 1
528 988 1
528 1217 1
528 1394 1
530 573 1
530 588 1
530 969 1
531 712 1
531 991 1
531 1348 1
532 1097 1
533 738 1
534 762 1
535 556 1
535 741 1
536 657 1
536 736 1
536 869 1
537 726 1
537 923 1
537 1216 1
538 600 1
538 769 1
538 1002 1
538 1136 1
538 1343 1
540 674 1
540 945 1
541 767 1
541 1232 1
542 681 1
542 741 1
542 1044 1
543 598 1
543 739 1
543 1051 1
543 1156 1
544 1216 1
545 616 1
545 617 1
545 1175 1
545 1227 1
546 772 1
546 887 1
546 1063 1
546 1293 1
548 710 1
549 1369 1
550 953 1
551 562 1
551 653 1
551 842 1
552 753 1
553 671 1
553 690 1
553 712 1
554 558 1
554 732 1
555 705 1
556 565 1
556 617 1
556 879 1
557 561 1
557 1154 1
558 1355 1
559 736 1
559 1006 1
561 788 1
561 1030 1
562 1026 1
563 948 1
563 1269 1
564 1230 1
565 673 1
565 1189 1
565 1319 1
568 830 1
570 1047 1
570 1108 1
570 1367 1
571 798 1
571 838 1
572 659 1
572 967 1
572 1231 1
572 1308 1
572 1349 1
573 921 1
573 1279 1
573 1306 1
574 670 1
574 719 1
575 785 1
575 1086 1
575 1267 1
576 702 1
577 771 1
577 942 1
577 1399 1
579 595 1
579 807 1
579 811 1
579 938 1
579 1185 1
580 996 1
580 1000 1
581 623 1
581 1326 1
582 713 1
582 1153 1
583 584 1
583 802 1
583 1096 1
586 814 1
586 844 1
587 737 1
588 594 1
588 747 1
589 722 1
589 730 1
590 734 1
590 1177 1
591 894 1
591 1145 1
592 813 1
592 987 1
592 1003 1
592 1086 1
592 1130 1
593 1032 1
595 613 1
596 871 1
597 1112 1
599 1209 1
599 1303 1
601 709 1
601 826 1
601 1222 1
601 1354 1
602 976 1
602 1090 1
602 1353 1
603 1055 1
603 1128 1
604 646 1
604 651 1
604 891 1
604 938 1
604 1264 1
605 973 1
605 1046 1
606 852 1
607 703 1
607 852 1
607 1245 1
608 642 1
608 843 1
608 977 1
608 1004 1
608 1140 1
608 1341 1
608 1396 1
610 687 1
611 1173 1
612 763 1
612 969 1
612 1122 1
612 1147 1
613 867 1
614 894 1
615 664 1
615 699 1
615 845 1
615 981 1
615 1172 1
615 1347 1
617 781 1
617 809 1
617 1030 1
617 1122 1
617 1266 1
617 1386 1
618 1326 1
619 1092 1
620 732 1
620 1228 1
621 1104 1
622 1293 1
622 1315 1
623 950 1
624 931 1
624 1287 1
624 1335 1
625 999 1
625 1100 1
625 1204 1
626 696 1
626 705 1
626 807 1
626 963 1
626 1002 1
626 1043 1
626 1055 1
626 1110 1
626 1264 1
626 1354 1
627 633 1
628 676 1
628 805 1
628 838 1
628 912 1
628 1067 1
629 854 1
629 1340 1
630 750 1
630 883 1
630 1022 1
631 685 1
631 811 1
632 662 1
632 850 1
632 914 1
634 857 1
634 887 1
635 864 1
636 743 1
636 829 1
636 1144 1
638 639 1
638 789 1
639 830 1
639 1261 1
640 1315 1
640 1331 1
641 1297 1
643 667 1
643 1073 1
643 1257 1
643 1302 1
644 676 1
644 701 1
644 750 1
644 1199 1
644 1225 1
644 1250 1
645 1272 1
646 1181 1
648 764 1
648 1055 1
649 720 1
650 658 1
650 835 1
650 1064 1
652 654 1
652 992 1
652 1294 1
653 998 1
655 958 1
655 1353 1
656 822 1
657 1001 1
658 1127 1
660 1078 1
660 1262 1
661 1370 1
662 1073 1
662 1222 1
662 1336 1
663 867 1
664 1137 1
665 694 1
665 842 1
665 1098 1
665 1312 1
666 755 1
666 1322 1
667 1182 1
668 1103 1
668 1324 1
669 706 1
669 859 1
670 1186 1
670 1187 1
670 1295 1
671 1390 1
672 673 1
674 717 1
674 1055 1
674 1074 1
674 1095 1
674 1099 1
675 704 1
675 761 1
675 917 1
675 1040 1
676 1176 1
677 1098 1
677 1129 1
677 1164 1
677 1306 1
679 1285 1
682 985 1
683 694 1
683 1163 1
685 769 1
685 1054 1
685 1287 1
686 808 1
686 856 1
687 903 1
688 853 1
688 1378 1
689 1383 1
690 1001 1
691 865 1
691 1104 1
692 1027 1
693 934 1
693 1017 1
693 1142 1
693 1331 1
697 726 1
697 864 1
697 909 1
697 943 1
697 991 1
697 1048 1
697 1135 1
697 1388 1
698 746 1
698 807 1
698 927 1
698 1305 1
699 843 1
699 1016 1
700 909 1
700 980 1
701 1127 1
701 1399 1
703 715 1
703 760 1
703 868 1
704 972 1
704 1348 1
708 890 1
709 1099 1
710 1057 1
710 1066 1
716 819 1
716 899 1
717 733 1
717 759 1
717 901 1
717 1325 1
718 1048 1
718 1177 1
720 982 1
720 1124 1
721 857 1
721 1105 1
722 829 1
722 860 1
722 1242 1
723 1383 1
725 847 1
726 1245 1
727 879 1
727 1204 1
729 1008 1
729 1400 1
730 1168 1
731 802 1
731 933 1
731 1152 1
731 1176 1
731 1258 1
731 1330 1
731 1381 1
732 1146 1
733 853 1
733 950 1
733 1011 1
733 1113 1
733 1239 1
734 745 1
734 856 1
735 1178 1
735 1277 1
735 1400 1
736 1059 1
736 1234 1
739 833 1
739 911 1
739 915 1
739 1037 1
739 1160 1
740 773 1
740 983 1
740 1085 1
740 1107 1
740 1127 1
740 1153 1
740 1287 1
741 911 1
741 1054 1
741 1385 1
742 1170 1
744 853 1
747 1079 1
747 1176 1
748 1384 1
749 937 1
751 799 1
751 1356 1
752 816 1
752 916 1
753 944 1
753 955 1
754 963 1
754 1016 1
754 1082 1
754 1090 1
755 1108 1
755 1335 1
756 1340 1
758 1139 1
758 1181 1
759 774 1
762 1028 1
763 1183 1
763 1205 1
764 873 1
764 953 1
764 970 1
764 1039 1
764 1167 1
765 797 1
765 1082 1
765 1258 1
765 1335 1
767 986 1
767 1087 1
768 813 1
769 798 1
769 839 1
773 884 1
773 1056 1
774 1111 1
774 1342 1
775 900 1
777 830 1
777 956 1
777 1002 1
778 886 1
778 1266 1
778 1361 1
780 1013 1
780 1014 1
780 1380 1
783 1137 1
783 1312 1
785 860 1
788 954 1
788 1301 1
789 1392 1
790 1094 1
791 866 1
793 1265 1
794 839 1
795 870 1
796 1130 1
796 1342 1
797 1045 1
797 1133 1
799 805 1
799 848 1
801 941 1
801 1041 1
801 1081 1
801 1250 1
803 1038 1
806 1302 1
809 940 1
809 941 1
809 1109 1
809 1242 1
810 943 1
811 842 1
811 1066 1
811 1197 1
813 1069 1
813 1126 1
815 918 1
815 1098 1
815 1131 1
815 1138 1
816 933 1
816 1118 1
816 1198 1
821 895 1
821 1116 1
822 1047 1
822 1070 1
826 1235 1
827 952 1
827 1396 1
828 1364 1
830 966 1
830 1096 1
830 1293 1
831 935 1
831 1007 1
831 1241 1
832 1163 1
832 1206 1
832 1261 1
833 924 1
834 1019 1
835 1365 1
838 890 1
838 1229 1
839 1317 1
840 922 1
840 987 1
840 1063 1
840 1091 1
840 1305 1
841 1133 1
842 1049 1
843 1017 1
843 1141 1
843 1260 1
844 1065 1
844 1354 1
845 865 1
845 1051 1
845 1243 1
845 1271 1
845 1282 1
846 1367 1
848 1131 1
848 1248 1
849 1020 1
849 1162 1
851 959 1
852 1188 1
852 1253 1
852 1364 1
853 1059 1
854 1373 1
857 999 1
857 1321 1
858 882 1
861 1056 1
863 959 1
864 978 1
864 1144 1
864 1241 1
865 948 1
865 1211 1
865 1343 1
866 1001 1
866 1013 1
866 1107 1
868 1123 1
868 1378 1
870 1326 1
871 1076 1
872 1132 1
872 1352 1
874 1019 1
875 1318 1
876 925 1
878 1019 1
878 1129 1
878 1163 1
878 1215 1
879 960 1
880 955 1
880 1280 1
882 1124 1
882 1153 1
882 1161 1
883 909 1
883 1225 1
883 1308 1
885 1187 1
885 1339 1
886 1250 1
886 1360 1
887 1080 1
888 1075 1
889 958 1
894 1330 1
896 1345 1
897 967 1
897 1284 1
898 1016 1
900 1125 1
900 1240 1
902 926 1
903 1201 1
905 1193 1
906 1094 1
906 1205 1
906 1357 1
907 1324 1
908 999 1
909 1317 1
910 1232 1
911 1024 1
912 928 1
915 1062 1
918 929 1
919 974 1
920 1262 1
922 1349 1
923 1068 1
925 1119 1
925 1193 1
926 986 1
926 1319 1
928 929 1
928 1065 1
930 1018 1
931 1004 1
932 1195 1
932 1336 1
932 1355 1
935 1052 1
936 1263 1
937 1132 1
938 1360 1
939 1008 1
939 1036 1
939 1081 1
942 1352 1
943 1071 1
947 1194 1
951 1305 1
952 1150 1
953 1210 1
954 1094 1
954 1140 1
957 972 1
957 1021 1
959 1042 1
960 1118 1
962 991 1
962 1320 1
965 1077 1
965 1278 1
966 1191 1
967 1183 1
968 1087 1
968 1327 1
969 1256 1
970 1267 1
972 1234 1
972 1340 1
973 1121 1
975 1059 1
975 1397 1
976 1034 1
976 1310 1
978 1196 1
978 1390 1
980 1267 1
982 1180 1
983 997 1
983 1096 1
984 1058 1
988 1326 1
989 1088 1
990 1214 1
990 1329 1
991 1014 1
991 1162 1
991 1236 1
995 1252 1
998 1344 1
999 1354 1
999 1393 1
1000 1172 1
1000 1247 1
1000 1323 1
1002 1061 1
1004 1339 1
1006 1314 1
1007 1015 1
1011 1120 1
1016 1145 1
1019 1188 1
1022 1279 1
1024 1198 1
1026 1341 1
1029 1084 1
1031 1160 1
1031 1366 1
1033 1316 1
1034 1314 1
1035 1168 1
1035 1209 1
1036 1398 1
1038 1047 1
1039 1097 1
1040 1276 1
1041 1067 1
1043 1170 1
1044 1045 1
1044 1281 1
1047 1194 1
1047 1275 1
1047 1294 1
1047 1389 1
1050 1252 1
1053 1203 1
1054 1215 1
1054 1278 1
1057 1377 1
1063 1224 1
1064 1176 1
1066 1098 1
1066 1199 1
1072 1241 1
1072 1309 1
1074 1298 1
1077 1271 1
1078 1203 1
1080 1196 1
1083 1377 1
1084 1095 1
1086 1348 1
1087 1395 1
1090 1221 1
1093 1352 1
1094 1118 1
1098 1324 1
1103 1105 1
1104 1166 1
1104 1297 1
1104 1365 1
1105 1177 1
1105 1187 1
1105 1219 1
1105 1298 1
1111 1113 1
1111 1238 1
1119 1195 1
1119 1270 1
1120 1251 1
1126 1234 1
1128 1362 1
1130 1146 1
1131 1203 1
1132 1388 1
1135 1139 1
1138 1276 1
1140 1301 1
1143 1291 1
1144 1190 1
1149 1276 1
1149 1289 1
1154 1251 1
1158 1301 1
1172 1271 1
1178 1360 1
1188 1257 1
1188 1388 1
1191 1323 1
1195 1247 1
1203 1243 1
1204 1272 1
1205 1366 1
1209 1363 1
1214 1382 1
1220 1313 1
1220 1385 1
1221 1349 1
1221 1391 1
1222 1379 1
1227 1236 1
1229 1282 1
1231 1313 1
1246 1247 1
1248 1318 1
1249 1380 1
1250 1303 1
1255 1262 1
1259 1338 1
1260 1365 1
1261 1310 1
1264 1356 1
1278 1345 1
1279 1384 1
1290 1298 1
1293 1394 1
1295 1396 1
1314 1379 1
1328 1370 1
1331 1398 1
1340 1359 1
1343 1361 1
1345 1360 1
1345 1397 1
1346 1363 1
1355 1356 1
1360 1395 1
