700 2784 
1 2 1
1 3 1
1 4 1
1 5 1
1 6 1
1 8 1
1 9 1
1 10 1
1 12 1
1 14 1
1 16 1
1 20 1
1 21 1
1 22 1
1 24 1
1 27 1
1 30 1
1 31 1
1 33 1
1 37 1
1 38 1
1 44 1
1 55 1
1 56 1
1 75 1
1 78 1
1 80 1
1 82 1
1 92 1
1 93 1
1 99 1
1 103 1
1 106 1
1 111 1
1 112 1
1 124 1
1 126 1
1 132 1
1 137 1
1 145 1
1 156 1
1 167 1
1 178 1
1 189 1
1 194 1
1 202 1
1 210 1
1 226 1
1 227 1
1 233 1
1 236 1
1 239 1
1 248 1
1 257 1
1 258 1
1 263 1
1 283 1
1 296 1
1 300 1
1 308 1
1 310 1
1 315 1
1 332 1
1 345 1
1 353 1
1 370 1
1 381 1
1 391 1
1 395 1
1 400 1
1 408 1
1 422 1
1 423 1
1 444 1
1 451 1
1 452 1
1 487 1
1 488 1
1 509 1
1 543 1
1 564 1
1 575 1
1 604 1
1 607 1
1 613 1
1 624 1
1 628 1
1 640 1
1 645 1
1 667 1
1 669 1
1 676 1
1 680 1
2 11 1
2 30 1
2 50 1
2 64 1
2 75 1
2 78 1
2 84 1
2 87 1
2 94 1
2 106 1
2 108 1
2 131 1
2 142 1
2 144 1
2 162 1
2 164 1
2 172 1
2 194 1
2 204 1
2 247 1
2 280 1
2 286 1
2 311 1
2 323 1
2 326 1
2 331 1
2 385 1
2 386 1
2 402 1
2 410 1
2 418 1
2 452 1
2 492 1
2 494 1
2 530 1
2 542 1
2 559 1
2 612 1
2 618 1
2 681 1
2 687 1
3 6 1
3 7 1
3 10 1
3 11 1
3 12 1
3 15 1
3 18 1
3 24 1
3 25 1
3 29 1
3 31 1
3 33 1
3 36 1
3 40 1
3 43 1
3 45 1
3 46 1
3 51 1
3 62 1
3 65 1
3 81 1
3 105 1
3 125 1
3 128 1
3 180 1
3 182 1
3 190 1
3 220 1
3 225 1
3 233 1
3 245 1
3 271 1
3 278 1
3 296 1
3 304 1
3 320 1
3 336 1
3 355 1
3 376 1
3 381 1
3 387 1
3 413 1
3 420 1
3 441 1
3 556 1
3 570 1
3 597 1
3 598 1
3 611 1
3 616 1
3 648 1
4 6 1
4 7 1
4 8 1
4 9 1
4 10 1
4 11 1
4 12 1
4 13 1
4 14 1
4 17 1
4 18 1
4 21 1
4 23 1
4 32 1
4 38 1
4 39 1
4 41 1
4 47 1
4 48 1
4 50 1
4 58 1
4 60 1
4 62 1
4 65 1
4 73 1
4 76 1
4 85 1
4 94 1
4 100 1
4 120 1
4 126 1
4 140 1
4 148 1
4 161 1
4 164 1
4 173 1
4 189 1
4 195 1
4 197 1
4 218 1
4 226 1
4 229 1
4 234 1
4 237 1
4 241 1
4 275 1
4 276 1
4 279 1
4 283 1
4 287 1
4 295 1
4 296 1
4 318 1
4 319 1
4 327 1
4 342 1
4 366 1
4 378 1
4 387 1
4 400 1
4 433 1
4 460 1
4 479 1
4 509 1
4 517 1
4 520 1
4 548 1
4 549 1
4 551 1
4 554 1
4 570 1
4 596 1
4 621 1
4 636 1
4 671 1
5 6 1
5 7 1
5 9 1
5 13 1
5 15 1
5 17 1
5 18 1
5 31 1
5 40 1
5 43 1
5 49 1
5 54 1
5 59 1
5 64 1
5 65 1
5 84 1
5 89 1
5 112 1
5 115 1
5 120 1
5 137 1
5 151 1
5 154 1
5 161 1
5 162 1
5 198 1
5 219 1
5 240 1
5 265 1
5 281 1
5 290 1
5 335 1
5 366 1
5 375 1
5 377 1
5 391 1
5 459 1
5 485 1
5 495 1
5 506 1
5 511 1
5 540 1
5 615 1
5 647 1
5 670 1
6 7 1
6 8 1
6 9 1
6 10 1
6 13 1
6 19 1
6 24 1
6 25 1
6 27 1
6 37 1
6 40 1
6 41 1
6 49 1
6 51 1
6 55 1
6 57 1
6 58 1
6 61 1
6 73 1
6 89 1
6 100 1
6 111 1
6 118 1
6 173 1
6 176 1
6 179 1
6 182 1
6 186 1
6 188 1
6 215 1
6 217 1
6 220 1
6 229 1
6 230 1
6 236 1
6 241 1
6 246 1
6 254 1
6 273 1
6 282 1
6 289 1
6 293 1
6 306 1
6 308 1
6 321 1
6 347 1
6 370 1
6 382 1
6 419 1
6 441 1
6 443 1
6 463 1
6 480 1
6 493 1
6 505 1
6 506 1
6 513 1
6 517 1
6 518 1
6 553 1
6 578 1
6 586 1
6 596 1
6 616 1
6 641 1
6 660 1
6 700 1
7 8 1
7 12 1
7 13 1
7 16 1
7 20 1
7 33 1
7 35 1
7 39 1
7 42 1
7 53 1
7 62 1
7 63 1
7 66 1
7 69 1
7 72 1
7 85 1
7 91 1
7 103 1
7 104 1
7 110 1
7 132 1
7 195 1
7 214 1
7 218 1
7 235 1
7 273 1
7 288 1
7 412 1
7 450 1
7 451 1
7 456 1
7 569 1
7 650 1
7 661 1
8 16 1
8 19 1
8 22 1
8 26 1
8 32 1
8 40 1
8 91 1
8 100 1
8 101 1
8 116 1
8 139 1
8 155 1
8 169 1
8 197 1
8 199 1
8 237 1
8 249 1
8 279 1
8 285 1
8 288 1
8 322 1
8 324 1
8 377 1
8 399 1
8 414 1
8 437 1
8 449 1
8 464 1
8 499 1
8 515 1
8 519 1
8 525 1
8 531 1
8 537 1
8 553 1
8 572 1
8 602 1
8 656 1
8 660 1
8 695 1
9 11 1
9 14 1
9 16 1
9 19 1
9 24 1
9 28 1
9 29 1
9 33 1
9 35 1
9 60 1
9 64 1
9 67 1
9 70 1
9 88 1
9 95 1
9 124 1
9 127 1
9 133 1
9 134 1
9 152 1
9 172 1
9 175 1
9 177 1
9 183 1
9 188 1
9 191 1
9 209 1
9 211 1
9 252 1
9 253 1
9 263 1
9 300 1
9 335 1
9 339 1
9 349 1
9 372 1
9 389 1
9 421 1
9 427 1
9 436 1
9 439 1
9 451 1
9 459 1
9 466 1
9 534 1
9 631 1
9 635 1
9 655 1
9 661 1
9 678 1
9 679 1
9 693 1
10 14 1
10 21 1
10 22 1
10 25 1
10 31 1
10 34 1
10 47 1
10 76 1
10 97 1
10 122 1
10 148 1
10 151 1
10 153 1
10 196 1
10 244 1
10 298 1
10 358 1
10 367 1
10 402 1
10 407 1
10 420 1
10 430 1
10 571 1
10 670 1
11 25 1
11 34 1
11 77 1
11 90 1
11 161 1
11 184 1
11 286 1
11 307 1
11 327 1
11 342 1
11 360 1
11 466 1
11 555 1
11 679 1
12 15 1
12 46 1
12 73 1
12 138 1
12 141 1
12 166 1
12 181 1
12 262 1
12 300 1
12 304 1
12 351 1
12 498 1
12 502 1
12 576 1
12 587 1
13 17 1
13 18 1
13 28 1
13 44 1
13 66 1
13 79 1
13 101 1
13 133 1
13 206 1
13 219 1
13 244 1
13 261 1
13 313 1
13 535 1
13 603 1
13 633 1
13 651 1
13 663 1
14 15 1
14 28 1
14 36 1
14 45 1
14 51 1
14 52 1
14 57 1
14 113 1
14 127 1
14 144 1
14 148 1
14 170 1
14 208 1
14 214 1
14 260 1
14 273 1
14 406 1
14 445 1
14 520 1
14 540 1
14 665 1
14 684 1
15 17 1
15 28 1
15 35 1
15 47 1
15 54 1
15 66 1
15 71 1
15 99 1
15 110 1
15 117 1
15 140 1
15 186 1
15 208 1
15 209 1
15 235 1
15 258 1
15 278 1
15 333 1
15 340 1
15 370 1
15 398 1
15 440 1
15 450 1
15 503 1
15 513 1
15 546 1
15 588 1
15 614 1
15 661 1
15 668 1
16 22 1
16 37 1
16 43 1
16 68 1
16 81 1
16 82 1
16 113 1
16 160 1
16 166 1
16 209 1
16 257 1
16 271 1
16 334 1
16 384 1
16 397 1
16 565 1
16 658 1
17 19 1
17 20 1
17 21 1
17 23 1
17 29 1
17 38 1
17 46 1
17 50 1
17 52 1
17 58 1
17 63 1
17 71 1
17 75 1
17 85 1
17 115 1
17 117 1
17 129 1
17 142 1
17 153 1
17 155 1
17 199 1
17 212 1
17 250 1
17 277 1
17 282 1
17 292 1
17 297 1
17 324 1
17 364 1
17 404 1
17 434 1
17 444 1
17 453 1
17 490 1
17 491 1
17 503 1
17 512 1
17 548 1
17 550 1
17 556 1
17 590 1
18 20 1
18 23 1
18 38 1
18 53 1
18 56 1
18 67 1
18 68 1
18 86 1
18 114 1
18 119 1
18 144 1
18 212 1
18 237 1
18 238 1
18 262 1
18 276 1
18 301 1
18 316 1
18 320 1
18 371 1
18 373 1
18 392 1
18 511 1
18 616 1
19 147 1
19 149 1
19 165 1
19 382 1
20 26 1
20 57 1
20 61 1
20 88 1
20 95 1
20 96 1
20 139 1
20 275 1
20 366 1
20 375 1
20 407 1
20 514 1
20 539 1
20 543 1
20 605 1
21 27 1
21 39 1
21 51 1
21 61 1
21 69 1
21 77 1
21 86 1
21 93 1
21 109 1
21 110 1
21 123 1
21 130 1
21 131 1
21 148 1
21 150 1
21 156 1
21 213 1
21 232 1
21 264 1
21 334 1
21 385 1
21 463 1
21 484 1
21 518 1
21 525 1
21 563 1
21 594 1
21 619 1
21 639 1
21 644 1
21 653 1
21 659 1
21 664 1
21 674 1
21 683 1
21 689 1
22 23 1
22 66 1
22 112 1
22 187 1
22 222 1
22 299 1
22 339 1
22 435 1
23 26 1
23 27 1
23 130 1
23 134 1
23 189 1
23 209 1
23 211 1
23 281 1
23 318 1
23 442 1
23 487 1
23 610 1
24 34 1
24 44 1
24 49 1
24 56 1
24 58 1
24 59 1
24 79 1
24 116 1
24 147 1
24 168 1
24 170 1
24 171 1
24 246 1
24 267 1
24 279 1
24 305 1
24 321 1
24 322 1
24 365 1
24 397 1
24 446 1
24 458 1
24 608 1
24 618 1
24 623 1
24 638 1
24 671 1
25 26 1
25 59 1
25 74 1
25 121 1
25 122 1
25 125 1
25 128 1
25 165 1
25 200 1
25 312 1
25 331 1
25 355 1
25 436 1
25 437 1
25 473 1
25 619 1
25 641 1
25 693 1
26 35 1
26 43 1
26 57 1
26 78 1
26 83 1
26 90 1
26 113 1
26 153 1
26 192 1
26 208 1
26 215 1
26 255 1
26 285 1
26 291 1
26 410 1
26 433 1
26 470 1
26 576 1
26 588 1
27 48 1
27 79 1
27 85 1
27 130 1
27 157 1
27 229 1
27 242 1
27 308 1
27 317 1
27 341 1
27 409 1
27 435 1
27 457 1
27 468 1
27 530 1
27 665 1
28 29 1
28 30 1
28 32 1
28 47 1
28 72 1
28 82 1
28 84 1
28 87 1
28 134 1
28 145 1
28 152 1
28 186 1
28 188 1
28 213 1
28 254 1
28 258 1
28 259 1
28 278 1
28 302 1
28 329 1
28 344 1
28 356 1
28 360 1
28 497 1
28 520 1
28 544 1
28 561 1
28 602 1
28 628 1
28 699 1
29 30 1
29 32 1
29 37 1
29 42 1
29 65 1
29 68 1
29 95 1
29 102 1
29 118 1
29 176 1
29 185 1
29 232 1
29 243 1
29 252 1
29 303 1
29 344 1
29 351 1
29 383 1
29 399 1
29 442 1
29 480 1
29 541 1
29 586 1
29 600 1
29 627 1
29 655 1
30 34 1
30 41 1
30 114 1
30 158 1
30 182 1
30 193 1
30 214 1
30 302 1
30 306 1
30 371 1
30 437 1
30 438 1
30 459 1
30 506 1
30 522 1
30 550 1
30 676 1
30 695 1
31 70 1
31 82 1
31 99 1
31 104 1
31 180 1
31 206 1
31 224 1
31 244 1
31 309 1
31 330 1
31 357 1
31 362 1
31 412 1
31 420 1
31 462 1
31 467 1
31 517 1
31 593 1
31 607 1
31 680 1
32 36 1
32 42 1
32 53 1
32 121 1
32 204 1
32 251 1
32 259 1
32 326 1
32 382 1
32 413 1
32 472 1
32 575 1
33 36 1
33 39 1
33 54 1
33 71 1
33 72 1
33 164 1
33 193 1
33 216 1
33 227 1
33 303 1
33 311 1
33 378 1
33 396 1
33 578 1
34 42 1
34 45 1
34 48 1
34 52 1
34 70 1
34 75 1
34 77 1
34 106 1
34 139 1
34 142 1
34 189 1
34 194 1
34 223 1
34 227 1
34 230 1
34 250 1
34 278 1
34 279 1
34 281 1
34 291 1
34 333 1
34 344 1
34 376 1
34 412 1
34 480 1
34 482 1
34 497 1
34 556 1
34 558 1
34 589 1
34 629 1
34 634 1
34 659 1
34 694 1
35 46 1
35 63 1
35 86 1
35 91 1
35 105 1
35 119 1
35 154 1
35 158 1
35 159 1
35 202 1
35 228 1
35 233 1
35 287 1
35 358 1
35 388 1
35 425 1
35 447 1
35 468 1
35 472 1
35 526 1
35 611 1
35 614 1
36 54 1
36 178 1
36 260 1
36 269 1
36 355 1
36 484 1
36 673 1
36 683 1
37 59 1
37 98 1
37 104 1
37 131 1
37 217 1
37 231 1
37 282 1
37 310 1
37 363 1
37 417 1
37 473 1
37 474 1
37 489 1
37 529 1
37 654 1
37 679 1
38 50 1
38 52 1
38 69 1
38 89 1
38 203 1
38 211 1
38 305 1
38 323 1
38 350 1
38 359 1
38 389 1
38 392 1
38 464 1
38 488 1
38 494 1
38 512 1
38 516 1
38 568 1
39 67 1
39 103 1
39 181 1
39 194 1
39 291 1
39 392 1
40 41 1
40 68 1
40 70 1
40 74 1
40 76 1
40 80 1
40 97 1
40 110 1
40 131 1
40 133 1
40 141 1
40 198 1
40 230 1
40 231 1
40 246 1
40 269 1
40 392 1
40 405 1
40 465 1
40 470 1
40 481 1
40 544 1
40 559 1
41 44 1
41 45 1
41 53 1
41 64 1
41 118 1
41 121 1
41 125 1
41 147 1
41 157 1
41 164 1
41 174 1
41 210 1
41 260 1
41 266 1
41 268 1
41 300 1
41 313 1
41 316 1
41 321 1
41 345 1
41 356 1
41 373 1
41 376 1
41 381 1
41 409 1
41 413 1
41 473 1
41 494 1
41 533 1
41 536 1
41 559 1
41 625 1
41 650 1
41 698 1
42 48 1
42 60 1
42 67 1
42 79 1
42 116 1
42 183 1
42 291 1
42 294 1
42 339 1
42 343 1
42 419 1
42 452 1
42 453 1
42 476 1
42 574 1
42 619 1
42 633 1
42 642 1
43 56 1
43 72 1
43 90 1
43 129 1
43 143 1
43 149 1
43 158 1
43 192 1
43 227 1
43 251 1
43 284 1
43 337 1
43 437 1
43 446 1
43 488 1
43 612 1
44 74 1
44 105 1
44 111 1
44 187 1
44 190 1
44 202 1
44 262 1
44 275 1
44 292 1
44 390 1
44 514 1
44 601 1
44 649 1
44 664 1
45 49 1
45 55 1
45 62 1
45 83 1
45 86 1
45 105 1
45 115 1
45 142 1
45 171 1
45 192 1
45 203 1
45 225 1
45 285 1
45 301 1
45 373 1
45 394 1
45 426 1
45 458 1
45 486 1
45 554 1
45 579 1
45 645 1
45 646 1
46 248 1
46 561 1
47 71 1
47 73 1
47 80 1
47 117 1
47 156 1
47 184 1
47 689 1
48 60 1
48 92 1
48 96 1
48 107 1
48 125 1
48 129 1
48 132 1
48 145 1
48 157 1
48 342 1
48 378 1
48 481 1
48 493 1
48 605 1
48 617 1
48 651 1
48 656 1
49 121 1
49 256 1
49 325 1
49 502 1
49 658 1
50 83 1
50 98 1
50 107 1
50 135 1
50 176 1
50 268 1
50 307 1
50 694 1
51 61 1
51 95 1
51 146 1
51 365 1
51 472 1
51 570 1
52 259 1
52 340 1
52 426 1
52 527 1
53 55 1
53 63 1
53 196 1
53 265 1
53 529 1
53 561 1
53 592 1
53 677 1
54 207 1
54 493 1
54 541 1
55 84 1
55 144 1
55 431 1
55 456 1
55 563 1
55 631 1
55 678 1
56 178 1
56 374 1
56 408 1
56 505 1
56 590 1
56 626 1
56 632 1
57 231 1
57 457 1
58 119 1
58 132 1
58 135 1
58 355 1
58 428 1
58 469 1
58 670 1
59 166 1
59 167 1
59 222 1
59 304 1
59 395 1
59 410 1
59 587 1
59 640 1
60 138 1
61 77 1
61 83 1
61 138 1
61 167 1
61 409 1
61 471 1
61 577 1
61 637 1
62 106 1
62 216 1
62 353 1
62 486 1
62 648 1
63 81 1
63 127 1
63 152 1
63 155 1
63 181 1
63 213 1
63 354 1
63 361 1
63 399 1
63 409 1
63 426 1
63 446 1
63 462 1
63 554 1
63 655 1
63 672 1
64 69 1
64 81 1
64 92 1
64 114 1
64 136 1
64 195 1
64 200 1
64 205 1
64 242 1
64 256 1
64 298 1
64 303 1
64 317 1
64 320 1
64 330 1
64 421 1
64 546 1
64 622 1
65 98 1
65 122 1
65 170 1
65 180 1
65 197 1
65 220 1
65 239 1
65 261 1
65 451 1
65 568 1
65 610 1
66 74 1
66 102 1
66 108 1
66 151 1
66 316 1
66 338 1
66 346 1
66 439 1
66 583 1
66 606 1
66 639 1
67 90 1
67 92 1
67 93 1
67 94 1
67 159 1
67 175 1
67 208 1
67 212 1
67 218 1
67 241 1
67 245 1
67 287 1
67 295 1
67 403 1
67 432 1
67 501 1
68 154 1
68 191 1
68 215 1
68 261 1
68 298 1
68 327 1
68 340 1
68 357 1
68 517 1
68 536 1
68 569 1
68 597 1
68 696 1
69 153 1
69 491 1
69 603 1
70 91 1
70 146 1
70 175 1
70 256 1
70 366 1
70 423 1
70 545 1
70 639 1
70 649 1
71 78 1
71 87 1
71 102 1
71 167 1
71 347 1
71 352 1
71 496 1
71 500 1
71 553 1
71 567 1
71 642 1
71 674 1
72 76 1
72 183 1
72 195 1
72 255 1
73 88 1
73 89 1
73 99 1
73 115 1
73 126 1
73 135 1
73 180 1
73 221 1
73 222 1
73 235 1
73 298 1
73 350 1
73 353 1
73 377 1
73 411 1
73 470 1
73 488 1
73 515 1
73 545 1
73 575 1
73 598 1
74 96 1
74 114 1
74 123 1
74 169 1
74 232 1
74 299 1
74 550 1
75 157 1
75 165 1
75 270 1
75 299 1
75 377 1
75 430 1
75 479 1
75 699 1
76 80 1
76 120 1
76 149 1
76 253 1
76 332 1
76 349 1
76 379 1
76 476 1
76 478 1
76 487 1
76 489 1
76 562 1
76 656 1
76 662 1
77 126 1
77 128 1
77 200 1
77 232 1
77 352 1
77 462 1
77 494 1
77 512 1
77 533 1
78 184 1
78 253 1
78 274 1
78 310 1
78 367 1
78 462 1
79 88 1
79 107 1
79 193 1
79 223 1
79 224 1
79 247 1
79 415 1
79 551 1
79 658 1
80 181 1
80 267 1
80 541 1
80 573 1
81 96 1
81 163 1
81 280 1
81 287 1
81 490 1
81 505 1
81 528 1
82 113 1
82 212 1
82 266 1
82 289 1
82 313 1
82 530 1
82 573 1
82 683 1
83 101 1
83 109 1
83 152 1
83 169 1
83 204 1
83 250 1
83 274 1
83 403 1
83 438 1
83 610 1
83 644 1
84 162 1
84 174 1
84 185 1
84 219 1
84 322 1
84 417 1
84 532 1
84 677 1
85 87 1
85 127 1
85 140 1
85 205 1
85 255 1
85 263 1
85 290 1
85 324 1
85 433 1
85 495 1
85 508 1
86 143 1
86 197 1
86 236 1
86 247 1
86 396 1
87 93 1
87 109 1
87 129 1
87 143 1
87 173 1
87 179 1
87 201 1
87 239 1
87 286 1
87 305 1
87 356 1
87 381 1
87 442 1
87 454 1
87 456 1
87 470 1
87 584 1
88 123 1
88 150 1
88 285 1
88 404 1
88 454 1
88 587 1
89 94 1
89 97 1
89 133 1
89 163 1
89 238 1
89 354 1
89 431 1
89 478 1
89 569 1
89 600 1
90 103 1
90 364 1
90 448 1
90 503 1
91 97 1
91 170 1
91 174 1
91 252 1
91 256 1
91 435 1
91 666 1
92 135 1
92 168 1
92 193 1
92 315 1
92 354 1
92 380 1
92 389 1
92 476 1
94 98 1
94 104 1
94 184 1
94 190 1
94 384 1
94 448 1
94 645 1
95 100 1
95 102 1
95 107 1
95 122 1
95 203 1
95 220 1
95 350 1
95 369 1
95 434 1
95 481 1
95 553 1
95 558 1
95 560 1
95 581 1
96 111 1
96 112 1
96 117 1
96 118 1
96 124 1
96 159 1
96 177 1
96 196 1
96 229 1
96 368 1
96 419 1
96 444 1
96 528 1
96 568 1
96 608 1
96 690 1
96 695 1
97 108 1
97 162 1
97 274 1
97 432 1
97 498 1
97 504 1
97 674 1
98 140 1
98 187 1
98 269 1
98 577 1
98 662 1
99 101 1
99 603 1
100 108 1
100 141 1
100 154 1
100 249 1
100 294 1
100 346 1
100 442 1
100 455 1
100 491 1
100 620 1
100 676 1
101 171 1
102 352 1
102 380 1
102 632 1
102 639 1
103 147 1
103 186 1
103 254 1
103 272 1
103 301 1
103 538 1
103 615 1
104 109 1
104 119 1
104 145 1
104 185 1
104 213 1
104 341 1
104 375 1
104 524 1
105 139 1
105 159 1
105 178 1
105 188 1
105 398 1
105 461 1
105 664 1
106 143 1
106 215 1
107 302 1
107 379 1
107 534 1
107 695 1
108 137 1
108 172 1
108 235 1
108 293 1
108 579 1
109 141 1
109 240 1
109 303 1
109 323 1
109 406 1
109 463 1
109 555 1
110 228 1
110 319 1
110 411 1
110 425 1
110 428 1
110 521 1
110 649 1
110 654 1
110 667 1
111 214 1
111 284 1
111 297 1
111 418 1
111 438 1
111 610 1
112 128 1
112 210 1
112 277 1
113 137 1
113 160 1
113 182 1
113 207 1
113 290 1
113 547 1
113 653 1
114 123 1
114 415 1
114 534 1
114 626 1
114 691 1
115 116 1
115 166 1
115 223 1
115 224 1
115 272 1
115 308 1
115 312 1
115 360 1
115 456 1
115 468 1
116 177 1
117 155 1
117 158 1
117 168 1
117 179 1
117 183 1
117 238 1
117 250 1
117 283 1
117 347 1
117 630 1
118 120 1
118 160 1
118 239 1
118 275 1
118 330 1
118 333 1
118 346 1
118 362 1
118 374 1
118 443 1
118 448 1
118 579 1
118 595 1
118 624 1
118 627 1
119 124 1
119 136 1
119 226 1
119 276 1
119 315 1
119 383 1
119 422 1
119 549 1
119 594 1
119 631 1
119 632 1
119 653 1
120 238 1
120 246 1
120 281 1
120 289 1
120 368 1
120 511 1
120 686 1
121 175 1
121 201 1
121 204 1
121 207 1
121 217 1
121 245 1
121 266 1
121 309 1
121 325 1
121 359 1
121 385 1
121 412 1
121 460 1
121 469 1
121 556 1
121 669 1
122 222 1
122 507 1
122 512 1
122 584 1
123 169 1
123 216 1
123 299 1
123 314 1
123 336 1
123 588 1
124 151 1
124 230 1
124 511 1
124 547 1
124 582 1
124 620 1
125 174 1
125 179 1
125 207 1
125 259 1
125 429 1
125 545 1
125 572 1
126 134 1
126 163 1
126 252 1
126 264 1
126 272 1
126 295 1
126 306 1
126 327 1
126 328 1
126 402 1
126 690 1
127 146 1
127 218 1
127 226 1
127 242 1
127 340 1
127 363 1
127 399 1
127 400 1
128 130 1
128 136 1
128 172 1
128 185 1
128 196 1
128 206 1
128 268 1
128 314 1
128 387 1
128 397 1
128 486 1
128 590 1
128 608 1
129 562 1
130 150 1
130 171 1
130 210 1
130 321 1
130 532 1
130 558 1
130 560 1
130 627 1
130 682 1
131 173 1
131 198 1
131 199 1
131 221 1
131 297 1
131 302 1
131 325 1
131 548 1
131 555 1
132 136 1
132 150 1
132 219 1
132 343 1
132 416 1
132 421 1
132 497 1
132 693 1
133 221 1
133 234 1
133 322 1
133 332 1
133 361 1
133 413 1
133 531 1
134 248 1
134 274 1
134 461 1
134 588 1
135 690 1
136 163 1
136 198 1
136 228 1
136 284 1
136 429 1
136 522 1
136 535 1
137 138 1
137 292 1
137 519 1
137 594 1
137 685 1
138 146 1
138 201 1
138 217 1
138 436 1
138 475 1
138 518 1
139 338 1
139 465 1
139 574 1
139 657 1
140 344 1
140 469 1
140 485 1
142 271 1
142 335 1
143 149 1
143 223 1
143 265 1
143 431 1
143 477 1
143 509 1
143 634 1
144 247 1
146 306 1
146 337 1
146 424 1
146 475 1
146 583 1
146 626 1
146 697 1
148 253 1
148 372 1
148 386 1
148 466 1
148 491 1
148 557 1
148 586 1
148 609 1
149 165 1
149 168 1
149 205 1
149 249 1
149 311 1
149 317 1
149 326 1
149 329 1
149 382 1
149 395 1
149 406 1
149 419 1
149 504 1
149 535 1
149 552 1
151 156 1
151 292 1
151 345 1
151 393 1
151 659 1
152 160 1
152 339 1
152 359 1
152 432 1
152 460 1
152 593 1
152 628 1
152 647 1
153 508 1
153 532 1
153 601 1
154 192 1
154 200 1
154 270 1
154 329 1
154 348 1
154 490 1
154 571 1
155 364 1
155 508 1
156 329 1
156 453 1
156 548 1
157 348 1
157 385 1
157 599 1
157 687 1
158 176 1
158 280 1
158 620 1
159 161 1
159 471 1
160 187 1
160 264 1
160 271 1
160 328 1
160 367 1
160 389 1
160 410 1
160 461 1
160 529 1
160 564 1
161 203 1
161 374 1
161 398 1
161 501 1
161 542 1
161 559 1
161 578 1
161 667 1
162 225 1
162 534 1
162 663 1
163 177 1
163 401 1
163 447 1
163 475 1
163 490 1
163 652 1
164 331 1
164 369 1
164 375 1
164 422 1
164 646 1
164 698 1
165 191 1
165 268 1
165 294 1
165 325 1
165 338 1
165 383 1
165 483 1
165 492 1
165 560 1
166 216 1
166 251 1
167 290 1
167 307 1
167 351 1
167 356 1
167 368 1
167 380 1
167 394 1
167 441 1
167 457 1
167 463 1
167 528 1
167 589 1
167 636 1
167 638 1
167 663 1
168 202 1
168 206 1
168 349 1
169 320 1
169 498 1
169 557 1
169 593 1
171 405 1
171 414 1
171 439 1
171 692 1
172 231 1
172 526 1
174 190 1
174 240 1
174 255 1
174 397 1
174 438 1
174 616 1
175 270 1
175 323 1
175 401 1
175 521 1
175 668 1
175 669 1
176 234 1
176 427 1
176 633 1
177 318 1
177 411 1
178 537 1
179 364 1
180 266 1
180 408 1
180 562 1
181 519 1
182 293 1
182 492 1
182 506 1
183 471 1
183 489 1
183 540 1
183 669 1
184 191 1
184 296 1
184 332 1
184 388 1
184 564 1
185 205 1
185 358 1
185 688 1
186 599 1
187 199 1
187 242 1
187 646 1
188 201 1
188 277 1
188 348 1
188 371 1
188 484 1
188 613 1
188 657 1
189 643 1
190 260 1
190 288 1
190 295 1
190 328 1
190 641 1
190 675 1
191 336 1
191 372 1
191 378 1
191 663 1
192 240 1
192 243 1
192 244 1
192 388 1
192 393 1
192 504 1
192 546 1
192 552 1
192 613 1
192 652 1
194 272 1
194 289 1
194 676 1
195 265 1
195 362 1
195 510 1
196 267 1
197 221 1
197 460 1
197 533 1
197 542 1
198 262 1
198 405 1
198 454 1
198 466 1
198 478 1
198 555 1
198 629 1
199 348 1
199 394 1
199 498 1
199 566 1
200 236 1
200 404 1
200 665 1
201 249 1
201 485 1
201 595 1
201 684 1
201 690 1
202 334 1
202 372 1
202 434 1
202 649 1
203 474 1
203 609 1
204 527 1
204 691 1
205 211 1
205 349 1
205 622 1
206 241 1
206 243 1
206 313 1
207 263 1
207 622 1
208 317 1
208 407 1
209 254 1
209 314 1
209 379 1
209 416 1
210 261 1
210 284 1
210 310 1
210 433 1
210 440 1
210 449 1
210 570 1
210 580 1
210 674 1
211 330 1
211 393 1
211 487 1
211 505 1
211 508 1
211 523 1
211 613 1
211 628 1
211 672 1
212 228 1
212 280 1
212 376 1
212 386 1
212 391 1
212 401 1
212 415 1
212 474 1
212 527 1
212 642 1
212 643 1
212 692 1
213 243 1
213 248 1
213 635 1
214 225 1
214 233 1
214 319 1
214 326 1
215 251 1
215 318 1
215 370 1
215 380 1
215 405 1
215 464 1
215 637 1
216 434 1
217 224 1
217 503 1
217 660 1
218 264 1
218 312 1
218 408 1
218 473 1
219 257 1
219 626 1
220 549 1
222 234 1
222 581 1
223 337 1
223 489 1
223 500 1
223 538 1
224 338 1
224 480 1
225 450 1
225 568 1
225 571 1
225 593 1
225 624 1
225 667 1
225 699 1
226 270 1
226 334 1
226 341 1
226 515 1
226 601 1
227 515 1
228 305 1
228 591 1
229 688 1
230 288 1
230 309 1
230 406 1
230 418 1
230 496 1
230 633 1
231 245 1
231 293 1
231 347 1
231 350 1
231 486 1
231 540 1
231 563 1
232 439 1
232 510 1
233 237 1
233 384 1
234 315 1
234 687 1
235 596 1
235 611 1
236 257 1
236 311 1
236 697 1
237 445 1
237 449 1
237 516 1
238 477 1
238 479 1
238 697 1
240 458 1
241 395 1
241 502 1
241 580 1
241 642 1
242 398 1
243 273 1
244 331 1
244 336 1
245 407 1
246 404 1
246 485 1
246 497 1
248 606 1
249 276 1
249 343 1
249 359 1
249 369 1
249 648 1
250 319 1
250 580 1
251 444 1
251 530 1
251 606 1
252 501 1
253 595 1
255 258 1
255 416 1
256 316 1
256 354 1
256 424 1
256 430 1
257 267 1
257 443 1
257 483 1
257 496 1
257 576 1
258 283 1
258 445 1
258 455 1
258 513 1
258 573 1
259 521 1
259 565 1
260 314 1
260 425 1
261 400 1
262 365 1
262 368 1
263 388 1
263 393 1
263 452 1
264 343 1
264 379 1
264 454 1
265 269 1
265 361 1
265 522 1
265 693 1
266 282 1
266 654 1
267 696 1
269 390 1
269 465 1
270 432 1
270 527 1
271 583 1
272 304 1
272 353 1
272 461 1
272 538 1
273 324 1
274 301 1
274 309 1
274 673 1
274 681 1
275 574 1
275 604 1
276 277 1
276 307 1
276 391 1
276 420 1
276 469 1
276 673 1
277 415 1
277 595 1
279 294 1
279 543 1
279 625 1
281 647 1
281 685 1
282 286 1
282 312 1
282 582 1
283 367 1
284 603 1
285 625 1
286 328 1
286 523 1
286 524 1
286 640 1
287 371 1
288 341 1
288 698 1
290 373 1
290 507 1
290 590 1
290 661 1
292 358 1
292 365 1
292 386 1
292 483 1
293 360 1
293 430 1
294 499 1
295 297 1
295 579 1
295 623 1
297 374 1
297 464 1
298 502 1
299 403 1
299 418 1
299 496 1
301 582 1
304 346 1
304 363 1
304 567 1
304 617 1
304 647 1
305 417 1
305 427 1
305 428 1
305 558 1
307 403 1
307 529 1
307 666 1
308 495 1
309 521 1
309 618 1
311 447 1
312 446 1
312 449 1
312 545 1
312 638 1
314 335 1
314 493 1
314 541 1
314 562 1
315 675 1
316 342 1
318 585 1
319 520 1
319 680 1
321 396 1
321 507 1
321 622 1
321 700 1
322 447 1
322 516 1
322 601 1
323 361 1
323 424 1
323 500 1
323 585 1
323 632 1
324 424 1
324 533 1
325 363 1
325 554 1
325 694 1
326 333 1
326 357 1
327 416 1
327 441 1
327 510 1
328 351 1
328 564 1
328 567 1
329 585 1
329 643 1
329 682 1
330 623 1
331 414 1
331 532 1
331 658 1
332 526 1
333 337 1
333 357 1
333 525 1
334 345 1
334 390 1
334 394 1
334 414 1
334 422 1
334 435 1
335 631 1
338 390 1
340 547 1
340 681 1
341 417 1
341 577 1
343 369 1
343 383 1
344 621 1
344 686 1
345 352 1
345 384 1
345 402 1
345 458 1
345 531 1
345 537 1
347 543 1
347 606 1
348 387 1
348 465 1
348 546 1
348 684 1
348 696 1
349 362 1
349 429 1
349 513 1
351 566 1
351 666 1
354 459 1
354 578 1
354 643 1
355 599 1
357 542 1
359 499 1
359 539 1
360 535 1
360 536 1
361 396 1
361 443 1
361 455 1
362 528 1
363 577 1
364 698 1
365 557 1
367 522 1
367 584 1
367 614 1
367 627 1
368 478 1
368 492 1
368 514 1
369 472 1
369 687 1
370 445 1
370 587 1
370 621 1
372 636 1
374 440 1
374 468 1
374 565 1
375 448 1
377 584 1
378 471 1
378 482 1
378 575 1
379 479 1
379 551 1
381 401 1
381 423 1
381 516 1
382 426 1
383 423 1
383 429 1
383 585 1
384 681 1
385 591 1
385 607 1
387 495 1
387 594 1
388 629 1
389 624 1
391 436 1
392 523 1
392 685 1
397 686 1
398 599 1
400 481 1
400 572 1
400 600 1
401 630 1
402 453 1
404 617 1
405 597 1
408 425 1
409 411 1
409 431 1
410 623 1
410 700 1
411 576 1
411 592 1
411 638 1
413 504 1
414 428 1
415 421 1
415 427 1
415 664 1
417 544 1
418 589 1
418 596 1
418 665 1
418 685 1
418 691 1
419 629 1
420 482 1
421 450 1
421 604 1
422 440 1
422 634 1
423 605 1
424 467 1
424 673 1
425 457 1
427 538 1
429 519 1
430 455 1
432 475 1
434 499 1
434 675 1
435 644 1
435 691 1
436 476 1
438 572 1
438 651 1
440 592 1
441 591 1
441 659 1
441 668 1
442 605 1
442 640 1
444 467 1
444 566 1
444 597 1
445 560 1
446 614 1
446 699 1
447 551 1
447 689 1
447 694 1
448 537 1
449 581 1
451 482 1
451 552 1
451 651 1
452 518 1
452 536 1
453 582 1
454 477 1
454 524 1
456 483 1
456 648 1
456 672 1
456 692 1
458 569 1
461 467 1
461 557 1
461 608 1
461 612 1
462 507 1
462 567 1
464 552 1
464 630 1
465 526 1
465 565 1
467 525 1
467 592 1
468 686 1
470 474 1
470 678 1
471 611 1
472 484 1
473 477 1
473 635 1
479 677 1
481 501 1
481 600 1
487 523 1
489 514 1
490 621 1
492 509 1
492 641 1
494 500 1
494 682 1
497 510 1
497 524 1
497 547 1
497 619 1
497 646 1
500 544 1
504 563 1
509 586 1
509 653 1
510 682 1
511 561 1
512 637 1
516 660 1
517 531 1
517 539 1
517 583 1
517 662 1
518 589 1
520 571 1
521 644 1
523 550 1
526 602 1
529 656 1
530 591 1
531 634 1
532 688 1
535 539 1
537 662 1
538 549 1
538 635 1
538 672 1
545 617 1
545 666 1
547 574 1
548 637 1
551 620 1
553 581 1
558 612 1
558 657 1
559 566 1
559 598 1
559 657 1
564 609 1
566 655 1
568 650 1
570 607 1
572 573 1
572 602 1
573 609 1
574 580 1
574 615 1
581 625 1
581 652 1
584 598 1
586 618 1
592 604 1
592 680 1
593 645 1
596 668 1
597 700 1
598 652 1
601 636 1
602 615 1
603 678 1
614 677 1
615 675 1
621 684 1
626 697 1
628 630 1
628 671 1
629 654 1
633 650 1
638 679 1
643 670 1
649 671 1
657 696 1
675 683 1
675 692 1
683 689 1
686 688 1
