1700 6784 
1 2 1
1 3 1
1 4 1
1 5 1
1 6 1
1 7 1
1 10 1
1 24 1
1 28 1
1 34 1
1 39 1
1 43 1
1 51 1
1 61 1
1 66 1
1 79 1
1 80 1
1 88 1
1 93 1
1 97 1
1 99 1
1 102 1
1 106 1
1 134 1
1 146 1
1 153 1
1 163 1
1 191 1
1 194 1
1 253 1
1 254 1
1 256 1
1 297 1
1 325 1
1 327 1
1 330 1
1 365 1
1 374 1
1 381 1
1 413 1
1 424 1
1 480 1
1 492 1
1 517 1
1 540 1
1 561 1
1 574 1
1 577 1
1 584 1
1 590 1
1 606 1
1 616 1
1 673 1
1 686 1
1 693 1
1 766 1
1 772 1
1 833 1
1 846 1
1 873 1
1 876 1
1 913 1
1 919 1
1 920 1
1 943 1
1 946 1
1 961 1
1 981 1
1 992 1
1 1011 1
1 1018 1
1 1026 1
1 1041 1
1 1049 1
1 1061 1
1 1071 1
1 1110 1
1 1179 1
1 1193 1
1 1256 1
1 1278 1
1 1301 1
1 1397 1
1 1493 1
1 1505 1
1 1548 1
1 1566 1
1 1589 1
1 1632 1
1 1671 1
1 1675 1
1 1688 1
2 6 1
2 7 1
2 8 1
2 15 1
2 18 1
2 19 1
2 23 1
2 25 1
2 26 1
2 27 1
2 28 1
2 30 1
2 33 1
2 36 1
2 46 1
2 48 1
2 56 1
2 71 1
2 73 1
2 74 1
2 82 1
2 100 1
2 101 1
2 102 1
2 110 1
2 114 1
2 125 1
2 130 1
2 140 1
2 141 1
2 158 1
2 161 1
2 178 1
2 182 1
2 187 1
2 210 1
2 213 1
2 215 1
2 246 1
2 259 1
2 269 1
2 307 1
2 310 1
2 343 1
2 347 1
2 387 1
2 417 1
2 444 1
2 490 1
2 503 1
2 524 1
2 542 1
2 567 1
2 572 1
2 578 1
2 621 1
2 642 1
2 718 1
2 724 1
2 780 1
2 794 1
2 811 1
2 844 1
2 879 1
2 889 1
2 918 1
2 941 1
2 978 1
2 993 1
2 997 1
2 1124 1
2 1131 1
2 1151 1
2 1167 1
2 1183 1
2 1184 1
2 1264 1
2 1310 1
2 1311 1
2 1322 1
2 1340 1
2 1428 1
2 1483 1
2 1539 1
2 1645 1
2 1695 1
3 13 1
3 32 1
3 96 1
3 111 1
3 249 1
3 280 1
3 548 1
3 701 1
3 1035 1
3 1074 1
3 1337 1
4 6 1
4 11 1
4 12 1
4 14 1
4 20 1
4 24 1
4 34 1
4 42 1
4 43 1
4 58 1
4 67 1
4 80 1
4 89 1
4 96 1
4 99 1
4 105 1
4 107 1
4 113 1
4 114 1
4 115 1
4 117 1
4 151 1
4 154 1
4 166 1
4 176 1
4 186 1
4 191 1
4 197 1
4 199 1
4 203 1
4 215 1
4 216 1
4 219 1
4 241 1
4 243 1
4 262 1
4 291 1
4 310 1
4 332 1
4 341 1
4 353 1
4 354 1
4 360 1
4 390 1
4 397 1
4 419 1
4 429 1
4 448 1
4 449 1
4 456 1
4 468 1
4 479 1
4 509 1
4 534 1
4 550 1
4 559 1
4 574 1
4 575 1
4 581 1
4 593 1
4 605 1
4 612 1
4 615 1
4 620 1
4 651 1
4 695 1
4 765 1
4 788 1
4 802 1
4 827 1
4 869 1
4 895 1
4 918 1
4 929 1
4 976 1
4 980 1
4 1035 1
4 1048 1
4 1097 1
4 1107 1
4 1188 1
4 1205 1
4 1209 1
4 1244 1
4 1247 1
4 1271 1
4 1280 1
4 1315 1
4 1376 1
4 1391 1
4 1395 1
4 1532 1
4 1603 1
4 1609 1
5 6 1
5 7 1
5 8 1
5 9 1
5 10 1
5 11 1
5 12 1
5 13 1
5 16 1
5 17 1
5 18 1
5 20 1
5 22 1
5 30 1
5 38 1
5 39 1
5 40 1
5 42 1
5 47 1
5 48 1
5 50 1
5 52 1
5 55 1
5 56 1
5 57 1
5 58 1
5 60 1
5 78 1
5 85 1
5 104 1
5 108 1
5 122 1
5 124 1
5 125 1
5 142 1
5 153 1
5 166 1
5 168 1
5 177 1
5 184 1
5 193 1
5 198 1
5 201 1
5 209 1
5 212 1
5 220 1
5 234 1
5 263 1
5 267 1
5 275 1
5 278 1
5 279 1
5 285 1
5 292 1
5 312 1
5 327 1
5 331 1
5 332 1
5 348 1
5 352 1
5 363 1
5 395 1
5 434 1
5 437 1
5 441 1
5 446 1
5 485 1
5 495 1
5 510 1
5 520 1
5 521 1
5 541 1
5 549 1
5 551 1
5 553 1
5 555 1
5 558 1
5 593 1
5 612 1
5 623 1
5 628 1
5 633 1
5 643 1
5 652 1
5 654 1
5 675 1
5 680 1
5 691 1
5 700 1
5 709 1
5 717 1
5 722 1
5 725 1
5 738 1
5 754 1
5 763 1
5 802 1
5 821 1
5 832 1
5 850 1
5 852 1
5 856 1
5 868 1
5 899 1
5 902 1
5 914 1
5 938 1
5 961 1
5 995 1
5 1005 1
5 1017 1
5 1081 1
5 1092 1
5 1095 1
5 1099 1
5 1173 1
5 1174 1
5 1182 1
5 1220 1
5 1254 1
5 1256 1
5 1268 1
5 1288 1
5 1310 1
5 1334 1
5 1335 1
5 1382 1
5 1440 1
5 1448 1
5 1452 1
5 1453 1
5 1462 1
5 1475 1
5 1508 1
5 1513 1
5 1539 1
5 1552 1
5 1558 1
5 1586 1
5 1614 1
5 1623 1
5 1652 1
5 1661 1
5 1662 1
5 1679 1
6 7 1
6 8 1
6 9 1
6 10 1
6 11 1
6 15 1
6 16 1
6 17 1
6 21 1
6 23 1
6 30 1
6 31 1
6 37 1
6 42 1
6 43 1
6 49 1
6 53 1
6 59 1
6 62 1
6 64 1
6 65 1
6 68 1
6 72 1
6 86 1
6 92 1
6 94 1
6 106 1
6 110 1
6 112 1
6 126 1
6 129 1
6 137 1
6 139 1
6 153 1
6 160 1
6 161 1
6 174 1
6 183 1
6 195 1
6 209 1
6 220 1
6 226 1
6 230 1
6 240 1
6 254 1
6 255 1
6 258 1
6 268 1
6 283 1
6 288 1
6 312 1
6 315 1
6 332 1
6 368 1
6 372 1
6 385 1
6 391 1
6 403 1
6 411 1
6 413 1
6 422 1
6 441 1
6 474 1
6 482 1
6 486 1
6 492 1
6 494 1
6 495 1
6 502 1
6 518 1
6 521 1
6 525 1
6 526 1
6 541 1
6 549 1
6 578 1
6 598 1
6 603 1
6 616 1
6 633 1
6 646 1
6 656 1
6 659 1
6 665 1
6 671 1
6 677 1
6 729 1
6 759 1
6 761 1
6 777 1
6 782 1
6 805 1
6 833 1
6 897 1
6 906 1
6 910 1
6 914 1
6 918 1
6 922 1
6 927 1
6 930 1
6 964 1
6 965 1
6 997 1
6 1055 1
6 1064 1
6 1080 1
6 1084 1
6 1102 1
6 1114 1
6 1144 1
6 1148 1
6 1158 1
6 1174 1
6 1206 1
6 1210 1
6 1215 1
6 1222 1
6 1238 1
6 1282 1
6 1310 1
6 1341 1
6 1345 1
6 1349 1
6 1360 1
6 1377 1
6 1449 1
6 1484 1
6 1509 1
6 1516 1
6 1570 1
6 1586 1
6 1638 1
6 1646 1
7 8 1
7 9 1
7 10 1
7 11 1
7 12 1
7 13 1
7 14 1
7 17 1
7 18 1
7 23 1
7 24 1
7 25 1
7 28 1
7 34 1
7 36 1
7 47 1
7 51 1
7 55 1
7 61 1
7 74 1
7 75 1
7 90 1
7 93 1
7 112 1
7 119 1
7 120 1
7 126 1
7 134 1
7 148 1
7 155 1
7 188 1
7 200 1
7 208 1
7 221 1
7 247 1
7 260 1
7 287 1
7 291 1
7 298 1
7 303 1
7 306 1
7 340 1
7 345 1
7 349 1
7 428 1
7 440 1
7 450 1
7 453 1
7 454 1
7 467 1
7 478 1
7 527 1
7 601 1
7 619 1
7 642 1
7 650 1
7 689 1
7 743 1
7 760 1
7 767 1
7 820 1
7 826 1
7 891 1
7 921 1
7 973 1
7 993 1
7 1023 1
7 1027 1
7 1040 1
7 1042 1
7 1074 1
7 1095 1
7 1124 1
7 1147 1
7 1159 1
7 1170 1
7 1171 1
7 1182 1
7 1229 1
7 1254 1
7 1255 1
7 1260 1
7 1265 1
7 1279 1
7 1359 1
7 1422 1
7 1424 1
7 1425 1
7 1426 1
7 1439 1
7 1464 1
7 1469 1
7 1489 1
7 1520 1
7 1535 1
7 1582 1
7 1594 1
7 1687 1
8 9 1
8 19 1
8 35 1
8 63 1
8 107 1
8 111 1
8 121 1
8 125 1
8 163 1
8 166 1
8 167 1
8 203 1
8 207 1
8 250 1
8 254 1
8 301 1
8 308 1
8 316 1
8 321 1
8 410 1
8 481 1
8 484 1
8 496 1
8 532 1
8 591 1
8 596 1
8 619 1
8 632 1
8 641 1
8 683 1
8 685 1
8 698 1
8 860 1
8 866 1
8 983 1
8 987 1
8 1047 1
8 1187 1
8 1196 1
8 1320 1
8 1331 1
8 1374 1
8 1390 1
8 1404 1
8 1415 1
8 1423 1
8 1430 1
8 1575 1
8 1631 1
8 1654 1
9 18 1
9 29 1
9 41 1
9 49 1
9 57 1
9 60 1
9 65 1
9 89 1
9 107 1
9 137 1
9 138 1
9 148 1
9 172 1
9 233 1
9 240 1
9 274 1
9 300 1
9 333 1
9 369 1
9 420 1
9 426 1
9 473 1
9 523 1
9 545 1
9 573 1
9 673 1
9 687 1
9 748 1
9 775 1
9 892 1
9 978 1
9 1047 1
9 1053 1
9 1084 1
9 1109 1
9 1122 1
9 1177 1
9 1260 1
9 1296 1
9 1488 1
9 1532 1
10 12 1
10 14 1
10 17 1
10 21 1
10 25 1
10 33 1
10 35 1
10 52 1
10 56 1
10 57 1
10 70 1
10 74 1
10 75 1
10 87 1
10 90 1
10 91 1
10 93 1
10 95 1
10 97 1
10 98 1
10 108 1
10 109 1
10 117 1
10 123 1
10 131 1
10 149 1
10 151 1
10 152 1
10 171 1
10 177 1
10 181 1
10 187 1
10 204 1
10 211 1
10 219 1
10 222 1
10 240 1
10 248 1
10 251 1
10 252 1
10 273 1
10 282 1
10 291 1
10 327 1
10 353 1
10 354 1
10 357 1
10 377 1
10 393 1
10 403 1
10 412 1
10 424 1
10 450 1
10 453 1
10 463 1
10 480 1
10 496 1
10 519 1
10 539 1
10 585 1
10 611 1
10 697 1
10 701 1
10 750 1
10 752 1
10 764 1
10 795 1
10 799 1
10 860 1
10 896 1
10 930 1
10 1085 1
10 1246 1
10 1297 1
10 1312 1
10 1343 1
10 1363 1
10 1517 1
10 1518 1
10 1534 1
10 1541 1
10 1560 1
10 1565 1
10 1585 1
10 1691 1
11 16 1
11 19 1
11 27 1
11 29 1
11 31 1
11 34 1
11 39 1
11 40 1
11 41 1
11 45 1
11 46 1
11 52 1
11 53 1
11 68 1
11 81 1
11 97 1
11 103 1
11 113 1
11 136 1
11 138 1
11 149 1
11 156 1
11 184 1
11 194 1
11 196 1
11 197 1
11 210 1
11 214 1
11 248 1
11 250 1
11 252 1
11 284 1
11 285 1
11 289 1
11 295 1
11 324 1
11 331 1
11 336 1
11 378 1
11 389 1
11 405 1
11 438 1
11 479 1
11 490 1
11 508 1
11 565 1
11 605 1
11 625 1
11 636 1
11 649 1
11 699 1
11 753 1
11 756 1
11 769 1
11 837 1
11 864 1
11 875 1
11 924 1
11 938 1
11 949 1
11 1011 1
11 1034 1
11 1063 1
11 1079 1
11 1105 1
11 1116 1
11 1123 1
11 1129 1
11 1131 1
11 1166 1
11 1205 1
11 1239 1
11 1264 1
11 1271 1
11 1285 1
11 1313 1
11 1315 1
11 1317 1
11 1320 1
11 1323 1
11 1399 1
11 1401 1
11 1474 1
11 1487 1
11 1494 1
11 1495 1
11 1548 1
11 1595 1
11 1614 1
11 1666 1
11 1671 1
11 1674 1
11 1676 1
11 1679 1
12 13 1
12 14 1
12 15 1
12 16 1
12 20 1
12 21 1
12 22 1
12 24 1
12 31 1
12 33 1
12 49 1
12 63 1
12 66 1
12 73 1
12 77 1
12 81 1
12 92 1
12 101 1
12 104 1
12 128 1
12 142 1
12 152 1
12 160 1
12 165 1
12 172 1
12 210 1
12 213 1
12 221 1
12 224 1
12 228 1
12 229 1
12 290 1
12 295 1
12 319 1
12 323 1
12 325 1
12 338 1
12 396 1
12 397 1
12 423 1
12 425 1
12 430 1
12 456 1
12 494 1
12 496 1
12 508 1
12 520 1
12 567 1
12 591 1
12 603 1
12 668 1
12 672 1
12 674 1
12 681 1
12 708 1
12 715 1
12 739 1
12 778 1
12 821 1
12 925 1
12 960 1
12 1104 1
12 1201 1
12 1207 1
12 1212 1
12 1324 1
12 1352 1
12 1396 1
12 1442 1
12 1613 1
12 1652 1
12 1670 1
12 1672 1
12 1678 1
13 15 1
13 28 1
13 37 1
13 48 1
13 60 1
13 88 1
13 98 1
13 99 1
13 103 1
13 149 1
13 164 1
13 192 1
13 200 1
13 280 1
13 367 1
13 403 1
13 408 1
13 473 1
13 481 1
13 512 1
13 547 1
13 549 1
13 550 1
13 558 1
13 800 1
13 926 1
13 1076 1
13 1089 1
13 1147 1
13 1148 1
13 1174 1
13 1381 1
13 1406 1
13 1667 1
14 20 1
14 26 1
14 37 1
14 39 1
14 41 1
14 55 1
14 69 1
14 72 1
14 76 1
14 88 1
14 112 1
14 115 1
14 141 1
14 142 1
14 150 1
14 175 1
14 176 1
14 189 1
14 201 1
14 289 1
14 299 1
14 312 1
14 335 1
14 626 1
14 672 1
14 846 1
14 865 1
14 877 1
14 935 1
14 969 1
14 980 1
14 998 1
14 1016 1
14 1063 1
14 1114 1
14 1139 1
14 1166 1
14 1199 1
14 1203 1
14 1255 1
14 1277 1
14 1368 1
14 1372 1
14 1427 1
14 1536 1
14 1543 1
14 1609 1
14 1677 1
15 19 1
15 35 1
15 50 1
15 54 1
15 56 1
15 68 1
15 73 1
15 294 1
15 342 1
15 356 1
15 396 1
15 443 1
15 482 1
15 500 1
15 577 1
15 608 1
15 632 1
15 775 1
15 790 1
15 792 1
15 873 1
15 925 1
15 963 1
15 1041 1
15 1123 1
15 1135 1
15 1455 1
16 38 1
16 46 1
16 60 1
16 83 1
16 90 1
16 366 1
16 386 1
16 422 1
16 451 1
16 516 1
16 654 1
16 987 1
16 1020 1
16 1044 1
16 1200 1
16 1216 1
16 1357 1
16 1421 1
16 1452 1
16 1628 1
17 22 1
17 27 1
17 29 1
17 58 1
17 72 1
17 95 1
17 96 1
17 195 1
17 330 1
17 689 1
17 908 1
17 945 1
17 955 1
17 1161 1
17 1354 1
17 1546 1
18 21 1
18 23 1
18 26 1
18 35 1
18 38 1
18 54 1
18 77 1
18 80 1
18 97 1
18 127 1
18 137 1
18 165 1
18 175 1
18 206 1
18 229 1
18 232 1
18 234 1
18 249 1
18 313 1
18 329 1
18 351 1
18 370 1
18 462 1
18 479 1
18 565 1
18 783 1
18 974 1
18 995 1
18 1008 1
18 1097 1
18 1115 1
18 1144 1
18 1180 1
18 1181 1
18 1189 1
18 1202 1
18 1244 1
18 1288 1
18 1300 1
18 1358 1
18 1366 1
18 1376 1
18 1379 1
18 1549 1
18 1610 1
18 1620 1
18 1631 1
19 38 1
19 51 1
19 79 1
19 81 1
19 98 1
19 112 1
19 114 1
19 118 1
19 120 1
19 222 1
19 223 1
19 284 1
19 286 1
19 310 1
19 384 1
19 498 1
19 677 1
19 680 1
19 716 1
19 720 1
19 723 1
19 734 1
19 1061 1
19 1062 1
19 1133 1
19 1312 1
19 1328 1
19 1370 1
19 1531 1
19 1546 1
19 1578 1
20 22 1
20 25 1
20 42 1
20 44 1
20 70 1
20 79 1
20 100 1
20 102 1
20 157 1
20 158 1
20 183 1
20 208 1
20 217 1
20 224 1
20 265 1
20 379 1
20 388 1
20 586 1
20 630 1
20 691 1
20 704 1
20 711 1
20 721 1
20 722 1
20 831 1
20 905 1
20 1086 1
20 1159 1
20 1161 1
20 1211 1
20 1281 1
20 1316 1
20 1501 1
20 1557 1
21 26 1
21 75 1
21 78 1
21 132 1
21 159 1
21 179 1
21 185 1
21 234 1
21 265 1
21 282 1
21 288 1
21 389 1
21 394 1
21 709 1
21 808 1
21 994 1
21 1091 1
21 1235 1
21 1431 1
21 1436 1
22 27 1
22 89 1
22 117 1
22 169 1
22 233 1
22 386 1
22 578 1
22 967 1
22 1063 1
22 1242 1
22 1555 1
22 1574 1
22 1584 1
22 1596 1
22 1647 1
23 54 1
23 94 1
23 105 1
23 122 1
23 140 1
23 145 1
23 167 1
23 377 1
23 408 1
23 416 1
23 489 1
23 514 1
23 536 1
23 574 1
23 575 1
23 592 1
23 712 1
23 749 1
23 1019 1
23 1022 1
23 1270 1
23 1446 1
23 1494 1
24 30 1
24 40 1
24 45 1
24 50 1
24 54 1
24 66 1
24 84 1
24 93 1
24 137 1
24 139 1
24 142 1
24 156 1
24 176 1
24 184 1
24 214 1
24 268 1
24 350 1
24 380 1
24 463 1
24 468 1
24 564 1
24 637 1
24 663 1
24 808 1
24 890 1
24 945 1
24 1017 1
24 1087 1
24 1104 1
24 1121 1
24 1169 1
24 1180 1
24 1411 1
24 1416 1
24 1457 1
24 1542 1
24 1629 1
24 1646 1
24 1660 1
24 1666 1
25 31 1
25 32 1
25 46 1
25 51 1
25 87 1
25 96 1
25 124 1
25 133 1
25 161 1
25 175 1
25 281 1
25 289 1
25 320 1
25 340 1
25 348 1
25 359 1
25 385 1
25 512 1
25 545 1
25 556 1
25 567 1
25 789 1
25 887 1
25 893 1
25 1055 1
25 1094 1
25 1112 1
25 1183 1
25 1544 1
26 59 1
26 65 1
26 66 1
26 109 1
26 110 1
26 130 1
26 161 1
26 189 1
26 226 1
26 314 1
26 451 1
26 538 1
26 759 1
26 761 1
26 773 1
26 838 1
26 932 1
26 991 1
26 1194 1
26 1202 1
26 1627 1
26 1654 1
27 29 1
27 36 1
27 68 1
27 82 1
27 84 1
27 143 1
27 199 1
27 227 1
27 257 1
27 276 1
27 288 1
27 360 1
27 373 1
27 404 1
27 405 1
27 427 1
27 429 1
27 431 1
27 447 1
27 497 1
27 536 1
27 560 1
27 589 1
27 634 1
27 639 1
27 648 1
27 650 1
27 683 1
27 708 1
27 713 1
27 723 1
27 747 1
27 798 1
27 825 1
27 861 1
27 917 1
27 971 1
27 983 1
27 1030 1
27 1276 1
27 1343 1
27 1400 1
27 1446 1
27 1495 1
27 1537 1
27 1607 1
27 1635 1
28 85 1
28 91 1
28 151 1
28 162 1
28 186 1
28 196 1
28 205 1
28 226 1
28 259 1
28 311 1
28 314 1
28 321 1
28 417 1
28 466 1
28 482 1
28 573 1
28 621 1
28 773 1
28 787 1
28 827 1
28 864 1
28 1046 1
28 1273 1
28 1326 1
28 1346 1
28 1359 1
28 1571 1
28 1599 1
28 1603 1
29 33 1
29 72 1
29 83 1
29 100 1
29 103 1
29 108 1
29 126 1
29 152 1
29 202 1
29 230 1
29 269 1
29 306 1
29 318 1
29 349 1
29 411 1
29 434 1
29 442 1
29 456 1
29 530 1
29 533 1
29 568 1
29 604 1
29 712 1
29 744 1
29 838 1
29 960 1
29 1059 1
29 1068 1
29 1081 1
29 1082 1
29 1089 1
29 1101 1
29 1217 1
29 1269 1
29 1421 1
29 1438 1
29 1473 1
30 32 1
30 36 1
30 47 1
30 49 1
30 61 1
30 73 1
30 78 1
30 85 1
30 105 1
30 128 1
30 135 1
30 152 1
30 154 1
30 173 1
30 188 1
30 215 1
30 279 1
30 311 1
30 340 1
30 438 1
30 448 1
30 504 1
30 534 1
30 572 1
30 594 1
30 609 1
30 640 1
30 666 1
30 689 1
30 795 1
30 829 1
30 862 1
30 879 1
30 898 1
30 912 1
30 962 1
30 1126 1
30 1128 1
30 1207 1
30 1290 1
30 1389 1
30 1418 1
30 1512 1
30 1544 1
30 1608 1
30 1654 1
31 32 1
31 40 1
31 53 1
31 55 1
31 61 1
31 62 1
31 63 1
31 86 1
31 110 1
31 120 1
31 121 1
31 163 1
31 204 1
31 234 1
31 314 1
31 362 1
31 370 1
31 391 1
31 408 1
31 429 1
31 446 1
31 460 1
31 559 1
31 561 1
31 570 1
31 583 1
31 662 1
31 681 1
31 699 1
31 702 1
31 757 1
31 812 1
31 1011 1
31 1094 1
31 1130 1
31 1209 1
31 1227 1
31 1406 1
31 1473 1
31 1519 1
31 1604 1
31 1652 1
31 1665 1
32 37 1
32 45 1
32 53 1
32 69 1
32 91 1
32 101 1
32 106 1
32 136 1
32 183 1
32 204 1
32 218 1
32 235 1
32 277 1
32 283 1
32 288 1
32 293 1
32 307 1
32 324 1
32 344 1
32 371 1
32 379 1
32 424 1
32 449 1
32 544 1
32 579 1
32 585 1
32 652 1
32 674 1
32 712 1
32 830 1
32 841 1
32 1273 1
32 1408 1
32 1452 1
32 1459 1
33 71 1
33 127 1
33 132 1
33 179 1
33 232 1
33 235 1
33 242 1
33 296 1
33 298 1
33 428 1
33 478 1
33 505 1
33 528 1
33 552 1
33 598 1
33 664 1
33 671 1
33 702 1
33 894 1
33 943 1
33 1062 1
33 1064 1
33 1276 1
33 1286 1
33 1298 1
33 1383 1
33 1435 1
33 1537 1
33 1595 1
33 1683 1
34 41 1
34 43 1
34 45 1
34 64 1
34 79 1
34 94 1
34 207 1
34 209 1
34 214 1
34 271 1
34 300 1
34 375 1
34 622 1
34 671 1
34 711 1
34 739 1
34 1009 1
34 1034 1
34 1146 1
34 1246 1
34 1304 1
34 1571 1
35 47 1
35 62 1
35 83 1
35 85 1
35 95 1
35 109 1
35 111 1
35 118 1
35 121 1
35 156 1
35 249 1
35 283 1
35 370 1
35 553 1
35 617 1
35 800 1
35 1059 1
35 1119 1
35 1405 1
35 1591 1
35 1645 1
35 1700 1
36 44 1
36 67 1
36 133 1
36 160 1
36 177 1
36 416 1
36 661 1
36 799 1
36 1465 1
36 1515 1
37 82 1
37 83 1
37 92 1
37 99 1
37 116 1
37 157 1
37 232 1
37 330 1
37 344 1
37 369 1
37 685 1
37 692 1
37 699 1
37 737 1
37 776 1
37 1041 1
37 1088 1
37 1312 1
37 1394 1
37 1395 1
37 1405 1
37 1463 1
37 1641 1
38 71 1
38 76 1
38 131 1
38 143 1
38 171 1
38 179 1
38 444 1
38 555 1
38 844 1
38 1087 1
38 1089 1
38 1115 1
38 1240 1
38 1408 1
38 1501 1
38 1575 1
38 1673 1
39 50 1
39 67 1
39 87 1
39 94 1
39 159 1
39 183 1
39 432 1
39 510 1
39 874 1
39 878 1
39 1086 1
39 1325 1
39 1326 1
39 1636 1
40 75 1
40 76 1
40 218 1
40 245 1
40 354 1
40 394 1
40 492 1
40 881 1
40 1096 1
40 1111 1
40 1118 1
40 1479 1
40 1570 1
40 1593 1
41 44 1
41 125 1
41 138 1
41 465 1
41 517 1
41 657 1
41 817 1
41 835 1
41 1265 1
41 1500 1
42 69 1
42 70 1
42 119 1
42 126 1
42 185 1
42 225 1
42 334 1
42 364 1
42 412 1
42 445 1
42 643 1
42 765 1
42 774 1
42 775 1
42 786 1
42 789 1
42 802 1
42 815 1
42 834 1
42 847 1
42 861 1
42 1022 1
42 1105 1
42 1128 1
42 1153 1
42 1236 1
42 1245 1
42 1381 1
42 1466 1
43 44 1
43 84 1
43 144 1
43 205 1
43 261 1
43 293 1
43 304 1
43 358 1
43 595 1
43 876 1
43 1032 1
43 1195 1
43 1640 1
44 63 1
44 69 1
44 107 1
44 128 1
44 143 1
44 200 1
44 252 1
44 316 1
44 342 1
44 365 1
44 414 1
44 493 1
44 604 1
44 610 1
44 618 1
44 644 1
44 681 1
44 722 1
44 824 1
44 840 1
44 881 1
44 890 1
44 900 1
44 970 1
44 1107 1
44 1137 1
44 1205 1
44 1209 1
44 1318 1
44 1569 1
44 1695 1
45 57 1
45 67 1
45 74 1
45 86 1
45 87 1
45 92 1
45 135 1
45 205 1
45 215 1
45 319 1
45 321 1
45 670 1
45 696 1
45 946 1
45 949 1
45 1169 1
46 52 1
46 197 1
46 242 1
46 320 1
46 401 1
46 405 1
46 579 1
46 593 1
46 785 1
46 813 1
46 893 1
46 905 1
46 1141 1
46 1267 1
46 1401 1
46 1473 1
46 1576 1
47 48 1
47 115 1
47 127 1
47 128 1
47 132 1
47 135 1
47 167 1
47 217 1
47 247 1
47 266 1
47 277 1
47 286 1
47 306 1
47 317 1
47 322 1
47 364 1
47 382 1
47 481 1
47 506 1
47 517 1
47 542 1
47 588 1
47 614 1
47 731 1
47 836 1
47 873 1
47 885 1
47 982 1
47 1126 1
47 1176 1
47 1280 1
47 1334 1
47 1374 1
47 1389 1
47 1421 1
47 1547 1
47 1568 1
47 1663 1
48 421 1
48 1275 1
48 1329 1
49 123 1
49 155 1
49 228 1
49 238 1
49 346 1
49 363 1
49 438 1
49 457 1
49 626 1
49 838 1
49 937 1
49 1213 1
49 1251 1
49 1356 1
49 1463 1
49 1522 1
50 116 1
50 536 1
50 986 1
51 58 1
51 65 1
51 118 1
51 211 1
51 257 1
51 328 1
51 361 1
51 597 1
51 615 1
51 819 1
51 986 1
51 1009 1
51 1363 1
51 1454 1
51 1496 1
51 1517 1
52 618 1
52 739 1
52 1291 1
52 1681 1
53 106 1
53 245 1
53 262 1
53 390 1
53 418 1
53 522 1
53 577 1
53 602 1
53 1117 1
53 1124 1
53 1155 1
53 1343 1
53 1371 1
53 1376 1
53 1420 1
53 1631 1
54 70 1
54 129 1
54 287 1
54 502 1
54 508 1
54 647 1
54 666 1
54 810 1
54 874 1
54 1282 1
54 1368 1
54 1386 1
54 1535 1
54 1613 1
54 1621 1
55 162 1
55 216 1
55 243 1
55 250 1
55 309 1
55 329 1
55 352 1
55 383 1
55 398 1
55 410 1
55 422 1
55 443 1
55 1018 1
55 1254 1
55 1335 1
55 1465 1
55 1523 1
56 59 1
56 81 1
56 91 1
56 223 1
56 226 1
56 244 1
56 279 1
56 307 1
56 440 1
56 455 1
56 610 1
56 705 1
56 781 1
56 784 1
56 850 1
56 969 1
56 1002 1
56 1163 1
56 1238 1
56 1303 1
56 1305 1
56 1413 1
56 1461 1
56 1594 1
57 646 1
57 1153 1
57 1285 1
58 59 1
58 105 1
58 113 1
58 160 1
58 193 1
58 195 1
58 294 1
58 297 1
58 334 1
58 358 1
58 430 1
58 440 1
58 543 1
58 561 1
58 641 1
58 830 1
58 872 1
58 902 1
58 929 1
58 1172 1
58 1212 1
58 1218 1
58 1269 1
58 1467 1
59 62 1
59 82 1
59 139 1
59 280 1
59 432 1
59 480 1
59 695 1
59 710 1
59 783 1
59 1047 1
59 1066 1
59 1111 1
59 1128 1
59 1156 1
59 1160 1
59 1561 1
60 120 1
60 133 1
60 180 1
60 188 1
60 190 1
60 297 1
60 396 1
60 460 1
60 479 1
60 575 1
60 670 1
60 749 1
60 829 1
60 833 1
60 839 1
60 858 1
60 1124 1
60 1358 1
60 1504 1
60 1574 1
60 1592 1
60 1685 1
61 64 1
61 77 1
61 102 1
61 104 1
61 119 1
61 127 1
61 132 1
61 146 1
61 158 1
61 178 1
61 208 1
61 230 1
61 309 1
61 355 1
61 400 1
61 418 1
61 426 1
61 427 1
61 437 1
61 513 1
61 580 1
61 686 1
61 828 1
61 1048 1
61 1058 1
61 1062 1
61 1106 1
61 1160 1
61 1196 1
61 1286 1
61 1300 1
61 1400 1
61 1536 1
61 1582 1
62 95 1
62 231 1
62 253 1
62 294 1
62 313 1
62 868 1
62 947 1
62 1133 1
62 1464 1
62 1467 1
63 64 1
63 144 1
63 149 1
63 180 1
63 190 1
63 289 1
63 301 1
63 660 1
63 713 1
63 772 1
63 975 1
63 997 1
63 1437 1
63 1502 1
64 71 1
64 86 1
64 195 1
64 200 1
64 261 1
64 269 1
64 278 1
64 311 1
64 314 1
64 367 1
64 411 1
64 457 1
64 494 1
64 542 1
64 556 1
64 734 1
64 899 1
64 979 1
64 983 1
64 1013 1
64 1098 1
64 1145 1
64 1154 1
64 1228 1
64 1292 1
65 104 1
65 204 1
65 587 1
65 667 1
65 957 1
65 1130 1
65 1164 1
65 1590 1
66 155 1
66 172 1
66 190 1
66 284 1
66 427 1
66 491 1
66 600 1
66 680 1
66 1241 1
66 1383 1
66 1415 1
66 1482 1
66 1648 1
66 1673 1
67 134 1
67 174 1
67 268 1
67 270 1
67 351 1
67 359 1
67 399 1
67 421 1
67 526 1
67 544 1
67 564 1
67 587 1
67 719 1
67 1000 1
67 1009 1
67 1113 1
67 1137 1
67 1139 1
67 1172 1
67 1252 1
67 1395 1
67 1429 1
67 1485 1
67 1663 1
68 219 1
68 266 1
68 338 1
68 387 1
68 548 1
68 727 1
68 1350 1
69 400 1
69 402 1
69 911 1
69 1138 1
69 1283 1
69 1338 1
70 103 1
70 123 1
70 129 1
70 134 1
70 147 1
70 273 1
70 323 1
70 329 1
70 350 1
70 392 1
70 415 1
70 419 1
70 514 1
70 743 1
70 803 1
70 868 1
70 950 1
70 1171 1
70 1181 1
70 1186 1
70 1380 1
70 1434 1
71 78 1
71 119 1
71 139 1
71 165 1
71 277 1
71 360 1
71 586 1
71 596 1
71 647 1
71 736 1
71 897 1
71 958 1
71 976 1
71 1069 1
71 1267 1
71 1294 1
71 1341 1
71 1451 1
71 1486 1
71 1578 1
72 146 1
72 398 1
72 506 1
72 798 1
72 856 1
72 883 1
72 1015 1
72 1427 1
72 1667 1
73 173 1
73 180 1
73 383 1
73 730 1
73 733 1
73 962 1
73 1005 1
73 1125 1
73 1319 1
73 1553 1
74 114 1
74 117 1
74 133 1
74 143 1
74 157 1
74 265 1
74 568 1
74 616 1
74 785 1
74 793 1
74 794 1
74 848 1
74 990 1
74 1004 1
74 1089 1
74 1241 1
74 1586 1
75 76 1
75 77 1
75 108 1
75 154 1
75 164 1
75 169 1
75 171 1
75 227 1
75 229 1
75 256 1
75 280 1
75 333 1
75 368 1
75 448 1
75 459 1
75 524 1
75 610 1
75 682 1
75 729 1
75 737 1
75 809 1
75 888 1
75 914 1
75 1050 1
75 1116 1
75 1271 1
75 1287 1
75 1445 1
75 1480 1
75 1604 1
75 1617 1
75 1648 1
75 1677 1
76 176 1
76 192 1
76 239 1
76 290 1
76 298 1
76 376 1
76 386 1
76 405 1
76 713 1
76 801 1
76 996 1
76 1277 1
76 1279 1
76 1323 1
76 1331 1
76 1464 1
76 1651 1
77 80 1
77 145 1
77 158 1
77 170 1
77 192 1
77 198 1
77 201 1
77 212 1
77 261 1
77 275 1
77 296 1
77 361 1
77 383 1
77 535 1
77 541 1
77 599 1
77 816 1
77 992 1
77 996 1
77 1526 1
77 1543 1
77 1684 1
78 198 1
78 236 1
78 316 1
78 448 1
78 566 1
78 664 1
78 899 1
78 1132 1
78 1220 1
78 1280 1
78 1383 1
78 1587 1
78 1596 1
79 89 1
79 113 1
79 140 1
79 169 1
79 189 1
79 221 1
79 282 1
79 293 1
79 303 1
79 359 1
79 392 1
79 471 1
79 576 1
79 581 1
79 653 1
79 686 1
79 844 1
79 847 1
79 1067 1
79 1095 1
79 1133 1
79 1143 1
79 1171 1
79 1264 1
79 1301 1
79 1326 1
79 1355 1
79 1528 1
79 1621 1
80 90 1
80 145 1
80 162 1
80 196 1
80 255 1
80 295 1
80 331 1
80 333 1
80 341 1
80 757 1
80 863 1
80 1239 1
80 1342 1
80 1579 1
80 1589 1
81 88 1
81 224 1
81 390 1
81 407 1
81 470 1
81 547 1
81 885 1
81 888 1
81 890 1
81 1133 1
81 1367 1
81 1503 1
82 100 1
82 430 1
82 453 1
83 84 1
83 98 1
83 116 1
83 130 1
83 181 1
83 193 1
83 206 1
83 208 1
83 236 1
83 258 1
83 260 1
83 323 1
83 352 1
83 619 1
83 648 1
83 871 1
83 884 1
83 907 1
83 937 1
83 1157 1
83 1653 1
84 529 1
84 1223 1
84 1442 1
84 1461 1
85 144 1
85 150 1
85 302 1
85 560 1
85 590 1
85 1350 1
86 118 1
86 170 1
86 182 1
86 185 1
86 231 1
86 347 1
86 380 1
86 432 1
86 463 1
86 714 1
86 847 1
86 869 1
86 1219 1
86 1221 1
86 1333 1
86 1353 1
86 1540 1
86 1592 1
87 290 1
87 461 1
87 570 1
87 750 1
87 768 1
87 893 1
87 909 1
87 1021 1
87 1116 1
88 168 1
88 232 1
88 245 1
88 250 1
88 354 1
88 356 1
88 398 1
88 409 1
88 485 1
88 522 1
88 535 1
88 538 1
88 631 1
88 886 1
88 1038 1
88 1064 1
88 1106 1
88 1144 1
88 1158 1
88 1199 1
88 1221 1
88 1265 1
88 1350 1
88 1427 1
88 1504 1
89 429 1
89 535 1
89 705 1
89 979 1
89 1091 1
90 109 1
90 264 1
90 326 1
90 648 1
90 707 1
90 973 1
91 252 1
91 371 1
91 504 1
91 505 1
91 516 1
91 519 1
91 521 1
91 688 1
91 803 1
91 874 1
91 895 1
91 1037 1
92 131 1
92 301 1
92 355 1
92 465 1
92 471 1
92 501 1
92 766 1
92 800 1
92 990 1
92 1156 1
92 1290 1
92 1297 1
92 1344 1
92 1345 1
92 1481 1
92 1534 1
92 1620 1
93 147 1
93 207 1
93 214 1
93 223 1
93 563 1
93 603 1
93 612 1
93 750 1
93 791 1
93 840 1
93 1241 1
93 1334 1
93 1444 1
94 144 1
94 173 1
94 212 1
94 261 1
94 669 1
94 796 1
94 1002 1
94 1594 1
95 147 1
95 191 1
95 194 1
95 321 1
95 322 1
95 418 1
95 430 1
95 491 1
95 570 1
95 607 1
95 714 1
95 808 1
95 809 1
95 817 1
95 894 1
95 917 1
95 1443 1
95 1674 1
96 121 1
96 148 1
96 271 1
96 283 1
96 305 1
96 322 1
96 417 1
96 556 1
96 582 1
96 791 1
96 1277 1
96 1448 1
97 136 1
97 182 1
97 187 1
97 202 1
97 246 1
97 383 1
97 384 1
97 393 1
97 426 1
97 487 1
97 529 1
97 629 1
97 824 1
97 910 1
97 924 1
97 1202 1
97 1298 1
97 1355 1
97 1587 1
97 1621 1
97 1650 1
97 1655 1
97 1658 1
98 122 1
98 181 1
98 207 1
98 256 1
98 439 1
98 537 1
98 548 1
98 554 1
98 619 1
98 704 1
98 848 1
98 902 1
98 1100 1
98 1120 1
98 1150 1
98 1162 1
98 1206 1
98 1350 1
98 1373 1
98 1503 1
99 116 1
99 136 1
99 253 1
99 258 1
99 346 1
99 399 1
99 401 1
99 783 1
99 829 1
99 830 1
99 853 1
99 932 1
99 1212 1
99 1235 1
99 1472 1
100 101 1
100 155 1
100 171 1
100 178 1
100 217 1
100 218 1
100 219 1
100 237 1
100 264 1
100 295 1
100 331 1
100 351 1
100 379 1
100 485 1
100 503 1
100 527 1
100 571 1
100 582 1
100 604 1
100 763 1
100 773 1
100 811 1
100 821 1
100 929 1
100 953 1
100 982 1
100 1014 1
100 1275 1
100 1329 1
100 1438 1
100 1506 1
100 1548 1
100 1557 1
100 1602 1
100 1612 1
100 1614 1
100 1626 1
100 1694 1
101 153 1
101 205 1
101 218 1
101 263 1
101 292 1
101 302 1
101 369 1
101 384 1
101 461 1
101 464 1
101 635 1
101 638 1
101 692 1
101 693 1
101 730 1
101 765 1
101 769 1
101 814 1
101 862 1
101 881 1
101 935 1
101 1176 1
101 1302 1
101 1321 1
101 1456 1
101 1698 1
102 115 1
102 150 1
102 151 1
102 173 1
102 194 1
102 262 1
102 267 1
102 311 1
102 373 1
102 435 1
102 618 1
102 670 1
102 897 1
102 1052 1
102 1067 1
102 1094 1
102 1330 1
102 1347 1
102 1653 1
103 122 1
103 123 1
103 124 1
103 268 1
103 278 1
103 797 1
103 834 1
103 1229 1
103 1266 1
103 1281 1
103 1636 1
104 111 1
104 124 1
104 131 1
104 141 1
104 148 1
104 175 1
104 209 1
104 237 1
104 372 1
104 391 1
104 422 1
104 529 1
104 751 1
104 855 1
104 998 1
104 1019 1
104 1042 1
104 1059 1
104 1242 1
104 1326 1
104 1394 1
104 1458 1
104 1469 1
104 1474 1
104 1549 1
104 1555 1
105 130 1
105 247 1
105 339 1
105 343 1
105 436 1
105 495 1
105 527 1
105 560 1
105 628 1
105 666 1
105 961 1
105 1470 1
105 1514 1
106 186 1
106 238 1
106 299 1
106 517 1
106 554 1
106 562 1
106 715 1
106 861 1
106 927 1
106 931 1
106 948 1
106 967 1
106 1001 1
106 1012 1
106 1091 1
106 1167 1
106 1303 1
106 1560 1
107 541 1
107 606 1
107 701 1
107 782 1
107 1103 1
107 1424 1
107 1464 1
108 206 1
108 423 1
108 617 1
108 845 1
108 903 1
108 1082 1
108 1634 1
109 180 1
109 747 1
109 1499 1
110 224 1
110 244 1
110 320 1
110 592 1
110 626 1
110 912 1
111 141 1
111 188 1
111 402 1
111 469 1
111 475 1
111 569 1
111 621 1
111 624 1
111 989 1
111 1179 1
111 1400 1
111 1606 1
112 339 1
112 362 1
112 455 1
112 630 1
112 731 1
112 966 1
112 1006 1
112 1075 1
113 168 1
113 227 1
113 274 1
113 312 1
113 581 1
113 587 1
113 878 1
113 887 1
113 916 1
113 1121 1
113 1502 1
114 469 1
114 699 1
114 904 1
114 1029 1
114 1086 1
114 1246 1
114 1294 1
114 1317 1
114 1337 1
114 1508 1
114 1511 1
115 167 1
115 177 1
115 220 1
115 263 1
115 639 1
115 734 1
115 871 1
115 915 1
115 1006 1
115 1060 1
115 1500 1
115 1507 1
115 1600 1
116 168 1
116 216 1
116 231 1
116 237 1
116 272 1
116 342 1
116 396 1
116 493 1
116 568 1
116 620 1
116 825 1
116 1030 1
116 1353 1
116 1384 1
116 1426 1
117 239 1
117 249 1
117 323 1
117 353 1
117 444 1
117 609 1
117 614 1
117 679 1
117 767 1
117 776 1
117 909 1
117 1144 1
117 1156 1
117 1540 1
117 1582 1
117 1689 1
118 129 1
118 385 1
118 511 1
118 663 1
118 754 1
118 759 1
118 798 1
118 1021 1
118 1181 1
119 322 1
119 370 1
119 584 1
119 633 1
119 938 1
119 942 1
119 1237 1
119 1422 1
119 1558 1
120 203 1
120 572 1
120 837 1
120 911 1
120 1263 1
120 1270 1
120 1289 1
120 1390 1
121 166 1
121 187 1
121 237 1
121 363 1
121 369 1
121 445 1
121 458 1
121 531 1
121 581 1
121 589 1
121 747 1
121 763 1
121 988 1
121 1067 1
121 1454 1
121 1546 1
121 1690 1
122 185 1
122 222 1
122 345 1
122 377 1
122 426 1
122 467 1
122 477 1
122 488 1
122 571 1
122 707 1
122 979 1
122 1079 1
122 1168 1
122 1393 1
122 1435 1
122 1664 1
123 174 1
123 243 1
123 263 1
123 281 1
123 355 1
123 712 1
123 977 1
123 1076 1
123 1258 1
123 1325 1
124 241 1
124 274 1
124 923 1
125 164 1
125 220 1
125 305 1
125 655 1
125 1081 1
125 1531 1
126 145 1
126 154 1
126 162 1
126 528 1
126 622 1
126 1069 1
126 1383 1
126 1391 1
127 170 1
127 292 1
127 542 1
127 648 1
128 159 1
128 423 1
128 442 1
128 457 1
128 494 1
128 495 1
128 538 1
128 669 1
128 769 1
128 778 1
128 877 1
128 1021 1
128 1444 1
128 1479 1
128 1489 1
128 1511 1
128 1546 1
129 190 1
129 343 1
129 387 1
129 684 1
129 1110 1
130 159 1
130 464 1
130 532 1
130 608 1
130 634 1
130 674 1
130 711 1
130 805 1
130 847 1
130 1340 1
130 1382 1
130 1536 1
130 1570 1
131 179 1
131 196 1
131 301 1
131 317 1
131 364 1
131 713 1
131 1028 1
131 1149 1
131 1155 1
131 1325 1
131 1419 1
131 1440 1
131 1506 1
131 1530 1
131 1555 1
132 349 1
132 357 1
132 486 1
132 583 1
132 665 1
132 708 1
132 718 1
132 1080 1
132 1140 1
132 1152 1
132 1406 1
132 1617 1
133 276 1
133 353 1
133 359 1
133 459 1
133 484 1
133 489 1
133 615 1
133 677 1
133 702 1
133 762 1
133 912 1
133 1068 1
133 1082 1
133 1087 1
133 1472 1
134 135 1
134 138 1
134 140 1
134 202 1
134 270 1
134 285 1
134 407 1
134 543 1
134 710 1
134 740 1
134 905 1
134 974 1
134 1148 1
134 1237 1
134 1497 1
134 1525 1
134 1636 1
135 170 1
135 199 1
135 357 1
135 440 1
135 515 1
135 635 1
135 703 1
135 810 1
135 957 1
135 972 1
135 1166 1
135 1191 1
135 1290 1
135 1328 1
136 525 1
136 565 1
136 751 1
137 242 1
137 461 1
137 738 1
137 873 1
137 877 1
137 1081 1
137 1263 1
139 146 1
139 163 1
139 211 1
139 371 1
139 451 1
139 697 1
139 776 1
139 1052 1
139 1090 1
139 1113 1
139 1558 1
139 1637 1
140 156 1
140 386 1
140 486 1
140 641 1
140 1104 1
140 1125 1
140 1179 1
140 1304 1
141 225 1
141 347 1
141 378 1
141 390 1
141 437 1
141 456 1
141 594 1
141 827 1
141 905 1
141 1068 1
141 1171 1
141 1205 1
141 1562 1
142 243 1
142 258 1
142 272 1
142 302 1
142 446 1
142 449 1
142 622 1
142 761 1
142 779 1
142 859 1
142 881 1
142 1201 1
142 1502 1
142 1508 1
143 147 1
143 217 1
143 238 1
143 246 1
143 270 1
143 275 1
143 313 1
143 318 1
143 356 1
143 435 1
143 492 1
143 721 1
143 796 1
143 1252 1
144 236 1
144 244 1
144 248 1
144 317 1
144 347 1
144 443 1
144 477 1
144 530 1
144 569 1
144 583 1
144 818 1
144 1268 1
144 1640 1
145 165 1
145 174 1
145 281 1
145 296 1
145 415 1
145 823 1
145 1055 1
145 1172 1
146 150 1
146 210 1
146 375 1
146 378 1
146 967 1
146 1024 1
146 1136 1
146 1153 1
146 1208 1
146 1347 1
147 182 1
147 186 1
147 251 1
147 315 1
147 325 1
147 341 1
147 350 1
147 366 1
147 446 1
147 459 1
147 580 1
147 732 1
147 836 1
147 964 1
147 1056 1
147 1142 1
147 1152 1
147 1195 1
147 1197 1
147 1449 1
147 1685 1
147 1696 1
148 202 1
148 213 1
148 271 1
148 276 1
148 296 1
148 302 1
148 337 1
148 365 1
148 483 1
148 543 1
148 780 1
148 863 1
148 883 1
148 1040 1
148 1143 1
148 1154 1
148 1190 1
148 1472 1
148 1563 1
148 1620 1
149 201 1
149 315 1
149 336 1
149 373 1
149 432 1
149 460 1
149 470 1
149 527 1
149 663 1
149 791 1
149 1108 1
149 1111 1
149 1169 1
149 1487 1
150 327 1
150 897 1
150 945 1
150 961 1
150 1058 1
151 169 1
151 203 1
151 239 1
151 241 1
151 242 1
151 257 1
151 264 1
151 266 1
151 345 1
151 348 1
151 377 1
151 472 1
151 476 1
151 478 1
151 500 1
151 502 1
151 525 1
151 613 1
151 635 1
151 689 1
151 725 1
151 743 1
151 771 1
151 945 1
151 1043 1
151 1126 1
151 1138 1
151 1243 1
151 1356 1
151 1494 1
151 1532 1
151 1547 1
151 1666 1
152 157 1
152 414 1
152 826 1
152 831 1
152 1072 1
152 1167 1
152 1541 1
153 164 1
153 273 1
153 853 1
153 1445 1
154 198 1
154 253 1
154 282 1
154 286 1
154 366 1
154 375 1
154 452 1
154 656 1
154 695 1
154 760 1
154 1025 1
154 1051 1
154 1077 1
154 1251 1
154 1520 1
154 1573 1
155 259 1
155 318 1
155 523 1
155 600 1
155 988 1
155 1055 1
155 1425 1
155 1639 1
156 246 1
156 256 1
156 308 1
156 379 1
156 409 1
156 947 1
156 974 1
156 1121 1
156 1177 1
156 1467 1
157 1123 1
157 1628 1
158 172 1
158 399 1
158 452 1
158 454 1
158 510 1
158 636 1
158 667 1
158 816 1
158 849 1
158 932 1
158 934 1
158 1093 1
158 1165 1
158 1199 1
158 1404 1
158 1438 1
158 1459 1
159 257 1
159 259 1
159 508 1
159 557 1
159 726 1
159 855 1
159 1046 1
159 1083 1
159 1231 1
159 1569 1
159 1640 1
160 193 1
160 211 1
160 221 1
160 244 1
160 277 1
160 279 1
160 287 1
160 333 1
160 374 1
160 424 1
160 607 1
160 611 1
160 627 1
160 692 1
160 705 1
160 1016 1
160 1018 1
160 1472 1
160 1512 1
160 1677 1
160 1695 1
161 358 1
161 454 1
161 1453 1
161 1523 1
162 184 1
162 453 1
162 467 1
162 836 1
162 953 1
162 1167 1
162 1697 1
163 213 1
163 303 1
163 343 1
163 552 1
163 669 1
163 721 1
163 729 1
163 747 1
163 792 1
163 1056 1
163 1169 1
163 1247 1
163 1277 1
163 1282 1
163 1400 1
163 1485 1
163 1669 1
163 1676 1
164 349 1
164 566 1
164 1008 1
164 1036 1
164 1151 1
164 1469 1
164 1667 1
165 262 1
165 308 1
165 419 1
165 505 1
165 973 1
165 1059 1
165 1161 1
166 372 1
166 412 1
166 1038 1
167 178 1
167 352 1
167 570 1
167 623 1
167 723 1
167 768 1
167 790 1
167 999 1
167 1034 1
167 1240 1
167 1311 1
167 1454 1
167 1561 1
167 1678 1
168 216 1
168 222 1
168 425 1
168 488 1
168 522 1
168 568 1
168 649 1
168 667 1
168 703 1
168 778 1
168 819 1
168 825 1
168 875 1
168 935 1
168 946 1
168 964 1
168 988 1
168 994 1
168 1054 1
168 1273 1
168 1431 1
168 1483 1
168 1584 1
168 1675 1
169 228 1
169 260 1
169 303 1
169 501 1
169 594 1
169 1057 1
169 1084 1
169 1225 1
169 1496 1
169 1587 1
170 241 1
170 285 1
170 552 1
170 833 1
170 906 1
170 1306 1
171 192 1
171 239 1
171 326 1
171 337 1
171 406 1
171 476 1
171 726 1
171 950 1
171 980 1
171 1545 1
172 189 1
172 470 1
172 471 1
173 458 1
173 497 1
173 629 1
173 922 1
173 942 1
173 1023 1
173 1051 1
173 1146 1
174 181 1
174 278 1
174 665 1
174 981 1
174 1421 1
174 1656 1
175 337 1
175 367 1
175 910 1
175 990 1
175 1317 1
176 402 1
176 442 1
176 443 1
176 483 1
176 571 1
176 1100 1
176 1129 1
176 1375 1
177 325 1
177 536 1
177 688 1
177 1195 1
177 1428 1
178 229 1
178 1039 1
179 270 1
179 373 1
179 511 1
179 717 1
179 1649 1
180 231 1
180 235 1
180 389 1
180 643 1
180 738 1
180 782 1
180 849 1
180 972 1
180 1010 1
180 1323 1
180 1642 1
181 199 1
181 248 1
181 297 1
181 392 1
181 423 1
181 433 1
181 509 1
181 533 1
181 578 1
181 638 1
181 779 1
181 792 1
181 841 1
181 851 1
181 853 1
181 900 1
181 1016 1
181 1053 1
181 1198 1
181 1231 1
181 1270 1
181 1296 1
181 1550 1
181 1642 1
182 281 1
182 372 1
182 746 1
183 567 1
183 1236 1
184 233 1
184 409 1
184 461 1
184 551 1
184 675 1
184 904 1
184 943 1
184 1002 1
184 1316 1
185 305 1
185 388 1
185 414 1
185 545 1
185 583 1
185 596 1
186 514 1
186 858 1
186 1094 1
186 1567 1
186 1601 1
186 1604 1
187 607 1
187 1088 1
187 1293 1
187 1362 1
187 1416 1
188 308 1
188 582 1
188 733 1
188 746 1
188 1278 1
188 1347 1
188 1368 1
188 1451 1
189 1615 1
190 191 1
190 274 1
190 344 1
190 380 1
190 676 1
190 901 1
190 1168 1
190 1690 1
191 284 1
191 328 1
191 463 1
191 499 1
191 522 1
191 653 1
191 660 1
191 680 1
191 759 1
191 780 1
191 818 1
191 924 1
191 931 1
191 1035 1
191 1054 1
191 1062 1
192 433 1
192 435 1
192 580 1
193 800 1
193 1020 1
193 1369 1
194 845 1
194 1582 1
195 197 1
195 225 1
195 264 1
195 417 1
195 441 1
195 464 1
195 790 1
195 846 1
195 1054 1
195 1162 1
196 642 1
196 707 1
197 236 1
197 299 1
197 506 1
197 668 1
197 778 1
197 817 1
197 864 1
197 1046 1
197 1477 1
197 1664 1
197 1668 1
198 235 1
198 298 1
198 420 1
198 439 1
198 509 1
198 595 1
198 863 1
198 883 1
198 1074 1
198 1303 1
198 1365 1
198 1562 1
199 228 1
199 376 1
199 395 1
199 435 1
199 551 1
199 591 1
199 806 1
199 842 1
199 1025 1
199 1211 1
199 1423 1
199 1479 1
199 1599 1
200 206 1
200 744 1
200 816 1
200 826 1
200 1004 1
200 1095 1
200 1213 1
200 1216 1
200 1221 1
200 1662 1
201 227 1
201 255 1
201 813 1
201 985 1
201 1008 1
201 1585 1
202 1620 1
203 431 1
203 597 1
203 683 1
203 854 1
203 915 1
203 986 1
203 1074 1
203 1082 1
203 1619 1
203 1651 1
204 812 1
204 937 1
204 947 1
204 1110 1
204 1131 1
204 1166 1
204 1230 1
204 1683 1
204 1697 1
205 362 1
205 730 1
205 929 1
205 930 1
205 1148 1
205 1600 1
206 412 1
207 212 1
207 245 1
207 360 1
207 482 1
207 774 1
207 1386 1
208 225 1
208 340 1
208 346 1
208 356 1
208 546 1
208 694 1
208 698 1
208 764 1
208 824 1
208 1010 1
208 1287 1
208 1302 1
209 275 1
209 286 1
209 313 1
209 518 1
209 560 1
209 758 1
209 954 1
209 1364 1
209 1391 1
209 1547 1
209 1605 1
209 1659 1
209 1663 1
210 344 1
210 387 1
210 469 1
210 636 1
210 655 1
210 797 1
210 1011 1
210 1085 1
210 1122 1
210 1490 1
210 1547 1
210 1615 1
210 1648 1
211 380 1
211 439 1
211 462 1
211 474 1
211 497 1
211 603 1
211 640 1
211 702 1
211 856 1
211 1104 1
211 1342 1
211 1658 1
212 223 1
212 260 1
212 465 1
212 943 1
212 1227 1
213 411 1
213 460 1
213 660 1
213 936 1
213 1259 1
213 1300 1
213 1336 1
213 1351 1
213 1374 1
214 309 1
214 476 1
214 544 1
214 795 1
214 1108 1
214 1118 1
215 389 1
215 742 1
215 1083 1
215 1387 1
215 1432 1
215 1452 1
215 1600 1
215 1681 1
216 366 1
216 449 1
216 653 1
216 661 1
216 714 1
216 748 1
216 814 1
216 872 1
217 328 1
217 441 1
217 564 1
217 566 1
217 601 1
217 658 1
217 704 1
217 849 1
217 1441 1
217 1692 1
218 247 1
218 267 1
218 304 1
219 716 1
219 774 1
219 798 1
219 1289 1
219 1480 1
220 489 1
220 502 1
220 585 1
220 991 1
220 1392 1
220 1517 1
220 1588 1
221 233 1
221 287 1
221 326 1
221 624 1
221 719 1
221 732 1
221 987 1
221 1065 1
221 1092 1
222 584 1
222 668 1
222 736 1
222 788 1
222 823 1
222 835 1
222 1238 1
222 1275 1
222 1279 1
222 1415 1
223 230 1
223 371 1
223 668 1
223 754 1
223 813 1
223 1638 1
224 335 1
224 627 1
224 985 1
224 1308 1
225 310 1
225 407 1
225 420 1
225 602 1
225 636 1
225 707 1
225 985 1
225 1139 1
225 1354 1
225 1358 1
226 317 1
226 320 1
226 326 1
226 415 1
226 1033 1
226 1140 1
226 1202 1
226 1413 1
227 238 1
227 255 1
227 316 1
227 374 1
227 501 1
227 704 1
227 1151 1
227 1217 1
227 1577 1
228 276 1
228 324 1
228 445 1
228 864 1
228 1229 1
228 1292 1
228 1302 1
228 1564 1
228 1577 1
229 254 1
229 307 1
229 513 1
229 1526 1
230 839 1
230 1289 1
230 1589 1
231 397 1
231 496 1
231 676 1
231 1262 1
231 1348 1
231 1550 1
232 408 1
232 613 1
232 625 1
232 695 1
232 788 1
232 1112 1
232 1173 1
232 1261 1
232 1272 1
232 1346 1
232 1398 1
232 1569 1
232 1611 1
232 1679 1
233 474 1
233 520 1
233 548 1
233 745 1
233 794 1
233 1207 1
234 271 1
234 539 1
234 1263 1
234 1630 1
235 309 1
235 406 1
235 421 1
235 576 1
235 652 1
235 1239 1
236 455 1
236 592 1
236 884 1
236 1309 1
237 240 1
237 342 1
237 374 1
237 391 1
237 416 1
237 471 1
237 515 1
237 554 1
237 1352 1
237 1484 1
238 488 1
238 950 1
238 1201 1
239 290 1
239 433 1
239 532 1
239 679 1
239 891 1
239 896 1
239 948 1
239 1052 1
240 559 1
240 754 1
240 1290 1
241 335 1
241 398 1
241 403 1
241 518 1
241 528 1
241 538 1
241 562 1
241 592 1
241 595 1
241 919 1
241 941 1
241 1001 1
241 1070 1
241 1242 1
241 1313 1
241 1515 1
241 1632 1
242 266 1
242 330 1
242 334 1
242 437 1
242 842 1
242 1050 1
242 1227 1
242 1348 1
243 328 1
243 995 1
243 1336 1
243 1419 1
243 1429 1
243 1468 1
244 749 1
244 806 1
244 1031 1
244 1109 1
244 1187 1
245 272 1
245 306 1
245 550 1
245 942 1
245 1204 1
245 1398 1
246 402 1
246 1096 1
246 1272 1
246 1367 1
246 1493 1
247 465 1
247 466 1
247 761 1
247 935 1
247 1437 1
247 1493 1
248 382 1
248 395 1
248 401 1
248 1058 1
248 1231 1
248 1300 1
248 1314 1
248 1418 1
249 251 1
249 338 1
249 497 1
249 1135 1
249 1168 1
250 251 1
250 904 1
250 931 1
250 1373 1
250 1439 1
251 291 1
251 305 1
251 341 1
251 499 1
251 786 1
251 1516 1
252 265 1
252 315 1
252 357 1
252 620 1
252 701 1
252 953 1
252 1481 1
253 300 1
253 640 1
253 679 1
253 714 1
253 822 1
253 1134 1
253 1224 1
253 1328 1
253 1346 1
253 1371 1
254 272 1
254 273 1
254 318 1
254 484 1
254 554 1
254 637 1
254 877 1
254 1053 1
254 1226 1
254 1458 1
254 1489 1
255 267 1
255 434 1
255 488 1
255 529 1
255 733 1
255 1253 1
255 1276 1
256 498 1
257 337 1
257 872 1
257 1010 1
257 1419 1
257 1568 1
257 1591 1
258 269 1
258 351 1
258 510 1
258 523 1
258 609 1
258 638 1
258 1028 1
258 1087 1
258 1121 1
258 1460 1
258 1581 1
259 345 1
259 476 1
259 539 1
259 572 1
259 640 1
259 785 1
259 1078 1
260 335 1
260 397 1
260 530 1
260 697 1
260 746 1
261 358 1
261 625 1
261 645 1
261 811 1
261 885 1
261 978 1
262 462 1
262 524 1
262 631 1
262 662 1
262 840 1
262 922 1
262 1020 1
262 1388 1
262 1463 1
262 1563 1
263 292 1
263 434 1
263 444 1
263 477 1
263 676 1
263 1443 1
263 1616 1
264 361 1
264 500 1
265 514 1
265 531 1
265 781 1
265 1006 1
265 1155 1
265 1477 1
265 1672 1
266 329 1
266 512 1
266 551 1
266 614 1
266 859 1
266 889 1
266 910 1
266 917 1
266 1134 1
266 1239 1
266 1387 1
266 1389 1
266 1462 1
266 1465 1
266 1610 1
266 1628 1
266 1676 1
267 963 1
268 400 1
268 537 1
268 627 1
268 682 1
268 831 1
268 851 1
268 930 1
268 1311 1
268 1657 1
269 299 1
269 304 1
269 336 1
269 382 1
269 698 1
269 796 1
269 1192 1
270 376 1
270 740 1
271 755 1
272 464 1
272 768 1
272 894 1
272 907 1
272 1102 1
272 1105 1
272 1377 1
272 1427 1
272 1478 1
272 1595 1
272 1644 1
273 481 1
273 602 1
273 758 1
273 969 1
273 1070 1
273 1176 1
273 1222 1
274 421 1
274 537 1
274 671 1
274 840 1
274 1120 1
274 1256 1
274 1305 1
274 1602 1
275 563 1
275 725 1
275 739 1
275 806 1
275 828 1
275 832 1
275 843 1
275 908 1
275 933 1
275 958 1
275 1070 1
275 1204 1
276 393 1
276 531 1
276 573 1
276 835 1
276 1197 1
277 431 1
277 1007 1
277 1159 1
277 1248 1
277 1252 1
277 1693 1
278 293 1
278 399 1
278 415 1
278 644 1
278 801 1
278 824 1
278 916 1
278 1151 1
278 1178 1
278 1682 1
279 974 1
279 1378 1
280 319 1
280 586 1
280 651 1
280 968 1
280 1185 1
280 1379 1
280 1416 1
281 300 1
281 579 1
281 597 1
281 1141 1
282 401 1
282 880 1
282 952 1
282 1375 1
283 336 1
283 500 1
283 1157 1
283 1287 1
283 1445 1
284 890 1
284 927 1
285 294 1
285 499 1
285 1147 1
285 1548 1
286 338 1
286 363 1
286 367 1
286 381 1
286 576 1
286 589 1
286 843 1
286 1097 1
286 1186 1
286 1530 1
287 304 1
287 984 1
288 466 1
288 518 1
288 544 1
288 595 1
288 599 1
288 600 1
288 645 1
288 785 1
288 980 1
288 1000 1
288 1071 1
288 1174 1
288 1230 1
288 1360 1
289 339 1
289 896 1
289 1222 1
289 1232 1
289 1505 1
289 1624 1
289 1692 1
290 404 1
290 419 1
290 436 1
290 491 1
290 509 1
290 674 1
290 698 1
290 876 1
290 884 1
290 906 1
290 1123 1
290 1135 1
290 1334 1
291 563 1
292 324 1
292 332 1
292 490 1
292 626 1
292 724 1
292 741 1
292 1453 1
292 1490 1
293 376 1
293 539 1
293 654 1
293 728 1
294 556 1
294 687 1
294 718 1
294 852 1
294 912 1
294 965 1
294 1075 1
294 1360 1
295 362 1
295 515 1
295 645 1
295 647 1
295 1226 1
295 1251 1
296 537 1
296 569 1
296 598 1
296 851 1
296 920 1
296 1029 1
296 1038 1
296 1186 1
296 1556 1
297 886 1
297 966 1
297 1193 1
297 1261 1
299 413 1
299 451 1
299 605 1
299 613 1
299 749 1
299 1476 1
300 645 1
300 690 1
300 753 1
300 819 1
300 977 1
300 989 1
300 1044 1
301 433 1
301 498 1
301 635 1
301 755 1
301 1111 1
301 1402 1
302 656 1
302 690 1
302 1379 1
303 498 1
303 832 1
303 972 1
303 1172 1
303 1504 1
303 1527 1
303 1589 1
304 661 1
304 664 1
305 355 1
305 427 1
305 445 1
305 458 1
305 516 1
305 878 1
305 1475 1
306 447 1
306 540 1
306 740 1
306 1338 1
306 1451 1
307 576 1
307 886 1
308 862 1
308 1443 1
308 1510 1
309 319 1
309 599 1
309 786 1
310 815 1
310 1324 1
310 1361 1
311 1061 1
311 1436 1
312 644 1
312 987 1
312 1137 1
313 425 1
313 439 1
313 646 1
313 756 1
313 802 1
313 900 1
313 1125 1
313 1223 1
313 1530 1
313 1588 1
314 382 1
314 480 1
314 521 1
314 608 1
314 653 1
314 835 1
314 1005 1
314 1170 1
314 1433 1
314 1528 1
314 1684 1
315 472 1
315 655 1
315 1035 1
315 1071 1
315 1154 1
315 1593 1
316 447 1
316 526 1
316 584 1
316 633 1
316 891 1
316 898 1
316 972 1
316 1206 1
317 400 1
317 549 1
317 623 1
317 891 1
317 1019 1
317 1057 1
317 1568 1
318 1178 1
318 1476 1
319 543 1
319 1669 1
320 428 1
320 965 1
321 670 1
321 1085 1
321 1351 1
322 1215 1
322 1280 1
323 346 1
323 361 1
323 375 1
323 483 1
323 606 1
323 621 1
323 869 1
323 936 1
323 948 1
323 963 1
323 1026 1
323 1043 1
323 1045 1
323 1365 1
323 1382 1
323 1434 1
323 1481 1
324 1233 1
325 585 1
326 450 1
326 564 1
326 601 1
326 882 1
327 487 1
327 513 1
327 725 1
327 771 1
327 1318 1
327 1339 1
327 1407 1
328 1014 1
328 1022 1
328 1050 1
328 1134 1
328 1257 1
328 1448 1
328 1588 1
329 368 1
329 388 1
329 697 1
329 837 1
329 1033 1
329 1285 1
329 1299 1
329 1592 1
330 334 1
330 475 1
330 483 1
330 917 1
330 1092 1
330 1155 1
330 1378 1
330 1418 1
330 1659 1
331 339 1
331 771 1
332 348 1
332 350 1
332 896 1
332 925 1
332 1071 1
333 431 1
333 438 1
333 466 1
333 499 1
333 954 1
334 425 1
334 468 1
334 765 1
334 851 1
334 1178 1
335 410 1
335 472 1
335 977 1
335 1203 1
335 1236 1
335 1376 1
335 1622 1
335 1624 1
335 1664 1
336 394 1
336 486 1
336 507 1
336 803 1
336 1068 1
336 1173 1
336 1249 1
336 1414 1
337 678 1
337 1106 1
337 1175 1
337 1295 1
338 519 1
339 550 1
339 810 1
339 1694 1
340 673 1
340 720 1
340 1367 1
341 393 1
342 507 1
342 1032 1
342 1590 1
343 378 1
343 512 1
343 528 1
343 809 1
343 1218 1
343 1221 1
344 511 1
344 1077 1
344 1113 1
344 1298 1
344 1359 1
344 1403 1
344 1598 1
345 469 1
345 487 1
345 559 1
345 865 1
345 944 1
345 1379 1
345 1393 1
345 1596 1
345 1613 1
345 1655 1
346 566 1
346 694 1
346 856 1
346 859 1
346 1284 1
346 1574 1
346 1597 1
347 416 1
347 683 1
348 364 1
348 736 1
348 953 1
348 1232 1
349 406 1
349 1119 1
350 793 1
350 1501 1
351 384 1
351 385 1
351 394 1
351 457 1
351 487 1
351 526 1
351 676 1
351 906 1
351 1076 1
351 1243 1
351 1455 1
351 1509 1
351 1647 1
352 365 1
352 404 1
352 436 1
352 661 1
352 959 1
352 1001 1
352 1049 1
352 1597 1
352 1615 1
352 1659 1
353 507 1
353 632 1
353 1491 1
353 1568 1
354 660 1
354 1554 1
354 1686 1
355 409 1
355 631 1
355 646 1
355 732 1
355 908 1
355 1080 1
355 1247 1
356 574 1
358 472 1
358 533 1
358 726 1
358 784 1
358 830 1
358 900 1
358 907 1
358 1103 1
358 1184 1
358 1226 1
358 1248 1
358 1272 1
358 1291 1
358 1420 1
358 1430 1
358 1456 1
358 1650 1
359 450 1
359 723 1
359 892 1
359 1026 1
359 1078 1
359 1186 1
360 381 1
360 406 1
360 428 1
360 493 1
360 598 1
360 657 1
360 753 1
360 797 1
360 887 1
360 956 1
360 1188 1
360 1349 1
361 462 1
361 657 1
361 999 1
361 1058 1
361 1476 1
362 643 1
362 860 1
362 868 1
362 1113 1
362 1162 1
363 368 1
363 815 1
364 804 1
364 816 1
364 1214 1
364 1306 1
364 1327 1
365 484 1
365 588 1
365 628 1
365 641 1
365 934 1
365 1012 1
365 1364 1
365 1508 1
365 1686 1
366 630 1
366 892 1
366 1146 1
366 1156 1
366 1555 1
366 1605 1
367 407 1
367 837 1
368 532 1
368 741 1
368 1185 1
368 1322 1
368 1673 1
370 418 1
370 1245 1
371 455 1
371 721 1
371 773 1
371 971 1
371 1217 1
371 1274 1
371 1545 1
372 404 1
372 895 1
373 381 1
373 513 1
373 812 1
373 829 1
374 477 1
374 491 1
374 914 1
374 970 1
374 1142 1
374 1314 1
374 1337 1
375 617 1
375 1519 1
375 1632 1
376 792 1
376 1285 1
376 1318 1
376 1585 1
376 1669 1
377 475 1
377 617 1
377 634 1
377 970 1
377 1353 1
377 1590 1
377 1643 1
378 589 1
378 605 1
378 1214 1
378 1253 1
378 1377 1
378 1623 1
379 557 1
379 620 1
379 706 1
379 1002 1
379 1281 1
379 1619 1
380 388 1
380 1219 1
380 1431 1
381 458 1
381 950 1
381 1282 1
381 1283 1
381 1403 1
381 1411 1
381 1585 1
382 413 1
382 547 1
382 696 1
382 737 1
382 762 1
382 838 1
382 850 1
382 992 1
382 1049 1
382 1065 1
382 1307 1
382 1529 1
382 1572 1
383 395 1
383 880 1
383 1344 1
383 1354 1
383 1417 1
383 1514 1
383 1641 1
384 1112 1
384 1279 1
384 1318 1
384 1417 1
384 1644 1
385 622 1
385 632 1
385 784 1
385 928 1
385 1069 1
385 1130 1
385 1180 1
386 820 1
386 841 1
386 1529 1
387 420 1
387 658 1
387 959 1
388 1309 1
388 1571 1
389 735 1
389 1286 1
390 657 1
390 849 1
390 1196 1
390 1390 1
390 1430 1
391 392 1
391 557 1
391 623 1
391 662 1
391 684 1
391 818 1
391 1245 1
391 1284 1
391 1308 1
392 515 1
392 553 1
392 1518 1
393 1164 1
394 520 1
394 524 1
394 717 1
394 928 1
394 952 1
394 1088 1
394 1150 1
394 1187 1
394 1391 1
394 1488 1
395 913 1
395 978 1
396 475 1
396 694 1
396 866 1
396 875 1
396 1150 1
396 1211 1
396 1222 1
396 1230 1
397 452 1
397 599 1
398 639 1
398 1130 1
399 731 1
399 735 1
399 815 1
399 955 1
399 1333 1
399 1612 1
399 1672 1
400 470 1
400 606 1
400 637 1
400 665 1
400 703 1
400 752 1
400 768 1
400 796 1
400 1426 1
400 1644 1
401 951 1
401 1595 1
403 831 1
403 1210 1
404 1157 1
405 530 1
405 642 1
405 658 1
405 944 1
405 1046 1
405 1669 1
406 843 1
406 1163 1
406 1411 1
406 1489 1
406 1526 1
406 1593 1
407 410 1
407 586 1
407 857 1
407 1077 1
408 533 1
408 561 1
408 686 1
408 732 1
408 788 1
408 867 1
408 1032 1
408 1073 1
408 1358 1
408 1447 1
408 1456 1
409 414 1
409 609 1
409 684 1
409 854 1
409 1105 1
409 1294 1
409 1507 1
409 1649 1
411 672 1
411 734 1
411 828 1
411 942 1
411 1422 1
411 1666 1
412 473 1
412 811 1
412 844 1
412 1639 1
413 608 1
413 858 1
413 960 1
413 990 1
413 1013 1
414 503 1
414 1250 1
414 1520 1
415 442 1
416 757 1
416 770 1
416 834 1
416 1372 1
416 1523 1
417 474 1
417 511 1
417 903 1
417 1083 1
417 1200 1
417 1407 1
418 678 1
418 729 1
418 977 1
419 650 1
419 1204 1
419 1562 1
420 478 1
421 742 1
421 996 1
421 1196 1
422 452 1
422 468 1
422 523 1
422 534 1
422 587 1
422 1333 1
422 1432 1
422 1633 1
423 682 1
423 756 1
423 949 1
423 1192 1
424 505 1
424 777 1
424 867 1
425 516 1
425 688 1
425 809 1
425 858 1
426 659 1
426 766 1
426 1599 1
427 531 1
427 555 1
427 629 1
427 1197 1
427 1395 1
427 1428 1
427 1537 1
428 540 1
429 459 1
429 467 1
429 612 1
429 817 1
429 1109 1
429 1261 1
430 588 1
430 963 1
430 1247 1
430 1689 1
431 436 1
431 489 1
431 663 1
431 1079 1
431 1512 1
432 454 1
432 775 1
432 1025 1
432 1051 1
432 1386 1
432 1565 1
433 447 1
433 744 1
433 939 1
433 1369 1
433 1420 1
433 1450 1
434 1165 1
435 490 1
435 563 1
435 580 1
435 1052 1
435 1295 1
435 1699 1
436 892 1
436 1319 1
437 949 1
437 1015 1
437 1060 1
437 1191 1
437 1275 1
437 1392 1
437 1518 1
438 679 1
438 855 1
438 889 1
439 613 1
439 672 1
439 774 1
439 981 1
439 1163 1
439 1210 1
440 887 1
440 1244 1
440 1292 1
441 750 1
441 904 1
441 921 1
441 1228 1
441 1382 1
442 760 1
442 871 1
442 954 1
442 986 1
442 1259 1
442 1384 1
443 473 1
443 801 1
443 1040 1
444 577 1
444 708 1
444 727 1
444 738 1
444 807 1
444 1175 1
444 1311 1
444 1357 1
444 1528 1
444 1700 1
445 485 1
445 629 1
445 926 1
445 1631 1
446 924 1
446 1579 1
446 1588 1
446 1612 1
447 557 1
447 755 1
447 842 1
447 867 1
447 923 1
447 1515 1
447 1578 1
449 691 1
449 733 1
450 630 1
450 634 1
450 730 1
451 525 1
451 1343 1
451 1352 1
451 1480 1
452 493 1
453 650 1
454 931 1
454 1460 1
455 503 1
455 1162 1
455 1220 1
455 1307 1
455 1612 1
456 675 1
456 852 1
456 962 1
456 1250 1
456 1663 1
456 1685 1
458 519 1
458 553 1
458 611 1
458 614 1
458 1549 1
458 1659 1
459 1107 1
459 1120 1
460 1468 1
460 1533 1
461 552 1
461 751 1
461 1498 1
462 1636 1
463 1507 1
463 1540 1
464 1433 1
465 865 1
465 1646 1
466 1468 1
467 600 1
467 1531 1
470 547 1
470 624 1
470 1112 1
471 604 1
471 1072 1
471 1141 1
471 1423 1
471 1450 1
471 1557 1
472 1445 1
472 1697 1
473 1224 1
474 506 1
474 755 1
474 1042 1
475 1637 1
475 1664 1
477 631 1
477 737 1
477 794 1
477 821 1
477 928 1
477 1013 1
477 1164 1
477 1177 1
477 1273 1
478 638 1
478 787 1
478 1091 1
478 1510 1
478 1640 1
479 573 1
479 601 1
479 789 1
479 1191 1
479 1352 1
479 1399 1
479 1519 1
479 1611 1
480 504 1
480 546 1
480 624 1
480 651 1
480 863 1
480 920 1
480 928 1
480 1192 1
480 1199 1
480 1211 1
480 1390 1
480 1484 1
481 752 1
481 1096 1
481 1109 1
482 700 1
482 782 1
482 1157 1
482 1590 1
482 1657 1
483 677 1
483 678 1
483 728 1
483 879 1
483 940 1
484 588 1
484 814 1
484 1057 1
485 582 1
485 664 1
485 758 1
486 546 1
486 1047 1
486 1355 1
486 1492 1
486 1637 1
487 625 1
487 655 1
487 772 1
487 823 1
487 982 1
487 1142 1
487 1170 1
487 1173 1
489 1218 1
489 1261 1
490 555 1
490 1049 1
491 1309 1
491 1478 1
491 1529 1
492 501 1
492 615 1
492 656 1
492 1027 1
492 1599 1
492 1661 1
493 535 1
493 685 1
493 742 1
493 968 1
493 1332 1
494 575 1
494 700 1
494 902 1
494 981 1
494 1040 1
494 1115 1
494 1170 1
494 1457 1
495 696 1
495 779 1
495 828 1
495 1025 1
495 1140 1
495 1190 1
495 1215 1
495 1423 1
495 1646 1
496 764 1
496 876 1
496 959 1
496 1007 1
496 1037 1
496 1182 1
496 1250 1
496 1535 1
497 814 1
497 894 1
498 991 1
498 1037 1
498 1315 1
498 1455 1
500 1430 1
500 1540 1
500 1576 1
502 504 1
502 659 1
502 845 1
502 975 1
502 1023 1
502 1601 1
504 716 1
504 758 1
504 803 1
504 839 1
505 507 1
505 1490 1
506 685 1
506 709 1
506 1056 1
507 546 1
509 649 1
509 693 1
509 848 1
509 920 1
509 975 1
509 1080 1
509 1635 1
511 753 1
511 915 1
514 1522 1
514 1542 1
515 639 1
515 1192 1
515 1226 1
516 558 1
516 658 1
516 850 1
516 1008 1
516 1348 1
516 1521 1
516 1566 1
516 1625 1
517 616 1
517 939 1
517 955 1
517 1102 1
517 1128 1
517 1339 1
517 1344 1
517 1551 1
518 841 1
518 916 1
518 1119 1
519 870 1
519 1031 1
519 1215 1
519 1683 1
520 540 1
520 565 1
520 607 1
520 719 1
520 787 1
520 1036 1
520 1136 1
520 1204 1
522 766 1
522 1297 1
522 1309 1
522 1687 1
523 715 1
523 884 1
523 1557 1
524 534 1
524 772 1
524 1552 1
524 1563 1
525 590 1
525 652 1
525 1098 1
525 1119 1
525 1254 1
525 1297 1
525 1499 1
526 791 1
526 908 1
527 678 1
527 1004 1
527 1354 1
528 545 1
528 669 1
528 1118 1
528 1249 1
528 1476 1
528 1645 1
529 763 1
529 769 1
529 770 1
529 956 1
529 1120 1
530 627 1
530 879 1
530 951 1
530 1045 1
530 1244 1
530 1425 1
530 1685 1
531 746 1
531 888 1
531 901 1
531 1003 1
531 1019 1
531 1024 1
531 1405 1
532 1141 1
532 1619 1
533 593 1
533 983 1
536 602 1
536 799 1
536 1014 1
536 1069 1
537 659 1
537 687 1
537 1015 1
537 1397 1
537 1559 1
538 706 1
538 1429 1
538 1543 1
538 1696 1
539 1503 1
540 569 1
540 579 1
540 692 1
540 728 1
540 777 1
540 888 1
540 1145 1
540 1190 1
541 1158 1
541 1435 1
541 1541 1
542 1036 1
542 1313 1
542 1345 1
543 700 1
543 1224 1
546 807 1
547 793 1
547 1093 1
547 1103 1
547 1402 1
547 1561 1
548 562 1
548 1255 1
549 842 1
550 610 1
550 767 1
550 933 1
550 1150 1
551 562 1
551 716 1
551 748 1
551 760 1
551 1374 1
551 1460 1
553 558 1
553 857 1
553 919 1
553 1090 1
553 1257 1
553 1283 1
554 804 1
554 1234 1
554 1558 1
555 822 1
555 1017 1
556 597 1
556 1066 1
556 1403 1
557 590 1
557 684 1
557 998 1
557 1067 1
557 1335 1
558 682 1
559 1660 1
560 1090 1
560 1178 1
560 1455 1
560 1665 1
560 1693 1
561 651 1
561 854 1
562 1214 1
563 834 1
563 898 1
563 992 1
565 848 1
565 947 1
565 1370 1
566 571 1
567 649 1
567 724 1
567 1154 1
568 1096 1
570 715 1
571 687 1
571 719 1
571 1271 1
571 1594 1
571 1627 1
572 1207 1
572 1225 1
572 1410 1
572 1552 1
573 628 1
573 1537 1
573 1639 1
574 1027 1
574 1576 1
574 1686 1
575 644 1
575 666 1
575 1303 1
576 1176 1
578 594 1
578 795 1
578 985 1
578 1078 1
579 1017 1
579 1401 1
579 1633 1
581 789 1
581 901 1
581 1504 1
581 1563 1
582 1183 1
583 1521 1
584 611 1
584 618 1
584 823 1
584 875 1
584 919 1
584 1371 1
584 1524 1
584 1674 1
585 959 1
586 870 1
586 1345 1
586 1560 1
586 1591 1
587 591 1
588 735 1
588 1597 1
589 596 1
589 845 1
590 1117 1
590 1348 1
592 637 1
592 720 1
592 836 1
592 1100 1
592 1233 1
593 690 1
593 827 1
593 1415 1
593 1495 1
593 1680 1
594 1371 1
595 662 1
595 770 1
595 1024 1
595 1364 1
596 673 1
596 934 1
597 854 1
597 1078 1
597 1474 1
597 1598 1
598 882 1
598 936 1
598 1478 1
599 1188 1
600 741 1
600 846 1
600 1198 1
600 1550 1
601 857 1
601 937 1
601 1225 1
601 1643 1
602 867 1
603 1165 1
603 1408 1
603 1681 1
604 787 1
604 911 1
604 973 1
604 1018 1
605 781 1
606 1393 1
607 688 1
607 1398 1
607 1556 1
608 742 1
608 1185 1
608 1237 1
608 1551 1
609 764 1
609 871 1
609 1127 1
610 711 1
610 726 1
610 743 1
610 1110 1
610 1650 1
611 1030 1
611 1513 1
611 1680 1
612 705 1
612 722 1
612 984 1
612 1501 1
613 1436 1
614 654 1
614 1614 1
615 909 1
617 818 1
617 1101 1
617 1227 1
617 1243 1
618 690 1
618 767 1
618 958 1
618 1216 1
618 1381 1
618 1542 1
619 807 1
619 913 1
619 952 1
619 1036 1
620 762 1
620 1298 1
620 1414 1
621 1099 1
624 940 1
624 1043 1
624 1232 1
624 1509 1
624 1628 1
625 1001 1
626 839 1
626 1197 1
626 1389 1
626 1633 1
627 812 1
627 1053 1
627 1429 1
628 976 1
628 1057 1
628 1234 1
628 1305 1
628 1543 1
628 1553 1
629 1056 1
629 1424 1
630 1581 1
631 1307 1
631 1355 1
632 781 1
632 1344 1
632 1492 1
632 1654 1
633 1152 1
633 1477 1
634 872 1
634 1102 1
634 1132 1
634 1257 1
635 771 1
636 757 1
636 820 1
636 1168 1
636 1627 1
637 647 1
638 710 1
638 1070 1
638 1323 1
638 1514 1
638 1576 1
639 740 1
639 895 1
639 1206 1
639 1336 1
640 1014 1
640 1375 1
640 1607 1
641 922 1
642 995 1
642 1458 1
643 1676 1
644 710 1
644 886 1
644 901 1
646 667 1
646 927 1
646 1583 1
646 1630 1
647 1272 1
648 681 1
648 693 1
648 999 1
648 1139 1
648 1401 1
650 923 1
651 923 1
651 1434 1
652 691 1
652 951 1
652 1116 1
652 1146 1
652 1564 1
653 720 1
653 1246 1
654 921 1
654 1147 1
655 822 1
655 1566 1
656 870 1
656 1073 1
657 779 1
657 941 1
657 1050 1
657 1160 1
657 1233 1
657 1308 1
657 1625 1
658 1188 1
658 1251 1
658 1575 1
659 776 1
660 1267 1
660 1327 1
660 1609 1
661 880 1
661 1066 1
661 1253 1
661 1446 1
662 694 1
662 853 1
664 805 1
664 1079 1
664 1266 1
664 1399 1
664 1527 1
666 952 1
666 1072 1
666 1330 1
667 797 1
667 799 1
667 993 1
667 1257 1
667 1409 1
667 1492 1
670 727 1
670 741 1
670 957 1
670 1499 1
671 752 1
671 1193 1
671 1274 1
672 825 1
672 903 1
672 1012 1
672 1099 1
672 1410 1
672 1553 1
673 675 1
673 1397 1
673 1606 1
675 1228 1
675 1341 1
676 810 1
676 933 1
676 1433 1
676 1678 1
677 728 1
677 1293 1
677 1396 1
678 736 1
678 979 1
678 1288 1
678 1335 1
679 1003 1
680 1023 1
680 1260 1
680 1294 1
680 1342 1
681 762 1
681 1572 1
682 804 1
683 696 1
683 718 1
683 1637 1
684 958 1
684 1236 1
685 709 1
685 1033 1
685 1213 1
685 1509 1
685 1545 1
686 1327 1
688 889 1
688 893 1
688 1385 1
688 1402 1
689 706 1
689 717 1
689 1229 1
689 1240 1
689 1322 1
689 1362 1
689 1503 1
689 1564 1
690 731 1
690 907 1
690 982 1
690 1336 1
690 1524 1
692 784 1
692 1060 1
692 1183 1
692 1396 1
692 1583 1
692 1651 1
693 1409 1
693 1556 1
693 1618 1
696 989 1
698 706 1
698 826 1
698 940 1
698 1000 1
698 1556 1
699 748 1
699 1559 1
699 1683 1
700 703 1
701 1299 1
703 1259 1
706 735 1
706 745 1
706 1003 1
706 1149 1
706 1248 1
707 860 1
707 989 1
707 1618 1
708 939 1
708 1253 1
708 1634 1
708 1670 1
709 1674 1
710 859 1
710 1463 1
710 1536 1
712 727 1
712 861 1
714 820 1
714 832 1
714 1041 1
714 1044 1
714 1165 1
714 1191 1
715 744 1
715 944 1
715 1043 1
715 1618 1
717 939 1
717 1265 1
717 1462 1
718 941 1
718 1605 1
719 955 1
720 724 1
720 865 1
720 1693 1
721 806 1
721 984 1
721 1324 1
721 1699 1
722 745 1
722 756 1
722 1517 1
723 1003 1
723 1210 1
724 918 1
724 968 1
724 1258 1
724 1619 1
725 1406 1
726 1671 1
727 866 1
727 1319 1
728 1065 1
728 1529 1
729 1093 1
729 1296 1
729 1377 1
730 1098 1
730 1372 1
730 1442 1
730 1447 1
732 807 1
732 960 1
732 1223 1
733 1276 1
734 770 1
735 988 1
736 751 1
737 1161 1
737 1331 1
738 1281 1
738 1357 1
738 1694 1
739 1021 1
739 1075 1
739 1224 1
740 783 1
741 745 1
741 813 1
741 936 1
741 940 1
741 966 1
741 997 1
741 1351 1
741 1368 1
741 1500 1
741 1691 1
742 1022 1
742 1214 1
743 1184 1
743 1190 1
743 1525 1
743 1624 1
744 804 1
744 1220 1
744 1592 1
745 916 1
746 962 1
746 1293 1
746 1591 1
747 852 1
747 1268 1
747 1321 1
747 1349 1
747 1393 1
748 780 1
748 1028 1
748 1054 1
749 970 1
749 1086 1
749 1313 1
749 1314 1
749 1431 1
750 801 1
750 822 1
750 913 1
750 951 1
750 1045 1
750 1134 1
750 1356 1
750 1357 1
750 1533 1
750 1552 1
751 777 1
751 1007 1
751 1470 1
751 1502 1
752 857 1
753 808 1
753 855 1
753 976 1
753 1446 1
754 1184 1
754 1560 1
755 1177 1
755 1626 1
756 866 1
756 1114 1
757 870 1
757 925 1
757 1153 1
757 1339 1
757 1407 1
759 1527 1
760 793 1
761 1129 1
763 898 1
763 1410 1
764 1203 1
765 1010 1
765 1413 1
765 1461 1
769 1208 1
769 1491 1
772 790 1
772 1034 1
772 1262 1
774 1255 1
775 805 1
776 1533 1
777 786 1
777 874 1
778 1384 1
778 1466 1
779 1042 1
781 1225 1
782 1388 1
784 880 1
784 999 1
784 1005 1
785 1020 1
785 1048 1
785 1076 1
785 1366 1
786 1152 1
786 1243 1
786 1361 1
786 1370 1
786 1397 1
786 1688 1
787 1652 1
788 1007 1
790 948 1
790 1075 1
790 1249 1
791 1541 1
793 843 1
793 994 1
794 1287 1
794 1319 1
794 1545 1
795 819 1
795 993 1
795 1611 1
797 1013 1
797 1291 1
797 1609 1
797 1661 1
798 862 1
798 1088 1
798 1292 1
799 1465 1
800 1097 1
800 1142 1
800 1269 1
801 1198 1
801 1338 1
802 932 1
802 969 1
803 938 1
806 1324 1
806 1373 1
807 1444 1
807 1507 1
808 1485 1
810 882 1
810 1031 1
810 1219 1
811 1317 1
811 1373 1
811 1562 1
812 1310 1
813 1029 1
813 1030 1
813 1145 1
813 1483 1
814 1044 1
816 1031 1
816 1108 1
816 1301 1
816 1616 1
816 1693 1
818 1672 1
820 1657 1
821 1114 1
822 934 1
822 991 1
822 1122 1
822 1484 1
823 1066 1
823 1126 1
823 1510 1
824 1117 1
825 903 1
825 1065 1
825 1093 1
825 1365 1
826 885 1
826 1038 1
826 1149 1
827 1158 1
828 869 1
828 1143 1
828 1340 1
829 1369 1
831 1024 1
833 1193 1
833 1219 1
837 1394 1
839 1466 1
839 1566 1
840 1187 1
841 883 1
841 909 1
841 926 1
843 1039 1
845 1312 1
846 1333 1
846 1572 1
847 1362 1
847 1498 1
847 1602 1
847 1603 1
848 1278 1
849 1258 1
849 1325 1
850 1302 1
850 1658 1
851 1638 1
854 1321 1
856 946 1
856 1051 1
856 1179 1
856 1650 1
857 1213 1
858 1077 1
858 1195 1
858 1249 1
859 933 1
859 1234 1
859 1375 1
859 1457 1
860 965 1
861 1304 1
861 1320 1
862 1037 1
862 1194 1
863 1539 1
864 1428 1
866 882 1
866 899 1
867 1598 1
871 1132 1
873 968 1
873 1299 1
873 1478 1
874 1263 1
875 878 1
875 966 1
875 1045 1
875 1494 1
875 1655 1
877 911 1
877 1366 1
877 1448 1
877 1497 1
877 1593 1
879 1131 1
879 1252 1
879 1381 1
879 1398 1
879 1418 1
879 1497 1
879 1524 1
879 1690 1
880 971 1
880 1550 1
881 1439 1
882 998 1
883 1641 1
884 1039 1
885 1330 1
885 1687 1
886 1228 1
887 1189 1
887 1235 1
887 1238 1
887 1330 1
887 1404 1
888 1063 1
888 1064 1
888 1073 1
888 1380 1
888 1567 1
889 1016 1
889 1218 1
889 1363 1
889 1648 1
890 1538 1
890 1617 1
891 1117 1
891 1516 1
892 1004 1
892 1554 1
893 1115 1
893 1175 1
893 1194 1
893 1364 1
893 1662 1
894 1223 1
896 1028 1
896 1307 1
897 1189 1
898 954 1
898 975 1
898 996 1
898 1642 1
899 944 1
899 1250 1
900 1009 1
900 1012 1
900 1459 1
900 1534 1
901 1033 1
901 1072 1
901 1073 1
901 1083 1
901 1208 1
901 1433 1
901 1506 1
902 926 1
902 984 1
902 1125 1
902 1262 1
902 1314 1
902 1583 1
902 1616 1
902 1668 1
903 1404 1
904 915 1
904 1680 1
906 1315 1
906 1367 1
906 1412 1
906 1564 1
907 1108 1
907 1459 1
908 964 1
909 1164 1
909 1471 1
909 1603 1
909 1691 1
910 1475 1
910 1538 1
912 1200 1
912 1667 1
912 1688 1
913 1369 1
914 1027 1
914 1306 1
914 1512 1
915 1505 1
915 1549 1
916 1438 1
917 1106 1
919 921 1
920 1061 1
920 1103 1
920 1295 1
920 1337 1
921 1488 1
921 1580 1
922 1048 1
922 1520 1
923 1304 1
925 956 1
925 971 1
925 1039 1
925 1129 1
925 1457 1
926 1293 1
929 1090 1
929 1410 1
929 1422 1
929 1500 1
929 1551 1
929 1580 1
930 957 1
930 1274 1
931 1458 1
932 956 1
932 1460 1
935 1475 1
936 994 1
936 1015 1
940 1412 1
940 1532 1
941 1029 1
941 1132 1
941 1618 1
942 1189 1
943 1000 1
943 1099 1
943 1127 1
943 1163 1
944 1122 1
944 1678 1
945 1321 1
946 1136 1
946 1143 1
947 1138 1
949 1026 1
949 1668 1
952 1085 1
957 1149 1
957 1182 1
957 1233 1
959 1432 1
960 967 1
961 1403 1
963 1299 1
965 1482 1
967 1322 1
967 1586 1
968 1060 1
968 1483 1
968 1571 1
969 1420 1
969 1565 1
970 1497 1
971 1469 1
972 1407 1
972 1572 1
972 1598 1
972 1665 1
973 1092 1
973 1346 1
973 1699 1
975 1107 1
976 1412 1
979 1342 1
983 1098 1
983 1100 1
985 1259 1
985 1284 1
985 1696 1
987 1384 1
987 1409 1
988 1625 1
989 1198 1
990 1006 1
991 1284 1
991 1639 1
992 1347 1
992 1396 1
993 1306 1
995 1629 1
996 1689 1
997 1201 1
997 1567 1
999 1573 1
1003 1610 1
1004 1032 1
1006 1510 1
1007 1101 1
1007 1414 1
1008 1084 1
1009 1385 1
1009 1575 1
1009 1684 1
1009 1698 1
1011 1538 1
1013 1301 1
1013 1316 1
1017 1200 1
1020 1240 1
1020 1622 1
1021 1551 1
1021 1670 1
1021 1689 1
1022 1462 1
1022 1491 1
1023 1449 1
1023 1623 1
1024 1617 1
1026 1378 1
1026 1579 1
1026 1626 1
1027 1101 1
1027 1608 1
1028 1531 1
1029 1138 1
1033 1656 1
1035 1145 1
1035 1499 1
1035 1613 1
1036 1638 1
1037 1232 1
1037 1362 1
1038 1466 1
1039 1269 1
1040 1684 1
1043 1235 1
1044 1506 1
1046 1135 1
1046 1268 1
1046 1356 1
1047 1525 1
1048 1278 1
1050 1416 1
1050 1544 1
1051 1127 1
1051 1444 1
1052 1212 1
1053 1694 1
1054 1608 1
1056 1602 1
1056 1649 1
1057 1387 1
1059 1522 1
1062 1409 1
1065 1216 1
1065 1441 1
1065 1596 1
1066 1629 1
1067 1597 1
1070 1386 1
1070 1535 1
1070 1626 1
1071 1234 1
1072 1160 1
1073 1137 1
1073 1264 1
1073 1528 1
1077 1361 1
1080 1260 1
1080 1454 1
1080 1523 1
1081 1473 1
1082 1656 1
1083 1194 1
1085 1258 1
1086 1185 1
1087 1651 1
1088 1296 1
1089 1329 1
1090 1136 1
1091 1266 1
1091 1643 1
1092 1518 1
1093 1127 1
1093 1392 1
1093 1511 1
1094 1363 1
1095 1388 1
1096 1630 1
1097 1498 1
1097 1622 1
1098 1387 1
1099 1435 1
1100 1203 1
1100 1237 1
1101 1118 1
1101 1266 1
1101 1606 1
1103 1140 1
1103 1180 1
1103 1625 1
1105 1308 1
1108 1370 1
1111 1256 1
1111 1447 1
1111 1470 1
1111 1521 1
1112 1490 1
1113 1544 1
1113 1655 1
1114 1686 1
1115 1412 1
1116 1332 1
1116 1526 1
1117 1181 1
1117 1440 1
1118 1175 1
1118 1690 1
1119 1601 1
1120 1208 1
1120 1267 1
1120 1288 1
1124 1525 1
1129 1217 1
1129 1649 1
1131 1159 1
1131 1378 1
1132 1209 1
1132 1274 1
1132 1687 1
1133 1417 1
1135 1320 1
1135 1349 1
1140 1231 1
1141 1461 1
1142 1361 1
1142 1411 1
1144 1295 1
1146 1289 1
1146 1496 1
1147 1241 1
1148 1351 1
1153 1542 1
1154 1511 1
1155 1230 1
1155 1456 1
1161 1677 1
1163 1578 1
1163 1657 1
1164 1419 1
1170 1515 1
1170 1524 1
1177 1341 1
1180 1574 1
1181 1495 1
1185 1498 1
1187 1242 1
1187 1513 1
1189 1559 1
1190 1481 1
1190 1606 1
1191 1399 1
1191 1451 1
1192 1450 1
1194 1432 1
1195 1661 1
1199 1385 1
1200 1340 1
1202 1365 1
1202 1699 1
1203 1339 1
1204 1283 1
1204 1331 1
1205 1408 1
1206 1623 1
1211 1245 1
1211 1316 1
1212 1442 1
1212 1486 1
1214 1394 1
1214 1477 1
1216 1522 1
1217 1604 1
1217 1653 1
1218 1366 1
1219 1328 1
1220 1488 1
1222 1248 1
1223 1353 1
1223 1467 1
1223 1493 1
1223 1534 1
1224 1305 1
1224 1554 1
1225 1286 1
1226 1270 1
1226 1487 1
1228 1413 1
1232 1516 1
1236 1682 1
1238 1486 1
1240 1360 1
1240 1402 1
1240 1440 1
1240 1634 1
1240 1635 1
1240 1647 1
1241 1570 1
1242 1414 1
1249 1417 1
1251 1436 1
1251 1573 1
1251 1610 1
1253 1538 1
1255 1262 1
1255 1632 1
1257 1372 1
1259 1405 1
1260 1329 1
1260 1471 1
1261 1580 1
1261 1627 1
1261 1698 1
1263 1688 1
1264 1385 1
1266 1486 1
1272 1608 1
1272 1658 1
1275 1388 1
1276 1291 1
1282 1521 1
1283 1338 1
1285 1380 1
1287 1471 1
1287 1670 1
1289 1675 1
1290 1441 1
1291 1327 1
1293 1332 1
1293 1567 1
1295 1447 1
1295 1470 1
1310 1468 1
1311 1437 1
1312 1480 1
1313 1332 1
1314 1577 1
1315 1698 1
1315 1700 1
1319 1679 1
1328 1485 1
1329 1424 1
1329 1673 1
1332 1583 1
1333 1630 1
1335 1392 1
1337 1530 1
1338 1359 1
1339 1449 1
1340 1426 1
1340 1437 1
1345 1527 1
1346 1695 1
1347 1450 1
1349 1479 1
1351 1443 1
1354 1660 1
1358 1584 1
1362 1641 1
1362 1671 1
1362 1696 1
1363 1380 1
1368 1682 1
1371 1691 1
1380 1492 1
1382 1471 1
1385 1491 1
1391 1505 1
1391 1622 1
1391 1642 1
1395 1579 1
1399 1474 1
1399 1539 1
1402 1514 1
1405 1601 1
1405 1660 1
1406 1425 1
1412 1584 1
1412 1616 1
1416 1482 1
1419 1439 1
1421 1565 1
1422 1441 1
1425 1482 1
1428 1519 1
1428 1700 1
1433 1434 1
1433 1607 1
1435 1607 1
1437 1656 1
1441 1513 1
1444 1453 1
1444 1553 1
1450 1496 1
1451 1573 1
1454 1487 1
1467 1533 1
1475 1624 1
1478 1569 1
1478 1587 1
1486 1635 1
1508 1581 1
1512 1580 1
1513 1681 1
1528 1611 1
1529 1605 1
1531 1643 1
1532 1692 1
1533 1554 1
1537 1629 1
1546 1559 1
1550 1561 1
1553 1633 1
1553 1668 1
1562 1581 1
1568 1645 1
1570 1621 1
1572 1682 1
1575 1577 1
1580 1600 1
1595 1665 1
1598 1662 1
1600 1615 1
1600 1647 1
1613 1634 1
1624 1697 1
1627 1680 1
1627 1692 1
1628 1653 1
1636 1644 1
1658 1675 1
