1700 6784 
1 2 1
1 3 1
1 4 1
1 5 1
1 6 1
1 7 1
1 8 1
1 10 1
1 12 1
1 13 1
1 14 1
1 15 1
1 19 1
1 21 1
1 24 1
1 25 1
1 27 1
1 29 1
1 36 1
1 37 1
1 42 1
1 57 1
1 61 1
1 63 1
1 67 1
1 75 1
1 76 1
1 78 1
1 82 1
1 84 1
1 92 1
1 99 1
1 108 1
1 109 1
1 115 1
1 117 1
1 121 1
1 133 1
1 141 1
1 143 1
1 148 1
1 173 1
1 176 1
1 179 1
1 191 1
1 196 1
1 200 1
1 226 1
1 229 1
1 245 1
1 250 1
1 254 1
1 260 1
1 286 1
1 298 1
1 299 1
1 308 1
1 343 1
1 344 1
1 349 1
1 363 1
1 386 1
1 409 1
1 411 1
1 445 1
1 483 1
1 486 1
1 515 1
1 562 1
1 568 1
1 571 1
1 619 1
1 625 1
1 639 1
1 659 1
1 672 1
1 694 1
1 749 1
1 804 1
1 824 1
1 854 1
1 869 1
1 885 1
1 895 1
1 902 1
1 906 1
1 962 1
1 999 1
1 1012 1
1 1023 1
1 1027 1
1 1043 1
1 1050 1
1 1068 1
1 1118 1
1 1146 1
1 1182 1
1 1183 1
1 1204 1
1 1224 1
1 1256 1
1 1268 1
1 1269 1
1 1278 1
1 1374 1
1 1378 1
1 1403 1
1 1404 1
1 1415 1
1 1452 1
1 1461 1
1 1499 1
1 1506 1
1 1519 1
1 1545 1
1 1598 1
1 1633 1
1 1670 1
1 1674 1
2 6 1
2 7 1
2 8 1
2 9 1
2 12 1
2 14 1
2 18 1
2 24 1
2 33 1
2 62 1
2 67 1
2 70 1
2 76 1
2 81 1
2 100 1
2 116 1
2 151 1
2 162 1
2 164 1
2 165 1
2 195 1
2 198 1
2 213 1
2 223 1
2 251 1
2 268 1
2 273 1
2 279 1
2 281 1
2 304 1
2 307 1
2 317 1
2 325 1
2 374 1
2 401 1
2 403 1
2 428 1
2 457 1
2 469 1
2 489 1
2 503 1
2 511 1
2 514 1
2 537 1
2 539 1
2 541 1
2 563 1
2 578 1
2 606 1
2 687 1
2 689 1
2 708 1
2 710 1
2 735 1
2 738 1
2 787 1
2 802 1
2 854 1
2 858 1
2 871 1
2 902 1
2 914 1
2 956 1
2 984 1
2 1013 1
2 1023 1
2 1046 1
2 1076 1
2 1097 1
2 1137 1
2 1140 1
2 1184 1
2 1186 1
2 1187 1
2 1191 1
2 1193 1
2 1201 1
2 1216 1
2 1252 1
2 1358 1
2 1387 1
2 1403 1
2 1460 1
2 1485 1
2 1611 1
2 1624 1
2 1667 1
3 6 1
3 9 1
3 10 1
3 11 1
3 25 1
3 38 1
3 39 1
3 40 1
3 45 1
3 53 1
3 65 1
3 66 1
3 69 1
3 80 1
3 88 1
3 94 1
3 100 1
3 101 1
3 114 1
3 130 1
3 131 1
3 148 1
3 150 1
3 151 1
3 154 1
3 155 1
3 157 1
3 164 1
3 168 1
3 171 1
3 182 1
3 186 1
3 193 1
3 205 1
3 236 1
3 242 1
3 259 1
3 265 1
3 278 1
3 283 1
3 309 1
3 310 1
3 312 1
3 332 1
3 336 1
3 346 1
3 360 1
3 381 1
3 384 1
3 390 1
3 400 1
3 421 1
3 423 1
3 468 1
3 469 1
3 474 1
3 507 1
3 563 1
3 579 1
3 580 1
3 589 1
3 641 1
3 648 1
3 657 1
3 690 1
3 707 1
3 729 1
3 764 1
3 792 1
3 884 1
3 893 1
3 933 1
3 964 1
3 975 1
3 1022 1
3 1051 1
3 1093 1
3 1202 1
3 1226 1
3 1228 1
3 1278 1
3 1285 1
3 1289 1
3 1332 1
3 1475 1
3 1516 1
3 1653 1
3 1659 1
3 1660 1
4 6 1
4 70 1
4 71 1
4 88 1
4 240 1
4 333 1
4 371 1
4 543 1
4 552 1
4 583 1
4 596 1
4 599 1
4 699 1
4 795 1
4 852 1
4 1231 1
4 1272 1
4 1300 1
4 1508 1
5 7 1
5 9 1
5 13 1
5 15 1
5 16 1
5 18 1
5 19 1
5 23 1
5 27 1
5 28 1
5 29 1
5 32 1
5 44 1
5 51 1
5 74 1
5 80 1
5 87 1
5 97 1
5 98 1
5 116 1
5 129 1
5 147 1
5 160 1
5 176 1
5 194 1
5 272 1
5 305 1
5 335 1
5 342 1
5 347 1
5 374 1
5 387 1
5 438 1
5 468 1
5 479 1
5 487 1
5 526 1
5 546 1
5 560 1
5 561 1
5 618 1
5 644 1
5 654 1
5 674 1
5 704 1
5 706 1
5 710 1
5 746 1
5 789 1
5 811 1
5 875 1
5 919 1
5 920 1
5 946 1
5 987 1
5 1025 1
5 1093 1
5 1128 1
5 1147 1
5 1154 1
5 1255 1
5 1316 1
5 1357 1
5 1363 1
5 1475 1
5 1571 1
5 1605 1
5 1640 1
5 1650 1
5 1664 1
5 1683 1
6 7 1
6 8 1
6 9 1
6 10 1
6 12 1
6 15 1
6 16 1
6 18 1
6 20 1
6 21 1
6 22 1
6 23 1
6 27 1
6 29 1
6 30 1
6 31 1
6 44 1
6 48 1
6 49 1
6 54 1
6 75 1
6 82 1
6 97 1
6 104 1
6 117 1
6 119 1
6 125 1
6 126 1
6 129 1
6 136 1
6 137 1
6 138 1
6 141 1
6 152 1
6 154 1
6 159 1
6 169 1
6 183 1
6 184 1
6 212 1
6 219 1
6 221 1
6 228 1
6 246 1
6 247 1
6 253 1
6 256 1
6 267 1
6 314 1
6 324 1
6 326 1
6 335 1
6 345 1
6 349 1
6 364 1
6 367 1
6 371 1
6 435 1
6 443 1
6 458 1
6 495 1
6 508 1
6 527 1
6 541 1
6 543 1
6 547 1
6 553 1
6 607 1
6 627 1
6 640 1
6 642 1
6 653 1
6 659 1
6 675 1
6 677 1
6 680 1
6 706 1
6 725 1
6 731 1
6 761 1
6 771 1
6 781 1
6 791 1
6 838 1
6 876 1
6 882 1
6 888 1
6 923 1
6 929 1
6 930 1
6 931 1
6 939 1
6 989 1
6 1013 1
6 1062 1
6 1076 1
6 1105 1
6 1148 1
6 1159 1
6 1190 1
6 1220 1
6 1221 1
6 1244 1
6 1273 1
6 1277 1
6 1279 1
6 1281 1
6 1294 1
6 1316 1
6 1321 1
6 1324 1
6 1384 1
6 1434 1
6 1448 1
6 1453 1
6 1463 1
6 1471 1
6 1479 1
6 1539 1
6 1559 1
6 1624 1
6 1626 1
6 1640 1
6 1651 1
6 1678 1
6 1689 1
7 8 1
7 11 1
7 13 1
7 47 1
7 55 1
7 83 1
7 89 1
7 98 1
7 106 1
7 136 1
7 151 1
7 177 1
7 180 1
7 239 1
7 275 1
7 285 1
7 291 1
7 295 1
7 301 1
7 354 1
7 361 1
7 369 1
7 441 1
7 444 1
7 465 1
7 531 1
7 688 1
7 759 1
7 848 1
7 861 1
7 908 1
7 966 1
7 1029 1
7 1035 1
7 1081 1
7 1140 1
7 1227 1
7 1251 1
7 1285 1
7 1287 1
7 1334 1
7 1442 1
7 1464 1
7 1469 1
7 1494 1
7 1586 1
7 1633 1
7 1690 1
7 1691 1
8 10 1
8 11 1
8 14 1
8 17 1
8 22 1
8 24 1
8 25 1
8 30 1
8 32 1
8 36 1
8 44 1
8 46 1
8 57 1
8 59 1
8 75 1
8 76 1
8 82 1
8 131 1
8 175 1
8 179 1
8 191 1
8 193 1
8 200 1
8 204 1
8 209 1
8 213 1
8 225 1
8 246 1
8 266 1
8 323 1
8 325 1
8 326 1
8 359 1
8 386 1
8 387 1
8 395 1
8 401 1
8 417 1
8 453 1
8 456 1
8 523 1
8 598 1
8 604 1
8 685 1
8 701 1
8 710 1
8 724 1
8 761 1
8 763 1
8 778 1
8 911 1
8 955 1
8 984 1
8 1070 1
8 1096 1
8 1142 1
8 1171 1
8 1202 1
8 1213 1
8 1312 1
8 1445 1
8 1485 1
8 1563 1
8 1624 1
8 1675 1
9 11 1
9 14 1
9 16 1
9 18 1
9 20 1
9 33 1
9 34 1
9 36 1
9 38 1
9 45 1
9 50 1
9 51 1
9 53 1
9 58 1
9 68 1
9 72 1
9 95 1
9 103 1
9 104 1
9 120 1
9 140 1
9 154 1
9 177 1
9 188 1
9 190 1
9 196 1
9 208 1
9 229 1
9 243 1
9 246 1
9 248 1
9 253 1
9 272 1
9 291 1
9 416 1
9 434 1
9 455 1
9 458 1
9 489 1
9 584 1
9 691 1
9 730 1
9 791 1
9 865 1
9 937 1
9 939 1
9 962 1
9 1003 1
9 1010 1
9 1022 1
9 1057 1
9 1061 1
9 1083 1
9 1138 1
9 1152 1
9 1383 1
9 1422 1
9 1452 1
9 1464 1
9 1478 1
9 1479 1
9 1489 1
9 1502 1
9 1505 1
9 1518 1
9 1533 1
9 1535 1
9 1560 1
9 1608 1
10 12 1
10 19 1
10 25 1
10 36 1
10 41 1
10 50 1
10 56 1
10 57 1
10 66 1
10 75 1
10 82 1
10 84 1
10 102 1
10 113 1
10 128 1
10 143 1
10 147 1
10 163 1
10 171 1
10 173 1
10 187 1
10 194 1
10 202 1
10 219 1
10 264 1
10 281 1
10 292 1
10 308 1
10 309 1
10 338 1
10 340 1
10 348 1
10 370 1
10 376 1
10 393 1
10 402 1
10 407 1
10 414 1
10 421 1
10 422 1
10 455 1
10 460 1
10 462 1
10 467 1
10 486 1
10 516 1
10 525 1
10 529 1
10 532 1
10 572 1
10 581 1
10 612 1
10 624 1
10 641 1
10 647 1
10 651 1
10 662 1
10 700 1
10 733 1
10 744 1
10 748 1
10 795 1
10 809 1
10 822 1
10 835 1
10 836 1
10 863 1
10 875 1
10 905 1
10 915 1
10 919 1
10 936 1
10 962 1
10 1003 1
10 1006 1
10 1007 1
10 1015 1
10 1069 1
10 1087 1
10 1116 1
10 1155 1
10 1163 1
10 1200 1
10 1205 1
10 1210 1
10 1213 1
10 1239 1
10 1251 1
10 1253 1
10 1276 1
10 1296 1
10 1313 1
10 1376 1
10 1389 1
10 1392 1
10 1437 1
10 1463 1
10 1474 1
10 1532 1
10 1535 1
10 1620 1
11 22 1
11 24 1
11 55 1
11 117 1
11 125 1
11 217 1
11 234 1
11 243 1
11 302 1
11 317 1
11 350 1
11 374 1
11 375 1
11 404 1
11 598 1
11 828 1
11 907 1
11 922 1
11 957 1
11 1080 1
11 1166 1
11 1313 1
11 1458 1
11 1469 1
11 1570 1
12 13 1
12 17 1
12 21 1
12 27 1
12 30 1
12 33 1
12 35 1
12 39 1
12 41 1
12 43 1
12 46 1
12 51 1
12 55 1
12 80 1
12 91 1
12 93 1
12 112 1
12 123 1
12 139 1
12 153 1
12 161 1
12 169 1
12 204 1
12 221 1
12 227 1
12 244 1
12 256 1
12 267 1
12 271 1
12 278 1
12 293 1
12 301 1
12 316 1
12 334 1
12 355 1
12 391 1
12 425 1
12 449 1
12 453 1
12 466 1
12 478 1
12 491 1
12 532 1
12 558 1
12 571 1
12 600 1
12 668 1
12 696 1
12 720 1
12 721 1
12 748 1
12 753 1
12 820 1
12 830 1
12 887 1
12 900 1
12 925 1
12 944 1
12 958 1
12 1078 1
12 1125 1
12 1126 1
12 1174 1
12 1233 1
12 1236 1
12 1312 1
12 1331 1
12 1333 1
12 1364 1
12 1374 1
12 1458 1
12 1479 1
12 1490 1
12 1511 1
12 1525 1
12 1544 1
12 1621 1
12 1641 1
12 1681 1
13 19 1
13 22 1
13 45 1
13 47 1
13 48 1
13 63 1
13 69 1
13 70 1
13 77 1
13 90 1
13 96 1
13 103 1
13 111 1
13 114 1
13 224 1
13 262 1
13 280 1
13 321 1
13 372 1
13 381 1
13 429 1
13 443 1
13 512 1
13 521 1
13 565 1
13 567 1
13 600 1
13 612 1
13 643 1
13 645 1
13 691 1
13 780 1
13 786 1
13 791 1
13 847 1
13 853 1
13 876 1
13 930 1
13 951 1
13 978 1
13 981 1
13 991 1
13 1050 1
13 1054 1
13 1062 1
13 1068 1
13 1089 1
13 1110 1
13 1129 1
13 1230 1
13 1236 1
13 1241 1
13 1290 1
13 1393 1
13 1414 1
13 1416 1
13 1418 1
13 1428 1
13 1472 1
13 1484 1
13 1524 1
13 1574 1
13 1645 1
13 1658 1
14 15 1
14 16 1
14 20 1
14 23 1
14 41 1
14 54 1
14 56 1
14 58 1
14 62 1
14 155 1
14 157 1
14 173 1
14 186 1
14 226 1
14 237 1
14 238 1
14 294 1
14 331 1
14 344 1
14 379 1
14 407 1
14 420 1
14 519 1
14 537 1
14 594 1
14 629 1
14 683 1
14 724 1
14 739 1
14 741 1
14 743 1
14 805 1
14 826 1
14 846 1
14 866 1
14 887 1
14 926 1
14 960 1
14 1218 1
14 1472 1
14 1557 1
14 1574 1
14 1587 1
15 17 1
15 20 1
15 33 1
15 50 1
15 71 1
15 113 1
15 132 1
15 134 1
15 153 1
15 167 1
15 255 1
15 265 1
15 309 1
15 328 1
15 333 1
15 336 1
15 366 1
15 379 1
15 398 1
15 418 1
15 509 1
15 566 1
15 689 1
15 693 1
15 729 1
15 745 1
15 840 1
15 858 1
15 871 1
15 1004 1
15 1005 1
15 1007 1
15 1067 1
15 1107 1
15 1186 1
15 1197 1
15 1255 1
15 1274 1
15 1275 1
15 1300 1
15 1376 1
15 1481 1
15 1525 1
15 1646 1
15 1652 1
15 1665 1
16 17 1
16 21 1
16 40 1
16 52 1
16 58 1
16 67 1
16 78 1
16 88 1
16 89 1
16 98 1
16 114 1
16 124 1
16 138 1
16 144 1
16 146 1
16 158 1
16 174 1
16 189 1
16 218 1
16 249 1
16 262 1
16 266 1
16 269 1
16 301 1
16 305 1
16 313 1
16 315 1
16 321 1
16 331 1
16 335 1
16 349 1
16 363 1
16 479 1
16 499 1
16 507 1
16 529 1
16 579 1
16 591 1
16 593 1
16 618 1
16 664 1
16 670 1
16 673 1
16 720 1
16 758 1
16 759 1
16 807 1
16 818 1
16 884 1
16 901 1
16 921 1
16 944 1
16 1026 1
16 1049 1
16 1066 1
16 1117 1
16 1318 1
16 1349 1
16 1414 1
16 1452 1
16 1543 1
16 1605 1
16 1620 1
16 1695 1
17 26 1
17 28 1
17 39 1
17 47 1
17 54 1
17 65 1
17 68 1
17 72 1
17 86 1
17 121 1
17 128 1
17 139 1
17 190 1
17 208 1
17 289 1
17 322 1
17 403 1
17 419 1
17 464 1
17 481 1
17 494 1
17 552 1
17 578 1
17 609 1
17 632 1
17 652 1
17 676 1
17 724 1
17 767 1
17 782 1
17 797 1
17 874 1
17 1063 1
17 1175 1
17 1209 1
17 1234 1
17 1260 1
17 1299 1
17 1347 1
17 1423 1
17 1475 1
17 1552 1
17 1580 1
17 1589 1
17 1700 1
18 125 1
18 130 1
18 239 1
18 255 1
18 326 1
18 402 1
18 550 1
18 657 1
18 705 1
18 1003 1
18 1049 1
18 1190 1
19 26 1
19 32 1
19 34 1
19 65 1
19 72 1
19 99 1
19 106 1
19 122 1
19 140 1
19 142 1
19 146 1
19 154 1
19 157 1
19 177 1
19 189 1
19 204 1
19 233 1
19 236 1
19 270 1
19 271 1
19 355 1
19 364 1
19 366 1
19 375 1
19 406 1
19 473 1
19 478 1
19 488 1
19 493 1
19 497 1
19 628 1
19 676 1
19 678 1
19 705 1
19 716 1
19 801 1
19 804 1
19 819 1
19 823 1
19 825 1
19 895 1
19 917 1
19 939 1
19 960 1
19 964 1
19 970 1
19 985 1
19 1025 1
19 1090 1
19 1101 1
19 1169 1
19 1237 1
19 1243 1
19 1316 1
19 1470 1
19 1483 1
19 1503 1
19 1611 1
19 1615 1
20 26 1
20 29 1
20 31 1
20 46 1
20 50 1
20 52 1
20 56 1
20 61 1
20 89 1
20 101 1
20 133 1
20 136 1
20 159 1
20 188 1
20 232 1
20 254 1
20 272 1
20 293 1
20 312 1
20 315 1
20 324 1
20 358 1
20 359 1
20 367 1
20 371 1
20 381 1
20 389 1
20 475 1
20 503 1
20 559 1
20 575 1
20 622 1
20 665 1
20 670 1
20 687 1
20 711 1
20 756 1
20 766 1
20 794 1
20 895 1
20 968 1
20 975 1
20 1045 1
20 1201 1
20 1276 1
20 1320 1
20 1386 1
20 1467 1
20 1487 1
20 1591 1
20 1598 1
20 1599 1
20 1635 1
21 23 1
21 34 1
21 38 1
21 49 1
21 74 1
21 77 1
21 80 1
21 107 1
21 126 1
21 133 1
21 134 1
21 197 1
21 203 1
21 213 1
21 215 1
21 223 1
21 253 1
21 268 1
21 276 1
21 304 1
21 330 1
21 350 1
21 360 1
21 406 1
21 451 1
21 475 1
21 481 1
21 484 1
21 499 1
21 536 1
21 566 1
21 587 1
21 591 1
21 621 1
21 689 1
21 827 1
21 890 1
21 940 1
21 958 1
21 973 1
21 980 1
21 986 1
21 1008 1
21 1063 1
21 1133 1
21 1158 1
21 1170 1
21 1180 1
21 1237 1
21 1265 1
21 1309 1
21 1363 1
21 1435 1
21 1449 1
21 1458 1
21 1572 1
21 1665 1
21 1687 1
22 77 1
22 83 1
22 93 1
22 95 1
22 112 1
22 152 1
22 162 1
22 214 1
22 217 1
22 219 1
22 233 1
22 282 1
22 340 1
22 365 1
22 401 1
22 403 1
22 414 1
22 476 1
22 518 1
22 535 1
22 542 1
22 627 1
22 680 1
22 728 1
22 851 1
22 854 1
22 909 1
22 945 1
22 983 1
22 1036 1
22 1060 1
22 1159 1
22 1419 1
22 1517 1
22 1545 1
22 1565 1
22 1650 1
22 1685 1
23 26 1
23 28 1
23 34 1
23 42 1
23 44 1
23 59 1
23 60 1
23 62 1
23 66 1
23 74 1
23 95 1
23 126 1
23 149 1
23 210 1
23 238 1
23 274 1
23 302 1
23 369 1
23 403 1
23 450 1
23 467 1
23 502 1
23 522 1
23 571 1
23 593 1
23 664 1
23 689 1
23 715 1
23 843 1
23 993 1
23 1022 1
23 1064 1
23 1243 1
23 1245 1
23 1343 1
23 1490 1
23 1516 1
23 1528 1
23 1594 1
23 1639 1
24 30 1
24 32 1
24 37 1
24 42 1
24 43 1
24 49 1
24 104 1
24 119 1
24 120 1
24 139 1
24 156 1
24 161 1
24 168 1
24 172 1
24 182 1
24 196 1
24 204 1
24 211 1
24 233 1
24 260 1
24 272 1
24 276 1
24 283 1
24 354 1
24 376 1
24 388 1
24 442 1
24 473 1
24 495 1
24 538 1
24 630 1
24 637 1
24 705 1
24 722 1
24 774 1
24 789 1
24 820 1
24 837 1
24 996 1
24 1034 1
24 1071 1
24 1088 1
24 1114 1
24 1120 1
24 1179 1
24 1233 1
24 1325 1
24 1329 1
24 1383 1
24 1394 1
24 1464 1
24 1486 1
24 1507 1
24 1580 1
24 1636 1
25 28 1
25 35 1
25 40 1
25 52 1
25 61 1
25 79 1
25 85 1
25 101 1
25 112 1
25 114 1
25 132 1
25 140 1
25 192 1
25 297 1
25 327 1
25 336 1
25 359 1
25 411 1
25 426 1
25 429 1
25 472 1
25 481 1
25 561 1
25 572 1
25 683 1
25 731 1
25 768 1
25 790 1
25 842 1
25 988 1
25 1002 1
25 1541 1
25 1628 1
26 31 1
26 37 1
26 52 1
26 55 1
26 56 1
26 71 1
26 117 1
26 224 1
26 295 1
26 300 1
26 348 1
26 387 1
26 485 1
26 570 1
26 762 1
26 776 1
26 802 1
26 806 1
26 821 1
26 905 1
26 1019 1
26 1122 1
26 1266 1
26 1319 1
26 1373 1
26 1409 1
26 1410 1
26 1412 1
26 1532 1
26 1550 1
26 1642 1
27 35 1
27 42 1
27 43 1
27 103 1
27 105 1
27 121 1
27 127 1
27 129 1
27 145 1
27 176 1
27 271 1
27 318 1
27 327 1
27 380 1
27 385 1
27 448 1
27 526 1
27 528 1
27 545 1
27 580 1
27 877 1
27 965 1
27 1024 1
27 1032 1
27 1042 1
27 1107 1
27 1154 1
27 1219 1
27 1491 1
27 1530 1
27 1536 1
28 74 1
28 93 1
28 107 1
28 120 1
28 135 1
28 142 1
28 200 1
28 298 1
28 393 1
28 466 1
28 752 1
28 1264 1
29 31 1
29 53 1
29 71 1
29 100 1
29 294 1
29 528 1
29 555 1
29 633 1
29 635 1
29 682 1
29 797 1
29 806 1
29 1172 1
29 1196 1
29 1283 1
29 1429 1
29 1459 1
29 1679 1
30 39 1
30 41 1
30 51 1
30 60 1
30 99 1
30 107 1
30 112 1
30 153 1
30 182 1
30 189 1
30 269 1
30 328 1
30 389 1
30 431 1
30 466 1
30 484 1
30 505 1
30 553 1
30 563 1
30 581 1
30 635 1
30 664 1
30 694 1
30 766 1
30 774 1
30 794 1
30 982 1
30 1136 1
30 1213 1
30 1224 1
30 1279 1
30 1399 1
30 1536 1
30 1622 1
30 1687 1
31 300 1
31 482 1
31 618 1
31 640 1
31 762 1
31 947 1
31 1014 1
31 1215 1
32 37 1
32 40 1
32 69 1
32 73 1
32 93 1
32 95 1
32 96 1
32 297 1
32 300 1
32 362 1
32 442 1
32 524 1
32 603 1
32 644 1
32 845 1
32 888 1
32 935 1
32 1133 1
32 1216 1
32 1220 1
32 1259 1
32 1327 1
32 1421 1
32 1547 1
32 1595 1
32 1618 1
32 1668 1
33 48 1
33 49 1
33 63 1
33 83 1
33 86 1
33 109 1
33 165 1
33 228 1
33 235 1
33 242 1
33 247 1
33 333 1
33 339 1
33 592 1
33 925 1
34 35 1
34 45 1
34 64 1
34 69 1
34 72 1
34 77 1
34 178 1
34 288 1
34 321 1
34 332 1
34 348 1
34 369 1
34 540 1
34 576 1
34 719 1
34 763 1
34 888 1
34 934 1
34 1024 1
34 1043 1
34 1348 1
34 1498 1
34 1557 1
34 1559 1
34 1619 1
35 57 1
35 91 1
35 97 1
35 103 1
35 113 1
35 128 1
35 203 1
35 205 1
35 220 1
35 223 1
35 251 1
35 263 1
35 305 1
35 311 1
35 375 1
35 425 1
35 491 1
35 503 1
35 557 1
35 583 1
35 651 1
35 715 1
35 718 1
35 720 1
35 793 1
35 904 1
35 979 1
35 990 1
35 1084 1
35 1192 1
35 1316 1
35 1381 1
35 1686 1
35 1699 1
36 38 1
36 79 1
36 115 1
36 162 1
36 229 1
36 280 1
36 319 1
36 346 1
36 356 1
36 360 1
36 366 1
36 388 1
36 417 1
36 434 1
36 452 1
36 483 1
36 598 1
36 637 1
36 782 1
36 819 1
36 941 1
36 1211 1
36 1411 1
37 105 1
37 181 1
37 188 1
37 357 1
37 786 1
37 884 1
37 945 1
37 952 1
38 43 1
38 70 1
38 125 1
38 175 1
38 193 1
38 198 1
38 206 1
38 232 1
38 270 1
38 427 1
38 478 1
38 482 1
38 495 1
38 586 1
38 672 1
38 750 1
38 751 1
38 775 1
38 856 1
38 972 1
38 1151 1
38 1286 1
38 1366 1
38 1404 1
38 1415 1
38 1423 1
38 1517 1
38 1628 1
39 78 1
39 124 1
39 223 1
39 261 1
39 329 1
39 396 1
39 515 1
39 612 1
39 737 1
39 862 1
39 948 1
39 965 1
39 1169 1
39 1189 1
39 1282 1
39 1315 1
39 1349 1
39 1515 1
40 48 1
40 54 1
40 66 1
40 85 1
40 110 1
40 119 1
40 127 1
40 148 1
40 207 1
40 294 1
40 384 1
40 437 1
40 446 1
40 504 1
40 506 1
40 645 1
40 697 1
40 758 1
40 810 1
40 865 1
40 1028 1
40 1075 1
40 1079 1
40 1617 1
41 59 1
41 81 1
41 158 1
41 197 1
41 231 1
41 239 1
41 288 1
41 290 1
41 340 1
41 341 1
41 407 1
41 447 1
41 525 1
41 589 1
41 684 1
41 860 1
41 877 1
41 946 1
41 949 1
41 1023 1
41 1160 1
41 1231 1
41 1248 1
41 1293 1
41 1377 1
41 1400 1
41 1536 1
41 1554 1
41 1568 1
41 1577 1
41 1662 1
42 115 1
42 128 1
42 171 1
42 199 1
42 322 1
42 339 1
42 521 1
42 586 1
42 716 1
42 721 1
42 770 1
42 963 1
42 1345 1
42 1498 1
42 1584 1
42 1628 1
43 47 1
43 53 1
43 120 1
43 198 1
43 504 1
43 631 1
43 728 1
43 751 1
43 914 1
43 950 1
43 1048 1
43 1419 1
43 1421 1
43 1518 1
43 1543 1
43 1700 1
44 73 1
44 109 1
44 156 1
44 191 1
44 246 1
44 336 1
44 388 1
44 529 1
44 553 1
44 559 1
44 647 1
44 693 1
44 700 1
44 731 1
44 732 1
44 797 1
44 886 1
44 902 1
44 1030 1
44 1102 1
44 1130 1
44 1134 1
44 1195 1
44 1275 1
44 1351 1
44 1461 1
44 1489 1
44 1510 1
44 1689 1
45 46 1
45 61 1
45 73 1
45 99 1
45 104 1
45 108 1
45 116 1
45 131 1
45 136 1
45 138 1
45 151 1
45 186 1
45 352 1
45 481 1
45 594 1
45 600 1
45 673 1
45 681 1
45 929 1
45 1212 1
45 1232 1
45 1320 1
45 1336 1
45 1540 1
45 1603 1
45 1613 1
45 1688 1
46 146 1
46 155 1
46 210 1
46 351 1
46 357 1
46 461 1
46 516 1
46 604 1
46 624 1
46 892 1
46 961 1
46 1380 1
46 1389 1
46 1565 1
46 1690 1
47 68 1
47 102 1
47 153 1
47 156 1
47 180 1
47 189 1
47 248 1
47 252 1
47 257 1
47 265 1
47 280 1
47 327 1
47 372 1
47 500 1
47 615 1
47 624 1
47 910 1
47 980 1
47 1004 1
47 1087 1
47 1089 1
47 1355 1
47 1449 1
47 1513 1
47 1583 1
47 1640 1
48 64 1
48 67 1
48 87 1
48 90 1
48 97 1
48 107 1
48 178 1
48 220 1
48 343 1
48 386 1
48 397 1
48 410 1
48 488 1
48 576 1
48 650 1
48 740 1
48 798 1
48 836 1
48 957 1
48 996 1
48 1013 1
48 1058 1
48 1097 1
48 1099 1
48 1182 1
48 1328 1
48 1363 1
48 1429 1
48 1456 1
48 1491 1
48 1654 1
48 1671 1
49 58 1
49 64 1
49 65 1
49 94 1
49 109 1
49 127 1
49 141 1
49 142 1
49 165 1
49 170 1
49 183 1
49 241 1
49 244 1
49 251 1
49 300 1
49 320 1
49 373 1
49 395 1
49 406 1
49 468 1
49 531 1
49 551 1
49 623 1
49 726 1
49 805 1
49 861 1
49 1039 1
49 1059 1
49 1095 1
49 1156 1
49 1202 1
49 1278 1
49 1338 1
49 1424 1
49 1434 1
49 1510 1
49 1564 1
49 1585 1
49 1690 1
50 96 1
50 164 1
50 221 1
50 230 1
50 427 1
50 458 1
50 486 1
50 712 1
50 833 1
50 1083 1
50 1099 1
50 1356 1
50 1430 1
50 1436 1
50 1642 1
51 91 1
51 110 1
51 118 1
51 124 1
51 152 1
51 168 1
51 178 1
51 192 1
51 195 1
51 196 1
51 207 1
51 263 1
51 331 1
51 447 1
51 510 1
51 515 1
51 554 1
51 1060 1
51 1129 1
51 1271 1
51 1354 1
51 1547 1
51 1561 1
51 1644 1
51 1683 1
51 1684 1
52 63 1
52 79 1
52 81 1
52 190 1
52 315 1
52 320 1
52 428 1
52 575 1
52 695 1
52 844 1
52 1256 1
52 1418 1
52 1488 1
53 60 1
53 78 1
53 86 1
53 90 1
53 96 1
53 134 1
53 211 1
53 275 1
53 490 1
53 543 1
53 573 1
53 629 1
53 686 1
53 700 1
53 779 1
53 861 1
53 1026 1
53 1036 1
53 1078 1
53 1096 1
53 1101 1
53 1155 1
53 1345 1
53 1357 1
53 1399 1
53 1661 1
54 90 1
54 166 1
54 370 1
54 385 1
54 404 1
54 992 1
54 1432 1
54 1683 1
55 64 1
55 92 1
55 106 1
55 158 1
55 215 1
55 249 1
55 278 1
55 355 1
55 377 1
55 415 1
55 417 1
55 501 1
55 539 1
55 574 1
55 928 1
55 997 1
55 1068 1
55 1073 1
55 1211 1
55 1212 1
55 1328 1
55 1459 1
56 76 1
56 92 1
56 102 1
56 233 1
56 407 1
56 470 1
56 535 1
56 667 1
56 1184 1
56 1199 1
56 1335 1
56 1615 1
57 59 1
57 62 1
57 147 1
57 174 1
57 244 1
57 250 1
57 342 1
57 451 1
57 551 1
57 560 1
57 713 1
57 834 1
57 900 1
57 1020 1
57 1065 1
57 1094 1
57 1266 1
57 1480 1
57 1529 1
57 1672 1
58 60 1
58 73 1
58 79 1
58 91 1
58 181 1
58 216 1
58 299 1
58 307 1
58 312 1
58 314 1
58 352 1
58 365 1
58 433 1
58 450 1
58 463 1
58 472 1
58 511 1
58 555 1
58 617 1
58 625 1
58 656 1
58 823 1
58 933 1
58 1009 1
58 1011 1
58 1104 1
58 1186 1
58 1267 1
58 1308 1
58 1573 1
59 68 1
59 84 1
59 85 1
59 86 1
59 92 1
59 170 1
59 230 1
59 367 1
59 382 1
59 485 1
59 530 1
59 673 1
59 737 1
59 812 1
59 974 1
59 1076 1
59 1227 1
59 1259 1
59 1265 1
59 1377 1
59 1396 1
59 1417 1
59 1419 1
59 1482 1
59 1483 1
59 1545 1
60 124 1
60 245 1
60 411 1
60 508 1
60 520 1
60 551 1
60 1438 1
60 1444 1
60 1490 1
60 1598 1
61 81 1
61 115 1
61 123 1
61 150 1
61 173 1
61 285 1
61 295 1
61 324 1
61 457 1
61 667 1
61 698 1
61 874 1
61 907 1
61 1103 1
61 1486 1
61 1557 1
62 274 1
62 339 1
62 564 1
62 677 1
62 679 1
62 735 1
62 766 1
62 782 1
62 949 1
62 958 1
62 988 1
62 1179 1
62 1376 1
62 1462 1
63 216 1
63 456 1
63 570 1
63 607 1
63 734 1
64 98 1
64 140 1
64 199 1
64 215 1
64 264 1
64 278 1
64 373 1
64 398 1
64 436 1
64 729 1
64 737 1
64 750 1
64 834 1
64 901 1
64 970 1
64 1188 1
64 1217 1
64 1271 1
64 1320 1
64 1566 1
64 1658 1
65 242 1
65 456 1
65 660 1
65 1672 1
66 263 1
66 304 1
66 1178 1
66 1369 1
66 1493 1
67 83 1
67 111 1
67 122 1
67 146 1
67 168 1
67 215 1
67 266 1
67 335 1
67 392 1
67 397 1
67 433 1
67 565 1
67 566 1
67 622 1
67 628 1
67 675 1
67 833 1
67 864 1
67 936 1
67 1249 1
67 1538 1
67 1691 1
68 227 1
68 339 1
68 389 1
68 623 1
68 981 1
68 1131 1
68 1246 1
68 1512 1
68 1531 1
68 1656 1
69 89 1
69 247 1
69 366 1
69 549 1
69 750 1
69 770 1
69 827 1
69 1082 1
69 1372 1
69 1518 1
70 254 1
70 304 1
71 85 1
71 175 1
71 212 1
71 230 1
71 279 1
71 659 1
71 680 1
71 751 1
71 789 1
71 805 1
71 942 1
71 959 1
71 1100 1
71 1106 1
71 1108 1
71 1109 1
71 1374 1
71 1627 1
72 159 1
72 162 1
72 303 1
72 938 1
72 1198 1
73 108 1
73 118 1
73 145 1
73 148 1
73 163 1
73 169 1
73 179 1
73 199 1
73 217 1
73 267 1
73 286 1
73 312 1
73 320 1
73 401 1
73 405 1
73 415 1
73 459 1
73 465 1
73 518 1
73 632 1
73 656 1
73 686 1
73 855 1
73 1009 1
73 1046 1
73 1063 1
73 1070 1
73 1072 1
73 1124 1
73 1179 1
73 1201 1
73 1289 1
73 1314 1
73 1422 1
73 1604 1
73 1612 1
73 1621 1
73 1623 1
73 1669 1
74 101 1
74 203 1
74 329 1
74 358 1
74 690 1
74 708 1
74 758 1
74 925 1
74 1540 1
75 94 1
75 110 1
75 118 1
75 144 1
75 170 1
75 209 1
75 227 1
75 289 1
75 378 1
75 386 1
75 391 1
75 593 1
75 654 1
75 719 1
75 740 1
75 863 1
75 1136 1
75 1206 1
75 1284 1
75 1422 1
75 1453 1
76 87 1
76 123 1
76 321 1
76 583 1
76 1074 1
76 1612 1
76 1629 1
77 84 1
77 234 1
77 1017 1
77 1057 1
77 1181 1
78 228 1
78 419 1
78 863 1
79 110 1
79 116 1
79 172 1
79 452 1
79 891 1
79 982 1
79 1082 1
79 1280 1
79 1290 1
80 216 1
80 270 1
80 273 1
80 274 1
80 637 1
80 724 1
80 806 1
80 819 1
80 856 1
80 1113 1
80 1114 1
80 1163 1
80 1235 1
80 1432 1
81 88 1
81 94 1
81 219 1
81 240 1
81 458 1
81 534 1
81 578 1
81 608 1
81 711 1
81 1157 1
81 1308 1
81 1651 1
82 100 1
82 108 1
82 142 1
82 181 1
82 184 1
82 720 1
82 1101 1
82 1629 1
83 87 1
83 102 1
83 111 1
83 122 1
83 135 1
83 159 1
83 187 1
83 218 1
83 244 1
83 258 1
83 259 1
83 302 1
83 383 1
83 445 1
83 498 1
83 542 1
83 665 1
83 709 1
83 789 1
83 802 1
83 831 1
83 934 1
83 1137 1
83 1161 1
83 1306 1
83 1368 1
83 1411 1
83 1471 1
83 1617 1
84 157 1
84 160 1
84 164 1
84 257 1
84 259 1
84 469 1
84 712 1
84 978 1
84 1250 1
84 1323 1
84 1382 1
84 1397 1
84 1537 1
84 1551 1
84 1596 1
84 1669 1
84 1681 1
85 118 1
85 201 1
85 348 1
85 353 1
85 382 1
85 445 1
85 636 1
85 741 1
85 771 1
85 828 1
85 1425 1
85 1433 1
86 111 1
86 141 1
86 181 1
86 217 1
86 870 1
86 1424 1
87 306 1
87 353 1
87 426 1
87 471 1
87 702 1
87 1012 1
87 1123 1
87 1124 1
87 1195 1
87 1302 1
87 1346 1
88 134 1
88 163 1
88 172 1
88 279 1
88 437 1
88 459 1
88 488 1
88 490 1
88 595 1
88 840 1
88 966 1
88 967 1
88 1086 1
88 1175 1
88 1295 1
88 1462 1
88 1480 1
89 130 1
89 161 1
89 200 1
89 206 1
89 283 1
89 382 1
89 500 1
89 739 1
89 817 1
89 838 1
89 1055 1
89 1322 1
89 1342 1
89 1643 1
89 1666 1
90 165 1
90 185 1
90 311 1
90 318 1
90 409 1
90 545 1
90 571 1
90 584 1
90 603 1
90 690 1
90 711 1
90 717 1
90 840 1
90 1262 1
91 149 1
91 167 1
91 222 1
91 325 1
91 362 1
91 413 1
91 471 1
91 663 1
91 742 1
91 808 1
91 830 1
91 931 1
91 976 1
91 992 1
91 1039 1
91 1132 1
91 1158 1
91 1167 1
91 1434 1
91 1581 1
91 1587 1
91 1672 1
92 177 1
92 237 1
92 252 1
92 292 1
92 329 1
92 439 1
92 513 1
92 783 1
92 1010 1
92 1331 1
92 1658 1
93 237 1
93 248 1
93 249 1
93 255 1
93 347 1
93 362 1
93 399 1
93 423 1
93 557 1
93 569 1
93 612 1
93 793 1
93 795 1
93 1105 1
93 1121 1
93 1127 1
93 1136 1
93 1162 1
93 1392 1
93 1411 1
93 1552 1
93 1636 1
94 119 1
94 139 1
94 150 1
94 169 1
94 211 1
94 237 1
94 296 1
94 337 1
94 426 1
94 575 1
94 577 1
94 627 1
94 628 1
94 845 1
94 867 1
94 1165 1
94 1173 1
94 1307 1
94 1403 1
95 225 1
95 772 1
96 158 1
96 160 1
96 353 1
96 680 1
96 842 1
96 1112 1
96 1378 1
96 1386 1
96 1421 1
97 132 1
97 251 1
97 305 1
97 574 1
97 617 1
97 654 1
97 657 1
97 770 1
97 896 1
97 1163 1
97 1294 1
97 1457 1
97 1567 1
98 270 1
98 345 1
98 622 1
98 863 1
98 924 1
98 1053 1
98 1238 1
98 1386 1
98 1660 1
99 106 1
99 149 1
99 166 1
99 225 1
99 322 1
99 408 1
99 505 1
99 602 1
99 632 1
99 772 1
99 836 1
99 860 1
99 954 1
99 958 1
99 1303 1
99 1308 1
99 1360 1
99 1391 1
99 1416 1
99 1566 1
100 105 1
100 277 1
100 762 1
100 944 1
101 147 1
101 291 1
101 427 1
101 428 1
101 849 1
101 1255 1
102 126 1
102 130 1
102 144 1
102 155 1
102 199 1
102 241 1
102 289 1
102 338 1
102 350 1
102 356 1
102 361 1
102 422 1
102 464 1
102 469 1
102 480 1
102 492 1
102 579 1
102 647 1
102 666 1
102 783 1
102 836 1
102 866 1
102 1064 1
102 1074 1
102 1157 1
102 1379 1
102 1504 1
102 1586 1
103 121 1
103 185 1
103 262 1
103 489 1
103 969 1
103 1290 1
104 105 1
104 127 1
104 171 1
104 570 1
104 587 1
104 614 1
104 845 1
104 1135 1
104 1369 1
104 1406 1
104 1450 1
104 1665 1
104 1671 1
105 178 1
105 688 1
105 779 1
105 1530 1
106 220 1
106 311 1
106 841 1
106 1034 1
106 1436 1
106 1454 1
106 1476 1
107 113 1
107 187 1
107 261 1
107 262 1
107 282 1
107 287 1
107 296 1
107 316 1
107 337 1
107 441 1
107 446 1
107 472 1
107 482 1
107 522 1
107 568 1
107 577 1
107 615 1
107 745 1
107 810 1
107 872 1
107 1095 1
107 1108 1
107 1139 1
107 1251 1
107 1318 1
107 1340 1
107 1615 1
107 1696 1
108 692 1
108 743 1
108 766 1
108 773 1
108 785 1
108 788 1
108 791 1
108 822 1
108 945 1
108 1198 1
108 1204 1
108 1513 1
108 1552 1
109 123 1
109 149 1
109 363 1
109 432 1
109 441 1
109 670 1
109 736 1
109 848 1
109 961 1
109 1366 1
109 1519 1
110 160 1
110 332 1
110 350 1
110 614 1
110 716 1
110 1286 1
110 1438 1
110 1504 1
111 144 1
111 332 1
111 354 1
111 444 1
111 501 1
111 520 1
111 602 1
111 730 1
111 898 1
111 1224 1
111 1679 1
112 122 1
112 135 1
112 143 1
112 334 1
112 447 1
112 513 1
112 642 1
112 658 1
112 855 1
112 878 1
112 972 1
112 1121 1
112 1266 1
113 129 1
113 245 1
113 258 1
113 264 1
113 372 1
113 402 1
113 563 1
113 784 1
113 1159 1
113 1313 1
113 1569 1
114 132 1
114 314 1
114 340 1
114 358 1
114 477 1
114 532 1
114 561 1
114 597 1
114 641 1
114 838 1
114 1305 1
114 1447 1
114 1607 1
114 1694 1
115 638 1
115 869 1
115 1509 1
115 1667 1
116 137 1
116 184 1
116 224 1
116 241 1
116 310 1
116 338 1
116 440 1
116 518 1
116 537 1
116 638 1
116 662 1
116 786 1
116 872 1
116 1010 1
116 1040 1
116 1175 1
116 1430 1
116 1603 1
117 152 1
117 161 1
117 182 1
117 220 1
117 293 1
117 412 1
117 429 1
117 492 1
117 509 1
117 556 1
117 568 1
117 573 1
117 620 1
117 659 1
117 717 1
117 1119 1
118 135 1
118 184 1
118 188 1
118 252 1
118 280 1
118 299 1
118 322 1
118 373 1
118 417 1
118 445 1
118 572 1
118 634 1
118 781 1
118 822 1
118 843 1
118 927 1
118 968 1
118 1041 1
118 1243 1
118 1249 1
118 1319 1
118 1511 1
118 1643 1
119 197 1
119 205 1
119 281 1
119 367 1
119 410 1
119 487 1
119 504 1
119 589 1
119 596 1
119 677 1
119 1044 1
119 1328 1
119 1404 1
119 1487 1
119 1647 1
119 1648 1
119 1683 1
120 197 1
120 811 1
120 1037 1
120 1234 1
120 1262 1
121 131 1
121 231 1
121 261 1
121 404 1
121 522 1
121 558 1
121 868 1
121 985 1
121 1070 1
122 145 1
122 212 1
122 303 1
122 408 1
122 479 1
122 491 1
122 565 1
122 688 1
122 1085 1
122 1096 1
122 1137 1
122 1149 1
122 1152 1
122 1156 1
122 1324 1
122 1384 1
122 1428 1
122 1502 1
122 1655 1
123 174 1
123 195 1
123 240 1
123 449 1
123 552 1
123 683 1
123 684 1
123 1084 1
123 1147 1
123 1156 1
123 1251 1
123 1393 1
123 1457 1
124 172 1
124 201 1
124 209 1
124 232 1
124 235 1
124 286 1
124 287 1
124 365 1
124 400 1
124 548 1
124 554 1
124 832 1
124 846 1
124 900 1
124 927 1
124 1368 1
124 1520 1
125 133 1
125 166 1
125 183 1
125 316 1
125 527 1
125 608 1
125 674 1
125 707 1
125 762 1
125 816 1
125 896 1
125 1330 1
125 1431 1
126 487 1
126 878 1
126 1507 1
127 143 1
127 170 1
127 413 1
127 480 1
127 523 1
127 1065 1
127 1150 1
127 1555 1
127 1613 1
128 138 1
128 201 1
128 228 1
128 249 1
128 826 1
128 1001 1
128 1299 1
129 212 1
129 424 1
129 467 1
129 547 1
129 972 1
130 185 1
130 341 1
130 357 1
130 562 1
130 640 1
130 905 1
130 1047 1
130 1293 1
130 1332 1
130 1358 1
130 1567 1
131 203 1
131 222 1
131 236 1
131 238 1
131 254 1
131 376 1
131 389 1
131 391 1
131 408 1
131 471 1
131 516 1
131 519 1
131 617 1
131 787 1
131 809 1
131 878 1
131 897 1
131 1097 1
131 1127 1
131 1204 1
131 1268 1
131 1319 1
131 1468 1
131 1561 1
132 313 1
132 582 1
132 833 1
132 1450 1
133 137 1
133 329 1
133 435 1
133 440 1
133 506 1
133 573 1
133 630 1
133 792 1
133 883 1
133 894 1
133 1012 1
133 1305 1
133 1388 1
133 1497 1
133 1555 1
133 1564 1
134 137 1
134 175 1
134 358 1
134 436 1
134 490 1
134 560 1
134 586 1
134 595 1
134 731 1
134 732 1
134 748 1
134 896 1
134 1020 1
134 1343 1
134 1344 1
134 1455 1
134 1461 1
134 1568 1
134 1649 1
135 644 1
135 852 1
135 892 1
135 1283 1
136 255 1
136 277 1
136 364 1
136 534 1
136 1109 1
136 1441 1
136 1448 1
136 1646 1
137 176 1
137 210 1
137 239 1
137 241 1
137 314 1
137 433 1
137 829 1
137 954 1
137 991 1
137 1344 1
137 1685 1
137 1696 1
138 240 1
138 260 1
138 390 1
138 641 1
138 708 1
138 777 1
138 801 1
138 955 1
138 967 1
138 1044 1
138 1049 1
138 1235 1
138 1322 1
138 1451 1
138 1535 1
139 308 1
139 320 1
139 623 1
139 654 1
139 769 1
139 961 1
139 1062 1
139 1443 1
140 193 1
140 211 1
140 399 1
140 616 1
140 634 1
140 636 1
140 730 1
140 885 1
140 975 1
140 1042 1
140 1045 1
140 1071 1
140 1200 1
141 166 1
141 276 1
141 388 1
141 498 1
141 695 1
141 938 1
141 1583 1
141 1625 1
142 145 1
142 150 1
142 243 1
142 264 1
142 285 1
142 290 1
142 324 1
142 396 1
142 399 1
142 410 1
142 460 1
142 530 1
142 578 1
142 665 1
142 868 1
142 877 1
142 928 1
142 949 1
142 1185 1
142 1207 1
142 1229 1
142 1242 1
142 1248 1
143 156 1
143 214 1
143 247 1
143 543 1
143 567 1
143 574 1
143 582 1
143 592 1
143 671 1
143 753 1
143 824 1
143 846 1
143 964 1
143 1040 1
143 1205 1
143 1462 1
143 1480 1
143 1493 1
143 1524 1
143 1586 1
143 1601 1
143 1695 1
143 1699 1
144 163 1
144 216 1
144 275 1
144 296 1
144 342 1
144 398 1
144 686 1
144 769 1
144 778 1
144 813 1
144 874 1
144 949 1
144 1051 1
144 1392 1
144 1499 1
145 450 1
145 1431 1
146 518 1
146 1582 1
147 438 1
147 1201 1
147 1531 1
148 273 1
148 284 1
148 306 1
148 821 1
148 1025 1
149 167 1
149 224 1
149 245 1
149 296 1
149 334 1
149 424 1
149 439 1
149 463 1
149 594 1
149 1052 1
149 1178 1
149 1361 1
149 1427 1
149 1448 1
150 343 1
150 345 1
150 910 1
150 1343 1
150 1578 1
151 235 1
151 268 1
151 544 1
151 592 1
151 681 1
151 781 1
151 883 1
151 980 1
151 985 1
151 1570 1
152 185 1
152 186 1
152 208 1
152 291 1
152 693 1
152 832 1
152 1027 1
152 1181 1
152 1409 1
153 180 1
153 208 1
153 234 1
153 260 1
153 295 1
153 400 1
153 635 1
153 650 1
153 714 1
153 718 1
153 864 1
153 1091 1
153 1136 1
153 1151 1
153 1231 1
153 1610 1
154 259 1
154 452 1
154 582 1
154 844 1
154 1102 1
154 1433 1
154 1597 1
155 174 1
155 290 1
155 323 1
155 551 1
155 611 1
155 736 1
155 757 1
155 871 1
155 988 1
155 1077 1
155 1128 1
155 1351 1
155 1548 1
155 1650 1
156 235 1
156 277 1
156 431 1
157 180 1
157 231 1
157 377 1
157 540 1
157 549 1
158 439 1
158 459 1
158 526 1
159 344 1
159 655 1
159 713 1
159 859 1
159 1005 1
160 187 1
160 297 1
160 927 1
160 1011 1
160 1053 1
160 1354 1
160 1620 1
161 192 1
161 396 1
161 441 1
161 502 1
161 595 1
161 714 1
161 1135 1
162 194 1
162 202 1
162 271 1
162 294 1
162 546 1
162 639 1
162 649 1
162 745 1
162 749 1
162 765 1
162 978 1
162 1217 1
162 1288 1
162 1594 1
164 206 1
164 419 1
164 736 1
164 934 1
165 382 1
165 418 1
165 443 1
165 672 1
165 755 1
165 1001 1
165 1673 1
166 167 1
166 257 1
166 432 1
166 649 1
166 802 1
166 828 1
166 1015 1
166 1016 1
166 1075 1
166 1333 1
166 1408 1
166 1429 1
166 1515 1
166 1576 1
167 201 1
167 455 1
167 761 1
167 1030 1
167 1397 1
168 179 1
168 209 1
168 453 1
168 493 1
168 496 1
168 560 1
168 569 1
168 595 1
168 678 1
168 764 1
168 794 1
168 1192 1
168 1199 1
168 1247 1
168 1268 1
168 1329 1
168 1330 1
168 1453 1
168 1528 1
168 1562 1
168 1596 1
168 1627 1
169 195 1
169 318 1
169 370 1
169 373 1
169 490 1
169 647 1
169 656 1
169 837 1
169 846 1
169 899 1
169 990 1
169 1066 1
169 1340 1
169 1347 1
169 1514 1
169 1619 1
169 1697 1
170 207 1
170 243 1
170 440 1
170 517 1
170 713 1
170 784 1
170 893 1
170 906 1
170 948 1
170 995 1
171 377 1
171 514 1
171 621 1
171 661 1
171 704 1
171 853 1
171 1111 1
171 1365 1
171 1649 1
172 841 1
173 302 1
173 581 1
173 798 1
173 921 1
173 1092 1
173 1147 1
173 1203 1
173 1240 1
173 1309 1
173 1328 1
173 1340 1
173 1341 1
173 1497 1
174 214 1
174 277 1
174 532 1
174 941 1
174 1055 1
174 1140 1
174 1230 1
174 1367 1
174 1483 1
174 1515 1
175 681 1
175 1000 1
175 1153 1
175 1272 1
175 1490 1
176 226 1
176 533 1
176 891 1
176 990 1
176 1357 1
176 1537 1
176 1563 1
177 183 1
177 190 1
177 191 1
177 307 1
177 353 1
177 362 1
177 368 1
177 415 1
177 541 1
177 579 1
177 613 1
177 1090 1
177 1355 1
177 1461 1
177 1639 1
178 221 1
178 293 1
178 440 1
178 466 1
178 483 1
178 539 1
178 716 1
178 729 1
178 740 1
178 935 1
178 1035 1
178 1258 1
178 1262 1
179 205 1
179 331 1
179 881 1
179 1084 1
180 192 1
180 318 1
180 378 1
180 383 1
180 390 1
180 505 1
180 527 1
180 587 1
180 646 1
180 684 1
180 704 1
180 754 1
180 916 1
180 952 1
180 974 1
180 1149 1
180 1152 1
180 1194 1
180 1244 1
180 1314 1
180 1388 1
180 1444 1
181 194 1
181 402 1
181 444 1
181 453 1
181 636 1
181 691 1
181 873 1
181 1071 1
181 1122 1
181 1402 1
181 1503 1
181 1690 1
182 380 1
182 835 1
182 856 1
182 996 1
182 1131 1
182 1353 1
182 1498 1
183 248 1
183 656 1
183 693 1
183 1121 1
183 1168 1
183 1172 1
183 1604 1
183 1663 1
184 202 1
184 250 1
184 284 1
184 529 1
184 540 1
184 542 1
184 605 1
184 610 1
184 629 1
184 779 1
184 799 1
184 1004 1
184 1028 1
184 1123 1
184 1221 1
184 1222 1
184 1293 1
184 1295 1
184 1305 1
184 1327 1
184 1428 1
184 1466 1
185 198 1
185 279 1
185 412 1
185 426 1
185 434 1
185 511 1
185 1144 1
186 226 1
186 310 1
186 477 1
186 592 1
186 600 1
186 709 1
186 935 1
186 952 1
186 963 1
186 1361 1
186 1433 1
187 218 1
187 316 1
187 455 1
187 499 1
187 606 1
187 735 1
187 776 1
187 844 1
187 1169 1
187 1178 1
187 1321 1
187 1689 1
188 206 1
188 218 1
188 266 1
188 342 1
188 827 1
188 869 1
188 1073 1
188 1186 1
188 1646 1
189 533 1
189 1106 1
189 1616 1
190 231 1
190 378 1
190 477 1
190 499 1
190 513 1
190 602 1
190 605 1
190 642 1
190 800 1
190 956 1
190 1069 1
190 1119 1
190 1275 1
190 1361 1
190 1369 1
190 1465 1
190 1496 1
191 242 1
191 307 1
191 494 1
191 547 1
191 594 1
191 886 1
191 903 1
191 1404 1
192 346 1
192 454 1
192 476 1
192 572 1
192 679 1
192 826 1
192 1524 1
193 301 1
193 607 1
193 616 1
193 830 1
193 916 1
193 1551 1
194 414 1
194 479 1
194 794 1
194 1030 1
194 1627 1
195 269 1
195 327 1
195 480 1
195 534 1
195 707 1
195 849 1
195 904 1
195 912 1
195 1266 1
195 1281 1
195 1571 1
195 1637 1
196 319 1
196 429 1
196 679 1
197 213 1
197 263 1
197 356 1
197 433 1
197 544 1
197 548 1
197 602 1
197 640 1
197 815 1
197 885 1
197 908 1
197 1242 1
197 1277 1
197 1413 1
197 1626 1
198 210 1
198 234 1
198 330 1
198 344 1
198 356 1
198 416 1
198 632 1
198 708 1
198 850 1
198 854 1
198 1023 1
198 1089 1
198 1303 1
198 1548 1
199 214 1
199 252 1
199 408 1
199 780 1
199 890 1
199 926 1
199 1217 1
199 1292 1
199 1371 1
199 1435 1
199 1558 1
200 202 1
200 207 1
200 313 1
200 584 1
200 703 1
200 1008 1
200 1342 1
201 229 1
201 232 1
201 290 1
201 354 1
201 471 1
201 487 1
201 495 1
201 541 1
201 637 1
201 1148 1
201 1256 1
201 1360 1
202 497 1
202 764 1
202 1245 1
203 261 1
203 678 1
203 1214 1
204 265 1
204 282 1
204 442 1
204 506 1
204 814 1
204 881 1
204 1094 1
204 1264 1
204 1511 1
204 1621 1
205 257 1
205 392 1
205 547 1
205 622 1
205 652 1
205 676 1
205 723 1
205 746 1
205 755 1
205 1226 1
205 1326 1
205 1528 1
205 1664 1
206 282 1
206 306 1
206 430 1
206 776 1
206 942 1
206 1231 1
206 1258 1
206 1259 1
206 1393 1
206 1667 1
207 222 1
207 230 1
207 267 1
207 564 1
207 605 1
207 643 1
207 653 1
207 668 1
207 921 1
207 943 1
207 946 1
207 1028 1
207 1294 1
207 1312 1
207 1350 1
207 1387 1
207 1451 1
207 1569 1
207 1590 1
208 256 1
208 443 1
208 706 1
208 806 1
208 938 1
208 979 1
209 475 1
209 668 1
209 799 1
209 808 1
209 1110 1
209 1339 1
209 1348 1
209 1468 1
210 496 1
210 807 1
210 1184 1
210 1298 1
211 313 1
211 1317 1
212 1018 1
213 823 1
214 288 1
214 668 1
214 719 1
214 894 1
214 915 1
214 1103 1
215 355 1
215 470 1
215 525 1
215 761 1
215 1001 1
215 1020 1
215 1085 1
215 1272 1
215 1505 1
216 391 1
216 397 1
216 430 1
216 530 1
216 552 1
216 561 1
216 679 1
216 754 1
216 848 1
216 1001 1
216 1065 1
216 1118 1
216 1187 1
216 1203 1
216 1335 1
216 1484 1
216 1520 1
216 1580 1
216 1663 1
217 222 1
217 346 1
217 859 1
217 1042 1
218 380 1
218 867 1
219 236 1
219 420 1
219 477 1
219 549 1
219 792 1
219 817 1
219 1043 1
220 1646 1
221 225 1
221 238 1
221 419 1
221 473 1
221 546 1
221 609 1
221 655 1
221 1141 1
221 1675 1
221 1687 1
222 258 1
222 274 1
222 283 1
222 323 1
222 394 1
222 404 1
222 406 1
222 489 1
222 655 1
222 665 1
222 1372 1
222 1672 1
223 341 1
223 492 1
223 630 1
223 959 1
223 1301 1
224 227 1
224 256 1
224 286 1
224 338 1
224 758 1
224 848 1
224 1048 1
224 1254 1
224 1412 1
224 1449 1
225 394 1
225 784 1
225 1002 1
225 1600 1
226 330 1
226 334 1
226 492 1
226 645 1
226 747 1
227 759 1
227 892 1
227 918 1
227 1088 1
228 603 1
228 765 1
228 843 1
229 273 1
229 512 1
229 638 1
229 639 1
229 1155 1
229 1192 1
229 1255 1
229 1465 1
229 1522 1
229 1654 1
230 449 1
230 537 1
230 599 1
230 941 1
230 1102 1
230 1249 1
230 1485 1
230 1520 1
230 1608 1
231 287 1
231 297 1
231 303 1
231 308 1
231 317 1
231 425 1
231 503 1
231 692 1
231 830 1
231 867 1
231 871 1
231 1191 1
232 284 1
232 352 1
232 378 1
232 414 1
232 470 1
232 538 1
232 554 1
232 727 1
232 1098 1
233 253 1
233 281 1
233 315 1
233 837 1
233 899 1
233 1390 1
233 1609 1
233 1653 1
234 498 1
234 506 1
234 1250 1
235 742 1
235 1047 1
235 1460 1
235 1599 1
236 306 1
236 309 1
236 326 1
236 648 1
236 672 1
236 750 1
236 1307 1
236 1555 1
237 485 1
237 545 1
237 858 1
237 913 1
237 1005 1
237 1014 1
237 1114 1
237 1177 1
237 1224 1
237 1496 1
237 1651 1
238 258 1
238 289 1
238 323 1
238 540 1
238 951 1
238 1197 1
238 1394 1
238 1542 1
239 652 1
239 808 1
239 908 1
239 948 1
239 1162 1
239 1623 1
240 292 1
240 349 1
240 422 1
240 483 1
240 631 1
240 634 1
240 669 1
240 741 1
240 744 1
240 793 1
240 952 1
240 1048 1
240 1216 1
240 1391 1
240 1526 1
240 1572 1
241 343 1
241 423 1
241 715 1
241 809 1
241 1069 1
241 1142 1
241 1415 1
241 1477 1
241 1499 1
242 509 1
242 591 1
242 796 1
242 882 1
242 1335 1
242 1444 1
242 1574 1
242 1693 1
243 357 1
243 1178 1
243 1380 1
243 1474 1
243 1656 1
244 298 1
244 508 1
244 1041 1
244 1382 1
245 380 1
245 424 1
245 523 1
246 268 1
246 298 1
246 319 1
246 412 1
246 475 1
246 507 1
246 699 1
246 773 1
246 955 1
246 983 1
246 1322 1
246 1332 1
246 1387 1
246 1481 1
246 1512 1
246 1658 1
247 319 1
247 673 1
247 744 1
247 911 1
247 1221 1
248 250 1
248 470 1
248 697 1
248 853 1
248 995 1
248 1215 1
249 776 1
249 1232 1
250 379 1
250 1165 1
250 1167 1
250 1526 1
251 372 1
251 410 1
251 576 1
251 1581 1
252 879 1
252 917 1
252 933 1
252 936 1
252 1338 1
253 269 1
253 341 1
253 1037 1
253 1682 1
254 351 1
254 969 1
255 275 1
255 352 1
255 619 1
255 662 1
255 956 1
255 999 1
255 1271 1
256 591 1
256 614 1
256 1360 1
256 1396 1
257 328 1
257 733 1
257 868 1
257 1009 1
257 1021 1
257 1113 1
257 1336 1
257 1344 1
257 1680 1
258 330 1
258 381 1
258 704 1
258 1209 1
259 310 1
259 546 1
259 738 1
260 435 1
260 1240 1
261 359 1
261 363 1
261 437 1
261 452 1
261 501 1
261 620 1
261 954 1
261 957 1
261 1448 1
262 328 1
262 1061 1
262 1319 1
264 276 1
264 374 1
264 396 1
264 439 1
264 454 1
264 460 1
264 663 1
264 712 1
264 1317 1
264 1412 1
264 1582 1
264 1644 1
265 284 1
265 317 1
265 337 1
265 361 1
265 472 1
265 504 1
265 660 1
265 671 1
265 745 1
265 876 1
265 1099 1
265 1292 1
265 1495 1
265 1632 1
266 365 1
266 800 1
266 1467 1
266 1567 1
266 1634 1
267 299 1
267 564 1
267 747 1
267 780 1
267 783 1
267 904 1
267 1018 1
267 1302 1
267 1553 1
268 610 1
268 697 1
268 814 1
268 1588 1
268 1669 1
269 325 1
269 687 1
269 790 1
269 845 1
269 1173 1
269 1223 1
269 1694 1
270 287 1
270 500 1
270 625 1
270 927 1
270 1090 1
270 1116 1
270 1593 1
271 337 1
271 409 1
271 459 1
271 768 1
271 883 1
271 893 1
271 1245 1
271 1500 1
271 1694 1
273 1602 1
274 418 1
275 364 1
275 658 1
275 1038 1
275 1406 1
275 1409 1
276 430 1
276 544 1
276 663 1
276 889 1
276 918 1
276 1297 1
277 464 1
277 528 1
277 590 1
277 881 1
277 909 1
277 1099 1
277 1666 1
278 456 1
278 536 1
278 610 1
278 760 1
278 780 1
278 1132 1
278 1494 1
278 1698 1
279 347 1
279 370 1
279 550 1
279 1105 1
280 285 1
280 303 1
280 385 1
280 601 1
280 1053 1
280 1078 1
280 1280 1
280 1523 1
281 292 1
281 311 1
281 531 1
281 646 1
281 852 1
281 910 1
281 991 1
281 1120 1
281 1164 1
281 1364 1
281 1380 1
281 1437 1
281 1576 1
281 1679 1
281 1696 1
283 288 1
283 616 1
283 712 1
283 887 1
283 1227 1
283 1283 1
283 1578 1
283 1638 1
283 1670 1
284 607 1
284 821 1
284 953 1
284 1115 1
284 1163 1
284 1293 1
285 376 1
285 383 1
285 400 1
285 405 1
285 682 1
285 718 1
285 790 1
285 1654 1
286 371 1
286 384 1
286 473 1
286 774 1
286 864 1
286 1044 1
286 1196 1
286 1280 1
286 1430 1
287 345 1
287 511 1
287 1120 1
287 1323 1
287 1541 1
288 399 1
288 454 1
288 555 1
288 940 1
288 961 1
288 1188 1
288 1427 1
288 1536 1
288 1631 1
289 361 1
289 405 1
289 421 1
289 521 1
289 539 1
289 803 1
289 804 1
289 813 1
289 1314 1
289 1340 1
289 1685 1
290 418 1
290 493 1
290 610 1
290 892 1
290 1138 1
290 1161 1
290 1263 1
290 1521 1
290 1602 1
291 351 1
291 638 1
291 962 1
291 1097 1
291 1285 1
291 1334 1
293 1146 1
294 333 1
294 379 1
294 875 1
294 965 1
294 1254 1
294 1417 1
295 558 1
295 698 1
295 939 1
295 1073 1
295 1083 1
295 1176 1
295 1585 1
295 1626 1
295 1647 1
295 1673 1
296 360 1
296 398 1
296 992 1
296 1455 1
297 413 1
297 784 1
297 1645 1
298 384 1
298 618 1
298 1144 1
299 460 1
299 564 1
299 1143 1
299 1153 1
299 1529 1
299 1541 1
300 413 1
300 1088 1
300 1146 1
300 1184 1
300 1291 1
300 1638 1
301 368 1
301 741 1
301 936 1
301 1006 1
301 1600 1
302 509 1
302 850 1
302 1426 1
302 1522 1
303 392 1
304 454 1
304 767 1
305 421 1
305 976 1
305 1055 1
305 1077 1
305 1291 1
306 1177 1
306 1271 1
307 447 1
307 1061 1
308 573 1
308 603 1
308 894 1
308 1261 1
308 1307 1
308 1320 1
308 1501 1
309 588 1
309 624 1
309 775 1
309 1680 1
310 851 1
310 1052 1
310 1262 1
311 405 1
311 457 1
311 519 1
311 524 1
311 580 1
311 831 1
311 857 1
311 879 1
311 987 1
311 1359 1
311 1462 1
313 394 1
313 1046 1
313 1208 1
313 1258 1
314 494 1
314 508 1
314 847 1
314 856 1
315 1133 1
315 1289 1
315 1418 1
316 368 1
316 431 1
316 1103 1
316 1223 1
317 853 1
318 368 1
318 375 1
318 480 1
318 737 1
318 743 1
318 1311 1
318 1341 1
318 1402 1
318 1447 1
319 395 1
319 599 1
319 953 1
319 1488 1
320 392 1
321 383 1
321 411 1
321 517 1
321 711 1
321 769 1
321 874 1
321 907 1
321 1007 1
321 1145 1
321 1239 1
321 1247 1
321 1412 1
322 1051 1
322 1061 1
323 347 1
323 442 1
323 502 1
323 567 1
323 947 1
323 984 1
323 1135 1
323 1333 1
324 351 1
324 462 1
324 981 1
324 1554 1
324 1623 1
325 530 1
325 796 1
325 966 1
325 1565 1
326 617 1
326 667 1
326 933 1
326 989 1
326 997 1
326 1134 1
326 1642 1
327 542 1
327 855 1
327 915 1
327 1614 1
328 1455 1
329 369 1
329 446 1
329 576 1
329 626 1
329 899 1
329 1082 1
329 1198 1
329 1261 1
329 1323 1
329 1431 1
329 1440 1
329 1637 1
329 1666 1
330 690 1
331 496 1
331 512 1
331 568 1
331 787 1
331 796 1
331 825 1
332 424 1
332 906 1
332 963 1
332 1042 1
332 1203 1
332 1311 1
332 1598 1
333 377 1
333 387 1
333 438 1
333 468 1
333 597 1
333 667 1
333 723 1
333 994 1
333 1027 1
333 1122 1
333 1238 1
333 1676 1
334 409 1
334 973 1
334 1400 1
335 435 1
335 488 1
335 548 1
335 588 1
335 821 1
335 998 1
335 1230 1
335 1277 1
336 444 1
336 533 1
336 653 1
336 767 1
336 923 1
336 951 1
336 1116 1
336 1493 1
336 1611 1
337 634 1
337 636 1
337 922 1
338 517 1
338 1113 1
339 427 1
339 715 1
339 1139 1
339 1540 1
340 451 1
340 585 1
340 756 1
340 851 1
340 924 1
340 1052 1
340 1371 1
340 1549 1
340 1611 1
340 1639 1
340 1671 1
341 979 1
342 523 1
342 890 1
342 940 1
343 428 1
343 549 1
343 567 1
343 585 1
343 820 1
343 1623 1
343 1636 1
344 512 1
344 643 1
344 660 1
344 732 1
344 819 1
344 1026 1
344 1296 1
345 385 1
345 422 1
345 502 1
345 526 1
345 664 1
345 1125 1
345 1180 1
345 1222 1
345 1382 1
345 1530 1
346 669 1
346 922 1
346 1365 1
347 601 1
347 1228 1
347 1431 1
347 1619 1
348 420 1
348 524 1
348 534 1
348 782 1
348 860 1
348 1222 1
348 1454 1
349 517 1
349 696 1
349 882 1
349 1139 1
349 1601 1
350 436 1
350 557 1
350 757 1
350 868 1
350 932 1
350 1161 1
350 1208 1
350 1407 1
350 1476 1
351 390 1
351 485 1
351 620 1
351 661 1
351 818 1
351 1094 1
351 1425 1
351 1544 1
353 432 1
353 785 1
353 999 1
354 457 1
354 684 1
354 773 1
354 1021 1
355 574 1
355 733 1
355 910 1
355 1050 1
355 1082 1
355 1228 1
355 1501 1
355 1578 1
355 1617 1
356 397 1
356 895 1
356 932 1
356 947 1
356 1693 1
357 609 1
357 644 1
357 722 1
357 1031 1
358 588 1
358 1086 1
360 501 1
360 1194 1
360 1496 1
361 415 1
361 448 1
361 581 1
361 646 1
361 749 1
361 997 1
362 436 1
362 463 1
362 467 1
362 577 1
362 841 1
363 1330 1
364 1373 1
365 862 1
365 1081 1
365 1095 1
365 1445 1
365 1472 1
365 1487 1
365 1593 1
366 465 1
366 562 1
366 651 1
366 694 1
366 1177 1
367 393 1
367 394 1
367 416 1
367 464 1
367 662 1
367 771 1
367 880 1
367 902 1
367 1185 1
367 1324 1
367 1334 1
367 1437 1
368 493 1
368 497 1
368 516 1
368 1546 1
368 1684 1
369 448 1
370 611 1
370 734 1
370 742 1
371 1045 1
372 1045 1
372 1244 1
374 395 1
374 461 1
374 674 1
374 800 1
374 1413 1
374 1527 1
374 1631 1
375 449 1
375 521 1
375 629 1
375 827 1
375 993 1
376 660 1
376 726 1
376 747 1
376 815 1
376 1459 1
377 1273 1
377 1668 1
378 474 1
378 520 1
378 674 1
378 685 1
378 824 1
379 627 1
379 714 1
379 928 1
379 1367 1
380 566 1
380 1135 1
381 412 1
381 496 1
381 590 1
381 651 1
381 748 1
381 781 1
381 1298 1
381 1345 1
381 1573 1
382 1091 1
382 1309 1
382 1357 1
383 1217 1
383 1253 1
383 1260 1
384 393 1
384 633 1
384 755 1
384 922 1
384 1079 1
384 1306 1
384 1379 1
385 562 1
385 583 1
385 613 1
385 1177 1
385 1443 1
385 1527 1
386 929 1
386 1057 1
386 1424 1
387 671 1
387 760 1
387 788 1
387 1017 1
387 1449 1
387 1698 1
388 596 1
389 588 1
389 1509 1
389 1655 1
390 514 1
390 1112 1
390 1304 1
390 1402 1
390 1500 1
391 554 1
391 558 1
391 569 1
391 799 1
391 883 1
391 986 1
391 1028 1
391 1050 1
391 1237 1
391 1311 1
391 1356 1
391 1620 1
392 575 1
392 649 1
392 661 1
392 717 1
392 829 1
392 1043 1
392 1377 1
393 420 1
393 431 1
393 760 1
393 832 1
393 920 1
393 1053 1
393 1138 1
393 1150 1
393 1509 1
394 570 1
394 1051 1
394 1429 1
395 513 1
395 1258 1
395 1287 1
395 1634 1
396 533 1
396 706 1
396 747 1
396 847 1
396 917 1
396 983 1
396 986 1
396 1065 1
396 1246 1
397 482 1
397 535 1
397 932 1
397 1210 1
397 1525 1
398 1012 1
398 1112 1
398 1229 1
399 448 1
399 515 1
399 598 1
399 675 1
399 783 1
399 788 1
399 850 1
399 889 1
399 967 1
399 1584 1
400 494 1
400 650 1
400 682 1
400 698 1
400 857 1
400 1056 1
400 1127 1
400 1292 1
400 1498 1
401 753 1
401 1000 1
401 1249 1
402 461 1
402 462 1
402 849 1
402 913 1
402 1172 1
402 1415 1
403 497 1
403 951 1
403 1401 1
403 1592 1
403 1645 1
404 474 1
404 476 1
404 520 1
404 893 1
404 1008 1
404 1089 1
404 1205 1
404 1236 1
404 1259 1
404 1308 1
404 1687 1
405 608 1
405 768 1
405 920 1
405 1370 1
405 1468 1
406 437 1
406 950 1
406 1117 1
406 1128 1
406 1284 1
407 507 1
407 645 1
407 877 1
407 1354 1
407 1602 1
407 1648 1
408 559 1
408 1114 1
408 1350 1
409 1263 1
410 432 1
410 434 1
410 1479 1
411 1381 1
412 582 1
412 862 1
412 935 1
412 1080 1
412 1662 1
413 416 1
413 474 1
413 631 1
413 678 1
413 807 1
413 1075 1
413 1396 1
414 796 1
414 995 1
414 1115 1
414 1599 1
415 486 1
415 556 1
415 752 1
415 772 1
415 1032 1
415 1302 1
415 1533 1
416 451 1
417 461 1
417 930 1
417 1108 1
417 1229 1
417 1274 1
417 1509 1
417 1660 1
418 655 1
418 950 1
418 1175 1
418 1326 1
418 1370 1
419 450 1
419 462 1
419 585 1
419 619 1
419 793 1
419 1455 1
419 1697 1
420 942 1
421 1519 1
422 423 1
422 425 1
422 430 1
422 650 1
422 908 1
422 1142 1
422 1566 1
423 556 1
423 606 1
423 666 1
423 752 1
423 804 1
423 1156 1
423 1269 1
424 463 1
424 811 1
424 1011 1
424 1375 1
425 1533 1
426 721 1
426 1033 1
426 1335 1
427 535 1
427 649 1
427 773 1
427 813 1
427 909 1
427 934 1
427 972 1
427 1009 1
427 1040 1
427 1329 1
427 1362 1
427 1474 1
428 722 1
428 879 1
428 1218 1
428 1445 1
428 1493 1
429 1083 1
430 438 1
430 538 1
430 696 1
430 1243 1
431 553 1
431 1409 1
432 900 1
432 1087 1
433 446 1
433 839 1
433 991 1
434 587 1
434 643 1
434 696 1
434 920 1
434 930 1
434 1015 1
434 1031 1
434 1126 1
434 1129 1
434 1225 1
434 1369 1
434 1542 1
435 476 1
435 536 1
435 590 1
435 867 1
435 1371 1
436 484 1
436 510 1
436 653 1
436 757 1
436 1060 1
436 1226 1
436 1622 1
436 1677 1
436 1700 1
437 565 1
437 633 1
437 652 1
437 1098 1
437 1149 1
437 1296 1
437 1607 1
438 548 1
438 699 1
438 740 1
438 754 1
438 947 1
438 978 1
438 1604 1
439 1060 1
439 1532 1
440 1158 1
440 1638 1
442 465 1
442 528 1
442 1609 1
443 769 1
443 862 1
443 1343 1
443 1468 1
443 1481 1
443 1579 1
444 613 1
444 1019 1
444 1073 1
444 1242 1
445 1257 1
446 626 1
446 666 1
446 734 1
446 1233 1
446 1237 1
446 1311 1
447 1037 1
447 1131 1
448 1143 1
449 498 1
449 597 1
449 626 1
449 946 1
450 478 1
450 1214 1
451 484 1
451 818 1
451 1035 1
451 1068 1
451 1505 1
452 550 1
452 608 1
452 671 1
452 677 1
452 999 1
452 1206 1
452 1363 1
453 510 1
453 597 1
453 699 1
453 725 1
453 1104 1
453 1160 1
454 1375 1
454 1652 1
455 717 1
455 858 1
455 1607 1
456 713 1
456 940 1
456 1263 1
456 1526 1
457 959 1
457 1085 1
457 1304 1
457 1339 1
457 1501 1
457 1650 1
457 1657 1
458 1257 1
458 1600 1
459 835 1
459 1469 1
459 1534 1
460 906 1
460 924 1
460 1522 1
460 1568 1
460 1573 1
461 599 1
461 681 1
461 701 1
461 1593 1
462 726 1
463 844 1
463 1614 1
464 692 1
464 1652 1
465 812 1
465 814 1
466 688 1
466 753 1
466 1240 1
468 522 1
468 945 1
468 965 1
468 1106 1
468 1118 1
468 1350 1
468 1391 1
468 1492 1
469 646 1
469 1134 1
469 1291 1
470 604 1
471 795 1
471 885 1
472 1190 1
473 500 1
473 625 1
473 899 1
473 926 1
473 1064 1
474 743 1
474 801 1
474 909 1
474 919 1
474 1235 1
474 1622 1
475 697 1
475 1029 1
476 525 1
477 491 1
477 1038 1
477 1291 1
477 1331 1
477 1601 1
478 756 1
478 817 1
478 963 1
478 1386 1
478 1547 1
479 510 1
479 555 1
479 1125 1
479 1570 1
480 639 1
481 615 1
481 749 1
481 767 1
481 799 1
481 903 1
481 1199 1
481 1250 1
481 1442 1
481 1506 1
481 1603 1
481 1608 1
482 686 1
482 703 1
484 527 1
484 585 1
484 601 1
484 614 1
484 663 1
484 831 1
484 926 1
484 1003 1
484 1062 1
484 1072 1
484 1091 1
484 1196 1
484 1523 1
485 658 1
485 1066 1
485 1107 1
485 1648 1
486 550 1
486 777 1
486 916 1
486 1171 1
487 763 1
488 969 1
488 1389 1
489 698 1
489 1281 1
489 1603 1
490 584 1
490 881 1
490 1416 1
490 1454 1
491 524 1
491 739 1
491 826 1
491 886 1
491 1304 1
491 1546 1
491 1548 1
491 1663 1
491 1669 1
492 623 1
492 898 1
492 971 1
492 996 1
492 1301 1
492 1326 1
492 1359 1
492 1384 1
492 1403 1
493 775 1
493 937 1
493 1572 1
494 514 1
494 695 1
494 1123 1
494 1287 1
495 586 1
495 703 1
495 937 1
495 1111 1
495 1333 1
495 1390 1
496 580 1
496 709 1
496 759 1
496 778 1
496 995 1
496 1265 1
497 545 1
497 907 1
497 1315 1
497 1549 1
498 557 1
498 994 1
498 1071 1
498 1219 1
499 642 1
499 1597 1
499 1677 1
500 559 1
500 631 1
500 683 1
500 733 1
500 832 1
500 834 1
500 897 1
500 921 1
500 1007 1
500 1157 1
500 1219 1
500 1574 1
500 1575 1
500 1580 1
501 670 1
501 1336 1
501 1362 1
502 803 1
502 807 1
502 1054 1
502 1138 1
502 1290 1
503 725 1
503 1105 1
503 1371 1
504 505 1
504 825 1
504 1609 1
506 1418 1
507 785 1
507 880 1
507 1046 1
507 1125 1
507 1332 1
507 1642 1
508 732 1
508 847 1
508 1058 1
508 1434 1
508 1477 1
509 818 1
509 1011 1
509 1019 1
509 1183 1
509 1354 1
510 1063 1
510 1095 1
511 701 1
511 765 1
511 1143 1
511 1432 1
512 817 1
512 1019 1
512 1238 1
512 1254 1
512 1352 1
512 1674 1
513 519 1
513 538 1
513 850 1
513 1440 1
513 1483 1
514 841 1
514 1678 1
515 833 1
515 994 1
515 1014 1
516 983 1
516 1055 1
516 1391 1
517 620 1
517 754 1
517 810 1
517 897 1
517 913 1
517 1146 1
517 1170 1
517 1191 1
517 1581 1
518 669 1
518 890 1
518 901 1
519 536 1
519 633 1
519 757 1
519 815 1
519 1315 1
520 777 1
520 1210 1
521 609 1
521 1115 1
521 1310 1
522 593 1
522 626 1
523 544 1
523 813 1
523 977 1
523 1475 1
525 605 1
526 613 1
526 839 1
526 944 1
526 1131 1
526 1176 1
526 1248 1
526 1426 1
526 1615 1
526 1688 1
527 928 1
527 931 1
528 569 1
529 531 1
529 953 1
529 974 1
529 1378 1
529 1553 1
530 707 1
530 812 1
530 1450 1
530 1543 1
531 1104 1
531 1358 1
532 912 1
533 619 1
533 703 1
533 809 1
535 590 1
535 709 1
535 1173 1
536 727 1
536 771 1
536 775 1
536 1171 1
537 792 1
537 994 1
537 1304 1
539 702 1
539 838 1
539 891 1
539 1092 1
539 1100 1
539 1387 1
540 710 1
540 1180 1
541 604 1
541 621 1
541 734 1
541 774 1
541 790 1
541 823 1
541 982 1
541 1098 1
541 1154 1
541 1655 1
542 1433 1
543 931 1
543 1297 1
544 556 1
544 589 1
544 728 1
544 770 1
544 884 1
544 1010 1
544 1021 1
544 1244 1
544 1470 1
545 746 1
545 1037 1
545 1684 1
546 577 1
546 851 1
546 1480 1
547 1405 1
548 727 1
548 829 1
548 1214 1
548 1405 1
548 1478 1
548 1504 1
548 1514 1
548 1586 1
549 897 1
549 1015 1
549 1367 1
549 1410 1
550 601 1
550 861 1
550 1553 1
550 1626 1
550 1641 1
551 616 1
551 1025 1
551 1367 1
551 1569 1
552 630 1
552 676 1
552 739 1
552 948 1
552 1119 1
552 1458 1
555 1569 1
555 1625 1
556 875 1
557 812 1
557 870 1
557 1006 1
557 1140 1
557 1300 1
557 1691 1
558 840 1
559 1330 1
560 1088 1
561 738 1
561 1267 1
562 661 1
562 803 1
562 1321 1
562 1376 1
562 1592 1
563 648 1
563 1000 1
564 687 1
564 1378 1
565 692 1
565 755 1
565 1104 1
566 905 1
566 1016 1
566 1587 1
566 1662 1
567 611 1
567 735 1
567 1534 1
569 954 1
570 1160 1
571 1225 1
571 1435 1
571 1561 1
571 1577 1
572 873 1
572 1494 1
573 997 1
573 1325 1
574 635 1
575 723 1
577 1126 1
578 1087 1
579 822 1
579 1514 1
580 1047 1
581 725 1
581 1013 1
581 1109 1
581 1670 1
583 728 1
583 973 1
583 1353 1
584 648 1
584 658 1
584 700 1
584 723 1
584 1182 1
584 1211 1
584 1670 1
584 1697 1
585 785 1
585 1280 1
589 727 1
589 860 1
589 1144 1
590 666 1
590 675 1
590 772 1
590 886 1
590 973 1
590 1149 1
591 685 1
591 779 1
591 987 1
591 1111 1
591 1195 1
592 596 1
592 1390 1
593 870 1
593 929 1
593 1182 1
593 1484 1
594 1247 1
595 765 1
595 866 1
595 923 1
596 989 1
596 1698 1
597 621 1
598 1110 1
598 1506 1
599 1476 1
599 1637 1
601 606 1
601 1049 1
601 1302 1
601 1494 1
602 611 1
602 714 1
603 1527 1
604 694 1
604 1150 1
604 1310 1
604 1339 1
605 798 1
605 1008 1
605 1086 1
605 1270 1
605 1550 1
606 1407 1
606 1486 1
607 1309 1
608 859 1
609 736 1
609 1594 1
610 1066 1
610 1268 1
611 803 1
611 1035 1
611 1267 1
612 615 1
612 746 1
615 816 1
615 820 1
616 814 1
616 839 1
616 1185 1
619 913 1
619 1036 1
619 1040 1
619 1234 1
620 912 1
620 1080 1
620 1113 1
620 1130 1
620 1355 1
621 1436 1
622 837 1
622 889 1
622 1297 1
624 865 1
624 1324 1
625 719 1
625 1038 1
626 628 1
626 738 1
627 1018 1
628 718 1
628 1618 1
629 1310 1
629 1481 1
630 1016 1
632 702 1
632 1366 1
632 1388 1
632 1489 1
633 1345 1
633 1497 1
634 777 1
636 1038 1
636 1147 1
636 1219 1
636 1463 1
637 1423 1
638 721 1
639 695 1
639 702 1
639 970 1
639 1122 1
639 1514 1
640 1277 1
641 1166 1
641 1202 1
641 1215 1
641 1276 1
642 898 1
642 1026 1
642 1034 1
642 1342 1
643 751 1
643 828 1
643 1039 1
644 705 1
644 1093 1
645 1006 1
645 1597 1
646 752 1
646 801 1
646 1154 1
646 1282 1
646 1414 1
647 834 1
648 742 1
649 876 1
649 917 1
649 1439 1
649 1634 1
650 1373 1
650 1649 1
651 1041 1
652 1654 1
653 1252 1
654 657 1
654 669 1
654 691 1
654 872 1
656 857 1
656 1170 1
656 1323 1
656 1427 1
657 1109 1
657 1351 1
657 1413 1
658 1084 1
658 1675 1
660 682 1
660 880 1
660 969 1
660 1674 1
661 925 1
661 1152 1
661 1229 1
661 1273 1
662 1508 1
664 1425 1
664 1622 1
665 763 1
665 859 1
665 981 1
665 1281 1
665 1385 1
668 912 1
668 1168 1
669 797 1
669 1058 1
669 1187 1
670 1567 1
671 788 1
671 971 1
671 1440 1
671 1639 1
673 778 1
673 904 1
673 1300 1
675 1017 1
676 1145 1
677 1056 1
680 685 1
680 1076 1
680 1252 1
680 1446 1
680 1487 1
681 943 1
681 1118 1
682 1127 1
682 1212 1
682 1295 1
682 1326 1
683 1048 1
683 1067 1
683 1584 1
684 730 1
684 760 1
684 1077 1
685 756 1
685 815 1
685 976 1
686 901 1
686 1016 1
686 1168 1
686 1436 1
686 1587 1
687 968 1
687 1210 1
687 1420 1
687 1507 1
688 1473 1
689 1317 1
690 1174 1
690 1456 1
690 1588 1
691 1372 1
692 787 1
692 1446 1
693 870 1
693 882 1
693 1021 1
693 1054 1
693 1699 1
694 1126 1
696 701 1
696 810 1
696 1338 1
696 1526 1
696 1590 1
698 1344 1
699 914 1
699 955 1
699 1581 1
700 1159 1
700 1198 1
700 1214 1
700 1223 1
700 1678 1
701 1190 1
701 1216 1
701 1575 1
701 1659 1
702 1102 1
703 726 1
703 1030 1
704 798 1
704 880 1
704 1165 1
704 1241 1
704 1264 1
704 1372 1
704 1691 1
706 1284 1
708 722 1
708 768 1
708 811 1
708 843 1
708 1226 1
708 1441 1
708 1612 1
709 1549 1
709 1588 1
710 744 1
710 824 1
710 831 1
710 982 1
710 1059 1
710 1069 1
710 1139 1
710 1613 1
711 1162 1
711 1337 1
712 941 1
712 1100 1
712 1193 1
713 816 1
714 1465 1
716 1189 1
717 1032 1
717 1301 1
717 1515 1
718 1145 1
718 1260 1
718 1442 1
719 764 1
719 1020 1
719 1337 1
719 1613 1
721 1002 1
721 1103 1
722 1196 1
723 959 1
723 967 1
723 1080 1
723 1197 1
723 1394 1
724 1079 1
724 1292 1
724 1303 1
726 977 1
726 1538 1
728 1541 1
729 1150 1
729 1341 1
730 984 1
730 1094 1
730 1682 1
732 1686 1
733 1338 1
734 800 1
734 879 1
734 1098 1
735 839 1
735 1692 1
736 805 1
736 1188 1
736 1383 1
738 1090 1
738 1419 1
740 1679 1
741 1067 1
743 872 1
743 1327 1
746 918 1
747 974 1
747 1081 1
747 1289 1
747 1451 1
749 1067 1
749 1153 1
752 979 1
754 1585 1
755 898 1
755 1091 1
755 1532 1
756 998 1
756 1282 1
756 1432 1
756 1609 1
757 1610 1
758 873 1
759 937 1
759 1172 1
759 1206 1
759 1539 1
759 1676 1
760 825 1
760 873 1
760 1157 1
760 1221 1
762 1148 1
763 1398 1
763 1464 1
765 829 1
765 842 1
766 1111 1
767 786 1
767 919 1
767 943 1
768 1634 1
768 1688 1
771 903 1
771 1562 1
773 971 1
773 1033 1
774 1179 1
774 1528 1
777 1176 1
779 816 1
780 808 1
780 1044 1
780 1317 1
780 1503 1
781 1457 1
782 914 1
782 1128 1
785 1495 1
786 1508 1
787 1108 1
788 975 1
788 980 1
788 1457 1
789 998 1
789 1171 1
789 1543 1
789 1556 1
789 1637 1
790 1582 1
792 835 1
792 1143 1
792 1288 1
792 1325 1
792 1366 1
793 878 1
793 903 1
793 1355 1
793 1516 1
793 1693 1
794 1101 1
795 1284 1
796 1165 1
796 1351 1
797 864 1
797 1070 1
798 855 1
798 1393 1
799 1174 1
800 1471 1
803 977 1
803 1283 1
806 1398 1
806 1407 1
807 1208 1
808 1027 1
808 1141 1
808 1356 1
810 1263 1
811 896 1
811 993 1
811 1081 1
811 1116 1
811 1209 1
811 1267 1
811 1466 1
812 1074 1
812 1166 1
812 1220 1
812 1535 1
813 1564 1
814 1024 1
814 1610 1
815 1014 1
815 1129 1
815 1331 1
815 1512 1
815 1517 1
816 942 1
816 956 1
816 1086 1
816 1234 1
817 852 1
818 1107 1
818 1339 1
818 1512 1
818 1647 1
818 1688 1
819 1117 1
820 1199 1
820 1203 1
820 1408 1
820 1576 1
823 1507 1
824 1164 1
824 1401 1
825 1185 1
826 1167 1
826 1425 1
826 1529 1
827 1299 1
827 1342 1
827 1675 1
828 1056 1
828 1589 1
830 849 1
830 891 1
831 866 1
831 1295 1
831 1375 1
831 1612 1
834 1166 1
835 1270 1
836 950 1
836 968 1
836 1174 1
836 1381 1
836 1453 1
837 960 1
838 842 1
838 1005 1
838 1205 1
838 1236 1
838 1248 1
838 1401 1
838 1571 1
838 1671 1
840 924 1
840 1123 1
840 1420 1
840 1424 1
840 1596 1
841 857 1
842 1031 1
842 1096 1
842 1164 1
843 1245 1
843 1288 1
843 1608 1
844 1188 1
845 987 1
845 1563 1
846 998 1
847 1000 1
847 1058 1
847 1075 1
847 1121 1
847 1697 1
849 932 1
849 1239 1
850 915 1
850 1018 1
850 1056 1
851 1502 1
852 1024 1
853 1282 1
854 1194 1
856 888 1
857 1657 1
861 953 1
861 1034 1
861 1312 1
862 865 1
862 918 1
862 1033 1
862 1079 1
862 1117 1
863 966 1
863 970 1
863 1261 1
863 1605 1
864 1630 1
865 1029 1
865 1169 1
866 869 1
866 1364 1
866 1379 1
867 1653 1
869 1112 1
869 1167 1
870 1356 1
870 1447 1
870 1558 1
870 1602 1
871 1039 1
871 1158 1
871 1246 1
871 1430 1
871 1534 1
871 1699 1
872 1410 1
873 1233 1
873 1348 1
873 1663 1
874 887 1
874 1595 1
875 1072 1
875 1411 1
875 1554 1
878 957 1
878 1276 1
880 1189 1
880 1346 1
880 1510 1
881 1306 1
882 993 1
882 1115 1
882 1459 1
886 889 1
886 923 1
886 1160 1
886 1350 1
886 1408 1
887 1269 1
888 1298 1
889 1325 1
889 1334 1
890 1373 1
892 976 1
892 1047 1
892 1389 1
893 894 1
893 916 1
893 1314 1
893 1562 1
893 1633 1
894 1120 1
895 1033 1
895 1072 1
895 1144 1
897 1004 1
901 1031 1
901 1656 1
902 1130 1
902 1270 1
903 1286 1
904 1223 1
905 989 1
906 911 1
906 1054 1
906 1200 1
906 1427 1
908 1445 1
909 911 1
909 1279 1
909 1589 1
910 964 1
910 1074 1
911 1677 1
912 1336 1
912 1604 1
913 971 1
913 988 1
914 1141 1
914 1397 1
915 1151 1
915 1195 1
915 1447 1
919 1227 1
921 1192 1
921 1239 1
922 1052 1
923 1491 1
925 1032 1
926 938 1
926 985 1
926 1305 1
926 1552 1
927 1518 1
927 1606 1
929 1370 1
929 1606 1
931 943 1
932 1085 1
932 1124 1
932 1207 1
933 1130 1
933 1173 1
933 1215 1
934 1142 1
934 1635 1
935 1207 1
936 1257 1
937 1225 1
938 1542 1
938 1590 1
938 1632 1
939 1693 1
941 1550 1
942 960 1
942 1253 1
943 1546 1
945 977 1
945 1110 1
945 1218 1
945 1352 1
947 1191 1
947 1349 1
947 1511 1
947 1551 1
948 1164 1
948 1183 1
950 1017 1
951 1279 1
951 1413 1
952 1206 1
952 1298 1
953 1465 1
954 1078 1
954 1189 1
954 1222 1
955 1617 1
955 1635 1
956 990 1
958 992 1
959 1036 1
959 1451 1
959 1659 1
961 1405 1
962 1299 1
962 1471 1
963 1661 1
964 1414 1
964 1555 1
965 1057 1
966 1486 1
967 1329 1
969 1417 1
970 1446 1
970 1556 1
970 1625 1
971 986 1
971 1395 1
972 1162 1
972 1362 1
972 1476 1
973 1499 1
975 1218 1
975 1241 1
975 1321 1
975 1358 1
975 1360 1
975 1377 1
975 1510 1
975 1560 1
978 1232 1
978 1383 1
979 1443 1
980 1398 1
980 1681 1
982 1578 1
984 1286 1
985 1022 1
985 1059 1
985 1406 1
985 1583 1
985 1673 1
987 1446 1
987 1633 1
989 1077 1
989 1590 1
992 1254 1
994 1170 1
994 1572 1
994 1594 1
995 1596 1
996 1002 1
996 1563 1
997 1275 1
997 1477 1
999 1556 1
999 1692 1
1001 1059 1
1002 1228 1
1004 1181 1
1004 1524 1
1005 1256 1
1005 1385 1
1006 1029 1
1006 1092 1
1006 1337 1
1007 1253 1
1007 1390 1
1007 1673 1
1010 1257 1
1011 1064 1
1011 1352 1
1011 1394 1
1011 1466 1
1012 1213 1
1012 1288 1
1013 1100 1
1013 1261 1
1013 1692 1
1014 1041 1
1014 1273 1
1015 1141 1
1015 1530 1
1016 1092 1
1016 1489 1
1019 1246 1
1019 1664 1
1020 1315 1
1020 1438 1
1020 1439 1
1020 1548 1
1023 1193 1
1024 1119 1
1026 1211 1
1026 1416 1
1026 1562 1
1027 1668 1
1029 1252 1
1030 1484 1
1031 1539 1
1033 1183 1
1033 1327 1
1033 1560 1
1033 1678 1
1035 1347 1
1036 1145 1
1036 1485 1
1037 1641 1
1038 1346 1
1042 1398 1
1042 1573 1
1043 1241 1
1044 1274 1
1044 1585 1
1044 1641 1
1045 1232 1
1045 1470 1
1047 1212 1
1049 1230 1
1053 1093 1
1053 1132 1
1053 1134 1
1053 1640 1
1055 1194 1
1055 1294 1
1058 1148 1
1058 1469 1
1059 1269 1
1059 1272 1
1059 1473 1
1059 1527 1
1060 1439 1
1064 1168 1
1064 1531 1
1065 1504 1
1066 1337 1
1066 1362 1
1067 1270 1
1068 1352 1
1069 1235 1
1071 1474 1
1072 1492 1
1072 1537 1
1073 1313 1
1075 1397 1
1076 1124 1
1076 1310 1
1077 1647 1
1078 1137 1
1078 1307 1
1079 1441 1
1080 1132 1
1080 1538 1
1081 1450 1
1081 1665 1
1083 1544 1
1085 1153 1
1086 1197 1
1090 1247 1
1090 1454 1
1092 1187 1
1093 1155 1
1093 1614 1
1094 1341 1
1094 1435 1
1096 1359 1
1097 1106 1
1097 1250 1
1097 1374 1
1101 1278 1
1101 1375 1
1102 1477 1
1105 1133 1
1105 1264 1
1106 1426 1
1106 1470 1
1106 1544 1
1107 1161 1
1107 1176 1
1107 1443 1
1112 1181 1
1112 1382 1
1115 1441 1
1115 1698 1
1117 1439 1
1119 1361 1
1121 1384 1
1122 1533 1
1122 1546 1
1123 1495 1
1125 1200 1
1126 1423 1
1126 1503 1
1127 1265 1
1130 1497 1
1131 1381 1
1133 1209 1
1134 1500 1
1135 1296 1
1135 1353 1
1137 1151 1
1138 1193 1
1138 1554 1
1138 1649 1
1141 1463 1
1142 1426 1
1144 1561 1
1145 1591 1
1145 1607 1
1145 1653 1
1149 1285 1
1149 1482 1
1149 1625 1
1151 1274 1
1152 1566 1
1153 1301 1
1158 1651 1
1160 1180 1
1160 1438 1
1160 1506 1
1160 1657 1
1164 1472 1
1168 1287 1
1168 1365 1
1168 1565 1
1168 1576 1
1169 1522 1
1169 1632 1
1170 1537 1
1172 1318 1
1172 1467 1
1172 1659 1
1173 1440 1
1173 1488 1
1176 1496 1
1176 1592 1
1179 1208 1
1181 1306 1
1181 1444 1
1184 1204 1
1185 1322 1
1185 1588 1
1187 1652 1
1192 1395 1
1193 1207 1
1193 1220 1
1196 1303 1
1196 1645 1
1199 1395 1
1199 1529 1
1199 1643 1
1199 1674 1
1203 1260 1
1205 1388 1
1206 1478 1
1209 1502 1
1209 1700 1
1210 1238 1
1210 1242 1
1210 1318 1
1210 1399 1
1216 1521 1
1216 1583 1
1218 1365 1
1218 1452 1
1219 1225 1
1219 1346 1
1219 1495 1
1219 1519 1
1219 1542 1
1224 1407 1
1226 1240 1
1227 1500 1
1228 1456 1
1231 1368 1
1231 1559 1
1235 1696 1
1236 1353 1
1236 1460 1
1236 1624 1
1237 1405 1
1238 1348 1
1238 1661 1
1240 1478 1
1244 1349 1
1245 1396 1
1245 1410 1
1245 1667 1
1246 1656 1
1251 1406 1
1252 1399 1
1253 1540 1
1256 1368 1
1256 1400 1
1256 1677 1
1257 1473 1
1257 1492 1
1258 1379 1
1259 1655 1
1260 1629 1
1261 1482 1
1261 1492 1
1261 1616 1
1273 1359 1
1274 1521 1
1275 1513 1
1278 1347 1
1280 1297 1
1280 1644 1
1286 1616 1
1286 1631 1
1288 1595 1
1289 1370 1
1289 1520 1
1289 1600 1
1290 1668 1
1295 1577 1
1295 1676 1
1297 1689 1
1303 1442 1
1303 1571 1
1305 1408 1
1305 1601 1
1315 1558 1
1315 1682 1
1320 1420 1
1320 1466 1
1320 1557 1
1321 1606 1
1321 1631 1
1322 1400 1
1322 1508 1
1323 1395 1
1326 1417 1
1327 1616 1
1329 1364 1
1329 1380 1
1329 1420 1
1329 1491 1
1331 1550 1
1335 1591 1
1336 1428 1
1337 1644 1
1340 1614 1
1343 1516 1
1346 1437 1
1351 1579 1
1351 1680 1
1355 1482 1
1356 1579 1
1357 1401 1
1357 1421 1
1357 1628 1
1359 1385 1
1362 1392 1
1363 1591 1
1364 1547 1
1364 1564 1
1368 1523 1
1369 1422 1
1370 1694 1
1375 1577 1
1377 1630 1
1378 1385 1
1378 1558 1
1379 1584 1
1381 1632 1
1383 1638 1
1386 1402 1
1388 1501 1
1388 1582 1
1388 1599 1
1390 1553 1
1391 1513 1
1406 1592 1
1406 1635 1
1406 1648 1
1415 1488 1
1417 1525 1
1419 1551 1
1423 1517 1
1423 1619 1
1427 1521 1
1427 1568 1
1428 1605 1
1430 1627 1
1431 1597 1
1432 1460 1
1434 1549 1
1436 1534 1
1436 1685 1
1437 1467 1
1439 1575 1
1439 1686 1
1440 1686 1
1445 1456 1
1447 1575 1
1455 1559 1
1461 1538 1
1463 1523 1
1466 1643 1
1470 1473 1
1470 1531 1
1474 1505 1
1476 1692 1
1477 1636 1
1486 1682 1
1496 1681 1
1502 1539 1
1502 1556 1
1506 1570 1
1515 1695 1
1520 1684 1
1523 1545 1
1528 1664 1
1530 1618 1
1533 1606 1
1536 1560 1
1536 1657 1
1541 1621 1
1543 1593 1
1543 1630 1
1554 1589 1
1564 1579 1
1565 1661 1
1565 1666 1
1568 1662 1
1571 1610 1
1578 1595 1
1582 1630 1
1586 1680 1
1589 1618 1
1610 1676 1
1617 1629 1
1625 1660 1
1682 1695 1
