1500 5984 
1 2 1
1 3 1
1 4 1
1 5 1
1 6 1
1 7 1
1 8 1
1 9 1
1 10 1
1 12 1
1 13 1
1 17 1
1 18 1
1 23 1
1 24 1
1 25 1
1 26 1
1 27 1
1 29 1
1 30 1
1 32 1
1 35 1
1 37 1
1 38 1
1 41 1
1 42 1
1 44 1
1 47 1
1 48 1
1 52 1
1 54 1
1 56 1
1 59 1
1 62 1
1 83 1
1 93 1
1 102 1
1 104 1
1 105 1
1 106 1
1 107 1
1 109 1
1 110 1
1 113 1
1 118 1
1 120 1
1 125 1
1 127 1
1 143 1
1 146 1
1 147 1
1 151 1
1 158 1
1 168 1
1 189 1
1 192 1
1 195 1
1 196 1
1 199 1
1 202 1
1 207 1
1 210 1
1 213 1
1 239 1
1 258 1
1 260 1
1 263 1
1 267 1
1 276 1
1 288 1
1 293 1
1 295 1
1 301 1
1 310 1
1 323 1
1 334 1
1 337 1
1 349 1
1 357 1
1 366 1
1 371 1
1 377 1
1 379 1
1 394 1
1 400 1
1 408 1
1 409 1
1 413 1
1 415 1
1 424 1
1 429 1
1 434 1
1 454 1
1 457 1
1 458 1
1 461 1
1 469 1
1 488 1
1 504 1
1 529 1
1 538 1
1 548 1
1 607 1
1 610 1
1 613 1
1 615 1
1 637 1
1 656 1
1 665 1
1 674 1
1 682 1
1 685 1
1 695 1
1 697 1
1 702 1
1 708 1
1 710 1
1 716 1
1 737 1
1 740 1
1 741 1
1 752 1
1 775 1
1 804 1
1 812 1
1 818 1
1 846 1
1 848 1
1 853 1
1 855 1
1 873 1
1 890 1
1 891 1
1 943 1
1 944 1
1 957 1
1 960 1
1 964 1
1 972 1
1 982 1
1 997 1
1 1001 1
1 1015 1
1 1016 1
1 1036 1
1 1047 1
1 1052 1
1 1073 1
1 1080 1
1 1103 1
1 1130 1
1 1147 1
1 1154 1
1 1160 1
1 1176 1
1 1182 1
1 1206 1
1 1209 1
1 1250 1
1 1259 1
1 1264 1
1 1271 1
1 1286 1
1 1315 1
1 1318 1
1 1365 1
1 1385 1
1 1388 1
1 1406 1
1 1418 1
1 1419 1
1 1429 1
1 1447 1
1 1469 1
1 1471 1
1 1477 1
1 1489 1
1 1490 1
1 1496 1
2 6 1
2 7 1
2 8 1
2 17 1
2 26 1
2 27 1
2 32 1
2 37 1
2 38 1
2 77 1
2 88 1
2 97 1
2 103 1
2 134 1
2 157 1
2 160 1
2 206 1
2 214 1
2 239 1
2 307 1
2 310 1
2 341 1
2 396 1
2 422 1
2 579 1
2 693 1
2 733 1
2 879 1
2 904 1
2 914 1
2 945 1
2 975 1
2 1000 1
2 1012 1
2 1039 1
2 1169 1
2 1235 1
2 1262 1
2 1265 1
2 1414 1
2 1422 1
2 1481 1
3 6 1
3 14 1
3 16 1
3 18 1
3 21 1
3 22 1
3 23 1
3 28 1
3 31 1
3 42 1
3 57 1
3 64 1
3 69 1
3 91 1
3 154 1
3 161 1
3 162 1
3 187 1
3 200 1
3 218 1
3 228 1
3 236 1
3 248 1
3 259 1
3 261 1
3 345 1
3 382 1
3 419 1
3 424 1
3 456 1
3 481 1
3 515 1
3 526 1
3 529 1
3 545 1
3 618 1
3 729 1
3 760 1
3 854 1
3 872 1
3 896 1
3 909 1
3 936 1
3 942 1
3 953 1
3 970 1
3 980 1
3 981 1
3 998 1
3 1008 1
3 1019 1
3 1053 1
3 1125 1
3 1140 1
3 1145 1
3 1279 1
3 1280 1
3 1326 1
3 1400 1
4 11 1
4 20 1
4 21 1
4 22 1
4 23 1
4 31 1
4 33 1
4 48 1
4 51 1
4 62 1
4 72 1
4 108 1
4 118 1
4 165 1
4 179 1
4 199 1
4 210 1
4 218 1
4 250 1
4 256 1
4 297 1
4 320 1
4 324 1
4 333 1
4 357 1
4 370 1
4 376 1
4 383 1
4 413 1
4 437 1
4 475 1
4 497 1
4 539 1
4 597 1
4 601 1
4 604 1
4 635 1
4 650 1
4 654 1
4 663 1
4 688 1
4 711 1
4 736 1
4 859 1
4 872 1
4 878 1
4 916 1
4 964 1
4 965 1
4 979 1
4 1027 1
4 1162 1
4 1180 1
4 1195 1
4 1217 1
4 1364 1
5 6 1
5 7 1
5 8 1
5 9 1
5 10 1
5 18 1
5 46 1
5 57 1
5 67 1
5 197 1
5 216 1
5 226 1
5 241 1
5 294 1
5 343 1
5 400 1
5 481 1
5 552 1
5 805 1
5 955 1
5 1049 1
5 1070 1
5 1239 1
5 1325 1
5 1346 1
5 1462 1
5 1495 1
6 7 1
6 10 1
6 12 1
6 13 1
6 14 1
6 15 1
6 18 1
6 19 1
6 21 1
6 35 1
6 54 1
6 64 1
6 75 1
6 80 1
6 85 1
6 95 1
6 113 1
6 176 1
6 177 1
6 197 1
6 205 1
6 206 1
6 219 1
6 222 1
6 234 1
6 242 1
6 254 1
6 280 1
6 332 1
6 347 1
6 354 1
6 362 1
6 380 1
6 391 1
6 410 1
6 414 1
6 418 1
6 480 1
6 488 1
6 504 1
6 514 1
6 534 1
6 542 1
6 567 1
6 580 1
6 614 1
6 629 1
6 689 1
6 698 1
6 706 1
6 745 1
6 839 1
6 889 1
6 916 1
6 971 1
6 977 1
6 1028 1
6 1067 1
6 1075 1
6 1114 1
6 1237 1
6 1246 1
6 1288 1
6 1350 1
6 1397 1
7 8 1
7 9 1
7 11 1
7 12 1
7 15 1
7 16 1
7 20 1
7 22 1
7 24 1
7 25 1
7 26 1
7 32 1
7 33 1
7 36 1
7 38 1
7 43 1
7 45 1
7 46 1
7 49 1
7 50 1
7 59 1
7 61 1
7 66 1
7 69 1
7 73 1
7 74 1
7 80 1
7 84 1
7 95 1
7 99 1
7 116 1
7 135 1
7 136 1
7 140 1
7 146 1
7 153 1
7 154 1
7 161 1
7 184 1
7 189 1
7 191 1
7 228 1
7 238 1
7 243 1
7 246 1
7 252 1
7 262 1
7 295 1
7 326 1
7 342 1
7 349 1
7 378 1
7 389 1
7 395 1
7 408 1
7 414 1
7 419 1
7 426 1
7 432 1
7 450 1
7 474 1
7 510 1
7 512 1
7 517 1
7 532 1
7 537 1
7 541 1
7 544 1
7 573 1
7 599 1
7 619 1
7 627 1
7 849 1
7 865 1
7 888 1
7 950 1
7 977 1
7 982 1
7 1013 1
7 1038 1
7 1060 1
7 1077 1
7 1116 1
7 1168 1
7 1182 1
7 1184 1
7 1192 1
7 1213 1
7 1255 1
7 1256 1
7 1283 1
7 1292 1
7 1310 1
7 1353 1
7 1364 1
7 1382 1
7 1402 1
8 9 1
8 10 1
8 13 1
8 16 1
8 25 1
8 29 1
8 34 1
8 49 1
8 58 1
8 74 1
8 106 1
8 120 1
8 135 1
8 157 1
8 165 1
8 171 1
8 184 1
8 202 1
8 246 1
8 248 1
8 249 1
8 338 1
8 373 1
8 375 1
8 381 1
8 402 1
8 408 1
8 414 1
8 482 1
8 492 1
8 511 1
8 554 1
8 624 1
8 627 1
8 697 1
8 703 1
8 734 1
8 765 1
8 852 1
8 938 1
8 973 1
8 1022 1
8 1089 1
8 1183 1
8 1286 1
8 1437 1
8 1447 1
8 1458 1
8 1493 1
9 11 1
9 13 1
9 15 1
9 16 1
9 31 1
9 35 1
9 50 1
9 80 1
9 90 1
9 91 1
9 92 1
9 97 1
9 114 1
9 126 1
9 132 1
9 135 1
9 152 1
9 173 1
9 218 1
9 221 1
9 260 1
9 280 1
9 321 1
9 330 1
9 366 1
9 397 1
9 402 1
9 406 1
9 464 1
9 483 1
9 485 1
9 580 1
9 590 1
9 604 1
9 609 1
9 633 1
9 679 1
9 690 1
9 746 1
9 761 1
9 835 1
9 842 1
9 888 1
9 898 1
9 899 1
9 1258 1
9 1276 1
9 1337 1
9 1388 1
9 1476 1
10 11 1
10 14 1
10 19 1
10 24 1
10 25 1
10 40 1
10 41 1
10 53 1
10 82 1
10 96 1
10 112 1
10 115 1
10 118 1
10 119 1
10 125 1
10 128 1
10 137 1
10 140 1
10 151 1
10 163 1
10 167 1
10 185 1
10 198 1
10 221 1
10 227 1
10 235 1
10 243 1
10 251 1
10 266 1
10 283 1
10 286 1
10 291 1
10 295 1
10 300 1
10 305 1
10 344 1
10 391 1
10 440 1
10 444 1
10 453 1
10 475 1
10 504 1
10 537 1
10 542 1
10 565 1
10 595 1
10 614 1
10 666 1
10 723 1
10 742 1
10 840 1
10 870 1
10 905 1
10 943 1
10 961 1
10 962 1
10 985 1
10 988 1
10 999 1
10 1028 1
10 1062 1
10 1084 1
10 1137 1
10 1138 1
10 1191 1
10 1246 1
10 1349 1
10 1357 1
10 1369 1
10 1458 1
10 1463 1
10 1496 1
11 12 1
11 14 1
11 19 1
11 27 1
11 31 1
11 36 1
11 41 1
11 53 1
11 60 1
11 68 1
11 84 1
11 88 1
11 94 1
11 97 1
11 105 1
11 121 1
11 141 1
11 152 1
11 172 1
11 205 1
11 216 1
11 220 1
11 229 1
11 232 1
11 270 1
11 334 1
11 340 1
11 358 1
11 420 1
11 445 1
11 496 1
11 528 1
11 593 1
11 616 1
11 677 1
11 749 1
11 829 1
11 844 1
11 881 1
11 935 1
11 948 1
11 1232 1
11 1252 1
11 1270 1
11 1445 1
11 1480 1
12 17 1
12 19 1
12 24 1
12 26 1
12 28 1
12 34 1
12 37 1
12 40 1
12 42 1
12 55 1
12 62 1
12 67 1
12 74 1
12 75 1
12 79 1
12 81 1
12 89 1
12 108 1
12 127 1
12 137 1
12 147 1
12 164 1
12 178 1
12 200 1
12 205 1
12 265 1
12 276 1
12 285 1
12 295 1
12 364 1
12 374 1
12 416 1
12 424 1
12 477 1
12 549 1
12 567 1
12 573 1
12 612 1
12 615 1
12 720 1
12 913 1
12 949 1
12 997 1
12 1017 1
12 1092 1
12 1112 1
12 1224 1
12 1233 1
12 1235 1
12 1394 1
13 15 1
13 20 1
13 23 1
13 30 1
13 39 1
13 47 1
13 55 1
13 64 1
13 71 1
13 81 1
13 93 1
13 122 1
13 124 1
13 134 1
13 155 1
13 176 1
13 223 1
13 249 1
13 251 1
13 283 1
13 303 1
13 334 1
13 386 1
13 402 1
13 493 1
13 507 1
13 585 1
13 603 1
13 634 1
13 665 1
13 673 1
13 709 1
13 718 1
13 722 1
13 752 1
13 786 1
13 835 1
13 921 1
13 938 1
13 945 1
13 1000 1
13 1115 1
13 1230 1
13 1238 1
13 1460 1
14 17 1
14 21 1
14 22 1
14 38 1
14 44 1
14 55 1
14 97 1
14 101 1
14 125 1
14 184 1
14 186 1
14 329 1
14 347 1
14 354 1
14 361 1
14 526 1
14 531 1
14 592 1
14 650 1
14 674 1
14 684 1
14 701 1
14 710 1
14 825 1
14 855 1
14 881 1
14 938 1
14 998 1
14 1050 1
14 1127 1
14 1142 1
14 1151 1
14 1244 1
14 1262 1
14 1265 1
14 1414 1
14 1422 1
15 29 1
15 30 1
15 60 1
15 103 1
15 138 1
15 171 1
15 181 1
15 195 1
15 257 1
15 334 1
15 412 1
15 415 1
15 438 1
15 452 1
15 456 1
15 483 1
15 591 1
15 635 1
15 639 1
15 686 1
15 788 1
15 1085 1
15 1216 1
15 1485 1
16 29 1
16 33 1
16 48 1
16 83 1
16 84 1
16 110 1
16 127 1
16 138 1
16 181 1
16 197 1
16 220 1
16 238 1
16 362 1
16 365 1
16 367 1
16 429 1
16 466 1
16 509 1
16 560 1
16 591 1
16 596 1
16 657 1
16 723 1
16 725 1
16 766 1
16 879 1
16 1004 1
16 1032 1
16 1057 1
16 1147 1
16 1180 1
16 1280 1
16 1294 1
16 1410 1
16 1460 1
17 27 1
17 49 1
17 52 1
17 141 1
17 142 1
17 200 1
17 214 1
17 455 1
17 469 1
17 474 1
17 490 1
17 516 1
17 534 1
17 652 1
17 697 1
17 703 1
17 724 1
17 728 1
17 934 1
17 1002 1
17 1023 1
17 1171 1
17 1231 1
17 1280 1
17 1308 1
17 1317 1
17 1327 1
17 1374 1
17 1390 1
17 1439 1
18 69 1
18 129 1
18 213 1
18 310 1
18 318 1
18 331 1
18 411 1
18 521 1
18 582 1
18 769 1
18 783 1
18 883 1
18 932 1
18 941 1
18 1161 1
18 1170 1
18 1187 1
18 1362 1
19 20 1
19 28 1
19 32 1
19 34 1
19 43 1
19 94 1
19 120 1
19 142 1
19 174 1
19 223 1
19 242 1
19 245 1
19 293 1
19 309 1
19 319 1
19 346 1
19 427 1
19 531 1
19 551 1
19 836 1
19 849 1
19 892 1
19 986 1
19 993 1
19 1155 1
19 1199 1
19 1433 1
19 1442 1
20 145 1
20 287 1
20 315 1
20 500 1
20 666 1
20 690 1
20 838 1
20 987 1
20 1002 1
21 30 1
21 41 1
21 70 1
21 95 1
21 117 1
22 48 1
22 51 1
22 57 1
22 94 1
22 96 1
22 122 1
22 123 1
22 133 1
22 144 1
22 160 1
22 209 1
22 273 1
22 322 1
22 344 1
22 368 1
22 534 1
22 540 1
22 559 1
22 595 1
22 655 1
22 686 1
22 689 1
22 740 1
22 858 1
22 884 1
22 887 1
22 922 1
22 933 1
22 988 1
22 999 1
22 1182 1
22 1200 1
22 1316 1
22 1329 1
22 1331 1
22 1401 1
22 1435 1
22 1467 1
22 1478 1
22 1495 1
23 28 1
23 36 1
23 49 1
23 73 1
23 74 1
23 76 1
23 209 1
23 233 1
23 378 1
23 519 1
23 609 1
23 624 1
23 640 1
23 723 1
23 774 1
23 901 1
23 962 1
23 969 1
23 1152 1
23 1183 1
23 1238 1
23 1258 1
23 1295 1
23 1414 1
23 1441 1
23 1477 1
24 39 1
24 44 1
24 54 1
24 75 1
24 87 1
24 112 1
24 153 1
24 182 1
24 187 1
24 188 1
24 274 1
24 299 1
24 333 1
24 363 1
24 388 1
24 398 1
24 438 1
24 452 1
24 453 1
24 459 1
24 676 1
24 713 1
24 767 1
24 771 1
24 824 1
24 832 1
24 833 1
24 839 1
24 966 1
24 1007 1
24 1019 1
24 1096 1
24 1212 1
24 1268 1
24 1282 1
24 1375 1
25 39 1
25 45 1
25 93 1
25 105 1
25 115 1
25 227 1
25 239 1
25 261 1
25 296 1
25 322 1
25 327 1
25 365 1
25 380 1
25 405 1
25 435 1
25 463 1
25 481 1
25 524 1
25 626 1
25 692 1
25 696 1
25 793 1
25 1038 1
25 1084 1
25 1146 1
25 1157 1
25 1296 1
25 1377 1
25 1413 1
26 50 1
26 52 1
26 119 1
26 167 1
26 181 1
26 253 1
26 336 1
26 422 1
26 474 1
26 544 1
26 562 1
26 582 1
26 723 1
26 843 1
26 959 1
26 999 1
26 1075 1
26 1087 1
26 1117 1
26 1120 1
26 1131 1
26 1138 1
26 1201 1
26 1244 1
26 1308 1
26 1373 1
26 1485 1
27 35 1
27 36 1
27 37 1
27 70 1
27 71 1
27 85 1
27 100 1
27 103 1
27 114 1
27 207 1
27 216 1
27 218 1
27 243 1
27 407 1
27 830 1
27 856 1
27 928 1
27 930 1
27 1101 1
27 1102 1
27 1174 1
27 1489 1
28 39 1
28 40 1
28 43 1
28 45 1
28 65 1
28 68 1
28 76 1
28 78 1
28 89 1
28 94 1
28 106 1
28 170 1
28 176 1
28 226 1
28 278 1
28 310 1
28 329 1
28 353 1
28 363 1
28 384 1
28 411 1
28 420 1
28 476 1
28 485 1
28 487 1
28 493 1
28 537 1
28 555 1
28 562 1
28 590 1
28 743 1
28 808 1
28 816 1
28 819 1
28 822 1
28 838 1
28 855 1
28 969 1
28 976 1
28 1011 1
28 1034 1
28 1086 1
28 1105 1
28 1121 1
28 1133 1
28 1137 1
28 1142 1
28 1147 1
28 1202 1
28 1260 1
28 1300 1
28 1309 1
28 1323 1
28 1420 1
28 1427 1
28 1500 1
29 33 1
29 42 1
29 58 1
29 59 1
29 61 1
29 72 1
29 81 1
29 85 1
29 91 1
29 107 1
29 111 1
29 119 1
29 126 1
29 134 1
29 164 1
29 170 1
29 193 1
29 202 1
29 212 1
29 215 1
29 217 1
29 240 1
29 282 1
29 292 1
29 301 1
29 324 1
29 435 1
29 447 1
29 486 1
29 493 1
29 496 1
29 501 1
29 532 1
29 534 1
29 549 1
29 588 1
29 600 1
29 602 1
29 657 1
29 666 1
29 671 1
29 686 1
29 716 1
29 753 1
29 754 1
29 788 1
29 927 1
29 932 1
29 953 1
29 980 1
29 1092 1
29 1124 1
29 1155 1
29 1203 1
29 1248 1
29 1252 1
29 1288 1
29 1316 1
29 1324 1
29 1399 1
29 1413 1
29 1498 1
30 43 1
30 51 1
30 58 1
30 63 1
30 99 1
30 148 1
30 231 1
30 359 1
30 467 1
30 519 1
30 561 1
30 616 1
30 617 1
30 660 1
30 661 1
30 827 1
30 1112 1
30 1117 1
30 1144 1
30 1146 1
30 1440 1
31 60 1
31 70 1
31 114 1
31 146 1
31 171 1
31 172 1
31 462 1
31 567 1
31 601 1
31 735 1
31 749 1
31 783 1
31 894 1
31 992 1
31 1218 1
31 1398 1
31 1417 1
32 40 1
32 116 1
32 174 1
32 374 1
32 383 1
32 732 1
32 836 1
32 1293 1
32 1295 1
33 34 1
33 56 1
33 102 1
33 108 1
33 142 1
33 175 1
33 195 1
33 201 1
33 238 1
33 263 1
33 303 1
33 308 1
33 337 1
33 360 1
33 490 1
33 564 1
33 641 1
33 642 1
33 680 1
33 710 1
33 767 1
33 933 1
33 991 1
33 1034 1
33 1446 1
33 1450 1
34 46 1
34 61 1
34 84 1
34 85 1
34 86 1
34 95 1
34 96 1
34 105 1
34 156 1
34 173 1
34 237 1
34 256 1
34 413 1
34 488 1
34 610 1
34 801 1
34 974 1
34 1030 1
34 1163 1
34 1166 1
34 1184 1
34 1257 1
34 1284 1
34 1301 1
34 1309 1
34 1377 1
35 47 1
35 65 1
35 70 1
35 73 1
35 89 1
35 116 1
35 139 1
35 188 1
35 258 1
35 330 1
35 338 1
35 578 1
35 671 1
35 760 1
35 780 1
35 784 1
35 994 1
35 1028 1
35 1063 1
35 1114 1
36 66 1
36 83 1
36 137 1
36 159 1
36 173 1
36 226 1
36 242 1
36 249 1
36 350 1
36 440 1
36 945 1
36 1095 1
36 1102 1
36 1122 1
36 1198 1
36 1267 1
36 1346 1
36 1451 1
36 1453 1
36 1473 1
37 50 1
37 56 1
37 59 1
37 81 1
37 87 1
37 112 1
37 148 1
37 155 1
37 163 1
37 190 1
37 194 1
37 279 1
37 286 1
37 292 1
37 304 1
37 312 1
37 314 1
37 318 1
37 351 1
37 417 1
37 431 1
37 470 1
37 505 1
37 611 1
37 625 1
37 665 1
37 698 1
37 719 1
37 801 1
37 946 1
37 1003 1
37 1066 1
37 1166 1
37 1278 1
37 1287 1
37 1333 1
37 1340 1
37 1360 1
37 1381 1
37 1396 1
37 1456 1
38 46 1
38 66 1
38 67 1
38 73 1
38 87 1
38 88 1
38 92 1
38 106 1
38 116 1
38 132 1
38 142 1
38 144 1
38 166 1
38 193 1
38 233 1
38 257 1
38 296 1
38 335 1
38 342 1
38 348 1
38 382 1
38 437 1
38 478 1
38 572 1
38 594 1
38 636 1
38 695 1
38 712 1
38 794 1
38 935 1
38 1068 1
38 1099 1
38 1226 1
38 1231 1
38 1409 1
38 1456 1
39 47 1
39 52 1
39 63 1
39 98 1
39 109 1
39 115 1
39 117 1
39 143 1
39 154 1
39 183 1
39 192 1
39 220 1
39 228 1
39 241 1
39 302 1
39 320 1
39 346 1
39 431 1
39 434 1
39 489 1
39 589 1
39 645 1
39 667 1
39 669 1
39 678 1
39 748 1
39 860 1
39 947 1
39 1018 1
39 1225 1
39 1274 1
39 1377 1
39 1463 1
40 45 1
40 56 1
40 63 1
40 65 1
40 76 1
40 91 1
40 100 1
40 210 1
40 221 1
40 338 1
40 352 1
40 387 1
40 420 1
40 760 1
40 866 1
40 932 1
40 944 1
40 1261 1
40 1311 1
40 1456 1
41 54 1
41 61 1
41 93 1
41 100 1
41 121 1
41 166 1
41 177 1
41 203 1
41 214 1
41 289 1
41 425 1
41 478 1
41 511 1
41 679 1
41 730 1
41 818 1
41 857 1
41 907 1
41 910 1
41 951 1
41 1120 1
41 1155 1
41 1183 1
41 1239 1
41 1285 1
41 1304 1
41 1308 1
41 1419 1
41 1441 1
41 1449 1
42 68 1
42 110 1
42 183 1
42 371 1
42 391 1
42 580 1
42 681 1
42 700 1
42 767 1
42 1003 1
43 44 1
43 66 1
43 77 1
43 90 1
43 110 1
43 125 1
43 168 1
43 169 1
43 177 1
43 183 1
43 200 1
43 221 1
43 231 1
43 250 1
43 289 1
43 297 1
43 305 1
43 314 1
43 344 1
43 348 1
43 368 1
43 392 1
43 405 1
43 420 1
43 527 1
43 546 1
43 556 1
43 572 1
43 586 1
43 622 1
43 654 1
43 675 1
43 724 1
43 728 1
43 915 1
43 983 1
43 1000 1
43 1001 1
43 1013 1
43 1102 1
43 1199 1
43 1263 1
43 1395 1
43 1399 1
43 1436 1
44 79 1
44 193 1
44 822 1
44 834 1
44 1040 1
44 1077 1
44 1405 1
44 1451 1
45 78 1
45 140 1
45 148 1
45 150 1
45 154 1
45 194 1
45 196 1
45 222 1
45 229 1
45 252 1
45 345 1
45 396 1
45 413 1
45 525 1
45 692 1
45 706 1
45 812 1
45 887 1
45 940 1
45 958 1
45 1071 1
45 1094 1
45 1221 1
45 1258 1
45 1337 1
46 55 1
46 87 1
46 112 1
46 138 1
46 150 1
46 157 1
46 162 1
46 344 1
46 385 1
46 516 1
46 533 1
46 681 1
46 871 1
46 1006 1
46 1066 1
46 1072 1
46 1228 1
47 53 1
47 78 1
47 99 1
47 115 1
47 151 1
47 186 1
47 189 1
47 292 1
47 298 1
47 299 1
47 312 1
47 317 1
47 347 1
47 361 1
47 442 1
47 445 1
47 511 1
47 542 1
47 549 1
47 709 1
47 813 1
47 838 1
47 859 1
47 903 1
47 906 1
47 964 1
47 1060 1
47 1089 1
47 1206 1
48 53 1
48 63 1
48 136 1
48 199 1
48 388 1
48 449 1
48 587 1
48 770 1
48 801 1
48 923 1
48 1025 1
48 1337 1
48 1385 1
48 1387 1
49 79 1
49 109 1
49 196 1
49 215 1
49 435 1
49 490 1
49 496 1
49 519 1
49 675 1
49 813 1
49 845 1
49 920 1
49 991 1
49 1076 1
49 1110 1
49 1207 1
49 1392 1
50 51 1
50 57 1
50 60 1
50 102 1
50 124 1
50 133 1
50 143 1
50 240 1
50 273 1
50 396 1
50 645 1
50 726 1
50 845 1
50 947 1
50 986 1
50 1109 1
50 1128 1
50 1161 1
50 1188 1
50 1352 1
51 62 1
51 67 1
51 71 1
51 103 1
51 229 1
51 270 1
51 289 1
51 309 1
51 360 1
51 423 1
51 500 1
51 522 1
51 563 1
51 577 1
51 609 1
51 644 1
51 753 1
51 772 1
51 811 1
51 951 1
51 1374 1
52 127 1
52 211 1
52 448 1
52 462 1
52 509 1
52 619 1
52 694 1
52 757 1
52 799 1
52 854 1
52 1043 1
52 1127 1
52 1228 1
52 1234 1
53 68 1
53 83 1
53 146 1
53 259 1
53 313 1
53 360 1
53 521 1
53 526 1
53 542 1
53 629 1
53 764 1
53 837 1
53 993 1
53 1235 1
54 58 1
54 223 1
54 262 1
54 267 1
54 465 1
54 510 1
54 555 1
54 572 1
54 646 1
54 712 1
54 713 1
54 798 1
54 869 1
54 1016 1
54 1095 1
54 1300 1
55 135 1
55 513 1
55 633 1
55 1086 1
55 1152 1
55 1251 1
55 1400 1
56 64 1
56 72 1
56 77 1
56 143 1
56 162 1
56 311 1
56 331 1
56 494 1
56 524 1
56 529 1
56 672 1
56 861 1
56 910 1
56 922 1
56 963 1
56 1105 1
56 1114 1
56 1222 1
56 1323 1
56 1335 1
57 123 1
57 168 1
57 337 1
57 350 1
57 404 1
57 501 1
57 605 1
58 82 1
58 90 1
58 92 1
58 129 1
58 138 1
58 178 1
58 254 1
58 271 1
58 274 1
58 353 1
58 427 1
58 433 1
58 439 1
58 555 1
58 721 1
58 965 1
58 1006 1
58 1133 1
58 1197 1
59 65 1
59 117 1
59 128 1
59 139 1
59 149 1
59 169 1
59 184 1
59 296 1
59 299 1
59 314 1
59 369 1
59 392 1
59 418 1
59 438 1
59 477 1
59 506 1
59 543 1
59 587 1
59 635 1
59 676 1
59 699 1
59 800 1
59 1013 1
59 1054 1
59 1070 1
59 1129 1
59 1245 1
59 1250 1
59 1269 1
59 1454 1
60 75 1
60 145 1
60 156 1
60 170 1
60 191 1
60 203 1
60 229 1
60 240 1
60 259 1
60 262 1
60 266 1
60 275 1
60 281 1
60 314 1
60 316 1
60 359 1
60 484 1
60 493 1
60 507 1
60 515 1
60 522 1
60 577 1
60 582 1
60 668 1
60 739 1
60 833 1
60 1087 1
60 1099 1
60 1127 1
60 1167 1
60 1168 1
60 1285 1
60 1289 1
60 1325 1
60 1373 1
60 1374 1
61 86 1
61 281 1
61 389 1
61 798 1
61 963 1
61 973 1
61 1362 1
61 1484 1
61 1486 1
62 153 1
62 251 1
62 254 1
62 290 1
62 297 1
62 476 1
62 521 1
62 550 1
62 831 1
62 850 1
62 1031 1
62 1059 1
62 1274 1
62 1277 1
63 86 1
63 124 1
63 149 1
63 165 1
63 197 1
63 213 1
63 252 1
63 327 1
63 524 1
63 547 1
63 1050 1
63 1148 1
63 1386 1
63 1479 1
64 76 1
64 101 1
64 171 1
64 219 1
64 359 1
64 407 1
64 592 1
64 805 1
64 952 1
64 1020 1
64 1033 1
64 1055 1
64 1246 1
64 1421 1
65 77 1
65 98 1
65 104 1
65 111 1
65 119 1
65 152 1
65 175 1
65 178 1
65 233 1
65 243 1
65 282 1
65 300 1
65 302 1
65 358 1
65 456 1
65 462 1
65 463 1
65 508 1
65 552 1
65 566 1
65 651 1
65 675 1
65 756 1
65 780 1
65 839 1
65 889 1
65 924 1
65 962 1
65 987 1
65 1038 1
65 1194 1
65 1217 1
65 1219 1
65 1235 1
65 1312 1
65 1333 1
65 1335 1
65 1361 1
65 1483 1
66 79 1
66 99 1
66 183 1
66 192 1
66 214 1
66 264 1
66 311 1
66 372 1
66 395 1
66 458 1
66 459 1
66 474 1
66 517 1
66 581 1
66 769 1
66 922 1
66 1001 1
66 1391 1
66 1466 1
67 69 1
67 71 1
67 82 1
67 86 1
67 123 1
67 148 1
67 178 1
67 231 1
67 287 1
67 322 1
67 377 1
67 454 1
67 466 1
67 522 1
67 597 1
67 682 1
67 791 1
67 1021 1
67 1087 1
67 1159 1
67 1391 1
68 72 1
68 78 1
68 107 1
68 131 1
68 136 1
68 159 1
68 185 1
68 190 1
68 208 1
68 222 1
68 262 1
68 306 1
68 492 1
68 494 1
68 647 1
68 730 1
68 841 1
68 872 1
68 1371 1
69 191 1
69 251 1
69 256 1
69 468 1
69 484 1
69 489 1
69 606 1
69 610 1
69 795 1
69 903 1
69 1161 1
70 92 1
70 121 1
70 132 1
70 190 1
70 260 1
70 482 1
70 599 1
70 683 1
70 710 1
70 752 1
70 764 1
70 831 1
70 901 1
70 1042 1
70 1075 1
70 1323 1
71 585 1
71 1472 1
72 82 1
72 126 1
72 247 1
72 284 1
72 348 1
72 355 1
72 376 1
72 495 1
72 625 1
72 816 1
72 890 1
72 1312 1
73 80 1
73 204 1
73 241 1
73 325 1
73 381 1
73 388 1
73 486 1
73 499 1
73 554 1
73 746 1
73 1068 1
73 1348 1
73 1453 1
73 1497 1
74 133 1
74 157 1
74 343 1
74 368 1
74 434 1
74 530 1
74 709 1
74 778 1
74 806 1
74 835 1
74 902 1
74 1387 1
75 88 1
75 132 1
75 145 1
75 155 1
75 244 1
75 358 1
75 453 1
75 519 1
75 648 1
75 1036 1
75 1061 1
75 1418 1
75 1448 1
76 90 1
76 102 1
76 111 1
76 185 1
76 189 1
76 202 1
76 232 1
76 300 1
76 319 1
76 443 1
76 451 1
76 503 1
76 516 1
76 525 1
76 527 1
76 569 1
76 626 1
76 632 1
76 649 1
76 796 1
76 888 1
76 917 1
76 1213 1
76 1326 1
77 318 1
77 414 1
77 618 1
78 89 1
78 98 1
78 101 1
78 109 1
78 179 1
78 233 1
78 235 1
78 483 1
78 676 1
78 965 1
78 1141 1
78 1218 1
78 1314 1
79 100 1
79 320 1
79 408 1
79 533 1
79 702 1
79 893 1
79 1147 1
79 1294 1
79 1410 1
80 232 1
80 247 1
80 255 1
80 417 1
80 636 1
80 692 1
80 702 1
80 797 1
80 1008 1
80 1100 1
80 1396 1
80 1490 1
81 114 1
81 224 1
81 339 1
81 341 1
81 399 1
81 470 1
81 508 1
81 599 1
81 716 1
82 217 1
82 451 1
82 745 1
82 766 1
83 246 1
83 499 1
83 539 1
83 555 1
83 1064 1
83 1092 1
83 1214 1
84 98 1
84 104 1
84 108 1
84 161 1
84 164 1
84 217 1
84 270 1
84 291 1
84 343 1
84 401 1
84 423 1
84 429 1
84 508 1
84 653 1
84 660 1
84 789 1
84 805 1
84 840 1
84 894 1
84 927 1
84 947 1
84 970 1
84 1009 1
84 1018 1
84 1194 1
84 1285 1
84 1379 1
84 1394 1
84 1442 1
85 96 1
85 130 1
85 228 1
85 322 1
85 351 1
85 424 1
85 444 1
85 455 1
85 463 1
85 478 1
85 603 1
85 622 1
85 682 1
85 685 1
85 858 1
85 864 1
85 865 1
85 967 1
85 1001 1
85 1002 1
85 1152 1
85 1202 1
85 1255 1
85 1327 1
85 1328 1
85 1367 1
85 1382 1
85 1416 1
85 1494 1
86 113 1
86 139 1
86 750 1
87 136 1
87 141 1
87 208 1
87 230 1
87 268 1
87 275 1
87 367 1
87 449 1
87 468 1
87 598 1
87 647 1
87 699 1
87 719 1
87 1130 1
87 1283 1
87 1290 1
87 1307 1
87 1466 1
88 182 1
88 260 1
88 272 1
88 458 1
88 671 1
88 763 1
88 985 1
88 1064 1
88 1150 1
88 1462 1
88 1467 1
89 104 1
89 252 1
89 264 1
89 279 1
89 418 1
89 678 1
89 1035 1
89 1203 1
89 1220 1
89 1371 1
89 1448 1
90 270 1
90 294 1
90 432 1
90 433 1
90 457 1
90 608 1
90 681 1
90 750 1
90 795 1
90 960 1
90 1061 1
90 1124 1
90 1181 1
90 1214 1
90 1266 1
90 1401 1
91 210 1
91 244 1
91 290 1
91 304 1
91 438 1
91 699 1
91 718 1
91 804 1
91 806 1
91 1300 1
91 1356 1
92 101 1
92 113 1
92 139 1
92 174 1
92 180 1
92 198 1
92 225 1
92 239 1
92 269 1
92 284 1
92 305 1
92 394 1
92 441 1
92 449 1
92 505 1
92 593 1
92 610 1
92 759 1
92 761 1
92 852 1
92 1022 1
92 1082 1
92 1106 1
92 1145 1
92 1146 1
93 151 1
93 164 1
93 168 1
93 180 1
93 287 1
93 291 1
93 328 1
93 594 1
93 664 1
93 763 1
93 1080 1
93 1150 1
93 1181 1
93 1312 1
93 1328 1
94 303 1
94 353 1
94 385 1
94 488 1
94 535 1
94 687 1
94 829 1
94 830 1
94 863 1
94 886 1
94 932 1
94 1065 1
94 1139 1
94 1162 1
94 1186 1
95 123 1
95 180 1
95 621 1
95 670 1
95 936 1
96 140 1
96 160 1
96 173 1
96 263 1
96 283 1
96 286 1
96 292 1
96 342 1
96 355 1
96 367 1
96 426 1
96 436 1
96 514 1
96 560 1
96 570 1
96 574 1
96 652 1
96 667 1
96 687 1
96 909 1
96 1017 1
96 1190 1
96 1254 1
97 158 1
97 175 1
98 107 1
98 118 1
98 444 1
98 622 1
98 1026 1
98 1154 1
98 1157 1
98 1245 1
98 1369 1
99 369 1
99 373 1
99 464 1
99 469 1
99 490 1
99 550 1
99 557 1
99 647 1
99 731 1
99 781 1
99 820 1
99 896 1
99 1079 1
99 1097 1
99 1105 1
99 1197 1
100 224 1
100 339 1
100 840 1
100 900 1
100 1168 1
100 1181 1
101 122 1
101 179 1
101 215 1
101 583 1
101 809 1
101 876 1
101 1151 1
101 1265 1
101 1378 1
102 155 1
102 160 1
102 187 1
102 206 1
102 236 1
102 267 1
102 272 1
102 282 1
102 284 1
102 285 1
102 288 1
102 362 1
102 441 1
102 501 1
102 553 1
102 568 1
102 595 1
102 655 1
102 738 1
102 956 1
102 985 1
102 992 1
102 1010 1
102 1081 1
102 1150 1
102 1207 1
102 1283 1
102 1421 1
102 1457 1
102 1469 1
103 111 1
103 133 1
103 149 1
103 158 1
103 162 1
103 194 1
103 230 1
103 278 1
103 285 1
103 390 1
103 393 1
103 428 1
103 442 1
103 452 1
103 476 1
103 479 1
103 650 1
103 699 1
103 705 1
103 923 1
103 1019 1
103 1088 1
103 1193 1
103 1486 1
104 152 1
104 515 1
104 520 1
104 922 1
104 971 1
104 1152 1
105 126 1
105 129 1
105 174 1
105 485 1
105 688 1
105 747 1
105 772 1
105 961 1
105 966 1
105 1179 1
105 1184 1
105 1250 1
105 1471 1
105 1493 1
106 313 1
106 360 1
106 1211 1
106 1302 1
106 1435 1
107 290 1
107 406 1
107 458 1
107 695 1
107 788 1
107 829 1
107 840 1
107 1042 1
107 1359 1
107 1445 1
108 130 1
108 147 1
108 942 1
108 957 1
109 190 1
109 206 1
109 349 1
109 393 1
109 698 1
109 700 1
109 898 1
109 956 1
109 1074 1
109 1081 1
109 1193 1
110 137 1
110 153 1
110 172 1
110 216 1
110 235 1
110 253 1
110 255 1
110 261 1
110 308 1
110 312 1
110 326 1
110 340 1
110 363 1
110 382 1
110 412 1
110 436 1
110 498 1
110 589 1
110 602 1
110 661 1
110 714 1
110 748 1
110 773 1
110 807 1
110 860 1
110 864 1
110 900 1
110 1021 1
110 1078 1
110 1097 1
110 1110 1
110 1120 1
110 1128 1
110 1201 1
110 1208 1
110 1326 1
110 1384 1
110 1399 1
110 1417 1
110 1425 1
110 1481 1
110 1494 1
110 1498 1
111 121 1
111 128 1
111 294 1
111 645 1
111 735 1
111 828 1
111 851 1
111 1097 1
111 1347 1
111 1351 1
111 1403 1
112 130 1
112 144 1
112 207 1
112 209 1
112 250 1
112 311 1
112 365 1
112 582 1
112 596 1
112 725 1
112 766 1
112 826 1
112 863 1
112 867 1
112 1123 1
112 1277 1
112 1281 1
112 1282 1
112 1315 1
112 1364 1
113 150 1
113 182 1
113 601 1
113 653 1
113 693 1
113 715 1
113 745 1
113 752 1
113 1387 1
114 141 1
114 159 1
114 163 1
114 182 1
114 227 1
114 425 1
114 444 1
114 634 1
114 787 1
114 1225 1
114 1237 1
114 1406 1
114 1407 1
115 167 1
115 473 1
115 479 1
115 975 1
115 1188 1
115 1382 1
115 1487 1
116 117 1
116 120 1
116 131 1
116 163 1
116 185 1
116 264 1
116 276 1
116 307 1
116 341 1
116 386 1
116 432 1
116 468 1
116 470 1
116 504 1
116 557 1
116 590 1
116 619 1
116 641 1
116 824 1
116 877 1
116 897 1
116 981 1
116 994 1
116 1039 1
116 1090 1
116 1141 1
116 1167 1
116 1178 1
116 1298 1
116 1361 1
116 1389 1
116 1402 1
116 1428 1
117 124 1
117 131 1
117 134 1
117 150 1
117 165 1
117 175 1
117 187 1
117 203 1
117 215 1
117 242 1
117 277 1
117 373 1
117 404 1
117 461 1
117 466 1
117 518 1
117 522 1
117 546 1
117 623 1
117 758 1
117 911 1
117 1071 1
117 1154 1
117 1313 1
117 1351 1
117 1368 1
117 1443 1
118 158 1
118 304 1
118 353 1
119 129 1
119 161 1
119 213 1
119 415 1
119 637 1
119 678 1
119 824 1
119 859 1
119 1031 1
119 1079 1
119 1090 1
119 1115 1
119 1169 1
120 122 1
120 128 1
120 170 1
120 192 1
120 372 1
120 403 1
120 416 1
120 478 1
120 513 1
120 531 1
120 581 1
120 638 1
120 690 1
120 701 1
120 798 1
120 891 1
120 1011 1
120 1097 1
120 1132 1
120 1135 1
120 1201 1
121 896 1
121 954 1
121 992 1
121 1065 1
122 172 1
122 232 1
122 335 1
122 337 1
122 419 1
122 426 1
122 503 1
122 716 1
122 759 1
122 929 1
122 1313 1
123 253 1
123 276 1
123 321 1
123 390 1
123 402 1
123 412 1
123 455 1
123 459 1
123 485 1
123 505 1
123 517 1
123 644 1
123 674 1
123 728 1
123 775 1
123 854 1
123 1029 1
123 1101 1
123 1111 1
123 1317 1
123 1341 1
123 1415 1
123 1448 1
123 1464 1
124 222 1
124 245 1
124 1261 1
125 131 1
125 225 1
125 315 1
125 316 1
125 379 1
125 431 1
125 491 1
125 633 1
125 801 1
125 991 1
125 1091 1
125 1134 1
126 506 1
126 636 1
127 166 1
127 245 1
127 494 1
127 503 1
127 1007 1
127 1106 1
127 1138 1
127 1185 1
128 130 1
128 169 1
128 188 1
128 205 1
128 350 1
128 421 1
128 472 1
128 810 1
128 979 1
128 1458 1
128 1494 1
129 147 1
129 204 1
129 387 1
129 437 1
129 637 1
129 701 1
129 734 1
129 786 1
129 875 1
129 876 1
129 1320 1
129 1440 1
130 181 1
130 316 1
130 460 1
130 567 1
130 767 1
130 807 1
130 817 1
130 1069 1
130 1461 1
131 144 1
131 208 1
131 284 1
131 297 1
131 663 1
131 916 1
131 1079 1
131 1117 1
131 1138 1
131 1198 1
131 1371 1
131 1483 1
131 1488 1
131 1490 1
132 194 1
132 272 1
132 323 1
132 517 1
132 1311 1
133 149 1
133 196 1
133 266 1
133 281 1
133 330 1
133 376 1
133 398 1
133 422 1
133 428 1
133 563 1
133 750 1
133 821 1
133 854 1
133 991 1
133 1163 1
133 1386 1
134 340 1
134 574 1
134 754 1
134 1455 1
135 212 1
135 448 1
135 543 1
135 757 1
135 797 1
135 1035 1
135 1162 1
135 1286 1
135 1309 1
135 1343 1
136 1096 1
137 167 1
137 230 1
137 264 1
137 401 1
137 497 1
137 708 1
137 1351 1
137 1468 1
138 166 1
138 271 1
138 280 1
138 385 1
138 432 1
138 473 1
138 669 1
138 936 1
138 1069 1
139 156 1
139 204 1
139 225 1
139 254 1
139 520 1
139 926 1
139 1432 1
140 145 1
140 627 1
141 307 1
141 473 1
141 661 1
142 255 1
143 203 1
143 246 1
143 273 1
143 381 1
143 405 1
143 703 1
143 711 1
143 741 1
143 822 1
143 1042 1
143 1165 1
144 226 1
144 236 1
144 307 1
144 332 1
144 704 1
144 1108 1
144 1171 1
144 1186 1
145 317 1
145 335 1
145 405 1
145 738 1
146 258 1
146 308 1
146 551 1
146 606 1
146 853 1
146 882 1
146 972 1
146 1006 1
146 1156 1
147 236 1
147 851 1
147 1195 1
148 266 1
148 808 1
148 834 1
149 263 1
149 301 1
149 451 1
149 562 1
149 793 1
149 976 1
149 978 1
149 1131 1
149 1301 1
149 1356 1
150 176 1
150 370 1
150 467 1
150 972 1
150 1174 1
150 1499 1
151 364 1
151 816 1
151 986 1
152 186 1
152 208 1
152 768 1
152 865 1
152 1170 1
153 231 1
153 330 1
153 346 1
153 357 1
153 406 1
153 415 1
153 426 1
153 479 1
153 503 1
153 539 1
153 621 1
153 639 1
153 729 1
153 807 1
153 875 1
153 949 1
153 1038 1
153 1043 1
153 1094 1
153 1098 1
153 1407 1
154 156 1
154 198 1
154 269 1
154 321 1
154 365 1
154 559 1
154 585 1
154 742 1
154 762 1
154 1076 1
154 1140 1
154 1321 1
154 1405 1
155 177 1
155 268 1
155 288 1
155 530 1
155 747 1
155 1118 1
155 1158 1
155 1164 1
155 1413 1
155 1430 1
155 1431 1
156 159 1
156 204 1
156 223 1
156 234 1
156 325 1
156 351 1
156 477 1
156 559 1
156 776 1
156 793 1
156 819 1
156 1269 1
156 1426 1
156 1449 1
157 603 1
157 1372 1
158 379 1
158 447 1
158 777 1
158 1452 1
159 306 1
159 326 1
159 339 1
159 417 1
159 455 1
159 579 1
159 616 1
159 651 1
159 1412 1
160 930 1
160 1401 1
161 279 1
161 371 1
161 472 1
161 494 1
161 834 1
161 1020 1
161 1026 1
162 286 1
162 407 1
162 436 1
162 479 1
162 562 1
162 592 1
162 644 1
162 705 1
162 727 1
162 731 1
162 796 1
162 856 1
162 863 1
162 1022 1
162 1135 1
162 1164 1
162 1482 1
163 180 1
163 234 1
163 1254 1
164 225 1
164 439 1
164 482 1
164 561 1
164 709 1
164 1040 1
164 1427 1
165 179 1
165 201 1
165 614 1
165 630 1
165 741 1
165 1075 1
165 1173 1
165 1340 1
165 1500 1
166 195 1
166 219 1
166 324 1
166 409 1
166 548 1
166 574 1
166 824 1
166 1215 1
166 1313 1
167 169 1
167 328 1
167 568 1
167 609 1
167 630 1
167 688 1
167 831 1
168 198 1
168 332 1
168 387 1
168 429 1
168 662 1
168 667 1
168 802 1
169 393 1
169 398 1
169 591 1
169 734 1
169 814 1
169 826 1
169 1060 1
169 1449 1
170 333 1
170 407 1
170 423 1
170 715 1
170 1014 1
170 1121 1
170 1125 1
170 1174 1
170 1434 1
171 191 1
171 1048 1
172 341 1
172 899 1
173 220 1
173 469 1
173 596 1
173 899 1
174 237 1
174 366 1
174 541 1
174 554 1
174 732 1
174 776 1
174 1113 1
174 1360 1
175 186 1
175 199 1
175 211 1
175 439 1
175 540 1
175 750 1
175 778 1
175 785 1
175 1104 1
175 1205 1
175 1227 1
176 273 1
176 319 1
176 331 1
176 671 1
176 890 1
176 1415 1
176 1498 1
177 244 1
177 247 1
177 296 1
177 354 1
177 498 1
177 537 1
177 563 1
177 574 1
177 595 1
177 598 1
177 1135 1
177 1226 1
178 241 1
178 305 1
178 363 1
178 370 1
178 404 1
178 416 1
178 463 1
178 489 1
178 621 1
178 930 1
178 998 1
178 1049 1
178 1054 1
178 1059 1
178 1108 1
178 1250 1
178 1264 1
179 207 1
179 390 1
179 701 1
179 889 1
179 918 1
179 1240 1
179 1344 1
180 486 1
180 526 1
180 643 1
180 1279 1
181 300 1
181 374 1
181 544 1
181 594 1
181 755 1
181 794 1
181 873 1
181 928 1
181 1126 1
182 227 1
182 368 1
182 445 1
182 607 1
182 686 1
182 794 1
182 1063 1
182 1247 1
182 1368 1
183 707 1
184 212 1
184 217 1
184 372 1
184 657 1
184 714 1
184 1460 1
184 1488 1
185 240 1
185 271 1
185 293 1
185 366 1
185 515 1
185 642 1
185 825 1
185 901 1
185 1012 1
185 1358 1
186 188 1
186 237 1
186 268 1
186 269 1
186 918 1
186 944 1
186 1220 1
187 193 1
187 247 1
187 397 1
187 476 1
187 556 1
187 664 1
187 884 1
187 1425 1
188 302 1
188 602 1
189 356 1
189 472 1
189 484 1
189 544 1
189 813 1
189 945 1
189 1212 1
189 1269 1
189 1315 1
189 1320 1
189 1329 1
189 1341 1
190 224 1
190 235 1
190 460 1
190 497 1
190 631 1
190 704 1
190 713 1
190 889 1
190 1317 1
191 355 1
191 369 1
191 1024 1
192 275 1
192 288 1
192 359 1
192 391 1
192 799 1
192 995 1
192 1030 1
192 1067 1
192 1148 1
192 1244 1
192 1290 1
193 209 1
194 261 1
194 272 1
194 442 1
194 560 1
194 583 1
194 738 1
194 1047 1
194 1103 1
195 201 1
195 230 1
195 401 1
195 528 1
195 551 1
195 658 1
195 712 1
195 719 1
195 780 1
195 1045 1
195 1064 1
195 1121 1
195 1296 1
195 1466 1
196 328 1
196 329 1
196 450 1
196 564 1
196 711 1
196 726 1
196 744 1
196 751 1
196 837 1
196 891 1
196 931 1
196 1400 1
196 1426 1
198 201 1
198 518 1
198 1077 1
198 1280 1
199 219 1
199 249 1
199 383 1
199 464 1
199 536 1
199 556 1
199 806 1
199 845 1
199 880 1
199 927 1
200 285 1
200 315 1
200 323 1
200 336 1
200 364 1
200 375 1
200 403 1
200 457 1
200 495 1
200 721 1
200 758 1
200 996 1
200 1023 1
200 1080 1
201 211 1
201 234 1
201 248 1
201 255 1
201 274 1
201 281 1
201 342 1
201 372 1
201 607 1
201 756 1
201 834 1
201 857 1
201 1149 1
201 1272 1
201 1381 1
201 1433 1
202 211 1
202 212 1
202 224 1
202 274 1
202 324 1
202 658 1
202 703 1
202 919 1
202 1179 1
202 1234 1
202 1431 1
202 1437 1
203 278 1
203 347 1
203 705 1
203 784 1
203 913 1
203 1216 1
203 1394 1
204 265 1
204 908 1
205 253 1
205 336 1
205 454 1
205 658 1
205 684 1
205 687 1
205 756 1
205 762 1
205 843 1
205 1074 1
205 1118 1
205 1261 1
205 1411 1
205 1453 1
206 336 1
206 352 1
206 893 1
206 948 1
207 491 1
207 558 1
207 633 1
207 674 1
207 689 1
207 1173 1
207 1245 1
207 1273 1
207 1292 1
208 245 1
208 606 1
208 631 1
208 779 1
208 970 1
208 1116 1
208 1309 1
208 1370 1
209 370 1
209 388 1
209 525 1
209 529 1
209 612 1
209 639 1
209 687 1
209 737 1
209 759 1
209 774 1
209 1149 1
209 1209 1
209 1243 1
209 1373 1
209 1379 1
210 317 1
210 587 1
211 257 1
211 558 1
211 642 1
211 792 1
211 947 1
211 1071 1
211 1106 1
212 385 1
212 577 1
212 900 1
212 946 1
212 1403 1
213 323 1
213 471 1
213 509 1
213 533 1
213 584 1
213 623 1
213 865 1
213 992 1
214 425 1
214 465 1
214 628 1
214 639 1
214 745 1
214 761 1
214 812 1
214 1083 1
214 1392 1
215 584 1
216 279 1
216 459 1
217 259 1
217 291 1
217 392 1
217 898 1
217 1251 1
217 1363 1
218 248 1
218 473 1
218 536 1
218 628 1
218 1058 1
219 357 1
219 680 1
219 1227 1
220 306 1
220 440 1
220 446 1
220 612 1
220 630 1
220 677 1
220 1247 1
220 1249 1
220 1316 1
221 400 1
222 348 1
222 350 1
222 530 1
222 904 1
222 1093 1
222 1344 1
223 573 1
223 748 1
223 893 1
223 1073 1
223 1151 1
223 1195 1
224 433 1
224 552 1
224 597 1
224 995 1
224 1066 1
224 1308 1
224 1367 1
225 271 1
225 339 1
225 760 1
226 237 1
226 299 1
226 464 1
226 575 1
226 748 1
226 866 1
226 1145 1
227 496 1
227 583 1
227 802 1
227 969 1
227 1115 1
228 282 1
228 523 1
228 683 1
228 694 1
229 586 1
229 903 1
230 238 1
230 257 1
230 278 1
230 302 1
230 943 1
230 1078 1
231 386 1
231 446 1
231 621 1
231 729 1
231 783 1
231 1310 1
231 1370 1
232 256 1
232 267 1
232 298 1
232 335 1
232 393 1
232 428 1
232 471 1
232 600 1
232 612 1
232 1143 1
232 1234 1
232 1327 1
232 1476 1
233 301 1
233 329 1
233 356 1
233 362 1
233 439 1
233 553 1
233 672 1
233 731 1
233 867 1
233 874 1
233 938 1
234 495 1
234 680 1
234 756 1
234 848 1
234 866 1
234 919 1
234 1348 1
235 327 1
235 331 1
235 626 1
235 813 1
235 1037 1
235 1332 1
236 400 1
236 423 1
236 435 1
236 506 1
236 523 1
236 841 1
236 852 1
236 875 1
236 880 1
236 1377 1
236 1485 1
237 647 1
237 1204 1
237 1289 1
238 298 1
238 356 1
238 422 1
238 660 1
238 842 1
239 470 1
239 608 1
239 1095 1
239 1149 1
240 244 1
240 1089 1
240 1310 1
241 412 1
241 521 1
241 536 1
241 642 1
241 1143 1
241 1299 1
241 1317 1
241 1441 1
242 446 1
242 465 1
242 514 1
242 528 1
242 740 1
242 827 1
242 1091 1
242 1349 1
243 250 1
243 258 1
243 275 1
243 277 1
243 346 1
243 364 1
243 396 1
243 397 1
243 409 1
243 421 1
243 557 1
243 599 1
243 791 1
243 907 1
243 910 1
243 1051 1
243 1185 1
243 1222 1
243 1267 1
243 1268 1
243 1405 1
243 1497 1
244 309 1
244 602 1
244 726 1
244 735 1
244 1160 1
244 1213 1
246 269 1
246 340 1
246 375 1
246 380 1
246 649 1
246 807 1
246 1229 1
246 1231 1
246 1267 1
246 1427 1
247 268 1
247 332 1
247 828 1
247 846 1
247 921 1
247 1283 1
247 1492 1
248 326 1
248 648 1
248 656 1
248 751 1
248 842 1
248 868 1
248 1119 1
248 1298 1
249 382 1
249 471 1
249 569 1
249 659 1
249 770 1
249 843 1
249 861 1
249 904 1
249 949 1
249 1188 1
249 1321 1
249 1324 1
250 280 1
250 525 1
250 613 1
250 1370 1
251 265 1
251 441 1
251 821 1
252 345 1
252 425 1
252 1026 1
252 1045 1
252 1096 1
253 290 1
253 691 1
253 984 1
253 1107 1
254 283 1
254 540 1
254 576 1
254 618 1
254 677 1
254 722 1
254 787 1
254 830 1
254 1085 1
254 1153 1
254 1285 1
254 1297 1
255 287 1
255 406 1
255 430 1
255 516 1
255 550 1
255 570 1
255 608 1
255 659 1
255 739 1
255 784 1
255 993 1
255 1099 1
255 1440 1
256 333 1
256 355 1
256 377 1
256 384 1
256 631 1
256 635 1
256 724 1
256 905 1
256 931 1
256 1101 1
256 1105 1
256 1165 1
256 1264 1
257 376 1
257 646 1
257 729 1
257 1052 1
258 784 1
259 325 1
259 536 1
259 1098 1
259 1347 1
260 395 1
260 500 1
260 573 1
260 589 1
260 618 1
260 736 1
260 792 1
260 1055 1
260 1266 1
260 1339 1
261 604 1
261 871 1
262 328 1
262 416 1
262 898 1
262 985 1
262 1066 1
262 1237 1
262 1305 1
262 1379 1
263 265 1
263 447 1
263 530 1
263 662 1
263 1017 1
263 1113 1
263 1287 1
264 293 1
264 312 1
264 565 1
264 566 1
264 628 1
264 935 1
264 964 1
264 1319 1
265 277 1
265 739 1
265 832 1
265 870 1
266 289 1
266 313 1
266 500 1
266 819 1
266 887 1
266 1136 1
266 1293 1
266 1398 1
267 316 1
267 430 1
267 726 1
267 913 1
267 1229 1
267 1331 1
267 1366 1
267 1432 1
268 317 1
268 641 1
268 643 1
268 659 1
268 968 1
268 1082 1
268 1363 1
269 477 1
269 646 1
269 850 1
269 858 1
269 959 1
270 309 1
270 318 1
270 374 1
270 417 1
270 430 1
270 437 1
270 468 1
270 499 1
270 523 1
270 538 1
270 545 1
270 546 1
270 768 1
270 802 1
270 844 1
270 879 1
270 1082 1
270 1122 1
270 1135 1
270 1165 1
270 1215 1
270 1343 1
271 298 1
271 320 1
271 352 1
271 401 1
271 419 1
271 653 1
271 1221 1
271 1262 1
272 308 1
272 1419 1
273 277 1
273 632 1
273 862 1
274 552 1
275 399 1
275 578 1
275 683 1
275 1380 1
276 1347 1
276 1478 1
277 394 1
277 782 1
277 800 1
277 955 1
277 969 1
277 1164 1
277 1352 1
278 377 1
278 381 1
278 389 1
278 392 1
278 450 1
278 508 1
278 648 1
278 920 1
278 1194 1
278 1276 1
279 358 1
279 431 1
279 771 1
279 1031 1
279 1052 1
279 1074 1
279 1163 1
279 1240 1
280 294 1
280 427 1
280 520 1
280 535 1
280 652 1
280 662 1
280 663 1
280 755 1
280 939 1
280 1036 1
280 1069 1
280 1150 1
280 1293 1
281 737 1
281 1364 1
282 303 1
282 394 1
282 410 1
282 800 1
282 941 1
282 1003 1
282 1040 1
282 1136 1
282 1392 1
283 984 1
283 1470 1
284 384 1
284 450 1
284 560 1
284 561 1
284 843 1
284 954 1
284 1131 1
285 319 1
285 411 1
285 446 1
285 487 1
285 527 1
285 623 1
285 823 1
285 828 1
285 918 1
285 1305 1
286 434 1
286 696 1
286 1248 1
286 1410 1
286 1454 1
287 447 1
287 578 1
287 797 1
287 1345 1
287 1352 1
288 325 1
288 356 1
288 492 1
288 1083 1
290 579 1
290 743 1
290 1113 1
291 581 1
291 584 1
291 677 1
291 700 1
291 1225 1
291 1430 1
293 937 1
293 1481 1
294 304 1
294 306 1
294 343 1
294 421 1
294 436 1
294 483 1
294 518 1
294 553 1
294 646 1
294 704 1
294 742 1
294 769 1
294 887 1
294 1058 1
294 1341 1
295 1239 1
296 380 1
296 410 1
296 428 1
296 502 1
296 506 1
296 901 1
296 920 1
296 953 1
296 1187 1
296 1388 1
296 1482 1
297 1107 1
297 1340 1
297 1410 1
298 327 1
298 611 1
298 1354 1
299 403 1
299 461 1
299 480 1
299 566 1
299 697 1
299 814 1
299 925 1
299 940 1
299 961 1
299 1032 1
299 1184 1
300 796 1
301 315 1
301 351 1
301 378 1
301 421 1
301 457 1
301 717 1
301 734 1
301 833 1
301 878 1
301 1334 1
302 345 1
302 466 1
302 558 1
302 667 1
302 676 1
302 720 1
302 803 1
302 1030 1
303 387 1
303 617 1
303 1055 1
304 311 1
304 403 1
305 410 1
305 846 1
305 983 1
305 989 1
305 1269 1
305 1402 1
307 313 1
307 481 1
307 486 1
307 495 1
307 731 1
307 1210 1
307 1276 1
307 1358 1
308 321 1
308 730 1
308 861 1
309 448 1
309 558 1
309 881 1
309 1005 1
309 1104 1
309 1222 1
309 1336 1
309 1473 1
309 1496 1
310 849 1
310 912 1
310 1044 1
310 1219 1
311 749 1
311 859 1
312 910 1
312 1116 1
312 1128 1
313 361 1
313 491 1
313 717 1
313 975 1
313 1132 1
313 1256 1
314 338 1
314 445 1
314 566 1
314 628 1
314 777 1
314 912 1
314 1025 1
315 740 1
315 1000 1
316 378 1
316 398 1
316 685 1
316 1189 1
316 1305 1
316 1344 1
317 512 1
317 607 1
317 673 1
317 1092 1
317 1467 1
319 640 1
319 708 1
319 809 1
319 1221 1
319 1249 1
320 373 1
320 727 1
320 1159 1
321 611 1
321 708 1
321 744 1
321 847 1
321 940 1
321 1499 1
322 367 1
322 449 1
322 790 1
322 832 1
322 1243 1
322 1405 1
323 809 1
323 1230 1
324 375 1
324 395 1
324 632 1
324 690 1
324 773 1
324 774 1
324 1062 1
324 1426 1
324 1499 1
324 1500 1
325 547 1
325 620 1
325 1002 1
325 1079 1
325 1121 1
325 1258 1
325 1275 1
325 1321 1
326 1021 1
326 1325 1
326 1434 1
326 1439 1
327 679 1
327 1318 1
328 1119 1
330 361 1
330 390 1
330 433 1
330 538 1
330 594 1
330 912 1
330 984 1
330 989 1
331 399 1
331 868 1
331 994 1
331 1137 1
331 1348 1
332 507 1
332 617 1
332 620 1
332 1394 1
333 1100 1
334 349 1
334 399 1
334 532 1
334 673 1
334 719 1
334 1057 1
334 1480 1
335 354 1
335 955 1
335 1257 1
336 451 1
336 739 1
337 787 1
338 430 1
338 749 1
338 785 1
338 1193 1
338 1303 1
338 1323 1
338 1336 1
339 836 1
339 1114 1
339 1126 1
340 352 1
340 369 1
340 593 1
340 658 1
340 662 1
341 966 1
341 1008 1
341 1029 1
342 409 1
342 1070 1
342 1342 1
342 1385 1
343 383 1
343 799 1
343 851 1
344 988 1
344 1111 1
344 1295 1
344 1475 1
345 520 1
345 870 1
345 1341 1
345 1461 1
346 768 1
346 884 1
346 1090 1
346 1314 1
347 454 1
347 547 1
347 1260 1
348 397 1
348 498 1
348 502 1
348 524 1
348 696 1
348 829 1
348 1190 1
350 389 1
350 600 1
350 1229 1
350 1436 1
351 441 1
351 712 1
351 808 1
351 1224 1
351 1282 1
351 1332 1
352 946 1
353 548 1
353 675 1
353 777 1
353 1045 1
353 1191 1
354 371 1
354 482 1
354 512 1
354 564 1
354 580 1
354 753 1
354 952 1
354 958 1
354 1058 1
355 925 1
355 1167 1
355 1389 1
356 581 1
358 379 1
358 460 1
358 955 1
358 1198 1
358 1335 1
359 804 1
359 996 1
359 1185 1
359 1271 1
360 876 1
362 605 1
362 622 1
362 722 1
362 774 1
362 841 1
362 1220 1
362 1466 1
363 785 1
363 870 1
364 583 1
364 775 1
364 1046 1
364 1119 1
365 1402 1
366 569 1
366 919 1
366 944 1
366 1128 1
366 1365 1
367 456 1
367 570 1
367 623 1
367 1486 1
368 754 1
368 911 1
368 1111 1
368 1367 1
368 1423 1
369 461 1
369 475 1
369 568 1
369 682 1
369 802 1
369 848 1
369 929 1
369 1454 1
369 1467 1
370 650 1
370 913 1
370 1009 1
370 1027 1
370 1153 1
371 443 1
371 480 1
371 586 1
371 820 1
371 853 1
371 911 1
371 937 1
371 1056 1
371 1255 1
371 1331 1
372 452 1
372 846 1
372 1085 1
372 1277 1
373 510 1
374 511 1
374 606 1
374 632 1
374 762 1
374 923 1
374 952 1
375 532 1
375 617 1
375 720 1
375 983 1
375 1245 1
376 1387 1
377 471 1
377 1050 1
378 634 1
378 866 1
378 1117 1
378 1211 1
379 620 1
379 634 1
380 1240 1
381 418 1
381 460 1
381 1179 1
381 1418 1
382 1051 1
382 1274 1
383 384 1
383 386 1
383 960 1
384 502 1
384 597 1
384 1188 1
384 1281 1
384 1369 1
385 465 1
385 689 1
385 820 1
385 862 1
385 1013 1
385 1044 1
385 1211 1
386 475 1
386 789 1
386 1190 1
386 1316 1
388 620 1
388 1035 1
388 1151 1
388 1491 1
388 1495 1
389 554 1
389 817 1
389 1175 1
390 603 1
390 736 1
390 907 1
390 987 1
390 1020 1
390 1216 1
390 1478 1
391 518 1
391 577 1
391 1236 1
391 1332 1
391 1414 1
393 672 1
393 681 1
393 736 1
393 1049 1
393 1465 1
393 1491 1
394 598 1
394 684 1
394 823 1
394 1209 1
394 1241 1
394 1434 1
394 1447 1
395 541 1
395 664 1
395 862 1
395 1009 1
395 1082 1
395 1443 1
396 440 1
396 443 1
396 779 1
396 927 1
397 657 1
397 1442 1
398 847 1
398 1292 1
399 850 1
399 899 1
399 1464 1
400 443 1
400 1175 1
400 1234 1
400 1438 1
401 411 1
401 467 1
401 720 1
402 453 1
402 509 1
402 550 1
402 640 1
402 744 1
402 764 1
402 939 1
402 1284 1
402 1439 1
403 404 1
403 588 1
403 589 1
403 718 1
403 880 1
403 1124 1
403 1225 1
403 1302 1
404 665 1
404 808 1
404 836 1
404 1391 1
404 1412 1
405 541 1
405 543 1
405 753 1
405 1206 1
405 1353 1
405 1398 1
406 535 1
406 1076 1
406 1472 1
407 858 1
408 605 1
408 755 1
408 957 1
408 1040 1
409 929 1
409 1140 1
409 1345 1
410 531 1
410 821 1
410 1238 1
410 1322 1
410 1367 1
412 557 1
412 717 1
412 907 1
412 1173 1
413 442 1
413 644 1
413 1021 1
413 1246 1
414 514 1
414 827 1
414 914 1
414 1176 1
415 733 1
415 737 1
415 989 1
415 1232 1
416 528 1
416 565 1
416 625 1
416 826 1
416 1043 1
416 1083 1
416 1130 1
416 1224 1
416 1365 1
416 1390 1
417 916 1
417 1127 1
418 427 1
418 611 1
418 625 1
418 779 1
418 1273 1
419 615 1
419 648 1
419 694 1
420 561 1
420 1356 1
421 629 1
421 1455 1
422 600 1
422 713 1
422 895 1
422 1088 1
422 1099 1
423 649 1
423 1084 1
424 799 1
424 1028 1
424 1228 1
425 484 1
425 501 1
425 598 1
425 1156 1
426 499 1
426 563 1
426 735 1
426 873 1
426 1076 1
427 614 1
427 803 1
427 981 1
427 1045 1
427 1297 1
428 467 1
428 842 1
428 1267 1
429 498 1
429 510 1
429 575 1
429 668 1
429 803 1
429 980 1
429 1132 1
429 1372 1
430 549 1
430 627 1
430 714 1
430 826 1
430 855 1
430 921 1
430 1026 1
430 1473 1
431 1199 1
431 1462 1
432 487 1
432 512 1
432 1059 1
432 1310 1
433 462 1
433 653 1
433 977 1
433 1376 1
433 1488 1
434 480 1
434 591 1
434 885 1
434 946 1
434 1439 1
435 564 1
435 659 1
435 722 1
436 1072 1
437 853 1
437 1056 1
437 1421 1
438 758 1
438 762 1
438 1325 1
438 1357 1
438 1406 1
439 613 1
439 1043 1
439 1432 1
440 535 1
440 884 1
440 1032 1
441 448 1
441 810 1
442 782 1
442 893 1
442 982 1
443 523 1
443 539 1
443 809 1
443 878 1
443 892 1
443 1487 1
445 823 1
445 1017 1
446 867 1
446 1041 1
446 1260 1
447 654 1
447 811 1
447 1360 1
448 491 1
448 769 1
448 933 1
448 1253 1
448 1463 1
449 793 1
449 825 1
450 489 1
450 730 1
450 815 1
450 919 1
450 1063 1
450 1186 1
450 1465 1
451 672 1
451 1062 1
451 1319 1
452 781 1
452 1249 1
453 1148 1
453 1177 1
453 1428 1
454 505 1
454 572 1
454 670 1
454 738 1
454 743 1
454 1059 1
454 1126 1
454 1429 1
455 630 1
455 902 1
455 1125 1
456 571 1
456 624 1
456 669 1
456 877 1
456 975 1
456 1160 1
456 1424 1
457 863 1
457 1219 1
458 492 1
458 878 1
458 1493 1
459 571 1
459 871 1
459 890 1
459 1483 1
460 545 1
460 747 1
461 1029 1
461 1196 1
461 1374 1
461 1397 1
462 869 1
462 876 1
463 585 1
463 649 1
463 772 1
463 957 1
463 1386 1
464 660 1
464 727 1
464 781 1
464 937 1
464 954 1
464 1054 1
464 1106 1
465 533 1
466 472 1
466 1180 1
466 1243 1
467 608 1
467 680 1
467 725 1
468 758 1
468 773 1
468 1352 1
469 579 1
469 803 1
469 882 1
471 551 1
471 995 1
471 1007 1
471 1024 1
471 1033 1
473 540 1
473 666 1
473 718 1
473 936 1
473 1067 1
473 1251 1
473 1396 1
473 1479 1
473 1496 1
474 1304 1
475 684 1
475 1236 1
477 746 1
477 883 1
477 1198 1
477 1474 1
479 1263 1
480 867 1
480 1256 1
481 513 1
481 548 1
481 571 1
481 638 1
481 691 1
481 707 1
481 810 1
481 925 1
481 1129 1
482 576 1
482 847 1
482 1304 1
482 1343 1
482 1350 1
483 592 1
483 640 1
484 487 1
484 691 1
484 714 1
484 1161 1
485 651 1
485 883 1
485 1010 1
485 1044 1
485 1048 1
486 497 1
486 570 1
486 733 1
486 902 1
486 1108 1
486 1196 1
487 543 1
487 615 1
487 789 1
487 911 1
487 1487 1
488 1115 1
488 1303 1
489 507 1
489 596 1
489 1442 1
490 698 1
490 885 1
490 1204 1
490 1474 1
493 513 1
493 725 1
493 924 1
493 941 1
493 1343 1
493 1408 1
494 1005 1
495 636 1
495 637 1
495 791 1
495 933 1
497 934 1
497 1418 1
498 928 1
498 1093 1
499 502 1
499 1294 1
499 1446 1
499 1451 1
500 593 1
500 679 1
500 771 1
500 789 1
500 895 1
500 1398 1
501 588 1
501 742 1
501 773 1
501 896 1
501 1109 1
502 900 1
503 715 1
503 770 1
504 727 1
504 790 1
504 874 1
504 990 1
504 1187 1
504 1249 1
505 757 1
505 1094 1
505 1313 1
506 575 1
506 923 1
507 683 1
508 1424 1
509 1029 1
512 989 1
512 1143 1
512 1445 1
513 961 1
513 1329 1
514 958 1
515 584 1
515 791 1
515 851 1
516 553 1
516 988 1
516 1107 1
516 1154 1
517 800 1
517 1142 1
517 1145 1
517 1220 1
517 1254 1
517 1297 1
519 568 1
520 1242 1
520 1329 1
521 546 1
522 527 1
522 1041 1
522 1411 1
523 952 1
524 977 1
524 1397 1
526 631 1
526 705 1
526 1342 1
527 990 1
527 1193 1
528 882 1
528 1189 1
529 586 1
529 926 1
529 1080 1
529 1090 1
529 1177 1
529 1256 1
529 1328 1
530 545 1
530 569 1
530 590 1
530 643 1
530 822 1
530 849 1
530 987 1
530 1412 1
530 1479 1
531 1057 1
532 883 1
533 949 1
533 1011 1
533 1073 1
533 1242 1
534 1372 1
535 856 1
536 1214 1
537 538 1
537 1133 1
538 629 1
538 962 1
538 1037 1
538 1241 1
538 1360 1
539 604 1
539 1046 1
539 1065 1
539 1153 1
540 732 1
540 798 1
540 1010 1
540 1223 1
541 1144 1
541 1159 1
542 556 1
542 619 1
542 777 1
542 848 1
542 941 1
542 1277 1
543 1074 1
543 1296 1
544 547 1
544 751 1
544 768 1
544 772 1
544 934 1
544 1102 1
544 1157 1
544 1274 1
544 1338 1
545 778 1
545 860 1
545 864 1
545 868 1
545 974 1
545 990 1
545 1033 1
545 1073 1
545 1238 1
545 1497 1
546 576 1
546 706 1
546 1046 1
547 754 1
548 1301 1
549 886 1
549 1333 1
550 578 1
550 643 1
550 707 1
550 1481 1
551 605 1
551 685 1
552 575 1
552 638 1
552 1202 1
552 1322 1
554 833 1
554 1088 1
554 1268 1
556 565 1
556 669 1
556 1044 1
556 1109 1
556 1318 1
556 1490 1
557 559 1
557 656 1
557 860 1
557 1241 1
557 1457 1
558 795 1
558 967 1
558 1014 1
558 1201 1
558 1236 1
558 1327 1
558 1351 1
559 785 1
559 1171 1
559 1174 1
560 571 1
560 673 1
561 1025 1
561 1222 1
561 1494 1
562 576 1
563 779 1
563 782 1
563 1064 1
563 1112 1
563 1332 1
564 587 1
564 638 1
564 953 1
564 1143 1
564 1393 1
565 879 1
565 1100 1
567 1420 1
567 1461 1
567 1465 1
568 670 1
568 1014 1
569 715 1
569 717 1
569 999 1
569 1253 1
570 827 1
570 1134 1
571 695 1
571 763 1
572 668 1
572 839 1
572 868 1
572 990 1
573 1023 1
574 645 1
574 886 1
574 1415 1
574 1491 1
575 588 1
575 830 1
576 728 1
576 1113 1
576 1429 1
578 616 1
578 761 1
579 755 1
579 1011 1
579 1048 1
579 1460 1
580 814 1
580 950 1
580 968 1
580 1167 1
580 1197 1
580 1233 1
580 1407 1
581 1056 1
582 1180 1
583 702 1
583 815 1
583 1048 1
583 1322 1
584 892 1
586 908 1
586 959 1
586 1118 1
587 818 1
587 937 1
587 1170 1
587 1355 1
587 1395 1
587 1422 1
588 790 1
590 1328 1
592 1237 1
593 691 1
593 857 1
593 1255 1
593 1384 1
594 732 1
594 831 1
594 861 1
594 1134 1
594 1182 1
594 1298 1
594 1358 1
595 1189 1
596 601 1
598 792 1
598 816 1
598 1008 1
598 1110 1
599 782 1
599 819 1
599 973 1
599 1067 1
600 880 1
601 897 1
602 626 1
602 741 1
602 881 1
603 613 1
603 1068 1
603 1070 1
603 1095 1
603 1120 1
603 1446 1
604 654 1
604 711 1
604 874 1
604 974 1
604 1469 1
604 1480 1
605 787 1
605 940 1
605 1016 1
605 1179 1
605 1408 1
606 668 1
606 1136 1
607 958 1
608 1068 1
608 1242 1
608 1470 1
609 948 1
609 1003 1
609 1042 1
610 624 1
610 651 1
610 655 1
610 1482 1
611 641 1
611 1453 1
613 759 1
613 841 1
613 847 1
613 1380 1
614 790 1
614 924 1
614 1330 1
615 694 1
616 997 1
617 655 1
617 664 1
617 1051 1
617 1450 1
618 1054 1
618 1139 1
619 885 1
619 1125 1
619 1379 1
620 869 1
620 1053 1
620 1227 1
621 692 1
622 850 1
625 696 1
625 811 1
625 1248 1
626 652 1
626 764 1
626 924 1
626 954 1
626 1450 1
628 661 1
628 845 1
628 897 1
628 1278 1
628 1404 1
629 693 1
629 765 1
629 1195 1
630 778 1
630 804 1
630 815 1
630 875 1
630 1487 1
632 1104 1
633 693 1
634 746 1
634 950 1
634 1005 1
634 1126 1
634 1426 1
634 1437 1
634 1485 1
635 856 1
636 663 1
636 765 1
636 792 1
636 862 1
636 882 1
636 1110 1
636 1133 1
636 1215 1
637 837 1
638 770 1
638 970 1
638 1420 1
639 1385 1
639 1390 1
640 1077 1
640 1430 1
641 921 1
642 744 1
644 1339 1
645 786 1
646 1293 1
647 978 1
648 656 1
648 765 1
648 825 1
648 967 1
648 1041 1
648 1087 1
648 1146 1
648 1210 1
648 1355 1
648 1396 1
649 914 1
650 757 1
650 1078 1
650 1088 1
650 1347 1
651 704 1
651 707 1
651 721 1
651 794 1
651 844 1
651 915 1
651 1071 1
651 1433 1
652 897 1
652 1243 1
652 1475 1
653 873 1
653 980 1
653 1279 1
654 1240 1
658 670 1
658 978 1
658 1104 1
658 1223 1
658 1233 1
658 1486 1
659 678 1
660 781 1
661 1311 1
662 1004 1
663 1205 1
664 706 1
664 905 1
664 1103 1
665 776 1
666 917 1
666 1291 1
667 1423 1
668 1158 1
668 1297 1
668 1468 1
669 817 1
669 976 1
670 1083 1
670 1459 1
671 1063 1
672 796 1
672 821 1
672 906 1
672 1177 1
672 1420 1
673 1315 1
674 818 1
674 828 1
675 747 1
675 891 1
676 700 1
676 733 1
676 1223 1
678 688 1
678 956 1
678 1142 1
678 1275 1
678 1427 1
679 721 1
679 894 1
679 1031 1
679 1158 1
679 1451 1
680 1205 1
680 1380 1
681 810 1
681 1194 1
682 1395 1
683 780 1
684 1459 1
685 1311 1
685 1417 1
686 1411 1
687 743 1
687 871 1
687 951 1
687 993 1
687 1072 1
687 1423 1
688 805 1
688 939 1
688 982 1
688 1210 1
688 1393 1
689 1229 1
690 917 1
690 967 1
690 1012 1
690 1371 1
691 1009 1
691 1084 1
691 1156 1
691 1230 1
691 1359 1
692 783 1
692 965 1
693 812 1
695 1061 1
698 1438 1
700 1205 1
700 1422 1
700 1463 1
701 864 1
701 1132 1
702 844 1
702 877 1
702 1165 1
702 1373 1
702 1417 1
703 763 1
703 885 1
703 1263 1
704 837 1
704 874 1
704 935 1
704 1424 1
705 751 1
705 1306 1
705 1384 1
706 724 1
707 1065 1
707 1123 1
707 1464 1
708 1020 1
708 1130 1
710 838 1
710 1330 1
711 1007 1
711 1204 1
711 1392 1
712 832 1
712 943 1
712 1024 1
712 1359 1
712 1416 1
715 1041 1
717 788 1
718 1272 1
719 1187 1
720 968 1
720 1119 1
721 1291 1
722 1300 1
723 1326 1
723 1355 1
724 1123 1
724 1204 1
724 1270 1
725 1019 1
727 1236 1
727 1406 1
728 820 1
730 1378 1
731 806 1
731 1412 1
733 1060 1
733 1118 1
734 1169 1
735 817 1
735 996 1
735 1354 1
738 906 1
739 1039 1
739 1094 1
741 776 1
741 909 1
742 1286 1
743 1057 1
744 1046 1
744 1265 1
745 1024 1
745 1295 1
748 984 1
748 1093 1
748 1206 1
749 771 1
749 786 1
751 766 1
751 966 1
751 1027 1
751 1149 1
751 1342 1
752 811 1
752 1108 1
752 1172 1
753 797 1
756 950 1
757 926 1
758 978 1
759 1404 1
760 775 1
760 1047 1
760 1131 1
760 1290 1
761 1010 1
761 1273 1
762 1307 1
763 1278 1
764 814 1
765 823 1
765 888 1
765 894 1
765 906 1
765 908 1
765 1037 1
765 1124 1
765 1129 1
765 1196 1
767 1345 1
768 917 1
769 963 1
769 1172 1
770 908 1
770 930 1
770 1164 1
770 1330 1
771 852 1
771 1200 1
772 968 1
772 1212 1
772 1241 1
772 1369 1
772 1383 1
772 1425 1
773 1037 1
773 1049 1
775 892 1
775 1006 1
775 1253 1
777 1320 1
777 1342 1
778 939 1
779 1448 1
780 1221 1
780 1362 1
782 1272 1
783 895 1
783 903 1
783 1356 1
784 1263 1
786 905 1
786 998 1
786 1035 1
786 1098 1
789 996 1
789 1376 1
791 1355 1
791 1368 1
792 815 1
792 1096 1
793 795 1
793 1314 1
794 1078 1
799 1252 1
801 931 1
801 983 1
801 1062 1
801 1086 1
801 1495 1
803 1027 1
804 920 1
805 1109 1
806 1497 1
808 1459 1
808 1475 1
809 1015 1
809 1200 1
810 1107 1
811 1336 1
812 1366 1
814 1141 1
814 1404 1
814 1491 1
815 1141 1
815 1178 1
815 1473 1
816 914 1
816 1091 1
818 869 1
818 872 1
821 1034 1
821 1176 1
821 1284 1
822 1437 1
822 1444 1
823 1004 1
823 1086 1
825 995 1
826 1015 1
826 1199 1
827 1492 1
828 1018 1
828 1085 1
828 1383 1
829 1186 1
829 1361 1
829 1362 1
830 928 1
830 959 1
830 1091 1
830 1279 1
830 1493 1
831 1290 1
832 909 1
834 835 1
834 972 1
834 1443 1
834 1445 1
835 981 1
835 1144 1
835 1217 1
835 1291 1
836 1254 1
838 1281 1
840 960 1
840 1334 1
841 1227 1
841 1433 1
842 904 1
842 1334 1
844 895 1
844 929 1
844 951 1
844 1052 1
844 1273 1
846 886 1
847 942 1
847 1166 1
848 1498 1
850 979 1
850 1262 1
851 877 1
851 971 1
851 1039 1
851 1244 1
851 1468 1
852 956 1
853 857 1
853 1018 1
853 1287 1
855 915 1
855 926 1
855 1032 1
855 1093 1
855 1210 1
855 1400 1
856 915 1
858 1207 1
859 1365 1
860 1484 1
861 974 1
862 1004 1
862 1098 1
863 902 1
863 1014 1
863 1134 1
865 1318 1
867 1023 1
867 1036 1
870 925 1
870 1053 1
870 1158 1
870 1172 1
870 1353 1
872 1287 1
873 1170 1
873 1271 1
873 1413 1
873 1438 1
874 931 1
875 971 1
876 1069 1
880 1252 1
882 1375 1
884 1053 1
884 1230 1
884 1415 1
885 1338 1
886 994 1
887 1257 1
888 1140 1
889 918 1
890 1112 1
890 1137 1
890 1354 1
892 1050 1
892 1319 1
893 1211 1
893 1275 1
898 1226 1
899 1025 1
899 1330 1
901 1178 1
902 976 1
902 1191 1
903 1484 1
905 1034 1
905 1363 1
906 912 1
907 934 1
907 1358 1
910 973 1
910 1122 1
910 1185 1
911 1136 1
912 963 1
913 1444 1
913 1474 1
914 1181 1
914 1312 1
914 1324 1
915 1015 1
919 1192 1
921 942 1
921 948 1
922 997 1
925 1259 1
926 1081 1
926 1284 1
927 1160 1
927 1335 1
927 1465 1
928 1424 1
930 1257 1
931 1213 1
935 1016 1
935 1441 1
938 1333 1
940 986 1
940 1061 1
943 1292 1
945 1056 1
945 1361 1
947 1289 1
949 1275 1
949 1375 1
951 1259 1
954 1022 1
955 1393 1
956 1261 1
957 1172 1
959 1218 1
961 1153 1
963 1324 1
963 1450 1
965 1047 1
966 1166 1
966 1409 1
967 1350 1
968 979 1
968 1139 1
969 1033 1
969 1303 1
969 1337 1
969 1378 1
972 1208 1
973 1192 1
973 1259 1
974 1455 1
976 1012 1
976 1271 1
978 1471 1
979 1492 1
984 1122 1
984 1282 1
984 1299 1
986 1370 1
988 1005 1
988 1209 1
988 1390 1
989 1251 1
989 1291 1
990 1139 1
991 1162 1
991 1349 1
991 1419 1
991 1462 1
993 1393 1
994 1116 1
994 1363 1
994 1472 1
995 1348 1
996 1203 1
999 1030 1
1000 1129 1
1001 1266 1
1003 1175 1
1003 1208 1
1006 1055 1
1006 1296 1
1006 1346 1
1006 1366 1
1007 1176 1
1007 1203 1
1007 1381 1
1008 1376 1
1009 1159 1
1011 1155 1
1013 1339 1
1013 1475 1
1014 1338 1
1016 1192 1
1016 1260 1
1017 1476 1
1018 1058 1
1018 1175 1
1019 1298 1
1021 1051 1
1021 1171 1
1021 1357 1
1021 1403 1
1021 1446 1
1022 1216 1
1025 1208 1
1027 1359 1
1028 1431 1
1032 1428 1
1032 1435 1
1033 1306 1
1035 1100 1
1036 1101 1
1037 1464 1
1038 1307 1
1040 1339 1
1042 1294 1
1042 1306 1
1042 1472 1
1042 1499 1
1043 1344 1
1044 1239 1
1046 1408 1
1046 1489 1
1047 1345 1
1048 1173 1
1049 1399 1
1052 1103 1
1053 1270 1
1054 1223 1
1054 1299 1
1055 1072 1
1055 1276 1
1058 1452 1
1059 1081 1
1061 1190 1
1062 1408 1
1063 1458 1
1063 1471 1
1064 1148 1
1065 1444 1
1065 1447 1
1069 1430 1
1070 1089 1
1070 1111 1
1071 1477 1
1072 1196 1
1074 1202 1
1076 1397 1
1077 1354 1
1079 1177 1
1081 1247 1
1081 1449 1
1081 1478 1
1084 1163 1
1085 1189 1
1088 1376 1
1089 1178 1
1089 1299 1
1095 1346 1
1095 1389 1
1098 1197 1
1098 1226 1
1101 1144 1
1101 1231 1
1104 1232 1
1108 1224 1
1108 1381 1
1109 1215 1
1111 1304 1
1111 1440 1
1112 1423 1
1115 1482 1
1116 1416 1
1117 1183 1
1117 1368 1
1117 1380 1
1118 1123 1
1119 1157 1
1119 1266 1
1119 1334 1
1121 1168 1
1122 1372 1
1124 1247 1
1127 1483 1
1128 1200 1
1129 1321 1
1130 1383 1
1131 1217 1
1134 1288 1
1135 1289 1
1138 1228 1
1138 1320 1
1140 1288 1
1143 1169 1
1144 1429 1
1144 1434 1
1145 1207 1
1145 1350 1
1151 1156 1
1156 1191 1
1158 1338 1
1160 1480 1
1162 1212 1
1162 1232 1
1166 1219 1
1172 1278 1
1177 1479 1
1178 1395 1
1178 1457 1
1179 1302 1
1180 1307 1
1182 1253 1
1182 1469 1
1188 1411 1
1190 1409 1
1192 1488 1
1195 1214 1
1197 1248 1
1197 1268 1
1197 1301 1
1198 1378 1
1199 1242 1
1200 1477 1
1210 1233 1
1210 1452 1
1214 1218 1
1214 1303 1
1217 1340 1
1217 1353 1
1218 1386 1
1234 1336 1
1237 1314 1
1237 1455 1
1238 1322 1
1241 1331 1
1241 1404 1
1244 1272 1
1244 1431 1
1246 1366 1
1250 1264 1
1250 1306 1
1253 1470 1
1257 1302 1
1261 1281 1
1262 1425 1
1264 1305 1
1264 1383 1
1266 1270 1
1270 1401 1
1270 1421 1
1275 1436 1
1276 1388 1
1289 1357 1
1290 1468 1
1293 1407 1
1293 1484 1
1294 1375 1
1297 1319 1
1301 1384 1
1307 1428 1
1309 1409 1
1323 1349 1
1331 1416 1
1333 1456 1
1350 1391 1
1351 1443 1
1353 1382 1
1359 1461 1
1368 1500 1
1371 1470 1
1374 1438 1
1384 1444 1
1386 1389 1
1390 1403 1
1395 1474 1
1399 1435 1
1404 1436 1
1415 1432 1
1418 1452 1
1420 1492 1
1426 1476 1
1432 1459 1
1442 1457 1
1448 1454 1
1458 1489 1
