800 3184 
1 2 1
1 3 1
1 4 1
1 5 1
1 6 1
1 7 1
1 8 1
1 9 1
1 10 1
1 11 1
1 12 1
1 13 1
1 14 1
1 17 1
1 22 1
1 24 1
1 26 1
1 41 1
1 44 1
1 45 1
1 50 1
1 61 1
1 79 1
1 93 1
1 97 1
1 99 1
1 100 1
1 103 1
1 113 1
1 120 1
1 130 1
1 132 1
1 135 1
1 138 1
1 148 1
1 154 1
1 162 1
1 171 1
1 187 1
1 191 1
1 205 1
1 216 1
1 228 1
1 232 1
1 278 1
1 283 1
1 287 1
1 289 1
1 293 1
1 299 1
1 311 1
1 315 1
1 317 1
1 340 1
1 404 1
1 407 1
1 426 1
1 434 1
1 454 1
1 457 1
1 459 1
1 513 1
1 561 1
1 573 1
1 574 1
1 583 1
1 599 1
1 603 1
1 604 1
1 616 1
1 626 1
1 631 1
1 637 1
1 640 1
1 643 1
1 658 1
1 663 1
1 665 1
1 708 1
1 734 1
1 738 1
1 767 1
1 782 1
1 783 1
1 788 1
2 6 1
2 21 1
2 89 1
2 150 1
2 159 1
2 212 1
2 254 1
2 349 1
2 399 1
2 442 1
2 443 1
2 500 1
2 528 1
2 630 1
2 744 1
3 6 1
3 7 1
3 9 1
3 39 1
3 50 1
3 69 1
3 90 1
3 128 1
3 158 1
3 330 1
3 520 1
3 577 1
3 643 1
4 6 1
4 7 1
4 8 1
4 9 1
4 14 1
4 18 1
4 20 1
4 22 1
4 24 1
4 25 1
4 28 1
4 29 1
4 34 1
4 38 1
4 41 1
4 42 1
4 49 1
4 54 1
4 57 1
4 61 1
4 64 1
4 65 1
4 66 1
4 73 1
4 78 1
4 79 1
4 82 1
4 86 1
4 91 1
4 92 1
4 98 1
4 99 1
4 104 1
4 105 1
4 119 1
4 122 1
4 124 1
4 134 1
4 141 1
4 143 1
4 147 1
4 156 1
4 165 1
4 167 1
4 169 1
4 171 1
4 180 1
4 182 1
4 185 1
4 186 1
4 195 1
4 209 1
4 214 1
4 225 1
4 231 1
4 234 1
4 238 1
4 248 1
4 249 1
4 258 1
4 285 1
4 290 1
4 291 1
4 317 1
4 320 1
4 340 1
4 341 1
4 343 1
4 358 1
4 366 1
4 367 1
4 368 1
4 371 1
4 375 1
4 387 1
4 414 1
4 418 1
4 446 1
4 450 1
4 471 1
4 491 1
4 500 1
4 503 1
4 507 1
4 514 1
4 528 1
4 544 1
4 557 1
4 560 1
4 584 1
4 597 1
4 606 1
4 612 1
4 646 1
4 653 1
4 655 1
4 682 1
4 684 1
4 694 1
4 700 1
4 717 1
4 723 1
4 749 1
4 777 1
4 780 1
4 794 1
5 8 1
5 12 1
5 13 1
5 15 1
5 16 1
5 17 1
5 19 1
5 21 1
5 23 1
5 25 1
5 36 1
5 43 1
5 44 1
5 46 1
5 53 1
5 56 1
5 58 1
5 63 1
5 70 1
5 72 1
5 96 1
5 100 1
5 101 1
5 109 1
5 133 1
5 137 1
5 150 1
5 152 1
5 164 1
5 178 1
5 244 1
5 295 1
5 320 1
5 428 1
5 481 1
5 499 1
5 505 1
5 518 1
5 554 1
5 635 1
5 711 1
5 754 1
5 755 1
6 7 1
6 10 1
6 11 1
6 13 1
6 17 1
6 18 1
6 19 1
6 20 1
6 24 1
6 26 1
6 27 1
6 32 1
6 33 1
6 36 1
6 42 1
6 48 1
6 55 1
6 59 1
6 60 1
6 62 1
6 73 1
6 105 1
6 118 1
6 123 1
6 127 1
6 130 1
6 136 1
6 143 1
6 158 1
6 170 1
6 172 1
6 175 1
6 203 1
6 204 1
6 211 1
6 220 1
6 234 1
6 240 1
6 254 1
6 265 1
6 266 1
6 279 1
6 293 1
6 294 1
6 309 1
6 337 1
6 342 1
6 345 1
6 369 1
6 373 1
6 383 1
6 386 1
6 410 1
6 416 1
6 421 1
6 488 1
6 513 1
6 525 1
6 538 1
6 549 1
6 560 1
6 634 1
6 645 1
6 671 1
6 686 1
6 707 1
6 714 1
6 715 1
6 771 1
6 773 1
6 796 1
7 8 1
7 9 1
7 10 1
7 13 1
7 14 1
7 15 1
7 18 1
7 20 1
7 21 1
7 23 1
7 25 1
7 31 1
7 34 1
7 37 1
7 40 1
7 42 1
7 45 1
7 52 1
7 72 1
7 73 1
7 74 1
7 75 1
7 88 1
7 92 1
7 101 1
7 109 1
7 111 1
7 119 1
7 122 1
7 126 1
7 140 1
7 150 1
7 157 1
7 164 1
7 168 1
7 181 1
7 189 1
7 191 1
7 193 1
7 194 1
7 211 1
7 224 1
7 227 1
7 233 1
7 239 1
7 245 1
7 255 1
7 261 1
7 264 1
7 295 1
7 297 1
7 307 1
7 315 1
7 349 1
7 350 1
7 357 1
7 372 1
7 378 1
7 380 1
7 382 1
7 384 1
7 431 1
7 439 1
7 443 1
7 450 1
7 466 1
7 487 1
7 492 1
7 525 1
7 527 1
7 552 1
7 561 1
7 568 1
7 589 1
7 591 1
7 609 1
7 615 1
7 629 1
7 638 1
7 680 1
7 725 1
7 730 1
7 737 1
7 745 1
7 766 1
7 770 1
7 790 1
7 799 1
8 53 1
8 55 1
8 195 1
8 221 1
8 386 1
8 459 1
8 471 1
8 502 1
8 506 1
8 665 1
9 10 1
9 11 1
9 12 1
9 14 1
9 15 1
9 16 1
9 19 1
9 30 1
9 32 1
9 34 1
9 37 1
9 43 1
9 45 1
9 51 1
9 57 1
9 61 1
9 64 1
9 83 1
9 85 1
9 88 1
9 90 1
9 91 1
9 94 1
9 98 1
9 111 1
9 114 1
9 117 1
9 125 1
9 131 1
9 134 1
9 135 1
9 144 1
9 161 1
9 165 1
9 180 1
9 181 1
9 196 1
9 198 1
9 208 1
9 220 1
9 245 1
9 269 1
9 278 1
9 282 1
9 302 1
9 323 1
9 336 1
9 391 1
9 411 1
9 419 1
9 423 1
9 425 1
9 432 1
9 437 1
9 457 1
9 462 1
9 504 1
9 508 1
9 509 1
9 537 1
9 557 1
9 603 1
9 604 1
9 651 1
9 659 1
9 662 1
9 699 1
9 702 1
9 764 1
9 786 1
10 11 1
10 12 1
10 17 1
10 23 1
10 24 1
10 28 1
10 29 1
10 33 1
10 36 1
10 45 1
10 47 1
10 63 1
10 67 1
10 76 1
10 95 1
10 144 1
10 145 1
10 196 1
10 199 1
10 200 1
10 228 1
10 237 1
10 252 1
10 259 1
10 261 1
10 272 1
10 287 1
10 373 1
10 379 1
10 393 1
10 403 1
10 430 1
10 467 1
10 470 1
10 530 1
10 560 1
10 578 1
10 612 1
10 635 1
10 659 1
10 730 1
10 794 1
11 23 1
11 35 1
11 54 1
11 55 1
11 79 1
11 106 1
11 125 1
11 136 1
11 162 1
11 266 1
11 304 1
11 306 1
11 464 1
11 503 1
11 526 1
11 641 1
11 653 1
11 798 1
11 799 1
12 18 1
12 19 1
12 30 1
12 31 1
12 47 1
12 55 1
12 71 1
12 76 1
12 84 1
12 102 1
12 116 1
12 123 1
12 129 1
12 133 1
12 162 1
12 217 1
12 225 1
12 249 1
12 259 1
12 280 1
12 286 1
12 292 1
12 297 1
12 313 1
12 343 1
12 344 1
12 370 1
12 376 1
12 377 1
12 411 1
12 429 1
12 438 1
12 446 1
12 452 1
12 478 1
12 498 1
12 533 1
12 548 1
12 605 1
12 618 1
12 725 1
13 15 1
13 16 1
13 46 1
13 50 1
13 78 1
13 99 1
13 100 1
13 118 1
13 149 1
13 276 1
13 277 1
13 283 1
13 284 1
13 310 1
13 480 1
13 515 1
13 616 1
13 717 1
14 29 1
14 33 1
14 39 1
14 68 1
14 86 1
14 118 1
14 126 1
14 129 1
14 177 1
14 196 1
14 213 1
14 218 1
14 223 1
14 254 1
14 301 1
14 304 1
14 400 1
14 431 1
14 451 1
14 505 1
14 533 1
14 548 1
14 634 1
14 726 1
14 785 1
15 16 1
15 22 1
15 27 1
15 38 1
15 41 1
15 52 1
15 54 1
15 57 1
15 65 1
15 69 1
15 84 1
15 85 1
15 87 1
15 94 1
15 99 1
15 102 1
15 116 1
15 120 1
15 148 1
15 176 1
15 202 1
15 206 1
15 207 1
15 213 1
15 221 1
15 224 1
15 225 1
15 238 1
15 256 1
15 259 1
15 262 1
15 293 1
15 300 1
15 353 1
15 362 1
15 374 1
15 394 1
15 402 1
15 447 1
15 451 1
15 462 1
15 475 1
15 488 1
15 489 1
15 524 1
15 528 1
15 538 1
15 542 1
15 551 1
15 620 1
15 659 1
15 688 1
16 21 1
16 22 1
16 27 1
16 29 1
16 35 1
16 41 1
16 59 1
16 81 1
16 87 1
16 130 1
16 132 1
16 140 1
16 148 1
16 166 1
16 168 1
16 170 1
16 174 1
16 182 1
16 212 1
16 220 1
16 222 1
16 257 1
16 262 1
16 281 1
16 285 1
16 288 1
16 292 1
16 303 1
16 308 1
16 314 1
16 330 1
16 334 1
16 351 1
16 355 1
16 358 1
16 385 1
16 401 1
16 447 1
16 510 1
16 514 1
16 535 1
16 537 1
16 556 1
16 569 1
16 586 1
16 606 1
16 607 1
16 686 1
16 693 1
16 714 1
16 736 1
17 31 1
17 62 1
17 88 1
17 92 1
17 94 1
17 110 1
17 152 1
17 165 1
17 208 1
17 219 1
17 255 1
17 306 1
17 443 1
17 592 1
18 20 1
18 34 1
18 40 1
18 46 1
18 58 1
18 71 1
18 93 1
18 95 1
18 102 1
18 115 1
18 127 1
18 157 1
18 159 1
18 205 1
18 237 1
18 238 1
18 282 1
18 296 1
18 332 1
18 403 1
18 426 1
18 447 1
18 518 1
18 625 1
18 661 1
18 705 1
18 726 1
18 751 1
19 27 1
19 103 1
19 109 1
19 318 1
19 555 1
19 581 1
19 716 1
20 49 1
20 169 1
20 177 1
20 184 1
20 218 1
20 231 1
20 236 1
20 375 1
20 392 1
20 411 1
20 436 1
20 464 1
20 473 1
20 486 1
20 512 1
20 537 1
20 553 1
20 601 1
20 603 1
20 624 1
20 689 1
21 26 1
21 48 1
21 49 1
21 56 1
21 67 1
21 108 1
21 132 1
21 134 1
21 201 1
21 215 1
21 256 1
21 303 1
21 313 1
21 323 1
21 393 1
21 404 1
21 493 1
21 540 1
21 593 1
21 657 1
22 30 1
22 31 1
22 136 1
22 142 1
22 198 1
22 242 1
22 347 1
22 436 1
22 616 1
22 690 1
23 38 1
23 47 1
23 63 1
23 65 1
23 104 1
23 178 1
23 187 1
23 255 1
23 322 1
23 342 1
23 343 1
23 384 1
23 395 1
23 440 1
23 501 1
23 547 1
23 572 1
23 612 1
23 639 1
23 690 1
23 727 1
24 25 1
24 32 1
24 36 1
24 57 1
24 90 1
24 91 1
24 140 1
24 141 1
24 161 1
24 177 1
24 262 1
24 302 1
24 315 1
24 326 1
24 370 1
24 441 1
24 445 1
24 487 1
24 490 1
24 599 1
24 617 1
24 619 1
24 643 1
24 736 1
24 742 1
24 753 1
25 26 1
25 28 1
25 51 1
25 61 1
25 67 1
25 71 1
25 83 1
25 84 1
25 89 1
25 107 1
25 113 1
25 126 1
25 138 1
25 139 1
25 145 1
25 146 1
25 160 1
25 172 1
25 184 1
25 192 1
25 205 1
25 208 1
25 283 1
25 321 1
25 338 1
25 345 1
25 352 1
25 357 1
25 480 1
25 497 1
25 519 1
25 581 1
25 583 1
25 630 1
25 640 1
25 733 1
25 740 1
25 753 1
25 759 1
25 763 1
26 30 1
26 33 1
26 37 1
26 53 1
26 91 1
26 127 1
26 299 1
27 28 1
27 38 1
27 40 1
27 42 1
27 159 1
27 191 1
27 230 1
27 250 1
27 259 1
27 438 1
27 479 1
27 485 1
27 487 1
27 493 1
27 514 1
27 521 1
27 530 1
27 558 1
27 676 1
27 680 1
28 79 1
28 185 1
28 776 1
29 51 1
29 62 1
29 66 1
29 78 1
29 138 1
29 161 1
29 176 1
29 186 1
29 190 1
29 193 1
29 214 1
29 229 1
29 235 1
29 246 1
29 277 1
29 317 1
29 336 1
29 366 1
29 381 1
29 387 1
29 462 1
29 498 1
29 525 1
29 641 1
29 763 1
30 40 1
30 60 1
30 62 1
30 66 1
30 82 1
30 86 1
30 95 1
30 139 1
30 168 1
30 190 1
30 261 1
30 280 1
30 329 1
30 331 1
30 348 1
30 429 1
30 476 1
30 484 1
30 542 1
30 682 1
30 747 1
31 32 1
31 35 1
31 39 1
31 51 1
31 52 1
31 53 1
31 72 1
31 74 1
31 94 1
31 103 1
31 104 1
31 119 1
31 124 1
31 151 1
31 187 1
31 197 1
31 204 1
31 205 1
31 221 1
31 268 1
31 270 1
31 271 1
31 320 1
31 328 1
31 330 1
31 361 1
31 428 1
31 433 1
31 442 1
31 454 1
31 463 1
31 499 1
31 510 1
31 514 1
31 533 1
31 570 1
31 673 1
31 722 1
31 734 1
31 778 1
32 35 1
32 37 1
32 44 1
32 50 1
32 58 1
32 59 1
32 179 1
32 185 1
32 241 1
32 251 1
32 255 1
32 319 1
32 359 1
32 364 1
32 399 1
32 412 1
32 475 1
32 558 1
32 661 1
32 704 1
32 791 1
33 80 1
33 231 1
33 270 1
33 371 1
33 532 1
33 649 1
33 736 1
34 48 1
34 58 1
34 194 1
34 199 1
34 216 1
34 290 1
34 364 1
34 384 1
34 430 1
34 435 1
34 531 1
34 585 1
34 710 1
34 715 1
35 43 1
35 46 1
35 102 1
35 108 1
35 114 1
35 137 1
35 154 1
35 224 1
35 229 1
35 248 1
35 274 1
35 278 1
35 291 1
35 335 1
35 355 1
35 382 1
35 384 1
35 529 1
35 562 1
35 731 1
36 67 1
36 71 1
36 81 1
36 116 1
36 143 1
36 158 1
36 173 1
36 175 1
36 188 1
36 201 1
36 211 1
36 241 1
36 266 1
36 267 1
36 274 1
36 278 1
36 289 1
36 327 1
36 417 1
36 440 1
36 456 1
36 488 1
36 504 1
36 517 1
36 548 1
36 594 1
36 615 1
36 647 1
36 698 1
36 709 1
36 781 1
37 88 1
37 171 1
37 172 1
37 190 1
37 195 1
37 217 1
37 224 1
37 258 1
37 264 1
37 468 1
37 548 1
37 666 1
37 670 1
37 696 1
37 708 1
37 798 1
38 39 1
38 44 1
38 47 1
38 73 1
38 80 1
38 81 1
38 87 1
38 101 1
38 115 1
38 125 1
38 127 1
38 142 1
38 172 1
38 174 1
38 185 1
38 213 1
38 218 1
38 223 1
38 247 1
38 286 1
38 307 1
38 318 1
38 349 1
38 370 1
38 389 1
38 390 1
38 391 1
38 409 1
38 425 1
38 436 1
38 448 1
38 458 1
38 472 1
38 484 1
38 583 1
38 590 1
38 592 1
38 597 1
38 652 1
38 699 1
38 768 1
39 43 1
39 56 1
39 169 1
39 211 1
39 226 1
39 323 1
39 491 1
39 589 1
39 593 1
40 82 1
40 90 1
40 153 1
40 160 1
40 330 1
40 361 1
40 445 1
40 488 1
40 539 1
40 796 1
41 49 1
41 56 1
41 60 1
41 64 1
41 65 1
41 81 1
41 107 1
41 137 1
41 160 1
41 203 1
41 236 1
41 246 1
41 247 1
41 271 1
41 314 1
41 345 1
41 381 1
41 412 1
41 414 1
41 431 1
41 458 1
41 480 1
41 520 1
41 527 1
41 532 1
41 591 1
41 621 1
41 626 1
41 693 1
41 727 1
41 741 1
41 765 1
41 766 1
41 776 1
42 98 1
42 103 1
42 105 1
42 123 1
42 131 1
42 132 1
42 247 1
42 338 1
42 339 1
42 344 1
42 397 1
42 415 1
42 559 1
42 622 1
42 660 1
42 752 1
42 779 1
43 68 1
43 112 1
43 146 1
43 181 1
43 219 1
43 252 1
43 403 1
43 463 1
43 526 1
43 762 1
44 112 1
44 139 1
44 144 1
44 156 1
44 183 1
44 265 1
44 292 1
44 301 1
44 309 1
44 388 1
44 395 1
44 413 1
44 416 1
44 458 1
44 479 1
44 497 1
44 549 1
44 579 1
44 752 1
44 768 1
45 48 1
45 54 1
45 60 1
45 188 1
45 232 1
45 465 1
45 565 1
45 622 1
46 155 1
46 406 1
46 417 1
46 515 1
46 571 1
46 669 1
46 671 1
46 698 1
47 52 1
47 59 1
47 64 1
47 68 1
47 70 1
47 89 1
47 97 1
47 107 1
47 200 1
47 240 1
47 466 1
47 472 1
47 504 1
47 636 1
47 664 1
47 665 1
48 68 1
48 178 1
48 378 1
48 396 1
48 633 1
48 642 1
48 770 1
49 75 1
49 108 1
49 153 1
49 167 1
49 182 1
49 222 1
49 227 1
49 301 1
49 336 1
49 353 1
49 462 1
49 582 1
49 692 1
49 725 1
50 106 1
50 639 1
50 647 1
51 66 1
51 77 1
51 109 1
51 121 1
51 161 1
51 177 1
51 192 1
51 322 1
51 458 1
51 602 1
51 653 1
51 669 1
51 775 1
52 122 1
52 202 1
52 217 1
52 219 1
52 235 1
52 252 1
52 276 1
52 302 1
52 319 1
52 331 1
52 354 1
52 389 1
52 447 1
52 459 1
52 473 1
52 595 1
52 615 1
52 649 1
52 678 1
52 691 1
53 316 1
53 438 1
53 663 1
53 764 1
54 110 1
54 221 1
54 284 1
54 364 1
54 393 1
54 450 1
54 481 1
54 486 1
54 573 1
54 611 1
54 677 1
54 701 1
54 721 1
54 731 1
54 769 1
55 89 1
55 226 1
55 258 1
55 274 1
55 415 1
55 498 1
55 567 1
55 754 1
55 796 1
56 69 1
56 77 1
56 163 1
56 279 1
56 294 1
56 334 1
56 359 1
56 445 1
56 470 1
56 507 1
56 626 1
57 76 1
57 277 1
57 292 1
57 297 1
57 319 1
57 459 1
57 686 1
57 774 1
58 74 1
58 97 1
58 186 1
58 228 1
58 256 1
58 294 1
58 303 1
58 424 1
58 435 1
58 461 1
58 570 1
58 670 1
58 673 1
58 680 1
58 756 1
59 70 1
59 111 1
59 128 1
59 152 1
59 245 1
59 420 1
59 478 1
59 500 1
59 598 1
59 640 1
59 674 1
60 63 1
60 78 1
60 83 1
60 105 1
60 117 1
60 128 1
60 134 1
60 140 1
60 146 1
60 170 1
60 225 1
60 236 1
60 270 1
60 282 1
60 365 1
60 366 1
60 507 1
60 611 1
60 619 1
60 732 1
61 100 1
61 169 1
61 244 1
61 300 1
61 382 1
61 611 1
61 626 1
61 694 1
62 77 1
62 86 1
62 95 1
62 149 1
62 155 1
62 184 1
62 215 1
62 223 1
62 304 1
62 319 1
62 381 1
62 407 1
62 416 1
62 505 1
62 541 1
62 660 1
62 769 1
62 794 1
63 80 1
63 215 1
63 232 1
63 234 1
63 289 1
63 310 1
63 360 1
63 584 1
63 625 1
63 659 1
63 695 1
63 718 1
63 720 1
63 760 1
63 772 1
63 793 1
64 72 1
64 75 1
64 76 1
64 115 1
64 145 1
64 399 1
64 490 1
64 649 1
65 69 1
65 75 1
65 119 1
65 149 1
65 189 1
65 206 1
65 244 1
65 291 1
65 407 1
65 551 1
65 773 1
66 74 1
66 77 1
66 96 1
66 141 1
66 207 1
66 260 1
66 263 1
66 298 1
66 401 1
66 475 1
66 481 1
67 70 1
67 85 1
67 233 1
67 337 1
67 435 1
67 501 1
67 509 1
67 632 1
67 644 1
67 661 1
67 681 1
67 692 1
67 709 1
67 738 1
68 98 1
68 197 1
68 254 1
68 263 1
68 531 1
68 559 1
69 80 1
69 83 1
69 121 1
69 203 1
69 222 1
69 326 1
69 566 1
69 587 1
69 636 1
69 657 1
70 178 1
70 356 1
71 82 1
71 106 1
71 117 1
71 189 1
71 192 1
71 235 1
71 325 1
71 337 1
71 371 1
71 427 1
71 431 1
71 547 1
71 641 1
71 757 1
72 84 1
72 93 1
72 207 1
72 256 1
72 366 1
72 623 1
72 676 1
72 719 1
72 750 1
73 87 1
73 93 1
73 111 1
73 113 1
73 163 1
73 170 1
73 192 1
73 208 1
73 229 1
73 316 1
73 369 1
73 420 1
73 557 1
73 577 1
73 652 1
74 112 1
74 186 1
74 226 1
74 304 1
74 313 1
74 348 1
74 352 1
74 404 1
74 413 1
74 518 1
74 590 1
74 598 1
75 110 1
75 117 1
75 253 1
75 298 1
75 482 1
75 495 1
75 496 1
75 658 1
76 121 1
76 141 1
76 318 1
76 342 1
76 352 1
76 405 1
76 563 1
77 85 1
77 135 1
77 153 1
77 206 1
77 311 1
77 416 1
77 476 1
77 569 1
77 787 1
78 92 1
78 114 1
78 125 1
78 173 1
78 180 1
78 250 1
78 257 1
78 312 1
78 368 1
78 461 1
78 494 1
78 635 1
78 729 1
78 789 1
79 96 1
79 149 1
79 173 1
79 210 1
79 248 1
79 356 1
79 359 1
79 375 1
79 614 1
79 675 1
80 142 1
80 153 1
80 222 1
80 238 1
80 329 1
80 512 1
80 623 1
80 656 1
81 107 1
81 179 1
81 181 1
81 182 1
81 209 1
81 212 1
81 230 1
81 257 1
81 281 1
81 285 1
81 295 1
81 301 1
81 466 1
81 511 1
81 524 1
81 613 1
81 655 1
82 121 1
82 128 1
82 216 1
82 253 1
82 275 1
82 331 1
82 467 1
82 500 1
82 502 1
82 636 1
82 710 1
82 743 1
83 148 1
83 163 1
83 421 1
83 539 1
83 576 1
83 618 1
83 688 1
83 747 1
84 139 1
84 144 1
84 243 1
84 333 1
84 362 1
84 620 1
84 663 1
85 96 1
85 110 1
85 114 1
85 190 1
85 198 1
85 379 1
85 453 1
85 467 1
85 470 1
85 482 1
85 608 1
85 686 1
85 718 1
85 741 1
86 97 1
86 120 1
86 157 1
86 307 1
86 325 1
86 377 1
86 452 1
86 562 1
86 599 1
86 678 1
86 791 1
87 163 1
87 214 1
87 220 1
87 372 1
87 429 1
88 200 1
88 204 1
88 240 1
88 339 1
88 398 1
88 452 1
88 491 1
88 579 1
88 650 1
88 729 1
89 348 1
89 393 1
89 656 1
89 694 1
89 732 1
89 775 1
89 796 1
90 101 1
90 108 1
90 122 1
90 123 1
90 162 1
90 209 1
90 258 1
90 284 1
90 335 1
90 346 1
90 383 1
90 402 1
90 406 1
90 502 1
90 562 1
90 567 1
90 652 1
90 685 1
90 691 1
90 722 1
90 756 1
91 288 1
91 386 1
91 578 1
91 662 1
91 755 1
91 789 1
92 322 1
92 323 1
92 497 1
93 116 1
93 129 1
93 130 1
93 151 1
93 744 1
93 745 1
94 252 1
94 328 1
94 456 1
94 516 1
94 524 1
94 726 1
95 104 1
95 124 1
95 216 1
95 517 1
95 646 1
95 712 1
95 781 1
96 155 1
96 244 1
96 271 1
96 739 1
97 233 1
97 295 1
97 455 1
97 568 1
98 137 1
98 202 1
98 237 1
98 279 1
98 312 1
98 427 1
98 581 1
98 639 1
98 644 1
98 667 1
98 758 1
98 773 1
99 118 1
99 131 1
99 138 1
99 167 1
99 200 1
99 214 1
99 251 1
99 478 1
99 563 1
99 633 1
100 106 1
100 135 1
100 283 1
100 341 1
100 348 1
100 449 1
100 609 1
100 687 1
101 126 1
101 142 1
101 232 1
101 376 1
101 508 1
101 703 1
101 743 1
102 191 1
102 237 1
102 464 1
102 465 1
103 113 1
103 129 1
103 147 1
103 158 1
103 231 1
103 239 1
103 305 1
103 334 1
103 480 1
103 735 1
103 757 1
103 768 1
103 798 1
104 136 1
104 145 1
104 156 1
104 176 1
104 183 1
104 353 1
104 382 1
104 400 1
104 412 1
104 515 1
104 618 1
104 694 1
104 729 1
104 779 1
104 783 1
105 263 1
105 268 1
105 316 1
105 349 1
105 449 1
105 551 1
105 786 1
106 120 1
106 168 1
106 308 1
107 673 1
108 112 1
108 143 1
108 166 1
108 203 1
108 360 1
108 365 1
108 398 1
108 455 1
108 457 1
108 788 1
109 684 1
110 206 1
110 229 1
110 409 1
110 410 1
110 448 1
110 692 1
111 151 1
111 167 1
111 194 1
111 408 1
111 413 1
111 493 1
111 723 1
111 780 1
112 115 1
112 147 1
112 201 1
112 448 1
113 288 1
113 456 1
113 618 1
114 234 1
114 427 1
114 634 1
114 751 1
114 797 1
115 193 1
115 260 1
115 398 1
115 699 1
115 754 1
116 324 1
116 325 1
116 497 1
116 531 1
117 179 1
117 346 1
117 486 1
117 628 1
117 641 1
117 675 1
117 701 1
118 159 1
118 381 1
118 545 1
118 550 1
118 667 1
118 720 1
119 124 1
119 131 1
119 268 1
119 345 1
119 784 1
119 797 1
120 146 1
120 212 1
120 328 1
120 398 1
120 403 1
120 530 1
120 575 1
120 683 1
120 716 1
121 157 1
121 321 1
121 471 1
121 574 1
122 199 1
122 246 1
122 332 1
122 413 1
122 444 1
122 637 1
122 746 1
123 176 1
123 248 1
123 272 1
123 364 1
123 589 1
124 201 1
124 265 1
124 286 1
124 326 1
124 400 1
124 428 1
124 471 1
124 596 1
124 762 1
124 792 1
125 151 1
125 401 1
125 406 1
125 473 1
125 724 1
126 712 1
126 748 1
127 133 1
127 175 1
127 179 1
127 242 1
127 540 1
127 565 1
128 543 1
128 684 1
128 701 1
128 706 1
128 707 1
129 164 1
129 180 1
129 217 1
129 264 1
129 568 1
129 735 1
129 737 1
130 187 1
130 242 1
130 251 1
130 260 1
130 276 1
130 309 1
130 368 1
130 378 1
130 396 1
130 411 1
130 425 1
130 430 1
130 495 1
130 550 1
130 685 1
131 133 1
131 287 1
131 308 1
131 335 1
131 363 1
131 386 1
131 531 1
131 541 1
131 588 1
131 696 1
131 732 1
132 184 1
132 196 1
132 207 1
132 247 1
132 312 1
132 586 1
132 638 1
132 722 1
132 790 1
133 171 1
133 433 1
133 517 1
133 529 1
133 695 1
133 761 1
133 795 1
134 166 1
134 291 1
134 324 1
134 408 1
134 417 1
134 427 1
134 721 1
135 147 1
135 385 1
135 394 1
135 673 1
135 693 1
135 736 1
135 773 1
136 327 1
136 407 1
136 628 1
137 213 1
137 230 1
137 307 1
137 438 1
137 474 1
137 511 1
137 705 1
138 150 1
139 154 1
139 155 1
139 160 1
139 227 1
139 273 1
139 383 1
139 563 1
139 573 1
139 613 1
139 681 1
139 712 1
140 188 1
140 269 1
140 296 1
140 397 1
140 580 1
140 643 1
141 272 1
141 285 1
141 346 1
141 354 1
141 479 1
142 230 1
142 306 1
142 313 1
143 267 1
143 405 1
143 410 1
143 570 1
144 573 1
144 664 1
145 154 1
145 210 1
145 379 1
145 394 1
145 687 1
145 770 1
146 152 1
146 324 1
146 342 1
146 372 1
146 469 1
146 571 1
146 580 1
146 597 1
146 617 1
146 635 1
146 765 1
146 790 1
147 604 1
148 218 1
148 367 1
148 453 1
148 476 1
148 621 1
148 714 1
148 757 1
149 195 1
149 260 1
149 286 1
149 385 1
149 450 1
149 557 1
150 166 1
150 235 1
150 552 1
150 713 1
150 731 1
151 474 1
152 487 1
152 604 1
152 622 1
152 719 1
152 746 1
153 156 1
153 243 1
153 250 1
153 356 1
153 422 1
153 454 1
153 553 1
153 639 1
153 668 1
154 377 1
154 654 1
154 666 1
155 198 1
155 209 1
155 294 1
155 428 1
155 550 1
155 711 1
155 730 1
156 523 1
156 554 1
157 243 1
157 263 1
157 299 1
157 496 1
158 189 1
158 227 1
158 272 1
158 299 1
158 425 1
158 516 1
158 542 1
158 622 1
158 654 1
158 741 1
159 165 1
159 253 1
159 451 1
159 612 1
159 717 1
159 762 1
160 296 1
160 396 1
160 409 1
160 460 1
160 545 1
160 556 1
160 575 1
160 704 1
161 173 1
161 183 1
161 277 1
161 280 1
161 408 1
161 678 1
161 689 1
162 174 1
162 535 1
163 164 1
163 174 1
163 251 1
163 358 1
163 572 1
163 787 1
163 793 1
164 239 1
164 357 1
164 369 1
164 374 1
164 392 1
164 463 1
164 544 1
165 175 1
165 204 1
165 228 1
165 236 1
165 312 1
165 498 1
165 546 1
165 669 1
165 717 1
165 739 1
165 742 1
165 780 1
166 280 1
166 281 1
166 380 1
166 433 1
166 434 1
166 513 1
166 527 1
166 598 1
167 183 1
167 274 1
167 311 1
167 423 1
167 464 1
167 538 1
167 638 1
167 676 1
167 707 1
167 724 1
168 583 1
168 610 1
169 223 1
169 239 1
169 273 1
169 718 1
169 724 1
170 202 1
170 467 1
170 668 1
170 679 1
170 680 1
171 306 1
171 362 1
171 658 1
171 700 1
172 243 1
172 350 1
172 360 1
172 609 1
172 701 1
172 711 1
172 747 1
173 352 1
173 452 1
173 749 1
174 266 1
174 334 1
174 575 1
174 577 1
174 716 1
175 188 1
175 267 1
175 303 1
175 658 1
175 705 1
177 197 1
177 199 1
177 246 1
177 344 1
177 441 1
177 449 1
177 553 1
177 726 1
177 775 1
178 193 1
178 197 1
178 448 1
178 536 1
178 586 1
178 702 1
179 363 1
179 434 1
179 453 1
179 621 1
180 219 1
182 215 1
182 327 1
182 351 1
182 441 1
182 588 1
182 632 1
182 760 1
183 519 1
184 333 1
184 368 1
184 792 1
185 435 1
185 619 1
186 265 1
186 355 1
186 390 1
186 414 1
186 708 1
187 336 1
187 388 1
187 410 1
187 455 1
187 461 1
187 575 1
187 593 1
188 267 1
189 269 1
189 326 1
190 250 1
190 347 1
190 703 1
192 581 1
192 629 1
193 194 1
193 210 1
193 271 1
193 281 1
193 321 1
193 322 1
193 400 1
193 530 1
193 549 1
193 630 1
193 682 1
193 757 1
194 210 1
194 324 1
194 436 1
194 477 1
194 493 1
194 774 1
195 648 1
196 282 1
196 340 1
196 619 1
197 395 1
197 614 1
198 338 1
198 397 1
198 485 1
199 245 1
199 314 1
199 477 1
199 593 1
199 688 1
200 242 1
200 363 1
200 712 1
200 785 1
201 226 1
201 579 1
201 752 1
201 758 1
202 472 1
202 489 1
202 605 1
202 685 1
203 310 1
203 564 1
204 367 1
205 585 1
206 429 1
206 441 1
206 720 1
206 738 1
207 442 1
207 546 1
207 669 1
207 756 1
207 771 1
208 298 1
208 385 1
208 584 1
209 346 1
209 572 1
210 275 1
210 290 1
210 418 1
210 483 1
210 520 1
210 648 1
211 241 1
211 249 1
211 320 1
211 419 1
211 433 1
211 662 1
211 665 1
212 490 1
212 492 1
212 649 1
212 650 1
213 397 1
213 506 1
213 566 1
213 627 1
214 233 1
214 300 1
214 376 1
214 432 1
214 446 1
214 603 1
214 651 1
215 300 1
215 371 1
215 782 1
216 309 1
216 391 1
216 770 1
217 240 1
217 249 1
217 325 1
217 333 1
217 469 1
217 509 1
217 744 1
217 775 1
218 253 1
218 298 1
218 344 1
218 379 1
218 402 1
219 396 1
219 456 1
219 610 1
219 644 1
219 648 1
219 663 1
219 704 1
219 740 1
220 333 1
220 347 1
220 355 1
220 372 1
220 377 1
220 417 1
220 582 1
220 614 1
220 728 1
220 778 1
221 380 1
221 392 1
221 553 1
222 505 1
224 484 1
224 534 1
224 538 1
224 552 1
224 597 1
225 241 1
225 585 1
225 590 1
226 262 1
226 284 1
226 648 1
226 696 1
226 737 1
226 760 1
227 289 1
227 305 1
227 311 1
227 389 1
227 496 1
227 540 1
227 584 1
228 310 1
228 554 1
228 555 1
228 576 1
228 601 1
228 681 1
228 728 1
228 745 1
228 761 1
229 273 1
229 721 1
230 697 1
231 422 1
232 290 1
232 359 1
232 365 1
232 776 1
233 268 1
233 387 1
233 455 1
233 571 1
234 275 1
234 454 1
234 544 1
234 713 1
235 305 1
235 351 1
235 749 1
236 750 1
237 414 1
237 592 1
237 769 1
238 269 1
238 518 1
239 275 1
239 526 1
241 288 1
241 437 1
241 468 1
241 482 1
241 509 1
241 676 1
241 779 1
242 261 1
242 276 1
242 314 1
242 340 1
242 468 1
242 610 1
242 769 1
242 778 1
243 297 1
244 423 1
244 520 1
244 566 1
244 590 1
245 279 1
245 318 1
245 501 1
245 580 1
245 636 1
247 270 1
247 356 1
247 424 1
247 753 1
248 374 1
248 376 1
248 555 1
249 380 1
249 443 1
249 468 1
249 782 1
250 287 1
250 354 1
250 574 1
252 317 1
252 357 1
252 444 1
252 698 1
252 728 1
253 273 1
254 257 1
254 608 1
255 390 1
255 404 1
255 451 1
257 264 1
257 512 1
257 627 1
257 767 1
258 296 1
258 374 1
260 315 1
260 445 1
260 477 1
260 532 1
260 742 1
260 778 1
261 631 1
261 699 1
262 388 1
264 373 1
264 646 1
264 672 1
265 543 1
265 596 1
265 642 1
265 728 1
266 316 1
266 486 1
267 484 1
268 419 1
268 461 1
268 511 1
269 475 1
270 482 1
271 302 1
271 332 1
272 341 1
272 586 1
273 437 1
273 519 1
273 536 1
273 764 1
275 545 1
275 661 1
276 362 1
276 465 1
276 631 1
276 660 1
276 799 1
277 293 1
277 321 1
277 360 1
277 395 1
277 440 1
277 766 1
278 341 1
278 463 1
278 537 1
279 305 1
279 339 1
279 444 1
279 477 1
279 792 1
280 332 1
280 444 1
280 476 1
280 506 1
281 755 1
282 354 1
282 426 1
282 522 1
282 544 1
282 588 1
283 337 1
283 370 1
283 596 1
283 789 1
284 335 1
284 473 1
284 483 1
284 670 1
284 762 1
284 799 1
285 329 1
285 358 1
285 563 1
286 406 1
286 408 1
286 418 1
286 446 1
286 466 1
286 472 1
286 517 1
286 675 1
286 691 1
287 539 1
287 595 1
288 439 1
288 524 1
288 679 1
289 503 1
289 656 1
289 657 1
289 668 1
289 695 1
290 338 1
290 387 1
290 421 1
290 430 1
290 512 1
290 655 1
290 767 1
290 792 1
292 308 1
292 424 1
292 564 1
293 442 1
293 470 1
293 555 1
293 566 1
293 587 1
293 735 1
293 743 1
294 363 1
294 749 1
295 343 1
295 535 1
295 634 1
295 674 1
295 683 1
295 690 1
295 692 1
296 351 1
296 532 1
296 795 1
297 440 1
297 516 1
298 474 1
298 545 1
298 668 1
299 339 1
299 536 1
299 772 1
301 779 1
302 329 1
303 347 1
303 390 1
304 331 1
306 437 1
306 542 1
307 405 1
307 600 1
309 419 1
309 541 1
309 615 1
309 628 1
309 718 1
309 777 1
310 547 1
310 739 1
311 434 1
312 388 1
312 510 1
312 672 1
312 689 1
312 733 1
314 399 1
314 439 1
314 529 1
314 536 1
314 655 1
315 327 1
315 508 1
315 569 1
315 698 1
316 389 1
318 527 1
319 424 1
319 708 1
320 624 1
321 350 1
322 328 1
322 591 1
322 761 1
322 787 1
323 369 1
324 375 1
324 662 1
328 460 1
328 644 1
328 666 1
329 361 1
329 469 1
329 496 1
330 373 1
330 600 1
331 415 1
332 495 1
332 657 1
334 378 1
334 645 1
336 501 1
336 798 1
337 508 1
337 578 1
339 353 1
339 392 1
339 420 1
339 610 1
339 611 1
339 677 1
340 483 1
340 551 1
340 727 1
341 350 1
341 361 1
341 582 1
341 713 1
341 748 1
343 576 1
343 633 1
345 516 1
345 700 1
346 623 1
346 677 1
346 760 1
348 432 1
348 570 1
348 587 1
349 552 1
349 664 1
349 693 1
349 715 1
350 365 1
350 402 1
350 420 1
350 534 1
350 546 1
351 457 1
351 606 1
351 647 1
351 748 1
352 797 1
353 474 1
353 559 1
354 449 1
354 525 1
354 667 1
355 596 1
355 682 1
356 383 1
356 483 1
356 529 1
356 558 1
356 561 1
356 567 1
356 734 1
357 460 1
357 759 1
358 716 1
359 405 1
359 421 1
359 546 1
359 652 1
360 422 1
360 491 1
360 595 1
360 605 1
361 489 1
362 580 1
363 391 1
363 439 1
363 535 1
363 637 1
363 795 1
364 394 1
364 489 1
365 367 1
365 521 1
366 415 1
366 432 1
366 499 1
367 578 1
367 589 1
367 629 1
367 633 1
367 703 1
367 724 1
370 654 1
370 787 1
373 412 1
375 556 1
375 568 1
378 503 1
379 559 1
379 706 1
379 711 1
383 772 1
384 401 1
387 409 1
388 494 1
388 526 1
388 534 1
388 774 1
389 624 1
391 465 1
391 492 1
391 588 1
392 494 1
392 605 1
393 533 1
393 624 1
394 422 1
394 567 1
397 418 1
397 594 1
397 751 1
399 613 1
400 495 1
401 485 1
401 515 1
401 522 1
401 564 1
401 607 1
401 702 1
403 797 1
404 453 1
404 784 1
405 507 1
406 613 1
406 745 1
406 784 1
407 786 1
409 521 1
409 654 1
409 738 1
411 478 1
413 504 1
415 608 1
416 632 1
418 510 1
420 423 1
420 598 1
420 671 1
420 777 1
421 499 1
422 426 1
422 743 1
423 492 1
424 672 1
425 460 1
425 485 1
425 519 1
425 554 1
425 595 1
426 640 1
428 534 1
430 691 1
431 602 1
433 565 1
433 715 1
434 679 1
435 540 1
435 550 1
437 645 1
439 616 1
440 627 1
442 521 1
443 752 1
443 793 1
444 719 1
446 642 1
446 750 1
447 614 1
447 753 1
447 795 1
449 637 1
450 547 1
450 600 1
450 617 1
452 678 1
452 723 1
454 469 1
454 710 1
455 481 1
455 579 1
455 704 1
456 660 1
456 742 1
457 513 1
457 632 1
457 703 1
458 608 1
462 572 1
462 785 1
463 561 1
463 710 1
464 523 1
464 621 1
464 672 1
464 683 1
464 733 1
466 565 1
467 543 1
467 601 1
467 781 1
468 549 1
468 631 1
468 681 1
471 721 1
473 697 1
474 647 1
474 793 1
475 543 1
475 594 1
475 685 1
476 479 1
476 539 1
476 630 1
478 722 1
479 494 1
479 764 1
480 511 1
481 684 1
483 506 1
484 490 1
484 560 1
484 571 1
484 646 1
484 794 1
485 750 1
486 765 1
487 666 1
487 674 1
488 564 1
488 625 1
490 594 1
493 607 1
493 729 1
496 523 1
496 731 1
498 528 1
499 541 1
499 628 1
499 755 1
499 800 1
500 783 1
501 502 1
501 522 1
501 562 1
501 582 1
502 789 1
503 791 1
505 713 1
507 592 1
507 638 1
507 720 1
507 790 1
508 599 1
509 574 1
509 739 1
511 629 1
512 607 1
512 670 1
515 754 1
516 523 1
516 740 1
518 522 1
518 620 1
518 788 1
519 609 1
525 705 1
525 785 1
526 677 1
527 569 1
527 623 1
527 730 1
527 772 1
529 620 1
531 556 1
531 558 1
533 651 1
533 734 1
533 776 1
534 725 1
538 650 1
538 675 1
542 645 1
549 587 1
551 625 1
551 758 1
554 600 1
556 627 1
557 763 1
558 679 1
561 740 1
563 606 1
563 702 1
564 723 1
567 577 1
567 756 1
567 786 1
568 707 1
568 719 1
568 747 1
569 576 1
571 744 1
572 591 1
572 687 1
573 602 1
574 667 1
574 788 1
577 697 1
578 585 1
578 777 1
580 746 1
581 700 1
582 671 1
583 759 1
584 761 1
586 656 1
591 651 1
591 690 1
592 601 1
595 602 1
595 617 1
599 697 1
606 746 1
611 714 1
614 642 1
616 695 1
616 741 1
618 674 1
622 683 1
627 706 1
629 763 1
630 784 1
632 653 1
632 688 1
632 759 1
634 768 1
635 650 1
646 709 1
653 664 1
655 774 1
657 706 1
662 782 1
665 696 1
669 780 1
671 689 1
674 727 1
674 767 1
676 791 1
680 748 1
681 771 1
683 800 1
686 687 1
688 758 1
691 737 1
692 709 1
698 800 1
702 781 1
706 732 1
706 751 1
711 783 1
714 735 1
728 765 1
732 733 1
741 800 1
745 771 1
757 766 1
