700 2784 
1 2 1
1 3 1
1 4 1
1 5 1
1 6 1
1 7 1
1 8 1
1 10 1
1 13 1
1 19 1
1 20 1
1 21 1
1 24 1
1 26 1
1 34 1
1 36 1
1 44 1
1 53 1
1 56 1
1 58 1
1 67 1
1 101 1
1 107 1
1 138 1
1 159 1
1 181 1
1 183 1
1 187 1
1 190 1
1 192 1
1 222 1
1 223 1
1 247 1
1 259 1
1 306 1
1 344 1
1 358 1
1 360 1
1 367 1
1 388 1
1 401 1
1 406 1
1 418 1
1 420 1
1 422 1
1 435 1
1 436 1
1 452 1
1 455 1
1 460 1
1 493 1
1 496 1
1 505 1
1 518 1
1 522 1
1 587 1
1 589 1
1 604 1
1 624 1
1 648 1
1 656 1
1 699 1
2 6 1
2 8 1
2 9 1
2 11 1
2 14 1
2 15 1
2 20 1
2 21 1
2 24 1
2 29 1
2 36 1
2 38 1
2 40 1
2 42 1
2 49 1
2 50 1
2 71 1
2 73 1
2 78 1
2 87 1
2 111 1
2 123 1
2 153 1
2 167 1
2 171 1
2 210 1
2 211 1
2 231 1
2 238 1
2 261 1
2 270 1
2 345 1
2 379 1
2 390 1
2 428 1
2 430 1
2 471 1
2 531 1
2 533 1
2 542 1
2 577 1
2 606 1
2 612 1
2 620 1
2 635 1
3 6 1
3 7 1
3 9 1
3 10 1
3 12 1
3 13 1
3 14 1
3 16 1
3 23 1
3 32 1
3 37 1
3 50 1
3 55 1
3 65 1
3 83 1
3 88 1
3 98 1
3 102 1
3 106 1
3 108 1
3 116 1
3 120 1
3 146 1
3 157 1
3 169 1
3 172 1
3 173 1
3 222 1
3 235 1
3 239 1
3 258 1
3 266 1
3 268 1
3 279 1
3 313 1
3 346 1
3 386 1
3 388 1
3 464 1
3 494 1
3 507 1
3 516 1
3 517 1
3 539 1
3 661 1
3 678 1
3 679 1
4 7 1
4 24 1
4 272 1
4 463 1
5 6 1
5 7 1
5 9 1
5 10 1
5 15 1
5 16 1
5 26 1
5 29 1
5 43 1
5 45 1
5 52 1
5 53 1
5 60 1
5 126 1
5 154 1
5 177 1
5 196 1
5 203 1
5 204 1
5 227 1
5 237 1
5 249 1
5 290 1
5 297 1
5 330 1
5 343 1
5 345 1
5 347 1
5 365 1
5 387 1
5 440 1
5 460 1
5 472 1
5 483 1
5 489 1
5 509 1
5 520 1
5 523 1
5 537 1
5 623 1
5 660 1
5 667 1
5 673 1
6 8 1
6 9 1
6 15 1
6 18 1
6 22 1
6 23 1
6 27 1
6 30 1
6 34 1
6 35 1
6 41 1
6 42 1
6 51 1
6 59 1
6 62 1
6 63 1
6 66 1
6 78 1
6 79 1
6 84 1
6 90 1
6 96 1
6 97 1
6 98 1
6 103 1
6 112 1
6 113 1
6 114 1
6 117 1
6 118 1
6 121 1
6 127 1
6 132 1
6 145 1
6 150 1
6 161 1
6 165 1
6 174 1
6 188 1
6 201 1
6 212 1
6 224 1
6 243 1
6 246 1
6 247 1
6 268 1
6 272 1
6 294 1
6 295 1
6 303 1
6 318 1
6 349 1
6 357 1
6 361 1
6 367 1
6 369 1
6 380 1
6 383 1
6 392 1
6 399 1
6 410 1
6 420 1
6 430 1
6 450 1
6 465 1
6 497 1
6 504 1
6 513 1
6 525 1
6 558 1
6 570 1
6 585 1
6 603 1
6 655 1
6 659 1
6 662 1
6 690 1
7 8 1
7 10 1
7 11 1
7 12 1
7 13 1
7 17 1
7 19 1
7 20 1
7 26 1
7 31 1
7 36 1
7 39 1
7 48 1
7 52 1
7 62 1
7 63 1
7 64 1
7 70 1
7 71 1
7 75 1
7 84 1
7 95 1
7 104 1
7 111 1
7 120 1
7 131 1
7 152 1
7 157 1
7 159 1
7 163 1
7 169 1
7 175 1
7 197 1
7 198 1
7 201 1
7 209 1
7 212 1
7 213 1
7 214 1
7 216 1
7 244 1
7 248 1
7 251 1
7 254 1
7 264 1
7 267 1
7 282 1
7 285 1
7 288 1
7 309 1
7 314 1
7 333 1
7 344 1
7 346 1
7 352 1
7 390 1
7 423 1
7 439 1
7 452 1
7 458 1
7 485 1
7 494 1
7 502 1
7 521 1
7 528 1
7 537 1
7 555 1
7 562 1
7 587 1
7 588 1
7 590 1
7 591 1
7 595 1
7 598 1
7 628 1
7 640 1
7 667 1
7 684 1
7 699 1
8 11 1
8 14 1
8 15 1
8 18 1
8 29 1
8 32 1
8 38 1
8 44 1
8 58 1
8 61 1
8 77 1
8 81 1
8 82 1
8 108 1
8 111 1
8 116 1
8 117 1
8 118 1
8 135 1
8 153 1
8 159 1
8 160 1
8 172 1
8 183 1
8 193 1
8 194 1
8 216 1
8 262 1
8 340 1
8 351 1
8 352 1
8 356 1
8 366 1
8 377 1
8 389 1
8 391 1
8 394 1
8 404 1
8 413 1
8 425 1
8 465 1
8 503 1
8 505 1
8 530 1
8 564 1
8 569 1
8 582 1
8 593 1
8 621 1
8 642 1
9 12 1
9 13 1
9 16 1
9 17 1
9 21 1
9 25 1
9 39 1
9 46 1
9 72 1
9 98 1
9 101 1
9 114 1
9 122 1
9 130 1
9 159 1
9 167 1
9 192 1
9 196 1
9 226 1
9 253 1
9 294 1
9 343 1
9 504 1
9 519 1
9 547 1
9 566 1
9 595 1
9 627 1
9 644 1
9 679 1
10 11 1
10 12 1
10 21 1
10 47 1
10 69 1
10 77 1
10 96 1
10 97 1
10 105 1
10 113 1
10 127 1
10 130 1
10 177 1
10 207 1
10 214 1
10 225 1
10 275 1
10 334 1
10 362 1
10 381 1
10 422 1
10 453 1
10 461 1
10 467 1
10 518 1
10 546 1
10 558 1
10 559 1
10 596 1
10 644 1
10 670 1
10 688 1
11 18 1
11 20 1
11 28 1
11 41 1
11 46 1
11 50 1
11 51 1
11 54 1
11 55 1
11 58 1
11 64 1
11 74 1
11 86 1
11 109 1
11 115 1
11 119 1
11 120 1
11 122 1
11 136 1
11 178 1
11 180 1
11 202 1
11 215 1
11 228 1
11 263 1
11 299 1
11 339 1
11 359 1
11 393 1
11 394 1
11 398 1
11 400 1
11 411 1
11 414 1
11 435 1
11 443 1
11 469 1
11 481 1
11 524 1
11 536 1
11 544 1
11 556 1
11 583 1
11 605 1
11 617 1
11 627 1
11 643 1
12 19 1
12 22 1
12 24 1
12 27 1
12 40 1
12 42 1
12 61 1
12 62 1
12 68 1
12 135 1
12 144 1
12 290 1
12 397 1
12 449 1
12 501 1
12 582 1
12 644 1
13 14 1
13 22 1
13 28 1
13 33 1
13 36 1
13 44 1
13 51 1
13 52 1
13 56 1
13 58 1
13 62 1
13 67 1
13 69 1
13 104 1
13 158 1
13 223 1
13 248 1
13 297 1
13 306 1
13 308 1
13 326 1
13 341 1
13 344 1
13 399 1
13 416 1
13 438 1
13 487 1
13 552 1
13 553 1
13 574 1
13 597 1
13 599 1
13 626 1
13 678 1
14 16 1
14 17 1
14 25 1
14 28 1
14 33 1
14 57 1
14 87 1
14 90 1
14 92 1
14 99 1
14 100 1
14 104 1
14 115 1
14 128 1
14 148 1
14 153 1
14 160 1
14 196 1
14 204 1
14 209 1
14 218 1
14 225 1
14 241 1
14 244 1
14 245 1
14 257 1
14 263 1
14 273 1
14 287 1
14 317 1
14 337 1
14 385 1
14 397 1
14 416 1
14 441 1
14 448 1
14 452 1
14 468 1
14 477 1
14 540 1
14 555 1
14 573 1
14 586 1
14 622 1
14 625 1
14 648 1
14 666 1
14 681 1
15 17 1
15 18 1
15 27 1
15 28 1
15 30 1
15 60 1
15 69 1
15 74 1
15 77 1
15 81 1
15 88 1
15 137 1
15 169 1
15 174 1
15 212 1
15 249 1
15 270 1
15 303 1
15 309 1
15 310 1
15 402 1
15 425 1
15 506 1
15 586 1
15 609 1
15 665 1
15 680 1
15 692 1
16 27 1
16 31 1
16 37 1
16 57 1
16 59 1
16 67 1
16 91 1
16 134 1
16 162 1
16 180 1
16 198 1
16 227 1
16 231 1
16 239 1
16 270 1
16 286 1
16 320 1
16 322 1
16 417 1
16 478 1
16 596 1
16 690 1
17 23 1
17 25 1
17 46 1
17 60 1
17 85 1
17 124 1
17 130 1
17 150 1
17 163 1
17 181 1
17 215 1
17 231 1
17 233 1
17 250 1
17 259 1
17 265 1
17 316 1
17 328 1
17 334 1
17 351 1
17 355 1
17 370 1
17 386 1
17 411 1
17 440 1
17 441 1
17 465 1
17 485 1
17 497 1
17 500 1
17 516 1
17 576 1
17 589 1
17 687 1
18 19 1
18 30 1
18 35 1
18 71 1
18 72 1
18 101 1
18 157 1
18 173 1
18 186 1
18 193 1
18 199 1
18 255 1
18 307 1
18 375 1
18 404 1
18 436 1
18 456 1
18 510 1
18 567 1
19 22 1
19 23 1
19 25 1
19 32 1
19 33 1
19 40 1
19 47 1
19 52 1
19 56 1
19 64 1
19 82 1
19 88 1
19 102 1
19 106 1
19 119 1
19 122 1
19 134 1
19 146 1
19 155 1
19 170 1
19 191 1
19 199 1
19 204 1
19 215 1
19 235 1
19 236 1
19 269 1
19 321 1
19 336 1
19 384 1
19 424 1
19 428 1
19 544 1
19 592 1
19 600 1
19 617 1
19 632 1
19 643 1
19 646 1
19 680 1
19 696 1
20 30 1
20 34 1
20 45 1
20 48 1
20 51 1
20 55 1
20 81 1
20 88 1
20 100 1
20 103 1
20 116 1
20 133 1
20 154 1
20 162 1
20 175 1
20 192 1
20 203 1
20 248 1
20 255 1
20 279 1
20 294 1
20 303 1
20 311 1
20 320 1
20 341 1
20 343 1
20 348 1
20 369 1
20 372 1
20 381 1
20 382 1
20 416 1
20 423 1
20 427 1
20 434 1
20 463 1
20 476 1
20 520 1
20 564 1
20 574 1
20 581 1
20 585 1
20 608 1
20 686 1
21 33 1
21 34 1
21 38 1
21 40 1
21 76 1
21 95 1
21 108 1
21 140 1
21 144 1
21 163 1
21 172 1
21 221 1
21 226 1
21 289 1
21 296 1
21 378 1
21 395 1
21 420 1
21 434 1
21 446 1
21 454 1
21 456 1
21 460 1
21 490 1
21 496 1
21 501 1
21 533 1
21 548 1
21 567 1
21 573 1
21 579 1
21 639 1
21 654 1
21 668 1
21 678 1
21 691 1
22 26 1
22 41 1
22 43 1
22 48 1
22 65 1
22 66 1
22 68 1
22 70 1
22 75 1
22 84 1
22 133 1
22 229 1
22 239 1
22 253 1
22 269 1
22 291 1
22 319 1
22 382 1
22 400 1
22 413 1
22 437 1
22 479 1
22 580 1
22 625 1
22 677 1
23 133 1
23 309 1
23 332 1
23 334 1
23 371 1
23 387 1
23 464 1
23 466 1
24 32 1
24 35 1
24 71 1
24 97 1
24 228 1
24 234 1
24 251 1
24 280 1
24 284 1
24 386 1
24 433 1
24 486 1
24 569 1
24 578 1
24 591 1
25 31 1
25 46 1
25 56 1
25 65 1
25 79 1
25 94 1
25 99 1
25 132 1
25 174 1
25 188 1
25 221 1
25 240 1
25 259 1
25 274 1
25 283 1
25 321 1
25 328 1
25 463 1
25 577 1
25 607 1
25 669 1
26 31 1
26 35 1
26 38 1
26 43 1
26 45 1
26 47 1
26 54 1
26 85 1
26 110 1
26 111 1
26 176 1
26 180 1
26 182 1
26 184 1
26 210 1
26 216 1
26 267 1
26 278 1
26 353 1
26 358 1
26 397 1
26 432 1
26 458 1
26 471 1
26 488 1
26 502 1
26 545 1
26 559 1
26 565 1
26 589 1
26 604 1
26 607 1
26 616 1
26 634 1
26 639 1
26 647 1
26 650 1
26 661 1
26 684 1
26 691 1
27 29 1
27 44 1
27 48 1
27 49 1
27 78 1
27 108 1
27 113 1
27 114 1
27 187 1
27 236 1
27 247 1
27 278 1
27 316 1
27 323 1
27 342 1
27 346 1
27 383 1
27 387 1
27 399 1
27 437 1
27 439 1
27 450 1
27 451 1
27 470 1
27 525 1
27 538 1
27 582 1
28 45 1
28 49 1
28 53 1
28 63 1
28 125 1
28 129 1
28 133 1
28 156 1
28 176 1
28 237 1
28 241 1
28 246 1
28 252 1
28 255 1
28 260 1
28 310 1
28 369 1
28 393 1
28 404 1
28 421 1
28 427 1
28 432 1
28 436 1
28 445 1
28 448 1
28 453 1
28 459 1
28 478 1
28 542 1
28 552 1
28 554 1
28 555 1
28 580 1
28 606 1
28 608 1
28 646 1
29 37 1
29 39 1
29 57 1
29 83 1
29 86 1
29 87 1
29 93 1
29 137 1
29 146 1
29 148 1
29 157 1
29 158 1
29 168 1
29 171 1
29 182 1
29 211 1
29 231 1
29 240 1
29 260 1
29 270 1
29 281 1
29 300 1
29 335 1
29 336 1
29 353 1
29 373 1
29 403 1
29 408 1
29 424 1
29 446 1
29 508 1
29 539 1
29 640 1
29 662 1
29 663 1
29 665 1
29 695 1
29 700 1
30 54 1
30 141 1
30 165 1
30 207 1
30 438 1
30 444 1
30 485 1
30 492 1
30 500 1
30 506 1
30 577 1
30 602 1
30 629 1
31 152 1
31 165 1
31 674 1
32 59 1
32 67 1
32 69 1
32 89 1
32 94 1
32 154 1
32 175 1
32 184 1
32 190 1
32 216 1
32 243 1
32 254 1
32 298 1
32 343 1
32 350 1
32 364 1
32 379 1
32 490 1
32 493 1
33 39 1
33 49 1
33 50 1
33 76 1
33 92 1
33 109 1
33 118 1
33 265 1
33 306 1
33 486 1
33 493 1
33 517 1
33 531 1
33 547 1
33 610 1
34 47 1
34 64 1
34 225 1
34 251 1
34 279 1
34 329 1
34 392 1
34 435 1
34 512 1
34 527 1
34 669 1
35 55 1
35 83 1
35 109 1
35 149 1
35 162 1
35 179 1
35 194 1
35 274 1
35 293 1
35 474 1
35 484 1
35 583 1
35 621 1
35 675 1
35 687 1
36 37 1
36 41 1
36 42 1
36 65 1
36 72 1
36 94 1
36 138 1
36 145 1
36 151 1
36 173 1
36 176 1
36 202 1
36 301 1
36 347 1
36 376 1
36 409 1
36 505 1
36 645 1
36 657 1
37 354 1
37 610 1
37 653 1
38 43 1
38 53 1
38 54 1
38 83 1
38 92 1
38 93 1
38 163 1
38 285 1
38 313 1
38 325 1
38 443 1
38 446 1
38 629 1
38 683 1
39 70 1
39 90 1
39 95 1
39 107 1
39 179 1
39 192 1
39 205 1
39 238 1
39 250 1
39 282 1
39 297 1
39 324 1
39 327 1
39 354 1
39 670 1
39 674 1
40 66 1
40 76 1
40 190 1
40 197 1
40 465 1
40 500 1
40 551 1
41 68 1
41 124 1
41 145 1
41 155 1
41 314 1
41 517 1
41 563 1
41 573 1
41 575 1
41 598 1
41 606 1
41 673 1
42 80 1
42 112 1
42 166 1
42 175 1
42 189 1
42 233 1
42 298 1
42 300 1
42 351 1
42 395 1
42 455 1
43 90 1
43 131 1
43 199 1
43 222 1
43 266 1
43 281 1
43 301 1
43 337 1
43 630 1
44 73 1
44 101 1
44 166 1
44 243 1
44 285 1
44 515 1
44 520 1
45 60 1
45 76 1
45 96 1
45 124 1
45 138 1
45 342 1
45 348 1
45 375 1
45 393 1
45 396 1
45 401 1
45 663 1
45 680 1
45 688 1
46 86 1
46 107 1
46 130 1
46 147 1
46 278 1
46 295 1
46 316 1
46 597 1
46 604 1
46 652 1
47 79 1
47 96 1
47 142 1
47 164 1
47 169 1
47 207 1
47 232 1
47 254 1
47 400 1
47 418 1
48 148 1
48 201 1
48 217 1
48 442 1
49 119 1
49 152 1
49 161 1
49 355 1
49 366 1
49 378 1
49 408 1
49 459 1
49 546 1
49 653 1
50 57 1
50 61 1
50 85 1
50 105 1
50 151 1
50 241 1
50 319 1
50 332 1
50 390 1
50 411 1
50 467 1
50 492 1
50 635 1
51 59 1
51 77 1
51 91 1
51 136 1
51 138 1
51 178 1
51 201 1
51 218 1
51 220 1
51 357 1
51 365 1
51 380 1
51 477 1
51 553 1
52 68 1
52 70 1
52 106 1
52 112 1
52 115 1
52 149 1
52 166 1
52 256 1
52 314 1
52 336 1
52 470 1
53 63 1
53 72 1
53 73 1
53 75 1
53 117 1
53 140 1
53 141 1
53 227 1
53 229 1
53 304 1
53 350 1
53 384 1
53 396 1
53 417 1
53 491 1
54 146 1
54 272 1
54 328 1
54 373 1
54 469 1
54 507 1
54 682 1
54 685 1
54 686 1
55 61 1
55 118 1
55 250 1
55 254 1
55 385 1
56 95 1
56 100 1
56 326 1
56 540 1
56 611 1
57 73 1
57 93 1
57 143 1
57 327 1
57 575 1
58 125 1
58 398 1
58 557 1
59 74 1
59 80 1
59 84 1
59 123 1
59 139 1
59 167 1
59 186 1
59 318 1
59 348 1
59 364 1
59 436 1
59 522 1
59 689 1
60 136 1
60 140 1
60 200 1
60 421 1
60 433 1
60 437 1
60 500 1
61 127 1
61 229 1
61 236 1
61 237 1
61 261 1
61 266 1
61 277 1
61 292 1
61 320 1
61 421 1
61 458 1
61 529 1
61 546 1
61 567 1
61 568 1
61 615 1
61 618 1
61 679 1
61 699 1
62 110 1
62 116 1
62 125 1
62 218 1
62 242 1
62 328 1
62 344 1
62 459 1
62 515 1
62 588 1
62 615 1
62 651 1
62 682 1
63 80 1
63 99 1
63 182 1
63 324 1
63 327 1
63 337 1
63 361 1
63 412 1
63 511 1
63 578 1
63 583 1
63 652 1
63 692 1
64 240 1
64 366 1
64 404 1
64 553 1
64 655 1
65 66 1
65 102 1
65 149 1
65 273 1
65 346 1
65 564 1
65 571 1
66 105 1
66 223 1
66 245 1
66 326 1
66 364 1
66 405 1
66 476 1
67 547 1
67 597 1
67 675 1
68 93 1
68 129 1
68 246 1
68 325 1
69 81 1
69 85 1
69 143 1
69 149 1
69 253 1
69 294 1
69 473 1
69 485 1
69 683 1
70 87 1
70 89 1
70 171 1
70 181 1
70 200 1
70 349 1
70 399 1
70 426 1
70 434 1
70 569 1
70 581 1
70 663 1
71 91 1
71 121 1
71 182 1
71 195 1
71 276 1
71 322 1
71 484 1
71 531 1
72 129 1
72 219 1
72 356 1
73 74 1
73 79 1
73 115 1
73 123 1
73 155 1
73 198 1
73 212 1
73 227 1
73 233 1
73 261 1
73 275 1
73 280 1
73 286 1
73 307 1
73 313 1
73 331 1
73 375 1
73 415 1
73 431 1
73 457 1
73 467 1
73 620 1
73 700 1
74 75 1
74 78 1
74 82 1
74 94 1
74 184 1
74 187 1
74 245 1
74 289 1
74 292 1
74 388 1
74 470 1
74 554 1
74 601 1
74 672 1
75 91 1
75 113 1
75 143 1
75 330 1
76 355 1
76 533 1
77 82 1
77 162 1
78 80 1
78 105 1
78 126 1
78 155 1
78 230 1
78 267 1
78 363 1
78 408 1
78 457 1
78 533 1
78 539 1
78 612 1
78 619 1
78 629 1
78 658 1
78 688 1
79 114 1
79 132 1
79 249 1
79 265 1
79 331 1
79 368 1
79 580 1
80 110 1
80 128 1
80 151 1
80 161 1
80 185 1
80 189 1
80 232 1
80 234 1
80 277 1
80 366 1
80 505 1
80 551 1
80 585 1
80 611 1
80 621 1
80 636 1
81 103 1
81 209 1
82 271 1
82 464 1
83 125 1
83 605 1
84 97 1
84 103 1
84 123 1
84 128 1
84 142 1
84 143 1
84 156 1
84 278 1
84 283 1
84 381 1
84 501 1
84 517 1
84 541 1
84 606 1
84 625 1
85 86 1
85 120 1
85 121 1
85 134 1
85 139 1
85 178 1
85 188 1
85 271 1
85 281 1
85 296 1
85 303 1
85 391 1
85 398 1
85 479 1
85 569 1
86 89 1
86 102 1
86 127 1
86 139 1
86 179 1
86 322 1
86 412 1
86 420 1
86 447 1
86 514 1
86 586 1
87 402 1
87 430 1
87 523 1
88 89 1
88 124 1
88 131 1
88 152 1
88 176 1
88 210 1
88 271 1
88 415 1
88 433 1
88 548 1
88 563 1
88 614 1
88 671 1
89 181 1
89 590 1
90 128 1
90 142 1
90 144 1
90 185 1
90 210 1
90 252 1
90 260 1
90 393 1
90 424 1
90 487 1
90 530 1
90 575 1
90 685 1
91 92 1
91 100 1
91 131 1
91 135 1
91 164 1
91 170 1
91 183 1
91 197 1
91 223 1
91 230 1
91 286 1
91 311 1
91 315 1
91 335 1
91 340 1
91 429 1
91 471 1
91 493 1
91 584 1
92 99 1
92 184 1
92 228 1
92 235 1
92 304 1
92 508 1
93 109 1
93 112 1
93 121 1
93 164 1
93 168 1
93 274 1
93 467 1
93 472 1
93 619 1
93 684 1
94 178 1
94 263 1
94 277 1
94 312 1
94 338 1
94 373 1
94 383 1
94 643 1
94 656 1
95 262 1
95 403 1
96 98 1
96 147 1
96 164 1
96 232 1
96 276 1
96 331 1
96 338 1
96 358 1
96 601 1
97 104 1
97 106 1
97 110 1
97 119 1
97 147 1
97 193 1
97 242 1
97 275 1
97 311 1
97 341 1
97 402 1
97 496 1
97 587 1
97 612 1
98 301 1
98 481 1
98 509 1
99 142 1
99 170 1
99 296 1
99 304 1
99 414 1
100 107 1
100 117 1
100 129 1
100 189 1
100 264 1
100 559 1
100 639 1
101 122 1
101 275 1
101 380 1
101 474 1
101 523 1
101 612 1
101 657 1
102 156 1
102 166 1
102 171 1
102 226 1
102 237 1
102 289 1
102 329 1
102 457 1
102 497 1
102 558 1
102 697 1
103 126 1
103 136 1
103 221 1
103 230 1
103 447 1
103 577 1
104 194 1
104 222 1
104 355 1
104 514 1
105 160 1
105 189 1
105 226 1
105 293 1
105 375 1
105 519 1
105 559 1
105 623 1
105 649 1
106 167 1
106 185 1
106 233 1
106 318 1
106 392 1
106 425 1
106 634 1
107 173 1
107 214 1
107 315 1
107 414 1
107 443 1
107 461 1
107 620 1
108 144 1
108 190 1
108 211 1
108 243 1
108 251 1
108 257 1
108 280 1
108 326 1
108 352 1
109 287 1
109 299 1
110 229 1
110 528 1
111 141 1
112 126 1
112 158 1
112 256 1
112 340 1
112 377 1
112 441 1
112 628 1
112 632 1
113 277 1
113 495 1
113 623 1
113 648 1
113 687 1
113 693 1
114 486 1
114 516 1
114 681 1
115 203 1
115 230 1
116 132 1
116 195 1
116 234 1
116 244 1
116 354 1
116 481 1
116 527 1
116 673 1
116 683 1
116 695 1
116 698 1
117 217 1
117 252 1
117 313 1
117 401 1
117 461 1
118 139 1
118 174 1
118 191 1
118 218 1
118 622 1
119 257 1
119 357 1
119 409 1
119 565 1
120 194 1
120 426 1
120 657 1
121 158 1
121 319 1
121 360 1
121 431 1
121 444 1
121 462 1
121 526 1
121 534 1
121 596 1
121 643 1
122 135 1
122 140 1
122 153 1
122 161 1
122 165 1
122 172 1
122 211 1
122 234 1
122 253 1
122 287 1
122 299 1
122 336 1
122 372 1
122 398 1
122 427 1
122 545 1
122 582 1
122 596 1
123 137 1
123 205 1
123 247 1
123 250 1
123 274 1
123 495 1
123 549 1
124 147 1
124 180 1
124 199 1
124 206 1
124 208 1
124 224 1
124 287 1
124 312 1
124 318 1
124 337 1
124 362 1
124 370 1
124 405 1
124 409 1
124 449 1
124 475 1
124 494 1
124 496 1
124 581 1
124 599 1
124 621 1
124 635 1
124 645 1
124 656 1
125 134 1
125 202 1
125 276 1
125 338 1
125 384 1
125 572 1
126 262 1
126 492 1
127 228 1
127 519 1
127 601 1
128 339 1
128 622 1
129 145 1
129 302 1
129 417 1
130 219 1
130 354 1
130 432 1
130 567 1
131 137 1
131 141 1
131 154 1
131 268 1
131 317 1
131 347 1
131 371 1
131 382 1
131 504 1
131 540 1
131 594 1
131 671 1
131 686 1
133 150 1
133 694 1
134 217 1
135 498 1
136 186 1
136 368 1
137 594 1
138 191 1
138 202 1
138 341 1
138 534 1
138 538 1
138 598 1
138 608 1
138 627 1
138 650 1
138 665 1
139 592 1
139 633 1
140 200 1
140 242 1
140 535 1
141 269 1
141 654 1
142 151 1
142 220 1
142 238 1
142 538 1
142 561 1
142 619 1
143 150 1
143 177 1
143 204 1
143 414 1
143 419 1
143 483 1
143 524 1
143 593 1
143 700 1
144 148 1
144 160 1
144 177 1
144 280 1
144 290 1
144 309 1
144 365 1
144 371 1
144 405 1
144 444 1
144 479 1
144 526 1
144 551 1
145 330 1
146 389 1
147 468 1
147 528 1
148 308 1
148 315 1
148 425 1
148 519 1
148 613 1
149 168 1
149 187 1
149 321 1
149 427 1
149 613 1
149 614 1
151 220 1
151 273 1
151 428 1
151 535 1
151 594 1
151 698 1
152 514 1
152 534 1
152 549 1
153 256 1
153 370 1
153 491 1
153 640 1
154 156 1
154 288 1
154 300 1
154 401 1
154 407 1
154 503 1
154 512 1
154 541 1
154 633 1
154 681 1
155 407 1
156 549 1
156 660 1
157 183 1
157 191 1
157 196 1
157 219 1
157 291 1
157 335 1
157 363 1
157 400 1
157 462 1
157 565 1
157 571 1
158 170 1
158 205 1
158 358 1
158 529 1
159 322 1
159 466 1
159 510 1
160 207 1
160 349 1
160 610 1
160 695 1
161 224 1
161 510 1
161 593 1
162 186 1
162 224 1
162 480 1
162 487 1
163 203 1
163 213 1
163 356 1
163 360 1
163 407 1
163 445 1
163 522 1
163 609 1
163 642 1
164 374 1
164 580 1
165 168 1
165 238 1
165 245 1
165 267 1
165 293 1
165 334 1
165 340 1
165 499 1
165 508 1
165 561 1
165 604 1
167 308 1
167 312 1
167 405 1
167 549 1
167 641 1
168 305 1
168 560 1
169 349 1
169 491 1
170 385 1
170 441 1
171 367 1
171 677 1
172 292 1
172 423 1
173 246 1
173 295 1
173 478 1
173 646 1
173 674 1
173 687 1
174 179 1
174 273 1
174 305 1
174 314 1
174 402 1
174 410 1
174 413 1
174 460 1
174 630 1
175 206 1
175 282 1
175 323 1
175 361 1
175 385 1
176 412 1
177 206 1
177 302 1
179 342 1
179 429 1
180 362 1
180 482 1
180 638 1
181 197 1
181 209 1
181 213 1
181 276 1
181 490 1
181 566 1
182 200 1
182 208 1
182 304 1
182 457 1
183 579 1
183 591 1
184 185 1
184 188 1
184 205 1
184 208 1
184 219 1
184 225 1
184 240 1
184 258 1
184 325 1
184 333 1
184 429 1
184 448 1
184 459 1
184 487 1
184 540 1
184 618 1
184 626 1
184 630 1
184 672 1
184 685 1
186 236 1
186 288 1
186 351 1
186 403 1
186 443 1
186 452 1
186 494 1
186 616 1
187 198 1
187 213 1
187 232 1
187 261 1
187 284 1
187 302 1
187 442 1
187 456 1
187 525 1
187 613 1
188 574 1
189 268 1
189 286 1
189 575 1
189 590 1
190 284 1
190 312 1
190 325 1
191 193 1
191 195 1
191 333 1
191 658 1
192 195 1
192 206 1
192 220 1
192 350 1
193 244 1
193 264 1
193 265 1
193 305 1
193 333 1
193 468 1
193 473 1
195 214 1
195 215 1
195 217 1
195 239 1
195 345 1
195 406 1
196 610 1
197 526 1
197 611 1
197 675 1
197 698 1
198 492 1
198 503 1
199 208 1
200 290 1
200 386 1
200 416 1
200 439 1
200 477 1
201 272 1
201 338 1
201 624 1
202 263 1
202 462 1
204 242 1
204 374 1
205 221 1
205 264 1
205 293 1
205 512 1
205 679 1
207 281 1
207 626 1
207 651 1
208 571 1
209 235 1
209 302 1
209 657 1
209 658 1
210 320 1
210 406 1
210 536 1
210 637 1
211 509 1
212 255 1
212 262 1
212 450 1
212 545 1
212 675 1
212 676 1
213 257 1
213 297 1
213 429 1
213 495 1
213 638 1
215 241 1
215 356 1
215 369 1
215 382 1
215 634 1
216 271 1
216 514 1
216 655 1
217 310 1
217 329 1
217 361 1
217 524 1
217 542 1
217 646 1
219 259 1
219 284 1
219 299 1
219 376 1
219 388 1
219 632 1
220 258 1
220 296 1
220 513 1
220 666 1
220 676 1
221 249 1
221 282 1
221 285 1
221 359 1
221 372 1
221 395 1
221 556 1
222 451 1
222 571 1
223 357 1
223 371 1
223 387 1
223 607 1
223 617 1
223 695 1
225 295 1
225 374 1
225 379 1
225 431 1
225 502 1
225 563 1
225 595 1
226 448 1
226 666 1
227 266 1
227 327 1
228 380 1
228 602 1
228 642 1
229 359 1
229 372 1
229 442 1
229 515 1
229 588 1
229 634 1
231 376 1
231 566 1
231 697 1
232 308 1
232 310 1
232 411 1
233 248 1
233 256 1
233 332 1
234 300 1
234 661 1
235 477 1
235 689 1
237 434 1
237 466 1
237 553 1
238 463 1
239 311 1
239 323 1
239 696 1
241 258 1
241 305 1
241 321 1
241 330 1
241 413 1
242 269 1
242 307 1
242 491 1
242 647 1
243 317 1
243 379 1
244 324 1
244 360 1
245 331 1
245 373 1
245 428 1
245 480 1
245 630 1
248 283 1
248 417 1
248 483 1
249 252 1
250 537 1
251 458 1
251 625 1
251 633 1
252 638 1
254 440 1
254 499 1
254 599 1
255 283 1
255 288 1
255 339 1
255 367 1
255 444 1
255 469 1
255 490 1
256 672 1
257 410 1
258 323 1
258 378 1
258 650 1
259 260 1
259 279 1
259 392 1
259 652 1
260 298 1
260 315 1
260 377 1
260 419 1
260 431 1
260 631 1
260 668 1
262 289 1
262 342 1
262 455 1
262 507 1
262 511 1
263 671 1
264 301 1
264 316 1
264 424 1
264 504 1
265 291 1
266 550 1
268 329 1
268 363 1
268 381 1
268 480 1
270 368 1
270 550 1
270 641 1
270 659 1
271 306 1
271 317 1
271 578 1
273 476 1
274 671 1
275 374 1
275 445 1
275 623 1
276 292 1
276 298 1
276 616 1
277 345 1
277 498 1
277 532 1
277 641 1
278 461 1
280 364 1
281 291 1
281 324 1
281 347 1
281 592 1
281 664 1
282 368 1
282 419 1
282 455 1
282 479 1
282 572 1
282 631 1
282 696 1
283 319 1
283 445 1
283 554 1
285 480 1
285 484 1
285 613 1
285 690 1
287 440 1
289 527 1
290 615 1
291 395 1
291 482 1
293 541 1
294 332 1
294 435 1
294 454 1
295 475 1
295 489 1
297 579 1
298 551 1
300 472 1
302 307 1
303 419 1
303 605 1
304 488 1
304 503 1
304 507 1
304 520 1
306 447 1
306 584 1
308 350 1
308 359 1
308 515 1
308 542 1
308 544 1
308 573 1
308 651 1
308 673 1
309 365 1
309 438 1
310 584 1
310 636 1
310 670 1
312 396 1
312 422 1
312 499 1
313 352 1
313 600 1
313 678 1
313 691 1
314 339 1
314 506 1
314 669 1
315 422 1
315 637 1
316 396 1
317 412 1
317 454 1
317 626 1
318 383 1
318 391 1
319 408 1
319 587 1
319 649 1
320 650 1
321 437 1
322 464 1
322 475 1
322 498 1
322 506 1
322 568 1
322 660 1
323 535 1
325 335 1
325 384 1
325 418 1
325 447 1
325 566 1
326 686 1
327 353 1
327 362 1
327 415 1
327 588 1
327 615 1
328 348 1
328 486 1
328 693 1
329 446 1
329 449 1
332 539 1
332 656 1
332 667 1
335 562 1
335 574 1
336 482 1
337 469 1
337 557 1
338 370 1
340 418 1
343 377 1
343 389 1
343 561 1
345 407 1
346 409 1
346 426 1
347 376 1
347 526 1
347 583 1
347 629 1
347 639 1
348 353 1
348 394 1
348 454 1
348 488 1
348 665 1
348 667 1
348 680 1
349 403 1
349 481 1
349 498 1
352 510 1
352 600 1
352 605 1
353 631 1
355 488 1
357 474 1
357 475 1
357 570 1
357 654 1
358 378 1
358 647 1
359 406 1
360 363 1
360 616 1
362 390 1
362 442 1
363 421 1
363 684 1
364 456 1
365 541 1
365 632 1
365 694 1
368 518 1
368 694 1
369 415 1
369 489 1
369 560 1
371 410 1
371 532 1
371 595 1
371 693 1
372 389 1
372 453 1
372 482 1
373 439 1
373 478 1
375 470 1
375 471 1
375 536 1
375 694 1
376 474 1
376 543 1
378 530 1
379 391 1
379 468 1
380 513 1
381 532 1
382 654 1
384 592 1
384 666 1
387 394 1
387 450 1
388 617 1
389 426 1
390 676 1
391 564 1
392 397 1
392 466 1
392 543 1
392 697 1
394 432 1
394 579 1
396 489 1
396 576 1
396 645 1
397 535 1
398 423 1
398 433 1
399 497 1
400 438 1
400 449 1
400 543 1
402 660 1
403 430 1
403 501 1
403 547 1
403 593 1
404 689 1
405 693 1
406 483 1
407 516 1
408 556 1
409 522 1
410 591 1
414 537 1
415 523 1
415 524 1
415 662 1
417 473 1
417 548 1
417 550 1
417 552 1
417 568 1
417 698 1
417 700 1
418 473 1
418 570 1
418 578 1
419 521 1
420 511 1
420 525 1
421 538 1
422 511 1
422 544 1
424 451 1
425 532 1
426 508 1
426 572 1
426 691 1
429 529 1
429 555 1
430 462 1
430 624 1
432 472 1
432 528 1
432 655 1
433 495 1
436 509 1
436 670 1
436 692 1
437 649 1
438 518 1
438 570 1
439 603 1
440 499 1
442 637 1
445 560 1
446 451 1
446 530 1
447 476 1
447 562 1
449 453 1
452 682 1
454 562 1
456 502 1
457 664 1
458 513 1
458 647 1
458 674 1
459 556 1
464 531 1
464 590 1
465 512 1
465 602 1
466 529 1
466 652 1
469 609 1
470 558 1
470 565 1
470 642 1
471 546 1
472 534 1
472 545 1
472 631 1
473 568 1
475 543 1
476 659 1
477 521 1
481 484 1
482 622 1
484 608 1
486 560 1
488 557 1
489 692 1
490 548 1
491 664 1
492 527 1
493 683 1
500 672 1
503 557 1
503 681 1
504 536 1
505 597 1
506 618 1
507 600 1
508 636 1
512 589 1
512 609 1
513 521 1
513 677 1
518 611 1
518 669 1
521 550 1
522 563 1
522 614 1
522 640 1
525 576 1
526 648 1
527 581 1
527 659 1
528 584 1
530 601 1
533 561 1
535 585 1
537 586 1
540 602 1
542 552 1
542 572 1
544 554 1
547 594 1
547 598 1
551 620 1
554 614 1
555 624 1
559 696 1
560 576 1
561 644 1
566 628 1
571 628 1
574 618 1
578 662 1
579 603 1
583 603 1
583 658 1
585 641 1
586 635 1
587 627 1
591 633 1
594 599 1
597 653 1
598 677 1
602 682 1
604 607 1
613 668 1
614 619 1
614 649 1
616 637 1
617 638 1
617 676 1
618 651 1
623 688 1
627 645 1
629 636 1
633 663 1
635 661 1
635 690 1
643 664 1
643 689 1
652 653 1
652 668 1
653 697 1
678 685 1
682 699 1
