1300 5184 
1 2 1
1 3 1
1 4 1
1 5 1
1 6 1
1 7 1
1 8 1
1 10 1
1 11 1
1 12 1
1 14 1
1 15 1
1 16 1
1 20 1
1 24 1
1 30 1
1 34 1
1 35 1
1 36 1
1 40 1
1 46 1
1 48 1
1 49 1
1 51 1
1 60 1
1 67 1
1 80 1
1 95 1
1 101 1
1 104 1
1 108 1
1 109 1
1 115 1
1 116 1
1 118 1
1 119 1
1 129 1
1 131 1
1 135 1
1 136 1
1 145 1
1 150 1
1 157 1
1 159 1
1 163 1
1 183 1
1 186 1
1 187 1
1 190 1
1 198 1
1 226 1
1 239 1
1 247 1
1 254 1
1 259 1
1 261 1
1 265 1
1 271 1
1 288 1
1 304 1
1 326 1
1 331 1
1 341 1
1 348 1
1 430 1
1 456 1
1 473 1
1 519 1
1 548 1
1 550 1
1 553 1
1 556 1
1 564 1
1 574 1
1 599 1
1 621 1
1 624 1
1 656 1
1 678 1
1 680 1
1 715 1
1 719 1
1 736 1
1 774 1
1 784 1
1 821 1
1 861 1
1 865 1
1 887 1
1 904 1
1 1032 1
1 1033 1
1 1168 1
1 1172 1
1 1176 1
1 1229 1
1 1271 1
1 1292 1
2 6 1
2 7 1
2 9 1
2 15 1
2 32 1
2 45 1
2 71 1
2 78 1
2 84 1
2 88 1
2 94 1
2 103 1
2 113 1
2 117 1
2 120 1
2 136 1
2 151 1
2 152 1
2 190 1
2 194 1
2 200 1
2 207 1
2 240 1
2 253 1
2 371 1
2 390 1
2 451 1
2 452 1
2 465 1
2 522 1
2 527 1
2 578 1
2 589 1
2 690 1
2 779 1
2 785 1
2 802 1
2 855 1
2 927 1
2 944 1
2 1134 1
2 1142 1
2 1143 1
2 1152 1
2 1232 1
2 1252 1
2 1272 1
2 1286 1
3 31 1
3 36 1
3 169 1
3 308 1
3 596 1
3 919 1
3 1018 1
4 6 1
4 7 1
4 25 1
4 54 1
4 55 1
4 58 1
4 61 1
4 74 1
4 96 1
4 147 1
4 165 1
4 192 1
4 201 1
4 216 1
4 266 1
4 270 1
4 354 1
4 406 1
4 428 1
4 460 1
4 468 1
4 486 1
4 530 1
4 565 1
4 574 1
4 683 1
4 699 1
4 733 1
4 765 1
4 804 1
4 863 1
4 919 1
4 999 1
4 1046 1
4 1092 1
4 1116 1
4 1117 1
4 1150 1
4 1188 1
4 1199 1
5 6 1
5 7 1
5 8 1
5 9 1
5 14 1
5 16 1
5 18 1
5 21 1
5 24 1
5 31 1
5 35 1
5 36 1
5 41 1
5 45 1
5 46 1
5 47 1
5 51 1
5 58 1
5 59 1
5 64 1
5 67 1
5 76 1
5 77 1
5 80 1
5 82 1
5 83 1
5 84 1
5 86 1
5 92 1
5 99 1
5 100 1
5 103 1
5 106 1
5 121 1
5 125 1
5 127 1
5 137 1
5 138 1
5 143 1
5 150 1
5 151 1
5 154 1
5 155 1
5 161 1
5 173 1
5 178 1
5 191 1
5 193 1
5 213 1
5 216 1
5 217 1
5 225 1
5 229 1
5 237 1
5 243 1
5 245 1
5 250 1
5 269 1
5 293 1
5 299 1
5 301 1
5 309 1
5 312 1
5 316 1
5 330 1
5 334 1
5 337 1
5 350 1
5 361 1
5 382 1
5 383 1
5 384 1
5 390 1
5 405 1
5 410 1
5 419 1
5 421 1
5 433 1
5 439 1
5 459 1
5 471 1
5 474 1
5 475 1
5 476 1
5 478 1
5 490 1
5 492 1
5 494 1
5 499 1
5 525 1
5 528 1
5 563 1
5 567 1
5 586 1
5 597 1
5 611 1
5 626 1
5 641 1
5 648 1
5 670 1
5 696 1
5 701 1
5 705 1
5 711 1
5 721 1
5 723 1
5 725 1
5 758 1
5 763 1
5 769 1
5 807 1
5 811 1
5 852 1
5 853 1
5 907 1
5 931 1
5 934 1
5 948 1
5 958 1
5 982 1
5 983 1
5 1009 1
5 1018 1
5 1030 1
5 1037 1
5 1038 1
5 1044 1
5 1056 1
5 1070 1
5 1100 1
5 1110 1
5 1113 1
5 1122 1
5 1138 1
5 1173 1
5 1191 1
5 1215 1
5 1222 1
5 1227 1
5 1237 1
5 1239 1
5 1259 1
5 1282 1
5 1288 1
6 8 1
6 9 1
6 10 1
6 11 1
6 12 1
6 17 1
6 19 1
6 22 1
6 23 1
6 27 1
6 28 1
6 30 1
6 37 1
6 38 1
6 39 1
6 43 1
6 48 1
6 50 1
6 56 1
6 62 1
6 64 1
6 73 1
6 75 1
6 81 1
6 85 1
6 89 1
6 93 1
6 110 1
6 126 1
6 128 1
6 133 1
6 139 1
6 146 1
6 160 1
6 164 1
6 169 1
6 180 1
6 187 1
6 188 1
6 202 1
6 210 1
6 214 1
6 230 1
6 235 1
6 243 1
6 246 1
6 259 1
6 263 1
6 266 1
6 270 1
6 275 1
6 279 1
6 294 1
6 315 1
6 319 1
6 321 1
6 335 1
6 353 1
6 357 1
6 366 1
6 369 1
6 392 1
6 406 1
6 411 1
6 437 1
6 448 1
6 449 1
6 458 1
6 491 1
6 524 1
6 564 1
6 573 1
6 603 1
6 611 1
6 614 1
6 647 1
6 652 1
6 676 1
6 723 1
6 745 1
6 750 1
6 755 1
6 761 1
6 762 1
6 773 1
6 818 1
6 822 1
6 825 1
6 842 1
6 843 1
6 852 1
6 858 1
6 870 1
6 887 1
6 891 1
6 899 1
6 947 1
6 965 1
6 979 1
6 981 1
6 989 1
6 1001 1
6 1020 1
6 1070 1
6 1130 1
6 1145 1
6 1161 1
6 1178 1
6 1206 1
6 1218 1
6 1226 1
6 1234 1
6 1250 1
6 1263 1
6 1276 1
6 1288 1
7 8 1
7 10 1
7 15 1
7 20 1
7 26 1
7 27 1
7 29 1
7 30 1
7 48 1
7 50 1
7 51 1
7 52 1
7 61 1
7 69 1
7 72 1
7 84 1
7 88 1
7 95 1
7 101 1
7 126 1
7 144 1
7 160 1
7 168 1
7 169 1
7 227 1
7 228 1
7 229 1
7 240 1
7 247 1
7 275 1
7 281 1
7 303 1
7 307 1
7 346 1
7 370 1
7 388 1
7 399 1
7 407 1
7 410 1
7 479 1
7 526 1
7 543 1
7 585 1
7 603 1
7 614 1
7 707 1
7 722 1
7 731 1
7 794 1
7 817 1
7 849 1
7 859 1
7 880 1
7 895 1
7 905 1
7 929 1
7 986 1
7 988 1
7 1012 1
7 1018 1
7 1042 1
7 1052 1
7 1057 1
7 1081 1
7 1123 1
7 1193 1
7 1245 1
7 1279 1
8 9 1
8 10 1
8 11 1
8 13 1
8 14 1
8 16 1
8 18 1
8 19 1
8 20 1
8 21 1
8 22 1
8 23 1
8 24 1
8 28 1
8 33 1
8 35 1
8 43 1
8 49 1
8 50 1
8 51 1
8 52 1
8 55 1
8 56 1
8 61 1
8 65 1
8 75 1
8 90 1
8 95 1
8 100 1
8 104 1
8 108 1
8 112 1
8 113 1
8 117 1
8 124 1
8 139 1
8 146 1
8 185 1
8 192 1
8 205 1
8 210 1
8 232 1
8 238 1
8 252 1
8 253 1
8 258 1
8 262 1
8 266 1
8 272 1
8 274 1
8 279 1
8 283 1
8 287 1
8 294 1
8 314 1
8 331 1
8 343 1
8 350 1
8 372 1
8 379 1
8 396 1
8 397 1
8 407 1
8 409 1
8 447 1
8 454 1
8 467 1
8 477 1
8 502 1
8 536 1
8 550 1
8 551 1
8 552 1
8 578 1
8 582 1
8 585 1
8 592 1
8 625 1
8 626 1
8 629 1
8 631 1
8 643 1
8 651 1
8 691 1
8 713 1
8 726 1
8 728 1
8 731 1
8 743 1
8 754 1
8 764 1
8 782 1
8 784 1
8 806 1
8 814 1
8 817 1
8 818 1
8 844 1
8 845 1
8 850 1
8 865 1
8 875 1
8 909 1
8 912 1
8 920 1
8 926 1
8 975 1
8 978 1
8 987 1
8 995 1
8 1026 1
8 1031 1
8 1067 1
8 1107 1
8 1138 1
8 1140 1
8 1157 1
8 1205 1
8 1214 1
8 1241 1
8 1251 1
8 1256 1
8 1270 1
8 1275 1
9 26 1
9 28 1
9 38 1
9 39 1
9 41 1
9 42 1
9 59 1
9 65 1
9 70 1
9 86 1
9 112 1
9 113 1
9 132 1
9 141 1
9 185 1
9 195 1
9 212 1
9 244 1
9 257 1
9 270 1
9 312 1
9 330 1
9 359 1
9 370 1
9 376 1
9 388 1
9 390 1
9 407 1
9 422 1
9 466 1
9 537 1
9 538 1
9 558 1
9 583 1
9 638 1
9 673 1
9 674 1
9 690 1
9 698 1
9 840 1
9 850 1
9 888 1
9 905 1
9 917 1
9 921 1
9 950 1
9 953 1
9 978 1
9 1027 1
9 1089 1
9 1217 1
9 1231 1
9 1232 1
9 1239 1
9 1284 1
10 11 1
10 12 1
10 13 1
10 18 1
10 27 1
10 34 1
10 38 1
10 72 1
10 73 1
10 74 1
10 75 1
10 83 1
10 99 1
10 101 1
10 117 1
10 191 1
10 201 1
10 220 1
10 238 1
10 241 1
10 261 1
10 282 1
10 298 1
10 365 1
10 385 1
10 455 1
10 509 1
10 565 1
10 748 1
10 941 1
10 991 1
10 1026 1
10 1037 1
10 1049 1
10 1093 1
10 1151 1
10 1162 1
10 1173 1
10 1244 1
10 1274 1
10 1282 1
11 12 1
11 13 1
11 18 1
11 20 1
11 28 1
11 39 1
11 43 1
11 56 1
11 57 1
11 58 1
11 59 1
11 60 1
11 70 1
11 74 1
11 95 1
11 122 1
11 128 1
11 130 1
11 178 1
11 208 1
11 215 1
11 227 1
11 267 1
11 268 1
11 321 1
11 327 1
11 373 1
11 445 1
11 563 1
11 673 1
11 696 1
11 705 1
11 729 1
11 730 1
11 748 1
11 767 1
11 835 1
11 871 1
11 872 1
11 915 1
11 1010 1
11 1048 1
11 1073 1
11 1124 1
11 1180 1
11 1204 1
11 1209 1
11 1300 1
12 13 1
12 14 1
12 16 1
12 29 1
12 47 1
12 57 1
12 68 1
12 85 1
12 120 1
12 123 1
12 142 1
12 147 1
12 153 1
12 159 1
12 173 1
12 189 1
12 191 1
12 204 1
12 206 1
12 215 1
12 217 1
12 314 1
12 325 1
12 348 1
12 358 1
12 394 1
12 396 1
12 400 1
12 516 1
12 523 1
12 531 1
12 566 1
12 596 1
12 648 1
12 666 1
12 742 1
12 836 1
12 857 1
12 958 1
12 962 1
12 1000 1
12 1082 1
12 1089 1
12 1124 1
12 1126 1
12 1150 1
12 1214 1
12 1235 1
13 17 1
13 26 1
13 55 1
13 81 1
13 99 1
13 105 1
13 162 1
13 201 1
13 209 1
13 212 1
13 251 1
13 362 1
13 387 1
13 389 1
13 436 1
13 449 1
13 507 1
13 515 1
13 607 1
13 654 1
13 793 1
13 814 1
13 956 1
13 998 1
13 1018 1
13 1143 1
13 1177 1
14 15 1
14 17 1
14 19 1
14 21 1
14 22 1
14 23 1
14 29 1
14 49 1
14 57 1
14 69 1
14 74 1
14 106 1
14 109 1
14 119 1
14 128 1
14 177 1
14 179 1
14 181 1
14 192 1
14 199 1
14 201 1
14 272 1
14 280 1
14 281 1
14 290 1
14 311 1
14 317 1
14 323 1
14 329 1
14 336 1
14 397 1
14 403 1
14 416 1
14 481 1
14 538 1
14 600 1
14 606 1
14 632 1
14 633 1
14 675 1
14 707 1
14 718 1
14 732 1
14 833 1
14 875 1
14 891 1
14 935 1
14 968 1
14 1039 1
14 1049 1
14 1071 1
14 1095 1
14 1126 1
14 1161 1
14 1256 1
14 1260 1
14 1282 1
14 1298 1
15 17 1
15 19 1
15 21 1
15 25 1
15 33 1
15 37 1
15 40 1
15 42 1
15 45 1
15 62 1
15 64 1
15 72 1
15 87 1
15 94 1
15 110 1
15 114 1
15 116 1
15 154 1
15 179 1
15 203 1
15 225 1
15 248 1
15 280 1
15 412 1
15 442 1
15 495 1
15 531 1
15 532 1
15 540 1
15 542 1
15 557 1
15 560 1
15 572 1
15 601 1
15 613 1
15 627 1
15 689 1
15 753 1
15 755 1
15 854 1
15 882 1
15 1093 1
15 1201 1
15 1237 1
15 1280 1
15 1284 1
16 35 1
16 38 1
16 40 1
16 63 1
16 78 1
16 90 1
16 218 1
16 220 1
16 242 1
16 264 1
16 323 1
16 461 1
16 506 1
16 618 1
16 659 1
16 790 1
16 807 1
16 896 1
16 1238 1
17 24 1
17 36 1
17 46 1
17 90 1
17 96 1
17 103 1
17 112 1
17 118 1
17 120 1
17 130 1
17 137 1
17 219 1
17 334 1
17 348 1
17 391 1
17 571 1
17 597 1
17 656 1
17 671 1
17 677 1
17 706 1
17 752 1
17 827 1
17 831 1
17 832 1
17 850 1
17 856 1
17 866 1
17 948 1
17 1025 1
17 1027 1
17 1040 1
17 1047 1
17 1061 1
17 1065 1
17 1115 1
17 1191 1
17 1285 1
18 23 1
18 40 1
18 41 1
18 44 1
18 156 1
18 163 1
18 233 1
18 266 1
18 306 1
18 366 1
18 515 1
18 529 1
18 534 1
18 646 1
18 653 1
18 726 1
18 740 1
18 858 1
18 1167 1
18 1220 1
18 1235 1
19 22 1
19 32 1
19 33 1
19 37 1
19 49 1
19 77 1
19 100 1
19 125 1
19 194 1
19 227 1
19 230 1
19 276 1
19 302 1
19 338 1
19 356 1
19 425 1
19 477 1
19 589 1
19 592 1
19 661 1
19 662 1
19 723 1
19 790 1
19 848 1
19 956 1
19 1041 1
19 1098 1
19 1177 1
19 1258 1
20 31 1
20 32 1
20 523 1
21 89 1
21 140 1
21 317 1
21 346 1
21 587 1
21 682 1
21 692 1
21 1034 1
21 1100 1
21 1228 1
21 1289 1
22 25 1
22 53 1
22 58 1
22 76 1
22 94 1
22 157 1
22 165 1
22 190 1
22 205 1
22 224 1
22 263 1
22 277 1
22 353 1
22 383 1
22 399 1
22 401 1
22 403 1
22 434 1
22 437 1
22 446 1
22 486 1
22 494 1
22 687 1
22 699 1
22 716 1
22 724 1
22 851 1
22 879 1
22 942 1
22 959 1
22 1010 1
22 1149 1
22 1234 1
22 1239 1
22 1267 1
23 25 1
23 26 1
23 29 1
23 46 1
23 52 1
23 91 1
23 139 1
23 146 1
23 157 1
23 193 1
23 195 1
23 213 1
23 218 1
23 241 1
23 242 1
23 345 1
23 357 1
23 422 1
23 423 1
23 646 1
23 685 1
23 700 1
23 778 1
23 799 1
23 838 1
23 881 1
23 913 1
23 1012 1
23 1078 1
23 1150 1
23 1285 1
24 44 1
24 66 1
24 89 1
24 97 1
24 107 1
24 109 1
24 145 1
24 156 1
24 164 1
24 184 1
24 187 1
24 248 1
24 296 1
24 331 1
24 426 1
24 452 1
24 456 1
24 520 1
24 551 1
24 552 1
24 596 1
24 598 1
24 624 1
24 640 1
24 728 1
24 732 1
24 744 1
24 845 1
24 917 1
24 979 1
24 1006 1
24 1023 1
24 1081 1
24 1259 1
24 1262 1
24 1291 1
24 1296 1
25 27 1
25 45 1
25 98 1
25 206 1
25 264 1
25 381 1
25 479 1
25 507 1
25 559 1
25 798 1
25 1214 1
26 37 1
26 44 1
26 69 1
26 91 1
26 111 1
26 173 1
26 276 1
26 320 1
26 433 1
26 435 1
26 441 1
26 477 1
26 503 1
26 528 1
26 533 1
26 563 1
26 576 1
26 719 1
26 743 1
26 817 1
26 886 1
26 1029 1
26 1258 1
26 1275 1
27 30 1
27 31 1
27 34 1
27 78 1
27 81 1
27 83 1
27 100 1
27 108 1
27 113 1
27 158 1
27 171 1
27 182 1
27 204 1
27 217 1
27 279 1
27 289 1
27 408 1
27 613 1
27 931 1
27 1061 1
27 1188 1
27 1195 1
28 62 1
28 68 1
28 82 1
28 85 1
28 180 1
28 181 1
28 211 1
28 301 1
28 332 1
28 340 1
28 355 1
28 372 1
28 580 1
28 608 1
28 722 1
28 740 1
28 820 1
28 1086 1
28 1193 1
29 67 1
29 124 1
29 161 1
29 174 1
29 195 1
29 293 1
29 352 1
29 388 1
29 549 1
29 683 1
29 1118 1
29 1155 1
30 33 1
30 67 1
30 80 1
30 86 1
30 114 1
30 134 1
30 216 1
30 222 1
30 289 1
30 429 1
30 570 1
30 644 1
30 734 1
30 753 1
30 789 1
30 793 1
30 808 1
30 897 1
30 911 1
30 1185 1
31 32 1
31 34 1
31 44 1
31 50 1
31 71 1
31 76 1
31 78 1
31 79 1
31 151 1
31 172 1
31 211 1
31 239 1
31 291 1
31 307 1
31 437 1
31 521 1
31 604 1
31 605 1
31 638 1
31 692 1
31 776 1
31 840 1
31 872 1
31 1094 1
31 1181 1
32 60 1
32 82 1
32 96 1
32 97 1
32 153 1
32 161 1
32 231 1
32 665 1
33 53 1
33 54 1
33 64 1
33 176 1
33 212 1
33 259 1
33 284 1
33 310 1
33 356 1
33 360 1
33 362 1
33 399 1
33 707 1
33 748 1
33 768 1
33 841 1
33 856 1
33 862 1
33 904 1
33 931 1
33 932 1
33 1059 1
33 1080 1
33 1104 1
33 1152 1
33 1165 1
33 1254 1
33 1266 1
33 1295 1
34 42 1
34 48 1
34 88 1
34 197 1
34 206 1
34 210 1
34 284 1
34 305 1
34 385 1
34 472 1
34 593 1
34 612 1
34 778 1
34 841 1
34 877 1
34 885 1
34 893 1
34 946 1
34 949 1
34 1047 1
34 1068 1
34 1120 1
34 1221 1
34 1267 1
35 41 1
35 65 1
35 84 1
35 93 1
35 94 1
35 98 1
35 148 1
35 169 1
35 176 1
35 197 1
35 208 1
35 257 1
35 267 1
35 269 1
35 301 1
35 307 1
35 319 1
35 323 1
35 390 1
35 426 1
35 433 1
35 459 1
35 466 1
35 487 1
35 512 1
35 523 1
35 557 1
35 660 1
35 665 1
35 666 1
35 672 1
35 688 1
35 731 1
35 758 1
35 796 1
35 842 1
35 843 1
35 926 1
35 943 1
35 986 1
35 1122 1
35 1205 1
35 1244 1
36 42 1
36 43 1
36 59 1
36 69 1
36 73 1
36 88 1
36 107 1
36 123 1
36 126 1
36 152 1
36 161 1
36 166 1
36 174 1
36 178 1
36 262 1
36 277 1
36 289 1
36 293 1
36 318 1
36 363 1
36 419 1
36 420 1
36 457 1
36 458 1
36 465 1
36 490 1
36 500 1
36 568 1
36 590 1
36 659 1
36 665 1
36 669 1
36 680 1
36 713 1
36 720 1
36 774 1
36 785 1
36 814 1
36 877 1
36 970 1
36 972 1
36 977 1
36 1065 1
36 1095 1
36 1110 1
36 1154 1
36 1169 1
36 1226 1
37 47 1
37 57 1
37 111 1
37 124 1
37 196 1
37 292 1
37 426 1
37 447 1
37 494 1
37 651 1
37 693 1
37 809 1
37 823 1
37 828 1
37 892 1
37 979 1
37 992 1
37 1056 1
37 1172 1
37 1183 1
37 1191 1
37 1221 1
38 39 1
38 240 1
38 251 1
38 294 1
38 367 1
38 481 1
38 556 1
38 657 1
38 1168 1
38 1261 1
39 68 1
39 123 1
39 143 1
39 150 1
39 207 1
39 208 1
39 257 1
39 271 1
39 280 1
39 295 1
39 316 1
39 351 1
39 446 1
39 484 1
39 512 1
39 699 1
39 811 1
39 973 1
39 1063 1
39 1105 1
39 1262 1
40 60 1
40 61 1
40 65 1
40 91 1
40 119 1
40 199 1
40 223 1
40 306 1
40 354 1
40 413 1
40 421 1
40 432 1
40 460 1
40 520 1
40 594 1
40 638 1
40 963 1
40 993 1
40 1114 1
40 1170 1
40 1200 1
40 1207 1
40 1295 1
41 170 1
41 210 1
41 218 1
41 229 1
41 431 1
41 571 1
41 1077 1
42 47 1
42 63 1
42 117 1
42 167 1
42 168 1
42 223 1
42 538 1
42 568 1
42 953 1
43 71 1
43 79 1
43 83 1
43 90 1
43 151 1
43 155 1
43 194 1
43 195 1
43 202 1
43 299 1
43 303 1
43 332 1
43 360 1
43 408 1
43 415 1
43 420 1
43 422 1
43 479 1
43 530 1
43 620 1
43 669 1
43 693 1
43 697 1
43 702 1
43 712 1
43 736 1
43 907 1
43 951 1
43 982 1
43 1039 1
43 1051 1
43 1108 1
43 1112 1
43 1220 1
44 163 1
44 206 1
44 387 1
44 438 1
44 592 1
44 787 1
44 885 1
45 53 1
45 114 1
45 144 1
45 226 1
45 293 1
45 443 1
45 456 1
45 524 1
45 531 1
45 810 1
45 1069 1
45 1105 1
45 1291 1
46 54 1
46 55 1
46 66 1
46 105 1
46 159 1
46 175 1
46 188 1
46 374 1
46 511 1
46 530 1
46 571 1
46 602 1
46 716 1
46 799 1
46 1141 1
46 1176 1
47 54 1
47 119 1
47 398 1
47 404 1
47 444 1
47 704 1
48 63 1
48 73 1
48 87 1
48 105 1
48 148 1
48 185 1
48 198 1
48 232 1
48 326 1
48 392 1
48 453 1
48 518 1
48 528 1
48 549 1
48 594 1
48 668 1
48 714 1
48 735 1
48 841 1
48 883 1
48 925 1
48 1008 1
48 1108 1
49 52 1
49 96 1
49 97 1
49 103 1
49 142 1
49 217 1
49 232 1
49 235 1
49 363 1
49 373 1
49 391 1
49 439 1
49 457 1
49 478 1
49 515 1
49 688 1
49 703 1
49 806 1
49 841 1
49 902 1
49 919 1
49 1064 1
49 1178 1
49 1202 1
49 1233 1
49 1273 1
50 53 1
50 77 1
50 102 1
50 140 1
50 187 1
50 249 1
50 252 1
50 257 1
50 324 1
50 386 1
50 389 1
50 449 1
50 507 1
50 657 1
50 694 1
50 870 1
50 888 1
50 894 1
50 900 1
50 940 1
50 1099 1
50 1144 1
50 1231 1
50 1257 1
51 89 1
51 109 1
51 132 1
51 140 1
51 215 1
51 253 1
51 265 1
51 370 1
51 393 1
51 413 1
51 418 1
51 424 1
51 457 1
51 487 1
51 554 1
51 610 1
51 657 1
51 717 1
51 728 1
51 733 1
51 769 1
51 801 1
51 940 1
51 1001 1
51 1006 1
51 1046 1
51 1054 1
51 1249 1
51 1274 1
51 1297 1
52 238 1
52 282 1
52 395 1
52 401 1
52 479 1
52 548 1
52 632 1
52 674 1
52 854 1
52 973 1
52 1086 1
53 63 1
53 79 1
53 93 1
53 132 1
53 172 1
53 194 1
53 198 1
53 233 1
53 258 1
53 324 1
53 386 1
53 419 1
53 477 1
53 530 1
53 565 1
53 619 1
53 630 1
53 649 1
53 673 1
53 679 1
53 710 1
53 770 1
53 773 1
53 798 1
53 828 1
53 849 1
53 878 1
53 891 1
53 921 1
53 1031 1
53 1042 1
53 1082 1
53 1185 1
54 56 1
54 72 1
54 115 1
54 141 1
54 322 1
54 485 1
54 495 1
54 590 1
54 1057 1
55 121 1
55 124 1
55 128 1
55 130 1
55 137 1
55 143 1
55 211 1
55 231 1
55 336 1
55 417 1
55 441 1
55 448 1
55 550 1
55 576 1
55 671 1
55 812 1
55 880 1
55 1100 1
55 1192 1
55 1242 1
55 1249 1
56 79 1
56 91 1
56 112 1
56 134 1
56 148 1
56 149 1
56 170 1
56 237 1
56 258 1
56 269 1
56 272 1
56 355 1
56 369 1
56 387 1
56 436 1
56 464 1
56 533 1
56 581 1
56 760 1
56 816 1
56 834 1
56 980 1
56 1002 1
56 1005 1
56 1025 1
56 1060 1
56 1080 1
56 1084 1
56 1112 1
56 1120 1
56 1191 1
56 1194 1
57 138 1
57 209 1
57 414 1
57 615 1
57 745 1
57 809 1
57 925 1
57 1193 1
58 62 1
58 66 1
58 71 1
58 82 1
58 122 1
58 188 1
58 247 1
58 272 1
58 291 1
58 298 1
58 302 1
58 320 1
58 339 1
58 418 1
58 472 1
58 578 1
58 655 1
58 681 1
58 729 1
58 760 1
58 789 1
58 830 1
58 916 1
58 1133 1
59 81 1
59 102 1
59 104 1
59 122 1
59 140 1
59 156 1
59 158 1
59 224 1
59 247 1
59 248 1
59 317 1
59 361 1
59 577 1
59 1031 1
59 1039 1
59 1292 1
60 66 1
60 77 1
60 87 1
60 92 1
60 157 1
60 214 1
60 394 1
60 402 1
60 423 1
60 497 1
60 549 1
60 658 1
60 725 1
60 735 1
60 756 1
60 869 1
60 1009 1
60 1197 1
61 75 1
61 106 1
61 125 1
61 129 1
61 135 1
61 147 1
61 321 1
61 343 1
61 377 1
61 417 1
61 418 1
61 492 1
61 531 1
61 622 1
61 1020 1
61 1198 1
62 107 1
62 177 1
62 182 1
62 236 1
62 358 1
62 428 1
62 833 1
62 957 1
62 970 1
62 1119 1
62 1129 1
62 1296 1
63 92 1
63 102 1
63 137 1
63 258 1
63 304 1
63 327 1
63 403 1
63 444 1
63 742 1
63 956 1
63 1118 1
63 1159 1
63 1227 1
63 1286 1
64 142 1
64 214 1
64 231 1
64 310 1
64 361 1
64 455 1
64 461 1
64 586 1
64 818 1
64 1064 1
64 1117 1
64 1174 1
65 70 1
65 76 1
65 121 1
65 186 1
65 213 1
65 253 1
65 277 1
65 347 1
65 490 1
65 511 1
65 517 1
65 616 1
65 729 1
65 764 1
65 816 1
65 881 1
65 993 1
65 1019 1
65 1101 1
65 1184 1
65 1212 1
65 1238 1
66 68 1
66 110 1
66 149 1
66 180 1
66 239 1
66 275 1
66 276 1
66 317 1
66 419 1
66 897 1
66 1156 1
66 1235 1
67 93 1
67 105 1
67 207 1
67 222 1
67 310 1
67 398 1
67 480 1
67 543 1
67 978 1
67 1175 1
68 70 1
68 80 1
68 101 1
68 162 1
68 228 1
68 278 1
68 411 1
68 430 1
68 521 1
68 706 1
68 960 1
68 998 1
68 1123 1
68 1162 1
68 1177 1
68 1253 1
69 85 1
69 87 1
69 118 1
69 127 1
69 155 1
69 189 1
69 237 1
69 341 1
69 359 1
69 610 1
69 640 1
69 688 1
69 704 1
69 709 1
69 803 1
69 813 1
69 928 1
69 943 1
69 1008 1
69 1256 1
69 1293 1
70 86 1
70 165 1
70 183 1
70 366 1
70 462 1
70 469 1
70 596 1
70 952 1
70 976 1
70 1079 1
70 1163 1
70 1277 1
71 143 1
71 396 1
71 579 1
71 645 1
71 1066 1
71 1296 1
72 174 1
72 184 1
72 334 1
72 411 1
72 497 1
72 543 1
72 575 1
72 652 1
72 695 1
72 867 1
72 930 1
73 510 1
73 779 1
73 1043 1
73 1211 1
74 92 1
74 221 1
74 332 1
74 432 1
74 504 1
74 527 1
74 749 1
74 819 1
74 1027 1
75 171 1
75 283 1
75 300 1
75 313 1
75 711 1
75 738 1
75 774 1
75 1171 1
75 1236 1
76 138 1
76 202 1
76 215 1
76 235 1
76 296 1
76 297 1
76 372 1
76 409 1
76 417 1
76 439 1
76 482 1
76 567 1
76 617 1
76 678 1
76 800 1
76 804 1
76 986 1
76 1030 1
76 1042 1
76 1248 1
76 1290 1
77 208 1
77 249 1
77 298 1
77 363 1
77 445 1
77 542 1
77 592 1
77 827 1
77 945 1
77 949 1
77 981 1
77 1262 1
78 139 1
78 145 1
78 171 1
78 349 1
78 365 1
78 418 1
78 426 1
78 495 1
78 503 1
78 579 1
78 594 1
78 666 1
78 701 1
78 719 1
78 897 1
78 934 1
78 946 1
78 1172 1
78 1196 1
78 1239 1
78 1248 1
79 441 1
79 856 1
79 867 1
79 994 1
79 1011 1
80 98 1
80 135 1
80 152 1
80 160 1
80 213 1
80 262 1
80 263 1
80 298 1
80 354 1
80 440 1
80 552 1
80 641 1
80 724 1
80 950 1
81 174 1
81 181 1
81 204 1
81 268 1
81 336 1
81 493 1
81 683 1
81 902 1
81 920 1
81 1021 1
81 1058 1
82 102 1
82 488 1
82 625 1
82 679 1
82 887 1
82 1006 1
83 97 1
83 122 1
83 144 1
83 250 1
83 431 1
83 520 1
83 562 1
83 633 1
83 666 1
83 757 1
83 787 1
83 838 1
83 908 1
83 1264 1
83 1283 1
84 141 1
84 153 1
84 170 1
84 292 1
84 404 1
84 420 1
84 445 1
84 500 1
84 688 1
84 911 1
84 917 1
84 972 1
84 1145 1
84 1221 1
84 1297 1
85 111 1
85 211 1
85 237 1
85 251 1
85 405 1
85 414 1
85 462 1
85 532 1
85 618 1
85 650 1
85 739 1
85 770 1
85 820 1
85 949 1
85 1004 1
85 1083 1
85 1260 1
85 1272 1
86 282 1
86 802 1
86 933 1
86 1053 1
86 1175 1
87 121 1
87 133 1
87 324 1
87 345 1
87 381 1
87 480 1
87 517 1
87 679 1
87 695 1
87 914 1
87 1077 1
87 1236 1
88 133 1
88 281 1
88 335 1
88 375 1
88 384 1
88 474 1
88 522 1
88 561 1
88 623 1
88 642 1
88 1230 1
89 282 1
89 342 1
89 425 1
89 538 1
89 611 1
89 630 1
89 692 1
89 701 1
89 715 1
89 1065 1
89 1108 1
89 1118 1
89 1134 1
90 98 1
90 116 1
90 134 1
90 461 1
90 482 1
90 491 1
90 568 1
90 691 1
91 466 1
91 514 1
91 751 1
91 1016 1
92 130 1
92 131 1
92 176 1
92 190 1
92 330 1
92 335 1
92 572 1
92 586 1
92 717 1
92 790 1
92 800 1
92 865 1
92 952 1
92 1165 1
92 1208 1
93 229 1
93 450 1
93 534 1
93 842 1
94 114 1
94 147 1
94 166 1
94 180 1
94 329 1
94 382 1
94 616 1
94 630 1
94 660 1
94 677 1
94 724 1
94 849 1
94 895 1
94 922 1
94 1038 1
94 1278 1
94 1288 1
95 116 1
95 154 1
95 167 1
95 179 1
95 306 1
95 313 1
95 322 1
95 436 1
95 440 1
95 454 1
95 609 1
95 910 1
95 925 1
95 926 1
95 953 1
95 991 1
95 1064 1
95 1098 1
96 99 1
96 106 1
96 129 1
96 138 1
96 155 1
96 172 1
96 186 1
96 205 1
96 238 1
96 243 1
96 244 1
96 280 1
96 303 1
96 304 1
96 311 1
96 316 1
96 318 1
96 322 1
96 364 1
96 380 1
96 423 1
96 481 1
96 519 1
96 559 1
96 628 1
96 640 1
96 649 1
96 749 1
96 750 1
96 752 1
96 771 1
96 819 1
96 882 1
96 883 1
96 987 1
96 1003 1
96 1063 1
96 1085 1
96 1127 1
96 1129 1
96 1138 1
97 125 1
97 175 1
97 245 1
97 273 1
97 291 1
97 389 1
97 459 1
97 468 1
97 492 1
97 587 1
97 693 1
97 703 1
97 747 1
97 786 1
97 920 1
97 921 1
97 1170 1
98 134 1
98 168 1
98 173 1
98 193 1
98 236 1
98 242 1
98 467 1
98 894 1
98 1033 1
98 1183 1
99 104 1
99 120 1
99 156 1
99 308 1
99 407 1
99 663 1
99 695 1
99 697 1
99 733 1
99 734 1
99 893 1
99 994 1
99 1141 1
99 1188 1
99 1278 1
100 136 1
100 260 1
100 619 1
100 757 1
100 1254 1
101 110 1
101 115 1
101 127 1
101 133 1
101 166 1
101 193 1
101 198 1
101 227 1
101 274 1
101 284 1
101 364 1
101 379 1
101 485 1
101 506 1
101 554 1
101 590 1
101 595 1
101 645 1
101 732 1
101 754 1
101 782 1
101 797 1
101 845 1
101 997 1
101 1014 1
101 1068 1
101 1274 1
101 1290 1
102 111 1
102 123 1
102 278 1
102 285 1
102 350 1
102 514 1
102 524 1
102 575 1
102 1034 1
102 1054 1
102 1078 1
102 1137 1
102 1232 1
103 163 1
103 183 1
103 260 1
103 318 1
103 508 1
103 570 1
103 774 1
103 803 1
103 990 1
104 188 1
104 273 1
104 309 1
104 327 1
104 481 1
104 505 1
104 629 1
104 650 1
104 713 1
104 755 1
104 813 1
104 819 1
104 1051 1
104 1144 1
104 1209 1
105 149 1
105 197 1
105 332 1
105 939 1
105 1004 1
106 107 1
106 108 1
106 118 1
106 158 1
106 345 1
106 609 1
106 618 1
106 644 1
106 917 1
106 1013 1
106 1072 1
106 1190 1
107 127 1
107 159 1
107 162 1
107 252 1
107 603 1
107 940 1
107 1136 1
107 1167 1
107 1177 1
107 1186 1
107 1218 1
108 184 1
108 334 1
108 451 1
108 453 1
108 584 1
108 884 1
108 889 1
108 1056 1
108 1283 1
109 115 1
109 223 1
109 286 1
109 434 1
109 662 1
109 744 1
109 1025 1
109 1124 1
110 333 1
110 552 1
110 741 1
111 177 1
111 219 1
111 265 1
111 735 1
111 909 1
112 141 1
112 153 1
112 233 1
112 289 1
112 319 1
112 355 1
112 376 1
112 598 1
112 715 1
112 896 1
112 966 1
112 1135 1
113 146 1
113 179 1
113 273 1
113 320 1
113 508 1
113 941 1
113 1160 1
114 196 1
114 224 1
114 248 1
114 296 1
114 359 1
114 380 1
114 456 1
114 478 1
114 519 1
114 608 1
114 634 1
114 736 1
114 794 1
114 846 1
114 915 1
114 1079 1
114 1091 1
114 1145 1
114 1160 1
114 1281 1
115 668 1
115 1277 1
116 131 1
116 135 1
116 149 1
116 189 1
116 234 1
116 245 1
116 255 1
116 398 1
116 400 1
116 532 1
116 567 1
116 750 1
116 775 1
116 809 1
116 851 1
116 1055 1
117 126 1
117 177 1
117 236 1
117 573 1
117 631 1
117 696 1
118 132 1
118 323 1
118 658 1
118 668 1
118 741 1
118 759 1
118 874 1
118 1184 1
118 1245 1
119 131 1
119 192 1
119 660 1
119 763 1
119 804 1
120 142 1
120 178 1
120 186 1
120 243 1
120 305 1
120 328 1
120 401 1
120 425 1
120 430 1
120 435 1
120 569 1
120 604 1
120 640 1
120 655 1
120 670 1
120 937 1
121 162 1
121 230 1
121 276 1
121 331 1
121 342 1
121 473 1
121 486 1
121 663 1
121 708 1
121 747 1
121 897 1
121 936 1
122 145 1
122 312 1
122 458 1
122 800 1
123 160 1
123 182 1
123 203 1
123 386 1
123 474 1
123 577 1
123 650 1
123 671 1
123 1126 1
124 129 1
124 175 1
124 297 1
124 338 1
124 476 1
124 509 1
124 607 1
124 679 1
124 720 1
124 924 1
124 995 1
124 1000 1
124 1011 1
124 1061 1
124 1112 1
124 1198 1
124 1240 1
125 286 1
125 311 1
125 420 1
125 824 1
125 1043 1
125 1114 1
125 1216 1
126 167 1
126 337 1
126 482 1
126 615 1
126 789 1
126 890 1
127 144 1
127 312 1
127 365 1
127 368 1
127 670 1
127 800 1
127 886 1
127 937 1
128 164 1
128 221 1
128 250 1
128 255 1
128 285 1
128 341 1
128 384 1
128 395 1
128 470 1
128 483 1
128 484 1
128 633 1
128 706 1
128 1134 1
128 1178 1
129 136 1
129 333 1
129 368 1
129 518 1
129 569 1
129 639 1
129 739 1
129 823 1
129 861 1
129 983 1
129 1015 1
129 1028 1
129 1122 1
129 1246 1
130 148 1
130 168 1
130 175 1
130 234 1
130 377 1
130 478 1
130 583 1
130 697 1
130 855 1
130 1015 1
130 1096 1
130 1150 1
130 1266 1
131 569 1
131 637 1
131 829 1
131 1058 1
132 234 1
132 302 1
132 362 1
132 540 1
132 675 1
132 707 1
132 737 1
132 875 1
132 892 1
132 1185 1
132 1204 1
133 268 1
133 321 1
133 326 1
133 376 1
133 551 1
133 613 1
133 615 1
133 694 1
133 715 1
133 764 1
133 934 1
133 1112 1
133 1192 1
134 344 1
134 737 1
134 843 1
134 959 1
134 1109 1
135 154 1
135 202 1
135 212 1
135 259 1
135 326 1
135 402 1
135 523 1
135 783 1
135 1147 1
135 1212 1
136 221 1
136 338 1
136 349 1
136 439 1
136 678 1
137 150 1
137 172 1
137 244 1
137 254 1
137 351 1
137 633 1
137 643 1
137 993 1
137 1052 1
137 1199 1
137 1216 1
137 1279 1
138 236 1
138 392 1
138 510 1
138 642 1
138 1160 1
139 166 1
139 228 1
139 250 1
139 263 1
139 354 1
139 364 1
139 381 1
139 416 1
139 430 1
139 557 1
139 654 1
139 858 1
139 886 1
139 887 1
139 941 1
139 972 1
139 1195 1
139 1230 1
140 181 1
140 214 1
140 260 1
140 295 1
140 736 1
140 791 1
140 1033 1
140 1096 1
140 1182 1
140 1258 1
141 171 1
141 349 1
141 617 1
141 618 1
141 639 1
141 648 1
141 876 1
141 1014 1
141 1050 1
141 1081 1
141 1171 1
142 196 1
142 522 1
142 982 1
143 205 1
143 467 1
143 717 1
143 725 1
143 948 1
144 165 1
144 287 1
144 329 1
144 559 1
144 628 1
144 673 1
144 676 1
144 686 1
144 769 1
144 875 1
144 1127 1
144 1275 1
145 152 1
145 176 1
145 374 1
145 397 1
145 504 1
145 562 1
145 761 1
145 954 1
145 1002 1
145 1082 1
145 1109 1
146 501 1
146 729 1
146 830 1
146 1280 1
147 164 1
147 222 1
147 223 1
147 225 1
147 226 1
147 241 1
147 283 1
147 297 1
147 329 1
147 340 1
147 347 1
147 472 1
147 491 1
147 514 1
147 560 1
147 598 1
147 607 1
147 644 1
147 712 1
147 722 1
147 748 1
147 785 1
147 807 1
147 869 1
147 991 1
147 1007 1
147 1020 1
147 1037 1
147 1052 1
147 1066 1
147 1100 1
147 1222 1
147 1277 1
148 158 1
148 200 1
148 203 1
148 241 1
148 268 1
148 288 1
148 682 1
149 392 1
149 638 1
149 682 1
149 1136 1
150 189 1
150 232 1
150 832 1
150 839 1
150 844 1
150 1066 1
150 1092 1
151 199 1
151 384 1
151 832 1
151 919 1
151 1196 1
151 1219 1
151 1273 1
152 1271 1
153 413 1
153 463 1
153 492 1
153 918 1
153 1013 1
154 183 1
154 218 1
154 375 1
154 401 1
154 408 1
154 571 1
154 743 1
154 969 1
155 240 1
155 314 1
155 362 1
155 464 1
155 536 1
155 606 1
155 610 1
155 700 1
155 777 1
155 974 1
155 1091 1
156 393 1
156 427 1
156 428 1
156 448 1
156 501 1
156 632 1
156 742 1
156 807 1
156 927 1
156 1044 1
156 1263 1
157 330 1
157 542 1
157 1087 1
158 296 1
158 344 1
158 373 1
158 467 1
158 775 1
158 865 1
158 956 1
158 1210 1
159 167 1
159 196 1
159 274 1
159 309 1
159 441 1
159 844 1
159 1164 1
159 1171 1
160 200 1
160 342 1
160 367 1
160 400 1
160 505 1
160 527 1
160 547 1
160 667 1
160 671 1
160 754 1
160 787 1
160 840 1
160 908 1
160 983 1
161 209 1
161 246 1
161 816 1
161 1130 1
161 1274 1
162 297 1
162 378 1
162 805 1
162 937 1
162 967 1
162 1035 1
162 1244 1
163 170 1
163 231 1
163 255 1
163 709 1
163 891 1
163 964 1
164 553 1
164 1265 1
165 284 1
165 573 1
165 646 1
165 731 1
165 880 1
166 267 1
166 352 1
166 421 1
166 476 1
166 584 1
166 593 1
166 964 1
166 1009 1
166 1179 1
167 197 1
167 619 1
167 725 1
167 866 1
168 185 1
168 756 1
168 781 1
168 1089 1
168 1170 1
169 242 1
169 1208 1
170 216 1
170 339 1
170 415 1
171 261 1
171 545 1
171 609 1
171 868 1
171 1085 1
171 1232 1
171 1273 1
172 353 1
172 402 1
172 958 1
172 1094 1
173 204 1
173 275 1
173 325 1
173 378 1
173 385 1
173 432 1
173 455 1
173 491 1
173 572 1
173 645 1
173 647 1
173 656 1
173 787 1
173 929 1
173 950 1
173 1114 1
173 1201 1
174 191 1
174 219 1
174 271 1
174 277 1
174 318 1
174 327 1
174 637 1
174 1250 1
175 311 1
175 829 1
175 835 1
175 1194 1
176 315 1
176 344 1
176 541 1
176 544 1
176 720 1
176 752 1
176 1206 1
177 199 1
177 588 1
178 337 1
178 379 1
179 396 1
179 484 1
179 795 1
179 954 1
179 1033 1
180 224 1
180 249 1
180 271 1
180 505 1
180 565 1
180 585 1
180 739 1
180 773 1
180 906 1
180 1201 1
181 182 1
181 346 1
181 574 1
181 1075 1
182 184 1
182 230 1
182 251 1
182 283 1
182 356 1
182 358 1
182 377 1
182 570 1
182 586 1
182 684 1
182 696 1
182 797 1
182 853 1
182 930 1
182 1133 1
182 1139 1
182 1179 1
182 1223 1
183 873 1
183 942 1
183 1016 1
183 1088 1
184 200 1
184 347 1
184 562 1
184 957 1
184 988 1
184 1016 1
184 1110 1
184 1142 1
184 1153 1
184 1161 1
185 345 1
185 946 1
185 1068 1
185 1146 1
185 1286 1
186 389 1
186 424 1
186 487 1
186 499 1
186 754 1
186 1037 1
186 1271 1
187 207 1
187 269 1
187 288 1
187 463 1
187 512 1
187 674 1
187 957 1
187 1019 1
187 1102 1
187 1180 1
188 287 1
188 410 1
188 588 1
188 634 1
188 711 1
188 844 1
188 1181 1
188 1185 1
189 228 1
189 315 1
189 346 1
189 1045 1
189 1111 1
190 320 1
190 490 1
192 264 1
192 278 1
192 324 1
192 325 1
192 535 1
192 751 1
192 761 1
192 795 1
192 1115 1
192 1254 1
192 1279 1
193 203 1
193 246 1
193 281 1
193 449 1
193 749 1
194 274 1
194 371 1
194 372 1
194 408 1
194 518 1
194 519 1
194 957 1
194 992 1
195 278 1
195 391 1
195 623 1
195 689 1
195 698 1
195 708 1
195 1004 1
195 1051 1
195 1090 1
195 1120 1
195 1234 1
196 534 1
196 561 1
196 895 1
196 903 1
197 234 1
197 300 1
197 375 1
197 411 1
197 483 1
197 539 1
197 595 1
197 702 1
197 771 1
197 789 1
197 806 1
197 859 1
198 226 1
198 249 1
198 256 1
198 260 1
198 364 1
198 398 1
198 427 1
198 470 1
198 606 1
198 888 1
198 909 1
198 929 1
198 988 1
198 1164 1
198 1190 1
198 1269 1
198 1273 1
199 971 1
200 221 1
200 252 1
200 267 1
200 294 1
200 416 1
200 540 1
200 555 1
200 575 1
200 639 1
200 717 1
200 811 1
200 882 1
200 997 1
200 1027 1
200 1117 1
200 1205 1
200 1289 1
201 348 1
201 429 1
201 493 1
201 810 1
201 853 1
201 890 1
201 963 1
202 460 1
202 503 1
202 704 1
202 864 1
203 220 1
203 304 1
203 378 1
203 601 1
204 892 1
206 343 1
206 415 1
206 803 1
206 1157 1
207 239 1
207 305 1
207 373 1
207 555 1
207 758 1
208 209 1
208 987 1
208 1041 1
208 1269 1
209 295 1
210 219 1
210 352 1
211 220 1
211 303 1
211 360 1
211 526 1
211 801 1
211 951 1
211 1098 1
212 254 1
212 423 1
214 965 1
214 1015 1
214 1207 1
215 300 1
215 343 1
215 371 1
215 412 1
215 681 1
215 799 1
215 932 1
215 1036 1
217 222 1
217 290 1
217 351 1
217 661 1
217 1111 1
217 1115 1
218 502 1
218 647 1
218 996 1
219 245 1
219 256 1
219 265 1
219 299 1
219 597 1
219 603 1
219 783 1
219 858 1
219 1128 1
220 288 1
220 431 1
220 939 1
220 960 1
221 225 1
221 336 1
221 340 1
221 391 1
221 438 1
221 985 1
221 1255 1
222 359 1
222 494 1
222 513 1
222 750 1
222 805 1
222 876 1
222 921 1
222 1023 1
222 1036 1
222 1152 1
222 1200 1
223 285 1
223 410 1
223 511 1
223 544 1
223 655 1
223 659 1
223 662 1
223 834 1
223 1071 1
223 1116 1
224 286 1
224 310 1
224 350 1
224 414 1
224 485 1
224 1183 1
224 1289 1
225 233 1
225 300 1
225 502 1
225 786 1
225 1281 1
226 903 1
227 235 1
227 333 1
227 459 1
227 835 1
227 860 1
227 910 1
227 1298 1
228 434 1
228 541 1
228 581 1
228 721 1
228 826 1
228 967 1
228 979 1
228 1057 1
228 1210 1
229 730 1
229 1297 1
230 476 1
230 550 1
231 363 1
231 611 1
231 788 1
231 1180 1
231 1270 1
232 400 1
232 620 1
232 1101 1
232 1208 1
233 244 1
233 308 1
233 325 1
233 380 1
233 510 1
233 512 1
233 589 1
233 680 1
233 873 1
233 994 1
234 539 1
234 775 1
234 1006 1
234 1008 1
234 1198 1
235 756 1
235 847 1
235 886 1
236 295 1
236 341 1
236 506 1
236 628 1
236 727 1
236 1046 1
236 1228 1
237 388 1
238 270 1
238 305 1
238 500 1
238 533 1
238 576 1
238 595 1
238 757 1
238 912 1
238 947 1
238 1281 1
239 307 1
239 415 1
239 513 1
239 759 1
239 984 1
239 1146 1
239 1272 1
240 246 1
240 261 1
240 442 1
240 765 1
241 316 1
241 446 1
241 612 1
241 636 1
241 849 1
241 1048 1
241 1066 1
242 254 1
242 256 1
242 285 1
242 369 1
242 453 1
242 457 1
242 546 1
242 606 1
242 934 1
242 948 1
242 1104 1
242 1269 1
243 653 1
244 417 1
244 1166 1
245 435 1
245 436 1
245 451 1
246 256 1
246 264 1
246 292 1
246 335 1
246 447 1
246 629 1
246 885 1
246 1244 1
247 387 1
247 406 1
247 475 1
247 912 1
247 924 1
247 935 1
248 255 1
248 290 1
248 302 1
248 460 1
248 468 1
248 583 1
248 1052 1
248 1073 1
249 314 1
249 556 1
249 767 1
249 798 1
249 1182 1
250 516 1
250 591 1
250 612 1
250 1002 1
250 1242 1
251 450 1
251 566 1
252 630 1
252 722 1
252 899 1
252 1091 1
252 1187 1
253 292 1
253 357 1
253 435 1
253 768 1
254 566 1
254 625 1
254 674 1
254 1062 1
255 577 1
255 579 1
255 691 1
255 718 1
255 780 1
255 854 1
255 1238 1
256 279 1
256 424 1
256 557 1
256 879 1
257 309 1
257 1040 1
258 615 1
258 893 1
258 1144 1
258 1189 1
259 536 1
259 839 1
260 497 1
260 742 1
260 963 1
260 1050 1
260 1142 1
261 262 1
261 466 1
261 792 1
261 947 1
261 1286 1
262 412 1
262 444 1
262 564 1
262 793 1
262 795 1
262 877 1
262 1167 1
262 1195 1
263 349 1
263 659 1
263 817 1
264 554 1
264 963 1
265 286 1
265 328 1
265 960 1
266 352 1
266 393 1
266 471 1
266 599 1
266 894 1
266 1107 1
266 1189 1
266 1297 1
267 273 1
267 537 1
267 647 1
267 820 1
267 1151 1
268 360 1
268 504 1
268 682 1
268 738 1
268 788 1
268 1064 1
269 340 1
269 691 1
270 427 1
270 518 1
270 777 1
270 823 1
270 1214 1
271 687 1
272 444 1
272 608 1
272 623 1
272 1221 1
273 337 1
273 537 1
273 1269 1
274 299 1
274 315 1
274 361 1
274 370 1
274 453 1
274 598 1
274 657 1
275 465 1
275 488 1
275 806 1
275 1167 1
275 1245 1
277 342 1
277 535 1
277 829 1
277 833 1
277 861 1
277 928 1
277 1125 1
278 1032 1
279 301 1
280 394 1
280 1000 1
280 1028 1
281 291 1
281 416 1
281 464 1
281 545 1
281 641 1
281 721 1
281 812 1
282 357 1
282 499 1
282 726 1
283 472 1
284 287 1
284 306 1
284 319 1
284 322 1
284 428 1
284 429 1
284 455 1
284 480 1
284 546 1
284 741 1
284 852 1
284 938 1
284 964 1
284 1054 1
284 1237 1
285 385 1
285 685 1
285 1123 1
286 290 1
286 344 1
286 446 1
286 462 1
286 593 1
286 1028 1
287 473 1
287 475 1
287 500 1
287 525 1
287 744 1
287 751 1
287 830 1
287 1178 1
289 404 1
289 713 1
289 744 1
289 790 1
289 869 1
289 1058 1
290 424 1
290 788 1
290 1294 1
291 452 1
291 605 1
291 676 1
291 1203 1
291 1237 1
292 450 1
292 617 1
293 378 1
293 395 1
293 409 1
293 822 1
294 936 1
295 367 1
295 427 1
295 792 1
295 847 1
295 1153 1
296 443 1
297 772 1
297 808 1
298 313 1
298 376 1
298 584 1
298 767 1
298 776 1
299 313 1
299 403 1
299 447 1
299 548 1
299 675 1
300 469 1
300 700 1
300 907 1
300 1087 1
300 1175 1
300 1201 1
300 1230 1
301 328 1
302 338 1
302 353 1
302 574 1
303 470 1
303 612 1
303 1212 1
304 308 1
304 554 1
304 1141 1
305 553 1
305 624 1
305 656 1
306 584 1
307 1236 1
308 382 1
308 990 1
309 339 1
309 560 1
309 667 1
309 760 1
309 1131 1
310 368 1
310 636 1
311 339 1
311 366 1
311 489 1
311 772 1
311 1132 1
311 1246 1
312 537 1
313 402 1
314 333 1
314 386 1
314 772 1
314 1083 1
314 1217 1
314 1264 1
315 397 1
315 452 1
315 508 1
315 1023 1
315 1093 1
316 1154 1
317 355 1
317 369 1
317 475 1
318 496 1
319 529 1
319 535 1
319 1032 1
319 1141 1
319 1189 1
320 422 1
320 664 1
320 779 1
321 328 1
321 399 1
321 480 1
321 486 1
321 601 1
321 602 1
321 610 1
321 1015 1
321 1101 1
321 1220 1
321 1243 1
322 526 1
323 383 1
323 461 1
323 522 1
323 541 1
323 583 1
323 620 1
323 623 1
323 642 1
323 701 1
323 706 1
323 782 1
323 801 1
323 984 1
323 1093 1
323 1287 1
324 517 1
324 561 1
324 693 1
324 862 1
324 1095 1
324 1198 1
325 377 1
325 498 1
325 621 1
325 695 1
325 837 1
325 1158 1
326 468 1
326 536 1
326 622 1
326 766 1
326 868 1
326 1057 1
326 1268 1
327 437 1
327 493 1
327 643 1
327 667 1
327 870 1
328 365 1
328 517 1
328 521 1
328 698 1
328 734 1
328 747 1
328 1203 1
329 587 1
329 889 1
329 1035 1
330 347 1
330 351 1
330 443 1
330 470 1
330 483 1
330 559 1
330 672 1
330 712 1
331 568 1
331 709 1
331 932 1
331 993 1
331 1284 1
332 501 1
333 374 1
333 395 1
333 534 1
333 569 1
333 636 1
333 1149 1
334 379 1
334 496 1
334 581 1
334 896 1
335 404 1
335 784 1
336 547 1
336 608 1
336 641 1
336 884 1
336 1215 1
336 1253 1
336 1270 1
338 356 1
338 684 1
338 913 1
339 383 1
339 903 1
340 412 1
340 498 1
340 580 1
340 767 1
340 778 1
340 834 1
340 914 1
340 1056 1
341 614 1
341 1096 1
341 1186 1
342 368 1
342 624 1
342 635 1
342 669 1
342 811 1
342 969 1
342 1255 1
343 675 1
343 684 1
343 776 1
343 909 1
343 1231 1
344 525 1
344 635 1
344 687 1
345 575 1
345 1002 1
346 484 1
346 524 1
346 664 1
346 724 1
346 864 1
346 876 1
346 927 1
346 952 1
347 358 1
347 367 1
347 432 1
347 465 1
347 585 1
347 710 1
347 780 1
347 954 1
347 1021 1
347 1207 1
347 1251 1
348 438 1
348 469 1
348 489 1
348 540 1
348 998 1
349 489 1
349 521 1
350 374 1
350 791 1
350 983 1
350 1046 1
350 1265 1
351 440 1
351 546 1
351 558 1
351 648 1
351 652 1
351 719 1
351 765 1
351 906 1
351 1003 1
351 1257 1
352 454 1
352 974 1
352 1154 1
352 1233 1
352 1276 1
353 994 1
353 1119 1
354 558 1
354 664 1
356 445 1
357 617 1
357 677 1
358 381 1
358 594 1
358 803 1
358 1007 1
359 595 1
360 405 1
360 506 1
362 482 1
362 549 1
362 580 1
363 780 1
363 786 1
363 1143 1
364 371 1
364 375 1
364 394 1
364 425 1
364 458 1
364 471 1
364 650 1
364 815 1
364 900 1
364 1029 1
364 1109 1
364 1190 1
364 1229 1
365 498 1
365 510 1
365 925 1
365 1067 1
366 464 1
366 502 1
366 593 1
366 931 1
366 1078 1
366 1294 1
367 755 1
367 903 1
367 937 1
367 1030 1
367 1111 1
367 1262 1
368 785 1
369 380 1
369 429 1
369 433 1
369 516 1
369 1091 1
369 1095 1
369 1299 1
370 985 1
370 989 1
371 421 1
371 434 1
371 503 1
371 824 1
371 1203 1
372 409 1
372 488 1
372 561 1
372 815 1
372 851 1
372 872 1
372 898 1
372 1120 1
373 975 1
373 1226 1
374 498 1
374 499 1
374 986 1
374 1153 1
374 1206 1
375 543 1
375 582 1
375 622 1
375 847 1
375 899 1
375 1042 1
376 382 1
376 393 1
376 513 1
376 613 1
376 649 1
376 1252 1
377 414 1
377 442 1
377 462 1
377 600 1
377 607 1
377 922 1
378 527 1
378 577 1
378 779 1
378 965 1
378 1034 1
378 1045 1
379 406 1
380 485 1
380 727 1
380 971 1
380 1148 1
381 663 1
381 1292 1
382 533 1
382 627 1
382 710 1
382 892 1
382 1265 1
383 547 1
384 405 1
384 907 1
385 578 1
385 784 1
385 1287 1
386 861 1
386 936 1
386 989 1
386 1219 1
387 539 1
387 1124 1
387 1223 1
388 718 1
388 1031 1
389 483 1
389 702 1
390 514 1
391 958 1
393 968 1
394 772 1
394 1024 1
394 1285 1
395 752 1
395 998 1
395 1102 1
395 1137 1
395 1157 1
395 1268 1
396 1192 1
397 654 1
397 694 1
397 745 1
397 860 1
398 504 1
398 905 1
399 440 1
399 901 1
399 1202 1
399 1293 1
400 542 1
400 685 1
400 999 1
400 1092 1
400 1097 1
401 771 1
402 661 1
402 720 1
403 605 1
403 636 1
403 746 1
404 848 1
404 922 1
405 513 1
406 493 1
406 515 1
406 605 1
406 775 1
406 827 1
406 831 1
406 991 1
407 431 1
407 836 1
408 413 1
408 471 1
408 525 1
408 627 1
408 1073 1
408 1219 1
408 1253 1
409 768 1
410 1076 1
411 914 1
411 1164 1
412 443 1
413 602 1
414 658 1
415 496 1
415 900 1
415 1094 1
416 463 1
416 1211 1
416 1238 1
417 649 1
417 676 1
417 857 1
417 1259 1
418 438 1
418 497 1
418 639 1
418 964 1
418 1133 1
419 591 1
419 839 1
419 1043 1
420 454 1
420 529 1
420 762 1
420 831 1
420 1166 1
420 1195 1
420 1222 1
421 664 1
422 442 1
422 1076 1
423 516 1
424 448 1
424 1211 1
424 1247 1
424 1298 1
425 818 1
425 974 1
425 1021 1
426 469 1
426 505 1
427 532 1
427 546 1
428 547 1
428 658 1
428 798 1
428 910 1
428 1014 1
428 1030 1
428 1255 1
429 489 1
429 572 1
429 637 1
429 859 1
429 876 1
429 932 1
429 1022 1
429 1049 1
429 1145 1
430 451 1
430 526 1
430 551 1
430 773 1
430 815 1
430 988 1
430 1126 1
431 562 1
431 967 1
431 1106 1
431 1210 1
432 507 1
432 670 1
432 837 1
433 528 1
433 680 1
433 846 1
433 1038 1
434 587 1
434 645 1
434 952 1
435 770 1
436 635 1
436 869 1
436 912 1
437 628 1
437 703 1
437 1131 1
438 698 1
438 704 1
439 473 1
439 644 1
439 828 1
439 898 1
440 501 1
440 686 1
440 826 1
440 1299 1
441 450 1
441 564 1
441 878 1
441 918 1
441 1090 1
441 1255 1
442 509 1
443 463 1
443 582 1
444 1003 1
444 1010 1
445 495 1
445 599 1
446 496 1
446 677 1
446 870 1
447 1151 1
447 1210 1
449 627 1
449 716 1
450 660 1
451 488 1
451 646 1
451 708 1
451 819 1
451 868 1
451 1069 1
451 1102 1
452 621 1
452 625 1
452 762 1
452 913 1
452 928 1
452 944 1
454 626 1
454 799 1
454 954 1
455 629 1
455 960 1
455 980 1
455 1116 1
455 1132 1
455 1243 1
456 509 1
456 866 1
456 1035 1
456 1070 1
456 1090 1
456 1176 1
457 714 1
458 862 1
459 642 1
459 827 1
459 1276 1
461 778 1
462 651 1
462 946 1
462 1080 1
462 1114 1
463 828 1
463 1067 1
464 1055 1
464 1087 1
465 579 1
465 700 1
465 746 1
465 794 1
465 1224 1
466 474 1
466 529 1
466 694 1
466 705 1
466 981 1
466 1169 1
467 975 1
467 1032 1
469 544 1
469 824 1
470 689 1
472 924 1
474 601 1
475 544 1
476 604 1
477 635 1
477 812 1
477 1005 1
478 902 1
480 560 1
480 589 1
480 716 1
480 733 1
480 839 1
480 1001 1
480 1129 1
480 1228 1
481 826 1
481 933 1
482 831 1
482 916 1
482 1047 1
483 487 1
483 863 1
483 942 1
483 1022 1
484 511 1
484 545 1
485 809 1
485 1017 1
486 753 1
486 761 1
486 1264 1
487 905 1
488 743 1
488 777 1
488 901 1
489 508 1
490 655 1
490 690 1
491 678 1
491 1019 1
491 1024 1
492 520 1
492 842 1
492 990 1
492 1088 1
493 776 1
493 1010 1
493 1085 1
495 689 1
496 567 1
496 580 1
496 616 1
496 766 1
496 777 1
496 1231 1
497 653 1
497 794 1
497 1017 1
498 989 1
498 1175 1
499 1161 1
500 539 1
500 602 1
500 1055 1
500 1081 1
501 535 1
501 555 1
501 566 1
501 663 1
502 1035 1
502 1040 1
502 1163 1
503 614 1
504 853 1
504 1055 1
504 1251 1
504 1290 1
505 805 1
505 1266 1
507 746 1
507 1241 1
508 684 1
509 1024 1
509 1205 1
510 548 1
510 690 1
510 966 1
511 923 1
512 556 1
512 791 1
512 848 1
512 1044 1
513 816 1
513 872 1
513 901 1
513 904 1
513 980 1
514 563 1
514 667 1
514 871 1
514 955 1
514 1275 1
516 852 1
516 1075 1
517 600 1
518 591 1
518 739 1
518 1222 1
520 970 1
520 995 1
520 1086 1
520 1131 1
520 1155 1
521 604 1
521 626 1
521 1007 1
521 1014 1
521 1180 1
521 1196 1
522 805 1
523 711 1
524 545 1
524 1001 1
524 1158 1
524 1197 1
524 1254 1
524 1298 1
525 634 1
525 718 1
526 686 1
526 727 1
526 1084 1
527 570 1
527 735 1
527 945 1
527 1136 1
527 1291 1
529 781 1
530 672 1
530 730 1
530 759 1
530 955 1
530 1257 1
530 1268 1
530 1281 1
532 796 1
532 1088 1
532 1208 1
533 765 1
533 838 1
534 668 1
534 728 1
534 813 1
534 834 1
534 1059 1
534 1075 1
535 890 1
535 1199 1
536 708 1
536 820 1
536 977 1
536 1117 1
537 541 1
537 588 1
537 930 1
537 973 1
537 1263 1
537 1290 1
539 553 1
539 756 1
540 1218 1
541 576 1
541 961 1
541 1233 1
542 726 1
542 730 1
542 943 1
543 854 1
543 1294 1
544 672 1
544 877 1
545 802 1
546 959 1
546 1023 1
547 661 1
548 558 1
548 766 1
548 768 1
548 889 1
548 1149 1
548 1169 1
548 1183 1
548 1271 1
550 837 1
553 555 1
553 1260 1
554 573 1
554 620 1
554 1020 1
556 914 1
557 582 1
557 747 1
557 1181 1
557 1213 1
558 738 1
558 1158 1
559 699 1
559 1284 1
560 634 1
560 908 1
561 621 1
561 1062 1
563 703 1
563 762 1
563 860 1
563 926 1
563 1036 1
565 801 1
565 976 1
566 590 1
566 643 1
569 727 1
569 740 1
569 1005 1
570 600 1
570 890 1
570 1088 1
571 681 1
571 851 1
571 874 1
572 654 1
572 740 1
572 981 1
572 1053 1
573 1113 1
575 597 1
575 825 1
575 1169 1
576 669 1
577 712 1
577 829 1
577 1127 1
579 591 1
579 769 1
579 1041 1
579 1163 1
580 581 1
580 1225 1
581 961 1
581 1084 1
583 662 1
583 795 1
583 868 1
583 1073 1
584 938 1
584 1248 1
585 588 1
585 619 1
585 651 1
586 924 1
586 1034 1
587 1267 1
588 781 1
589 883 1
589 1228 1
589 1240 1
590 1171 1
591 599 1
591 714 1
591 771 1
591 824 1
591 916 1
591 1215 1
592 709 1
592 723 1
592 951 1
592 1127 1
592 1148 1
593 879 1
593 1164 1
594 616 1
594 637 1
594 896 1
594 923 1
594 1248 1
595 971 1
595 1128 1
596 1053 1
596 1200 1
596 1225 1
597 609 1
597 1121 1
598 965 1
599 702 1
600 859 1
600 982 1
600 1252 1
601 825 1
601 856 1
602 770 1
602 1080 1
603 873 1
604 792 1
605 653 1
605 760 1
606 836 1
606 1135 1
606 1159 1
607 1050 1
607 1223 1
608 692 1
609 632 1
610 936 1
610 1019 1
610 1174 1
611 710 1
611 810 1
611 881 1
612 622 1
612 737 1
612 900 1
612 902 1
612 944 1
612 1062 1
614 1021 1
617 714 1
619 1005 1
620 822 1
621 631 1
621 904 1
621 1061 1
621 1204 1
621 1224 1
622 812 1
622 1058 1
622 1283 1
623 873 1
624 763 1
626 857 1
626 1116 1
627 631 1
627 939 1
627 1160 1
628 1062 1
630 821 1
631 878 1
632 1074 1
632 1118 1
633 737 1
633 938 1
633 1083 1
633 1259 1
634 1137 1
635 864 1
637 1113 1
638 883 1
640 855 1
641 686 1
641 881 1
641 1250 1
642 969 1
642 977 1
643 652 1
644 665 1
644 738 1
644 996 1
644 1060 1
644 1072 1
644 1139 1
646 687 1
646 780 1
646 863 1
647 721 1
648 705 1
648 836 1
648 1131 1
650 1147 1
650 1213 1
650 1272 1
651 1227 1
652 1054 1
652 1097 1
652 1162 1
654 796 1
654 1146 1
654 1299 1
655 732 1
656 681 1
656 782 1
656 955 1
656 1291 1
657 804 1
657 830 1
660 825 1
661 683 1
661 939 1
661 1242 1
662 850 1
662 962 1
662 1220 1
663 884 1
663 961 1
663 974 1
663 1123 1
663 1176 1
664 1098 1
664 1099 1
664 1106 1
664 1211 1
666 1071 1
666 1299 1
668 1074 1
671 685 1
671 1293 1
672 783 1
673 845 1
673 889 1
674 1288 1
675 697 1
675 1243 1
676 918 1
678 962 1
679 878 1
679 995 1
680 786 1
680 899 1
681 949 1
681 1096 1
681 1243 1
682 1105 1
684 749 1
684 880 1
684 1156 1
685 923 1
685 935 1
686 1011 1
687 898 1
688 1268 1
689 951 1
690 1139 1
691 1300 1
693 918 1
693 933 1
693 1102 1
693 1209 1
694 751 1
694 997 1
694 1265 1
696 866 1
698 910 1
698 940 1
698 1121 1
699 783 1
701 1103 1
701 1148 1
702 843 1
702 1156 1
703 857 1
705 969 1
710 763 1
710 792 1
710 832 1
710 863 1
710 1000 1
716 929 1
716 1276 1
717 898 1
717 1136 1
718 791 1
718 1044 1
719 975 1
720 955 1
720 1168 1
722 745 1
722 826 1
722 885 1
724 1077 1
724 1300 1
725 967 1
726 911 1
726 1132 1
727 846 1
728 1013 1
729 734 1
729 753 1
729 837 1
730 915 1
730 962 1
730 1218 1
732 746 1
734 815 1
734 860 1
739 741 1
739 1132 1
744 835 1
745 766 1
745 1043 1
745 1060 1
747 823 1
747 945 1
747 1029 1
748 847 1
748 938 1
748 1155 1
749 758 1
750 757 1
750 759 1
750 808 1
750 1045 1
750 1147 1
751 796 1
751 848 1
751 1143 1
752 788 1
752 1135 1
753 867 1
753 930 1
753 1280 1
755 1022 1
757 893 1
759 1026 1
760 797 1
762 810 1
762 945 1
763 764 1
763 840 1
763 906 1
763 1067 1
763 1280 1
764 1144 1
764 1213 1
765 821 1
765 1135 1
768 874 1
768 1104 1
768 1121 1
770 1060 1
773 1249 1
774 838 1
774 1270 1
775 867 1
776 1022 1
777 781 1
777 864 1
777 984 1
777 985 1
777 1247 1
778 1267 1
778 1278 1
779 833 1
779 970 1
779 1147 1
780 797 1
780 862 1
780 1079 1
780 1256 1
781 793 1
782 908 1
783 813 1
784 1190 1
785 1013 1
786 874 1
786 1296 1
787 1070 1
788 1165 1
788 1285 1
789 1038 1
789 1225 1
791 1184 1
792 1008 1
793 999 1
793 1130 1
794 1072 1
795 802 1
795 808 1
796 1048 1
801 997 1
801 1103 1
803 888 1
803 1087 1
805 1121 1
805 1295 1
806 821 1
806 901 1
806 942 1
806 1250 1
807 814 1
807 822 1
808 884 1
808 923 1
808 1194 1
809 1041 1
809 1229 1
809 1287 1
810 1077 1
810 1119 1
810 1146 1
810 1209 1
812 1016 1
814 1103 1
815 1101 1
816 1004 1
817 1029 1
819 855 1
819 879 1
819 1242 1
822 1251 1
825 922 1
825 1068 1
825 1168 1
826 1051 1
826 1106 1
827 1189 1
833 944 1
833 992 1
834 1172 1
835 1212 1
835 1293 1
836 941 1
839 846 1
841 927 1
841 959 1
841 992 1
842 1174 1
843 968 1
844 906 1
845 950 1
846 1245 1
851 976 1
852 953 1
852 1282 1
853 1012 1
854 1069 1
855 1090 1
855 1103 1
856 895 1
857 976 1
859 920 1
859 968 1
860 913 1
860 984 1
861 1040 1
862 871 1
863 1133 1
864 894 1
865 1139 1
865 1261 1
867 1170 1
869 871 1
871 1194 1
873 1217 1
874 1173 1
876 1076 1
876 1186 1
880 882 1
880 987 1
880 1140 1
881 1083 1
882 943 1
884 1173 1
887 916 1
887 947 1
887 1039 1
890 935 1
893 1230 1
896 1224 1
897 1049 1
897 1206 1
899 1125 1
899 1204 1
900 911 1
903 1007 1
904 1253 1
908 1163 1
909 1202 1
910 915 1
910 928 1
910 985 1
910 1099 1
911 1107 1
912 1072 1
913 1115 1
914 1025 1
916 966 1
916 1113 1
917 961 1
917 1125 1
920 1089 1
921 1099 1
921 1128 1
921 1140 1
922 1162 1
923 1186 1
924 971 1
924 1017 1
925 933 1
925 1182 1
926 1226 1
927 1227 1
928 1050 1
928 1289 1
930 1216 1
932 978 1
932 1188 1
934 1207 1
935 1193 1
937 1155 1
938 966 1
938 977 1
939 1257 1
940 1045 1
941 1278 1
943 1047 1
944 1187 1
944 1247 1
947 1158 1
949 972 1
949 999 1
953 1059 1
954 990 1
955 1097 1
956 973 1
958 1017 1
958 1203 1
960 980 1
960 1252 1
965 1009 1
968 1130 1
969 1129 1
971 996 1
972 1229 1
972 1247 1
973 1074 1
973 1181 1
974 1106 1
976 1105 1
977 1152 1
978 1094 1
978 1241 1
979 1156 1
982 1202 1
983 1011 1
983 1036 1
984 1283 1
985 1142 1
985 1166 1
986 1071 1
986 1240 1
989 996 1
993 1074 1
994 1003 1
995 1012 1
996 1153 1
999 1107 1
1005 1075 1
1007 1048 1
1007 1065 1
1009 1026 1
1009 1119 1
1010 1024 1
1010 1079 1
1012 1138 1
1018 1063 1
1020 1028 1
1021 1148 1
1025 1053 1
1026 1109 1
1027 1059 1
1027 1137 1
1027 1165 1
1030 1166 1
1031 1078 1
1031 1092 1
1031 1264 1
1033 1108 1
1034 1063 1
1038 1085 1
1040 1097 1
1040 1104 1
1040 1179 1
1041 1069 1
1041 1241 1
1045 1128 1
1046 1234 1
1047 1223 1
1049 1086 1
1055 1277 1
1057 1111 1
1059 1159 1
1060 1110 1
1062 1263 1
1068 1149 1
1068 1159 1
1068 1187 1
1069 1082 1
1072 1076 1
1074 1174 1
1078 1140 1
1079 1258 1
1080 1084 1
1086 1295 1
1088 1224 1
1092 1197 1
1093 1200 1
1098 1122 1
1103 1233 1
1104 1236 1
1106 1134 1
1106 1261 1
1108 1125 1
1108 1151 1
1109 1184 1
1112 1197 1
1114 1219 1
1115 1187 1
1116 1213 1
1118 1182 1
1121 1279 1
1128 1246 1
1129 1215 1
1129 1260 1
1133 1154 1
1138 1157 1
1170 1216 1
1171 1179 1
1171 1199 1
1183 1217 1
1183 1246 1
1185 1192 1
1188 1196 1
1196 1240 1
1202 1225 1
1202 1261 1
1203 1287 1
1206 1292 1
1217 1249 1
1220 1235 1
1255 1266 1
1272 1294 1
1297 1300 1
