600 2384 
1 2 1
1 3 1
1 4 1
1 5 1
1 6 1
1 7 1
1 9 1
1 10 1
1 11 1
1 12 1
1 16 1
1 19 1
1 22 1
1 29 1
1 33 1
1 49 1
1 52 1
1 63 1
1 65 1
1 78 1
1 97 1
1 99 1
1 100 1
1 104 1
1 105 1
1 109 1
1 110 1
1 114 1
1 121 1
1 137 1
1 143 1
1 149 1
1 155 1
1 168 1
1 177 1
1 202 1
1 252 1
1 254 1
1 266 1
1 275 1
1 296 1
1 308 1
1 331 1
1 345 1
1 355 1
1 384 1
1 399 1
1 448 1
1 464 1
1 495 1
1 497 1
1 512 1
1 516 1
1 522 1
1 526 1
1 527 1
1 551 1
1 555 1
1 574 1
1 582 1
2 6 1
2 7 1
2 8 1
2 11 1
2 13 1
2 16 1
2 23 1
2 53 1
2 54 1
2 82 1
2 83 1
2 110 1
2 116 1
2 132 1
2 143 1
2 152 1
2 190 1
2 209 1
2 243 1
2 290 1
2 380 1
2 415 1
2 441 1
2 453 1
2 511 1
2 571 1
2 590 1
3 7 1
3 9 1
3 13 1
3 14 1
3 19 1
3 20 1
3 30 1
3 31 1
3 43 1
3 47 1
3 50 1
3 74 1
3 81 1
3 82 1
3 102 1
3 118 1
3 119 1
3 123 1
3 147 1
3 161 1
3 197 1
3 237 1
3 243 1
3 244 1
3 266 1
3 307 1
3 371 1
3 391 1
3 396 1
3 397 1
3 425 1
3 445 1
3 456 1
3 466 1
3 487 1
3 513 1
3 526 1
3 527 1
3 538 1
3 540 1
3 553 1
3 561 1
3 569 1
3 586 1
3 592 1
4 6 1
4 8 1
4 9 1
4 10 1
4 11 1
4 12 1
4 16 1
4 17 1
4 19 1
4 23 1
4 24 1
4 25 1
4 27 1
4 34 1
4 35 1
4 36 1
4 38 1
4 51 1
4 58 1
4 68 1
4 79 1
4 88 1
4 98 1
4 120 1
4 128 1
4 130 1
4 134 1
4 137 1
4 147 1
4 175 1
4 187 1
4 191 1
4 200 1
4 207 1
4 226 1
4 228 1
4 242 1
4 244 1
4 246 1
4 264 1
4 275 1
4 303 1
4 305 1
4 310 1
4 315 1
4 341 1
4 366 1
4 383 1
4 409 1
4 419 1
4 427 1
4 440 1
4 460 1
4 470 1
4 472 1
4 487 1
4 506 1
4 510 1
4 558 1
5 6 1
5 14 1
5 15 1
5 17 1
5 18 1
5 21 1
5 29 1
5 37 1
5 43 1
5 50 1
5 62 1
5 104 1
5 151 1
5 199 1
5 200 1
5 211 1
5 214 1
5 216 1
5 223 1
5 283 1
5 296 1
5 317 1
5 323 1
5 324 1
5 355 1
5 402 1
5 422 1
5 424 1
5 456 1
5 466 1
5 500 1
5 503 1
5 553 1
5 596 1
6 7 1
6 8 1
6 24 1
6 26 1
6 28 1
6 29 1
6 36 1
6 57 1
6 62 1
6 66 1
6 84 1
6 89 1
6 95 1
6 96 1
6 97 1
6 99 1
6 106 1
6 107 1
6 117 1
6 118 1
6 121 1
6 125 1
6 131 1
6 179 1
6 203 1
6 217 1
6 240 1
6 249 1
6 284 1
6 347 1
6 373 1
6 374 1
6 378 1
6 412 1
6 437 1
6 498 1
6 504 1
6 513 1
6 517 1
6 520 1
6 560 1
6 568 1
6 583 1
6 599 1
7 8 1
7 9 1
7 10 1
7 11 1
7 13 1
7 15 1
7 16 1
7 17 1
7 18 1
7 20 1
7 25 1
7 27 1
7 30 1
7 31 1
7 35 1
7 38 1
7 41 1
7 42 1
7 49 1
7 57 1
7 58 1
7 59 1
7 69 1
7 87 1
7 91 1
7 98 1
7 108 1
7 112 1
7 116 1
7 122 1
7 156 1
7 168 1
7 172 1
7 181 1
7 182 1
7 185 1
7 196 1
7 216 1
7 250 1
7 270 1
7 272 1
7 279 1
7 282 1
7 295 1
7 304 1
7 305 1
7 310 1
7 326 1
7 329 1
7 332 1
7 343 1
7 353 1
7 362 1
7 375 1
7 393 1
7 425 1
7 430 1
7 431 1
7 438 1
7 450 1
7 461 1
7 470 1
7 485 1
7 495 1
7 513 1
7 522 1
7 543 1
7 550 1
7 555 1
7 559 1
7 575 1
7 590 1
7 600 1
8 10 1
8 17 1
8 18 1
8 20 1
8 23 1
8 24 1
8 26 1
8 34 1
8 37 1
8 38 1
8 39 1
8 44 1
8 51 1
8 52 1
8 56 1
8 63 1
8 66 1
8 77 1
8 80 1
8 84 1
8 90 1
8 95 1
8 96 1
8 99 1
8 109 1
8 129 1
8 150 1
8 154 1
8 171 1
8 185 1
8 188 1
8 192 1
8 203 1
8 209 1
8 217 1
8 229 1
8 232 1
8 242 1
8 280 1
8 292 1
8 325 1
8 330 1
8 331 1
8 340 1
8 354 1
8 378 1
8 400 1
8 407 1
8 417 1
8 437 1
8 474 1
8 482 1
8 492 1
8 499 1
8 510 1
8 519 1
8 520 1
8 526 1
8 534 1
8 579 1
8 597 1
9 12 1
9 13 1
9 15 1
9 21 1
9 22 1
9 40 1
9 41 1
9 44 1
9 53 1
9 57 1
9 59 1
9 79 1
9 87 1
9 91 1
9 144 1
9 213 1
9 236 1
9 298 1
9 346 1
9 395 1
9 401 1
9 516 1
9 528 1
9 583 1
10 14 1
10 21 1
10 25 1
10 27 1
10 33 1
10 64 1
10 69 1
10 75 1
10 88 1
10 94 1
10 100 1
10 128 1
10 146 1
10 154 1
10 163 1
10 168 1
10 181 1
10 211 1
10 255 1
10 299 1
10 326 1
10 337 1
10 419 1
10 436 1
10 458 1
10 459 1
10 551 1
11 12 1
11 14 1
11 18 1
11 31 1
11 37 1
11 44 1
11 45 1
11 60 1
11 61 1
11 89 1
11 127 1
11 135 1
11 219 1
11 267 1
11 274 1
11 291 1
11 341 1
11 346 1
11 386 1
11 423 1
11 547 1
11 587 1
11 597 1
12 15 1
12 23 1
12 24 1
12 26 1
12 32 1
12 34 1
12 39 1
12 42 1
12 48 1
12 65 1
12 66 1
12 72 1
12 87 1
12 91 1
12 95 1
12 108 1
12 118 1
12 155 1
12 172 1
12 195 1
12 200 1
12 204 1
12 222 1
12 253 1
12 338 1
12 384 1
12 388 1
12 390 1
12 405 1
12 414 1
12 454 1
12 473 1
12 530 1
12 589 1
13 19 1
13 25 1
13 43 1
13 51 1
13 65 1
13 70 1
13 72 1
13 75 1
13 82 1
13 85 1
13 129 1
13 151 1
13 220 1
13 227 1
13 246 1
13 252 1
13 287 1
13 312 1
13 322 1
13 327 1
13 350 1
13 358 1
13 375 1
13 387 1
13 422 1
13 462 1
13 473 1
13 489 1
13 569 1
13 581 1
13 596 1
14 20 1
14 47 1
14 53 1
14 70 1
14 91 1
14 110 1
14 123 1
14 165 1
14 188 1
14 199 1
14 208 1
14 220 1
14 229 1
14 232 1
14 237 1
14 248 1
14 259 1
14 299 1
14 322 1
14 340 1
14 342 1
14 347 1
14 357 1
14 385 1
14 423 1
14 436 1
14 447 1
14 452 1
14 464 1
14 499 1
14 518 1
14 546 1
14 580 1
15 41 1
15 160 1
15 190 1
15 206 1
15 439 1
16 21 1
16 22 1
16 36 1
16 40 1
16 46 1
16 64 1
16 78 1
16 86 1
16 111 1
16 116 1
16 132 1
16 164 1
16 166 1
16 193 1
16 207 1
16 252 1
16 278 1
16 281 1
16 304 1
16 312 1
16 332 1
16 353 1
16 379 1
16 381 1
16 420 1
16 469 1
16 475 1
16 484 1
16 552 1
16 575 1
17 27 1
17 28 1
17 32 1
17 40 1
17 45 1
17 46 1
17 52 1
17 54 1
17 59 1
17 60 1
17 62 1
17 68 1
17 70 1
17 71 1
17 74 1
17 76 1
17 89 1
17 111 1
17 146 1
17 148 1
17 150 1
17 178 1
17 212 1
17 234 1
17 245 1
17 258 1
17 307 1
17 313 1
17 397 1
17 434 1
17 435 1
17 454 1
17 506 1
17 515 1
17 562 1
17 565 1
17 573 1
17 585 1
18 30 1
18 39 1
18 40 1
18 58 1
18 76 1
18 79 1
18 92 1
18 93 1
18 100 1
18 112 1
18 119 1
18 131 1
18 164 1
18 185 1
18 195 1
18 212 1
18 261 1
18 299 1
18 334 1
18 336 1
18 353 1
18 377 1
18 416 1
18 491 1
19 22 1
19 33 1
19 46 1
19 58 1
19 86 1
19 87 1
19 104 1
19 131 1
19 184 1
19 214 1
19 225 1
19 231 1
19 256 1
19 278 1
19 395 1
19 482 1
19 538 1
19 591 1
19 600 1
20 28 1
20 34 1
20 47 1
20 48 1
20 76 1
20 84 1
20 92 1
20 103 1
20 105 1
20 111 1
20 151 1
20 157 1
20 187 1
20 206 1
20 211 1
20 259 1
20 260 1
20 268 1
20 286 1
20 301 1
20 339 1
20 343 1
20 451 1
20 499 1
20 519 1
21 32 1
21 51 1
21 53 1
21 75 1
21 76 1
21 82 1
21 85 1
21 115 1
21 150 1
21 162 1
21 191 1
21 209 1
21 229 1
21 319 1
21 378 1
21 390 1
21 402 1
21 411 1
21 425 1
21 442 1
21 455 1
21 563 1
21 564 1
22 31 1
22 48 1
22 62 1
22 69 1
22 71 1
22 90 1
22 94 1
22 120 1
22 129 1
22 149 1
22 171 1
22 269 1
22 276 1
23 26 1
23 193 1
23 199 1
23 391 1
23 427 1
23 560 1
24 35 1
24 108 1
24 167 1
24 423 1
24 455 1
25 28 1
25 30 1
25 33 1
25 73 1
25 74 1
25 101 1
25 107 1
25 122 1
25 127 1
25 136 1
25 158 1
25 162 1
25 165 1
25 196 1
25 224 1
25 230 1
25 238 1
25 239 1
25 240 1
25 242 1
25 244 1
25 278 1
25 370 1
25 424 1
25 432 1
25 447 1
25 459 1
25 460 1
25 467 1
25 545 1
26 32 1
26 73 1
26 186 1
26 213 1
26 256 1
26 321 1
26 389 1
26 405 1
26 467 1
27 70 1
27 94 1
27 110 1
27 115 1
27 139 1
27 140 1
27 164 1
27 177 1
27 204 1
27 265 1
27 266 1
27 290 1
27 360 1
27 378 1
27 418 1
27 504 1
28 29 1
28 36 1
28 44 1
28 48 1
28 98 1
28 124 1
28 187 1
28 204 1
28 220 1
28 293 1
28 317 1
28 368 1
28 369 1
28 444 1
28 480 1
28 494 1
28 588 1
29 55 1
29 77 1
29 86 1
29 99 1
29 106 1
29 113 1
29 120 1
29 137 1
29 140 1
29 227 1
29 236 1
29 342 1
29 365 1
29 367 1
29 400 1
29 408 1
29 428 1
29 441 1
29 445 1
29 448 1
29 495 1
29 501 1
29 556 1
29 587 1
30 37 1
30 43 1
30 46 1
30 54 1
30 60 1
30 61 1
30 132 1
30 133 1
30 138 1
30 157 1
30 191 1
30 194 1
30 199 1
30 233 1
30 240 1
30 246 1
30 263 1
30 274 1
30 277 1
30 280 1
30 350 1
30 449 1
30 474 1
30 493 1
30 507 1
31 35 1
31 56 1
31 72 1
31 182 1
31 210 1
31 284 1
31 319 1
31 433 1
31 567 1
32 136 1
32 138 1
32 139 1
32 370 1
32 411 1
32 454 1
33 47 1
33 55 1
33 56 1
33 63 1
33 101 1
33 123 1
33 195 1
33 218 1
33 396 1
33 399 1
33 436 1
33 445 1
34 49 1
34 50 1
34 67 1
34 107 1
34 108 1
34 109 1
34 114 1
34 120 1
34 133 1
34 139 1
34 140 1
34 143 1
34 160 1
34 195 1
34 224 1
34 297 1
34 314 1
34 328 1
34 333 1
34 355 1
34 363 1
34 371 1
34 380 1
34 383 1
34 433 1
34 457 1
34 475 1
34 485 1
34 494 1
34 529 1
34 565 1
34 575 1
34 578 1
35 38 1
35 41 1
35 45 1
35 52 1
35 55 1
35 59 1
35 67 1
35 68 1
35 77 1
35 107 1
35 113 1
35 125 1
35 143 1
35 148 1
35 156 1
35 167 1
35 174 1
35 189 1
35 203 1
35 215 1
35 235 1
35 245 1
35 255 1
35 260 1
35 261 1
35 276 1
35 285 1
35 327 1
35 333 1
35 341 1
35 346 1
35 372 1
35 395 1
35 503 1
35 506 1
35 584 1
36 435 1
36 466 1
37 39 1
37 77 1
37 103 1
37 149 1
37 158 1
37 161 1
37 179 1
37 194 1
37 398 1
37 455 1
37 461 1
37 479 1
37 482 1
37 512 1
37 578 1
38 45 1
38 63 1
38 103 1
38 166 1
38 233 1
38 235 1
38 265 1
38 280 1
38 489 1
38 551 1
39 49 1
39 181 1
39 189 1
39 230 1
39 301 1
39 443 1
40 42 1
40 61 1
40 66 1
40 72 1
40 141 1
40 162 1
40 179 1
40 197 1
40 213 1
40 300 1
40 451 1
40 484 1
40 498 1
40 588 1
40 592 1
41 42 1
41 50 1
41 64 1
41 119 1
41 241 1
41 336 1
42 169 1
42 421 1
43 73 1
43 102 1
43 144 1
43 189 1
43 218 1
43 243 1
43 338 1
43 354 1
43 403 1
43 435 1
43 490 1
44 56 1
44 133 1
44 177 1
44 483 1
44 502 1
45 55 1
45 60 1
45 97 1
45 321 1
45 448 1
46 271 1
46 360 1
46 366 1
46 367 1
46 389 1
46 402 1
46 483 1
46 563 1
47 73 1
47 83 1
47 93 1
47 118 1
47 128 1
47 222 1
47 267 1
47 351 1
47 366 1
47 392 1
47 394 1
47 424 1
47 457 1
47 462 1
47 464 1
47 489 1
47 512 1
48 54 1
48 61 1
48 111 1
48 127 1
48 134 1
48 170 1
48 196 1
48 228 1
48 282 1
48 324 1
48 389 1
48 421 1
49 201 1
49 234 1
49 270 1
49 286 1
49 501 1
50 64 1
50 67 1
50 79 1
50 81 1
50 83 1
50 90 1
50 135 1
50 141 1
50 174 1
50 175 1
50 191 1
50 227 1
50 239 1
50 253 1
50 272 1
50 292 1
50 324 1
50 327 1
50 329 1
50 344 1
50 431 1
50 435 1
50 458 1
50 579 1
51 69 1
51 75 1
51 93 1
51 104 1
51 142 1
51 183 1
51 223 1
51 295 1
51 297 1
51 345 1
51 348 1
51 372 1
51 407 1
51 477 1
51 525 1
51 554 1
52 67 1
52 93 1
52 586 1
53 123 1
53 124 1
53 152 1
53 171 1
53 205 1
53 245 1
53 328 1
53 380 1
53 404 1
53 444 1
53 471 1
54 57 1
54 68 1
54 78 1
54 83 1
54 122 1
54 305 1
54 404 1
54 505 1
56 80 1
56 88 1
56 98 1
56 293 1
56 308 1
56 329 1
56 348 1
56 427 1
57 74 1
57 78 1
57 85 1
57 92 1
57 97 1
57 102 1
57 172 1
57 226 1
57 228 1
57 270 1
57 275 1
57 286 1
57 287 1
57 335 1
57 408 1
57 451 1
58 81 1
58 101 1
58 129 1
58 147 1
58 169 1
58 218 1
58 316 1
58 351 1
58 556 1
59 65 1
59 176 1
59 207 1
59 239 1
59 288 1
59 301 1
59 538 1
59 562 1
60 124 1
60 153 1
60 265 1
60 400 1
60 426 1
60 515 1
60 519 1
60 542 1
60 590 1
61 109 1
61 112 1
61 159 1
61 226 1
61 229 1
61 233 1
61 302 1
61 351 1
61 356 1
61 406 1
61 433 1
61 497 1
61 536 1
61 541 1
61 561 1
61 600 1
62 88 1
62 274 1
62 365 1
62 483 1
63 71 1
63 80 1
63 114 1
63 158 1
63 170 1
63 186 1
63 215 1
63 256 1
63 269 1
63 291 1
63 326 1
63 369 1
63 417 1
63 454 1
63 498 1
63 529 1
64 121 1
64 188 1
64 268 1
64 273 1
64 315 1
64 339 1
64 365 1
64 418 1
64 439 1
64 463 1
64 523 1
64 553 1
64 568 1
65 71 1
65 176 1
65 178 1
65 231 1
65 247 1
65 388 1
65 459 1
65 477 1
66 147 1
66 161 1
66 201 1
66 205 1
66 365 1
67 86 1
67 127 1
67 174 1
67 309 1
67 313 1
67 413 1
67 461 1
67 570 1
67 586 1
68 138 1
68 169 1
68 198 1
68 214 1
68 427 1
68 472 1
69 135 1
69 146 1
69 153 1
69 163 1
69 245 1
69 252 1
69 301 1
69 527 1
70 84 1
70 92 1
70 102 1
70 163 1
70 168 1
70 197 1
70 198 1
70 204 1
70 214 1
70 236 1
70 258 1
70 261 1
70 276 1
70 330 1
70 368 1
70 531 1
71 81 1
71 95 1
71 173 1
71 198 1
71 218 1
71 219 1
71 267 1
71 303 1
71 328 1
71 363 1
71 426 1
71 474 1
72 166 1
72 175 1
72 177 1
72 210 1
72 217 1
72 224 1
72 294 1
72 331 1
72 343 1
72 370 1
72 535 1
73 173 1
73 343 1
73 357 1
73 367 1
73 375 1
74 173 1
74 238 1
74 290 1
74 334 1
74 357 1
74 384 1
74 415 1
74 418 1
75 80 1
75 100 1
75 106 1
75 149 1
75 160 1
75 182 1
75 205 1
75 234 1
75 247 1
75 260 1
75 415 1
75 488 1
76 85 1
76 106 1
76 126 1
76 156 1
76 182 1
76 189 1
76 190 1
76 210 1
76 234 1
76 237 1
76 258 1
76 293 1
76 336 1
76 347 1
76 373 1
76 433 1
76 465 1
76 550 1
76 567 1
78 124 1
78 139 1
78 230 1
78 320 1
79 340 1
79 345 1
79 353 1
79 386 1
79 413 1
79 428 1
79 510 1
79 570 1
80 96 1
80 101 1
80 114 1
80 128 1
80 134 1
80 142 1
80 152 1
80 158 1
80 193 1
80 213 1
80 235 1
80 309 1
80 371 1
80 438 1
80 476 1
80 491 1
80 565 1
80 573 1
81 113 1
81 154 1
81 361 1
81 393 1
81 437 1
81 475 1
82 125 1
82 126 1
82 360 1
82 390 1
82 532 1
83 563 1
83 593 1
84 151 1
84 167 1
84 208 1
84 268 1
84 379 1
85 90 1
85 200 1
85 241 1
85 253 1
85 277 1
85 376 1
85 490 1
85 523 1
86 349 1
86 577 1
86 592 1
87 105 1
87 116 1
87 126 1
87 197 1
87 219 1
87 242 1
87 272 1
87 377 1
87 385 1
87 503 1
87 522 1
88 89 1
88 121 1
88 122 1
88 126 1
88 136 1
88 172 1
88 196 1
88 223 1
88 263 1
88 359 1
88 497 1
89 117 1
89 137 1
89 142 1
89 268 1
89 289 1
89 429 1
89 524 1
89 574 1
89 585 1
90 337 1
90 369 1
91 113 1
91 157 1
91 348 1
91 362 1
91 476 1
92 145 1
92 178 1
92 188 1
92 244 1
92 311 1
92 440 1
92 511 1
92 568 1
93 94 1
93 388 1
93 541 1
94 96 1
94 105 1
94 131 1
94 284 1
94 289 1
94 297 1
94 327 1
94 361 1
94 381 1
94 392 1
94 524 1
94 563 1
95 145 1
95 347 1
96 146 1
96 178 1
96 206 1
96 216 1
96 237 1
96 265 1
96 269 1
96 271 1
96 322 1
96 354 1
96 453 1
96 476 1
96 534 1
96 589 1
97 202 1
97 253 1
97 474 1
98 115 1
98 117 1
98 176 1
98 183 1
98 187 1
98 303 1
98 332 1
98 520 1
98 557 1
99 262 1
99 443 1
100 115 1
100 374 1
100 507 1
100 515 1
102 103 1
102 138 1
102 150 1
102 225 1
102 305 1
102 458 1
103 202 1
103 251 1
103 306 1
103 345 1
103 364 1
103 373 1
103 531 1
104 130 1
104 184 1
104 222 1
104 264 1
104 376 1
104 481 1
104 557 1
105 181 1
105 376 1
105 387 1
105 514 1
105 517 1
106 117 1
106 119 1
106 135 1
106 148 1
106 157 1
106 159 1
106 221 1
106 259 1
106 262 1
106 342 1
106 479 1
106 548 1
107 249 1
107 285 1
107 291 1
107 444 1
107 598 1
108 144 1
108 296 1
108 442 1
109 170 1
109 180 1
109 282 1
110 112 1
110 141 1
110 174 1
110 186 1
110 192 1
110 215 1
110 222 1
110 255 1
110 264 1
110 303 1
110 309 1
110 350 1
110 400 1
110 420 1
110 423 1
110 432 1
110 457 1
110 515 1
110 561 1
111 250 1
111 342 1
111 420 1
111 438 1
111 496 1
111 585 1
112 161 1
112 173 1
112 225 1
112 243 1
112 319 1
112 357 1
112 383 1
112 450 1
112 520 1
112 521 1
113 163 1
113 251 1
113 529 1
114 133 1
114 154 1
114 169 1
114 396 1
115 401 1
115 452 1
116 130 1
116 153 1
116 294 1
117 132 1
117 134 1
117 180 1
117 219 1
117 304 1
117 396 1
117 401 1
117 486 1
117 495 1
118 130 1
118 496 1
118 539 1
119 144 1
119 166 1
119 194 1
119 220 1
119 262 1
119 323 1
119 472 1
119 489 1
119 554 1
120 125 1
120 492 1
121 411 1
122 136 1
122 140 1
122 155 1
122 205 1
122 223 1
122 233 1
122 559 1
123 145 1
123 194 1
123 248 1
123 358 1
123 399 1
123 460 1
124 201 1
124 208 1
124 241 1
124 299 1
124 306 1
124 434 1
124 557 1
124 580 1
125 292 1
125 323 1
125 409 1
125 508 1
127 148 1
127 152 1
127 202 1
127 361 1
127 409 1
127 580 1
128 160 1
128 176 1
128 286 1
128 382 1
128 581 1
129 179 1
129 306 1
129 450 1
129 492 1
129 547 1
129 579 1
130 257 1
130 278 1
130 291 1
130 340 1
130 380 1
130 470 1
130 571 1
131 289 1
131 461 1
131 468 1
131 511 1
131 540 1
132 479 1
133 142 1
133 159 1
133 203 1
133 240 1
133 344 1
133 481 1
133 516 1
134 141 1
134 159 1
134 356 1
134 404 1
134 480 1
134 558 1
136 190 1
136 441 1
136 562 1
137 273 1
137 318 1
137 410 1
137 544 1
138 335 1
138 339 1
139 145 1
139 198 1
139 363 1
140 246 1
140 266 1
140 394 1
140 405 1
141 447 1
141 499 1
142 183 1
142 287 1
143 184 1
143 300 1
143 311 1
143 344 1
143 463 1
143 501 1
143 571 1
143 580 1
144 156 1
144 164 1
144 236 1
144 274 1
145 155 1
145 165 1
145 208 1
146 279 1
147 153 1
147 589 1
148 162 1
148 167 1
148 257 1
148 379 1
148 420 1
149 212 1
149 322 1
149 364 1
149 416 1
149 451 1
149 496 1
150 184 1
150 414 1
150 482 1
151 206 1
151 224 1
151 273 1
151 298 1
151 403 1
151 406 1
151 576 1
152 386 1
152 488 1
153 212 1
153 566 1
153 582 1
154 280 1
154 288 1
154 498 1
155 257 1
155 359 1
155 522 1
155 530 1
156 170 1
156 180 1
156 192 1
156 227 1
156 230 1
156 254 1
156 307 1
156 406 1
156 432 1
156 438 1
156 462 1
156 533 1
157 338 1
157 428 1
157 439 1
158 294 1
158 329 1
158 544 1
159 192 1
159 273 1
159 307 1
159 426 1
160 165 1
160 226 1
160 251 1
160 288 1
160 440 1
160 526 1
160 578 1
160 582 1
161 207 1
161 232 1
161 332 1
161 334 1
161 407 1
161 594 1
161 595 1
162 183 1
162 272 1
162 298 1
162 318 1
162 374 1
162 544 1
162 559 1
162 584 1
162 595 1
163 367 1
163 372 1
164 175 1
164 185 1
164 297 1
164 316 1
165 228 1
165 321 1
165 331 1
165 390 1
165 456 1
166 215 1
166 238 1
166 308 1
166 362 1
166 382 1
166 476 1
166 504 1
166 586 1
166 599 1
167 171 1
167 370 1
168 201 1
168 412 1
169 296 1
169 348 1
169 364 1
169 391 1
171 221 1
171 250 1
171 264 1
171 276 1
171 288 1
172 180 1
172 239 1
172 318 1
172 398 1
172 465 1
172 466 1
172 467 1
172 477 1
172 503 1
172 590 1
173 293 1
174 186 1
174 251 1
174 283 1
174 582 1
175 235 1
175 302 1
175 358 1
175 403 1
176 295 1
176 304 1
176 537 1
176 587 1
177 211 1
177 337 1
177 349 1
177 352 1
177 371 1
177 401 1
177 404 1
177 415 1
177 528 1
177 539 1
178 217 1
178 393 1
178 510 1
179 361 1
179 507 1
179 567 1
180 225 1
181 231 1
181 271 1
181 325 1
181 394 1
181 398 1
181 434 1
181 595 1
182 446 1
182 594 1
183 193 1
183 333 1
183 424 1
184 316 1
186 281 1
187 300 1
187 521 1
187 533 1
188 210 1
188 248 1
188 260 1
188 336 1
188 519 1
189 209 1
189 460 1
190 313 1
190 369 1
191 257 1
192 254 1
192 480 1
193 275 1
193 320 1
193 413 1
193 447 1
193 548 1
194 250 1
194 330 1
194 408 1
195 542 1
196 232 1
197 359 1
197 569 1
198 311 1
199 576 1
200 471 1
200 514 1
201 472 1
201 535 1
202 216 1
202 282 1
202 330 1
202 338 1
202 419 1
202 425 1
202 500 1
203 323 1
203 523 1
204 300 1
204 449 1
204 457 1
204 469 1
204 542 1
205 261 1
205 285 1
206 231 1
206 238 1
206 313 1
206 317 1
206 412 1
206 469 1
206 532 1
206 537 1
207 221 1
207 507 1
208 248 1
208 269 1
208 497 1
208 533 1
209 241 1
209 255 1
209 263 1
209 465 1
209 591 1
210 518 1
210 550 1
210 554 1
211 247 1
211 441 1
211 527 1
211 552 1
212 395 1
212 446 1
213 409 1
214 279 1
214 289 1
214 419 1
214 459 1
214 469 1
214 517 1
214 564 1
215 221 1
215 262 1
215 387 1
215 530 1
216 483 1
216 524 1
216 584 1
218 314 1
219 320 1
219 352 1
220 259 1
220 392 1
222 312 1
222 398 1
222 473 1
222 508 1
223 339 1
224 263 1
224 294 1
224 388 1
225 283 1
225 484 1
225 511 1
225 536 1
227 249 1
227 298 1
227 325 1
227 381 1
227 405 1
227 478 1
229 247 1
229 354 1
229 481 1
229 575 1
230 267 1
230 504 1
232 277 1
232 325 1
232 410 1
232 569 1
233 315 1
233 326 1
233 417 1
233 443 1
233 452 1
233 528 1
233 560 1
234 358 1
234 422 1
234 456 1
234 543 1
234 549 1
235 256 1
235 277 1
235 302 1
235 324 1
235 556 1
236 468 1
236 525 1
236 544 1
238 535 1
239 531 1
240 321 1
240 334 1
240 335 1
241 337 1
241 528 1
242 316 1
242 518 1
243 249 1
243 254 1
243 314 1
243 538 1
243 546 1
243 554 1
244 317 1
244 349 1
244 446 1
245 443 1
245 494 1
245 500 1
245 505 1
245 525 1
248 315 1
248 362 1
250 281 1
250 285 1
250 295 1
250 328 1
251 352 1
251 382 1
251 403 1
252 281 1
254 258 1
254 477 1
255 279 1
256 366 1
257 341 1
257 572 1
257 593 1
258 314 1
258 377 1
258 480 1
259 422 1
259 583 1
260 271 1
260 430 1
260 487 1
261 270 1
261 287 1
262 410 1
262 513 1
264 284 1
266 379 1
266 486 1
266 537 1
267 335 1
268 577 1
269 431 1
269 553 1
270 486 1
270 534 1
271 392 1
271 397 1
271 547 1
274 517 1
276 283 1
276 356 1
276 577 1
277 382 1
277 561 1
278 470 1
278 493 1
279 310 1
279 320 1
280 399 1
280 434 1
280 542 1
281 408 1
283 333 1
284 383 1
285 487 1
285 576 1
286 292 1
286 311 1
288 306 1
289 290 1
290 312 1
290 385 1
290 559 1
290 571 1
291 368 1
291 416 1
292 302 1
292 491 1
292 502 1
292 565 1
293 570 1
295 549 1
296 310 1
298 376 1
298 478 1
298 549 1
300 529 1
301 359 1
301 458 1
302 308 1
302 374 1
302 450 1
302 490 1
303 377 1
303 417 1
303 599 1
304 352 1
304 386 1
304 449 1
304 485 1
305 484 1
306 414 1
306 536 1
306 557 1
307 309 1
307 356 1
307 413 1
308 545 1
310 372 1
310 572 1
311 462 1
312 429 1
312 445 1
312 543 1
313 389 1
314 381 1
315 318 1
315 319 1
315 581 1
316 344 1
318 402 1
319 406 1
319 446 1
319 502 1
323 421 1
325 468 1
326 411 1
326 455 1
326 468 1
328 463 1
331 547 1
332 394 1
332 550 1
333 597 1
334 597 1
335 384 1
335 397 1
336 346 1
336 350 1
336 521 1
336 537 1
339 349 1
340 421 1
341 564 1
343 391 1
343 475 1
343 509 1
344 555 1
344 591 1
345 533 1
345 548 1
346 368 1
346 545 1
347 351 1
347 360 1
347 588 1
349 479 1
350 430 1
351 355 1
351 373 1
351 410 1
351 566 1
353 431 1
353 467 1
354 416 1
356 573 1
357 508 1
357 552 1
359 363 1
359 426 1
359 488 1
360 387 1
361 439 1
362 364 1
362 493 1
363 385 1
363 407 1
363 463 1
363 596 1
365 558 1
366 375 1
369 521 1
370 430 1
371 532 1
371 576 1
372 436 1
374 429 1
376 514 1
378 568 1
381 440 1
383 594 1
385 587 1
387 414 1
388 393 1
388 566 1
388 585 1
389 418 1
390 500 1
390 552 1
391 502 1
392 535 1
392 541 1
394 444 1
396 584 1
397 536 1
398 432 1
399 428 1
400 506 1
401 473 1
401 493 1
403 452 1
404 464 1
405 412 1
407 429 1
407 448 1
407 465 1
410 453 1
410 514 1
411 478 1
412 574 1
414 486 1
416 490 1
417 594 1
419 598 1
420 596 1
421 442 1
421 524 1
423 549 1
423 577 1
425 578 1
426 449 1
426 593 1
430 532 1
431 437 1
433 509 1
434 442 1
436 505 1
439 539 1
440 593 1
442 546 1
443 530 1
444 478 1
444 598 1
448 453 1
448 574 1
450 471 1
450 485 1
450 508 1
450 525 1
451 481 1
452 471 1
452 583 1
453 555 1
459 548 1
459 599 1
461 518 1
462 501 1
462 573 1
462 595 1
468 546 1
469 540 1
470 551 1
472 591 1
475 491 1
477 512 1
480 567 1
481 523 1
482 496 1
484 488 1
484 492 1
484 534 1
484 558 1
484 589 1
487 494 1
489 509 1
493 600 1
497 543 1
500 592 1
501 505 1
501 588 1
503 541 1
503 562 1
504 516 1
505 509 1
505 545 1
506 566 1
508 531 1
510 556 1
511 570 1
512 581 1
514 572 1
517 579 1
519 539 1
527 540 1
527 564 1
531 598 1
548 560 1
568 572 1
