1800 7184 
1 2 1
1 3 1
1 4 1
1 5 1
1 6 1
1 7 1
1 8 1
1 10 1
1 11 1
1 19 1
1 21 1
1 25 1
1 26 1
1 36 1
1 39 1
1 41 1
1 72 1
1 83 1
1 85 1
1 92 1
1 100 1
1 105 1
1 121 1
1 159 1
1 176 1
1 210 1
1 221 1
1 232 1
1 251 1
1 268 1
1 321 1
1 453 1
1 482 1
1 496 1
1 526 1
1 532 1
1 541 1
1 588 1
1 600 1
1 608 1
1 609 1
1 703 1
1 876 1
1 916 1
1 922 1
1 934 1
1 948 1
1 1063 1
1 1128 1
1 1130 1
1 1131 1
1 1153 1
1 1213 1
1 1236 1
1 1329 1
1 1360 1
1 1371 1
1 1375 1
1 1395 1
1 1412 1
1 1444 1
1 1452 1
1 1489 1
1 1537 1
1 1583 1
1 1585 1
1 1612 1
1 1760 1
2 6 1
2 9 1
2 13 1
2 14 1
2 15 1
2 18 1
2 32 1
2 41 1
2 44 1
2 46 1
2 48 1
2 49 1
2 73 1
2 75 1
2 107 1
2 109 1
2 117 1
2 236 1
2 265 1
2 284 1
2 304 1
2 393 1
2 490 1
2 500 1
2 522 1
2 535 1
2 559 1
2 572 1
2 611 1
2 667 1
2 694 1
2 708 1
2 716 1
2 836 1
2 846 1
2 877 1
2 879 1
2 951 1
2 960 1
2 989 1
2 1021 1
2 1022 1
2 1025 1
2 1057 1
2 1278 1
2 1291 1
2 1305 1
2 1399 1
2 1557 1
2 1584 1
2 1631 1
2 1706 1
2 1741 1
2 1765 1
3 8 1
3 10 1
3 12 1
3 14 1
3 21 1
3 22 1
3 24 1
3 29 1
3 72 1
3 136 1
3 160 1
3 162 1
3 176 1
3 198 1
3 209 1
3 214 1
3 231 1
3 234 1
3 251 1
3 308 1
3 318 1
3 394 1
3 572 1
3 625 1
3 632 1
3 746 1
3 800 1
3 829 1
3 848 1
3 856 1
3 871 1
3 927 1
3 984 1
3 1000 1
3 1006 1
3 1034 1
3 1228 1
3 1274 1
3 1290 1
3 1291 1
3 1297 1
3 1302 1
3 1436 1
3 1443 1
3 1472 1
3 1495 1
3 1499 1
3 1519 1
3 1549 1
3 1582 1
4 6 1
4 7 1
4 8 1
4 9 1
4 11 1
4 16 1
4 19 1
4 20 1
4 27 1
4 28 1
4 30 1
4 31 1
4 33 1
4 34 1
4 42 1
4 47 1
4 55 1
4 58 1
4 59 1
4 63 1
4 64 1
4 66 1
4 67 1
4 71 1
4 89 1
4 98 1
4 108 1
4 117 1
4 118 1
4 121 1
4 124 1
4 126 1
4 147 1
4 148 1
4 153 1
4 161 1
4 166 1
4 182 1
4 188 1
4 196 1
4 200 1
4 228 1
4 235 1
4 237 1
4 238 1
4 253 1
4 258 1
4 274 1
4 286 1
4 290 1
4 301 1
4 308 1
4 309 1
4 319 1
4 320 1
4 333 1
4 360 1
4 370 1
4 384 1
4 477 1
4 553 1
4 567 1
4 586 1
4 591 1
4 610 1
4 626 1
4 677 1
4 690 1
4 706 1
4 723 1
4 747 1
4 759 1
4 778 1
4 782 1
4 785 1
4 827 1
4 853 1
4 870 1
4 872 1
4 928 1
4 953 1
4 965 1
4 969 1
4 976 1
4 1001 1
4 1005 1
4 1020 1
4 1053 1
4 1054 1
4 1177 1
4 1181 1
4 1190 1
4 1233 1
4 1288 1
4 1296 1
4 1325 1
4 1350 1
4 1353 1
4 1400 1
4 1418 1
4 1467 1
4 1468 1
4 1576 1
4 1609 1
4 1623 1
4 1625 1
4 1627 1
4 1629 1
4 1645 1
4 1656 1
4 1659 1
4 1687 1
4 1702 1
4 1707 1
4 1742 1
4 1755 1
4 1791 1
4 1795 1
5 6 1
5 7 1
5 10 1
5 156 1
5 222 1
5 241 1
5 338 1
5 354 1
5 480 1
5 694 1
5 719 1
5 872 1
5 887 1
5 1028 1
5 1125 1
5 1370 1
5 1397 1
5 1402 1
5 1423 1
5 1486 1
6 7 1
6 8 1
6 9 1
6 11 1
6 12 1
6 13 1
6 15 1
6 20 1
6 22 1
6 27 1
6 33 1
6 35 1
6 37 1
6 46 1
6 53 1
6 75 1
6 87 1
6 95 1
6 106 1
6 107 1
6 112 1
6 118 1
6 129 1
6 136 1
6 141 1
6 161 1
6 173 1
6 178 1
6 181 1
6 183 1
6 209 1
6 229 1
6 272 1
6 276 1
6 291 1
6 293 1
6 302 1
6 306 1
6 311 1
6 323 1
6 324 1
6 337 1
6 349 1
6 381 1
6 383 1
6 400 1
6 428 1
6 465 1
6 466 1
6 473 1
6 474 1
6 483 1
6 484 1
6 493 1
6 502 1
6 511 1
6 532 1
6 544 1
6 546 1
6 555 1
6 565 1
6 598 1
6 647 1
6 705 1
6 740 1
6 771 1
6 785 1
6 803 1
6 806 1
6 886 1
6 899 1
6 929 1
6 973 1
6 1004 1
6 1050 1
6 1056 1
6 1061 1
6 1077 1
6 1135 1
6 1143 1
6 1169 1
6 1186 1
6 1213 1
6 1235 1
6 1253 1
6 1255 1
6 1280 1
6 1316 1
6 1318 1
6 1372 1
6 1447 1
6 1453 1
6 1481 1
6 1528 1
6 1547 1
6 1563 1
6 1584 1
6 1614 1
6 1653 1
6 1655 1
6 1672 1
7 13 1
7 15 1
7 17 1
7 23 1
7 104 1
7 141 1
7 155 1
7 216 1
7 221 1
7 327 1
7 337 1
7 351 1
7 391 1
7 409 1
7 436 1
7 455 1
7 536 1
7 615 1
7 971 1
7 1026 1
7 1033 1
7 1071 1
7 1119 1
7 1275 1
7 1354 1
7 1355 1
7 1483 1
7 1552 1
7 1593 1
7 1656 1
7 1672 1
8 9 1
8 10 1
8 12 1
8 14 1
8 16 1
8 18 1
8 19 1
8 29 1
8 30 1
8 31 1
8 42 1
8 55 1
8 60 1
8 61 1
8 103 1
8 109 1
8 112 1
8 115 1
8 130 1
8 153 1
8 164 1
8 171 1
8 186 1
8 189 1
8 204 1
8 212 1
8 247 1
8 274 1
8 284 1
8 317 1
8 371 1
8 372 1
8 391 1
8 400 1
8 458 1
8 491 1
8 541 1
8 563 1
8 573 1
8 604 1
8 640 1
8 654 1
8 657 1
8 680 1
8 700 1
8 770 1
8 803 1
8 824 1
8 883 1
8 954 1
8 1016 1
8 1022 1
8 1070 1
8 1132 1
8 1167 1
8 1178 1
8 1190 1
8 1200 1
8 1204 1
8 1209 1
8 1278 1
8 1393 1
8 1404 1
8 1414 1
8 1481 1
8 1591 1
8 1610 1
8 1626 1
8 1651 1
8 1672 1
8 1684 1
8 1721 1
8 1771 1
9 11 1
9 12 1
9 18 1
9 24 1
9 25 1
9 27 1
9 36 1
9 38 1
9 44 1
9 46 1
9 60 1
9 89 1
9 94 1
9 96 1
9 103 1
9 116 1
9 135 1
9 138 1
9 141 1
9 143 1
9 147 1
9 159 1
9 174 1
9 187 1
9 206 1
9 217 1
9 222 1
9 268 1
9 288 1
9 292 1
9 336 1
9 356 1
9 416 1
9 428 1
9 447 1
9 473 1
9 501 1
9 518 1
9 529 1
9 543 1
9 568 1
9 579 1
9 650 1
9 682 1
9 706 1
9 735 1
9 783 1
9 815 1
9 1024 1
9 1040 1
9 1046 1
9 1090 1
9 1101 1
9 1102 1
9 1152 1
9 1171 1
9 1177 1
9 1188 1
9 1203 1
9 1207 1
9 1224 1
9 1260 1
9 1261 1
9 1306 1
9 1381 1
9 1398 1
9 1440 1
9 1450 1
9 1494 1
9 1541 1
9 1575 1
9 1641 1
9 1655 1
9 1794 1
10 13 1
10 14 1
10 15 1
10 16 1
10 49 1
10 51 1
10 54 1
10 56 1
10 61 1
10 62 1
10 64 1
10 70 1
10 71 1
10 79 1
10 80 1
10 82 1
10 99 1
10 111 1
10 114 1
10 165 1
10 174 1
10 203 1
10 233 1
10 305 1
10 314 1
10 343 1
10 344 1
10 351 1
10 361 1
10 373 1
10 385 1
10 398 1
10 432 1
10 457 1
10 475 1
10 481 1
10 506 1
10 550 1
10 561 1
10 570 1
10 641 1
10 643 1
10 665 1
10 673 1
10 699 1
10 727 1
10 748 1
10 846 1
10 869 1
10 900 1
10 962 1
10 975 1
10 1038 1
10 1062 1
10 1097 1
10 1117 1
10 1203 1
10 1240 1
10 1260 1
10 1302 1
10 1334 1
10 1336 1
10 1353 1
10 1417 1
10 1505 1
10 1609 1
11 17 1
11 18 1
11 25 1
11 26 1
11 32 1
11 33 1
11 39 1
11 41 1
11 54 1
11 68 1
11 74 1
11 79 1
11 94 1
11 96 1
11 101 1
11 110 1
11 113 1
11 127 1
11 129 1
11 149 1
11 152 1
11 163 1
11 167 1
11 173 1
11 194 1
11 256 1
11 264 1
11 346 1
11 358 1
11 411 1
11 446 1
11 664 1
11 730 1
11 738 1
11 765 1
11 778 1
11 806 1
11 828 1
11 929 1
11 935 1
11 1000 1
11 1107 1
11 1182 1
11 1194 1
11 1212 1
11 1232 1
11 1272 1
11 1282 1
11 1299 1
11 1328 1
11 1377 1
11 1382 1
11 1393 1
11 1427 1
11 1457 1
11 1467 1
11 1510 1
11 1529 1
11 1732 1
12 22 1
12 23 1
12 33 1
12 66 1
12 75 1
12 113 1
12 129 1
12 137 1
12 236 1
12 263 1
12 334 1
12 478 1
12 597 1
12 610 1
12 704 1
12 832 1
12 895 1
12 907 1
12 1032 1
12 1080 1
12 1092 1
12 1115 1
12 1201 1
12 1325 1
12 1465 1
12 1613 1
13 16 1
13 17 1
13 48 1
13 50 1
13 65 1
13 71 1
13 72 1
13 108 1
13 162 1
13 166 1
13 171 1
13 199 1
13 200 1
13 211 1
13 488 1
13 509 1
13 526 1
13 551 1
13 578 1
13 611 1
13 620 1
13 748 1
13 822 1
13 834 1
13 883 1
13 931 1
13 1026 1
13 1035 1
13 1060 1
13 1088 1
13 1127 1
13 1291 1
13 1310 1
13 1387 1
13 1503 1
13 1521 1
13 1539 1
13 1590 1
13 1654 1
13 1683 1
13 1795 1
14 17 1
14 21 1
14 23 1
14 24 1
14 25 1
14 28 1
14 31 1
14 34 1
14 35 1
14 41 1
14 45 1
14 48 1
14 51 1
14 54 1
14 69 1
14 70 1
14 76 1
14 82 1
14 87 1
14 91 1
14 102 1
14 104 1
14 122 1
14 124 1
14 142 1
14 150 1
14 169 1
14 203 1
14 213 1
14 224 1
14 250 1
14 269 1
14 275 1
14 281 1
14 282 1
14 285 1
14 294 1
14 295 1
14 312 1
14 315 1
14 319 1
14 328 1
14 335 1
14 336 1
14 340 1
14 347 1
14 357 1
14 361 1
14 367 1
14 382 1
14 392 1
14 414 1
14 443 1
14 459 1
14 503 1
14 505 1
14 571 1
14 612 1
14 621 1
14 622 1
14 627 1
14 638 1
14 674 1
14 680 1
14 688 1
14 697 1
14 704 1
14 714 1
14 717 1
14 729 1
14 751 1
14 810 1
14 815 1
14 831 1
14 832 1
14 836 1
14 841 1
14 880 1
14 914 1
14 932 1
14 1048 1
14 1073 1
14 1089 1
14 1105 1
14 1129 1
14 1144 1
14 1152 1
14 1191 1
14 1325 1
14 1342 1
14 1350 1
14 1451 1
14 1551 1
14 1568 1
14 1687 1
14 1706 1
14 1741 1
14 1788 1
15 38 1
15 42 1
15 44 1
15 49 1
15 53 1
15 111 1
15 118 1
15 133 1
15 172 1
15 180 1
15 227 1
15 231 1
15 248 1
15 296 1
15 355 1
15 363 1
15 364 1
15 436 1
15 519 1
15 523 1
15 559 1
15 573 1
15 587 1
15 639 1
15 647 1
15 796 1
15 797 1
15 812 1
15 824 1
15 826 1
15 835 1
15 836 1
15 846 1
15 905 1
15 979 1
15 1015 1
15 1122 1
15 1151 1
15 1297 1
15 1327 1
15 1388 1
15 1431 1
15 1446 1
15 1448 1
15 1461 1
15 1484 1
15 1554 1
15 1638 1
16 19 1
16 20 1
16 26 1
16 28 1
16 30 1
16 40 1
16 45 1
16 50 1
16 69 1
16 73 1
16 81 1
16 87 1
16 88 1
16 91 1
16 105 1
16 117 1
16 189 1
16 192 1
16 208 1
16 222 1
16 227 1
16 228 1
16 254 1
16 260 1
16 291 1
16 305 1
16 309 1
16 318 1
16 335 1
16 343 1
16 348 1
16 375 1
16 382 1
16 394 1
16 395 1
16 417 1
16 425 1
16 440 1
16 460 1
16 462 1
16 525 1
16 534 1
16 544 1
16 547 1
16 566 1
16 597 1
16 606 1
16 612 1
16 624 1
16 648 1
16 672 1
16 720 1
16 771 1
16 806 1
16 813 1
16 859 1
16 948 1
16 992 1
16 1009 1
16 1073 1
16 1084 1
16 1119 1
16 1127 1
16 1141 1
16 1294 1
16 1298 1
16 1304 1
16 1501 1
16 1525 1
16 1535 1
16 1570 1
16 1595 1
16 1745 1
17 20 1
17 22 1
17 40 1
17 43 1
17 52 1
17 66 1
17 128 1
17 170 1
17 175 1
17 178 1
17 185 1
17 188 1
17 226 1
17 254 1
17 315 1
17 364 1
17 427 1
17 474 1
17 628 1
17 714 1
17 751 1
17 773 1
17 836 1
17 944 1
17 1018 1
17 1059 1
17 1322 1
17 1534 1
17 1736 1
18 32 1
18 34 1
18 61 1
18 70 1
18 100 1
18 120 1
18 128 1
18 153 1
18 179 1
18 227 1
18 240 1
18 305 1
18 481 1
18 492 1
18 529 1
18 540 1
18 556 1
18 643 1
18 645 1
18 682 1
18 726 1
18 762 1
18 784 1
18 788 1
18 827 1
18 891 1
18 921 1
18 989 1
18 1069 1
18 1076 1
18 1079 1
18 1086 1
18 1132 1
18 1222 1
18 1250 1
18 1388 1
18 1423 1
18 1662 1
18 1676 1
18 1759 1
18 1765 1
19 21 1
19 28 1
19 32 1
19 36 1
19 39 1
19 40 1
19 62 1
19 69 1
19 77 1
19 85 1
19 102 1
19 116 1
19 117 1
19 120 1
19 125 1
19 127 1
19 175 1
19 193 1
19 323 1
19 324 1
19 332 1
19 381 1
19 390 1
19 420 1
19 433 1
19 444 1
19 606 1
19 631 1
19 713 1
19 745 1
19 763 1
19 765 1
19 787 1
19 854 1
19 1001 1
19 1011 1
19 1026 1
19 1044 1
19 1171 1
19 1178 1
19 1226 1
19 1452 1
19 1586 1
19 1644 1
19 1647 1
19 1700 1
19 1774 1
19 1779 1
20 24 1
20 34 1
20 43 1
20 46 1
20 71 1
20 76 1
20 82 1
20 93 1
20 95 1
20 101 1
20 139 1
20 142 1
20 188 1
20 190 1
20 213 1
20 224 1
20 238 1
20 255 1
20 260 1
20 265 1
20 271 1
20 273 1
20 275 1
20 278 1
20 297 1
20 314 1
20 339 1
20 362 1
20 495 1
20 500 1
20 520 1
20 521 1
20 552 1
20 556 1
20 557 1
20 558 1
20 621 1
20 635 1
20 738 1
20 750 1
20 773 1
20 779 1
20 812 1
20 893 1
20 940 1
20 1017 1
20 1108 1
20 1159 1
20 1160 1
20 1187 1
20 1228 1
20 1267 1
20 1293 1
20 1295 1
20 1336 1
20 1351 1
20 1427 1
20 1487 1
20 1511 1
20 1618 1
20 1739 1
20 1788 1
21 26 1
21 29 1
21 35 1
21 39 1
21 52 1
21 59 1
21 63 1
21 70 1
21 93 1
21 97 1
21 98 1
21 102 1
21 105 1
21 151 1
21 177 1
21 197 1
21 202 1
21 217 1
21 219 1
21 243 1
21 253 1
21 260 1
21 307 1
21 333 1
21 365 1
21 433 1
21 439 1
21 458 1
21 470 1
21 507 1
21 654 1
21 666 1
21 669 1
21 762 1
21 866 1
21 984 1
21 991 1
21 1019 1
21 1144 1
21 1170 1
21 1198 1
21 1244 1
21 1267 1
21 1287 1
21 1329 1
21 1427 1
21 1685 1
21 1718 1
21 1768 1
22 23 1
22 27 1
22 37 1
22 86 1
22 94 1
22 131 1
22 153 1
22 154 1
22 167 1
22 225 1
22 233 1
22 331 1
22 466 1
22 531 1
22 539 1
22 562 1
22 590 1
22 613 1
22 693 1
22 709 1
22 728 1
22 778 1
22 838 1
22 1045 1
22 1095 1
22 1097 1
22 1141 1
22 1147 1
22 1211 1
22 1257 1
22 1444 1
22 1532 1
23 29 1
23 30 1
23 31 1
23 43 1
23 45 1
23 51 1
23 55 1
23 67 1
23 96 1
23 110 1
23 138 1
23 145 1
23 165 1
23 173 1
23 175 1
23 185 1
23 191 1
23 220 1
23 223 1
23 231 1
23 233 1
23 241 1
23 261 1
23 344 1
23 371 1
23 383 1
23 503 1
23 511 1
23 537 1
23 538 1
23 591 1
23 615 1
23 676 1
23 692 1
23 764 1
23 785 1
23 833 1
23 866 1
23 916 1
23 937 1
23 991 1
23 1006 1
23 1022 1
23 1040 1
23 1074 1
23 1108 1
23 1127 1
23 1192 1
23 1220 1
23 1237 1
23 1317 1
23 1520 1
23 1527 1
23 1555 1
23 1601 1
23 1636 1
23 1660 1
23 1663 1
23 1727 1
23 1776 1
24 68 1
24 69 1
24 79 1
24 84 1
24 177 1
24 247 1
24 296 1
24 322 1
24 398 1
24 638 1
24 681 1
24 724 1
24 727 1
24 769 1
24 909 1
24 1029 1
24 1168 1
24 1259 1
24 1322 1
24 1443 1
24 1473 1
24 1550 1
24 1580 1
24 1642 1
24 1722 1
24 1772 1
24 1790 1
25 38 1
25 44 1
25 56 1
25 68 1
25 78 1
25 211 1
25 223 1
25 246 1
25 359 1
25 364 1
25 446 1
25 599 1
25 600 1
25 655 1
25 683 1
25 693 1
25 767 1
25 1010 1
25 1070 1
25 1247 1
25 1351 1
25 1495 1
25 1671 1
26 56 1
26 57 1
26 73 1
26 80 1
26 92 1
26 106 1
26 112 1
26 131 1
26 136 1
26 147 1
26 152 1
26 170 1
26 191 1
26 205 1
26 236 1
26 243 1
26 254 1
26 267 1
26 271 1
26 317 1
26 333 1
26 336 1
26 337 1
26 363 1
26 369 1
26 381 1
26 395 1
26 396 1
26 403 1
26 438 1
26 441 1
26 495 1
26 511 1
26 548 1
26 560 1
26 579 1
26 619 1
26 666 1
26 677 1
26 811 1
26 835 1
26 845 1
26 941 1
26 998 1
26 1013 1
26 1071 1
26 1198 1
26 1254 1
26 1318 1
26 1377 1
26 1430 1
26 1531 1
26 1548 1
26 1654 1
27 36 1
27 60 1
27 77 1
27 78 1
27 83 1
27 104 1
27 144 1
27 187 1
27 195 1
27 197 1
27 214 1
27 239 1
27 255 1
27 267 1
27 284 1
27 361 1
27 365 1
27 378 1
27 470 1
27 557 1
27 607 1
27 612 1
27 730 1
27 751 1
27 875 1
27 949 1
27 1155 1
27 1225 1
27 1408 1
27 1490 1
27 1605 1
27 1714 1
27 1773 1
28 115 1
28 119 1
28 131 1
28 171 1
28 177 1
28 184 1
28 196 1
28 206 1
28 209 1
28 214 1
28 218 1
28 257 1
28 281 1
28 283 1
28 889 1
28 1030 1
28 1089 1
28 1219 1
28 1582 1
28 1685 1
29 74 1
29 78 1
29 80 1
29 99 1
29 109 1
29 139 1
29 157 1
29 159 1
29 171 1
29 179 1
29 219 1
29 233 1
29 237 1
29 265 1
29 310 1
29 343 1
29 347 1
29 359 1
29 376 1
29 399 1
29 473 1
29 539 1
29 559 1
29 577 1
29 595 1
29 616 1
29 813 1
29 1050 1
29 1101 1
29 1276 1
29 1311 1
29 1319 1
29 1356 1
29 1408 1
29 1485 1
29 1526 1
29 1547 1
29 1552 1
29 1658 1
30 37 1
30 47 1
30 118 1
30 123 1
30 133 1
30 136 1
30 169 1
30 173 1
30 177 1
30 234 1
30 329 1
30 349 1
30 373 1
30 394 1
30 417 1
30 430 1
30 438 1
30 450 1
30 498 1
30 542 1
30 551 1
30 670 1
30 714 1
30 878 1
30 917 1
30 928 1
30 1003 1
30 1012 1
30 1034 1
30 1064 1
30 1131 1
30 1148 1
30 1150 1
30 1231 1
30 1260 1
30 1317 1
30 1449 1
30 1517 1
30 1545 1
30 1577 1
30 1628 1
30 1647 1
30 1666 1
31 35 1
31 37 1
31 38 1
31 81 1
31 90 1
31 261 1
31 286 1
31 288 1
31 309 1
31 322 1
31 325 1
31 342 1
31 352 1
31 354 1
31 436 1
31 501 1
31 520 1
31 522 1
31 620 1
31 666 1
31 674 1
31 689 1
31 690 1
31 708 1
31 755 1
31 917 1
31 970 1
31 981 1
31 1254 1
31 1263 1
31 1306 1
31 1346 1
31 1373 1
31 1379 1
31 1400 1
31 1442 1
31 1454 1
31 1683 1
31 1755 1
31 1756 1
32 43 1
32 74 1
32 548 1
32 712 1
32 1072 1
32 1229 1
32 1285 1
32 1530 1
32 1576 1
32 1613 1
33 56 1
33 62 1
33 66 1
33 100 1
33 111 1
33 114 1
33 123 1
33 137 1
33 154 1
33 157 1
33 168 1
33 212 1
33 220 1
33 276 1
33 277 1
33 302 1
33 326 1
33 348 1
33 422 1
33 440 1
33 456 1
33 485 1
33 489 1
33 523 1
33 581 1
33 641 1
33 659 1
33 725 1
33 731 1
33 833 1
33 844 1
33 945 1
33 970 1
33 992 1
33 997 1
33 1089 1
33 1100 1
33 1169 1
33 1170 1
33 1336 1
33 1448 1
33 1481 1
33 1546 1
33 1746 1
33 1782 1
34 45 1
34 53 1
34 55 1
34 102 1
34 116 1
34 149 1
34 183 1
34 198 1
34 240 1
34 302 1
34 308 1
34 321 1
34 330 1
34 339 1
34 352 1
34 360 1
34 400 1
34 508 1
34 565 1
34 596 1
34 602 1
34 683 1
34 689 1
34 845 1
34 861 1
34 892 1
34 1005 1
34 1019 1
34 1045 1
34 1091 1
34 1251 1
34 1354 1
34 1415 1
34 1506 1
35 40 1
35 76 1
35 140 1
35 184 1
35 230 1
35 249 1
35 257 1
35 344 1
35 507 1
35 581 1
35 614 1
35 669 1
35 885 1
35 916 1
35 1034 1
35 1058 1
35 1076 1
35 1159 1
35 1627 1
35 1676 1
36 48 1
36 65 1
36 75 1
36 132 1
36 275 1
36 325 1
36 479 1
36 506 1
36 533 1
36 598 1
36 611 1
36 728 1
36 769 1
36 896 1
36 1104 1
36 1187 1
36 1478 1
36 1575 1
36 1658 1
37 65 1
37 131 1
37 190 1
37 234 1
37 360 1
37 401 1
37 765 1
37 787 1
37 1022 1
37 1080 1
37 1315 1
37 1342 1
37 1735 1
38 58 1
38 67 1
38 72 1
38 98 1
38 109 1
38 113 1
38 125 1
38 146 1
38 155 1
38 168 1
38 170 1
38 213 1
38 221 1
38 273 1
38 286 1
38 289 1
38 304 1
38 311 1
38 358 1
38 368 1
38 458 1
38 558 1
38 741 1
38 772 1
38 948 1
38 977 1
38 1021 1
38 1098 1
38 1137 1
38 1146 1
38 1176 1
38 1182 1
38 1375 1
38 1419 1
38 1499 1
38 1690 1
39 185 1
39 305 1
39 399 1
39 478 1
39 622 1
39 646 1
39 736 1
39 789 1
39 797 1
39 847 1
39 852 1
39 941 1
39 974 1
39 1049 1
39 1162 1
39 1378 1
39 1424 1
39 1767 1
39 1790 1
40 65 1
40 80 1
40 137 1
40 144 1
40 169 1
40 204 1
40 205 1
40 215 1
40 221 1
40 243 1
40 266 1
40 291 1
40 355 1
40 387 1
40 398 1
40 470 1
40 651 1
40 766 1
40 773 1
40 819 1
40 820 1
40 840 1
40 924 1
40 1119 1
40 1343 1
40 1353 1
40 1602 1
40 1633 1
40 1674 1
40 1682 1
40 1767 1
41 42 1
41 51 1
41 57 1
41 90 1
41 107 1
41 183 1
41 273 1
41 329 1
41 332 1
41 345 1
41 429 1
41 660 1
41 771 1
41 835 1
41 867 1
41 1030 1
41 1075 1
41 1173 1
41 1317 1
42 47 1
42 57 1
42 64 1
42 68 1
42 114 1
42 123 1
42 134 1
42 143 1
42 172 1
42 189 1
42 196 1
42 205 1
42 223 1
42 235 1
42 243 1
42 263 1
42 292 1
42 366 1
42 385 1
42 403 1
42 424 1
42 442 1
42 457 1
42 465 1
42 478 1
42 545 1
42 571 1
42 958 1
42 1016 1
42 1152 1
42 1161 1
42 1179 1
42 1202 1
42 1234 1
42 1261 1
42 1294 1
42 1449 1
42 1543 1
42 1621 1
42 1705 1
42 1712 1
42 1792 1
43 52 1
43 67 1
43 77 1
43 90 1
43 126 1
43 201 1
43 230 1
43 604 1
43 643 1
43 695 1
43 764 1
43 795 1
43 846 1
43 904 1
43 905 1
43 988 1
43 1044 1
43 1265 1
43 1569 1
43 1576 1
43 1678 1
43 1765 1
43 1775 1
44 50 1
44 58 1
44 61 1
44 90 1
44 151 1
44 182 1
44 211 1
44 285 1
44 303 1
44 486 1
44 510 1
44 676 1
44 701 1
44 869 1
44 1205 1
44 1242 1
44 1724 1
44 1767 1
45 52 1
45 63 1
45 120 1
45 186 1
45 210 1
45 241 1
45 544 1
45 567 1
45 986 1
45 1669 1
46 47 1
46 49 1
46 59 1
46 62 1
46 81 1
46 86 1
46 87 1
46 95 1
46 143 1
46 157 1
46 168 1
46 187 1
46 198 1
46 250 1
46 257 1
46 261 1
46 270 1
46 297 1
46 302 1
46 307 1
46 378 1
46 426 1
46 495 1
46 504 1
46 564 1
46 578 1
46 613 1
46 649 1
46 738 1
46 855 1
46 904 1
46 927 1
46 955 1
46 1218 1
46 1301 1
46 1312 1
46 1469 1
46 1743 1
47 91 1
47 97 1
47 251 1
47 293 1
47 328 1
47 375 1
47 522 1
47 533 1
47 623 1
47 669 1
47 737 1
47 944 1
47 1043 1
47 1214 1
47 1468 1
47 1469 1
47 1644 1
48 53 1
48 59 1
48 179 1
48 342 1
48 404 1
48 432 1
48 442 1
48 476 1
48 515 1
48 516 1
48 707 1
48 816 1
48 857 1
48 887 1
48 959 1
48 1046 1
48 1070 1
48 1085 1
48 1217 1
48 1283 1
48 1351 1
48 1431 1
48 1441 1
48 1727 1
48 1739 1
48 1776 1
49 50 1
49 97 1
49 120 1
49 165 1
49 167 1
49 378 1
49 480 1
49 540 1
49 587 1
49 1513 1
49 1525 1
49 1591 1
50 89 1
50 101 1
50 239 1
50 247 1
50 389 1
50 393 1
50 483 1
50 511 1
50 692 1
50 998 1
50 1079 1
51 106 1
51 128 1
51 197 1
51 603 1
51 790 1
51 817 1
51 850 1
51 953 1
52 58 1
52 74 1
52 82 1
52 200 1
52 208 1
52 235 1
52 270 1
52 310 1
52 315 1
52 528 1
52 665 1
52 1083 1
52 1107 1
52 1330 1
52 1482 1
52 1483 1
52 1538 1
52 1563 1
52 1573 1
52 1668 1
52 1676 1
52 1777 1
53 54 1
53 60 1
53 85 1
53 107 1
53 110 1
53 133 1
53 137 1
53 161 1
53 180 1
53 181 1
53 215 1
53 279 1
53 327 1
53 336 1
53 345 1
53 369 1
53 404 1
53 464 1
53 468 1
53 505 1
53 514 1
53 573 1
53 636 1
53 677 1
53 721 1
53 733 1
53 766 1
53 856 1
53 869 1
53 1191 1
53 1250 1
53 1505 1
53 1686 1
53 1705 1
53 1739 1
53 1773 1
53 1794 1
54 57 1
54 63 1
54 64 1
54 84 1
54 96 1
54 124 1
54 132 1
54 144 1
54 152 1
54 182 1
54 206 1
54 300 1
54 408 1
54 451 1
54 464 1
54 469 1
54 572 1
54 584 1
54 608 1
54 747 1
54 921 1
54 926 1
54 1133 1
54 1362 1
54 1395 1
54 1652 1
54 1684 1
54 1777 1
55 232 1
55 346 1
55 599 1
55 701 1
55 743 1
55 967 1
55 969 1
55 1062 1
55 1222 1
55 1304 1
55 1365 1
55 1387 1
55 1505 1
55 1595 1
56 73 1
56 115 1
56 245 1
56 296 1
56 374 1
56 435 1
56 864 1
56 994 1
56 1012 1
56 1058 1
56 1188 1
56 1326 1
56 1409 1
57 86 1
57 95 1
57 145 1
57 184 1
57 194 1
57 246 1
57 337 1
57 393 1
57 412 1
57 552 1
57 626 1
57 636 1
57 1215 1
57 1262 1
57 1669 1
58 99 1
58 201 1
58 204 1
58 528 1
58 547 1
58 616 1
58 746 1
58 949 1
58 1685 1
59 213 1
59 321 1
59 419 1
59 780 1
59 794 1
59 903 1
59 960 1
59 1396 1
59 1466 1
59 1470 1
59 1507 1
60 122 1
60 127 1
60 140 1
60 369 1
60 395 1
60 412 1
60 416 1
60 605 1
60 814 1
60 957 1
60 1759 1
61 119 1
61 179 1
61 202 1
61 207 1
61 263 1
61 312 1
61 314 1
61 341 1
61 353 1
61 373 1
61 390 1
61 405 1
61 444 1
61 592 1
61 597 1
61 609 1
61 622 1
61 672 1
61 739 1
61 765 1
61 808 1
61 1074 1
61 1231 1
61 1368 1
61 1486 1
61 1714 1
61 1728 1
61 1749 1
62 79 1
62 210 1
62 754 1
62 1077 1
62 1127 1
62 1210 1
62 1348 1
62 1357 1
62 1553 1
63 76 1
63 865 1
63 1459 1
63 1762 1
64 84 1
64 88 1
64 89 1
64 91 1
64 97 1
64 122 1
64 140 1
64 145 1
64 148 1
64 166 1
64 202 1
64 217 1
64 277 1
64 281 1
64 283 1
64 292 1
64 357 1
64 385 1
64 428 1
64 450 1
64 459 1
64 491 1
64 499 1
64 507 1
64 539 1
64 546 1
64 575 1
64 588 1
64 624 1
64 674 1
64 687 1
64 715 1
64 783 1
64 823 1
64 833 1
64 917 1
64 924 1
64 1025 1
64 1100 1
64 1110 1
64 1150 1
64 1163 1
64 1229 1
64 1262 1
64 1267 1
64 1279 1
64 1404 1
64 1463 1
64 1557 1
64 1572 1
64 1596 1
64 1754 1
65 93 1
65 312 1
65 363 1
65 390 1
66 180 1
66 463 1
66 650 1
66 1334 1
67 103 1
67 145 1
67 259 1
67 346 1
67 396 1
67 1097 1
67 1199 1
68 127 1
68 129 1
68 132 1
68 188 1
68 280 1
68 353 1
68 356 1
68 409 1
68 729 1
68 913 1
68 1035 1
68 1096 1
68 1188 1
68 1305 1
68 1331 1
68 1428 1
68 1460 1
68 1706 1
69 85 1
69 141 1
69 183 1
69 275 1
69 340 1
69 351 1
69 389 1
69 513 1
69 800 1
69 839 1
69 1029 1
69 1167 1
69 1182 1
69 1404 1
69 1408 1
69 1418 1
69 1489 1
70 83 1
70 132 1
70 135 1
70 164 1
70 244 1
70 319 1
70 402 1
70 734 1
70 782 1
70 858 1
70 939 1
70 1382 1
70 1455 1
70 1480 1
71 88 1
71 92 1
71 148 1
71 160 1
71 231 1
71 241 1
71 326 1
71 345 1
71 425 1
71 438 1
71 536 1
71 556 1
71 715 1
71 989 1
71 1124 1
71 1475 1
71 1544 1
71 1596 1
72 78 1
72 94 1
72 105 1
72 122 1
72 130 1
72 142 1
72 172 1
72 198 1
72 304 1
72 311 1
72 358 1
72 424 1
72 425 1
72 554 1
72 670 1
72 779 1
72 792 1
72 845 1
72 849 1
72 851 1
72 888 1
72 908 1
72 911 1
72 1118 1
72 1157 1
72 1244 1
72 1259 1
72 1289 1
72 1333 1
72 1623 1
72 1633 1
72 1634 1
73 287 1
73 811 1
73 860 1
73 1398 1
73 1436 1
73 1778 1
74 77 1
74 81 1
74 88 1
74 126 1
74 134 1
74 139 1
74 201 1
74 214 1
74 219 1
74 450 1
74 474 1
74 518 1
74 640 1
74 660 1
74 742 1
74 804 1
74 816 1
74 837 1
74 923 1
74 1171 1
74 1172 1
74 1232 1
74 1268 1
74 1395 1
74 1487 1
74 1496 1
74 1609 1
75 84 1
75 196 1
75 242 1
75 326 1
75 340 1
75 537 1
75 607 1
75 634 1
75 659 1
75 772 1
75 795 1
75 874 1
75 890 1
75 974 1
75 1032 1
75 1481 1
76 93 1
76 98 1
76 99 1
76 116 1
76 252 1
76 447 1
76 533 1
76 663 1
76 783 1
76 817 1
76 821 1
76 1371 1
76 1424 1
76 1502 1
76 1677 1
77 100 1
77 111 1
77 224 1
77 282 1
77 313 1
77 328 1
77 584 1
77 758 1
77 776 1
77 1081 1
77 1156 1
77 1222 1
77 1280 1
77 1347 1
77 1363 1
77 1390 1
77 1529 1
78 114 1
78 160 1
78 274 1
78 282 1
78 553 1
78 623 1
78 651 1
78 703 1
78 722 1
78 799 1
78 944 1
78 991 1
78 1130 1
78 1148 1
78 1185 1
78 1194 1
78 1340 1
78 1656 1
78 1671 1
78 1677 1
78 1720 1
78 1736 1
78 1738 1
79 126 1
79 148 1
79 195 1
79 439 1
79 699 1
79 784 1
79 924 1
79 981 1
79 1196 1
79 1295 1
80 215 1
80 217 1
80 379 1
80 387 1
80 400 1
80 407 1
80 429 1
80 625 1
80 746 1
80 752 1
80 1381 1
80 1404 1
80 1556 1
80 1629 1
81 83 1
81 121 1
81 194 1
81 219 1
81 279 1
81 367 1
81 431 1
81 444 1
81 476 1
81 814 1
81 850 1
81 864 1
81 883 1
81 1020 1
81 1076 1
81 1124 1
81 1204 1
81 1406 1
81 1593 1
82 149 1
82 323 1
82 367 1
82 381 1
82 425 1
82 457 1
82 566 1
82 569 1
82 826 1
82 946 1
82 976 1
82 1062 1
82 1079 1
82 1100 1
82 1142 1
82 1460 1
82 1676 1
82 1740 1
83 262 1
83 272 1
83 279 1
83 493 1
83 494 1
83 689 1
83 1221 1
83 1366 1
83 1457 1
84 834 1
85 86 1
85 142 1
85 150 1
85 165 1
85 232 1
85 255 1
85 310 1
85 333 1
85 347 1
85 387 1
85 596 1
85 627 1
85 977 1
85 1246 1
85 1295 1
85 1417 1
85 1440 1
85 1772 1
86 106 1
86 119 1
86 125 1
86 135 1
86 144 1
86 161 1
86 335 1
86 366 1
86 371 1
86 372 1
86 388 1
86 433 1
86 454 1
86 468 1
86 486 1
86 501 1
86 659 1
86 683 1
86 840 1
86 947 1
86 1374 1
86 1499 1
87 175 1
87 588 1
87 970 1
87 1112 1
87 1410 1
87 1778 1
88 92 1
88 133 1
88 185 1
88 295 1
88 298 1
88 520 1
88 540 1
88 738 1
88 752 1
88 1341 1
88 1592 1
88 1618 1
89 101 1
89 134 1
89 143 1
89 289 1
89 505 1
89 535 1
89 598 1
89 702 1
89 736 1
89 963 1
89 1432 1
90 158 1
90 160 1
90 194 1
90 269 1
90 293 1
90 349 1
90 363 1
90 429 1
90 452 1
90 460 1
90 479 1
90 554 1
90 561 1
90 587 1
90 661 1
90 787 1
90 866 1
90 1007 1
90 1204 1
90 1332 1
90 1376 1
90 1426 1
90 1479 1
90 1729 1
90 1800 1
91 150 1
91 388 1
91 423 1
91 529 1
91 583 1
91 649 1
91 657 1
91 754 1
91 764 1
91 831 1
91 987 1
91 1051 1
91 1116 1
91 1145 1
92 168 1
92 242 1
92 422 1
92 536 1
92 682 1
92 1488 1
93 130 1
93 138 1
93 182 1
93 212 1
93 276 1
93 313 1
93 370 1
93 393 1
93 486 1
93 512 1
93 555 1
93 574 1
93 611 1
93 619 1
93 668 1
93 803 1
93 1072 1
93 1148 1
93 1319 1
93 1688 1
94 208 1
94 216 1
94 245 1
94 270 1
94 329 1
94 413 1
94 422 1
94 469 1
94 552 1
94 735 1
94 1587 1
95 103 1
95 104 1
95 108 1
95 154 1
95 178 1
95 201 1
95 258 1
95 284 1
95 410 1
95 447 1
95 741 1
95 854 1
95 897 1
95 960 1
95 985 1
95 1014 1
95 1017 1
95 1112 1
95 1154 1
95 1240 1
95 1281 1
95 1357 1
95 1439 1
95 1557 1
95 1574 1
95 1606 1
95 1731 1
95 1783 1
96 138 1
96 151 1
96 222 1
96 228 1
96 229 1
96 303 1
96 382 1
96 521 1
96 555 1
96 614 1
96 626 1
96 653 1
96 660 1
96 726 1
96 736 1
96 881 1
96 910 1
96 927 1
96 1028 1
96 1067 1
96 1096 1
96 1107 1
96 1386 1
96 1534 1
96 1667 1
97 130 1
97 134 1
97 162 1
97 203 1
97 309 1
97 376 1
97 482 1
97 908 1
97 934 1
97 1039 1
97 1155 1
97 1238 1
97 1386 1
97 1747 1
98 112 1
98 128 1
98 149 1
98 191 1
98 197 1
98 227 1
98 267 1
98 314 1
98 316 1
98 341 1
98 406 1
98 408 1
98 424 1
98 497 1
98 533 1
98 570 1
98 728 1
98 847 1
98 994 1
98 1094 1
98 1106 1
98 1125 1
98 1242 1
98 1335 1
98 1419 1
98 1437 1
98 1583 1
98 1641 1
99 146 1
99 159 1
99 259 1
99 278 1
99 394 1
99 401 1
99 404 1
99 417 1
99 451 1
99 480 1
99 618 1
99 662 1
99 722 1
99 782 1
99 925 1
99 932 1
99 1091 1
99 1376 1
99 1414 1
99 1589 1
99 1778 1
100 108 1
100 180 1
100 184 1
100 187 1
100 250 1
100 266 1
100 277 1
100 298 1
100 307 1
100 386 1
100 497 1
100 743 1
100 801 1
100 876 1
100 1345 1
100 1350 1
100 1532 1
100 1633 1
100 1709 1
101 224 1
101 313 1
101 332 1
101 649 1
101 724 1
101 781 1
101 913 1
101 1003 1
101 1206 1
101 1319 1
101 1465 1
101 1627 1
101 1645 1
101 1698 1
102 119 1
102 915 1
102 1185 1
102 1438 1
103 113 1
103 123 1
103 174 1
103 262 1
103 348 1
103 364 1
103 401 1
103 409 1
103 467 1
103 525 1
103 599 1
103 666 1
103 673 1
103 805 1
103 893 1
103 913 1
103 937 1
103 1406 1
103 1454 1
103 1531 1
103 1640 1
103 1670 1
103 1716 1
104 146 1
104 156 1
104 218 1
104 226 1
104 249 1
104 262 1
104 326 1
104 709 1
104 794 1
104 873 1
104 918 1
104 1373 1
104 1429 1
104 1435 1
104 1498 1
104 1536 1
104 1673 1
104 1776 1
105 637 1
105 759 1
105 776 1
105 778 1
106 158 1
106 195 1
106 230 1
106 402 1
106 477 1
106 483 1
106 867 1
106 889 1
106 950 1
106 1055 1
106 1074 1
106 1280 1
106 1324 1
106 1410 1
106 1497 1
107 115 1
107 350 1
107 1507 1
108 192 1
108 377 1
108 534 1
108 700 1
108 745 1
108 957 1
108 1068 1
108 1126 1
108 1242 1
108 1367 1
108 1516 1
108 1724 1
108 1737 1
109 110 1
109 135 1
109 146 1
109 163 1
109 167 1
109 211 1
109 212 1
109 250 1
109 308 1
109 359 1
109 377 1
109 380 1
109 427 1
109 439 1
109 484 1
109 577 1
109 652 1
109 702 1
109 724 1
109 747 1
109 769 1
109 812 1
109 819 1
109 963 1
109 1542 1
109 1754 1
109 1769 1
110 249 1
110 697 1
110 912 1
110 915 1
110 937 1
110 1430 1
111 139 1
111 156 1
111 178 1
111 186 1
111 203 1
111 229 1
111 244 1
111 461 1
111 523 1
111 546 1
111 557 1
111 664 1
111 718 1
111 749 1
111 787 1
111 839 1
111 843 1
111 919 1
111 1061 1
111 1072 1
111 1084 1
111 1162 1
111 1265 1
111 1314 1
111 1392 1
111 1400 1
111 1492 1
111 1494 1
111 1498 1
111 1540 1
111 1542 1
111 1624 1
111 1639 1
111 1686 1
111 1795 1
112 252 1
112 443 1
112 1220 1
112 1277 1
112 1651 1
113 384 1
113 453 1
113 733 1
113 989 1
113 1120 1
113 1458 1
114 121 1
114 158 1
114 172 1
114 256 1
114 674 1
114 1047 1
114 1616 1
114 1728 1
115 151 1
115 244 1
115 877 1
115 884 1
115 1028 1
115 1047 1
115 1161 1
115 1293 1
115 1532 1
115 1625 1
116 287 1
116 342 1
116 416 1
116 933 1
116 1083 1
116 1748 1
117 248 1
117 264 1
117 267 1
117 356 1
117 368 1
117 413 1
117 414 1
117 505 1
117 557 1
117 607 1
117 682 1
117 855 1
117 1073 1
117 1292 1
117 1356 1
117 1488 1
117 1680 1
118 330 1
118 421 1
118 548 1
118 586 1
118 656 1
118 773 1
118 857 1
118 1187 1
118 1381 1
118 1559 1
118 1730 1
118 1798 1
119 202 1
119 334 1
119 509 1
119 541 1
119 661 1
119 791 1
119 821 1
119 1361 1
119 1545 1
119 1555 1
120 252 1
120 298 1
120 399 1
120 407 1
120 483 1
120 491 1
120 629 1
120 688 1
120 749 1
120 761 1
120 955 1
120 990 1
120 1058 1
120 1063 1
120 1549 1
120 1671 1
120 1679 1
121 265 1
121 290 1
121 368 1
121 561 1
121 970 1
121 1090 1
121 1123 1
121 1375 1
121 1518 1
122 350 1
122 514 1
122 612 1
122 630 1
122 716 1
122 723 1
122 735 1
122 774 1
122 798 1
122 997 1
122 1660 1
122 1664 1
122 1764 1
123 124 1
123 558 1
123 1048 1
123 1308 1
123 1433 1
124 125 1
124 281 1
124 298 1
124 671 1
124 1678 1
125 154 1
125 322 1
125 430 1
125 432 1
125 530 1
125 753 1
125 1211 1
125 1272 1
125 1535 1
125 1740 1
126 155 1
126 404 1
126 894 1
126 1055 1
126 1126 1
126 1221 1
127 152 1
127 162 1
127 245 1
127 685 1
127 687 1
127 712 1
127 720 1
127 975 1
127 1315 1
127 1422 1
128 158 1
128 163 1
128 181 1
128 235 1
128 240 1
128 286 1
128 409 1
128 436 1
128 567 1
128 576 1
128 842 1
128 896 1
128 908 1
128 1077 1
128 1674 1
128 1730 1
128 1763 1
129 289 1
129 516 1
129 688 1
129 704 1
129 1118 1
130 147 1
130 199 1
130 1266 1
131 169 1
131 431 1
131 466 1
131 678 1
131 717 1
131 1108 1
131 1177 1
131 1343 1
131 1345 1
131 1365 1
131 1517 1
131 1760 1
132 269 1
132 352 1
132 532 1
132 1189 1
132 1658 1
133 155 1
133 164 1
133 287 1
133 299 1
133 524 1
133 713 1
133 774 1
133 898 1
133 994 1
133 999 1
133 1016 1
133 1038 1
133 1048 1
133 1066 1
133 1175 1
133 1205 1
133 1369 1
133 1540 1
133 1650 1
133 1694 1
134 140 1
134 192 1
134 225 1
134 312 1
134 355 1
134 378 1
134 384 1
134 633 1
134 667 1
134 981 1
134 1236 1
134 1619 1
135 268 1
135 454 1
135 664 1
135 709 1
135 723 1
135 1020 1
135 1042 1
135 1192 1
135 1403 1
136 176 1
136 189 1
136 205 1
136 294 1
136 295 1
136 374 1
136 379 1
136 433 1
136 481 1
136 515 1
136 531 1
136 625 1
136 762 1
136 906 1
136 1237 1
136 1238 1
136 1310 1
136 1366 1
136 1434 1
136 1544 1
136 1663 1
137 174 1
137 190 1
137 218 1
137 268 1
137 374 1
137 426 1
137 679 1
137 742 1
137 799 1
137 834 1
137 1096 1
137 1447 1
137 1702 1
138 204 1
138 420 1
138 486 1
138 1115 1
138 1176 1
138 1300 1
139 150 1
139 239 1
139 324 1
139 418 1
139 492 1
139 698 1
139 884 1
139 945 1
139 1106 1
139 1567 1
140 156 1
140 283 1
140 375 1
140 395 1
140 461 1
140 519 1
140 766 1
140 1151 1
140 1157 1
140 1207 1
140 1466 1
140 1538 1
140 1762 1
141 258 1
141 572 1
141 1054 1
141 1075 1
141 1286 1
141 1530 1
142 207 1
142 271 1
142 391 1
142 397 1
142 489 1
142 770 1
142 830 1
142 1478 1
142 1549 1
143 338 1
143 445 1
143 925 1
144 164 1
144 216 1
144 262 1
144 282 1
144 291 1
144 301 1
144 365 1
144 405 1
144 419 1
144 514 1
144 608 1
144 660 1
144 732 1
144 781 1
144 1003 1
144 1035 1
144 1094 1
144 1152 1
144 1241 1
144 1621 1
145 299 1
145 889 1
145 904 1
145 1143 1
145 1295 1
146 157 1
146 176 1
146 193 1
146 215 1
146 358 1
146 523 1
146 530 1
146 591 1
146 731 1
146 1241 1
146 1279 1
146 1314 1
146 1337 1
146 1355 1
146 1383 1
146 1479 1
146 1695 1
147 199 1
147 327 1
147 443 1
147 519 1
147 645 1
147 659 1
147 741 1
147 803 1
147 1060 1
147 1364 1
148 209 1
148 218 1
148 244 1
148 341 1
148 353 1
148 396 1
148 398 1
148 482 1
148 658 1
148 899 1
148 936 1
148 1344 1
148 1555 1
148 1589 1
149 226 1
149 527 1
149 764 1
149 1101 1
149 1202 1
150 299 1
150 434 1
150 528 1
150 564 1
150 789 1
150 827 1
150 845 1
150 894 1
150 916 1
150 936 1
150 993 1
150 1030 1
150 1453 1
150 1614 1
151 170 1
151 181 1
151 288 1
151 311 1
151 331 1
151 354 1
151 482 1
151 498 1
151 510 1
151 551 1
151 696 1
151 749 1
151 785 1
151 800 1
151 813 1
151 868 1
151 1039 1
151 1134 1
151 1180 1
151 1365 1
151 1458 1
151 1523 1
151 1675 1
152 1018 1
153 362 1
153 405 1
153 705 1
153 1402 1
153 1565 1
154 234 1
154 280 1
154 637 1
154 661 1
154 988 1
154 1153 1
155 192 1
155 361 1
155 503 1
155 559 1
155 595 1
155 999 1
155 1306 1
155 1451 1
156 166 1
156 444 1
156 679 1
156 974 1
156 1078 1
156 1604 1
157 237 1
157 299 1
157 633 1
157 809 1
157 838 1
157 1002 1
158 190 1
158 488 1
158 1071 1
158 1115 1
158 1476 1
158 1642 1
158 1704 1
159 163 1
159 216 1
159 266 1
159 392 1
159 579 1
159 587 1
159 745 1
159 1376 1
159 1654 1
159 1679 1
160 206 1
160 238 1
160 564 1
160 746 1
160 763 1
160 878 1
160 879 1
160 967 1
160 1186 1
161 306 1
161 589 1
161 1715 1
161 1753 1
161 1783 1
162 372 1
162 421 1
162 496 1
162 888 1
162 895 1
163 287 1
163 406 1
163 460 1
163 528 1
163 654 1
163 823 1
163 848 1
163 862 1
163 887 1
163 925 1
163 964 1
163 1009 1
163 1042 1
163 1092 1
163 1333 1
163 1604 1
163 1613 1
163 1682 1
163 1744 1
164 1163 1
164 1523 1
165 356 1
165 478 1
165 716 1
165 737 1
165 884 1
165 1360 1
165 1372 1
165 1453 1
165 1474 1
166 423 1
166 1722 1
167 242 1
167 325 1
167 405 1
167 1059 1
167 1709 1
168 186 1
168 320 1
168 760 1
168 893 1
168 896 1
168 1187 1
169 295 1
169 321 1
169 456 1
169 498 1
169 589 1
169 657 1
169 842 1
169 997 1
169 1363 1
169 1420 1
169 1596 1
169 1657 1
170 220 1
170 226 1
170 368 1
170 410 1
170 548 1
170 640 1
170 655 1
170 761 1
170 1023 1
170 1048 1
170 1259 1
170 1429 1
170 1507 1
170 1562 1
170 1758 1
171 276 1
171 304 1
171 396 1
171 415 1
171 456 1
171 472 1
171 513 1
171 552 1
171 930 1
171 994 1
171 1024 1
171 1238 1
171 1244 1
171 1259 1
171 1338 1
171 1368 1
171 1392 1
171 1451 1
171 1723 1
172 193 1
172 207 1
172 220 1
172 600 1
172 1190 1
172 1323 1
172 1398 1
172 1520 1
173 260 1
173 357 1
173 570 1
173 684 1
173 707 1
173 1004 1
173 1251 1
173 1253 1
173 1449 1
173 1492 1
173 1559 1
173 1631 1
173 1661 1
173 1785 1
174 259 1
174 280 1
174 427 1
174 574 1
174 658 1
174 761 1
174 918 1
174 1252 1
174 1514 1
174 1690 1
174 1710 1
174 1763 1
175 191 1
175 290 1
175 347 1
175 350 1
175 354 1
175 583 1
175 649 1
175 652 1
175 717 1
175 796 1
175 804 1
175 1051 1
175 1073 1
175 1093 1
175 1163 1
175 1246 1
175 1419 1
175 1551 1
175 1595 1
175 1707 1
175 1776 1
176 526 1
176 577 1
176 631 1
176 812 1
176 902 1
176 1264 1
176 1449 1
176 1571 1
176 1699 1
177 259 1
178 208 1
178 269 1
178 392 1
178 399 1
178 756 1
179 353 1
179 485 1
179 710 1
179 840 1
179 1008 1
179 1047 1
179 1085 1
179 1279 1
179 1562 1
180 288 1
180 352 1
180 383 1
180 1282 1
180 1286 1
180 1333 1
181 236 1
181 306 1
181 320 1
181 362 1
181 380 1
181 418 1
181 604 1
181 1000 1
181 1216 1
181 1638 1
182 266 1
182 369 1
182 435 1
182 494 1
182 575 1
182 756 1
182 1011 1
182 1186 1
182 1424 1
183 278 1
183 297 1
183 440 1
183 569 1
183 825 1
183 1067 1
184 318 1
184 518 1
184 542 1
184 607 1
184 891 1
184 1111 1
184 1301 1
185 195 1
185 301 1
185 303 1
185 413 1
185 415 1
185 462 1
185 479 1
185 490 1
185 646 1
185 747 1
185 800 1
185 1104 1
185 1147 1
185 1485 1
185 1526 1
185 1693 1
186 242 1
186 256 1
186 322 1
186 370 1
186 379 1
186 1158 1
187 193 1
187 246 1
187 293 1
187 419 1
187 423 1
187 465 1
187 477 1
187 524 1
187 632 1
187 839 1
187 933 1
187 1055 1
187 1323 1
187 1452 1
187 1491 1
187 1500 1
187 1581 1
187 1615 1
188 270 1
188 300 1
188 355 1
188 445 1
188 490 1
188 601 1
188 1272 1
188 1313 1
188 1425 1
188 1458 1
188 1732 1
189 239 1
189 993 1
189 1217 1
189 1311 1
189 1510 1
189 1756 1
189 1777 1
190 1039 1
190 1543 1
190 1757 1
191 230 1
191 525 1
191 752 1
191 912 1
191 926 1
191 943 1
191 1574 1
191 1650 1
192 199 1
192 383 1
192 497 1
192 818 1
192 881 1
192 1468 1
192 1495 1
192 1685 1
192 1701 1
193 319 1
193 388 1
193 408 1
193 702 1
193 880 1
193 901 1
193 903 1
193 915 1
193 943 1
193 1257 1
194 245 1
194 247 1
194 331 1
194 442 1
194 538 1
194 756 1
194 864 1
194 945 1
194 1043 1
194 1085 1
194 1277 1
194 1355 1
194 1461 1
194 1512 1
194 1701 1
195 225 1
195 232 1
195 509 1
195 758 1
195 878 1
195 906 1
195 1052 1
195 1254 1
195 1296 1
195 1689 1
196 434 1
196 1018 1
197 200 1
197 207 1
197 237 1
197 248 1
197 384 1
197 389 1
197 412 1
197 606 1
197 639 1
197 650 1
197 742 1
197 758 1
197 930 1
197 950 1
197 957 1
197 1021 1
197 1170 1
197 1190 1
197 1303 1
197 1414 1
197 1459 1
197 1548 1
197 1704 1
197 1723 1
197 1750 1
197 1766 1
198 223 1
198 225 1
198 338 1
198 408 1
198 621 1
198 1379 1
199 272 1
199 323 1
199 334 1
199 467 1
199 625 1
199 681 1
199 810 1
199 898 1
199 930 1
199 946 1
199 1574 1
200 1792 1
201 274 1
201 739 1
201 831 1
201 868 1
201 872 1
201 1451 1
201 1464 1
201 1735 1
202 229 1
202 249 1
202 258 1
202 700 1
202 792 1
202 857 1
202 1338 1
202 1344 1
203 257 1
203 280 1
203 373 1
203 586 1
203 745 1
203 825 1
203 847 1
203 873 1
203 1103 1
203 1390 1
204 340 1
204 441 1
204 578 1
204 624 1
204 855 1
204 1146 1
204 1269 1
204 1298 1
204 1760 1
205 210 1
205 273 1
205 459 1
205 498 1
205 535 1
205 707 1
205 820 1
205 1107 1
205 1562 1
205 1702 1
206 554 1
206 567 1
206 675 1
206 757 1
206 1008 1
206 1047 1
206 1245 1
206 1774 1
207 240 1
207 272 1
207 452 1
207 740 1
207 837 1
207 865 1
207 951 1
207 1053 1
207 1109 1
207 1193 1
207 1257 1
207 1281 1
207 1422 1
207 1486 1
207 1634 1
208 251 1
208 285 1
208 442 1
208 467 1
208 560 1
208 781 1
208 865 1
208 1068 1
208 1318 1
208 1368 1
208 1510 1
209 432 1
209 435 1
209 452 1
209 592 1
209 594 1
209 652 1
209 708 1
209 737 1
209 900 1
209 1132 1
209 1133 1
209 1496 1
209 1555 1
210 445 1
210 447 1
210 509 1
210 650 1
210 719 1
210 828 1
210 1002 1
210 1043 1
210 1102 1
210 1227 1
210 1755 1
212 407 1
212 583 1
212 655 1
212 757 1
212 760 1
212 1161 1
213 238 1
213 437 1
213 455 1
213 875 1
213 1181 1
213 1219 1
213 1285 1
213 1328 1
213 1661 1
214 246 1
214 303 1
214 366 1
214 430 1
214 484 1
214 590 1
214 830 1
214 1128 1
214 1344 1
214 1382 1
215 261 1
215 278 1
215 289 1
215 300 1
215 315 1
215 328 1
215 418 1
215 495 1
215 527 1
215 568 1
215 576 1
215 705 1
215 884 1
215 890 1
215 1024 1
215 1118 1
215 1151 1
215 1361 1
215 1364 1
215 1388 1
215 1427 1
215 1599 1
215 1763 1
215 1789 1
216 418 1
216 421 1
216 475 1
216 691 1
217 530 1
217 538 1
217 996 1
218 1110 1
218 1313 1
218 1616 1
218 1688 1
219 264 1
219 403 1
219 421 1
219 754 1
219 807 1
219 936 1
219 960 1
219 1391 1
219 1460 1
219 1632 1
220 549 1
220 741 1
220 1228 1
221 228 1
221 440 1
221 463 1
221 517 1
221 780 1
221 1051 1
221 1166 1
221 1439 1
221 1514 1
222 550 1
223 296 1
223 389 1
223 574 1
223 603 1
224 285 1
224 339 1
224 504 1
224 618 1
224 629 1
224 824 1
224 1025 1
224 1308 1
224 1755 1
225 414 1
225 1508 1
226 253 1
226 300 1
226 462 1
226 487 1
226 571 1
226 638 1
226 695 1
226 964 1
226 1446 1
226 1583 1
227 255 1
227 412 1
227 776 1
227 1039 1
227 1116 1
227 1566 1
227 1742 1
227 1754 1
228 386 1
228 420 1
228 529 1
228 1113 1
228 1297 1
228 1420 1
230 342 1
230 595 1
230 849 1
230 1157 1
230 1547 1
230 1634 1
231 294 1
231 387 1
231 448 1
231 531 1
231 622 1
231 678 1
231 725 1
231 878 1
231 1125 1
231 1501 1
231 1526 1
231 1678 1
232 279 1
232 423 1
232 524 1
232 799 1
232 824 1
232 896 1
232 1201 1
232 1331 1
232 1373 1
232 1727 1
233 663 1
233 790 1
233 809 1
233 828 1
233 1191 1
233 1225 1
233 1659 1
234 307 1
234 403 1
234 480 1
234 506 1
234 535 1
234 597 1
234 600 1
234 609 1
234 740 1
234 1015 1
234 1169 1
234 1205 1
234 1297 1
234 1359 1
234 1487 1
235 264 1
235 431 1
235 537 1
235 647 1
235 684 1
235 973 1
235 1462 1
235 1738 1
236 254 1
236 420 1
236 619 1
236 1112 1
237 380 1
237 519 1
237 573 1
237 576 1
237 605 1
237 655 1
237 733 1
237 840 1
237 927 1
237 984 1
237 1060 1
237 1099 1
237 1136 1
237 1416 1
238 320 1
238 375 1
238 561 1
238 590 1
238 671 1
238 760 1
238 777 1
238 816 1
238 833 1
238 881 1
238 1144 1
238 1218 1
238 1232 1
238 1501 1
239 704 1
239 851 1
240 253 1
240 335 1
240 346 1
240 470 1
240 690 1
240 947 1
240 968 1
240 1013 1
240 1036 1
240 1094 1
240 1102 1
240 1123 1
240 1131 1
240 1300 1
240 1516 1
240 1780 1
241 815 1
242 297 1
242 365 1
242 503 1
242 695 1
242 1139 1
242 1723 1
243 889 1
243 1477 1
244 248 1
244 351 1
244 793 1
244 794 1
244 802 1
244 886 1
244 911 1
244 1143 1
244 1267 1
244 1566 1
245 252 1
245 329 1
245 591 1
245 619 1
245 793 1
246 256 1
246 277 1
246 578 1
246 598 1
246 618 1
246 696 1
246 1034 1
246 1099 1
246 1133 1
246 1195 1
246 1260 1
247 332 1
247 1117 1
248 1303 1
248 1403 1
249 411 1
249 465 1
249 780 1
249 995 1
249 1514 1
249 1568 1
249 1734 1
250 324 1
250 349 1
250 426 1
250 725 1
250 805 1
250 826 1
250 830 1
250 1052 1
250 1092 1
250 1144 1
250 1428 1
251 370 1
251 753 1
251 1121 1
251 1275 1
252 451 1
253 271 1
253 437 1
253 461 1
253 801 1
253 958 1
253 1124 1
253 1234 1
254 263 1
254 402 1
254 485 1
254 722 1
254 1585 1
254 1692 1
255 594 1
255 629 1
255 1064 1
255 1178 1
255 1249 1
255 1269 1
255 1440 1
255 1484 1
256 301 1
256 392 1
256 586 1
256 599 1
256 1125 1
256 1686 1
256 1717 1
257 1704 1
258 786 1
258 1343 1
258 1399 1
259 292 1
259 672 1
259 870 1
259 1351 1
259 1520 1
259 1735 1
260 613 1
260 954 1
260 1580 1
261 316 1
261 807 1
261 995 1
261 1409 1
262 562 1
262 831 1
262 1639 1
263 426 1
263 448 1
263 601 1
263 662 1
263 1075 1
264 313 1
264 316 1
264 344 1
264 380 1
264 569 1
264 681 1
264 818 1
264 851 1
264 1258 1
264 1394 1
264 1437 1
264 1458 1
264 1592 1
265 763 1
265 797 1
265 870 1
265 1135 1
265 1386 1
265 1527 1
265 1600 1
265 1696 1
265 1714 1
265 1746 1
266 290 1
266 1115 1
266 1581 1
266 1597 1
267 316 1
267 317 1
267 458 1
267 617 1
267 938 1
268 310 1
268 367 1
268 372 1
268 466 1
268 885 1
268 1312 1
268 1336 1
269 518 1
269 657 1
269 849 1
269 1142 1
269 1689 1
269 1691 1
269 1791 1
270 327 1
270 504 1
270 810 1
270 1105 1
270 1280 1
270 1524 1
270 1589 1
270 1720 1
271 453 1
271 500 1
271 566 1
271 768 1
271 1354 1
271 1668 1
271 1741 1
271 1768 1
272 359 1
272 419 1
272 527 1
272 1154 1
272 1270 1
272 1622 1
273 907 1
273 968 1
273 1081 1
273 1123 1
273 1407 1
273 1649 1
274 386 1
274 526 1
274 693 1
274 922 1
274 1075 1
274 1138 1
274 1312 1
274 1485 1
275 391 1
275 434 1
275 499 1
275 544 1
275 546 1
275 983 1
275 1112 1
275 1177 1
275 1306 1
275 1430 1
275 1513 1
276 450 1
276 472 1
276 487 1
276 501 1
276 938 1
276 1435 1
276 1565 1
276 1682 1
276 1696 1
277 377 1
277 1779 1
278 283 1
278 331 1
278 357 1
278 475 1
278 512 1
278 693 1
278 1697 1
279 343 1
279 742 1
279 768 1
279 801 1
279 1229 1
280 1209 1
281 325 1
281 642 1
281 679 1
281 1074 1
281 1136 1
281 1248 1
281 1276 1
281 1288 1
281 1383 1
281 1429 1
282 294 1
282 1162 1
282 1183 1
282 1316 1
282 1472 1
283 341 1
283 654 1
283 1108 1
284 397 1
284 402 1
284 434 1
284 491 1
284 532 1
284 679 1
284 687 1
284 909 1
284 1081 1
284 1309 1
284 1473 1
284 1604 1
285 1017 1
285 1044 1
285 1462 1
286 360 1
286 697 1
286 1149 1
286 1300 1
287 539 1
287 551 1
287 811 1
287 816 1
287 842 1
287 1114 1
287 1199 1
287 1247 1
287 1261 1
287 1409 1
287 1611 1
287 1749 1
288 448 1
288 471 1
288 477 1
288 545 1
288 885 1
288 899 1
288 978 1
288 1069 1
288 1263 1
288 1266 1
288 1271 1
288 1303 1
288 1591 1
288 1716 1
288 1797 1
289 455 1
289 1180 1
289 1372 1
289 1758 1
290 306 1
290 317 1
290 345 1
290 377 1
290 563 1
290 966 1
290 1598 1
290 1652 1
291 870 1
291 982 1
291 1322 1
291 1373 1
291 1407 1
291 1501 1
291 1506 1
292 512 1
292 641 1
292 1646 1
292 1687 1
293 1761 1
294 542 1
294 626 1
294 653 1
294 791 1
294 843 1
294 937 1
294 966 1
294 1271 1
294 1320 1
294 1459 1
294 1465 1
294 1577 1
295 721 1
296 562 1
297 406 1
297 407 1
297 472 1
297 601 1
297 1128 1
297 1266 1
297 1324 1
297 1655 1
297 1733 1
298 374 1
298 493 1
298 1037 1
298 1512 1
298 1620 1
298 1647 1
299 318 1
299 424 1
299 629 1
299 775 1
299 914 1
300 437 1
300 560 1
300 670 1
300 923 1
300 1514 1
300 1536 1
300 1592 1
301 330 1
301 471 1
301 698 1
301 1321 1
301 1337 1
301 1781 1
302 415 1
302 871 1
302 1050 1
302 1082 1
302 1085 1
302 1341 1
303 652 1
303 699 1
303 892 1
303 1239 1
303 1243 1
304 334 1
304 476 1
304 938 1
304 1299 1
304 1416 1
304 1424 1
305 620 1
305 1157 1
306 437 1
306 1329 1
306 1694 1
307 371 1
307 605 1
307 656 1
307 1186 1
307 1220 1
307 1296 1
307 1395 1
307 1597 1
308 438 1
308 617 1
308 875 1
308 950 1
308 973 1
308 1288 1
308 1529 1
309 972 1
309 1470 1
310 411 1
310 630 1
310 1323 1
310 1747 1
311 350 1
311 680 1
311 1063 1
312 397 1
312 582 1
312 596 1
312 721 1
312 1314 1
312 1393 1
312 1527 1
313 471 1
313 560 1
313 576 1
313 801 1
313 928 1
313 1010 1
313 1570 1
313 1746 1
314 406 1
314 534 1
314 772 1
314 1362 1
315 553 1
315 663 1
315 667 1
315 1521 1
316 338 1
316 462 1
316 468 1
316 531 1
316 575 1
316 614 1
316 711 1
316 862 1
316 980 1
316 1271 1
316 1426 1
316 1539 1
317 596 1
317 733 1
317 1448 1
318 912 1
318 1012 1
318 1258 1
318 1273 1
318 1335 1
318 1504 1
319 755 1
320 397 1
320 522 1
320 873 1
320 1168 1
320 1247 1
320 1309 1
320 1684 1
321 1638 1
322 330 1
322 1622 1
323 782 1
324 435 1
324 630 1
324 1608 1
325 580 1
325 589 1
325 1069 1
325 1230 1
325 1355 1
325 1713 1
326 348 1
326 494 1
326 665 1
326 771 1
326 941 1
326 1116 1
326 1378 1
326 1691 1
326 1702 1
327 366 1
327 1001 1
328 376 1
328 549 1
328 604 1
328 697 1
328 869 1
328 917 1
328 1225 1
328 1302 1
328 1587 1
328 1649 1
329 417 1
329 443 1
329 500 1
329 585 1
329 838 1
329 890 1
329 1396 1
329 1432 1
330 464 1
330 770 1
330 1476 1
331 339 1
331 516 1
331 1093 1
332 1258 1
333 430 1
333 489 1
333 514 1
333 830 1
333 839 1
333 961 1
333 1518 1
334 376 1
334 388 1
334 446 1
334 484 1
334 543 1
334 705 1
334 726 1
334 1094 1
334 1141 1
334 1228 1
334 1683 1
335 431 1
335 499 1
335 580 1
335 707 1
335 964 1
335 1491 1
335 1536 1
336 411 1
336 929 1
336 971 1
336 1507 1
336 1751 1
337 590 1
337 606 1
337 710 1
337 788 1
337 823 1
337 920 1
337 1692 1
338 701 1
339 813 1
339 837 1
339 1012 1
340 538 1
340 754 1
340 1770 1
342 882 1
342 1171 1
343 1023 1
343 1737 1
344 454 1
344 1118 1
344 1425 1
344 1618 1
345 362 1
345 510 1
345 715 1
345 744 1
345 783 1
345 1434 1
345 1515 1
345 1608 1
345 1707 1
346 401 1
346 464 1
346 675 1
346 920 1
346 956 1
346 1033 1
346 1257 1
346 1299 1
346 1602 1
347 428 1
347 645 1
347 988 1
347 1298 1
348 562 1
348 739 1
348 795 1
348 934 1
348 1294 1
348 1387 1
349 1580 1
350 414 1
350 449 1
350 593 1
350 939 1
350 1401 1
350 1677 1
351 502 1
351 515 1
351 683 1
351 892 1
351 977 1
351 1735 1
352 1050 1
352 1063 1
352 1095 1
352 1165 1
352 1239 1
352 1252 1
352 1265 1
352 1516 1
353 694 1
353 701 1
353 777 1
353 807 1
353 1103 1
353 1105 1
354 441 1
354 453 1
354 690 1
354 953 1
354 1335 1
354 1469 1
355 692 1
355 1080 1
356 487 1
356 536 1
356 580 1
356 719 1
356 963 1
356 1194 1
356 1275 1
356 1475 1
356 1493 1
357 636 1
357 882 1
357 897 1
357 1065 1
357 1233 1
357 1347 1
358 415 1
358 565 1
358 729 1
358 1732 1
358 1749 1
358 1786 1
359 382 1
359 413 1
359 584 1
359 849 1
359 1005 1
359 1308 1
359 1374 1
359 1594 1
359 1734 1
359 1785 1
360 584 1
360 768 1
360 1137 1
360 1421 1
361 554 1
361 1731 1
362 620 1
362 887 1
362 902 1
362 1681 1
363 474 1
364 379 1
364 390 1
364 449 1
364 463 1
364 469 1
364 935 1
364 1082 1
364 1463 1
365 488 1
365 577 1
365 581 1
366 449 1
366 510 1
366 914 1
366 1251 1
367 527 1
367 673 1
367 1202 1
367 1210 1
367 1233 1
367 1800 1
368 553 1
368 1059 1
369 467 1
369 944 1
369 1007 1
369 1573 1
369 1588 1
370 592 1
370 758 1
370 987 1
371 410 1
371 592 1
371 908 1
371 1146 1
371 1432 1
372 668 1
372 1359 1
372 1477 1
373 457 1
373 647 1
373 940 1
373 1077 1
373 1573 1
373 1710 1
374 1307 1
374 1320 1
374 1630 1
376 416 1
376 540 1
376 1334 1
377 451 1
377 678 1
377 1216 1
377 1319 1
377 1435 1
377 1558 1
378 493 1
378 602 1
378 636 1
378 642 1
378 711 1
378 958 1
378 1002 1
378 1138 1
378 1548 1
378 1579 1
378 1771 1
379 798 1
381 692 1
381 777 1
381 1439 1
382 385 1
382 386 1
382 410 1
382 513 1
382 948 1
382 1088 1
382 1109 1
382 1145 1
382 1542 1
382 1644 1
383 1311 1
384 744 1
384 1229 1
384 1246 1
384 1726 1
385 790 1
386 507 1
386 658 1
386 993 1
386 1181 1
386 1628 1
387 757 1
388 850 1
388 859 1
388 1168 1
388 1497 1
389 459 1
389 713 1
389 776 1
389 959 1
389 1396 1
389 1444 1
390 473 1
390 481 1
390 873 1
390 985 1
390 987 1
390 1023 1
390 1199 1
390 1444 1
390 1492 1
390 1634 1
391 487 1
391 490 1
391 632 1
391 829 1
391 1268 1
391 1347 1
391 1579 1
392 460 1
392 472 1
392 613 1
392 720 1
392 901 1
392 1027 1
392 1139 1
392 1708 1
393 555 1
393 583 1
393 675 1
393 757 1
393 919 1
393 1234 1
393 1731 1
394 502 1
394 668 1
394 720 1
394 731 1
394 1206 1
394 1263 1
394 1477 1
395 901 1
396 524 1
396 621 1
396 661 1
396 1353 1
396 1658 1
397 653 1
397 885 1
398 449 1
398 506 1
398 672 1
398 962 1
399 452 1
399 676 1
399 691 1
399 1029 1
400 581 1
400 648 1
400 710 1
401 489 1
402 955 1
402 1031 1
402 1055 1
402 1670 1
403 752 1
403 1052 1
403 1631 1
404 639 1
404 1005 1
404 1184 1
404 1531 1
404 1611 1
405 427 1
405 461 1
405 494 1
405 603 1
405 863 1
405 1010 1
405 1083 1
405 1126 1
405 1286 1
405 1293 1
405 1637 1
405 1764 1
406 441 1
406 1002 1
406 1015 1
406 1401 1
406 1578 1
407 515 1
407 751 1
407 1008 1
407 1010 1
407 1033 1
407 1752 1
408 517 1
408 1212 1
408 1690 1
409 448 1
409 686 1
409 775 1
409 928 1
409 1239 1
410 1538 1
410 1585 1
410 1653 1
411 566 1
411 1193 1
411 1617 1
412 972 1
412 974 1
412 979 1
412 1136 1
412 1252 1
412 1344 1
413 1024 1
413 1788 1
414 446 1
414 468 1
414 568 1
414 623 1
414 640 1
414 1305 1
414 1680 1
415 593 1
415 685 1
415 753 1
415 834 1
415 844 1
415 923 1
415 1015 1
415 1437 1
415 1464 1
415 1474 1
415 1511 1
415 1548 1
415 1594 1
415 1695 1
415 1753 1
416 550 1
416 949 1
416 1226 1
416 1256 1
416 1308 1
417 734 1
417 1578 1
418 456 1
418 617 1
418 1278 1
418 1560 1
419 556 1
419 932 1
419 1369 1
419 1436 1
419 1518 1
420 854 1
420 861 1
420 1356 1
420 1493 1
420 1537 1
420 1541 1
420 1731 1
421 422 1
421 702 1
421 750 1
421 880 1
421 1283 1
421 1316 1
421 1714 1
422 463 1
422 499 1
422 718 1
422 774 1
422 1446 1
423 651 1
423 725 1
423 874 1
424 789 1
424 922 1
424 1139 1
424 1703 1
425 429 1
425 488 1
425 1181 1
425 1226 1
425 1227 1
425 1271 1
425 1521 1
425 1614 1
425 1733 1
426 575 1
426 1522 1
427 521 1
427 871 1
427 1036 1
427 1100 1
427 1117 1
427 1587 1
427 1591 1
427 1766 1
428 496 1
428 628 1
428 932 1
428 1113 1
428 1164 1
428 1556 1
429 547 1
429 609 1
429 879 1
429 1103 1
429 1782 1
430 454 1
430 585 1
430 676 1
430 971 1
430 1042 1
430 1052 1
430 1204 1
430 1361 1
430 1583 1
430 1619 1
431 445 1
431 624 1
431 681 1
431 888 1
431 906 1
431 1680 1
432 504 1
432 558 1
432 914 1
432 1208 1
432 1719 1
433 564 1
433 1212 1
433 1406 1
434 644 1
435 946 1
436 439 1
436 517 1
436 520 1
436 634 1
436 712 1
436 775 1
436 805 1
436 943 1
436 1007 1
436 1762 1
437 1098 1
438 492 1
438 582 1
438 990 1
438 1154 1
438 1522 1
439 788 1
439 802 1
439 848 1
439 1175 1
439 1464 1
440 1221 1
441 793 1
441 898 1
441 935 1
443 686 1
443 1607 1
444 1169 1
445 476 1
445 952 1
445 1086 1
445 1367 1
445 1784 1
446 530 1
446 658 1
446 1590 1
447 1422 1
448 545 1
448 615 1
448 730 1
448 772 1
448 969 1
448 1419 1
448 1436 1
448 1612 1
448 1748 1
449 648 1
449 863 1
449 1098 1
450 965 1
450 1565 1
451 516 1
451 614 1
451 1194 1
451 1567 1
451 1720 1
451 1784 1
452 492 1
452 521 1
452 543 1
452 585 1
452 698 1
452 828 1
452 1164 1
452 1345 1
452 1380 1
452 1642 1
452 1792 1
453 455 1
453 593 1
454 1066 1
454 1450 1
454 1491 1
455 508 1
455 1504 1
456 512 1
456 709 1
457 479 1
457 634 1
457 656 1
457 718 1
457 1189 1
457 1454 1
457 1471 1
457 1750 1
458 978 1
458 1333 1
458 1674 1
459 1337 1
460 485 1
460 631 1
460 1084 1
460 1264 1
461 648 1
461 673 1
461 786 1
461 1284 1
461 1359 1
462 1041 1
462 1615 1
463 475 1
464 727 1
464 821 1
464 863 1
465 631 1
465 644 1
465 646 1
465 853 1
465 1065 1
465 1279 1
465 1291 1
466 549 1
466 563 1
466 601 1
466 610 1
466 728 1
466 768 1
466 931 1
466 950 1
466 986 1
466 1173 1
466 1705 1
466 1745 1
467 469 1
467 471 1
467 637 1
467 895 1
467 971 1
467 1142 1
467 1718 1
467 1793 1
468 763 1
468 1729 1
469 595 1
469 633 1
469 972 1
469 1093 1
470 502 1
470 563 1
470 582 1
470 616 1
470 706 1
470 826 1
470 1027 1
470 1159 1
470 1483 1
470 1581 1
471 1607 1
472 718 1
472 809 1
473 959 1
474 1221 1
475 688 1
475 740 1
475 900 1
475 1179 1
475 1472 1
475 1531 1
475 1716 1
476 671 1
476 966 1
476 1036 1
476 1070 1
476 1106 1
476 1265 1
476 1421 1
476 1438 1
477 497 1
478 942 1
479 843 1
479 1330 1
479 1485 1
480 608 1
480 838 1
480 1448 1
480 1577 1
480 1695 1
481 513 1
481 1041 1
481 1248 1
481 1418 1
481 1609 1
481 1642 1
482 570 1
482 722 1
482 919 1
482 1088 1
482 1132 1
482 1385 1
482 1635 1
482 1651 1
483 978 1
483 992 1
483 1195 1
484 1148 1
485 585 1
485 594 1
485 1029 1
485 1154 1
485 1367 1
485 1544 1
485 1558 1
485 1698 1
485 1752 1
486 602 1
486 744 1
486 823 1
486 977 1
486 1140 1
486 1197 1
486 1701 1
486 1713 1
486 1734 1
487 517 1
487 638 1
487 670 1
487 1066 1
487 1376 1
487 1586 1
488 549 1
489 1041 1
490 779 1
490 1515 1
490 1665 1
490 1727 1
491 897 1
491 966 1
491 1065 1
491 1525 1
491 1722 1
492 508 1
492 579 1
492 1109 1
492 1207 1
493 496 1
493 534 1
493 1620 1
494 888 1
494 1174 1
494 1765 1
494 1773 1
495 852 1
495 877 1
495 881 1
495 901 1
495 1121 1
495 1198 1
495 1416 1
497 508 1
497 1035 1
497 1224 1
497 1569 1
497 1679 1
498 766 1
498 775 1
498 1273 1
499 798 1
499 1527 1
499 1718 1
501 1456 1
502 943 1
502 979 1
503 537 1
503 1092 1
503 1137 1
503 1289 1
503 1660 1
504 1183 1
505 663 1
505 730 1
505 799 1
505 936 1
505 1329 1
505 1446 1
507 686 1
507 1129 1
507 1185 1
507 1405 1
507 1496 1
507 1632 1
508 628 1
508 1184 1
508 1277 1
508 1520 1
509 958 1
510 542 1
510 808 1
510 868 1
510 955 1
510 964 1
510 976 1
510 1113 1
510 1170 1
510 1192 1
510 1780 1
511 862 1
511 1009 1
511 1650 1
512 929 1
512 1662 1
513 616 1
513 995 1
513 1227 1
515 525 1
515 997 1
515 1056 1
516 541 1
516 582 1
516 847 1
516 1558 1
516 1754 1
517 545 1
517 732 1
517 949 1
517 954 1
517 961 1
517 1720 1
518 568 1
518 938 1
518 1001 1
518 1043 1
518 1224 1
519 569 1
519 662 1
519 808 1
519 866 1
520 627 1
520 802 1
520 1066 1
520 1556 1
520 1782 1
521 762 1
521 770 1
521 853 1
521 1361 1
521 1519 1
521 1689 1
521 1761 1
522 729 1
522 737 1
522 962 1
522 1570 1
522 1641 1
523 550 1
523 818 1
523 1475 1
524 639 1
524 982 1
524 1013 1
524 1339 1
525 1173 1
525 1523 1
527 605 1
527 897 1
527 913 1
528 1312 1
529 669 1
530 641 1
530 711 1
530 1006 1
530 1218 1
530 1310 1
530 1758 1
531 767 1
531 804 1
531 926 1
531 1011 1
531 1149 1
531 1235 1
532 710 1
532 890 1
532 1184 1
532 1253 1
532 1600 1
532 1790 1
533 543 1
534 588 1
534 735 1
534 767 1
534 912 1
536 695 1
536 1528 1
536 1626 1
537 664 1
537 1372 1
537 1798 1
538 610 1
538 1636 1
539 633 1
539 767 1
539 1203 1
540 829 1
540 954 1
540 1032 1
540 1210 1
540 1222 1
540 1475 1
540 1759 1
541 711 1
541 1122 1
541 1543 1
542 547 1
542 1231 1
542 1550 1
543 748 1
544 1230 1
544 1256 1
545 589 1
545 982 1
545 1334 1
546 1139 1
546 1383 1
546 1697 1
547 902 1
548 565 1
549 859 1
549 967 1
549 1027 1
549 1149 1
549 1272 1
549 1415 1
550 642 1
550 941 1
550 1011 1
551 684 1
551 743 1
551 822 1
551 1195 1
551 1370 1
551 1787 1
552 858 1
552 1121 1
553 635 1
553 911 1
554 1669 1
554 1746 1
555 630 1
555 637 1
555 1268 1
555 1300 1
556 580 1
556 715 1
556 1223 1
556 1310 1
557 793 1
558 574 1
558 668 1
558 910 1
558 1086 1
558 1463 1
559 1380 1
559 1509 1
559 1692 1
560 719 1
560 736 1
560 859 1
560 874 1
560 956 1
560 1009 1
560 1358 1
562 593 1
562 721 1
562 750 1
562 995 1
562 1072 1
562 1160 1
562 1335 1
562 1365 1
562 1366 1
562 1560 1
562 1564 1
562 1597 1
563 617 1
564 602 1
564 644 1
564 1327 1
565 743 1
565 760 1
565 1270 1
566 844 1
566 1286 1
566 1315 1
566 1611 1
568 841 1
568 980 1
568 1322 1
569 571 1
569 685 1
569 1028 1
569 1380 1
569 1588 1
570 842 1
570 921 1
570 1763 1
571 935 1
571 1266 1
571 1622 1
571 1772 1
572 1004 1
572 1794 1
572 1796 1
573 723 1
573 829 1
573 879 1
574 615 1
574 653 1
574 923 1
574 1390 1
574 1452 1
575 1197 1
575 1216 1
575 1581 1
575 1659 1
575 1666 1
576 678 1
576 699 1
576 716 1
576 1274 1
577 978 1
577 1019 1
577 1301 1
578 802 1
578 931 1
579 696 1
579 1554 1
579 1615 1
580 865 1
580 894 1
580 1097 1
581 700 1
581 1095 1
581 1648 1
582 594 1
582 603 1
582 665 1
582 686 1
582 759 1
582 809 1
582 1601 1
583 982 1
583 1288 1
583 1438 1
583 1700 1
584 677 1
584 940 1
584 976 1
584 1084 1
584 1250 1
584 1599 1
585 627 1
585 875 1
585 911 1
585 939 1
585 1136 1
585 1605 1
585 1664 1
586 1172 1
586 1282 1
586 1431 1
586 1564 1
586 1790 1
587 667 1
588 632 1
588 791 1
588 877 1
588 1237 1
588 1694 1
589 706 1
589 794 1
589 1234 1
589 1246 1
589 1255 1
591 903 1
591 1637 1
592 798 1
592 832 1
592 998 1
592 1188 1
592 1302 1
592 1340 1
592 1378 1
593 951 1
593 1431 1
593 1461 1
593 1492 1
594 646 1
594 797 1
594 924 1
594 981 1
594 1219 1
594 1290 1
594 1541 1
595 999 1
595 1166 1
595 1258 1
595 1513 1
595 1619 1
597 969 1
597 1096 1
597 1445 1
598 1430 1
599 713 1
599 1120 1
599 1330 1
600 698 1
600 820 1
600 1189 1
600 1270 1
600 1484 1
600 1510 1
600 1614 1
601 1387 1
601 1467 1
604 1254 1
605 644 1
605 744 1
605 796 1
605 832 1
605 868 1
605 1717 1
605 1747 1
606 671 1
606 1208 1
606 1613 1
608 1630 1
609 623 1
609 905 1
609 1172 1
609 1479 1
610 662 1
610 777 1
610 988 1
610 1017 1
610 1036 1
610 1223 1
610 1412 1
610 1511 1
610 1582 1
610 1711 1
611 618 1
611 635 1
611 645 1
611 675 1
611 858 1
611 860 1
611 893 1
611 1149 1
611 1252 1
611 1420 1
611 1486 1
612 1764 1
613 1180 1
613 1219 1
613 1240 1
613 1274 1
614 811 1
615 634 1
615 905 1
615 1628 1
615 1726 1
616 680 1
616 961 1
616 1433 1
617 635 1
617 643 1
617 691 1
617 774 1
617 963 1
617 1091 1
617 1244 1
617 1248 1
617 1383 1
617 1737 1
618 910 1
618 1456 1
618 1493 1
618 1570 1
619 1724 1
620 856 1
620 1042 1
621 891 1
621 1296 1
622 703 1
622 1206 1
622 1450 1
623 790 1
623 1360 1
623 1610 1
624 628 1
624 696 1
625 691 1
625 1056 1
625 1243 1
625 1352 1
625 1415 1
625 1594 1
627 756 1
627 1174 1
628 998 1
628 1719 1
629 656 1
629 855 1
629 925 1
629 1264 1
630 1046 1
630 1474 1
631 642 1
631 788 1
631 1082 1
631 1345 1
631 1369 1
632 867 1
634 863 1
634 1134 1
634 1480 1
635 749 1
635 872 1
635 902 1
635 1053 1
635 1087 1
635 1135 1
635 1153 1
635 1338 1
635 1342 1
635 1421 1
635 1777 1
636 922 1
636 1134 1
638 862 1
638 1003 1
638 1130 1
638 1236 1
638 1635 1
638 1666 1
639 789 1
639 886 1
639 915 1
640 734 1
640 808 1
640 1006 1
640 1068 1
640 1128 1
640 1276 1
640 1406 1
640 1672 1
640 1771 1
641 1347 1
641 1415 1
642 739 1
642 848 1
642 1233 1
642 1608 1
642 1693 1
643 1287 1
643 1289 1
644 1122 1
645 1140 1
646 684 1
646 689 1
646 993 1
647 712 1
647 818 1
648 651 1
648 860 1
648 1571 1
649 795 1
649 817 1
649 907 1
649 1143 1
649 1180 1
651 903 1
651 1584 1
651 1605 1
653 1031 1
653 1093 1
653 1141 1
653 1243 1
653 1384 1
653 1645 1
653 1723 1
654 822 1
654 1046 1
654 1567 1
654 1639 1
654 1796 1
655 796 1
655 1241 1
656 1461 1
656 1497 1
657 1554 1
657 1575 1
657 1691 1
657 1764 1
658 687 1
658 957 1
658 1150 1
658 1232 1
658 1320 1
658 1466 1
658 1517 1
659 1307 1
659 1530 1
660 1165 1
661 685 1
661 703 1
661 984 1
662 1089 1
663 1349 1
664 895 1
664 1110 1
664 1163 1
664 1307 1
664 1630 1
665 779 1
665 786 1
665 979 1
666 750 1
666 942 1
666 1566 1
668 784 1
668 991 1
668 1105 1
668 1129 1
668 1158 1
668 1447 1
671 817 1
671 867 1
672 780 1
672 940 1
672 1106 1
673 852 1
673 883 1
673 986 1
673 1239 1
673 1389 1
674 861 1
674 1008 1
674 1091 1
674 1797 1
675 1578 1
676 759 1
676 965 1
676 1201 1
676 1317 1
677 876 1
677 892 1
677 952 1
677 986 1
677 1155 1
677 1226 1
677 1341 1
678 1051 1
678 1750 1
679 841 1
679 965 1
679 1103 1
679 1120 1
679 1175 1
679 1321 1
679 1519 1
679 1744 1
680 1327 1
680 1371 1
681 1781 1
682 714 1
682 1346 1
682 1429 1
683 1193 1
683 1274 1
683 1590 1
684 1799 1
685 804 1
685 810 1
685 841 1
685 1425 1
685 1556 1
685 1708 1
686 724 1
686 732 1
686 1027 1
686 1467 1
686 1580 1
686 1761 1
687 1054 1
688 784 1
688 956 1
688 1543 1
688 1699 1
689 694 1
689 886 1
689 1360 1
689 1751 1
689 1775 1
690 1061 1
690 1174 1
690 1478 1
690 1480 1
691 727 1
691 827 1
691 835 1
691 1225 1
691 1770 1
692 951 1
692 1086 1
692 1503 1
693 708 1
693 1711 1
693 1779 1
694 819 1
694 999 1
694 1612 1
695 748 1
696 755 1
696 880 1
696 1281 1
697 854 1
698 753 1
698 814 1
698 825 1
698 980 1
698 1061 1
698 1411 1
698 1441 1
698 1460 1
698 1502 1
698 1698 1
698 1700 1
698 1753 1
699 947 1
700 920 1
701 1082 1
701 1251 1
701 1381 1
701 1414 1
701 1587 1
702 1049 1
702 1064 1
702 1255 1
702 1292 1
702 1408 1
702 1411 1
703 1332 1
703 1657 1
703 1789 1
704 844 1
704 1349 1
704 1497 1
704 1778 1
706 962 1
707 1752 1
708 1032 1
708 1603 1
708 1679 1
709 1384 1
709 1636 1
712 717 1
712 769 1
712 843 1
712 871 1
712 1057 1
712 1158 1
713 1147 1
714 942 1
714 1067 1
715 1044 1
715 1585 1
716 734 1
716 820 1
716 996 1
716 1466 1
717 1240 1
718 731 1
719 1483 1
719 1689 1
719 1741 1
720 1324 1
721 920 1
721 1099 1
721 1348 1
721 1643 1
723 850 1
723 882 1
724 755 1
724 864 1
724 918 1
724 1196 1
724 1349 1
725 726 1
725 1134 1
727 1441 1
728 732 1
728 1284 1
728 1759 1
729 1019 1
730 1643 1
731 904 1
731 968 1
731 1038 1
731 1058 1
731 1664 1
732 807 1
732 973 1
732 1065 1
732 1230 1
732 1380 1
732 1455 1
732 1576 1
733 906 1
734 1340 1
734 1403 1
735 1203 1
735 1323 1
736 761 1
736 1062 1
736 1730 1
738 1165 1
738 1328 1
738 1428 1
738 1703 1
739 1209 1
739 1793 1
740 975 1
740 1601 1
741 1704 1
743 1370 1
743 1662 1
745 852 1
745 1348 1
746 1711 1
747 1482 1
750 815 1
750 1176 1
750 1721 1
751 990 1
751 1014 1
752 1140 1
753 1213 1
753 1602 1
754 837 1
756 792 1
756 1037 1
756 1217 1
756 1270 1
756 1724 1
757 939 1
758 1020 1
758 1160 1
758 1456 1
758 1550 1
759 1690 1
760 919 1
760 921 1
760 931 1
760 1211 1
761 792 1
761 874 1
762 910 1
765 805 1
765 1494 1
765 1688 1
766 1394 1
767 806 1
767 1121 1
768 1337 1
768 1549 1
769 1057 1
769 1797 1
770 781 1
770 860 1
770 952 1
770 1123 1
770 1627 1
771 1068 1
771 1202 1
771 1398 1
771 1502 1
771 1601 1
771 1641 1
771 1761 1
772 819 1
773 822 1
773 1191 1
774 1045 1
774 1087 1
774 1740 1
775 909 1
775 1045 1
777 786 1
777 791 1
777 856 1
777 1567 1
778 926 1
778 1552 1
779 899 1
780 1534 1
781 851 1
781 1227 1
781 1524 1
782 952 1
782 975 1
782 1114 1
782 1208 1
783 1256 1
784 1147 1
784 1618 1
785 1173 1
785 1670 1
785 1721 1
786 814 1
786 1014 1
787 1766 1
789 1426 1
790 983 1
790 1031 1
790 1179 1
790 1223 1
790 1437 1
792 1433 1
793 821 1
793 990 1
793 1087 1
793 1197 1
793 1342 1
793 1366 1
793 1401 1
793 1489 1
793 1515 1
793 1557 1
794 825 1
795 1289 1
795 1410 1
796 1069 1
796 1457 1
796 1786 1
799 1407 1
800 1370 1
800 1533 1
800 1712 1
802 946 1
802 1078 1
802 1167 1
803 1630 1
804 933 1
804 1064 1
804 1653 1
805 1122 1
805 1745 1
806 1026 1
806 1230 1
807 1099 1
807 1490 1
808 1090 1
808 1207 1
808 1249 1
808 1487 1
810 1391 1
811 861 1
811 1040 1
811 1393 1
812 1465 1
813 1150 1
813 1255 1
813 1402 1
813 1592 1
813 1738 1
814 1445 1
815 930 1
815 1377 1
815 1493 1
815 1643 1
815 1681 1
816 1049 1
816 1120 1
816 1621 1
817 900 1
817 1023 1
817 1041 1
817 1321 1
817 1659 1
820 1179 1
820 1413 1
821 898 1
823 1441 1
824 876 1
824 1174 1
824 1294 1
825 956 1
826 1290 1
829 1284 1
829 1394 1
829 1453 1
829 1588 1
829 1717 1
830 1411 1
831 857 1
831 983 1
831 1040 1
833 1218 1
834 1494 1
835 1400 1
835 1488 1
835 1593 1
835 1624 1
835 1668 1
835 1715 1
836 996 1
836 1004 1
836 1546 1
837 1377 1
837 1445 1
840 967 1
840 1509 1
841 1087 1
841 1757 1
843 1626 1
844 1648 1
845 1744 1
846 858 1
846 1725 1
849 853 1
849 1000 1
849 1176 1
849 1341 1
849 1554 1
849 1664 1
849 1722 1
849 1758 1
851 918 1
851 1030 1
851 1478 1
851 1608 1
853 1363 1
853 1767 1
854 985 1
854 1033 1
854 1482 1
855 1142 1
855 1256 1
855 1273 1
855 1350 1
857 1382 1
858 1774 1
859 1138 1
859 1242 1
859 1269 1
859 1747 1
860 1215 1
861 1013 1
861 1025 1
861 1083 1
861 1116 1
861 1129 1
861 1164 1
861 1604 1
861 1682 1
862 907 1
863 961 1
863 1130 1
863 1416 1
863 1558 1
863 1620 1
863 1786 1
864 1007 1
864 1797 1
865 909 1
865 1470 1
867 1195 1
868 1067 1
868 1390 1
869 1054 1
869 1710 1
869 1795 1
870 1016 1
871 1675 1
872 1635 1
873 1037 1
873 1038 1
873 1607 1
873 1624 1
873 1626 1
873 1713 1
874 882 1
874 1292 1
875 1397 1
877 1261 1
877 1782 1
878 1102 1
878 1146 1
878 1499 1
879 894 1
879 1692 1
880 1078 1
880 1417 1
881 1156 1
881 1563 1
881 1751 1
883 891 1
883 1145 1
883 1787 1
884 985 1
884 1799 1
886 1031 1
890 1117 1
890 1135 1
890 1138 1
890 1196 1
891 1214 1
892 996 1
892 1264 1
892 1290 1
892 1313 1
892 1784 1
893 1168 1
893 1438 1
894 1220 1
894 1784 1
895 1305 1
898 1156 1
899 1343 1
902 1185 1
902 1661 1
903 1697 1
904 1200 1
904 1357 1
907 959 1
907 1053 1
907 1273 1
908 1678 1
909 1071 1
910 945 1
910 992 1
910 1339 1
910 1348 1
910 1412 1
910 1584 1
911 1111 1
912 1687 1
914 1243 1
914 1665 1
916 942 1
916 1095 1
916 1164 1
916 1572 1
917 1547 1
917 1669 1
918 1200 1
918 1287 1
918 1331 1
919 1078 1
920 1037 1
922 1783 1
924 1515 1
925 933 1
925 953 1
925 1378 1
925 1700 1
926 1200 1
926 1522 1
926 1632 1
927 1571 1
928 987 1
928 1021 1
928 1303 1
928 1433 1
929 934 1
929 1459 1
929 1563 1
930 1214 1
930 1769 1
931 1060 1
931 1299 1
932 1352 1
933 1367 1
933 1374 1
934 1551 1
935 972 1
935 1014 1
935 1600 1
936 947 1
937 1114 1
937 1625 1
938 1508 1
938 1524 1
940 968 1
941 1059 1
941 1640 1
943 1215 1
944 1379 1
944 1743 1
944 1791 1
945 1213 1
945 1561 1
946 1332 1
946 1394 1
949 1502 1
949 1710 1
951 1215 1
951 1275 1
951 1412 1
951 1462 1
951 1529 1
951 1552 1
951 1623 1
952 1166 1
952 1417 1
952 1422 1
952 1694 1
954 983 1
954 1076 1
954 1079 1
954 1324 1
954 1405 1
954 1650 1
954 1680 1
954 1693 1
955 1153 1
956 1471 1
956 1726 1
957 1175 1
958 1399 1
959 1155 1
960 1057 1
960 1606 1
960 1677 1
961 1133 1
962 1124 1
962 1183 1
962 1386 1
962 1569 1
964 1705 1
965 1635 1
966 1110 1
967 1425 1
967 1455 1
967 1568 1
968 1245 1
968 1352 1
968 1756 1
969 1594 1
969 1686 1
971 980 1
972 1328 1
975 1652 1
976 1268 1
978 1140 1
978 1285 1
978 1770 1
979 1620 1
980 1397 1
980 1479 1
982 1018 1
982 1407 1
982 1599 1
982 1656 1
983 1098 1
983 1284 1
983 1528 1
983 1786 1
985 1090 1
985 1158 1
986 1285 1
986 1546 1
988 1165 1
988 1214 1
989 1160 1
989 1309 1
989 1440 1
989 1683 1
990 1287 1
990 1725 1
991 1471 1
992 1530 1
992 1553 1
993 1489 1
997 1389 1
999 1757 1
1000 1384 1
1001 1231 1
1001 1237 1
1001 1249 1
1001 1534 1
1002 1081 1
1002 1410 1
1004 1056 1
1004 1358 1
1004 1423 1
1005 1217 1
1005 1463 1
1006 1320 1
1009 1508 1
1009 1578 1
1010 1183 1
1010 1209 1
1010 1276 1
1010 1603 1
1011 1137 1
1015 1104 1
1015 1374 1
1015 1539 1
1015 1616 1
1016 1049 1
1016 1391 1
1016 1505 1
1016 1780 1
1018 1104 1
1019 1598 1
1019 1732 1
1020 1101 1
1022 1278 1
1023 1326 1
1023 1413 1
1023 1589 1
1024 1405 1
1025 1423 1
1026 1561 1
1027 1131 1
1027 1193 1
1027 1490 1
1029 1253 1
1029 1701 1
1031 1571 1
1031 1729 1
1032 1263 1
1032 1362 1
1034 1166 1
1034 1250 1
1034 1369 1
1034 1533 1
1036 1162 1
1036 1800 1
1037 1338 1
1038 1223 1
1041 1282 1
1042 1364 1
1042 1506 1
1042 1709 1
1042 1743 1
1045 1357 1
1045 1643 1
1046 1114 1
1046 1364 1
1046 1610 1
1046 1611 1
1047 1283 1
1047 1719 1
1048 1488 1
1049 1111 1
1049 1362 1
1049 1385 1
1051 1500 1
1052 1420 1
1054 1182 1
1055 1249 1
1057 1281 1
1058 1560 1
1059 1145 1
1061 1577 1
1062 1542 1
1064 1161 1
1064 1760 1
1067 1080 1
1067 1211 1
1067 1496 1
1067 1663 1
1067 1796 1
1070 1528 1
1071 1111 1
1071 1178 1
1072 1088 1
1072 1109 1
1072 1389 1
1073 1385 1
1073 1521 1
1074 1199 1
1074 1235 1
1076 1384 1
1077 1262 1
1078 1757 1
1079 1525 1
1081 1283 1
1082 1156 1
1083 1368 1
1083 1598 1
1083 1752 1
1084 1196 1
1084 1396 1
1084 1715 1
1084 1734 1
1085 1318 1
1085 1490 1
1086 1523 1
1087 1631 1
1088 1385 1
1088 1482 1
1090 1167 1
1091 1629 1
1091 1789 1
1093 1619 1
1094 1326 1
1097 1428 1
1099 1617 1
1101 1198 1
1104 1538 1
1105 1311 1
1105 1561 1
1107 1707 1
1107 1708 1
1110 1119 1
1110 1197 1
1110 1667 1
1111 1113 1
1111 1751 1
1113 1564 1
1116 1151 1
1117 1309 1
1117 1409 1
1117 1726 1
1118 1126 1
1118 1572 1
1119 1504 1
1120 1639 1
1122 1491 1
1122 1699 1
1123 1399 1
1123 1703 1
1124 1172 1
1124 1748 1
1126 1442 1
1127 1781 1
1128 1640 1
1129 1314 1
1129 1356 1
1129 1787 1
1132 1506 1
1133 1439 1
1134 1536 1
1135 1293 1
1135 1605 1
1139 1184 1
1141 1470 1
1142 1517 1
1145 1224 1
1147 1159 1
1148 1744 1
1149 1603 1
1153 1766 1
1154 1602 1
1155 1442 1
1156 1785 1
1157 1208 1
1158 1535 1
1159 1189 1
1159 1216 1
1159 1568 1
1159 1649 1
1160 1238 1
1160 1245 1
1160 1248 1
1160 1586 1
1161 1205 1
1161 1715 1
1162 1359 1
1165 1671 1
1168 1210 1
1168 1793 1
1170 1443 1
1170 1468 1
1172 1473 1
1172 1645 1
1173 1192 1
1173 1201 1
1173 1331 1
1174 1603 1
1175 1321 1
1176 1503 1
1179 1596 1
1181 1629 1
1182 1346 1
1182 1358 1
1182 1426 1
1183 1464 1
1184 1379 1
1184 1708 1
1185 1661 1
1186 1657 1
1187 1550 1
1187 1575 1
1189 1673 1
1190 1292 1
1190 1352 1
1190 1791 1
1191 1358 1
1191 1526 1
1193 1498 1
1194 1508 1
1196 1518 1
1197 1212 1
1197 1269 1
1198 1206 1
1199 1262 1
1200 1241 1
1200 1304 1
1200 1537 1
1203 1532 1
1204 1301 1
1204 1666 1
1205 1434 1
1205 1586 1
1208 1371 1
1208 1469 1
1209 1513 1
1210 1413 1
1210 1665 1
1212 1247 1
1212 1695 1
1215 1391 1
1216 1392 1
1216 1450 1
1220 1235 1
1220 1236 1
1220 1472 1
1221 1713 1
1222 1298 1
1223 1245 1
1225 1533 1
1225 1637 1
1226 1363 1
1227 1339 1
1228 1728 1
1234 1725 1
1234 1748 1
1236 1401 1
1238 1474 1
1238 1696 1
1239 1339 1
1240 1330 1
1240 1600 1
1240 1662 1
1241 1277 1
1243 1511 1
1244 1742 1
1247 1413 1
1247 1768 1
1248 1443 1
1248 1674 1
1249 1509 1
1249 1728 1
1250 1785 1
1253 1346 1
1253 1612 1
1254 1476 1
1256 1316 1
1256 1590 1
1257 1775 1
1258 1455 1
1258 1561 1
1258 1646 1
1259 1648 1
1260 1565 1
1261 1559 1
1263 1544 1
1263 1736 1
1265 1307 1
1265 1388 1
1267 1340 1
1267 1559 1
1267 1560 1
1267 1610 1
1267 1663 1
1271 1325 1
1273 1625 1
1274 1403 1
1274 1545 1
1274 1647 1
1274 1712 1
1275 1651 1
1278 1434 1
1281 1539 1
1281 1646 1
1282 1411 1
1282 1498 1
1285 1681 1
1286 1447 1
1287 1564 1
1288 1562 1
1291 1313 1
1292 1315 1
1296 1500 1
1298 1304 1
1298 1646 1
1303 1326 1
1303 1537 1
1305 1327 1
1307 1375 1
1308 1597 1
1308 1636 1
1311 1454 1
1311 1509 1
1311 1579 1
1312 1476 1
1312 1657 1
1312 1799 1
1313 1445 1
1313 1675 1
1316 1354 1
1318 1480 1
1320 1540 1
1325 1332 1
1331 1551 1
1333 1736 1
1336 1535 1
1336 1703 1
1336 1745 1
1339 1462 1
1341 1421 1
1341 1471 1
1343 1473 1
1347 1693 1
1348 1349 1
1348 1788 1
1352 1775 1
1353 1392 1
1353 1698 1
1355 1573 1
1355 1783 1
1357 1405 1
1357 1418 1
1357 1512 1
1363 1397 1
1367 1607 1
1368 1615 1
1369 1638 1
1369 1780 1
1374 1545 1
1374 1660 1
1376 1572 1
1381 1733 1
1383 1432 1
1383 1484 1
1383 1668 1
1384 1389 1
1385 1773 1
1386 1697 1
1388 1402 1
1392 1569 1
1393 1789 1
1393 1798 1
1394 1606 1
1394 1733 1
1395 1684 1
1399 1503 1
1405 1725 1
1406 1617 1
1407 1595 1
1409 1793 1
1410 1442 1
1417 1456 1
1419 1435 1
1427 1622 1
1437 1709 1
1438 1457 1
1438 1588 1
1440 1640 1
1440 1699 1
1442 1541 1
1446 1675 1
1450 1504 1
1450 1667 1
1451 1796 1
1454 1593 1
1454 1633 1
1455 1706 1
1456 1524 1
1458 1540 1
1458 1711 1
1460 1500 1
1461 1667 1
1461 1762 1
1464 1495 1
1465 1533 1
1466 1477 1
1468 1516 1
1472 1652 1
1473 1519 1
1476 1553 1
1476 1753 1
1476 1779 1
1479 1670 1
1488 1624 1
1491 1769 1
1494 1655 1
1495 1606 1
1499 1582 1
1502 1599 1
1505 1512 1
1506 1730 1
1509 1718 1
1510 1617 1
1510 1637 1
1514 1546 1
1515 1522 1
1521 1649 1
1527 1623 1
1527 1716 1
1527 1750 1
1529 1681 1
1532 1598 1
1532 1673 1
1533 1644 1
1543 1579 1
1548 1553 1
1549 1616 1
1553 1737 1
1555 1712 1
1558 1566 1
1560 1628 1
1560 1768 1
1563 1574 1
1567 1717 1
1574 1743 1
1576 1769 1
1577 1721 1
1597 1756 1
1604 1691 1
1605 1621 1
1605 1648 1
1610 1673 1
1610 1792 1
1618 1654 1
1619 1688 1
1622 1696 1
1628 1632 1
1628 1742 1
1629 1665 1
1648 1772 1
1650 1781 1
1652 1653 1
1661 1739 1
1663 1719 1
1665 1774 1
1667 1794 1
1687 1740 1
1689 1749 1
1705 1729 1
1711 1799 1
1718 1798 1
1722 1770 1
1726 1787 1
1729 1738 1
1754 1771 1
1779 1800 1
