1300 5184 
1 2 1
1 3 1
1 4 1
1 5 1
1 6 1
1 7 1
1 8 1
1 9 1
1 10 1
1 11 1
1 14 1
1 15 1
1 16 1
1 18 1
1 23 1
1 27 1
1 32 1
1 38 1
1 41 1
1 51 1
1 54 1
1 55 1
1 58 1
1 60 1
1 61 1
1 69 1
1 74 1
1 75 1
1 81 1
1 85 1
1 88 1
1 102 1
1 105 1
1 127 1
1 128 1
1 129 1
1 139 1
1 151 1
1 158 1
1 169 1
1 176 1
1 187 1
1 225 1
1 257 1
1 260 1
1 274 1
1 278 1
1 279 1
1 285 1
1 294 1
1 317 1
1 322 1
1 330 1
1 359 1
1 384 1
1 416 1
1 432 1
1 440 1
1 454 1
1 471 1
1 479 1
1 480 1
1 485 1
1 498 1
1 529 1
1 534 1
1 562 1
1 569 1
1 572 1
1 608 1
1 631 1
1 636 1
1 667 1
1 668 1
1 681 1
1 693 1
1 711 1
1 725 1
1 734 1
1 749 1
1 780 1
1 801 1
1 803 1
1 808 1
1 824 1
1 842 1
1 876 1
1 913 1
1 932 1
1 933 1
1 935 1
1 988 1
1 1033 1
1 1048 1
1 1114 1
1 1121 1
1 1130 1
1 1160 1
1 1196 1
1 1198 1
1 1255 1
1 1273 1
2 6 1
2 7 1
2 20 1
2 37 1
2 42 1
2 51 1
2 55 1
2 102 1
2 118 1
2 141 1
2 165 1
2 190 1
2 198 1
2 285 1
2 321 1
2 366 1
2 386 1
2 388 1
2 399 1
2 448 1
2 460 1
2 496 1
2 501 1
2 545 1
2 625 1
2 763 1
2 835 1
2 884 1
2 916 1
2 972 1
2 992 1
2 1094 1
2 1097 1
2 1226 1
2 1245 1
2 1249 1
3 10 1
3 11 1
3 13 1
3 15 1
3 16 1
3 17 1
3 19 1
3 22 1
3 23 1
3 25 1
3 27 1
3 29 1
3 33 1
3 37 1
3 38 1
3 42 1
3 44 1
3 47 1
3 50 1
3 53 1
3 54 1
3 63 1
3 71 1
3 82 1
3 86 1
3 87 1
3 91 1
3 92 1
3 93 1
3 95 1
3 97 1
3 105 1
3 120 1
3 132 1
3 146 1
3 153 1
3 173 1
3 203 1
3 211 1
3 237 1
3 251 1
3 305 1
3 333 1
3 334 1
3 339 1
3 353 1
3 375 1
3 388 1
3 410 1
3 423 1
3 441 1
3 487 1
3 491 1
3 500 1
3 510 1
3 512 1
3 513 1
3 530 1
3 532 1
3 541 1
3 547 1
3 575 1
3 604 1
3 612 1
3 625 1
3 655 1
3 687 1
3 737 1
3 745 1
3 792 1
3 797 1
3 828 1
3 843 1
3 874 1
3 892 1
3 901 1
3 1037 1
3 1052 1
3 1125 1
3 1147 1
3 1150 1
3 1156 1
3 1160 1
3 1199 1
3 1227 1
3 1264 1
3 1282 1
4 6 1
4 7 1
4 8 1
4 18 1
4 19 1
4 32 1
4 62 1
4 89 1
4 94 1
4 112 1
4 135 1
4 158 1
4 178 1
4 228 1
4 253 1
4 264 1
4 329 1
4 348 1
4 392 1
4 395 1
4 413 1
4 439 1
4 508 1
4 572 1
4 577 1
4 717 1
4 756 1
4 758 1
4 899 1
4 979 1
4 991 1
4 1067 1
4 1085 1
4 1222 1
4 1227 1
4 1259 1
5 6 1
5 12 1
5 20 1
5 41 1
5 69 1
5 73 1
5 77 1
5 128 1
5 183 1
5 203 1
5 207 1
5 294 1
5 496 1
5 506 1
5 552 1
5 608 1
5 737 1
5 802 1
5 856 1
5 911 1
5 940 1
5 1073 1
5 1120 1
5 1210 1
5 1237 1
6 7 1
6 8 1
6 9 1
6 10 1
6 11 1
6 12 1
6 13 1
6 14 1
6 15 1
6 16 1
6 17 1
6 18 1
6 25 1
6 28 1
6 34 1
6 35 1
6 39 1
6 40 1
6 41 1
6 45 1
6 46 1
6 47 1
6 49 1
6 52 1
6 54 1
6 57 1
6 74 1
6 76 1
6 77 1
6 88 1
6 99 1
6 104 1
6 106 1
6 113 1
6 114 1
6 126 1
6 130 1
6 137 1
6 144 1
6 153 1
6 154 1
6 165 1
6 166 1
6 172 1
6 176 1
6 189 1
6 191 1
6 193 1
6 209 1
6 213 1
6 240 1
6 245 1
6 249 1
6 275 1
6 293 1
6 301 1
6 311 1
6 322 1
6 323 1
6 330 1
6 338 1
6 344 1
6 347 1
6 352 1
6 362 1
6 376 1
6 387 1
6 390 1
6 398 1
6 402 1
6 409 1
6 416 1
6 427 1
6 429 1
6 430 1
6 467 1
6 475 1
6 495 1
6 509 1
6 512 1
6 514 1
6 521 1
6 524 1
6 525 1
6 530 1
6 545 1
6 564 1
6 604 1
6 607 1
6 613 1
6 620 1
6 625 1
6 630 1
6 653 1
6 664 1
6 680 1
6 683 1
6 685 1
6 708 1
6 733 1
6 742 1
6 749 1
6 776 1
6 780 1
6 796 1
6 812 1
6 830 1
6 836 1
6 840 1
6 863 1
6 871 1
6 890 1
6 903 1
6 907 1
6 930 1
6 941 1
6 949 1
6 981 1
6 1007 1
6 1020 1
6 1037 1
6 1078 1
6 1081 1
6 1100 1
6 1107 1
6 1123 1
6 1127 1
6 1154 1
6 1177 1
6 1182 1
6 1183 1
6 1200 1
6 1224 1
6 1241 1
7 8 1
7 9 1
7 10 1
7 11 1
7 12 1
7 13 1
7 19 1
7 21 1
7 23 1
7 24 1
7 26 1
7 27 1
7 31 1
7 39 1
7 40 1
7 44 1
7 48 1
7 55 1
7 56 1
7 59 1
7 60 1
7 61 1
7 66 1
7 70 1
7 74 1
7 82 1
7 83 1
7 90 1
7 92 1
7 93 1
7 94 1
7 105 1
7 109 1
7 112 1
7 116 1
7 126 1
7 131 1
7 149 1
7 153 1
7 158 1
7 159 1
7 179 1
7 181 1
7 183 1
7 190 1
7 199 1
7 202 1
7 215 1
7 242 1
7 248 1
7 266 1
7 281 1
7 302 1
7 303 1
7 311 1
7 356 1
7 357 1
7 374 1
7 376 1
7 381 1
7 385 1
7 391 1
7 425 1
7 433 1
7 453 1
7 463 1
7 473 1
7 474 1
7 476 1
7 478 1
7 482 1
7 487 1
7 489 1
7 522 1
7 559 1
7 571 1
7 607 1
7 609 1
7 611 1
7 631 1
7 635 1
7 637 1
7 690 1
7 758 1
7 813 1
7 848 1
7 878 1
7 899 1
7 900 1
7 901 1
7 919 1
7 969 1
7 986 1
7 1014 1
7 1026 1
7 1049 1
7 1061 1
7 1062 1
7 1063 1
7 1083 1
7 1119 1
7 1142 1
7 1156 1
7 1173 1
7 1176 1
7 1181 1
7 1186 1
7 1265 1
7 1279 1
7 1300 1
8 9 1
8 12 1
8 23 1
8 26 1
8 56 1
8 63 1
8 64 1
8 69 1
8 82 1
8 116 1
8 121 1
8 227 1
8 272 1
8 433 1
8 521 1
8 558 1
8 581 1
8 625 1
8 695 1
8 946 1
8 1191 1
8 1204 1
8 1226 1
8 1268 1
9 15 1
9 24 1
9 33 1
9 57 1
9 111 1
9 161 1
9 174 1
9 231 1
9 341 1
9 351 1
9 380 1
9 382 1
9 408 1
9 460 1
9 474 1
9 479 1
9 506 1
9 555 1
9 564 1
9 569 1
9 602 1
9 720 1
9 732 1
9 755 1
9 806 1
9 829 1
9 957 1
9 1193 1
9 1272 1
9 1295 1
10 14 1
10 19 1
10 26 1
10 43 1
10 83 1
10 87 1
10 102 1
10 113 1
10 115 1
10 136 1
10 141 1
10 145 1
10 146 1
10 156 1
10 170 1
10 184 1
10 195 1
10 221 1
10 247 1
10 253 1
10 293 1
10 401 1
10 416 1
10 485 1
10 522 1
10 540 1
10 710 1
10 736 1
10 769 1
10 941 1
10 1027 1
10 1108 1
10 1142 1
10 1190 1
11 13 1
11 14 1
11 18 1
11 31 1
11 39 1
11 45 1
11 48 1
11 52 1
11 57 1
11 59 1
11 65 1
11 73 1
11 81 1
11 119 1
11 121 1
11 140 1
11 144 1
11 177 1
11 188 1
11 241 1
11 247 1
11 326 1
11 359 1
11 406 1
11 412 1
11 420 1
11 438 1
11 453 1
11 478 1
11 528 1
11 603 1
11 642 1
11 751 1
11 769 1
11 810 1
11 861 1
11 866 1
11 898 1
11 927 1
11 928 1
11 931 1
11 945 1
11 959 1
11 961 1
11 1060 1
11 1073 1
11 1091 1
11 1144 1
11 1146 1
11 1169 1
11 1197 1
11 1226 1
11 1228 1
11 1229 1
11 1269 1
11 1289 1
12 24 1
12 25 1
12 28 1
12 30 1
12 32 1
12 34 1
12 53 1
12 75 1
12 79 1
12 101 1
12 115 1
12 123 1
12 157 1
12 166 1
12 169 1
12 200 1
12 214 1
12 223 1
12 263 1
12 266 1
12 282 1
12 287 1
12 317 1
12 471 1
12 486 1
12 489 1
12 499 1
12 501 1
12 560 1
12 596 1
12 632 1
12 914 1
12 915 1
12 1267 1
13 21 1
13 25 1
13 30 1
13 31 1
13 34 1
13 64 1
13 107 1
13 132 1
13 140 1
13 147 1
13 170 1
13 177 1
13 215 1
13 248 1
13 254 1
13 274 1
13 299 1
13 331 1
13 345 1
13 543 1
13 569 1
13 592 1
13 594 1
13 641 1
13 668 1
13 738 1
13 935 1
13 940 1
13 952 1
13 1050 1
13 1053 1
13 1115 1
13 1140 1
14 17 1
14 22 1
14 29 1
14 43 1
14 49 1
14 52 1
14 66 1
14 88 1
14 95 1
14 179 1
14 189 1
14 233 1
14 245 1
14 251 1
14 298 1
14 315 1
14 333 1
14 362 1
14 364 1
14 378 1
14 405 1
14 434 1
14 458 1
14 528 1
14 547 1
14 595 1
14 817 1
14 873 1
14 892 1
14 902 1
14 919 1
14 943 1
14 974 1
14 979 1
14 980 1
14 993 1
14 1003 1
14 1051 1
14 1089 1
14 1215 1
15 16 1
15 20 1
15 21 1
15 22 1
15 24 1
15 28 1
15 50 1
15 61 1
15 78 1
15 89 1
15 90 1
15 96 1
15 104 1
15 112 1
15 124 1
15 128 1
15 147 1
15 156 1
15 161 1
15 164 1
15 192 1
15 200 1
15 208 1
15 219 1
15 221 1
15 222 1
15 233 1
15 252 1
15 270 1
15 290 1
15 347 1
15 370 1
15 390 1
15 440 1
15 461 1
15 466 1
15 490 1
15 516 1
15 535 1
15 536 1
15 542 1
15 549 1
15 550 1
15 575 1
15 578 1
15 592 1
15 610 1
15 655 1
15 689 1
15 713 1
15 714 1
15 726 1
15 732 1
15 744 1
15 768 1
15 784 1
15 875 1
15 893 1
15 918 1
15 995 1
15 1003 1
15 1028 1
15 1102 1
15 1110 1
15 1111 1
15 1138 1
15 1141 1
15 1170 1
15 1202 1
15 1222 1
15 1236 1
15 1248 1
15 1294 1
16 17 1
16 33 1
16 64 1
16 66 1
16 116 1
16 196 1
16 253 1
16 276 1
16 286 1
16 329 1
16 449 1
16 455 1
16 620 1
16 628 1
16 708 1
16 756 1
16 916 1
16 926 1
16 1051 1
16 1065 1
16 1210 1
16 1289 1
17 36 1
17 49 1
17 107 1
17 128 1
17 159 1
17 192 1
17 203 1
17 235 1
17 270 1
17 271 1
17 324 1
17 337 1
17 351 1
17 370 1
17 371 1
17 376 1
17 435 1
17 457 1
17 565 1
17 656 1
17 695 1
17 740 1
17 771 1
17 982 1
17 1268 1
18 32 1
18 34 1
18 36 1
18 43 1
18 44 1
18 53 1
18 60 1
18 76 1
18 78 1
18 92 1
18 100 1
18 125 1
18 129 1
18 132 1
18 147 1
18 197 1
18 204 1
18 207 1
18 208 1
18 218 1
18 234 1
18 246 1
18 249 1
18 263 1
18 266 1
18 279 1
18 288 1
18 299 1
18 325 1
18 345 1
18 350 1
18 371 1
18 377 1
18 394 1
18 427 1
18 449 1
18 465 1
18 466 1
18 472 1
18 484 1
18 489 1
18 494 1
18 544 1
18 567 1
18 585 1
18 591 1
18 626 1
18 641 1
18 653 1
18 680 1
18 690 1
18 715 1
18 729 1
18 784 1
18 799 1
18 818 1
18 843 1
18 848 1
18 915 1
18 920 1
18 938 1
18 944 1
18 963 1
18 1018 1
18 1029 1
18 1069 1
18 1106 1
18 1135 1
18 1167 1
18 1205 1
18 1217 1
18 1221 1
18 1250 1
18 1293 1
19 20 1
19 21 1
19 30 1
19 35 1
19 39 1
19 40 1
19 41 1
19 42 1
19 44 1
19 45 1
19 46 1
19 56 1
19 97 1
19 111 1
19 124 1
19 135 1
19 137 1
19 151 1
19 165 1
19 174 1
19 195 1
19 210 1
19 224 1
19 236 1
19 261 1
19 288 1
19 307 1
19 321 1
19 357 1
19 369 1
19 373 1
19 378 1
19 383 1
19 407 1
19 497 1
19 502 1
19 523 1
19 605 1
19 651 1
19 657 1
19 798 1
19 867 1
19 939 1
19 940 1
19 973 1
19 1100 1
19 1113 1
19 1133 1
19 1190 1
19 1191 1
19 1219 1
19 1254 1
19 1258 1
19 1285 1
19 1296 1
19 1300 1
20 55 1
20 110 1
20 115 1
20 142 1
20 148 1
20 167 1
20 216 1
20 240 1
20 278 1
20 328 1
20 372 1
20 515 1
20 593 1
20 723 1
20 740 1
20 765 1
20 792 1
20 1156 1
20 1202 1
20 1211 1
21 22 1
21 30 1
21 37 1
21 58 1
21 59 1
21 62 1
21 77 1
21 80 1
21 86 1
21 89 1
21 118 1
21 156 1
21 194 1
21 205 1
21 271 1
21 277 1
21 309 1
21 357 1
21 428 1
21 574 1
21 599 1
21 627 1
21 725 1
21 765 1
21 973 1
21 991 1
21 1017 1
21 1108 1
21 1120 1
21 1196 1
22 27 1
22 28 1
22 36 1
22 58 1
22 117 1
22 126 1
22 148 1
22 176 1
22 183 1
22 259 1
22 350 1
22 351 1
22 389 1
22 440 1
22 504 1
22 512 1
22 529 1
22 538 1
22 636 1
22 641 1
22 850 1
22 1076 1
22 1189 1
22 1274 1
23 26 1
23 72 1
23 91 1
23 111 1
23 125 1
23 205 1
23 363 1
23 421 1
23 469 1
23 613 1
23 793 1
23 807 1
23 825 1
23 924 1
23 1035 1
23 1124 1
23 1228 1
24 29 1
24 33 1
24 35 1
24 40 1
24 48 1
24 52 1
24 62 1
24 65 1
24 67 1
24 75 1
24 76 1
24 157 1
24 178 1
24 185 1
24 226 1
24 228 1
24 236 1
24 260 1
24 289 1
24 304 1
24 309 1
24 320 1
24 377 1
24 400 1
24 460 1
24 543 1
24 561 1
24 637 1
24 667 1
24 728 1
24 760 1
24 903 1
24 904 1
24 955 1
24 962 1
24 1057 1
24 1105 1
24 1152 1
24 1185 1
24 1201 1
24 1251 1
24 1270 1
25 31 1
25 48 1
25 50 1
25 53 1
25 54 1
25 67 1
25 74 1
25 95 1
25 103 1
25 114 1
25 119 1
25 120 1
25 137 1
25 150 1
25 155 1
25 163 1
25 175 1
25 181 1
25 185 1
25 201 1
25 252 1
25 268 1
25 273 1
25 301 1
25 326 1
25 340 1
25 364 1
25 383 1
25 386 1
25 403 1
25 461 1
25 473 1
25 481 1
25 483 1
25 528 1
25 553 1
25 571 1
25 580 1
25 623 1
25 628 1
25 652 1
25 665 1
25 713 1
25 716 1
25 753 1
25 766 1
25 779 1
25 803 1
25 843 1
25 847 1
25 860 1
25 886 1
25 906 1
25 923 1
25 933 1
25 939 1
25 950 1
25 998 1
25 1022 1
25 1042 1
25 1054 1
25 1055 1
25 1072 1
25 1086 1
25 1116 1
25 1125 1
25 1131 1
25 1189 1
25 1208 1
25 1214 1
25 1288 1
25 1294 1
26 45 1
26 75 1
26 81 1
26 104 1
26 108 1
26 109 1
26 117 1
26 228 1
26 258 1
26 268 1
26 287 1
26 297 1
26 316 1
26 328 1
26 429 1
26 443 1
26 502 1
26 586 1
26 604 1
26 669 1
26 675 1
26 718 1
26 819 1
26 886 1
26 889 1
26 912 1
26 1016 1
26 1045 1
26 1052 1
26 1116 1
26 1132 1
26 1162 1
26 1183 1
26 1284 1
27 49 1
27 51 1
27 68 1
27 79 1
27 85 1
27 86 1
27 87 1
27 91 1
27 112 1
27 119 1
27 123 1
27 134 1
27 146 1
27 150 1
27 152 1
27 174 1
27 187 1
27 206 1
27 211 1
27 230 1
27 238 1
27 239 1
27 302 1
27 304 1
27 334 1
27 339 1
27 341 1
27 345 1
27 373 1
27 375 1
27 381 1
27 397 1
27 412 1
27 414 1
27 418 1
27 420 1
27 430 1
27 447 1
27 490 1
27 494 1
27 549 1
27 573 1
27 581 1
27 606 1
27 611 1
27 621 1
27 682 1
27 684 1
27 717 1
27 722 1
27 753 1
27 808 1
27 830 1
27 834 1
27 836 1
27 838 1
27 855 1
27 859 1
27 884 1
27 921 1
27 927 1
27 930 1
27 1005 1
27 1018 1
27 1023 1
27 1039 1
27 1054 1
27 1086 1
27 1110 1
27 1131 1
27 1149 1
27 1151 1
27 1250 1
27 1290 1
28 29 1
28 35 1
28 43 1
28 58 1
28 67 1
28 68 1
28 69 1
28 84 1
28 94 1
28 153 1
28 161 1
28 177 1
28 188 1
28 214 1
28 216 1
28 223 1
28 243 1
28 278 1
28 369 1
28 401 1
28 428 1
28 436 1
28 438 1
28 441 1
28 519 1
28 520 1
28 566 1
28 580 1
28 587 1
28 681 1
28 775 1
28 811 1
28 854 1
28 904 1
28 907 1
28 916 1
28 1018 1
28 1064 1
28 1109 1
28 1150 1
28 1209 1
28 1297 1
29 38 1
29 47 1
29 120 1
29 280 1
29 349 1
29 395 1
29 431 1
29 450 1
29 908 1
30 36 1
30 46 1
30 63 1
30 84 1
30 99 1
30 178 1
30 189 1
30 211 1
30 218 1
30 256 1
30 382 1
30 619 1
30 624 1
30 881 1
30 1290 1
30 1293 1
31 182 1
31 220 1
31 246 1
31 262 1
31 327 1
31 472 1
31 645 1
31 688 1
31 708 1
31 848 1
32 61 1
32 68 1
32 84 1
32 106 1
32 113 1
32 168 1
32 259 1
32 264 1
32 315 1
32 320 1
32 607 1
32 662 1
32 699 1
32 716 1
32 776 1
32 779 1
32 787 1
32 899 1
32 1038 1
32 1166 1
32 1269 1
33 73 1
33 78 1
33 85 1
33 139 1
33 239 1
33 308 1
33 312 1
33 318 1
33 343 1
33 346 1
33 399 1
33 801 1
33 829 1
33 968 1
33 1022 1
33 1043 1
34 56 1
34 62 1
34 76 1
34 86 1
34 87 1
34 91 1
34 107 1
34 138 1
34 160 1
34 163 1
34 167 1
34 212 1
34 254 1
34 279 1
34 290 1
34 306 1
34 327 1
34 366 1
34 368 1
34 445 1
34 465 1
34 470 1
34 539 1
34 633 1
34 648 1
34 679 1
34 712 1
34 781 1
34 786 1
34 816 1
34 863 1
34 874 1
34 925 1
34 953 1
34 967 1
34 1066 1
34 1201 1
34 1228 1
35 81 1
35 103 1
35 150 1
35 191 1
35 196 1
35 309 1
35 467 1
35 468 1
35 582 1
35 598 1
35 605 1
35 1248 1
36 37 1
36 38 1
36 89 1
36 114 1
36 181 1
36 259 1
36 284 1
36 335 1
36 355 1
36 447 1
36 449 1
36 556 1
36 705 1
36 748 1
36 998 1
36 1085 1
37 134 1
37 195 1
37 347 1
37 352 1
37 722 1
37 799 1
37 1190 1
38 387 1
38 601 1
38 671 1
38 1271 1
39 93 1
39 103 1
39 132 1
39 217 1
39 262 1
39 303 1
39 320 1
39 356 1
39 398 1
39 417 1
39 480 1
39 506 1
39 646 1
39 706 1
39 771 1
39 885 1
39 891 1
39 965 1
39 1059 1
39 1179 1
39 1285 1
40 42 1
40 46 1
40 57 1
40 79 1
40 175 1
40 265 1
40 340 1
40 389 1
40 491 1
40 568 1
40 591 1
40 608 1
40 678 1
40 733 1
40 760 1
40 1036 1
40 1073 1
40 1081 1
40 1095 1
40 1149 1
40 1244 1
41 170 1
41 281 1
41 631 1
41 862 1
42 65 1
42 70 1
42 149 1
42 156 1
42 197 1
42 334 1
42 488 1
42 519 1
42 545 1
42 602 1
42 624 1
42 634 1
42 646 1
42 739 1
42 869 1
42 880 1
42 964 1
43 50 1
43 93 1
43 95 1
43 160 1
43 171 1
43 224 1
43 369 1
43 578 1
43 650 1
43 759 1
43 951 1
43 1001 1
43 1179 1
44 67 1
44 82 1
44 83 1
44 138 1
44 234 1
44 278 1
44 296 1
44 546 1
44 598 1
44 750 1
44 775 1
44 841 1
44 1036 1
45 51 1
45 59 1
45 68 1
45 97 1
45 98 1
45 118 1
45 133 1
45 150 1
45 155 1
45 157 1
45 158 1
45 177 1
45 179 1
45 182 1
45 199 1
45 205 1
45 231 1
45 263 1
45 284 1
45 310 1
45 358 1
45 423 1
45 554 1
45 602 1
45 662 1
45 692 1
45 734 1
45 772 1
45 791 1
45 861 1
45 862 1
45 881 1
45 924 1
45 928 1
45 929 1
45 932 1
45 960 1
45 1009 1
45 1039 1
45 1042 1
45 1068 1
45 1070 1
45 1148 1
45 1165 1
45 1246 1
45 1277 1
46 47 1
46 96 1
46 115 1
46 116 1
46 133 1
46 148 1
46 152 1
46 169 1
46 173 1
46 180 1
46 195 1
46 202 1
46 212 1
46 217 1
46 250 1
46 252 1
46 260 1
46 273 1
46 305 1
46 313 1
46 318 1
46 319 1
46 322 1
46 343 1
46 367 1
46 406 1
46 423 1
46 504 1
46 556 1
46 562 1
46 586 1
46 590 1
46 601 1
46 615 1
46 683 1
46 726 1
46 814 1
46 840 1
46 881 1
46 1084 1
46 1096 1
46 1111 1
46 1118 1
46 1138 1
46 1168 1
46 1172 1
46 1174 1
46 1250 1
46 1271 1
47 65 1
47 119 1
47 121 1
47 124 1
47 146 1
47 201 1
47 239 1
47 322 1
47 346 1
47 390 1
47 411 1
47 493 1
47 558 1
47 691 1
47 737 1
47 738 1
47 747 1
47 820 1
47 844 1
47 906 1
47 1024 1
47 1077 1
47 1103 1
48 80 1
48 100 1
48 136 1
48 141 1
48 160 1
48 162 1
48 167 1
48 185 1
48 190 1
48 192 1
48 202 1
48 240 1
48 272 1
48 292 1
48 299 1
48 390 1
48 398 1
48 426 1
48 451 1
48 453 1
48 457 1
48 526 1
48 537 1
48 551 1
48 593 1
48 672 1
48 878 1
48 906 1
48 965 1
48 966 1
48 980 1
48 990 1
48 1000 1
48 1033 1
48 1149 1
48 1155 1
48 1221 1
48 1235 1
48 1271 1
48 1274 1
49 98 1
49 101 1
49 159 1
49 180 1
49 213 1
49 266 1
49 313 1
49 444 1
49 492 1
49 765 1
49 828 1
49 930 1
49 994 1
49 1020 1
49 1074 1
49 1249 1
50 64 1
50 83 1
50 143 1
50 168 1
50 175 1
50 194 1
50 204 1
50 231 1
50 237 1
50 265 1
50 286 1
50 289 1
50 342 1
50 379 1
50 444 1
50 597 1
50 598 1
50 628 1
50 653 1
50 674 1
50 678 1
50 720 1
50 726 1
50 768 1
50 793 1
50 909 1
50 959 1
50 985 1
50 999 1
50 1148 1
50 1192 1
50 1263 1
51 96 1
51 102 1
51 108 1
51 171 1
51 223 1
51 249 1
51 277 1
51 355 1
51 386 1
51 409 1
51 439 1
51 456 1
51 590 1
51 643 1
51 648 1
51 673 1
51 902 1
51 941 1
51 1063 1
51 1253 1
52 60 1
52 72 1
52 173 1
52 235 1
52 332 1
52 393 1
52 401 1
52 485 1
52 530 1
52 583 1
52 636 1
52 918 1
52 956 1
52 981 1
52 992 1
52 1093 1
52 1111 1
52 1133 1
52 1252 1
52 1288 1
53 77 1
53 99 1
53 123 1
53 193 1
53 252 1
53 360 1
53 428 1
53 442 1
53 456 1
53 469 1
53 539 1
53 602 1
53 707 1
53 719 1
53 728 1
53 774 1
53 855 1
53 964 1
53 1251 1
54 161 1
54 1091 1
54 1261 1
55 180 1
55 491 1
56 71 1
56 187 1
56 201 1
56 295 1
56 321 1
56 400 1
56 414 1
56 421 1
56 448 1
56 570 1
56 700 1
56 921 1
56 1011 1
56 1175 1
56 1282 1
57 130 1
57 186 1
57 630 1
57 655 1
57 790 1
57 1242 1
58 72 1
58 170 1
58 236 1
58 509 1
58 599 1
58 905 1
59 70 1
59 105 1
59 179 1
59 210 1
59 212 1
59 261 1
59 280 1
59 340 1
59 341 1
59 546 1
59 719 1
59 722 1
59 813 1
59 831 1
59 1015 1
59 1054 1
59 1176 1
60 70 1
60 110 1
60 149 1
60 276 1
60 295 1
60 337 1
60 365 1
60 636 1
60 692 1
60 874 1
60 978 1
60 1071 1
60 1077 1
60 1189 1
61 71 1
61 140 1
61 160 1
61 172 1
61 181 1
61 255 1
61 324 1
61 476 1
61 488 1
61 589 1
61 714 1
61 746 1
61 823 1
61 829 1
61 910 1
61 933 1
61 963 1
61 1066 1
62 63 1
62 344 1
62 516 1
63 73 1
63 78 1
63 98 1
63 212 1
63 256 1
63 391 1
63 470 1
63 574 1
63 619 1
63 640 1
63 693 1
63 716 1
63 753 1
63 809 1
63 1031 1
63 1158 1
63 1204 1
63 1214 1
64 72 1
64 164 1
64 314 1
64 334 1
64 376 1
64 410 1
64 775 1
64 792 1
64 1240 1
64 1280 1
65 66 1
65 80 1
65 92 1
65 101 1
65 111 1
65 127 1
65 173 1
65 182 1
65 227 1
65 298 1
65 319 1
65 349 1
65 363 1
65 375 1
65 416 1
65 435 1
65 554 1
65 614 1
65 615 1
65 626 1
65 671 1
65 684 1
65 715 1
65 742 1
65 858 1
65 870 1
65 937 1
65 992 1
65 1016 1
65 1018 1
65 1052 1
65 1137 1
65 1178 1
65 1182 1
65 1283 1
66 171 1
66 199 1
66 205 1
66 260 1
66 285 1
66 311 1
66 423 1
66 478 1
66 561 1
66 577 1
66 766 1
66 885 1
66 951 1
66 1040 1
66 1161 1
67 90 1
67 131 1
67 193 1
67 242 1
67 318 1
67 326 1
67 336 1
67 344 1
67 352 1
67 399 1
67 654 1
67 773 1
67 867 1
68 104 1
68 251 1
68 283 1
68 552 1
68 639 1
68 666 1
68 900 1
68 911 1
68 1089 1
69 100 1
69 122 1
69 123 1
69 191 1
69 209 1
69 241 1
69 250 1
69 347 1
69 499 1
69 519 1
69 639 1
69 656 1
69 898 1
69 923 1
69 1079 1
70 71 1
70 97 1
70 98 1
70 137 1
70 145 1
70 189 1
70 209 1
70 269 1
70 281 1
70 298 1
70 360 1
70 403 1
70 432 1
70 499 1
70 524 1
70 557 1
70 590 1
70 804 1
70 808 1
70 887 1
70 909 1
70 1030 1
70 1243 1
70 1291 1
71 84 1
71 94 1
71 96 1
71 103 1
71 106 1
71 120 1
71 127 1
71 133 1
71 138 1
71 145 1
71 196 1
71 221 1
71 231 1
71 243 1
71 279 1
71 309 1
71 325 1
71 367 1
71 372 1
71 392 1
71 491 1
71 510 1
71 558 1
71 584 1
71 622 1
71 652 1
71 735 1
71 783 1
71 823 1
71 943 1
71 1087 1
71 1278 1
72 136 1
72 384 1
72 439 1
72 456 1
72 521 1
72 576 1
72 621 1
72 698 1
72 703 1
72 720 1
72 778 1
72 792 1
72 916 1
72 976 1
72 1163 1
72 1173 1
73 117 1
73 122 1
73 174 1
73 182 1
73 186 1
73 229 1
73 244 1
73 832 1
73 1261 1
74 80 1
74 100 1
74 709 1
74 987 1
74 1183 1
75 122 1
75 235 1
75 306 1
75 324 1
75 482 1
75 585 1
75 752 1
75 797 1
75 1044 1
75 1140 1
76 79 1
76 88 1
76 109 1
76 133 1
76 164 1
76 166 1
76 188 1
76 210 1
76 262 1
76 333 1
76 425 1
76 509 1
76 516 1
76 597 1
76 678 1
76 679 1
76 764 1
76 781 1
76 959 1
76 1023 1
77 143 1
77 152 1
77 171 1
77 265 1
77 298 1
77 424 1
77 445 1
77 492 1
77 493 1
77 555 1
77 823 1
77 858 1
77 934 1
77 1174 1
78 130 1
78 139 1
78 270 1
78 272 1
78 273 1
78 335 1
78 413 1
78 424 1
78 505 1
78 543 1
78 665 1
78 1002 1
78 1299 1
79 113 1
79 151 1
79 168 1
79 294 1
79 314 1
79 329 1
79 350 1
79 450 1
79 469 1
79 549 1
79 656 1
79 703 1
79 767 1
79 824 1
79 1151 1
79 1164 1
80 117 1
80 374 1
80 566 1
80 903 1
80 1126 1
80 1155 1
80 1206 1
81 110 1
81 358 1
81 385 1
81 616 1
81 747 1
81 878 1
81 1112 1
82 151 1
82 258 1
82 291 1
82 301 1
82 336 1
82 342 1
82 472 1
82 544 1
82 770 1
82 772 1
82 979 1
82 1017 1
82 1043 1
82 1112 1
82 1141 1
82 1260 1
83 85 1
83 209 1
83 251 1
83 567 1
83 666 1
83 835 1
83 1062 1
84 183 1
84 225 1
84 272 1
84 275 1
84 286 1
84 389 1
84 446 1
84 514 1
84 596 1
84 650 1
84 710 1
84 989 1
84 1020 1
84 1184 1
84 1253 1
84 1258 1
84 1297 1
85 118 1
85 139 1
85 332 1
85 383 1
85 572 1
85 875 1
85 913 1
86 147 1
86 201 1
86 294 1
86 331 1
86 335 1
86 645 1
86 694 1
86 892 1
86 936 1
86 1055 1
87 127 1
87 129 1
87 155 1
87 328 1
87 370 1
87 424 1
87 463 1
87 477 1
87 504 1
87 572 1
87 576 1
87 793 1
87 1040 1
87 1041 1
87 1116 1
87 1120 1
87 1225 1
88 90 1
88 125 1
88 141 1
88 159 1
88 223 1
88 238 1
88 242 1
88 324 1
88 340 1
88 421 1
88 481 1
88 494 1
88 619 1
88 642 1
88 644 1
88 650 1
88 853 1
88 938 1
88 975 1
88 1024 1
88 1166 1
88 1212 1
88 1284 1
89 101 1
89 108 1
89 134 1
89 154 1
89 172 1
89 216 1
89 292 1
89 315 1
89 337 1
89 374 1
89 405 1
89 454 1
89 484 1
89 501 1
89 728 1
89 732 1
89 960 1
89 983 1
89 1244 1
90 99 1
90 109 1
90 194 1
90 196 1
90 200 1
90 204 1
90 218 1
90 271 1
90 291 1
90 331 1
90 447 1
90 482 1
90 517 1
90 537 1
90 657 1
90 674 1
90 689 1
90 731 1
90 793 1
90 798 1
90 909 1
90 951 1
90 1079 1
90 1127 1
90 1220 1
90 1292 1
91 154 1
91 168 1
91 475 1
91 584 1
91 828 1
91 887 1
91 1152 1
91 1294 1
93 226 1
93 1038 1
93 1215 1
94 108 1
94 134 1
94 190 1
94 207 1
94 235 1
94 264 1
94 277 1
94 342 1
94 365 1
94 442 1
94 570 1
94 615 1
94 673 1
94 682 1
94 721 1
94 844 1
94 864 1
94 1129 1
94 1168 1
94 1178 1
95 107 1
95 166 1
95 191 1
95 268 1
95 369 1
95 546 1
95 761 1
95 810 1
95 1058 1
95 1097 1
95 1122 1
95 1236 1
96 244 1
96 518 1
96 586 1
96 588 1
96 616 1
96 882 1
96 885 1
96 965 1
96 1173 1
97 114 1
97 152 1
97 523 1
97 869 1
98 106 1
98 126 1
98 256 1
98 493 1
98 497 1
98 498 1
98 695 1
98 828 1
98 897 1
99 143 1
99 238 1
99 289 1
99 290 1
99 313 1
99 360 1
99 550 1
99 956 1
100 162 1
100 302 1
100 356 1
100 386 1
100 431 1
100 497 1
100 632 1
100 690 1
101 121 1
101 138 1
101 148 1
101 157 1
101 162 1
101 210 1
101 228 1
101 243 1
101 292 1
101 304 1
101 353 1
101 398 1
101 468 1
101 517 1
101 590 1
101 606 1
101 610 1
101 649 1
101 657 1
101 849 1
101 908 1
101 997 1
101 1081 1
101 1287 1
102 131 1
102 142 1
102 162 1
102 379 1
102 411 1
102 413 1
102 454 1
102 461 1
102 466 1
102 489 1
102 575 1
102 622 1
102 821 1
102 877 1
102 918 1
102 1012 1
102 1105 1
103 287 1
103 508 1
103 640 1
103 1058 1
104 142 1
104 144 1
104 186 1
104 241 1
104 366 1
104 409 1
104 497 1
104 563 1
104 658 1
104 679 1
104 741 1
104 752 1
104 814 1
104 896 1
104 1188 1
104 1210 1
105 346 1
105 484 1
105 721 1
106 140 1
106 203 1
106 218 1
106 592 1
106 612 1
106 1152 1
107 240 1
107 264 1
107 331 1
107 533 1
107 857 1
107 1048 1
107 1136 1
108 110 1
108 125 1
108 142 1
108 145 1
108 219 1
108 285 1
108 288 1
108 319 1
108 455 1
108 503 1
108 703 1
108 766 1
108 807 1
108 1118 1
108 1214 1
109 122 1
109 131 1
109 206 1
109 283 1
109 336 1
109 349 1
109 666 1
109 677 1
109 945 1
109 1056 1
109 1203 1
110 297 1
110 332 1
110 444 1
110 518 1
110 562 1
110 627 1
110 788 1
110 796 1
110 957 1
110 986 1
110 1057 1
111 282 1
111 296 1
111 319 1
111 412 1
111 955 1
111 1031 1
111 1173 1
112 225 1
112 302 1
112 511 1
112 623 1
112 651 1
112 725 1
112 984 1
113 136 1
113 143 1
113 167 1
113 232 1
113 344 1
113 527 1
113 567 1
113 575 1
113 774 1
113 801 1
113 954 1
113 1013 1
113 1057 1
113 1115 1
113 1204 1
113 1273 1
114 220 1
114 222 1
114 233 1
114 274 1
114 310 1
114 372 1
114 404 1
114 451 1
114 477 1
114 513 1
114 567 1
114 579 1
114 846 1
114 851 1
114 988 1
114 1199 1
114 1259 1
115 129 1
115 267 1
115 291 1
115 308 1
115 436 1
115 584 1
115 622 1
115 870 1
115 1118 1
115 1159 1
116 521 1
116 770 1
116 1072 1
116 1262 1
117 185 1
117 234 1
117 350 1
117 378 1
117 560 1
117 883 1
117 989 1
117 1162 1
117 1196 1
118 135 1
118 370 1
118 624 1
118 668 1
118 783 1
118 884 1
118 1046 1
118 1069 1
118 1266 1
119 124 1
119 889 1
120 268 1
120 408 1
120 488 1
120 506 1
120 688 1
120 695 1
120 720 1
120 757 1
120 774 1
120 800 1
120 921 1
120 1036 1
120 1118 1
120 1205 1
120 1216 1
121 198 1
121 207 1
121 254 1
121 388 1
121 414 1
121 480 1
121 686 1
121 1117 1
122 130 1
122 135 1
122 208 1
122 368 1
122 448 1
122 517 1
122 740 1
122 752 1
122 1182 1
123 276 1
123 573 1
123 576 1
123 988 1
123 1175 1
124 313 1
124 642 1
124 805 1
124 1008 1
124 1240 1
125 200 1
125 505 1
125 961 1
125 1280 1
126 226 1
126 255 1
126 648 1
126 1292 1
127 270 1
127 312 1
127 342 1
127 368 1
127 449 1
127 633 1
127 688 1
127 723 1
127 920 1
127 1112 1
127 1238 1
128 149 1
128 213 1
128 241 1
128 396 1
128 672 1
128 799 1
128 805 1
128 863 1
128 876 1
128 971 1
128 1071 1
129 412 1
129 548 1
129 670 1
129 749 1
129 842 1
129 1129 1
130 234 1
130 307 1
130 343 1
130 362 1
130 385 1
130 397 1
130 420 1
130 430 1
130 549 1
130 814 1
130 1034 1
130 1259 1
131 239 1
131 249 1
131 250 1
131 274 1
131 377 1
131 438 1
131 665 1
131 821 1
132 220 1
132 229 1
132 503 1
132 505 1
132 511 1
132 533 1
132 541 1
132 641 1
132 1000 1
132 1213 1
133 144 1
133 314 1
133 490 1
133 587 1
133 1170 1
134 165 1
134 175 1
134 406 1
135 227 1
135 459 1
136 169 1
136 206 1
136 248 1
136 271 1
136 280 1
136 407 1
136 614 1
136 980 1
136 1047 1
136 1060 1
136 1143 1
136 1214 1
136 1245 1
137 250 1
137 307 1
137 659 1
138 198 1
138 242 1
138 333 1
138 479 1
138 601 1
138 730 1
138 753 1
138 866 1
138 1087 1
139 232 1
139 269 1
139 1029 1
140 402 1
140 422 1
140 548 1
140 903 1
140 1119 1
141 213 1
141 233 1
141 419 1
141 633 1
141 670 1
141 755 1
141 917 1
141 1101 1
142 188 1
142 202 1
142 217 1
142 414 1
142 784 1
142 952 1
143 282 1
143 924 1
144 355 1
144 384 1
144 589 1
144 591 1
144 631 1
144 649 1
144 824 1
144 841 1
144 923 1
145 197 1
145 457 1
145 464 1
145 548 1
145 711 1
145 848 1
145 1008 1
145 1069 1
146 465 1
146 495 1
146 604 1
146 1021 1
147 230 1
147 296 1
147 317 1
147 455 1
147 556 1
147 632 1
147 665 1
147 748 1
147 873 1
147 1237 1
148 184 1
148 307 1
148 354 1
148 361 1
148 686 1
148 1043 1
148 1096 1
148 1108 1
148 1184 1
148 1238 1
149 583 1
149 1014 1
150 208 1
150 232 1
150 554 1
150 1159 1
151 155 1
151 198 1
151 221 1
151 316 1
151 328 1
151 337 1
151 381 1
151 400 1
151 487 1
151 564 1
151 610 1
151 782 1
151 825 1
151 945 1
151 1258 1
152 154 1
152 187 1
152 211 1
152 541 1
152 660 1
152 985 1
152 1121 1
152 1252 1
153 163 1
153 214 1
153 219 1
153 259 1
153 323 1
153 348 1
153 367 1
153 442 1
153 630 1
153 666 1
153 1063 1
154 172 1
154 199 1
154 215 1
154 247 1
154 448 1
154 709 1
154 868 1
154 891 1
154 1103 1
154 1160 1
155 227 1
155 244 1
155 284 1
156 229 1
156 463 1
156 474 1
156 724 1
156 839 1
156 892 1
156 908 1
156 1008 1
156 1190 1
157 222 1
157 332 1
157 574 1
157 682 1
157 702 1
157 757 1
157 1183 1
158 232 1
158 315 1
158 396 1
158 462 1
158 467 1
158 565 1
158 568 1
158 672 1
158 827 1
158 894 1
158 1036 1
158 1080 1
159 164 1
159 308 1
159 616 1
159 832 1
159 1023 1
160 163 1
160 566 1
160 663 1
160 797 1
160 843 1
160 1285 1
160 1297 1
161 186 1
161 222 1
161 290 1
161 304 1
161 339 1
161 358 1
161 374 1
161 707 1
161 897 1
161 915 1
162 180 1
162 245 1
162 255 1
162 726 1
162 836 1
162 839 1
162 854 1
162 890 1
162 958 1
163 176 1
163 253 1
163 300 1
163 358 1
163 393 1
163 426 1
163 529 1
163 546 1
163 551 1
163 860 1
163 980 1
163 1096 1
164 555 1
164 598 1
165 396 1
165 405 1
165 415 1
165 591 1
165 702 1
165 1080 1
166 527 1
166 805 1
167 194 1
167 261 1
167 292 1
167 459 1
167 462 1
167 592 1
167 736 1
167 786 1
167 833 1
167 858 1
167 948 1
167 970 1
167 976 1
167 1184 1
168 217 1
168 220 1
168 303 1
168 408 1
168 450 1
168 634 1
168 773 1
168 838 1
169 236 1
169 267 1
169 296 1
169 323 1
169 339 1
169 360 1
169 502 1
169 571 1
169 588 1
169 840 1
169 996 1
169 1011 1
169 1139 1
170 206 1
170 400 1
170 422 1
170 818 1
170 1231 1
170 1257 1
171 301 1
171 393 1
171 536 1
172 289 1
172 306 1
172 362 1
172 872 1
172 1216 1
174 184 1
174 364 1
174 573 1
174 807 1
174 871 1
174 992 1
174 1113 1
174 1128 1
175 226 1
175 380 1
175 393 1
175 553 1
175 811 1
175 1193 1
176 837 1
177 178 1
177 184 1
177 197 1
177 244 1
177 822 1
177 870 1
177 871 1
177 953 1
178 326 1
178 385 1
178 397 1
178 468 1
178 703 1
178 859 1
179 229 1
179 284 1
179 367 1
179 420 1
179 445 1
179 492 1
179 530 1
179 661 1
179 821 1
179 862 1
179 927 1
180 283 1
180 461 1
180 658 1
180 778 1
180 794 1
180 1075 1
180 1155 1
180 1291 1
181 451 1
181 459 1
181 617 1
182 254 1
182 683 1
182 761 1
182 837 1
183 647 1
183 881 1
183 888 1
183 1122 1
184 230 1
184 293 1
184 433 1
184 454 1
184 455 1
184 682 1
184 840 1
184 852 1
184 969 1
185 246 1
185 273 1
185 297 1
185 609 1
185 899 1
185 1060 1
185 1081 1
185 1137 1
186 396 1
187 486 1
187 694 1
187 1058 1
187 1076 1
188 215 1
188 224 1
188 257 1
188 295 1
188 515 1
188 578 1
188 595 1
188 852 1
188 1106 1
189 193 1
189 275 1
189 394 1
190 247 1
190 407 1
190 579 1
190 623 1
190 627 1
190 857 1
190 965 1
191 192 1
191 764 1
191 1215 1
191 1257 1
192 373 1
192 417 1
192 509 1
192 536 1
192 891 1
192 948 1
193 1134 1
193 1275 1
194 216 1
194 224 1
194 452 1
194 751 1
194 930 1
194 1165 1
195 325 1
195 378 1
195 535 1
195 763 1
195 786 1
195 788 1
195 1272 1
195 1299 1
196 204 1
196 219 1
196 603 1
196 629 1
196 688 1
196 1143 1
197 257 1
197 456 1
197 515 1
197 532 1
197 534 1
197 552 1
197 724 1
197 902 1
197 1010 1
197 1089 1
197 1090 1
198 644 1
199 327 1
199 694 1
199 748 1
200 214 1
200 1120 1
201 763 1
201 864 1
201 897 1
201 1110 1
201 1175 1
201 1230 1
201 1277 1
202 483 1
202 508 1
202 752 1
202 1145 1
203 335 1
203 397 1
203 402 1
203 697 1
203 747 1
203 1066 1
205 230 1
205 422 1
205 446 1
205 507 1
205 594 1
205 600 1
205 1023 1
206 225 1
206 245 1
206 280 1
206 359 1
206 380 1
206 440 1
206 523 1
206 748 1
206 789 1
206 922 1
207 297 1
207 409 1
207 462 1
207 486 1
207 733 1
207 773 1
207 1014 1
208 237 1
208 286 1
208 574 1
208 628 1
208 645 1
208 945 1
208 1125 1
209 538 1
209 542 1
209 578 1
210 246 1
210 1076 1
210 1097 1
211 256 1
211 257 1
211 321 1
211 323 1
211 338 1
211 381 1
211 404 1
211 443 1
211 563 1
211 569 1
211 576 1
211 599 1
211 737 1
211 1030 1
211 1116 1
211 1223 1
212 777 1
212 1095 1
212 1212 1
213 255 1
213 361 1
213 371 1
213 620 1
213 638 1
213 754 1
213 817 1
213 826 1
213 880 1
213 890 1
214 305 1
214 359 1
214 428 1
214 675 1
214 683 1
214 931 1
215 727 1
215 743 1
215 1174 1
216 258 1
216 356 1
216 417 1
216 443 1
216 649 1
216 707 1
216 723 1
216 895 1
217 411 1
217 601 1
217 622 1
217 669 1
217 671 1
217 774 1
217 778 1
217 1031 1
217 1117 1
218 300 1
218 691 1
218 1007 1
218 1075 1
219 484 1
219 761 1
219 1136 1
220 382 1
220 535 1
220 701 1
220 709 1
220 833 1
220 1115 1
221 238 1
221 354 1
221 388 1
221 392 1
221 552 1
221 661 1
221 684 1
221 743 1
221 754 1
221 790 1
221 795 1
221 868 1
221 1193 1
221 1207 1
221 1209 1
222 495 1
222 697 1
222 701 1
222 740 1
222 797 1
222 914 1
222 1091 1
222 1253 1
223 248 1
223 261 1
223 458 1
223 511 1
223 529 1
223 531 1
223 615 1
223 678 1
223 1113 1
223 1233 1
224 691 1
224 940 1
225 471 1
225 1083 1
226 258 1
226 320 1
226 833 1
226 1025 1
227 243 1
227 291 1
227 364 1
227 446 1
227 1165 1
227 1217 1
227 1240 1
228 638 1
229 306 1
229 312 1
229 352 1
229 417 1
229 470 1
229 517 1
229 561 1
229 680 1
229 704 1
229 714 1
229 721 1
229 898 1
229 911 1
229 966 1
230 382 1
230 936 1
231 794 1
231 1142 1
232 395 1
232 620 1
232 806 1
232 894 1
232 1126 1
233 237 1
233 372 1
233 533 1
233 827 1
233 880 1
234 387 1
234 537 1
234 676 1
234 698 1
234 1292 1
235 579 1
235 600 1
236 418 1
236 438 1
236 557 1
236 846 1
236 1000 1
236 1128 1
236 1153 1
236 1168 1
236 1289 1
237 293 1
237 389 1
237 776 1
237 917 1
238 263 1
238 551 1
238 757 1
238 937 1
238 941 1
238 942 1
238 1153 1
238 1296 1
240 300 1
240 392 1
240 565 1
240 771 1
240 795 1
240 954 1
240 1130 1
241 283 1
241 613 1
241 685 1
241 745 1
241 813 1
241 890 1
242 299 1
242 384 1
242 410 1
242 415 1
242 514 1
242 686 1
242 802 1
242 982 1
242 1075 1
242 1122 1
242 1169 1
243 1245 1
244 715 1
244 944 1
244 1078 1
245 719 1
245 998 1
246 361 1
246 447 1
246 656 1
247 478 1
247 486 1
247 827 1
247 977 1
247 983 1
248 269 1
248 300 1
248 316 1
248 408 1
248 429 1
248 434 1
248 481 1
248 729 1
248 896 1
248 912 1
248 1267 1
248 1299 1
249 267 1
249 609 1
249 744 1
249 834 1
249 919 1
249 1006 1
250 267 1
250 377 1
250 451 1
250 618 1
250 729 1
250 746 1
250 1046 1
250 1071 1
250 1139 1
251 305 1
251 963 1
251 1034 1
251 1256 1
252 282 1
252 330 1
252 785 1
252 1133 1
252 1158 1
252 1218 1
253 314 1
253 584 1
253 784 1
253 1107 1
253 1220 1
254 262 1
254 714 1
254 824 1
254 1160 1
255 327 1
255 468 1
255 588 1
255 696 1
255 782 1
255 993 1
255 1031 1
255 1140 1
255 1171 1
256 453 1
256 534 1
256 547 1
256 596 1
256 667 1
256 909 1
256 1047 1
256 1176 1
256 1192 1
256 1275 1
256 1278 1
257 277 1
257 311 1
257 325 1
257 568 1
258 1021 1
259 265 1
259 317 1
259 1167 1
260 276 1
260 579 1
260 696 1
261 611 1
262 275 1
262 281 1
262 391 1
262 532 1
262 561 1
262 642 1
262 812 1
262 819 1
262 973 1
263 709 1
264 349 1
264 418 1
264 696 1
264 787 1
264 854 1
264 856 1
264 879 1
264 947 1
264 1007 1
264 1124 1
264 1213 1
265 693 1
265 918 1
265 969 1
266 1169 1
267 380 1
267 562 1
267 672 1
267 869 1
267 1041 1
267 1051 1
268 269 1
268 492 1
268 516 1
268 629 1
268 718 1
268 796 1
268 937 1
268 1082 1
268 1093 1
268 1101 1
268 1212 1
268 1266 1
268 1273 1
269 375 1
269 681 1
270 841 1
270 845 1
270 1014 1
270 1163 1
270 1201 1
270 1212 1
271 490 1
272 803 1
273 343 1
273 353 1
273 403 1
273 452 1
273 476 1
273 677 1
273 845 1
273 1117 1
274 288 1
274 353 1
274 544 1
274 1155 1
274 1170 1
275 310 1
275 318 1
275 338 1
275 363 1
275 415 1
275 437 1
275 474 1
275 550 1
275 739 1
275 1287 1
275 1288 1
276 534 1
276 805 1
276 900 1
276 1159 1
277 295 1
277 338 1
277 993 1
277 1225 1
279 611 1
279 977 1
279 1239 1
280 477 1
280 570 1
280 585 1
280 811 1
280 875 1
280 1050 1
280 1178 1
280 1218 1
281 363 1
281 460 1
281 560 1
281 736 1
281 1109 1
282 346 1
282 354 1
282 365 1
282 528 1
282 687 1
282 711 1
282 934 1
282 952 1
282 1224 1
282 1257 1
283 303 1
283 348 1
283 391 1
283 735 1
283 995 1
284 330 1
284 357 1
284 1048 1
285 308 1
285 452 1
285 475 1
285 483 1
285 518 1
285 745 1
285 749 1
285 831 1
285 995 1
285 1207 1
286 287 1
286 371 1
286 493 1
286 635 1
286 638 1
286 800 1
286 1017 1
286 1267 1
287 316 1
287 505 1
287 619 1
287 629 1
287 650 1
287 1134 1
288 437 1
288 477 1
288 842 1
288 1046 1
288 1165 1
288 1184 1
289 816 1
289 968 1
289 1039 1
289 1240 1
290 738 1
290 931 1
291 424 1
291 1217 1
292 818 1
292 1035 1
292 1191 1
293 430 1
293 494 1
293 502 1
293 654 1
293 764 1
293 960 1
293 1059 1
293 1132 1
294 462 1
295 361 1
295 450 1
295 525 1
295 736 1
295 1179 1
296 685 1
296 932 1
297 312 1
297 1013 1
298 368 1
298 790 1
299 366 1
299 431 1
299 432 1
299 507 1
299 545 1
299 551 1
299 640 1
299 839 1
299 977 1
299 1012 1
299 1095 1
299 1154 1
300 425 1
300 480 1
300 525 1
300 644 1
300 820 1
300 1043 1
300 1063 1
300 1105 1
300 1286 1
301 387 1
301 441 1
301 543 1
301 649 1
301 739 1
301 948 1
302 351 1
302 582 1
302 660 1
302 855 1
302 1147 1
302 1163 1
303 670 1
303 744 1
303 1051 1
304 1144 1
305 405 1
305 610 1
305 643 1
305 1066 1
306 437 1
306 564 1
306 1067 1
307 310 1
307 1290 1
308 427 1
308 588 1
308 882 1
309 354 1
309 379 1
309 404 1
309 431 1
309 531 1
309 593 1
309 804 1
309 894 1
309 1022 1
309 1080 1
309 1229 1
310 425 1
310 557 1
310 635 1
310 876 1
310 1085 1
311 419 1
311 603 1
312 459 1
312 464 1
312 599 1
312 987 1
312 1026 1
313 410 1
313 712 1
313 895 1
313 915 1
313 943 1
314 632 1
314 640 1
314 664 1
314 1046 1
314 1136 1
315 585 1
315 835 1
316 563 1
316 654 1
316 674 1
316 859 1
316 946 1
317 532 1
318 1008 1
318 1027 1
319 341 1
319 503 1
319 952 1
320 1262 1
321 365 1
321 413 1
321 647 1
322 700 1
322 772 1
322 1146 1
323 336 1
323 407 1
323 844 1
324 329 1
324 432 1
324 443 1
324 707 1
324 888 1
324 943 1
324 1097 1
325 394 1
325 402 1
325 503 1
325 730 1
325 913 1
325 1263 1
326 706 1
327 1180 1
328 345 1
328 399 1
328 403 1
328 427 1
328 436 1
328 464 1
328 470 1
328 623 1
328 627 1
330 355 1
331 373 1
331 435 1
331 524 1
331 542 1
331 788 1
331 1092 1
331 1263 1
332 605 1
332 612 1
332 906 1
332 1241 1
332 1251 1
332 1260 1
332 1274 1
333 426 1
333 923 1
333 949 1
333 1203 1
334 422 1
334 661 1
335 436 1
336 473 1
337 1112 1
338 379 1
338 479 1
338 704 1
338 812 1
338 907 1
338 1006 1
339 429 1
339 434 1
339 559 1
339 652 1
339 953 1
339 1092 1
340 439 1
340 522 1
340 1026 1
340 1257 1
342 435 1
342 582 1
342 605 1
342 691 1
342 692 1
342 1016 1
342 1157 1
343 482 1
343 542 1
343 699 1
343 849 1
343 1159 1
344 401 1
344 513 1
344 525 1
344 759 1
344 783 1
344 1056 1
345 583 1
345 722 1
345 822 1
345 861 1
345 1049 1
345 1121 1
345 1194 1
347 348 1
347 415 1
347 523 1
347 580 1
347 652 1
347 767 1
348 522 1
348 807 1
348 1104 1
348 1230 1
349 972 1
349 1070 1
349 1132 1
349 1161 1
350 411 1
350 769 1
350 771 1
350 834 1
350 946 1
351 421 1
351 426 1
351 508 1
351 555 1
351 697 1
351 788 1
351 886 1
351 1195 1
351 1205 1
352 1082 1
354 825 1
354 1135 1
355 383 1
355 594 1
355 685 1
355 795 1
355 858 1
355 869 1
355 937 1
355 988 1
355 1135 1
355 1185 1
355 1261 1
356 895 1
356 954 1
356 1243 1
356 1276 1
357 441 1
357 600 1
358 445 1
358 643 1
358 673 1
358 801 1
358 1035 1
359 614 1
359 653 1
359 837 1
360 606 1
360 879 1
361 949 1
361 970 1
362 540 1
362 933 1
362 967 1
362 1022 1
363 826 1
364 845 1
366 853 1
366 1070 1
366 1166 1
367 586 1
367 1262 1
367 1269 1
368 406 1
369 466 1
369 621 1
369 743 1
369 852 1
369 875 1
369 1194 1
370 888 1
370 1247 1
371 868 1
373 608 1
374 511 1
375 395 1
375 465 1
375 563 1
375 645 1
375 839 1
375 851 1
376 446 1
376 458 1
376 999 1
377 418 1
377 570 1
377 1045 1
377 1279 1
378 922 1
379 1207 1
380 947 1
381 404 1
381 500 1
381 712 1
381 1009 1
381 1044 1
381 1148 1
382 920 1
383 1187 1
384 1086 1
385 419 1
385 1106 1
386 526 1
386 853 1
386 914 1
386 1175 1
387 553 1
387 624 1
387 681 1
387 715 1
387 723 1
387 758 1
387 967 1
387 1001 1
388 437 1
388 533 1
388 746 1
388 782 1
389 394 1
389 677 1
389 731 1
390 475 1
390 710 1
390 734 1
390 813 1
390 962 1
390 1158 1
391 527 1
391 972 1
392 596 1
393 524 1
393 754 1
393 935 1
394 589 1
394 779 1
394 987 1
395 539 1
395 635 1
395 637 1
395 817 1
396 433 1
396 457 1
396 496 1
396 499 1
396 520 1
396 526 1
396 647 1
396 663 1
396 702 1
396 777 1
396 847 1
396 859 1
396 1098 1
396 1224 1
397 568 1
397 644 1
397 907 1
397 1004 1
397 1015 1
398 573 1
398 582 1
398 831 1
398 1106 1
399 473 1
399 708 1
399 838 1
399 865 1
399 990 1
399 1078 1
400 1276 1
401 442 1
401 510 1
402 1221 1
403 419 1
403 496 1
403 686 1
403 697 1
403 896 1
404 458 1
404 476 1
404 957 1
404 1017 1
404 1121 1
404 1170 1
404 1232 1
405 617 1
405 704 1
405 782 1
405 826 1
406 498 1
406 515 1
406 974 1
407 766 1
407 816 1
407 989 1
407 1006 1
407 1098 1
407 1146 1
409 510 1
409 694 1
409 696 1
410 699 1
410 743 1
411 747 1
411 1065 1
412 434 1
412 675 1
413 763 1
414 577 1
414 587 1
414 724 1
414 755 1
414 1197 1
414 1233 1
414 1234 1
417 452 1
417 687 1
417 706 1
417 767 1
417 950 1
418 705 1
418 969 1
420 520 1
420 558 1
420 595 1
420 1104 1
421 531 1
421 594 1
421 662 1
421 972 1
421 1161 1
421 1252 1
422 512 1
422 513 1
422 520 1
422 609 1
422 669 1
422 675 1
422 721 1
422 931 1
422 942 1
422 997 1
422 1002 1
423 547 1
424 673 1
424 676 1
424 809 1
424 975 1
424 1073 1
425 483 1
425 759 1
426 487 1
426 962 1
426 996 1
426 1024 1
427 864 1
428 1114 1
430 1004 1
430 1005 1
431 481 1
431 806 1
432 500 1
432 647 1
432 729 1
432 1223 1
433 751 1
433 1088 1
433 1092 1
434 689 1
434 780 1
434 823 1
434 935 1
434 966 1
435 504 1
435 527 1
435 789 1
435 1042 1
435 1107 1
436 802 1
436 958 1
437 994 1
437 999 1
437 1053 1
438 444 1
438 467 1
439 662 1
439 877 1
439 1012 1
439 1255 1
439 1295 1
440 841 1
441 500 1
441 664 1
441 861 1
441 928 1
443 469 1
443 498 1
443 514 1
443 557 1
443 597 1
443 651 1
443 742 1
443 856 1
443 975 1
443 1038 1
443 1201 1
443 1290 1
444 1033 1
444 1133 1
445 518 1
445 538 1
445 540 1
445 968 1
445 1040 1
445 1061 1
445 1078 1
445 1258 1
446 791 1
446 833 1
446 873 1
446 1032 1
446 1039 1
446 1164 1
446 1188 1
446 1261 1
446 1291 1
447 464 1
447 488 1
447 519 1
447 629 1
447 785 1
447 990 1
447 1074 1
448 485 1
448 1094 1
449 618 1
450 872 1
450 1134 1
451 463 1
451 883 1
452 617 1
452 718 1
452 926 1
452 1246 1
453 832 1
453 1009 1
453 1037 1
453 1248 1
454 927 1
454 1095 1
455 537 1
455 1245 1
456 713 1
456 917 1
456 1259 1
457 613 1
457 856 1
457 897 1
458 507 1
458 633 1
458 741 1
458 755 1
458 1074 1
458 1246 1
459 507 1
459 1050 1
460 536 1
460 630 1
460 706 1
460 879 1
461 701 1
462 1274 1
463 1061 1
466 741 1
468 589 1
468 711 1
468 902 1
468 1124 1
469 472 1
469 912 1
470 471 1
470 495 1
470 651 1
470 704 1
470 1090 1
470 1203 1
470 1216 1
471 659 1
471 854 1
471 1089 1
472 554 1
472 818 1
472 1041 1
473 1181 1
474 646 1
474 999 1
475 577 1
475 616 1
475 760 1
475 855 1
475 955 1
475 1161 1
476 822 1
477 785 1
478 679 1
478 1238 1
480 538 1
480 566 1
480 607 1
480 634 1
480 809 1
480 883 1
480 926 1
480 976 1
480 1154 1
480 1241 1
480 1244 1
480 1275 1
480 1286 1
481 701 1
482 593 1
482 626 1
482 731 1
482 767 1
482 851 1
482 1143 1
483 501 1
483 959 1
483 1276 1
487 618 1
487 658 1
487 910 1
487 1246 1
488 750 1
488 838 1
488 1219 1
490 684 1
490 727 1
490 1280 1
491 846 1
491 1067 1
493 654 1
493 1013 1
494 987 1
495 803 1
495 1171 1
496 669 1
496 978 1
497 663 1
497 1218 1
498 660 1
498 762 1
498 983 1
499 606 1
499 626 1
499 795 1
499 961 1
501 559 1
501 1249 1
503 535 1
503 657 1
503 1103 1
504 539 1
504 853 1
504 1019 1
504 1049 1
504 1232 1
505 1002 1
506 845 1
506 1107 1
507 664 1
507 787 1
508 531 1
508 540 1
508 713 1
508 1083 1
508 1137 1
509 541 1
509 791 1
509 832 1
509 981 1
509 1044 1
509 1267 1
510 929 1
510 1052 1
510 1147 1
511 760 1
511 835 1
511 1242 1
512 1174 1
514 526 1
514 595 1
514 676 1
514 837 1
515 900 1
516 1047 1
517 741 1
517 799 1
519 587 1
519 768 1
519 911 1
519 1084 1
520 1011 1
520 1231 1
522 603 1
522 734 1
522 904 1
523 550 1
523 815 1
523 996 1
524 821 1
524 968 1
525 764 1
525 1079 1
525 1227 1
525 1271 1
526 719 1
526 878 1
526 883 1
526 893 1
526 998 1
526 1129 1
526 1167 1
528 1139 1
529 548 1
529 738 1
529 804 1
529 820 1
529 842 1
529 868 1
529 1085 1
529 1206 1
530 725 1
531 717 1
531 872 1
531 1083 1
532 670 1
532 989 1
532 1084 1
533 1181 1
534 544 1
534 773 1
534 1025 1
534 1069 1
534 1111 1
534 1300 1
535 559 1
535 1099 1
535 1265 1
536 646 1
537 556 1
538 639 1
538 847 1
538 876 1
539 689 1
539 1013 1
540 583 1
540 970 1
540 1093 1
542 1122 1
543 1099 1
543 1237 1
544 581 1
544 655 1
544 942 1
544 1094 1
546 936 1
546 1002 1
548 553 1
548 565 1
548 777 1
548 1041 1
548 1044 1
549 777 1
550 1028 1
551 571 1
551 857 1
551 1262 1
552 621 1
552 1196 1
555 663 1
555 716 1
555 1077 1
555 1102 1
555 1219 1
555 1289 1
556 908 1
557 560 1
557 924 1
557 1045 1
559 658 1
559 717 1
559 783 1
559 802 1
559 815 1
559 948 1
559 1265 1
559 1277 1
560 849 1
560 1281 1
561 700 1
561 814 1
561 895 1
561 974 1
561 1239 1
562 1198 1
562 1225 1
563 956 1
564 1199 1
565 614 1
565 865 1
565 891 1
567 612 1
568 638 1
568 1038 1
568 1206 1
568 1239 1
569 1126 1
570 765 1
570 862 1
570 985 1
570 1047 1
570 1279 1
572 1264 1
573 692 1
573 772 1
573 831 1
573 1050 1
574 597 1
574 815 1
574 866 1
574 1145 1
574 1151 1
574 1178 1
575 580 1
576 1156 1
577 735 1
578 955 1
578 1123 1
579 581 1
579 1230 1
581 1187 1
581 1229 1
582 618 1
582 746 1
582 810 1
585 702 1
585 756 1
585 1084 1
586 1021 1
587 600 1
588 637 1
589 757 1
589 1128 1
589 1137 1
590 705 1
591 680 1
592 768 1
592 847 1
592 860 1
593 648 1
593 762 1
594 1293 1
595 826 1
595 1117 1
597 668 1
598 794 1
598 971 1
598 1152 1
598 1233 1
599 687 1
599 781 1
600 778 1
600 1235 1
602 643 1
602 910 1
602 1010 1
602 1075 1
603 634 1
603 754 1
603 850 1
604 661 1
604 912 1
605 762 1
605 1123 1
606 693 1
610 929 1
610 1015 1
611 836 1
613 949 1
613 1195 1
615 617 1
615 690 1
616 1247 1
618 705 1
618 822 1
618 1102 1
618 1263 1
619 866 1
622 1241 1
623 1006 1
625 659 1
625 667 1
625 671 1
625 758 1
625 1153 1
625 1244 1
626 893 1
627 938 1
628 639 1
628 1187 1
629 809 1
629 874 1
629 921 1
629 1040 1
629 1057 1
632 1019 1
634 825 1
634 1049 1
634 1231 1
635 873 1
635 997 1
635 1001 1
636 775 1
637 977 1
637 1104 1
638 718 1
638 1225 1
639 1138 1
641 660 1
641 699 1
641 815 1
641 830 1
641 852 1
641 1236 1
642 727 1
642 731 1
643 1001 1
644 1248 1
645 789 1
645 1037 1
646 796 1
646 1009 1
646 1071 1
646 1108 1
646 1114 1
646 1135 1
646 1164 1
647 698 1
647 884 1
648 1068 1
649 727 1
650 700 1
652 1235 1
653 1223 1
655 756 1
656 659 1
657 759 1
658 810 1
658 956 1
658 1202 1
659 776 1
659 970 1
661 889 1
662 786 1
662 928 1
662 1143 1
664 698 1
664 819 1
664 926 1
664 936 1
664 1228 1
666 674 1
666 728 1
666 922 1
666 990 1
667 676 1
667 888 1
667 971 1
668 851 1
668 1012 1
668 1199 1
669 677 1
669 1005 1
669 1236 1
670 1060 1
671 1192 1
672 901 1
673 817 1
673 1250 1
674 794 1
674 1000 1
674 1207 1
676 812 1
677 865 1
677 934 1
677 1279 1
677 1298 1
678 751 1
679 798 1
679 864 1
679 867 1
679 960 1
681 1101 1
682 1109 1
683 1226 1
683 1283 1
684 798 1
684 1220 1
685 800 1
685 963 1
687 1176 1
688 886 1
688 1029 1
689 1140 1
690 730 1
690 762 1
692 953 1
693 724 1
693 1211 1
694 761 1
694 770 1
694 887 1
694 1268 1
695 745 1
695 791 1
695 939 1
695 1198 1
695 1209 1
698 781 1
698 1284 1
699 1101 1
699 1194 1
700 947 1
701 925 1
701 1033 1
701 1243 1
703 712 1
703 732 1
704 1109 1
705 951 1
705 978 1
706 710 1
707 733 1
711 1247 1
712 849 1
712 922 1
712 1055 1
713 919 1
714 961 1
714 1221 1
714 1270 1
717 735 1
719 730 1
719 789 1
719 1136 1
719 1138 1
720 780 1
720 867 1
721 844 1
722 882 1
722 905 1
722 1059 1
725 1082 1
725 1162 1
726 985 1
727 1064 1
727 1139 1
727 1182 1
728 820 1
729 769 1
729 785 1
729 983 1
729 1172 1
730 830 1
730 850 1
731 739 1
731 806 1
732 1076 1
732 1269 1
733 742 1
733 770 1
735 1088 1
737 1144 1
738 790 1
739 750 1
739 905 1
739 981 1
739 1011 1
739 1105 1
740 1087 1
740 1123 1
741 750 1
741 1195 1
741 1265 1
742 925 1
742 993 1
742 1188 1
743 744 1
743 914 1
743 1048 1
744 804 1
744 885 1
744 1204 1
745 779 1
747 910 1
747 1255 1
749 964 1
749 967 1
749 1186 1
750 944 1
751 1113 1
752 1255 1
753 808 1
754 984 1
754 1030 1
754 1042 1
756 1203 1
757 877 1
759 962 1
759 986 1
762 1028 1
763 850 1
763 979 1
764 1090 1
764 1119 1
765 939 1
766 984 1
768 787 1
768 971 1
768 1065 1
768 1211 1
769 872 1
770 1168 1
771 800 1
771 934 1
771 994 1
771 1062 1
772 816 1
773 846 1
773 1016 1
773 1132 1
774 976 1
776 1099 1
777 946 1
778 819 1
780 887 1
780 1027 1
781 811 1
782 1061 1
782 1147 1
782 1253 1
786 994 1
787 964 1
788 870 1
788 882 1
788 1103 1
789 1019 1
789 1088 1
789 1177 1
790 950 1
790 958 1
791 982 1
792 978 1
793 1020 1
794 827 1
794 894 1
794 1194 1
794 1205 1
794 1254 1
796 889 1
796 913 1
797 1200 1
797 1293 1
799 1296 1
800 1206 1
801 1187 1
802 1092 1
802 1100 1
803 957 1
803 991 1
806 879 1
807 834 1
808 995 1
808 1191 1
809 1032 1
809 1145 1
812 958 1
813 1126 1
813 1286 1
813 1300 1
815 857 1
815 1127 1
817 1277 1
821 984 1
822 1024 1
824 932 1
824 1163 1
825 829 1
826 1021 1
827 865 1
827 996 1
828 1068 1
829 877 1
829 1209 1
830 950 1
830 1032 1
831 1297 1
832 917 1
832 1264 1
834 1114 1
835 871 1
835 975 1
835 1030 1
836 860 1
836 1169 1
836 1283 1
837 1005 1
837 1177 1
838 863 1
838 880 1
838 1004 1
838 1053 1
838 1164 1
838 1200 1
838 1208 1
838 1256 1
838 1295 1
839 1045 1
841 938 1
841 982 1
841 1260 1
842 1054 1
842 1124 1
843 1119 1
843 1141 1
843 1235 1
844 1025 1
845 896 1
845 991 1
845 1130 1
847 1055 1
847 1242 1
849 1185 1
850 966 1
851 1142 1
852 1058 1
852 1216 1
852 1232 1
852 1295 1
853 1080 1
853 1185 1
853 1208 1
854 904 1
854 1266 1
856 901 1
856 1278 1
857 1256 1
858 973 1
860 1281 1
862 1082 1
863 1237 1
864 1098 1
865 920 1
869 1093 1
870 905 1
870 1065 1
870 1087 1
870 1130 1
870 1281 1
872 1234 1
873 1015 1
873 1034 1
876 947 1
877 997 1
877 1072 1
878 954 1
878 1019 1
878 1233 1
879 1192 1
882 1004 1
884 1247 1
885 1208 1
886 1090 1
887 1181 1
888 898 1
888 1219 1
891 1062 1
892 893 1
892 1003 1
892 1243 1
896 1200 1
898 1281 1
899 929 1
900 974 1
902 1091 1
902 1268 1
904 1128 1
907 925 1
907 1064 1
907 1171 1
910 1291 1
912 1148 1
912 1242 1
914 1068 1
915 1239 1
917 1227 1
918 1029 1
918 1298 1
919 1270 1
923 1010 1
924 1067 1
928 1032 1
931 1094 1
931 1131 1
933 942 1
933 1056 1
933 1296 1
935 1272 1
936 1025 1
939 1115 1
942 944 1
942 1129 1
942 1272 1
945 1186 1
948 1125 1
950 1254 1
955 1010 1
956 1287 1
958 1223 1
959 1028 1
962 986 1
964 1180 1
965 1007 1
966 1251 1
972 1026 1
973 1150 1
978 1285 1
980 1146 1
980 1280 1
981 1056 1
982 1064 1
983 1034 1
983 1086 1
984 1003 1
984 1134 1
988 1249 1
990 1188 1
990 1298 1
991 1027 1
992 1070 1
992 1197 1
996 1035 1
998 1053 1
1000 1149 1
1001 1072 1
1001 1074 1
1001 1100 1
1002 1222 1
1002 1275 1
1005 1270 1
1007 1131 1
1007 1229 1
1014 1158 1
1015 1127 1
1016 1172 1
1016 1276 1
1019 1141 1
1023 1104 1
1025 1077 1
1027 1153 1
1027 1157 1
1038 1088 1
1039 1059 1
1039 1157 1
1041 1202 1
1048 1157 1
1054 1099 1
1058 1102 1
1060 1150 1
1064 1282 1
1067 1220 1
1069 1282 1
1070 1096 1
1070 1177 1
1073 1238 1
1073 1264 1
1074 1079 1
1084 1222 1
1085 1256 1
1086 1230 1
1087 1252 1
1091 1180 1
1092 1145 1
1094 1232 1
1094 1286 1
1095 1098 1
1095 1215 1
1098 1292 1
1106 1110 1
1107 1154 1
1108 1171 1
1108 1217 1
1109 1211 1
1116 1162 1
1118 1179 1
1129 1151 1
1133 1197 1
1133 1234 1
1135 1213 1
1136 1195 1
1139 1144 1
1140 1167 1
1142 1218 1
1147 1180 1
1147 1254 1
1148 1166 1
1148 1213 1
1154 1198 1
1158 1193 1
1158 1234 1
1160 1224 1
1161 1210 1
1162 1186 1
1170 1172 1
1183 1189 1
1187 1287 1
1189 1231 1
1189 1283 1
1218 1266 1
1226 1278 1
1228 1299 1
1230 1288 1
1239 1294 1
1248 1273 1
1248 1284 1
1249 1260 1
1257 1298 1
