1000 3984 
1 2 1
1 3 1
1 4 1
1 5 1
1 6 1
1 7 1
1 9 1
1 10 1
1 11 1
1 13 1
1 16 1
1 17 1
1 19 1
1 22 1
1 23 1
1 24 1
1 25 1
1 27 1
1 28 1
1 30 1
1 31 1
1 33 1
1 36 1
1 38 1
1 40 1
1 43 1
1 48 1
1 52 1
1 55 1
1 60 1
1 72 1
1 73 1
1 83 1
1 102 1
1 118 1
1 125 1
1 127 1
1 129 1
1 130 1
1 135 1
1 139 1
1 144 1
1 147 1
1 148 1
1 165 1
1 171 1
1 186 1
1 191 1
1 213 1
1 215 1
1 216 1
1 217 1
1 221 1
1 232 1
1 241 1
1 252 1
1 256 1
1 261 1
1 263 1
1 264 1
1 270 1
1 277 1
1 288 1
1 295 1
1 300 1
1 316 1
1 321 1
1 323 1
1 333 1
1 348 1
1 353 1
1 354 1
1 377 1
1 391 1
1 403 1
1 406 1
1 410 1
1 411 1
1 431 1
1 434 1
1 443 1
1 444 1
1 447 1
1 459 1
1 490 1
1 499 1
1 529 1
1 547 1
1 552 1
1 582 1
1 607 1
1 616 1
1 630 1
1 639 1
1 655 1
1 656 1
1 669 1
1 694 1
1 701 1
1 706 1
1 719 1
1 737 1
1 742 1
1 743 1
1 747 1
1 755 1
1 764 1
1 768 1
1 836 1
1 842 1
1 859 1
1 934 1
1 938 1
1 972 1
1 975 1
1 976 1
2 7 1
2 14 1
2 18 1
2 25 1
2 45 1
2 48 1
2 100 1
2 118 1
2 149 1
2 151 1
2 175 1
2 178 1
2 262 1
2 322 1
2 382 1
2 383 1
2 425 1
2 429 1
2 540 1
2 566 1
2 609 1
2 618 1
2 665 1
2 675 1
2 702 1
2 885 1
2 892 1
2 972 1
3 6 1
3 7 1
3 10 1
3 25 1
3 26 1
3 33 1
3 45 1
3 46 1
3 58 1
3 74 1
3 76 1
3 89 1
3 122 1
3 130 1
3 131 1
3 158 1
3 220 1
3 286 1
3 304 1
3 335 1
3 378 1
3 428 1
3 466 1
3 472 1
3 474 1
3 522 1
3 570 1
3 590 1
3 614 1
3 681 1
3 721 1
3 818 1
3 848 1
4 6 1
4 8 1
4 9 1
4 10 1
4 13 1
4 16 1
4 18 1
4 20 1
4 21 1
4 22 1
4 24 1
4 26 1
4 27 1
4 30 1
4 39 1
4 44 1
4 47 1
4 51 1
4 53 1
4 59 1
4 66 1
4 76 1
4 78 1
4 82 1
4 84 1
4 86 1
4 88 1
4 99 1
4 100 1
4 104 1
4 114 1
4 115 1
4 116 1
4 121 1
4 132 1
4 134 1
4 138 1
4 149 1
4 159 1
4 180 1
4 186 1
4 203 1
4 204 1
4 220 1
4 240 1
4 245 1
4 256 1
4 266 1
4 308 1
4 319 1
4 332 1
4 377 1
4 416 1
4 434 1
4 460 1
4 511 1
4 520 1
4 569 1
4 576 1
4 590 1
4 622 1
4 624 1
4 641 1
4 672 1
4 675 1
4 695 1
4 707 1
4 717 1
4 752 1
4 761 1
4 767 1
4 785 1
4 809 1
4 812 1
4 814 1
4 858 1
4 885 1
4 906 1
4 952 1
4 969 1
4 989 1
5 6 1
5 8 1
5 11 1
5 13 1
5 19 1
5 21 1
5 22 1
5 31 1
5 35 1
5 36 1
5 40 1
5 53 1
5 55 1
5 56 1
5 59 1
5 60 1
5 70 1
5 72 1
5 74 1
5 79 1
5 85 1
5 90 1
5 95 1
5 97 1
5 103 1
5 108 1
5 114 1
5 123 1
5 128 1
5 157 1
5 171 1
5 184 1
5 188 1
5 227 1
5 229 1
5 243 1
5 259 1
5 275 1
5 340 1
5 396 1
5 402 1
5 405 1
5 412 1
5 448 1
5 451 1
5 454 1
5 458 1
5 470 1
5 476 1
5 480 1
5 500 1
5 520 1
5 525 1
5 551 1
5 580 1
5 602 1
5 622 1
5 661 1
5 693 1
5 763 1
5 770 1
5 774 1
5 780 1
5 807 1
5 809 1
5 911 1
5 967 1
6 7 1
6 8 1
6 9 1
6 11 1
6 12 1
6 16 1
6 21 1
6 36 1
6 37 1
6 41 1
6 70 1
6 101 1
6 105 1
6 106 1
6 113 1
6 116 1
6 117 1
6 127 1
6 128 1
6 132 1
6 162 1
6 174 1
6 193 1
6 195 1
6 205 1
6 235 1
6 238 1
6 265 1
6 293 1
6 360 1
6 370 1
6 436 1
6 450 1
6 483 1
6 485 1
6 505 1
6 520 1
6 529 1
6 573 1
6 589 1
6 608 1
6 617 1
6 651 1
6 668 1
6 689 1
6 723 1
6 758 1
6 805 1
6 871 1
6 892 1
6 901 1
6 948 1
6 993 1
6 994 1
7 8 1
7 10 1
7 12 1
7 15 1
7 17 1
7 19 1
7 20 1
7 37 1
7 39 1
7 40 1
7 45 1
7 54 1
7 57 1
7 69 1
7 74 1
7 75 1
7 77 1
7 80 1
7 83 1
7 87 1
7 99 1
7 120 1
7 125 1
7 127 1
7 147 1
7 153 1
7 156 1
7 190 1
7 191 1
7 195 1
7 210 1
7 216 1
7 219 1
7 224 1
7 228 1
7 244 1
7 253 1
7 259 1
7 262 1
7 276 1
7 286 1
7 289 1
7 306 1
7 315 1
7 318 1
7 325 1
7 359 1
7 397 1
7 435 1
7 478 1
7 531 1
7 565 1
7 575 1
7 581 1
7 583 1
7 624 1
7 648 1
7 688 1
7 699 1
7 741 1
7 759 1
7 772 1
7 777 1
7 813 1
7 814 1
7 871 1
7 879 1
7 887 1
7 939 1
7 984 1
7 993 1
8 9 1
8 20 1
8 35 1
8 38 1
8 41 1
8 45 1
8 47 1
8 52 1
8 80 1
8 86 1
8 87 1
8 101 1
8 111 1
8 153 1
8 156 1
8 163 1
8 180 1
8 197 1
8 203 1
8 239 1
8 266 1
8 284 1
8 335 1
8 401 1
8 411 1
8 412 1
8 416 1
8 423 1
8 489 1
8 516 1
8 648 1
8 654 1
8 717 1
8 829 1
8 881 1
8 898 1
8 944 1
8 995 1
9 15 1
9 63 1
9 68 1
9 70 1
9 123 1
9 134 1
9 136 1
9 137 1
9 171 1
9 202 1
9 210 1
9 325 1
9 339 1
9 492 1
9 515 1
9 615 1
9 628 1
9 654 1
9 751 1
9 857 1
10 11 1
10 12 1
10 13 1
10 15 1
10 23 1
10 41 1
10 50 1
10 56 1
10 58 1
10 79 1
10 86 1
10 97 1
10 106 1
10 137 1
10 160 1
10 172 1
10 178 1
10 280 1
10 289 1
10 376 1
10 378 1
10 419 1
10 463 1
10 611 1
10 814 1
11 12 1
11 14 1
11 15 1
11 16 1
11 19 1
11 20 1
11 24 1
11 25 1
11 29 1
11 30 1
11 32 1
11 35 1
11 39 1
11 46 1
11 51 1
11 52 1
11 60 1
11 61 1
11 65 1
11 75 1
11 88 1
11 92 1
11 101 1
11 119 1
11 122 1
11 131 1
11 140 1
11 146 1
11 151 1
11 154 1
11 163 1
11 227 1
11 229 1
11 231 1
11 257 1
11 287 1
11 290 1
11 306 1
11 335 1
11 350 1
11 352 1
11 380 1
11 381 1
11 411 1
11 437 1
11 457 1
11 475 1
11 500 1
11 502 1
11 504 1
11 523 1
11 551 1
11 583 1
11 585 1
11 611 1
11 612 1
11 709 1
11 727 1
11 729 1
11 780 1
11 798 1
11 818 1
11 824 1
11 831 1
11 876 1
11 888 1
11 896 1
11 930 1
11 934 1
12 14 1
12 17 1
12 23 1
12 31 1
12 32 1
12 38 1
12 50 1
12 59 1
12 79 1
12 84 1
12 94 1
12 209 1
12 228 1
12 258 1
12 392 1
12 393 1
12 399 1
12 401 1
12 404 1
12 702 1
12 834 1
12 868 1
12 872 1
12 878 1
13 14 1
13 22 1
13 28 1
13 59 1
13 97 1
13 103 1
13 136 1
13 160 1
13 184 1
13 268 1
13 270 1
13 272 1
13 289 1
13 299 1
13 382 1
13 423 1
13 434 1
13 482 1
13 498 1
13 528 1
13 632 1
13 692 1
13 771 1
13 790 1
13 853 1
13 900 1
13 942 1
14 17 1
14 21 1
14 26 1
14 34 1
14 37 1
14 66 1
14 75 1
14 85 1
14 111 1
14 141 1
14 269 1
14 272 1
14 300 1
14 337 1
14 367 1
14 438 1
14 459 1
14 509 1
14 584 1
14 594 1
14 600 1
14 700 1
14 899 1
14 900 1
14 916 1
14 925 1
14 973 1
14 977 1
14 988 1
15 18 1
15 24 1
15 26 1
15 61 1
15 64 1
15 71 1
15 91 1
15 105 1
15 131 1
15 143 1
15 158 1
15 208 1
15 283 1
15 303 1
15 333 1
15 426 1
15 450 1
15 468 1
15 498 1
15 572 1
15 632 1
15 635 1
15 642 1
15 737 1
15 750 1
15 767 1
15 779 1
15 784 1
15 930 1
15 954 1
15 956 1
15 968 1
16 29 1
16 32 1
16 62 1
16 64 1
16 71 1
16 73 1
16 89 1
16 110 1
16 120 1
16 129 1
16 135 1
16 136 1
16 141 1
16 148 1
16 150 1
16 183 1
16 187 1
16 199 1
16 201 1
16 220 1
16 221 1
16 224 1
16 233 1
16 256 1
16 258 1
16 313 1
16 325 1
16 328 1
16 374 1
16 375 1
16 409 1
16 430 1
16 457 1
16 459 1
16 468 1
16 476 1
16 486 1
16 487 1
16 497 1
16 499 1
16 509 1
16 554 1
16 557 1
16 560 1
16 593 1
16 611 1
16 617 1
16 641 1
16 689 1
16 698 1
16 699 1
16 727 1
16 730 1
16 758 1
16 788 1
16 811 1
16 827 1
16 895 1
16 972 1
17 18 1
17 27 1
17 34 1
17 62 1
17 65 1
17 80 1
17 82 1
17 95 1
17 120 1
17 138 1
17 196 1
17 203 1
17 232 1
17 311 1
17 330 1
17 428 1
17 429 1
17 494 1
17 517 1
17 522 1
17 578 1
17 601 1
17 645 1
17 741 1
17 772 1
17 799 1
17 924 1
17 928 1
18 53 1
18 61 1
18 67 1
18 81 1
18 85 1
18 167 1
18 199 1
18 210 1
18 236 1
18 240 1
18 284 1
18 286 1
18 287 1
18 295 1
18 298 1
18 330 1
18 336 1
18 349 1
18 354 1
18 415 1
18 426 1
18 462 1
18 495 1
18 510 1
18 607 1
18 647 1
18 672 1
18 687 1
18 769 1
18 856 1
19 32 1
19 39 1
19 41 1
19 61 1
19 90 1
19 117 1
19 159 1
19 167 1
19 215 1
19 242 1
19 248 1
19 250 1
19 260 1
19 275 1
19 326 1
19 338 1
19 345 1
19 364 1
19 369 1
19 393 1
19 404 1
19 442 1
19 475 1
19 477 1
19 517 1
19 591 1
19 593 1
19 597 1
19 606 1
19 782 1
19 783 1
19 803 1
19 841 1
19 912 1
19 941 1
19 947 1
19 985 1
20 29 1
20 30 1
20 36 1
20 42 1
20 55 1
20 62 1
20 69 1
20 90 1
20 109 1
20 152 1
20 180 1
20 189 1
20 206 1
20 223 1
20 394 1
20 422 1
20 425 1
20 456 1
20 464 1
20 476 1
20 478 1
20 494 1
20 575 1
20 587 1
20 644 1
20 650 1
20 668 1
20 673 1
20 681 1
20 699 1
20 705 1
20 713 1
20 800 1
20 893 1
20 904 1
20 911 1
20 959 1
21 31 1
21 54 1
21 71 1
21 158 1
21 169 1
21 191 1
21 236 1
21 248 1
21 318 1
21 467 1
21 483 1
21 536 1
21 772 1
21 817 1
22 23 1
22 27 1
22 28 1
22 43 1
22 49 1
22 54 1
22 58 1
22 63 1
22 67 1
22 75 1
22 86 1
22 91 1
22 92 1
22 96 1
22 122 1
22 123 1
22 125 1
22 133 1
22 150 1
22 153 1
22 162 1
22 194 1
22 196 1
22 204 1
22 212 1
22 214 1
22 242 1
22 265 1
22 276 1
22 322 1
22 336 1
22 337 1
22 367 1
22 441 1
22 475 1
22 568 1
22 573 1
22 574 1
22 576 1
22 626 1
22 677 1
22 705 1
22 736 1
22 752 1
22 776 1
22 926 1
22 930 1
23 42 1
23 84 1
23 143 1
23 247 1
23 253 1
23 298 1
23 421 1
23 555 1
23 590 1
23 664 1
23 726 1
23 827 1
23 845 1
23 991 1
24 28 1
24 29 1
24 42 1
24 46 1
24 48 1
24 49 1
24 50 1
24 51 1
24 77 1
24 78 1
24 94 1
24 105 1
24 109 1
24 112 1
24 186 1
24 188 1
24 192 1
24 194 1
24 210 1
24 246 1
24 250 1
24 256 1
24 261 1
24 302 1
24 309 1
24 320 1
24 362 1
24 387 1
24 396 1
24 399 1
24 429 1
24 511 1
24 514 1
24 550 1
24 559 1
24 584 1
24 599 1
24 604 1
24 606 1
24 608 1
24 633 1
24 638 1
24 657 1
24 692 1
24 744 1
24 821 1
24 912 1
24 936 1
24 987 1
24 1000 1
25 35 1
25 43 1
25 44 1
25 48 1
25 53 1
25 54 1
25 70 1
25 72 1
25 95 1
25 99 1
25 119 1
25 133 1
25 157 1
25 169 1
25 278 1
25 280 1
25 286 1
25 310 1
25 322 1
25 323 1
25 327 1
25 397 1
25 411 1
25 414 1
25 427 1
25 441 1
25 495 1
25 536 1
25 559 1
25 643 1
25 690 1
25 753 1
25 761 1
25 777 1
25 804 1
25 822 1
25 844 1
25 880 1
26 62 1
26 326 1
26 400 1
26 550 1
26 750 1
27 37 1
27 38 1
27 132 1
27 234 1
27 947 1
28 33 1
28 34 1
28 47 1
28 51 1
28 73 1
28 93 1
28 173 1
28 181 1
28 185 1
28 198 1
28 231 1
28 261 1
28 268 1
28 306 1
28 390 1
28 423 1
28 472 1
28 479 1
28 491 1
28 492 1
28 513 1
28 591 1
28 595 1
28 596 1
28 597 1
28 608 1
28 630 1
28 646 1
28 753 1
28 755 1
28 795 1
28 828 1
28 866 1
29 34 1
29 58 1
29 205 1
29 208 1
29 209 1
29 217 1
29 248 1
29 307 1
29 590 1
29 666 1
29 672 1
29 801 1
29 879 1
29 915 1
29 961 1
30 74 1
30 82 1
30 158 1
30 179 1
30 185 1
30 186 1
30 191 1
30 212 1
30 214 1
30 329 1
30 351 1
30 360 1
30 476 1
30 518 1
30 685 1
30 706 1
30 721 1
30 731 1
30 779 1
30 864 1
30 868 1
30 952 1
30 983 1
31 40 1
31 67 1
31 93 1
31 122 1
31 124 1
31 161 1
31 246 1
31 355 1
31 376 1
31 923 1
32 33 1
32 44 1
32 88 1
32 93 1
32 102 1
32 112 1
32 130 1
32 283 1
32 333 1
32 343 1
32 473 1
32 529 1
32 693 1
32 698 1
32 710 1
32 733 1
32 744 1
32 764 1
32 993 1
33 43 1
33 68 1
33 172 1
33 177 1
33 221 1
33 271 1
33 366 1
33 390 1
33 423 1
33 465 1
33 501 1
33 556 1
33 562 1
33 604 1
33 645 1
33 647 1
33 725 1
33 861 1
33 925 1
34 52 1
34 63 1
34 81 1
34 89 1
34 108 1
34 109 1
34 110 1
34 111 1
34 192 1
34 243 1
34 248 1
34 254 1
34 293 1
34 347 1
34 370 1
34 565 1
34 784 1
34 819 1
34 849 1
35 104 1
35 141 1
35 150 1
35 156 1
35 211 1
35 241 1
35 280 1
35 433 1
35 442 1
35 620 1
35 737 1
35 863 1
35 981 1
36 55 1
36 142 1
36 154 1
36 166 1
36 176 1
36 627 1
36 787 1
36 822 1
37 98 1
37 111 1
37 267 1
37 290 1
37 317 1
37 368 1
37 379 1
37 438 1
37 569 1
37 588 1
37 629 1
37 679 1
37 711 1
37 721 1
37 820 1
37 908 1
37 970 1
38 42 1
38 77 1
38 159 1
38 162 1
38 226 1
38 269 1
38 301 1
38 393 1
38 399 1
38 408 1
38 526 1
38 884 1
39 44 1
39 50 1
39 64 1
39 92 1
39 133 1
39 211 1
39 242 1
39 259 1
39 273 1
39 402 1
39 445 1
39 473 1
39 488 1
39 501 1
39 537 1
39 546 1
39 549 1
39 585 1
39 612 1
39 716 1
39 755 1
39 780 1
39 815 1
39 850 1
40 88 1
40 94 1
40 113 1
40 126 1
40 278 1
40 293 1
40 341 1
40 413 1
40 469 1
40 505 1
40 732 1
40 969 1
41 46 1
41 47 1
41 49 1
41 95 1
41 102 1
41 108 1
41 114 1
41 152 1
41 168 1
41 173 1
41 212 1
41 241 1
41 260 1
41 267 1
41 346 1
41 374 1
41 396 1
41 442 1
41 447 1
41 528 1
41 582 1
41 704 1
41 908 1
41 929 1
41 957 1
41 970 1
42 72 1
42 96 1
42 104 1
42 181 1
42 182 1
42 229 1
42 277 1
42 312 1
42 391 1
42 427 1
42 463 1
42 516 1
42 533 1
42 553 1
42 683 1
42 736 1
42 827 1
42 859 1
42 873 1
42 937 1
42 953 1
42 960 1
42 989 1
43 98 1
43 100 1
43 121 1
43 164 1
43 202 1
43 306 1
43 338 1
43 351 1
43 355 1
43 449 1
43 507 1
43 716 1
43 725 1
43 764 1
44 57 1
44 123 1
44 124 1
44 246 1
44 254 1
44 273 1
44 324 1
44 464 1
44 506 1
44 539 1
44 609 1
44 620 1
44 659 1
44 668 1
44 669 1
44 790 1
44 800 1
44 891 1
44 963 1
44 997 1
45 69 1
45 76 1
45 78 1
45 107 1
45 166 1
45 168 1
45 184 1
45 295 1
45 324 1
45 338 1
45 387 1
45 400 1
45 414 1
45 622 1
45 724 1
45 864 1
46 194 1
46 201 1
46 285 1
46 331 1
46 421 1
46 432 1
46 482 1
46 573 1
46 716 1
46 877 1
46 982 1
47 49 1
47 57 1
47 131 1
47 144 1
47 155 1
47 209 1
47 267 1
47 326 1
47 389 1
47 395 1
47 611 1
47 808 1
47 905 1
48 69 1
48 113 1
48 144 1
48 170 1
48 221 1
48 250 1
48 255 1
48 283 1
48 291 1
48 305 1
48 455 1
48 623 1
48 634 1
48 669 1
48 710 1
48 711 1
48 778 1
48 799 1
48 885 1
48 906 1
49 66 1
49 154 1
49 215 1
49 230 1
49 257 1
49 259 1
49 296 1
49 362 1
49 398 1
49 472 1
49 481 1
49 517 1
49 554 1
49 567 1
49 602 1
49 640 1
49 740 1
49 882 1
49 898 1
49 899 1
49 948 1
49 984 1
50 56 1
50 66 1
50 67 1
50 71 1
50 93 1
50 99 1
50 106 1
50 150 1
50 170 1
50 219 1
50 235 1
50 619 1
50 652 1
50 933 1
51 63 1
51 82 1
51 101 1
51 139 1
51 160 1
51 225 1
51 258 1
51 521 1
51 522 1
51 618 1
51 708 1
51 831 1
51 880 1
51 951 1
52 56 1
52 433 1
52 436 1
52 773 1
52 913 1
53 126 1
53 174 1
53 219 1
53 269 1
53 310 1
53 627 1
53 635 1
54 175 1
54 274 1
54 560 1
54 687 1
54 778 1
55 57 1
55 64 1
55 65 1
55 117 1
55 169 1
55 176 1
55 177 1
55 320 1
55 540 1
55 575 1
55 841 1
56 97 1
56 161 1
56 173 1
56 180 1
56 235 1
56 249 1
56 303 1
56 323 1
56 339 1
56 485 1
56 642 1
56 676 1
56 851 1
56 887 1
56 892 1
56 943 1
56 953 1
57 207 1
57 293 1
57 667 1
58 60 1
58 114 1
58 252 1
58 301 1
58 313 1
58 424 1
58 444 1
58 481 1
58 532 1
58 593 1
58 680 1
58 830 1
59 85 1
59 98 1
59 104 1
59 107 1
59 108 1
59 130 1
59 142 1
59 148 1
59 190 1
59 213 1
59 233 1
59 365 1
59 395 1
59 561 1
59 591 1
59 595 1
59 620 1
59 662 1
59 767 1
59 789 1
59 924 1
60 81 1
60 90 1
60 142 1
60 206 1
60 262 1
60 299 1
60 314 1
60 364 1
60 446 1
60 453 1
60 467 1
60 475 1
60 526 1
60 532 1
60 544 1
60 658 1
60 673 1
60 843 1
61 162 1
61 196 1
61 270 1
61 341 1
61 496 1
61 639 1
61 676 1
61 861 1
61 882 1
61 979 1
62 73 1
62 94 1
62 128 1
62 301 1
62 407 1
62 427 1
62 493 1
62 609 1
62 720 1
62 897 1
62 908 1
63 65 1
63 145 1
63 283 1
63 312 1
63 359 1
63 415 1
63 451 1
63 484 1
63 500 1
63 545 1
63 658 1
63 686 1
63 765 1
63 888 1
64 68 1
64 193 1
64 218 1
64 226 1
64 227 1
64 272 1
64 318 1
64 410 1
64 413 1
64 547 1
64 638 1
64 661 1
64 662 1
64 741 1
64 981 1
65 357 1
65 461 1
65 685 1
65 745 1
65 982 1
66 456 1
66 719 1
67 68 1
67 77 1
67 78 1
67 451 1
67 560 1
67 577 1
67 938 1
68 173 1
68 197 1
68 380 1
68 568 1
68 643 1
68 946 1
69 222 1
69 244 1
69 373 1
69 397 1
69 471 1
69 542 1
69 655 1
70 76 1
70 96 1
71 112 1
71 132 1
71 149 1
71 176 1
71 183 1
71 198 1
71 208 1
71 282 1
71 323 1
71 336 1
71 393 1
71 521 1
71 530 1
71 532 1
71 541 1
71 641 1
71 849 1
72 87 1
72 124 1
72 125 1
72 326 1
72 334 1
72 344 1
72 437 1
72 455 1
72 527 1
72 660 1
72 823 1
73 80 1
73 100 1
73 129 1
73 138 1
73 279 1
73 301 1
73 333 1
73 392 1
73 405 1
73 642 1
73 650 1
73 801 1
73 861 1
73 889 1
74 103 1
74 115 1
74 126 1
74 144 1
74 174 1
74 343 1
74 424 1
74 443 1
74 486 1
74 514 1
74 764 1
74 807 1
74 840 1
75 79 1
75 142 1
75 207 1
75 490 1
75 607 1
75 928 1
75 951 1
76 155 1
76 189 1
76 212 1
76 245 1
76 249 1
76 285 1
76 309 1
76 454 1
76 487 1
77 81 1
77 83 1
77 87 1
77 96 1
77 179 1
77 211 1
77 223 1
77 357 1
77 387 1
77 401 1
77 454 1
77 512 1
77 523 1
77 567 1
77 571 1
77 600 1
77 635 1
77 915 1
77 921 1
78 84 1
78 120 1
78 251 1
78 327 1
78 422 1
78 437 1
78 461 1
78 543 1
78 658 1
78 747 1
78 775 1
78 791 1
78 907 1
79 161 1
80 83 1
80 375 1
80 406 1
80 637 1
81 167 1
81 168 1
81 236 1
81 263 1
81 280 1
81 632 1
81 667 1
81 708 1
81 794 1
82 116 1
82 154 1
82 171 1
82 318 1
82 325 1
82 469 1
82 540 1
82 620 1
82 660 1
82 748 1
82 882 1
83 89 1
83 200 1
83 222 1
83 407 1
83 485 1
83 555 1
83 851 1
83 858 1
84 91 1
84 163 1
84 192 1
84 307 1
84 379 1
84 408 1
84 531 1
84 601 1
85 109 1
85 127 1
85 140 1
85 146 1
85 165 1
85 193 1
85 243 1
85 276 1
85 298 1
85 311 1
85 398 1
85 422 1
85 489 1
85 538 1
85 586 1
85 599 1
85 697 1
85 729 1
85 834 1
85 894 1
85 897 1
86 147 1
86 597 1
86 775 1
87 115 1
87 169 1
87 339 1
87 345 1
87 389 1
87 430 1
87 693 1
87 781 1
87 914 1
88 91 1
88 92 1
88 103 1
88 107 1
88 124 1
88 140 1
88 168 1
88 189 1
88 240 1
88 250 1
88 297 1
88 312 1
88 385 1
88 404 1
88 436 1
88 448 1
88 464 1
88 515 1
88 539 1
88 598 1
88 680 1
88 690 1
88 691 1
88 751 1
88 862 1
88 913 1
88 969 1
88 1000 1
89 110 1
89 117 1
89 118 1
89 178 1
89 190 1
89 195 1
89 231 1
89 268 1
89 274 1
89 388 1
89 500 1
89 776 1
89 811 1
90 98 1
90 139 1
90 315 1
90 357 1
90 466 1
90 576 1
90 636 1
90 817 1
90 893 1
91 164 1
91 331 1
91 458 1
91 626 1
91 898 1
92 102 1
92 213 1
92 497 1
92 600 1
92 606 1
92 842 1
93 118 1
93 155 1
93 176 1
93 200 1
93 206 1
93 251 1
93 281 1
93 345 1
93 373 1
93 386 1
93 421 1
93 449 1
93 451 1
93 711 1
93 750 1
93 802 1
93 980 1
94 151 1
94 156 1
94 287 1
94 346 1
94 482 1
94 544 1
94 619 1
94 718 1
94 881 1
94 884 1
95 115 1
95 116 1
95 225 1
95 239 1
95 264 1
95 440 1
95 578 1
95 630 1
95 633 1
95 670 1
95 932 1
95 956 1
96 134 1
96 137 1
96 197 1
96 225 1
96 253 1
96 346 1
96 348 1
96 446 1
96 508 1
96 676 1
96 691 1
97 105 1
97 121 1
97 139 1
97 236 1
97 321 1
97 330 1
97 435 1
97 525 1
97 734 1
97 898 1
98 135 1
98 295 1
98 303 1
98 310 1
98 319 1
98 491 1
98 735 1
98 909 1
99 192 1
99 281 1
99 304 1
99 352 1
99 406 1
99 462 1
99 646 1
100 230 1
100 452 1
100 469 1
100 531 1
101 113 1
101 483 1
101 485 1
101 574 1
101 624 1
101 674 1
102 853 1
103 106 1
103 121 1
103 143 1
103 145 1
103 174 1
103 187 1
103 189 1
103 228 1
103 240 1
103 271 1
103 279 1
103 282 1
103 328 1
103 360 1
103 363 1
103 435 1
103 443 1
103 446 1
103 510 1
103 519 1
103 530 1
103 545 1
103 579 1
103 678 1
103 884 1
103 900 1
103 945 1
103 961 1
104 119 1
104 129 1
104 183 1
104 350 1
104 363 1
104 394 1
104 397 1
104 792 1
104 910 1
105 110 1
105 195 1
105 196 1
105 334 1
105 655 1
105 892 1
105 893 1
105 953 1
106 107 1
106 119 1
106 126 1
106 133 1
106 136 1
106 490 1
106 501 1
106 595 1
106 665 1
106 921 1
107 175 1
107 218 1
107 247 1
107 307 1
107 380 1
107 414 1
107 465 1
107 496 1
107 558 1
107 698 1
107 735 1
107 757 1
107 801 1
107 912 1
107 915 1
107 938 1
108 112 1
108 137 1
108 149 1
108 403 1
108 424 1
108 696 1
108 731 1
108 818 1
108 867 1
108 872 1
108 945 1
109 155 1
109 207 1
109 224 1
109 368 1
109 683 1
109 712 1
109 717 1
109 919 1
110 135 1
110 273 1
110 414 1
110 416 1
110 503 1
110 805 1
110 852 1
111 172 1
111 249 1
111 472 1
112 147 1
112 165 1
112 342 1
112 383 1
112 508 1
112 728 1
112 913 1
112 994 1
113 159 1
113 670 1
113 982 1
114 141 1
114 164 1
114 175 1
114 183 1
114 219 1
114 220 1
114 328 1
114 373 1
114 427 1
114 466 1
114 468 1
114 519 1
114 934 1
115 143 1
115 292 1
115 484 1
115 921 1
115 990 1
116 161 1
116 209 1
116 272 1
116 501 1
116 521 1
116 876 1
116 976 1
117 138 1
117 148 1
117 277 1
117 304 1
117 316 1
117 484 1
117 567 1
117 591 1
117 815 1
117 848 1
117 968 1
117 999 1
118 198 1
118 238 1
118 251 1
118 401 1
118 404 1
118 421 1
118 425 1
118 519 1
118 592 1
118 663 1
118 679 1
118 744 1
118 824 1
119 146 1
120 556 1
120 578 1
120 854 1
121 128 1
121 263 1
121 266 1
121 344 1
121 402 1
121 553 1
121 593 1
121 602 1
121 719 1
121 828 1
121 849 1
122 317 1
122 684 1
123 255 1
123 409 1
123 520 1
123 671 1
123 711 1
123 829 1
124 254 1
124 314 1
124 460 1
124 463 1
124 585 1
125 152 1
125 181 1
125 498 1
125 757 1
126 152 1
126 218 1
126 358 1
126 377 1
126 571 1
126 731 1
126 781 1
126 910 1
127 134 1
127 228 1
127 258 1
127 264 1
127 694 1
127 860 1
128 146 1
128 153 1
128 164 1
128 206 1
128 347 1
128 375 1
128 398 1
128 448 1
128 549 1
128 559 1
128 569 1
128 770 1
129 182 1
129 537 1
129 939 1
130 160 1
130 170 1
130 194 1
130 254 1
130 302 1
130 322 1
130 417 1
130 453 1
130 507 1
130 759 1
131 151 1
131 163 1
131 224 1
131 269 1
131 315 1
131 328 1
131 343 1
131 400 1
131 410 1
131 417 1
131 980 1
131 996 1
132 317 1
132 321 1
132 368 1
132 865 1
133 749 1
133 754 1
133 832 1
133 971 1
134 226 1
134 342 1
134 514 1
134 825 1
134 839 1
134 918 1
134 964 1
135 202 1
136 198 1
136 203 1
136 471 1
136 483 1
136 997 1
137 305 1
137 378 1
137 582 1
137 612 1
137 695 1
137 835 1
137 878 1
138 140 1
138 145 1
138 157 1
138 170 1
138 279 1
138 281 1
138 282 1
138 341 1
138 368 1
138 426 1
138 439 1
138 478 1
138 541 1
138 712 1
138 748 1
138 816 1
138 873 1
138 951 1
139 253 1
139 273 1
139 299 1
139 324 1
139 353 1
139 514 1
139 586 1
139 746 1
139 837 1
139 869 1
140 218 1
140 237 1
140 241 1
140 292 1
140 337 1
140 346 1
140 370 1
140 384 1
140 509 1
140 699 1
140 744 1
140 796 1
140 838 1
140 847 1
141 145 1
141 165 1
141 190 1
141 205 1
141 217 1
141 244 1
141 308 1
141 412 1
141 477 1
141 621 1
141 757 1
141 769 1
141 816 1
141 854 1
142 172 1
142 201 1
142 214 1
142 407 1
142 729 1
142 787 1
143 157 1
143 390 1
143 506 1
143 616 1
144 187 1
144 312 1
144 343 1
144 350 1
144 518 1
144 846 1
145 200 1
145 230 1
145 302 1
145 313 1
145 417 1
145 502 1
145 738 1
146 167 1
146 177 1
146 204 1
146 215 1
146 257 1
146 332 1
146 387 1
146 412 1
146 605 1
146 662 1
146 697 1
146 715 1
146 814 1
146 973 1
147 193 1
147 197 1
147 204 1
147 281 1
147 319 1
147 360 1
147 366 1
147 419 1
147 534 1
147 571 1
147 685 1
147 689 1
147 747 1
147 762 1
147 774 1
147 782 1
147 804 1
147 940 1
148 166 1
148 202 1
148 257 1
148 445 1
148 697 1
148 802 1
148 817 1
148 906 1
149 229 1
149 380 1
149 679 1
149 918 1
150 185 1
150 200 1
150 207 1
150 211 1
150 334 1
150 353 1
150 370 1
150 653 1
150 670 1
151 185 1
151 232 1
151 291 1
151 523 1
151 651 1
151 652 1
152 181 1
152 998 1
153 568 1
153 686 1
153 718 1
153 746 1
153 778 1
153 913 1
154 182 1
154 271 1
154 282 1
154 372 1
154 474 1
154 503 1
154 511 1
154 530 1
154 720 1
154 836 1
155 182 1
155 214 1
155 216 1
155 310 1
155 383 1
155 420 1
155 614 1
155 627 1
155 666 1
155 688 1
155 926 1
156 275 1
156 350 1
156 694 1
156 709 1
156 914 1
157 213 1
157 428 1
157 488 1
157 496 1
157 548 1
157 663 1
157 687 1
157 958 1
158 166 1
158 450 1
158 470 1
158 638 1
158 639 1
158 734 1
158 837 1
158 867 1
158 929 1
158 949 1
159 188 1
159 379 1
159 563 1
159 610 1
159 732 1
159 819 1
159 911 1
160 465 1
160 555 1
160 613 1
160 738 1
160 829 1
160 873 1
161 199 1
161 217 1
161 222 1
161 274 1
161 294 1
161 305 1
161 388 1
161 548 1
161 637 1
161 824 1
161 868 1
161 946 1
162 265 1
162 345 1
162 366 1
162 382 1
162 468 1
162 656 1
162 661 1
162 722 1
162 766 1
162 784 1
162 911 1
163 702 1
163 714 1
163 760 1
163 950 1
164 242 1
164 264 1
164 279 1
164 449 1
164 495 1
164 522 1
165 223 1
165 300 1
165 303 1
165 574 1
165 647 1
165 790 1
165 858 1
166 267 1
166 587 1
166 644 1
166 792 1
166 942 1
167 179 1
167 188 1
167 205 1
167 294 1
167 336 1
167 359 1
167 361 1
167 388 1
167 581 1
167 592 1
167 635 1
167 782 1
167 968 1
168 569 1
169 549 1
169 691 1
169 705 1
169 730 1
169 874 1
169 949 1
170 230 1
170 348 1
170 352 1
170 374 1
170 416 1
170 477 1
170 541 1
170 656 1
170 751 1
170 763 1
171 178 1
171 252 1
171 415 1
171 455 1
171 495 1
172 537 1
172 828 1
172 924 1
173 233 1
173 266 1
173 365 1
173 469 1
173 541 1
173 580 1
173 665 1
173 713 1
173 797 1
173 983 1
174 201 1
174 331 1
174 351 1
174 977 1
174 979 1
174 981 1
174 990 1
175 177 1
175 179 1
175 235 1
175 358 1
175 409 1
175 463 1
175 564 1
175 804 1
175 964 1
175 996 1
176 208 1
176 245 1
176 246 1
176 654 1
176 900 1
177 187 1
177 216 1
177 255 1
177 292 1
177 608 1
177 645 1
177 724 1
177 758 1
177 904 1
177 965 1
178 238 1
178 265 1
178 294 1
178 321 1
178 359 1
178 377 1
178 438 1
178 481 1
178 487 1
178 678 1
178 696 1
178 974 1
179 261 1
179 302 1
179 363 1
179 603 1
179 617 1
179 841 1
179 870 1
180 320 1
180 539 1
180 613 1
181 247 1
181 543 1
181 557 1
181 577 1
181 839 1
182 351 1
182 689 1
183 184 1
183 226 1
183 300 1
183 425 1
183 683 1
183 916 1
183 920 1
184 433 1
184 508 1
184 826 1
184 934 1
184 979 1
185 223 1
185 340 1
185 420 1
185 426 1
185 616 1
185 630 1
185 745 1
185 816 1
185 835 1
185 903 1
185 905 1
185 943 1
186 278 1
186 382 1
186 803 1
187 244 1
187 651 1
187 775 1
187 943 1
188 297 1
188 314 1
188 524 1
188 584 1
188 641 1
188 870 1
189 252 1
189 277 1
189 493 1
189 547 1
190 316 1
190 437 1
190 440 1
190 823 1
191 263 1
191 268 1
191 296 1
191 444 1
192 225 1
192 329 1
192 361 1
192 372 1
192 420 1
192 727 1
192 784 1
192 832 1
192 852 1
192 947 1
192 989 1
193 237 1
193 260 1
193 342 1
193 365 1
193 367 1
193 386 1
193 511 1
193 525 1
193 602 1
193 810 1
193 901 1
194 232 1
194 238 1
194 349 1
194 353 1
194 424 1
194 446 1
194 477 1
194 504 1
194 508 1
194 683 1
194 771 1
194 776 1
194 820 1
196 243 1
196 551 1
197 231 1
197 245 1
197 344 1
197 352 1
197 499 1
197 642 1
198 199 1
198 452 1
198 549 1
198 579 1
198 793 1
199 453 1
199 587 1
199 844 1
200 247 1
200 772 1
202 307 1
202 640 1
202 740 1
202 779 1
202 817 1
203 342 1
203 638 1
204 234 1
204 369 1
204 389 1
204 684 1
204 970 1
205 234 1
205 339 1
205 349 1
205 565 1
205 624 1
205 926 1
205 941 1
205 956 1
206 496 1
206 621 1
206 721 1
206 785 1
206 870 1
207 222 1
207 332 1
207 376 1
207 383 1
207 674 1
207 838 1
208 233 1
209 237 1
209 270 1
209 419 1
209 479 1
209 543 1
209 690 1
209 985 1
210 442 1
210 460 1
210 490 1
211 278 1
211 313 1
212 365 1
212 398 1
212 510 1
212 626 1
212 677 1
214 234 1
214 449 1
214 559 1
214 645 1
214 835 1
214 878 1
214 991 1
215 364 1
215 375 1
215 659 1
215 879 1
215 966 1
216 275 1
216 276 1
216 429 1
216 922 1
217 227 1
217 400 1
217 663 1
217 671 1
217 852 1
217 864 1
217 957 1
217 978 1
217 983 1
218 292 1
218 315 1
218 470 1
218 568 1
218 935 1
218 976 1
218 987 1
218 1000 1
219 392 1
219 461 1
219 479 1
219 518 1
219 594 1
219 701 1
219 975 1
220 260 1
220 402 1
220 456 1
220 578 1
220 796 1
220 883 1
220 895 1
221 367 1
221 431 1
221 432 1
221 447 1
221 606 1
221 660 1
221 734 1
223 330 1
223 494 1
223 605 1
223 791 1
223 928 1
224 441 1
224 460 1
224 518 1
224 530 1
224 554 1
224 560 1
224 564 1
224 748 1
224 902 1
224 954 1
224 986 1
225 308 1
225 491 1
225 548 1
225 619 1
225 692 1
226 239 1
226 361 1
226 644 1
226 646 1
226 713 1
226 867 1
226 936 1
227 842 1
227 876 1
227 883 1
229 249 1
229 311 1
229 474 1
229 596 1
229 715 1
229 833 1
229 927 1
229 955 1
230 237 1
230 381 1
230 478 1
230 659 1
230 798 1
230 958 1
230 966 1
230 976 1
230 978 1
232 504 1
232 769 1
232 823 1
233 434 1
233 439 1
233 457 1
233 577 1
233 627 1
233 759 1
233 894 1
234 239 1
234 320 1
234 329 1
234 509 1
234 536 1
234 826 1
235 358 1
235 565 1
235 661 1
235 849 1
235 896 1
236 309 1
236 319 1
236 746 1
236 781 1
236 831 1
236 866 1
237 561 1
237 636 1
237 649 1
237 904 1
239 340 1
239 505 1
239 869 1
240 289 1
240 366 1
240 643 1
240 950 1
241 262 1
241 296 1
241 354 1
241 515 1
241 850 1
242 432 1
242 440 1
242 614 1
242 910 1
243 287 1
243 492 1
243 754 1
244 255 1
245 294 1
245 299 1
245 430 1
245 441 1
245 516 1
245 657 1
245 786 1
245 936 1
245 998 1
246 331 1
246 445 1
246 581 1
246 680 1
246 760 1
246 792 1
246 870 1
246 884 1
246 901 1
247 251 1
247 291 1
247 357 1
247 406 1
247 740 1
247 805 1
248 356 1
248 381 1
248 513 1
248 534 1
248 599 1
248 738 1
248 895 1
248 991 1
249 274 1
249 285 1
249 290 1
249 297 1
249 598 1
249 626 1
249 899 1
249 944 1
250 284 1
250 489 1
251 684 1
251 714 1
251 719 1
252 395 1
252 632 1
252 797 1
252 810 1
252 813 1
252 904 1
253 356 1
253 548 1
254 271 1
254 288 1
254 364 1
254 621 1
254 669 1
254 710 1
254 889 1
254 939 1
255 436 1
255 783 1
257 371 1
257 753 1
257 768 1
257 802 1
258 430 1
258 564 1
258 929 1
259 395 1
259 439 1
259 503 1
259 546 1
259 656 1
259 747 1
259 797 1
259 843 1
259 950 1
260 428 1
260 529 1
260 535 1
260 594 1
260 599 1
260 758 1
260 789 1
260 848 1
260 874 1
261 369 1
261 384 1
261 458 1
261 533 1
261 756 1
263 290 1
263 308 1
263 386 1
263 535 1
263 598 1
263 725 1
263 826 1
263 834 1
263 891 1
263 908 1
264 456 1
264 470 1
264 553 1
264 625 1
264 724 1
264 795 1
264 940 1
265 327 1
265 337 1
265 696 1
265 935 1
266 605 1
266 787 1
267 309 1
267 445 1
267 467 1
267 473 1
267 526 1
267 682 1
267 746 1
267 917 1
267 957 1
268 329 1
268 388 1
268 623 1
268 685 1
268 745 1
269 450 1
269 546 1
270 324 1
270 504 1
271 291 1
271 512 1
271 524 1
271 557 1
271 874 1
272 288 1
272 413 1
272 671 1
272 717 1
272 828 1
272 865 1
273 344 1
273 369 1
273 385 1
273 448 1
273 736 1
273 762 1
274 347 1
274 419 1
274 550 1
274 756 1
275 527 1
275 589 1
275 605 1
275 713 1
275 809 1
276 284 1
276 297 1
276 305 1
276 512 1
276 796 1
277 316 1
277 341 1
277 355 1
277 686 1
277 753 1
277 795 1
277 894 1
278 288 1
278 790 1
278 877 1
278 890 1
279 730 1
279 847 1
280 327 1
280 394 1
280 489 1
280 542 1
280 696 1
280 791 1
280 822 1
281 431 1
281 573 1
281 691 1
282 693 1
283 819 1
284 285 1
284 557 1
285 524 1
285 762 1
286 332 1
286 528 1
286 588 1
287 311 1
287 974 1
288 528 1
288 532 1
288 562 1
288 621 1
289 296 1
289 340 1
289 739 1
289 843 1
289 925 1
290 392 1
291 363 1
291 384 1
291 628 1
291 702 1
291 703 1
291 706 1
292 418 1
292 482 1
292 733 1
292 958 1
293 502 1
293 955 1
294 409 1
294 650 1
294 767 1
294 806 1
294 853 1
294 944 1
294 949 1
295 636 1
295 937 1
296 452 1
296 594 1
296 644 1
296 687 1
296 853 1
296 868 1
297 298 1
297 335 1
297 464 1
297 510 1
297 592 1
297 741 1
298 317 1
298 494 1
298 678 1
298 829 1
298 990 1
299 954 1
300 381 1
300 554 1
300 682 1
300 690 1
300 794 1
301 304 1
301 447 1
301 589 1
301 948 1
302 314 1
302 358 1
302 362 1
302 386 1
302 498 1
302 558 1
303 440 1
304 334 1
305 503 1
305 538 1
305 653 1
305 974 1
306 371 1
306 969 1
307 372 1
307 516 1
308 361 1
308 466 1
308 830 1
309 491 1
309 603 1
310 743 1
310 838 1
310 983 1
311 355 1
311 507 1
311 563 1
311 631 1
311 768 1
311 889 1
311 902 1
312 833 1
314 348 1
314 362 1
314 403 1
314 709 1
314 899 1
316 373 1
316 479 1
317 376 1
317 777 1
318 581 1
318 733 1
318 896 1
319 435 1
319 519 1
319 990 1
320 454 1
320 471 1
322 338 1
322 960 1
323 349 1
323 396 1
323 405 1
323 537 1
323 680 1
324 384 1
324 538 1
324 760 1
324 819 1
324 935 1
325 410 1
325 561 1
325 625 1
326 712 1
328 631 1
328 637 1
328 845 1
328 964 1
329 432 1
329 493 1
329 546 1
329 835 1
331 394 1
331 418 1
331 848 1
332 372 1
332 625 1
332 673 1
332 786 1
332 918 1
333 391 1
333 597 1
333 709 1
334 551 1
334 625 1
334 722 1
335 347 1
335 378 1
335 640 1
335 788 1
335 813 1
335 842 1
335 857 1
337 563 1
337 592 1
337 607 1
337 902 1
339 614 1
339 723 1
339 863 1
340 356 1
340 700 1
340 826 1
341 660 1
342 374 1
342 408 1
342 613 1
343 564 1
343 613 1
343 652 1
343 837 1
343 860 1
346 461 1
346 675 1
346 776 1
347 527 1
347 596 1
347 692 1
347 808 1
347 820 1
348 480 1
348 486 1
348 586 1
348 618 1
348 907 1
348 966 1
349 354 1
349 631 1
349 681 1
349 729 1
350 725 1
350 761 1
351 385 1
351 677 1
351 875 1
351 932 1
352 371 1
352 390 1
352 664 1
353 356 1
353 941 1
353 959 1
355 716 1
355 718 1
355 752 1
355 836 1
355 971 1
356 595 1
356 810 1
357 507 1
358 420 1
358 465 1
358 480 1
358 502 1
358 535 1
358 821 1
358 823 1
358 866 1
359 379 1
359 743 1
361 459 1
361 474 1
361 527 1
361 603 1
361 912 1
363 524 1
363 634 1
364 603 1
365 389 1
365 739 1
366 486 1
366 515 1
366 534 1
366 561 1
366 588 1
366 822 1
367 820 1
367 860 1
367 965 1
368 371 1
368 570 1
368 658 1
368 805 1
368 864 1
368 967 1
369 547 1
370 558 1
370 604 1
370 633 1
370 667 1
370 695 1
370 852 1
371 755 1
371 818 1
373 385 1
373 506 1
373 533 1
374 462 1
374 844 1
375 391 1
376 452 1
376 499 1
376 794 1
376 825 1
376 881 1
376 952 1
377 631 1
380 535 1
380 791 1
381 769 1
381 800 1
381 907 1
382 745 1
383 583 1
383 688 1
383 712 1
384 601 1
385 457 1
385 629 1
385 801 1
386 403 1
386 417 1
386 418 1
386 473 1
386 574 1
386 618 1
386 650 1
386 701 1
386 704 1
387 777 1
388 550 1
388 915 1
389 580 1
389 623 1
389 707 1
390 544 1
390 893 1
391 492 1
391 841 1
391 845 1
391 857 1
393 405 1
394 562 1
395 422 1
395 732 1
396 399 1
396 408 1
396 506 1
396 545 1
396 556 1
396 570 1
396 572 1
396 582 1
396 763 1
397 493 1
397 563 1
397 859 1
398 413 1
398 615 1
398 735 1
399 433 1
399 887 1
401 407 1
401 604 1
401 768 1
401 804 1
401 998 1
402 556 1
402 575 1
402 622 1
402 731 1
402 734 1
403 418 1
403 571 1
404 415 1
404 941 1
405 453 1
405 505 1
405 749 1
406 484 1
406 584 1
406 957 1
408 730 1
409 715 1
410 513 1
410 615 1
411 513 1
411 648 1
411 670 1
411 802 1
411 856 1
413 455 1
415 708 1
415 825 1
416 720 1
417 619 1
417 845 1
418 749 1
419 778 1
420 517 1
420 667 1
420 798 1
420 921 1
421 439 1
421 558 1
421 572 1
421 787 1
422 615 1
423 431 1
423 610 1
423 851 1
423 926 1
425 444 1
425 840 1
426 723 1
428 481 1
428 583 1
428 760 1
428 775 1
428 887 1
429 576 1
429 793 1
429 827 1
430 973 1
431 765 1
432 438 1
432 443 1
432 497 1
432 523 1
432 544 1
432 555 1
432 651 1
432 891 1
432 946 1
433 867 1
434 467 1
434 480 1
434 889 1
435 458 1
435 526 1
435 542 1
435 903 1
435 997 1
436 770 1
436 959 1
437 512 1
437 636 1
437 875 1
437 935 1
437 978 1
438 653 1
438 682 1
438 751 1
442 671 1
443 462 1
443 612 1
443 617 1
443 773 1
444 881 1
444 922 1
444 999 1
445 536 1
445 810 1
446 894 1
447 726 1
448 543 1
449 785 1
449 979 1
450 562 1
452 487 1
452 616 1
452 786 1
454 588 1
454 726 1
454 933 1
455 579 1
455 714 1
456 984 1
457 488 1
457 545 1
457 572 1
457 971 1
461 542 1
461 703 1
461 922 1
462 570 1
462 847 1
463 847 1
463 897 1
466 732 1
467 471 1
468 488 1
468 877 1
469 497 1
469 779 1
469 940 1
470 793 1
470 803 1
470 873 1
471 567 1
472 896 1
473 815 1
474 646 1
476 672 1
477 722 1
477 903 1
478 566 1
478 681 1
479 860 1
480 733 1
480 985 1
483 552 1
483 698 1
485 540 1
485 676 1
485 952 1
489 623 1
490 872 1
490 917 1
491 786 1
493 807 1
494 628 1
496 601 1
496 647 1
496 659 1
496 664 1
496 727 1
496 737 1
496 783 1
497 525 1
497 531 1
497 655 1
497 748 1
497 843 1
497 998 1
498 596 1
499 534 1
499 566 1
499 678 1
502 639 1
502 666 1
506 728 1
507 552 1
507 700 1
507 999 1
508 665 1
509 866 1
510 634 1
510 770 1
511 580 1
511 663 1
511 682 1
512 538 1
512 803 1
513 589 1
513 880 1
514 521 1
514 919 1
514 997 1
515 945 1
516 533 1
517 539 1
517 566 1
518 924 1
519 600 1
519 610 1
519 640 1
519 862 1
520 739 1
521 598 1
522 579 1
522 863 1
522 937 1
522 996 1
524 585 1
524 940 1
524 986 1
525 771 1
525 871 1
525 923 1
525 977 1
527 962 1
528 846 1
529 610 1
529 891 1
530 740 1
530 927 1
531 675 1
531 833 1
531 914 1
533 742 1
535 723 1
535 774 1
535 942 1
536 718 1
536 965 1
537 553 1
537 933 1
538 552 1
539 890 1
541 874 1
543 988 1
544 664 1
545 854 1
545 973 1
545 989 1
546 714 1
546 824 1
546 854 1
547 773 1
548 662 1
548 674 1
548 865 1
548 917 1
548 927 1
548 931 1
549 577 1
549 652 1
549 795 1
549 985 1
553 875 1
554 586 1
554 789 1
555 720 1
556 936 1
557 812 1
558 724 1
558 774 1
558 994 1
558 996 1
560 862 1
564 587 1
564 649 1
564 736 1
565 704 1
566 756 1
566 869 1
566 916 1
567 816 1
568 633 1
568 735 1
568 796 1
569 648 1
571 783 1
571 821 1
572 653 1
573 649 1
573 905 1
574 918 1
575 895 1
575 909 1
577 797 1
577 831 1
578 637 1
579 902 1
579 944 1
581 643 1
581 858 1
582 909 1
583 629 1
583 780 1
586 794 1
588 609 1
588 788 1
589 668 1
589 697 1
589 839 1
590 754 1
590 855 1
590 872 1
590 988 1
592 811 1
593 688 1
594 808 1
594 869 1
594 905 1
594 932 1
595 742 1
596 830 1
597 890 1
598 700 1
600 771 1
601 695 1
602 855 1
604 838 1
604 855 1
604 966 1
606 710 1
607 749 1
607 846 1
609 701 1
609 754 1
612 657 1
612 945 1
612 947 1
613 654 1
613 666 1
613 856 1
613 861 1
614 694 1
614 992 1
615 766 1
615 938 1
616 882 1
619 629 1
619 674 1
619 763 1
622 879 1
624 703 1
626 628 1
626 649 1
626 677 1
626 765 1
626 850 1
626 876 1
626 970 1
627 707 1
628 634 1
628 738 1
628 875 1
630 728 1
632 707 1
632 752 1
632 766 1
634 897 1
635 686 1
635 840 1
635 855 1
637 878 1
638 960 1
638 963 1
638 986 1
639 679 1
641 919 1
642 684 1
644 799 1
645 742 1
646 657 1
647 773 1
648 885 1
649 925 1
650 993 1
651 743 1
651 883 1
653 901 1
654 830 1
654 946 1
656 975 1
660 673 1
660 987 1
661 715 1
661 836 1
662 705 1
664 806 1
666 967 1
667 703 1
669 910 1
670 825 1
671 980 1
672 886 1
672 953 1
673 706 1
674 963 1
675 992 1
678 806 1
678 923 1
679 704 1
679 728 1
679 832 1
680 859 1
681 726 1
681 890 1
681 929 1
682 722 1
683 955 1
685 844 1
691 995 1
694 708 1
694 920 1
694 956 1
697 750 1
698 798 1
698 930 1
700 799 1
700 877 1
701 928 1
702 914 1
702 933 1
704 789 1
709 968 1
711 856 1
711 909 1
711 917 1
711 987 1
711 988 1
711 995 1
712 812 1
714 948 1
715 788 1
717 992 1
718 949 1
718 955 1
719 762 1
721 886 1
723 785 1
723 965 1
724 739 1
724 800 1
724 832 1
727 756 1
731 886 1
732 807 1
733 782 1
735 759 1
736 781 1
736 833 1
736 964 1
736 972 1
737 865 1
737 920 1
737 923 1
738 808 1
740 793 1
743 906 1
744 757 1
744 863 1
744 903 1
747 765 1
747 766 1
747 812 1
751 927 1
752 761 1
756 920 1
757 811 1
757 837 1
758 962 1
759 813 1
763 978 1
763 995 1
764 931 1
772 821 1
773 943 1
774 980 1
778 834 1
778 840 1
780 880 1
788 951 1
789 792 1
789 809 1
792 839 1
792 950 1
793 815 1
799 932 1
800 806 1
800 846 1
800 971 1
805 962 1
807 977 1
808 850 1
808 883 1
808 922 1
811 862 1
821 886 1
822 994 1
825 916 1
829 919 1
836 939 1
840 857 1
840 888 1
845 871 1
846 942 1
847 959 1
848 1000 1
849 851 1
850 907 1
858 937 1
864 958 1
872 954 1
872 967 1
874 974 1
880 984 1
885 888 1
886 961 1
888 963 1
894 991 1
896 960 1
900 931 1
902 975 1
907 986 1
913 931 1
917 982 1
917 992 1
939 962 1
956 961 1
961 981 1
982 999 1
