800 3184 
1 2 1
1 3 1
1 4 1
1 5 1
1 6 1
1 7 1
1 8 1
1 9 1
1 11 1
1 12 1
1 13 1
1 15 1
1 17 1
1 21 1
1 29 1
1 31 1
1 32 1
1 36 1
1 41 1
1 47 1
1 48 1
1 54 1
1 59 1
1 60 1
1 63 1
1 75 1
1 79 1
1 82 1
1 85 1
1 86 1
1 89 1
1 94 1
1 95 1
1 103 1
1 111 1
1 112 1
1 114 1
1 116 1
1 119 1
1 123 1
1 131 1
1 137 1
1 144 1
1 151 1
1 154 1
1 155 1
1 156 1
1 178 1
1 180 1
1 186 1
1 189 1
1 197 1
1 202 1
1 228 1
1 251 1
1 257 1
1 277 1
1 278 1
1 300 1
1 303 1
1 313 1
1 347 1
1 348 1
1 350 1
1 361 1
1 365 1
1 368 1
1 372 1
1 373 1
1 375 1
1 388 1
1 400 1
1 403 1
1 421 1
1 431 1
1 453 1
1 459 1
1 484 1
1 513 1
1 514 1
1 518 1
1 535 1
1 563 1
1 580 1
1 587 1
1 588 1
1 596 1
1 607 1
1 621 1
1 641 1
1 681 1
1 700 1
1 723 1
1 736 1
1 743 1
1 759 1
1 774 1
1 778 1
1 783 1
1 785 1
1 799 1
2 6 1
2 7 1
2 9 1
2 10 1
2 14 1
2 15 1
2 18 1
2 20 1
2 35 1
2 36 1
2 41 1
2 45 1
2 47 1
2 52 1
2 56 1
2 57 1
2 68 1
2 69 1
2 83 1
2 96 1
2 99 1
2 102 1
2 105 1
2 116 1
2 126 1
2 154 1
2 169 1
2 187 1
2 198 1
2 216 1
2 217 1
2 219 1
2 222 1
2 238 1
2 260 1
2 264 1
2 267 1
2 272 1
2 286 1
2 288 1
2 297 1
2 307 1
2 311 1
2 345 1
2 361 1
2 364 1
2 463 1
2 469 1
2 470 1
2 494 1
2 495 1
2 500 1
2 522 1
2 533 1
2 558 1
2 583 1
2 646 1
2 656 1
2 670 1
2 679 1
2 779 1
3 6 1
3 8 1
3 11 1
3 12 1
3 14 1
3 23 1
3 27 1
3 30 1
3 33 1
3 46 1
3 51 1
3 55 1
3 87 1
3 108 1
3 120 1
3 124 1
3 134 1
3 149 1
3 179 1
3 200 1
3 268 1
3 271 1
3 351 1
3 378 1
3 418 1
3 500 1
3 503 1
3 529 1
3 624 1
3 657 1
3 676 1
3 692 1
3 697 1
4 6 1
4 7 1
4 8 1
4 18 1
4 61 1
4 66 1
4 71 1
4 101 1
4 328 1
4 431 1
4 451 1
4 454 1
4 531 1
4 579 1
4 681 1
4 739 1
5 10 1
5 22 1
5 764 1
6 7 1
6 8 1
6 11 1
6 12 1
6 13 1
6 14 1
6 16 1
6 22 1
6 28 1
6 30 1
6 31 1
6 34 1
6 36 1
6 37 1
6 42 1
6 50 1
6 61 1
6 64 1
6 66 1
6 67 1
6 77 1
6 81 1
6 85 1
6 88 1
6 98 1
6 101 1
6 102 1
6 103 1
6 112 1
6 144 1
6 148 1
6 149 1
6 171 1
6 195 1
6 205 1
6 215 1
6 220 1
6 230 1
6 234 1
6 258 1
6 278 1
6 290 1
6 296 1
6 298 1
6 350 1
6 355 1
6 364 1
6 372 1
6 397 1
6 411 1
6 412 1
6 415 1
6 424 1
6 426 1
6 428 1
6 431 1
6 440 1
6 443 1
6 455 1
6 456 1
6 463 1
6 472 1
6 477 1
6 514 1
6 519 1
6 522 1
6 524 1
6 574 1
6 602 1
6 608 1
6 618 1
6 624 1
6 638 1
6 641 1
6 657 1
6 661 1
6 676 1
6 682 1
6 696 1
6 704 1
6 713 1
6 725 1
6 741 1
6 763 1
6 781 1
6 782 1
6 790 1
7 9 1
7 10 1
7 12 1
7 13 1
7 15 1
7 19 1
7 22 1
7 23 1
7 24 1
7 26 1
7 30 1
7 31 1
7 37 1
7 38 1
7 39 1
7 43 1
7 44 1
7 48 1
7 60 1
7 61 1
7 71 1
7 86 1
7 93 1
7 97 1
7 104 1
7 106 1
7 111 1
7 122 1
7 123 1
7 131 1
7 132 1
7 141 1
7 145 1
7 148 1
7 150 1
7 153 1
7 155 1
7 168 1
7 181 1
7 203 1
7 207 1
7 218 1
7 244 1
7 261 1
7 262 1
7 274 1
7 278 1
7 296 1
7 304 1
7 316 1
7 322 1
7 330 1
7 334 1
7 376 1
7 411 1
7 412 1
7 437 1
7 443 1
7 461 1
7 471 1
7 487 1
7 501 1
7 534 1
7 544 1
7 557 1
7 582 1
7 595 1
7 617 1
7 712 1
7 730 1
7 744 1
7 766 1
7 783 1
8 9 1
8 10 1
8 20 1
8 26 1
8 44 1
8 49 1
8 51 1
8 52 1
8 55 1
8 87 1
8 96 1
8 98 1
8 129 1
8 130 1
8 139 1
8 162 1
8 177 1
8 348 1
8 387 1
8 398 1
8 447 1
8 467 1
8 521 1
8 529 1
8 532 1
8 573 1
8 589 1
8 607 1
8 716 1
8 742 1
8 766 1
8 789 1
9 13 1
9 17 1
9 19 1
9 20 1
9 26 1
9 28 1
9 29 1
9 34 1
9 38 1
9 39 1
9 40 1
9 42 1
9 62 1
9 63 1
9 65 1
9 66 1
9 69 1
9 74 1
9 77 1
9 78 1
9 79 1
9 84 1
9 101 1
9 135 1
9 143 1
9 145 1
9 182 1
9 192 1
9 196 1
9 235 1
9 273 1
9 275 1
9 282 1
9 289 1
9 361 1
9 382 1
9 408 1
9 453 1
9 472 1
9 480 1
9 490 1
9 497 1
9 508 1
9 545 1
9 555 1
9 561 1
9 594 1
9 601 1
9 613 1
9 674 1
9 676 1
9 694 1
9 745 1
9 760 1
9 765 1
9 772 1
9 798 1
10 11 1
10 73 1
10 117 1
10 169 1
10 183 1
10 273 1
10 349 1
10 463 1
10 552 1
10 659 1
10 759 1
10 786 1
11 14 1
11 18 1
11 32 1
11 40 1
11 54 1
11 78 1
11 87 1
11 96 1
11 127 1
11 194 1
11 201 1
11 214 1
11 281 1
11 329 1
11 649 1
11 724 1
11 726 1
11 749 1
12 15 1
12 16 1
12 17 1
12 18 1
12 23 1
12 25 1
12 28 1
12 30 1
12 33 1
12 34 1
12 36 1
12 43 1
12 49 1
12 90 1
12 104 1
12 115 1
12 124 1
12 148 1
12 176 1
12 249 1
12 279 1
12 281 1
12 283 1
12 287 1
12 300 1
12 308 1
12 313 1
12 318 1
12 399 1
12 401 1
12 436 1
12 437 1
12 465 1
12 476 1
12 515 1
12 578 1
12 593 1
12 668 1
12 698 1
12 752 1
12 758 1
12 794 1
13 16 1
13 33 1
13 34 1
13 35 1
13 45 1
13 54 1
13 66 1
13 69 1
13 72 1
13 86 1
13 97 1
13 111 1
13 118 1
13 136 1
13 146 1
13 153 1
13 163 1
13 247 1
13 288 1
13 310 1
13 331 1
13 365 1
13 444 1
13 515 1
13 601 1
13 625 1
13 697 1
13 701 1
13 703 1
13 739 1
13 757 1
14 16 1
14 20 1
14 24 1
14 25 1
14 26 1
14 38 1
14 50 1
14 58 1
14 60 1
14 64 1
14 79 1
14 82 1
14 91 1
14 94 1
14 100 1
14 106 1
14 115 1
14 125 1
14 131 1
14 132 1
14 135 1
14 154 1
14 162 1
14 182 1
14 187 1
14 194 1
14 206 1
14 235 1
14 261 1
14 275 1
14 318 1
14 433 1
14 449 1
14 470 1
14 473 1
14 506 1
14 524 1
14 539 1
14 542 1
14 545 1
14 590 1
14 631 1
14 635 1
14 657 1
14 664 1
14 689 1
14 725 1
14 734 1
15 17 1
15 19 1
15 27 1
15 43 1
15 147 1
15 156 1
15 176 1
15 200 1
15 209 1
15 236 1
15 461 1
15 468 1
15 662 1
15 698 1
15 761 1
16 41 1
16 52 1
16 56 1
16 74 1
16 105 1
16 110 1
16 139 1
16 146 1
16 157 1
16 188 1
16 197 1
16 260 1
16 320 1
16 326 1
16 354 1
16 372 1
16 396 1
16 454 1
16 469 1
16 499 1
16 533 1
16 586 1
16 661 1
16 749 1
17 19 1
17 21 1
17 25 1
17 28 1
17 29 1
17 32 1
17 44 1
17 53 1
17 70 1
17 76 1
17 88 1
17 95 1
17 98 1
17 113 1
17 116 1
17 118 1
17 134 1
17 159 1
17 160 1
17 184 1
17 188 1
17 193 1
17 195 1
17 211 1
17 234 1
17 247 1
17 249 1
17 282 1
17 291 1
17 341 1
17 430 1
17 435 1
17 444 1
17 466 1
17 490 1
17 498 1
17 524 1
17 582 1
17 593 1
17 643 1
17 672 1
17 680 1
17 724 1
18 49 1
18 57 1
18 71 1
18 141 1
18 190 1
18 269 1
18 345 1
18 435 1
18 437 1
18 752 1
18 769 1
19 21 1
19 22 1
19 24 1
19 25 1
19 27 1
19 31 1
19 37 1
19 41 1
19 46 1
19 48 1
19 56 1
19 58 1
19 60 1
19 82 1
19 90 1
19 92 1
19 99 1
19 144 1
19 164 1
19 165 1
19 208 1
19 216 1
19 233 1
19 239 1
19 256 1
19 265 1
19 284 1
19 285 1
19 292 1
19 303 1
19 319 1
19 374 1
19 393 1
19 417 1
19 422 1
19 429 1
19 449 1
19 477 1
19 492 1
19 503 1
19 507 1
19 539 1
19 562 1
19 564 1
19 580 1
19 586 1
19 589 1
19 618 1
19 653 1
19 664 1
19 751 1
19 755 1
19 783 1
20 21 1
20 23 1
20 24 1
20 39 1
20 50 1
20 72 1
20 73 1
20 84 1
20 95 1
20 99 1
20 100 1
20 115 1
20 125 1
20 138 1
20 159 1
20 222 1
20 245 1
20 264 1
20 290 1
20 297 1
20 316 1
20 353 1
20 357 1
20 434 1
20 487 1
20 495 1
20 510 1
20 533 1
20 561 1
20 583 1
20 599 1
20 671 1
20 688 1
20 728 1
20 769 1
20 770 1
20 800 1
21 35 1
21 47 1
21 50 1
21 56 1
21 57 1
21 61 1
21 70 1
21 76 1
21 80 1
21 92 1
21 117 1
21 119 1
21 137 1
21 139 1
21 177 1
21 179 1
21 184 1
21 192 1
21 205 1
21 206 1
21 211 1
21 232 1
21 255 1
21 271 1
21 319 1
21 353 1
21 397 1
21 482 1
21 483 1
21 551 1
21 558 1
21 568 1
21 579 1
21 596 1
21 613 1
21 696 1
21 707 1
21 751 1
21 780 1
22 135 1
22 265 1
22 269 1
22 375 1
22 429 1
22 510 1
22 532 1
22 628 1
22 634 1
22 703 1
22 714 1
23 38 1
23 40 1
23 53 1
23 59 1
23 64 1
23 76 1
23 80 1
23 81 1
23 118 1
23 120 1
23 121 1
23 140 1
23 167 1
23 173 1
23 174 1
23 230 1
23 253 1
23 316 1
23 390 1
23 396 1
23 420 1
23 434 1
23 478 1
23 512 1
23 523 1
23 531 1
23 557 1
23 567 1
23 665 1
23 684 1
23 768 1
23 788 1
24 29 1
24 35 1
24 46 1
24 74 1
24 80 1
24 84 1
24 91 1
24 129 1
24 172 1
24 209 1
24 282 1
24 291 1
24 331 1
24 346 1
24 577 1
24 668 1
24 758 1
25 27 1
25 45 1
25 47 1
25 57 1
25 63 1
25 64 1
25 76 1
25 77 1
25 94 1
25 100 1
25 115 1
25 121 1
25 142 1
25 174 1
25 178 1
25 227 1
25 239 1
25 242 1
25 248 1
25 285 1
25 287 1
25 294 1
25 298 1
25 337 1
25 338 1
25 375 1
25 381 1
25 448 1
25 463 1
25 464 1
25 468 1
25 600 1
25 607 1
25 682 1
25 687 1
25 707 1
25 736 1
25 791 1
26 40 1
26 97 1
26 116 1
26 146 1
26 199 1
26 255 1
26 257 1
26 272 1
26 299 1
26 363 1
26 462 1
26 491 1
26 541 1
26 683 1
26 762 1
26 763 1
26 787 1
27 46 1
27 59 1
27 62 1
27 85 1
27 101 1
27 108 1
27 128 1
27 147 1
27 170 1
27 185 1
27 208 1
27 243 1
27 257 1
27 273 1
27 292 1
27 305 1
27 313 1
27 315 1
27 339 1
27 386 1
27 411 1
27 519 1
27 543 1
27 563 1
27 616 1
27 796 1
28 33 1
28 42 1
28 51 1
28 54 1
28 107 1
28 124 1
28 152 1
28 160 1
28 182 1
28 190 1
28 219 1
28 225 1
28 265 1
28 316 1
28 356 1
28 393 1
28 481 1
28 582 1
28 616 1
28 701 1
28 728 1
28 788 1
29 43 1
29 113 1
29 140 1
29 147 1
29 151 1
29 264 1
29 269 1
29 312 1
29 353 1
29 413 1
29 465 1
29 498 1
29 526 1
29 551 1
29 595 1
29 633 1
29 705 1
29 769 1
30 32 1
30 83 1
30 100 1
30 125 1
30 162 1
30 163 1
30 307 1
30 318 1
30 362 1
30 374 1
30 403 1
30 547 1
30 731 1
30 764 1
31 53 1
31 75 1
31 103 1
31 207 1
31 214 1
31 233 1
31 281 1
31 324 1
31 339 1
31 405 1
31 453 1
31 460 1
31 536 1
31 630 1
31 743 1
32 37 1
32 39 1
32 52 1
32 79 1
32 87 1
32 88 1
32 93 1
32 108 1
32 121 1
32 125 1
32 204 1
32 229 1
32 240 1
32 261 1
32 293 1
32 360 1
32 414 1
32 498 1
32 500 1
32 501 1
32 510 1
32 521 1
32 555 1
32 559 1
32 571 1
32 622 1
32 628 1
32 686 1
32 701 1
32 709 1
32 756 1
33 44 1
33 63 1
33 139 1
33 165 1
33 229 1
33 343 1
33 409 1
34 89 1
34 104 1
34 128 1
34 145 1
34 189 1
34 200 1
34 210 1
34 220 1
34 252 1
34 294 1
34 329 1
34 385 1
34 395 1
34 535 1
34 569 1
34 575 1
34 632 1
34 660 1
34 744 1
34 793 1
35 106 1
35 168 1
35 181 1
35 213 1
35 221 1
35 248 1
35 345 1
35 400 1
35 639 1
35 708 1
36 51 1
36 75 1
36 117 1
36 126 1
36 164 1
36 205 1
36 206 1
36 266 1
36 268 1
36 308 1
36 309 1
36 391 1
36 398 1
36 426 1
36 493 1
36 494 1
36 505 1
36 524 1
36 555 1
36 591 1
36 636 1
37 58 1
37 72 1
37 130 1
37 134 1
37 147 1
37 166 1
37 258 1
37 309 1
37 317 1
37 327 1
37 328 1
37 339 1
37 351 1
37 359 1
37 496 1
37 512 1
37 546 1
37 559 1
37 605 1
37 611 1
37 639 1
37 726 1
37 730 1
38 45 1
38 48 1
38 70 1
38 80 1
38 161 1
38 170 1
38 177 1
38 208 1
38 259 1
38 298 1
38 323 1
38 348 1
38 366 1
38 440 1
38 488 1
38 550 1
38 780 1
39 53 1
39 69 1
39 81 1
39 266 1
39 287 1
39 333 1
39 352 1
39 381 1
39 382 1
39 450 1
39 491 1
39 577 1
39 684 1
39 775 1
39 795 1
40 68 1
40 160 1
40 252 1
40 279 1
40 394 1
40 721 1
41 42 1
41 59 1
41 175 1
41 193 1
41 226 1
41 323 1
41 355 1
41 363 1
41 382 1
41 402 1
42 49 1
42 55 1
42 58 1
42 149 1
42 218 1
42 224 1
42 237 1
42 270 1
42 271 1
42 407 1
42 650 1
42 686 1
42 792 1
42 797 1
43 67 1
43 92 1
43 96 1
43 140 1
43 143 1
43 146 1
43 169 1
43 176 1
43 189 1
43 198 1
43 231 1
43 240 1
43 302 1
43 311 1
43 336 1
43 549 1
43 559 1
43 585 1
43 608 1
43 643 1
43 754 1
44 71 1
44 191 1
44 212 1
44 310 1
44 408 1
44 538 1
44 589 1
44 774 1
44 782 1
44 793 1
45 67 1
45 107 1
45 148 1
45 152 1
45 153 1
45 155 1
45 188 1
45 230 1
45 233 1
45 239 1
45 242 1
45 252 1
45 274 1
45 305 1
45 309 1
45 379 1
45 413 1
45 415 1
45 425 1
45 461 1
45 476 1
45 521 1
45 552 1
45 609 1
45 627 1
45 659 1
45 682 1
45 721 1
45 750 1
45 763 1
45 790 1
46 212 1
46 603 1
46 622 1
47 77 1
47 241 1
47 384 1
47 392 1
47 540 1
47 650 1
47 704 1
48 81 1
48 129 1
48 145 1
48 288 1
48 402 1
48 422 1
48 432 1
48 436 1
48 474 1
48 584 1
48 624 1
48 694 1
48 705 1
48 763 1
48 787 1
49 114 1
49 158 1
49 210 1
49 222 1
49 284 1
49 338 1
49 380 1
49 387 1
49 543 1
49 716 1
50 73 1
50 99 1
50 107 1
50 136 1
50 142 1
50 165 1
50 201 1
50 270 1
50 276 1
50 289 1
50 494 1
50 648 1
50 677 1
51 83 1
51 88 1
51 105 1
51 158 1
51 174 1
51 176 1
51 225 1
51 259 1
51 273 1
51 292 1
51 416 1
51 502 1
51 515 1
51 568 1
52 304 1
52 403 1
52 464 1
52 547 1
52 591 1
52 652 1
52 733 1
52 743 1
53 55 1
53 62 1
53 82 1
53 144 1
53 175 1
53 210 1
53 325 1
53 327 1
53 388 1
53 400 1
53 474 1
53 553 1
53 563 1
53 572 1
54 427 1
54 595 1
55 89 1
55 134 1
55 135 1
55 186 1
55 195 1
55 253 1
55 327 1
55 491 1
55 495 1
55 544 1
55 726 1
56 70 1
56 215 1
56 256 1
56 337 1
56 370 1
56 685 1
57 62 1
57 68 1
57 106 1
57 110 1
57 172 1
57 191 1
57 219 1
57 243 1
57 257 1
57 283 1
57 315 1
57 323 1
57 375 1
57 440 1
57 454 1
57 512 1
57 528 1
57 612 1
57 622 1
57 629 1
57 665 1
57 689 1
57 792 1
58 72 1
58 73 1
58 211 1
58 235 1
58 238 1
58 254 1
58 268 1
58 358 1
58 365 1
58 376 1
58 404 1
58 414 1
58 615 1
58 647 1
58 702 1
58 742 1
58 756 1
58 777 1
59 65 1
59 183 1
59 313 1
59 330 1
59 341 1
59 425 1
59 449 1
59 732 1
60 65 1
60 78 1
60 143 1
60 230 1
60 234 1
60 276 1
61 164 1
61 211 1
61 225 1
61 237 1
61 302 1
61 414 1
61 451 1
61 464 1
61 585 1
61 627 1
61 717 1
62 108 1
62 222 1
62 223 1
62 258 1
62 276 1
62 572 1
62 629 1
62 714 1
62 728 1
62 747 1
63 65 1
63 67 1
63 68 1
63 78 1
63 102 1
63 190 1
63 306 1
63 333 1
63 359 1
63 360 1
64 93 1
64 156 1
64 157 1
64 185 1
64 218 1
64 223 1
64 226 1
64 240 1
64 241 1
64 301 1
64 328 1
64 389 1
64 672 1
64 689 1
64 731 1
65 74 1
65 104 1
65 109 1
65 130 1
65 133 1
65 140 1
65 160 1
65 173 1
65 240 1
65 255 1
65 278 1
65 398 1
65 436 1
65 448 1
65 521 1
65 748 1
65 764 1
66 150 1
66 249 1
66 616 1
67 117 1
67 120 1
67 136 1
67 141 1
67 166 1
67 167 1
67 178 1
67 270 1
67 322 1
67 666 1
67 723 1
68 158 1
68 241 1
68 263 1
68 472 1
68 691 1
68 782 1
69 75 1
69 112 1
69 119 1
69 127 1
69 246 1
69 280 1
69 290 1
69 455 1
69 525 1
70 105 1
70 137 1
70 161 1
70 272 1
70 329 1
70 349 1
70 364 1
70 411 1
70 469 1
70 578 1
70 623 1
70 630 1
70 637 1
70 647 1
70 649 1
71 109 1
71 246 1
71 317 1
71 424 1
71 473 1
71 511 1
71 553 1
71 570 1
71 646 1
71 742 1
72 86 1
72 91 1
72 94 1
72 121 1
72 127 1
72 152 1
72 156 1
72 161 1
72 165 1
72 167 1
72 186 1
72 196 1
72 202 1
72 207 1
72 218 1
72 251 1
72 299 1
72 301 1
72 359 1
72 489 1
72 490 1
72 498 1
72 626 1
72 687 1
72 693 1
72 702 1
73 83 1
73 93 1
73 107 1
73 132 1
73 180 1
73 192 1
73 197 1
73 216 1
73 217 1
73 260 1
73 293 1
73 340 1
73 346 1
73 429 1
73 481 1
73 729 1
74 398 1
74 399 1
74 401 1
74 478 1
74 531 1
75 102 1
75 137 1
75 154 1
75 203 1
75 245 1
75 253 1
75 292 1
75 293 1
75 335 1
75 343 1
75 357 1
75 406 1
75 481 1
75 495 1
75 718 1
75 737 1
76 84 1
76 89 1
76 97 1
76 170 1
76 171 1
76 199 1
76 255 1
76 266 1
76 270 1
76 320 1
76 652 1
77 163 1
77 197 1
77 294 1
77 610 1
78 90 1
78 111 1
78 138 1
78 196 1
78 221 1
78 387 1
78 422 1
78 636 1
78 692 1
79 85 1
79 157 1
79 425 1
80 181 1
80 416 1
80 517 1
80 593 1
80 711 1
81 256 1
81 517 1
82 114 1
82 129 1
82 181 1
82 259 1
82 331 1
82 345 1
82 384 1
82 445 1
82 493 1
82 571 1
82 692 1
82 734 1
83 204 1
83 344 1
83 663 1
84 136 1
85 90 1
85 179 1
85 191 1
85 224 1
85 362 1
85 600 1
85 777 1
85 786 1
86 91 1
86 95 1
86 118 1
86 166 1
86 167 1
86 172 1
86 236 1
86 247 1
86 251 1
86 261 1
86 298 1
86 391 1
86 413 1
86 415 1
86 534 1
86 690 1
86 727 1
86 785 1
87 178 1
87 193 1
87 570 1
87 670 1
88 92 1
88 127 1
88 159 1
88 204 1
88 209 1
88 299 1
88 577 1
88 588 1
88 626 1
88 666 1
88 675 1
89 113 1
89 158 1
89 169 1
89 170 1
89 174 1
89 189 1
89 221 1
89 267 1
89 279 1
89 373 1
89 446 1
89 633 1
89 656 1
89 675 1
89 696 1
89 746 1
90 110 1
90 208 1
90 234 1
90 306 1
90 320 1
90 321 1
90 350 1
90 438 1
90 441 1
90 557 1
90 709 1
91 162 1
91 195 1
91 262 1
91 337 1
91 340 1
91 500 1
91 513 1
91 520 1
91 548 1
91 645 1
92 291 1
92 314 1
92 378 1
92 503 1
92 506 1
92 536 1
92 538 1
92 670 1
92 725 1
93 98 1
93 142 1
93 143 1
93 168 1
93 180 1
93 187 1
93 228 1
93 323 1
93 408 1
93 594 1
93 601 1
93 664 1
93 705 1
93 727 1
93 798 1
94 122 1
94 461 1
94 526 1
94 645 1
95 133 1
95 166 1
95 301 1
95 314 1
95 366 1
95 403 1
95 434 1
95 436 1
95 492 1
95 685 1
96 126 1
96 196 1
96 215 1
96 282 1
96 346 1
96 367 1
96 456 1
96 485 1
96 567 1
96 573 1
96 695 1
97 103 1
97 112 1
97 123 1
97 126 1
97 152 1
97 185 1
97 236 1
97 246 1
97 289 1
97 312 1
97 318 1
97 370 1
97 788 1
97 795 1
98 130 1
98 159 1
98 204 1
98 212 1
98 262 1
98 369 1
98 407 1
98 587 1
98 598 1
98 617 1
98 795 1
99 110 1
99 287 1
99 392 1
100 559 1
100 607 1
100 745 1
101 119 1
101 120 1
101 122 1
101 295 1
101 370 1
101 480 1
101 537 1
102 133 1
102 202 1
102 243 1
102 371 1
102 452 1
102 760 1
103 109 1
103 281 1
103 347 1
103 412 1
103 429 1
103 441 1
103 479 1
103 564 1
103 589 1
103 611 1
104 214 1
104 566 1
105 113 1
105 114 1
105 123 1
105 131 1
105 183 1
105 315 1
105 381 1
105 397 1
105 444 1
105 487 1
105 575 1
105 639 1
105 799 1
106 150 1
106 194 1
106 203 1
106 260 1
106 315 1
106 334 1
106 356 1
106 448 1
106 471 1
106 497 1
106 592 1
106 632 1
106 640 1
106 673 1
106 675 1
106 788 1
107 109 1
107 177 1
107 229 1
107 245 1
107 274 1
107 332 1
107 407 1
107 410 1
107 414 1
107 462 1
107 679 1
107 777 1
107 784 1
108 124 1
108 151 1
108 173 1
108 752 1
108 770 1
109 275 1
109 474 1
109 564 1
109 612 1
109 655 1
109 675 1
109 682 1
110 128 1
110 325 1
110 355 1
110 390 1
110 509 1
110 706 1
111 265 1
111 677 1
111 753 1
111 758 1
112 231 1
112 442 1
112 516 1
112 723 1
113 128 1
113 180 1
113 327 1
113 340 1
113 377 1
113 518 1
113 520 1
114 226 1
114 249 1
114 341 1
114 661 1
115 172 1
115 188 1
115 202 1
115 205 1
115 229 1
115 322 1
115 371 1
115 406 1
115 456 1
115 486 1
115 508 1
115 530 1
115 623 1
116 272 1
116 362 1
116 364 1
116 379 1
116 406 1
116 483 1
116 711 1
116 721 1
116 745 1
117 219 1
117 368 1
118 149 1
118 175 1
118 184 1
118 199 1
118 369 1
118 404 1
118 458 1
118 543 1
118 617 1
118 680 1
118 726 1
119 405 1
119 457 1
119 527 1
120 122 1
120 133 1
120 142 1
120 233 1
120 286 1
120 314 1
120 321 1
120 325 1
120 326 1
120 484 1
120 538 1
120 574 1
120 592 1
120 597 1
120 683 1
120 711 1
121 200 1
121 280 1
121 283 1
121 297 1
121 342 1
121 393 1
121 413 1
121 454 1
121 456 1
121 497 1
121 712 1
122 171 1
122 623 1
122 678 1
123 132 1
123 150 1
123 199 1
123 371 1
123 514 1
123 546 1
123 548 1
123 597 1
123 598 1
123 600 1
123 662 1
123 731 1
124 168 1
124 243 1
124 655 1
125 183 1
126 432 1
127 151 1
127 157 1
127 311 1
127 374 1
127 402 1
127 485 1
127 580 1
127 665 1
128 517 1
128 528 1
128 565 1
128 582 1
128 602 1
128 658 1
128 673 1
129 276 1
129 417 1
129 427 1
129 635 1
129 797 1
130 141 1
130 220 1
131 228 1
131 295 1
131 362 1
131 492 1
131 502 1
131 542 1
131 549 1
131 688 1
132 293 1
132 371 1
132 573 1
132 638 1
132 651 1
132 653 1
132 705 1
133 138 1
133 164 1
133 250 1
133 336 1
133 404 1
133 421 1
133 427 1
133 455 1
133 513 1
133 539 1
133 581 1
133 620 1
133 643 1
133 783 1
134 424 1
134 662 1
135 213 1
135 217 1
135 343 1
135 420 1
135 450 1
135 639 1
136 206 1
136 227 1
136 408 1
136 608 1
137 138 1
137 246 1
137 286 1
137 310 1
137 380 1
137 534 1
137 650 1
137 683 1
137 761 1
138 155 1
138 163 1
138 190 1
138 365 1
138 556 1
140 153 1
140 212 1
140 221 1
140 224 1
140 336 1
140 343 1
140 351 1
140 368 1
140 379 1
140 438 1
140 443 1
140 711 1
141 241 1
141 262 1
141 324 1
141 329 1
141 331 1
141 397 1
141 428 1
141 488 1
141 608 1
141 632 1
141 655 1
141 691 1
141 738 1
141 744 1
142 192 1
142 248 1
142 369 1
142 392 1
142 576 1
142 760 1
143 179 1
143 264 1
143 428 1
143 509 1
143 648 1
143 700 1
143 704 1
143 796 1
144 332 1
144 344 1
144 615 1
144 733 1
145 378 1
146 360 1
146 479 1
146 526 1
146 604 1
147 231 1
147 263 1
147 277 1
147 506 1
147 799 1
148 161 1
148 210 1
148 307 1
148 346 1
148 351 1
148 644 1
149 238 1
149 482 1
149 735 1
150 660 1
150 698 1
151 224 1
151 296 1
151 406 1
151 541 1
151 704 1
151 740 1
152 733 1
153 254 1
153 319 1
153 615 1
153 710 1
155 386 1
155 388 1
155 443 1
155 491 1
155 628 1
155 743 1
156 213 1
156 267 1
156 277 1
156 291 1
156 324 1
156 575 1
156 654 1
157 225 1
157 232 1
157 363 1
157 381 1
157 447 1
157 621 1
157 690 1
158 290 1
158 448 1
158 536 1
159 209 1
159 335 1
159 478 1
160 182 1
160 311 1
160 370 1
160 480 1
161 215 1
161 344 1
161 445 1
161 513 1
161 621 1
161 680 1
161 776 1
162 173 1
162 185 1
162 319 1
162 386 1
162 426 1
162 496 1
162 571 1
162 664 1
162 667 1
163 303 1
163 356 1
163 383 1
163 452 1
163 577 1
163 609 1
163 655 1
163 744 1
163 753 1
163 773 1
164 545 1
165 603 1
166 425 1
166 598 1
166 640 1
166 661 1
166 699 1
166 765 1
168 171 1
168 384 1
168 460 1
168 476 1
168 645 1
168 768 1
169 175 1
169 338 1
169 459 1
169 504 1
169 659 1
170 310 1
171 214 1
171 274 1
171 368 1
171 405 1
171 433 1
171 520 1
171 681 1
171 742 1
172 184 1
172 213 1
172 391 1
172 646 1
172 663 1
172 686 1
172 717 1
173 193 1
173 198 1
173 352 1
173 395 1
173 450 1
173 581 1
173 659 1
173 718 1
174 201 1
174 488 1
174 503 1
175 242 1
175 258 1
175 367 1
176 198 1
176 239 1
176 254 1
176 321 1
176 336 1
176 388 1
176 399 1
176 455 1
176 489 1
176 504 1
176 531 1
176 621 1
176 634 1
177 186 1
177 216 1
177 220 1
177 235 1
177 253 1
177 271 1
177 341 1
177 396 1
177 410 1
177 416 1
177 431 1
177 486 1
177 523 1
177 537 1
177 594 1
177 653 1
177 658 1
177 748 1
177 765 1
178 187 1
178 201 1
178 366 1
178 583 1
178 686 1
178 724 1
179 299 1
179 418 1
179 560 1
179 674 1
180 191 1
180 217 1
180 267 1
180 285 1
180 438 1
180 499 1
180 772 1
181 709 1
182 256 1
182 629 1
182 724 1
183 730 1
184 194 1
184 207 1
184 236 1
184 308 1
184 352 1
184 611 1
187 418 1
187 727 1
187 749 1
188 227 1
188 279 1
188 390 1
188 469 1
188 508 1
188 552 1
188 614 1
188 671 1
188 677 1
189 335 1
189 394 1
189 422 1
190 203 1
190 304 1
190 497 1
190 549 1
190 712 1
191 509 1
191 597 1
191 695 1
192 338 1
192 574 1
192 770 1
193 226 1
193 231 1
193 367 1
193 453 1
193 505 1
193 545 1
194 280 1
194 283 1
194 284 1
194 352 1
194 382 1
195 565 1
197 438 1
197 522 1
197 584 1
198 294 1
198 466 1
198 512 1
198 562 1
199 347 1
199 423 1
200 389 1
200 570 1
200 596 1
200 619 1
200 775 1
201 467 1
201 626 1
201 784 1
203 702 1
203 751 1
204 227 1
204 232 1
204 263 1
204 601 1
204 737 1
205 223 1
205 244 1
205 305 1
205 395 1
205 493 1
205 548 1
205 570 1
206 237 1
206 446 1
206 460 1
206 518 1
206 547 1
206 652 1
207 605 1
207 713 1
208 460 1
208 556 1
209 252 1
209 297 1
209 394 1
209 404 1
209 419 1
209 532 1
210 232 1
210 458 1
210 479 1
210 502 1
210 504 1
210 560 1
210 562 1
210 578 1
211 248 1
211 289 1
211 738 1
212 794 1
213 228 1
213 238 1
213 245 1
213 457 1
213 459 1
213 467 1
213 556 1
213 567 1
213 614 1
213 631 1
213 669 1
213 701 1
214 471 1
214 602 1
214 695 1
214 722 1
215 266 1
215 399 1
215 426 1
215 538 1
215 544 1
216 223 1
216 374 1
216 746 1
217 259 1
217 307 1
217 363 1
217 420 1
217 487 1
217 642 1
218 678 1
219 309 1
219 501 1
219 660 1
220 305 1
220 432 1
220 486 1
220 595 1
220 767 1
221 430 1
221 516 1
221 718 1
223 237 1
223 244 1
224 244 1
224 486 1
224 779 1
225 284 1
225 369 1
225 505 1
226 308 1
226 475 1
226 517 1
226 775 1
227 251 1
227 296 1
227 350 1
227 385 1
227 588 1
227 610 1
228 277 1
228 285 1
228 300 1
228 462 1
229 275 1
229 302 1
229 303 1
229 419 1
229 610 1
229 667 1
230 295 1
230 572 1
231 507 1
231 714 1
232 484 1
232 647 1
232 673 1
232 708 1
232 773 1
233 242 1
233 361 1
233 373 1
233 435 1
233 574 1
234 401 1
234 434 1
234 459 1
234 465 1
234 581 1
234 599 1
234 657 1
235 288 1
235 326 1
235 492 1
235 598 1
236 254 1
236 384 1
237 569 1
238 502 1
239 301 1
239 304 1
239 376 1
239 390 1
239 667 1
239 761 1
240 328 1
241 546 1
242 546 1
242 569 1
243 247 1
243 250 1
243 330 1
243 357 1
243 566 1
245 250 1
245 300 1
245 320 1
245 590 1
245 689 1
245 720 1
246 263 1
246 349 1
246 417 1
246 536 1
247 269 1
247 645 1
247 727 1
248 332 1
248 646 1
249 250 1
249 312 1
249 437 1
249 540 1
249 640 1
249 683 1
250 688 1
251 477 1
251 668 1
251 692 1
252 302 1
252 324 1
252 587 1
252 651 1
253 353 1
253 386 1
253 529 1
253 597 1
253 606 1
253 616 1
253 779 1
254 268 1
254 373 1
254 419 1
254 439 1
254 741 1
254 796 1
255 286 1
255 430 1
255 499 1
255 537 1
255 581 1
255 748 1
255 771 1
256 344 1
256 387 1
256 493 1
256 514 1
256 641 1
258 339 1
258 421 1
258 516 1
258 687 1
258 700 1
258 752 1
259 317 1
259 380 1
259 418 1
259 423 1
259 445 1
259 450 1
259 614 1
259 699 1
259 732 1
260 573 1
261 452 1
261 643 1
262 334 1
262 389 1
262 541 1
262 767 1
262 769 1
263 479 1
263 684 1
263 715 1
263 765 1
265 654 1
266 793 1
267 322 1
267 409 1
267 604 1
267 796 1
268 312 1
268 377 1
268 526 1
268 586 1
268 785 1
270 280 1
270 333 1
270 507 1
270 678 1
270 712 1
271 306 1
271 321 1
271 746 1
272 295 1
272 385 1
272 496 1
272 571 1
273 424 1
273 442 1
273 620 1
273 685 1
273 719 1
274 499 1
274 637 1
274 708 1
274 722 1
275 612 1
275 619 1
276 330 1
276 402 1
276 471 1
276 658 1
277 466 1
277 716 1
278 376 1
278 519 1
278 710 1
280 337 1
280 442 1
281 473 1
281 535 1
281 651 1
282 342 1
282 377 1
282 754 1
282 762 1
283 317 1
283 416 1
283 649 1
283 688 1
285 525 1
285 653 1
288 588 1
288 710 1
289 332 1
289 358 1
289 389 1
289 405 1
289 490 1
289 494 1
289 784 1
290 485 1
290 530 1
290 590 1
291 356 1
291 444 1
291 519 1
291 566 1
291 605 1
291 658 1
291 795 1
292 475 1
292 638 1
292 669 1
293 391 1
293 401 1
293 562 1
293 666 1
293 673 1
294 314 1
295 347 1
295 462 1
296 340 1
296 392 1
296 451 1
296 542 1
296 599 1
296 707 1
296 759 1
297 560 1
298 430 1
298 732 1
299 523 1
299 706 1
299 798 1
300 306 1
300 440 1
300 484 1
300 509 1
300 593 1
300 638 1
300 642 1
301 354 1
301 445 1
301 534 1
302 325 1
302 791 1
302 800 1
304 446 1
305 613 1
307 421 1
307 441 1
307 496 1
308 326 1
308 720 1
310 335 1
310 409 1
310 423 1
310 737 1
311 470 1
312 528 1
314 530 1
315 394 1
315 510 1
316 423 1
316 476 1
316 553 1
317 393 1
317 694 1
318 383 1
318 409 1
318 527 1
318 550 1
318 792 1
320 447 1
320 558 1
320 576 1
321 489 1
323 385 1
324 550 1
324 606 1
325 554 1
325 648 1
325 693 1
325 740 1
326 333 1
326 580 1
328 591 1
328 635 1
328 694 1
328 762 1
328 778 1
329 415 1
330 334 1
330 342 1
330 383 1
330 527 1
330 670 1
331 342 1
331 766 1
332 457 1
332 636 1
332 703 1
333 470 1
334 348 1
335 360 1
336 419 1
336 640 1
337 380 1
338 357 1
338 540 1
338 715 1
339 349 1
339 354 1
339 396 1
339 439 1
339 467 1
340 366 1
340 378 1
340 439 1
341 525 1
341 751 1
342 359 1
344 412 1
344 433 1
345 439 1
346 358 1
346 540 1
346 736 1
346 800 1
347 354 1
347 483 1
347 518 1
348 669 1
348 800 1
349 355 1
349 781 1
350 432 1
351 680 1
352 358 1
352 475 1
352 672 1
352 676 1
353 367 1
353 395 1
354 457 1
355 555 1
356 565 1
356 592 1
356 681 1
359 379 1
359 483 1
359 585 1
360 377 1
361 644 1
361 789 1
362 511 1
363 756 1
364 591 1
364 629 1
365 624 1
367 594 1
368 372 1
368 468 1
369 407 1
369 410 1
369 427 1
369 602 1
369 787 1
370 447 1
370 605 1
371 485 1
371 679 1
372 528 1
372 627 1
372 740 1
372 741 1
372 773 1
373 410 1
373 481 1
373 649 1
374 572 1
375 612 1
375 641 1
376 466 1
376 468 1
376 569 1
376 604 1
376 778 1
378 700 1
379 488 1
379 520 1
379 541 1
379 592 1
379 625 1
379 719 1
380 420 1
380 525 1
381 383 1
381 522 1
382 776 1
383 511 1
383 550 1
383 554 1
384 552 1
384 600 1
384 739 1
385 750 1
386 568 1
388 516 1
389 480 1
390 579 1
392 684 1
393 417 1
394 506 1
394 578 1
394 738 1
396 530 1
396 797 1
397 435 1
397 772 1
398 475 1
398 777 1
399 400 1
399 596 1
400 446 1
400 561 1
401 784 1
402 449 1
402 606 1
403 754 1
405 620 1
406 433 1
406 477 1
406 579 1
406 773 1
407 442 1
408 614 1
408 674 1
409 741 1
411 702 1
413 630 1
414 543 1
414 566 1
414 771 1
415 764 1
416 779 1
418 734 1
419 603 1
419 774 1
422 428 1
422 458 1
422 482 1
422 489 1
422 636 1
422 710 1
423 478 1
423 740 1
423 757 1
425 451 1
426 793 1
427 515 1
427 792 1
429 482 1
429 544 1
429 584 1
429 736 1
430 441 1
430 458 1
430 789 1
433 501 1
433 757 1
440 535 1
441 452 1
443 634 1
443 760 1
444 537 1
444 557 1
444 679 1
444 755 1
444 799 1
445 533 1
446 735 1
447 568 1
449 508 1
450 628 1
450 630 1
451 632 1
452 794 1
457 465 1
459 599 1
459 615 1
459 674 1
459 677 1
459 713 1
459 716 1
461 529 1
461 554 1
462 464 1
462 666 1
463 507 1
466 472 1
466 563 1
466 619 1
468 511 1
468 564 1
469 662 1
471 473 1
471 474 1
471 532 1
471 576 1
471 584 1
471 585 1
471 603 1
473 547 1
473 678 1
473 745 1
481 504 1
481 523 1
483 527 1
483 610 1
485 753 1
486 542 1
486 551 1
486 660 1
486 690 1
486 778 1
487 505 1
487 618 1
488 766 1
489 691 1
490 590 1
490 734 1
494 539 1
495 706 1
496 556 1
498 623 1
499 720 1
503 697 1
503 789 1
503 794 1
504 722 1
508 567 1
509 561 1
509 609 1
511 633 1
511 731 1
513 668 1
520 553 1
521 606 1
521 637 1
521 709 1
521 757 1
521 786 1
522 576 1
523 750 1
525 722 1
526 587 1
526 708 1
527 693 1
529 735 1
530 620 1
531 656 1
532 631 1
534 558 1
534 565 1
535 549 1
535 626 1
536 754 1
538 717 1
539 551 1
540 554 1
540 644 1
541 618 1
541 755 1
542 548 1
544 617 1
547 737 1
549 586 1
550 780 1
551 560 1
551 609 1
551 790 1
553 625 1
555 575 1
555 687 1
555 761 1
556 642 1
557 648 1
557 729 1
561 635 1
561 654 1
565 663 1
565 715 1
566 613 1
566 619 1
567 695 1
569 637 1
570 625 1
571 774 1
573 633 1
577 583 1
578 627 1
581 669 1
585 642 1
586 685 1
586 699 1
586 714 1
586 739 1
586 747 1
587 746 1
588 622 1
588 719 1
591 728 1
591 730 1
591 782 1
593 756 1
595 611 1
596 771 1
599 604 1
600 631 1
604 749 1
605 656 1
605 767 1
606 721 1
606 725 1
610 663 1
612 671 1
615 634 1
618 755 1
618 762 1
619 747 1
620 644 1
620 720 1
621 671 1
623 650 1
626 703 1
627 768 1
629 715 1
630 667 1
630 672 1
632 718 1
632 750 1
636 651 1
636 665 1
639 785 1
640 652 1
640 654 1
642 748 1
643 690 1
646 647 1
647 713 1
651 691 1
651 790 1
652 693 1
657 707 1
657 797 1
658 772 1
659 735 1
660 698 1
663 696 1
664 717 1
665 759 1
669 697 1
669 776 1
670 747 1
672 719 1
673 706 1
683 775 1
688 781 1
689 699 1
689 758 1
690 780 1
691 791 1
703 732 1
706 729 1
706 753 1
707 738 1
707 786 1
707 791 1
710 723 1
710 729 1
717 768 1
726 781 1
728 733 1
732 776 1
734 771 1
743 787 1
752 767 1
756 798 1
765 770 1
