1900 7584 
1 2 1
1 3 1
1 4 1
1 5 1
1 6 1
1 7 1
1 8 1
1 9 1
1 10 1
1 12 1
1 13 1
1 14 1
1 17 1
1 18 1
1 21 1
1 25 1
1 27 1
1 28 1
1 30 1
1 31 1
1 32 1
1 34 1
1 36 1
1 42 1
1 45 1
1 49 1
1 51 1
1 58 1
1 60 1
1 61 1
1 62 1
1 71 1
1 77 1
1 79 1
1 81 1
1 90 1
1 95 1
1 108 1
1 109 1
1 118 1
1 131 1
1 135 1
1 148 1
1 151 1
1 152 1
1 154 1
1 155 1
1 158 1
1 165 1
1 182 1
1 221 1
1 224 1
1 232 1
1 235 1
1 253 1
1 270 1
1 289 1
1 291 1
1 298 1
1 311 1
1 315 1
1 316 1
1 317 1
1 323 1
1 334 1
1 343 1
1 358 1
1 364 1
1 372 1
1 405 1
1 421 1
1 446 1
1 452 1
1 457 1
1 461 1
1 469 1
1 484 1
1 487 1
1 488 1
1 507 1
1 518 1
1 557 1
1 560 1
1 568 1
1 574 1
1 575 1
1 583 1
1 585 1
1 588 1
1 589 1
1 591 1
1 592 1
1 614 1
1 676 1
1 693 1
1 697 1
1 718 1
1 748 1
1 758 1
1 767 1
1 803 1
1 827 1
1 833 1
1 841 1
1 849 1
1 856 1
1 864 1
1 881 1
1 882 1
1 953 1
1 975 1
1 990 1
1 998 1
1 1013 1
1 1065 1
1 1075 1
1 1079 1
1 1085 1
1 1093 1
1 1106 1
1 1144 1
1 1234 1
1 1283 1
1 1297 1
1 1312 1
1 1339 1
1 1351 1
1 1358 1
1 1360 1
1 1380 1
1 1402 1
1 1440 1
1 1448 1
1 1451 1
1 1459 1
1 1497 1
1 1519 1
1 1525 1
1 1529 1
1 1557 1
1 1578 1
1 1621 1
1 1631 1
1 1633 1
1 1667 1
1 1733 1
1 1746 1
1 1778 1
1 1783 1
1 1825 1
1 1882 1
1 1887 1
2 17 1
2 303 1
2 353 1
2 977 1
2 1106 1
2 1395 1
3 6 1
3 8 1
3 10 1
3 20 1
3 27 1
3 33 1
3 39 1
3 44 1
3 55 1
3 64 1
3 67 1
3 73 1
3 106 1
3 119 1
3 122 1
3 146 1
3 155 1
3 161 1
3 182 1
3 187 1
3 266 1
3 273 1
3 307 1
3 308 1
3 311 1
3 374 1
3 466 1
3 540 1
3 581 1
3 708 1
3 719 1
3 785 1
3 804 1
3 895 1
3 941 1
3 1125 1
3 1148 1
3 1179 1
3 1230 1
3 1257 1
3 1313 1
3 1349 1
3 1373 1
3 1390 1
3 1507 1
3 1652 1
3 1664 1
3 1808 1
3 1816 1
3 1830 1
3 1843 1
4 6 1
4 7 1
4 9 1
4 11 1
4 12 1
4 14 1
4 15 1
4 16 1
4 17 1
4 19 1
4 20 1
4 21 1
4 29 1
4 30 1
4 34 1
4 37 1
4 38 1
4 40 1
4 49 1
4 51 1
4 52 1
4 54 1
4 72 1
4 87 1
4 92 1
4 117 1
4 124 1
4 137 1
4 162 1
4 188 1
4 192 1
4 199 1
4 208 1
4 209 1
4 224 1
4 231 1
4 241 1
4 249 1
4 251 1
4 252 1
4 289 1
4 290 1
4 292 1
4 293 1
4 295 1
4 297 1
4 328 1
4 330 1
4 352 1
4 371 1
4 382 1
4 390 1
4 420 1
4 423 1
4 438 1
4 440 1
4 445 1
4 450 1
4 455 1
4 504 1
4 578 1
4 582 1
4 615 1
4 618 1
4 619 1
4 628 1
4 639 1
4 668 1
4 690 1
4 701 1
4 705 1
4 707 1
4 716 1
4 761 1
4 806 1
4 824 1
4 835 1
4 861 1
4 867 1
4 874 1
4 902 1
4 927 1
4 992 1
4 1008 1
4 1014 1
4 1046 1
4 1072 1
4 1073 1
4 1113 1
4 1149 1
4 1153 1
4 1209 1
4 1211 1
4 1226 1
4 1244 1
4 1249 1
4 1263 1
4 1284 1
4 1296 1
4 1302 1
4 1304 1
4 1358 1
4 1382 1
4 1453 1
4 1465 1
4 1467 1
4 1475 1
4 1488 1
4 1525 1
4 1551 1
4 1575 1
4 1598 1
4 1602 1
4 1607 1
4 1608 1
4 1627 1
4 1653 1
4 1748 1
4 1807 1
4 1848 1
4 1862 1
4 1868 1
4 1892 1
4 1899 1
5 6 1
5 7 1
5 8 1
5 9 1
5 10 1
5 15 1
5 31 1
5 35 1
5 51 1
5 52 1
5 75 1
5 77 1
5 85 1
5 90 1
5 102 1
5 109 1
5 118 1
5 132 1
5 149 1
5 166 1
5 177 1
5 206 1
5 209 1
5 241 1
5 322 1
5 344 1
5 398 1
5 412 1
5 462 1
5 522 1
5 552 1
5 563 1
5 566 1
5 579 1
5 613 1
5 735 1
5 832 1
5 860 1
5 884 1
5 894 1
5 908 1
5 1005 1
5 1033 1
5 1131 1
5 1134 1
5 1308 1
5 1324 1
5 1529 1
5 1599 1
5 1618 1
5 1740 1
5 1767 1
5 1770 1
5 1806 1
5 1818 1
5 1840 1
6 7 1
6 8 1
6 10 1
6 14 1
6 15 1
6 20 1
6 22 1
6 27 1
6 34 1
6 41 1
6 50 1
6 57 1
6 60 1
6 61 1
6 62 1
6 63 1
6 86 1
6 116 1
6 144 1
6 172 1
6 186 1
6 192 1
6 207 1
6 263 1
6 268 1
6 275 1
6 289 1
6 425 1
6 448 1
6 458 1
6 488 1
6 532 1
6 556 1
6 574 1
6 589 1
6 598 1
6 636 1
6 718 1
6 730 1
6 745 1
6 807 1
6 818 1
6 921 1
6 958 1
6 983 1
6 1012 1
6 1021 1
6 1115 1
6 1147 1
6 1241 1
6 1249 1
6 1411 1
6 1426 1
6 1733 1
6 1752 1
6 1771 1
6 1773 1
7 9 1
7 12 1
7 19 1
7 21 1
7 24 1
7 29 1
7 43 1
7 50 1
7 56 1
7 59 1
7 66 1
7 73 1
7 74 1
7 75 1
7 83 1
7 95 1
7 98 1
7 108 1
7 124 1
7 127 1
7 129 1
7 139 1
7 170 1
7 217 1
7 237 1
7 242 1
7 303 1
7 306 1
7 321 1
7 333 1
7 364 1
7 397 1
7 402 1
7 418 1
7 433 1
7 474 1
7 480 1
7 490 1
7 521 1
7 567 1
7 663 1
7 699 1
7 711 1
7 724 1
7 779 1
7 782 1
7 814 1
7 911 1
7 979 1
7 1091 1
7 1094 1
7 1105 1
7 1106 1
7 1235 1
7 1242 1
7 1292 1
7 1294 1
7 1388 1
7 1468 1
7 1548 1
7 1620 1
8 11 1
8 16 1
8 25 1
8 28 1
8 33 1
8 45 1
8 46 1
8 47 1
8 59 1
8 60 1
8 70 1
8 78 1
8 93 1
8 115 1
8 128 1
8 129 1
8 175 1
8 189 1
8 245 1
8 342 1
8 352 1
8 400 1
8 497 1
8 510 1
8 549 1
8 608 1
8 651 1
8 743 1
8 776 1
8 789 1
8 817 1
8 826 1
8 877 1
8 938 1
8 1063 1
8 1195 1
8 1353 1
8 1510 1
8 1550 1
8 1611 1
8 1710 1
8 1722 1
8 1801 1
9 11 1
9 12 1
9 13 1
9 17 1
9 19 1
9 22 1
9 23 1
9 37 1
9 39 1
9 43 1
9 44 1
9 46 1
9 48 1
9 62 1
9 77 1
9 78 1
9 101 1
9 102 1
9 105 1
9 106 1
9 114 1
9 187 1
9 222 1
9 225 1
9 239 1
9 264 1
9 288 1
9 314 1
9 373 1
9 378 1
9 404 1
9 457 1
9 459 1
9 516 1
9 518 1
9 549 1
9 580 1
9 602 1
9 629 1
9 667 1
9 674 1
9 678 1
9 681 1
9 693 1
9 771 1
9 789 1
9 811 1
9 851 1
9 859 1
9 966 1
9 1025 1
9 1060 1
9 1080 1
9 1168 1
9 1174 1
9 1212 1
9 1228 1
9 1236 1
9 1252 1
9 1277 1
9 1283 1
9 1428 1
9 1477 1
9 1513 1
9 1527 1
9 1566 1
9 1682 1
9 1765 1
9 1844 1
9 1883 1
10 11 1
10 13 1
10 21 1
10 52 1
10 56 1
10 68 1
10 73 1
10 83 1
10 110 1
10 133 1
10 150 1
10 164 1
10 226 1
10 267 1
10 277 1
10 281 1
10 318 1
10 382 1
10 446 1
10 464 1
10 507 1
10 574 1
10 613 1
10 616 1
10 640 1
10 697 1
10 848 1
10 885 1
10 906 1
10 972 1
10 1114 1
10 1199 1
10 1274 1
10 1301 1
10 1327 1
10 1359 1
10 1387 1
10 1389 1
10 1467 1
10 1510 1
10 1514 1
10 1700 1
10 1712 1
10 1900 1
11 14 1
11 16 1
11 31 1
11 33 1
11 36 1
11 40 1
11 56 1
11 59 1
11 63 1
11 79 1
11 81 1
11 86 1
11 91 1
11 101 1
11 106 1
11 108 1
11 112 1
11 116 1
11 134 1
11 140 1
11 174 1
11 214 1
11 218 1
11 231 1
11 295 1
11 309 1
11 310 1
11 331 1
11 357 1
11 368 1
11 406 1
11 411 1
11 433 1
11 451 1
11 484 1
11 541 1
11 584 1
11 589 1
11 627 1
11 655 1
11 688 1
11 700 1
11 743 1
11 789 1
11 796 1
11 808 1
11 831 1
11 874 1
11 909 1
11 945 1
11 997 1
11 1127 1
11 1289 1
11 1308 1
11 1348 1
11 1364 1
11 1533 1
11 1558 1
11 1711 1
11 1719 1
11 1724 1
11 1725 1
11 1736 1
11 1795 1
11 1809 1
12 13 1
12 15 1
12 16 1
12 18 1
12 19 1
12 22 1
12 24 1
12 25 1
12 29 1
12 30 1
12 35 1
12 36 1
12 38 1
12 41 1
12 47 1
12 49 1
12 53 1
12 55 1
12 74 1
12 80 1
12 84 1
12 85 1
12 102 1
12 104 1
12 128 1
12 132 1
12 168 1
12 170 1
12 171 1
12 173 1
12 198 1
12 202 1
12 205 1
12 209 1
12 237 1
12 250 1
12 257 1
12 266 1
12 277 1
12 284 1
12 294 1
12 347 1
12 359 1
12 373 1
12 396 1
12 429 1
12 454 1
12 463 1
12 493 1
12 498 1
12 505 1
12 532 1
12 534 1
12 540 1
12 541 1
12 549 1
12 556 1
12 571 1
12 624 1
12 629 1
12 639 1
12 660 1
12 661 1
12 682 1
12 693 1
12 714 1
12 795 1
12 801 1
12 810 1
12 813 1
12 818 1
12 837 1
12 849 1
12 854 1
12 899 1
12 925 1
12 930 1
12 931 1
12 959 1
12 964 1
12 969 1
12 971 1
12 976 1
12 979 1
12 1014 1
12 1028 1
12 1032 1
12 1040 1
12 1074 1
12 1078 1
12 1098 1
12 1103 1
12 1138 1
12 1147 1
12 1151 1
12 1165 1
12 1185 1
12 1203 1
12 1205 1
12 1209 1
12 1217 1
12 1276 1
12 1306 1
12 1424 1
12 1437 1
12 1477 1
12 1487 1
12 1497 1
12 1503 1
12 1597 1
12 1601 1
12 1700 1
12 1724 1
12 1727 1
12 1766 1
12 1832 1
12 1833 1
12 1871 1
13 42 1
13 57 1
13 61 1
13 216 1
13 218 1
13 238 1
13 278 1
13 367 1
13 406 1
13 533 1
13 568 1
13 700 1
13 1225 1
13 1309 1
13 1457 1
13 1498 1
13 1542 1
13 1615 1
13 1640 1
13 1656 1
13 1872 1
14 25 1
14 26 1
14 77 1
14 143 1
14 180 1
14 330 1
14 358 1
14 503 1
14 736 1
14 775 1
14 900 1
14 903 1
14 1124 1
14 1130 1
14 1195 1
14 1223 1
14 1233 1
14 1344 1
14 1408 1
14 1782 1
15 18 1
15 22 1
15 26 1
15 32 1
15 37 1
15 38 1
15 41 1
15 45 1
15 80 1
15 93 1
15 99 1
15 103 1
15 105 1
15 107 1
15 110 1
15 112 1
15 117 1
15 118 1
15 136 1
15 140 1
15 179 1
15 210 1
15 214 1
15 216 1
15 244 1
15 254 1
15 273 1
15 274 1
15 288 1
15 290 1
15 301 1
15 338 1
15 406 1
15 409 1
15 413 1
15 555 1
15 559 1
15 586 1
15 656 1
15 699 1
15 714 1
15 734 1
15 749 1
15 789 1
15 933 1
15 938 1
15 1005 1
15 1013 1
15 1219 1
15 1291 1
15 1325 1
15 1329 1
15 1332 1
15 1371 1
15 1379 1
15 1385 1
15 1441 1
15 1489 1
15 1496 1
15 1498 1
15 1529 1
15 1530 1
15 1534 1
15 1542 1
15 1553 1
15 1560 1
15 1619 1
15 1737 1
15 1752 1
15 1757 1
15 1799 1
15 1815 1
15 1853 1
16 18 1
16 20 1
16 31 1
16 53 1
16 101 1
16 114 1
16 174 1
16 184 1
16 204 1
16 217 1
16 274 1
16 326 1
16 355 1
16 372 1
16 392 1
16 412 1
16 421 1
16 463 1
16 480 1
16 510 1
16 755 1
16 765 1
16 795 1
16 844 1
16 856 1
16 902 1
16 909 1
16 1097 1
16 1295 1
16 1352 1
16 1784 1
17 128 1
17 151 1
17 168 1
17 201 1
17 208 1
17 252 1
17 304 1
17 438 1
17 518 1
17 633 1
17 657 1
17 715 1
17 760 1
17 808 1
17 887 1
17 905 1
17 912 1
17 928 1
17 945 1
17 1100 1
17 1219 1
17 1356 1
17 1381 1
17 1389 1
17 1480 1
17 1562 1
17 1667 1
17 1770 1
17 1865 1
18 23 1
18 24 1
18 26 1
18 28 1
18 42 1
18 43 1
18 46 1
18 56 1
18 59 1
18 64 1
18 65 1
18 69 1
18 76 1
18 93 1
18 126 1
18 141 1
18 161 1
18 167 1
18 169 1
18 176 1
18 183 1
18 254 1
18 262 1
18 277 1
18 310 1
18 347 1
18 351 1
18 394 1
18 408 1
18 410 1
18 474 1
18 506 1
18 515 1
18 526 1
18 595 1
18 610 1
18 625 1
18 662 1
18 669 1
18 686 1
18 702 1
18 750 1
18 752 1
18 802 1
18 837 1
18 949 1
18 960 1
18 968 1
18 1043 1
18 1055 1
18 1056 1
18 1071 1
18 1094 1
18 1126 1
18 1147 1
18 1159 1
18 1172 1
18 1267 1
18 1280 1
18 1337 1
18 1369 1
18 1372 1
18 1383 1
18 1413 1
18 1453 1
18 1469 1
18 1473 1
18 1477 1
18 1491 1
18 1538 1
18 1607 1
18 1647 1
18 1678 1
18 1692 1
18 1716 1
18 1739 1
18 1758 1
18 1793 1
19 24 1
19 26 1
19 35 1
19 43 1
19 48 1
19 58 1
19 79 1
19 85 1
19 122 1
19 148 1
19 244 1
19 315 1
19 326 1
19 465 1
19 499 1
19 521 1
19 539 1
19 741 1
19 792 1
19 899 1
19 971 1
19 1049 1
19 1058 1
19 1121 1
19 1178 1
19 1252 1
19 1308 1
19 1324 1
19 1424 1
19 1487 1
19 1600 1
20 23 1
20 32 1
20 36 1
20 39 1
20 48 1
20 50 1
20 63 1
20 67 1
20 69 1
20 71 1
20 76 1
20 88 1
20 96 1
20 97 1
20 100 1
20 104 1
20 107 1
20 114 1
20 118 1
20 123 1
20 127 1
20 141 1
20 147 1
20 155 1
20 160 1
20 169 1
20 188 1
20 197 1
20 211 1
20 219 1
20 223 1
20 228 1
20 263 1
20 269 1
20 281 1
20 290 1
20 294 1
20 301 1
20 307 1
20 326 1
20 355 1
20 440 1
20 451 1
20 455 1
20 481 1
20 495 1
20 501 1
20 602 1
20 648 1
20 665 1
20 678 1
20 680 1
20 756 1
20 781 1
20 784 1
20 824 1
20 833 1
20 902 1
20 910 1
20 917 1
20 925 1
20 946 1
20 951 1
20 986 1
20 989 1
20 1006 1
20 1015 1
20 1051 1
20 1097 1
20 1105 1
20 1109 1
20 1118 1
20 1137 1
20 1150 1
20 1216 1
20 1217 1
20 1225 1
20 1230 1
20 1243 1
20 1296 1
20 1336 1
20 1344 1
20 1375 1
20 1400 1
20 1443 1
20 1458 1
20 1471 1
20 1494 1
20 1512 1
20 1560 1
20 1577 1
20 1586 1
20 1608 1
20 1613 1
20 1731 1
20 1733 1
20 1788 1
20 1854 1
20 1866 1
20 1890 1
21 80 1
21 113 1
21 148 1
21 169 1
21 172 1
21 221 1
21 225 1
21 233 1
21 235 1
21 302 1
21 339 1
21 352 1
21 378 1
21 385 1
21 547 1
21 602 1
21 633 1
21 651 1
21 657 1
21 672 1
21 720 1
21 727 1
21 761 1
21 826 1
21 857 1
21 968 1
21 1102 1
21 1143 1
21 1156 1
21 1264 1
21 1270 1
21 1271 1
21 1366 1
21 1416 1
21 1421 1
21 1431 1
21 1491 1
21 1595 1
21 1616 1
21 1641 1
21 1684 1
21 1685 1
21 1895 1
22 23 1
22 32 1
22 35 1
22 37 1
22 39 1
22 53 1
22 58 1
22 60 1
22 70 1
22 76 1
22 78 1
22 82 1
22 84 1
22 94 1
22 96 1
22 99 1
22 101 1
22 112 1
22 113 1
22 123 1
22 131 1
22 136 1
22 146 1
22 158 1
22 166 1
22 184 1
22 189 1
22 192 1
22 200 1
22 215 1
22 220 1
22 232 1
22 248 1
22 267 1
22 280 1
22 303 1
22 326 1
22 360 1
22 389 1
22 398 1
22 411 1
22 415 1
22 421 1
22 455 1
22 473 1
22 486 1
22 513 1
22 530 1
22 539 1
22 554 1
22 569 1
22 631 1
22 634 1
22 635 1
22 732 1
22 778 1
22 809 1
22 876 1
22 888 1
22 895 1
22 905 1
22 906 1
22 924 1
22 1016 1
22 1027 1
22 1067 1
22 1161 1
22 1164 1
22 1181 1
22 1250 1
22 1264 1
22 1273 1
22 1327 1
22 1337 1
22 1561 1
22 1565 1
22 1597 1
22 1607 1
22 1660 1
22 1708 1
22 1710 1
22 1727 1
22 1779 1
22 1896 1
23 87 1
23 105 1
23 156 1
23 238 1
23 811 1
24 27 1
24 67 1
24 82 1
24 125 1
24 162 1
24 217 1
24 296 1
24 334 1
24 340 1
24 353 1
24 375 1
24 423 1
24 435 1
24 514 1
24 520 1
24 533 1
24 572 1
24 660 1
24 769 1
24 796 1
24 845 1
24 854 1
24 865 1
24 928 1
24 939 1
24 1257 1
24 1271 1
24 1383 1
24 1491 1
24 1511 1
24 1560 1
24 1642 1
24 1662 1
24 1760 1
24 1773 1
24 1868 1
25 28 1
25 29 1
25 34 1
25 40 1
25 107 1
25 121 1
25 242 1
25 257 1
25 262 1
25 273 1
25 279 1
25 332 1
25 346 1
25 432 1
25 535 1
25 585 1
25 590 1
25 632 1
25 666 1
25 763 1
25 992 1
25 1194 1
25 1251 1
25 1326 1
25 1345 1
25 1363 1
25 1393 1
25 1445 1
25 1548 1
25 1572 1
25 1670 1
25 1849 1
26 64 1
26 81 1
26 92 1
26 96 1
26 132 1
26 139 1
26 143 1
26 206 1
26 335 1
26 365 1
26 387 1
26 393 1
26 457 1
26 587 1
26 594 1
26 1036 1
26 1221 1
26 1237 1
26 1612 1
27 33 1
27 44 1
27 47 1
27 55 1
27 61 1
27 68 1
27 74 1
27 94 1
27 105 1
27 112 1
27 120 1
27 130 1
27 137 1
27 142 1
27 147 1
27 150 1
27 168 1
27 174 1
27 179 1
27 189 1
27 245 1
27 282 1
27 297 1
27 305 1
27 349 1
27 403 1
27 422 1
27 434 1
27 464 1
27 502 1
27 550 1
27 553 1
27 562 1
27 619 1
27 644 1
27 772 1
27 783 1
27 786 1
27 831 1
27 840 1
27 917 1
27 995 1
27 1047 1
27 1103 1
27 1136 1
27 1156 1
27 1346 1
27 1376 1
27 1391 1
27 1396 1
27 1490 1
27 1501 1
27 1571 1
27 1609 1
27 1625 1
27 1736 1
27 1765 1
27 1850 1
27 1860 1
27 1890 1
28 30 1
28 42 1
28 68 1
28 75 1
28 87 1
28 90 1
28 134 1
28 138 1
28 238 1
28 273 1
28 281 1
28 341 1
28 424 1
28 426 1
28 437 1
28 563 1
28 577 1
28 665 1
28 693 1
28 716 1
28 775 1
28 898 1
28 1017 1
28 1104 1
28 1114 1
28 1168 1
28 1187 1
28 1199 1
28 1345 1
28 1378 1
28 1425 1
28 1457 1
28 1579 1
28 1661 1
28 1742 1
28 1780 1
29 50 1
29 64 1
29 116 1
29 181 1
29 189 1
29 198 1
29 313 1
29 429 1
29 462 1
29 535 1
29 545 1
29 597 1
29 644 1
29 660 1
29 847 1
29 951 1
29 1010 1
29 1025 1
29 1032 1
29 1337 1
29 1457 1
29 1676 1
30 88 1
30 98 1
30 160 1
30 234 1
30 582 1
30 583 1
30 913 1
30 1033 1
30 1317 1
30 1428 1
30 1746 1
31 40 1
31 95 1
31 145 1
31 176 1
31 215 1
31 220 1
31 298 1
31 375 1
31 402 1
31 597 1
31 609 1
31 611 1
31 687 1
31 773 1
31 786 1
31 808 1
31 823 1
31 893 1
31 981 1
31 998 1
31 1197 1
31 1226 1
31 1410 1
31 1522 1
31 1570 1
31 1639 1
31 1783 1
32 41 1
32 51 1
32 65 1
32 111 1
32 153 1
32 203 1
32 234 1
32 255 1
32 276 1
32 358 1
32 374 1
32 429 1
32 481 1
32 578 1
32 678 1
32 748 1
32 822 1
32 877 1
32 927 1
32 1009 1
32 1062 1
32 1128 1
32 1129 1
32 1179 1
32 1303 1
32 1462 1
32 1648 1
32 1682 1
32 1737 1
32 1827 1
33 46 1
33 47 1
33 53 1
33 54 1
33 57 1
33 74 1
33 145 1
33 184 1
33 221 1
33 226 1
33 229 1
33 376 1
33 380 1
33 388 1
33 528 1
33 569 1
33 588 1
33 601 1
33 729 1
33 731 1
33 768 1
33 800 1
33 963 1
33 1032 1
33 1194 1
33 1213 1
33 1320 1
33 1386 1
33 1445 1
33 1508 1
33 1776 1
33 1835 1
34 81 1
34 123 1
34 324 1
34 628 1
34 889 1
34 984 1
34 1318 1
34 1677 1
34 1690 1
34 1705 1
34 1714 1
34 1826 1
34 1827 1
35 54 1
35 65 1
35 104 1
35 132 1
35 159 1
35 227 1
35 232 1
35 322 1
35 653 1
35 746 1
35 806 1
35 880 1
35 1261 1
35 1339 1
35 1342 1
35 1562 1
35 1699 1
35 1819 1
35 1841 1
36 38 1
36 84 1
36 125 1
36 135 1
36 227 1
36 450 1
36 695 1
36 790 1
36 940 1
36 993 1
36 1057 1
36 1301 1
36 1428 1
36 1473 1
36 1808 1
36 1892 1
37 75 1
37 116 1
37 122 1
37 142 1
37 159 1
37 200 1
37 225 1
37 497 1
37 643 1
37 751 1
37 825 1
37 839 1
37 1238 1
37 1295 1
37 1346 1
37 1422 1
37 1521 1
37 1538 1
37 1853 1
38 65 1
38 76 1
38 78 1
38 88 1
38 89 1
38 96 1
38 109 1
38 119 1
38 171 1
38 229 1
38 242 1
38 266 1
38 280 1
38 296 1
38 316 1
38 319 1
38 370 1
38 452 1
38 453 1
38 496 1
38 508 1
38 545 1
38 597 1
38 691 1
38 754 1
38 773 1
38 811 1
38 828 1
38 840 1
38 844 1
38 885 1
38 936 1
38 1027 1
38 1077 1
38 1124 1
38 1184 1
38 1188 1
38 1231 1
38 1304 1
38 1311 1
38 1321 1
38 1323 1
38 1335 1
38 1355 1
38 1528 1
38 1539 1
38 1626 1
38 1740 1
38 1742 1
38 1780 1
38 1869 1
39 44 1
39 49 1
39 68 1
39 70 1
39 82 1
39 87 1
39 146 1
39 169 1
39 269 1
39 271 1
39 300 1
39 301 1
39 305 1
39 316 1
39 332 1
39 336 1
39 350 1
39 357 1
39 368 1
39 407 1
39 419 1
39 431 1
39 439 1
39 467 1
39 493 1
39 528 1
39 574 1
39 581 1
39 598 1
39 607 1
39 727 1
39 756 1
39 787 1
39 794 1
39 899 1
39 904 1
39 1004 1
39 1029 1
39 1050 1
39 1065 1
39 1173 1
39 1299 1
39 1306 1
39 1364 1
39 1393 1
39 1402 1
39 1478 1
39 1517 1
39 1543 1
39 1547 1
39 1584 1
39 1588 1
39 1595 1
39 1644 1
39 1670 1
39 1704 1
39 1721 1
39 1776 1
40 54 1
40 103 1
40 131 1
40 141 1
40 176 1
40 199 1
40 208 1
40 288 1
40 340 1
40 355 1
40 392 1
40 443 1
40 459 1
40 734 1
40 822 1
40 890 1
40 1100 1
40 1255 1
40 1260 1
40 1605 1
40 1759 1
41 124 1
41 279 1
41 604 1
41 623 1
41 687 1
41 896 1
41 1051 1
41 1267 1
41 1363 1
41 1541 1
41 1814 1
42 52 1
42 72 1
42 90 1
42 99 1
42 203 1
42 227 1
42 307 1
42 321 1
42 377 1
42 383 1
42 394 1
42 828 1
42 1107 1
42 1668 1
42 1764 1
42 1825 1
42 1851 1
43 45 1
43 94 1
43 223 1
43 271 1
43 309 1
43 415 1
43 439 1
43 504 1
43 572 1
43 652 1
43 710 1
43 715 1
43 750 1
43 1001 1
43 1026 1
43 1078 1
43 1115 1
43 1601 1
43 1782 1
43 1786 1
44 57 1
44 70 1
44 185 1
44 201 1
44 216 1
44 334 1
44 489 1
44 492 1
44 758 1
44 793 1
44 1030 1
44 1151 1
44 1427 1
44 1486 1
45 71 1
45 89 1
45 152 1
45 154 1
45 160 1
45 205 1
45 213 1
45 247 1
45 279 1
45 367 1
45 379 1
45 696 1
45 843 1
45 936 1
45 1248 1
45 1456 1
45 1637 1
46 48 1
46 138 1
46 139 1
46 201 1
46 213 1
46 235 1
46 258 1
46 584 1
46 721 1
46 908 1
46 966 1
46 984 1
46 1018 1
46 1404 1
46 1663 1
47 97 1
47 131 1
47 144 1
47 193 1
47 236 1
47 319 1
47 354 1
47 470 1
47 492 1
47 517 1
47 668 1
47 800 1
47 1155 1
47 1399 1
47 1401 1
47 1446 1
47 1837 1
48 63 1
48 72 1
48 84 1
48 196 1
48 218 1
48 220 1
48 236 1
48 250 1
48 285 1
48 324 1
48 402 1
48 463 1
48 470 1
48 757 1
48 786 1
48 820 1
48 836 1
48 922 1
48 935 1
48 1074 1
48 1205 1
48 1245 1
48 1268 1
48 1466 1
48 1591 1
48 1637 1
48 1803 1
48 1888 1
49 66 1
49 69 1
49 121 1
49 138 1
49 140 1
49 210 1
49 230 1
49 266 1
49 471 1
49 524 1
49 662 1
49 689 1
49 883 1
49 1071 1
49 1083 1
49 1101 1
49 1293 1
49 1321 1
49 1331 1
49 1336 1
49 1627 1
49 1652 1
49 1794 1
49 1862 1
50 127 1
50 140 1
50 175 1
50 177 1
50 251 1
50 268 1
50 271 1
50 322 1
50 395 1
50 428 1
50 477 1
50 538 1
50 593 1
50 601 1
50 907 1
50 912 1
50 930 1
50 1241 1
50 1585 1
50 1600 1
51 80 1
51 85 1
51 115 1
51 146 1
51 198 1
51 216 1
51 299 1
51 448 1
51 529 1
51 554 1
51 827 1
51 828 1
51 839 1
51 851 1
51 865 1
51 919 1
51 1028 1
51 1037 1
51 1080 1
51 1459 1
51 1676 1
51 1802 1
51 1892 1
52 55 1
52 91 1
52 129 1
52 350 1
52 368 1
52 488 1
52 501 1
52 555 1
52 564 1
52 696 1
52 867 1
52 1200 1
52 1224 1
52 1280 1
52 1370 1
52 1378 1
52 1394 1
52 1837 1
52 1842 1
53 195 1
53 369 1
53 432 1
53 516 1
53 567 1
53 670 1
53 720 1
53 813 1
53 893 1
53 1041 1
53 1047 1
53 1090 1
53 1203 1
53 1289 1
53 1418 1
53 1562 1
53 1788 1
53 1836 1
54 58 1
54 73 1
54 83 1
54 102 1
54 103 1
54 129 1
54 130 1
54 163 1
54 230 1
54 272 1
54 287 1
54 289 1
54 314 1
54 369 1
54 444 1
54 473 1
54 495 1
54 534 1
54 603 1
54 606 1
54 695 1
54 812 1
54 815 1
54 821 1
54 916 1
54 978 1
54 1077 1
54 1103 1
54 1122 1
54 1132 1
54 1220 1
54 1235 1
54 1256 1
54 1427 1
54 1602 1
54 1804 1
55 110 1
55 111 1
55 222 1
55 293 1
55 414 1
55 416 1
55 486 1
55 531 1
55 1007 1
55 1090 1
55 1108 1
55 1153 1
55 1701 1
56 62 1
56 107 1
56 166 1
56 223 1
56 246 1
56 449 1
56 489 1
56 1409 1
56 1435 1
57 296 1
57 1129 1
57 1333 1
58 66 1
58 82 1
58 91 1
58 100 1
58 110 1
58 115 1
58 150 1
58 178 1
58 260 1
58 389 1
58 416 1
58 625 1
58 656 1
58 690 1
58 691 1
58 715 1
58 744 1
58 977 1
58 1002 1
58 1530 1
58 1532 1
58 1706 1
59 126 1
59 159 1
59 180 1
59 226 1
59 248 1
59 267 1
59 277 1
59 291 1
59 338 1
59 436 1
59 452 1
59 615 1
59 637 1
59 645 1
59 692 1
59 713 1
59 830 1
59 887 1
59 1112 1
59 1146 1
59 1166 1
59 1261 1
59 1429 1
59 1528 1
59 1529 1
59 1619 1
59 1684 1
59 1801 1
59 1813 1
60 79 1
60 83 1
60 86 1
60 99 1
60 103 1
60 121 1
60 142 1
60 153 1
60 270 1
60 292 1
60 413 1
60 432 1
60 454 1
60 455 1
60 472 1
60 474 1
60 532 1
60 537 1
60 563 1
60 666 1
60 681 1
60 725 1
60 829 1
60 1123 1
60 1250 1
60 1401 1
60 1545 1
60 1844 1
61 113 1
61 134 1
61 162 1
61 193 1
61 230 1
61 371 1
61 414 1
61 430 1
61 460 1
61 478 1
61 502 1
61 762 1
61 1014 1
61 1350 1
61 1609 1
61 1719 1
61 1791 1
61 1855 1
62 117 1
62 167 1
62 183 1
62 220 1
62 265 1
62 314 1
62 323 1
62 365 1
62 722 1
62 1271 1
62 1287 1
62 1415 1
62 1658 1
62 1679 1
62 1755 1
62 1873 1
62 1882 1
63 66 1
63 98 1
63 125 1
63 185 1
63 210 1
63 546 1
63 575 1
63 586 1
63 970 1
63 1039 1
63 1371 1
63 1447 1
64 67 1
64 92 1
64 93 1
64 308 1
64 335 1
64 337 1
64 512 1
64 561 1
64 676 1
64 763 1
64 929 1
64 1056 1
64 1146 1
64 1300 1
64 1305 1
64 1464 1
64 1762 1
65 1059 1
65 1865 1
66 69 1
66 100 1
66 197 1
66 207 1
66 243 1
66 312 1
66 342 1
66 401 1
66 413 1
66 428 1
66 653 1
66 792 1
66 803 1
66 812 1
66 983 1
66 1376 1
66 1495 1
66 1651 1
66 1827 1
67 97 1
67 108 1
67 114 1
67 155 1
67 183 1
67 249 1
67 439 1
67 448 1
67 519 1
67 712 1
67 725 1
67 881 1
67 1039 1
67 1088 1
67 1150 1
67 1253 1
67 1278 1
67 1306 1
67 1501 1
67 1620 1
68 100 1
68 204 1
68 295 1
68 335 1
68 383 1
68 695 1
68 822 1
68 1223 1
68 1592 1
68 1702 1
69 72 1
69 98 1
69 120 1
69 156 1
69 165 1
69 194 1
69 294 1
69 310 1
69 329 1
69 348 1
69 376 1
69 402 1
69 542 1
69 552 1
69 612 1
69 624 1
69 713 1
69 772 1
69 785 1
69 843 1
69 893 1
69 946 1
69 1213 1
69 1256 1
69 1286 1
69 1660 1
69 1787 1
69 1815 1
70 71 1
70 304 1
70 1020 1
70 1336 1
71 92 1
71 137 1
71 157 1
71 193 1
71 196 1
71 292 1
71 579 1
71 671 1
71 733 1
71 805 1
71 820 1
71 856 1
71 859 1
71 1019 1
71 1060 1
71 1185 1
71 1229 1
71 1382 1
71 1662 1
71 1784 1
72 89 1
72 205 1
72 320 1
72 401 1
72 533 1
72 608 1
72 703 1
72 857 1
72 894 1
72 941 1
72 943 1
72 1136 1
72 1224 1
72 1357 1
72 1359 1
72 1375 1
72 1551 1
73 141 1
73 363 1
73 667 1
73 777 1
73 903 1
73 1177 1
73 1417 1
73 1673 1
73 1852 1
74 164 1
74 353 1
74 363 1
74 370 1
74 696 1
74 706 1
74 792 1
74 836 1
74 941 1
74 1224 1
74 1309 1
74 1340 1
74 1721 1
75 252 1
75 386 1
75 644 1
75 707 1
75 1879 1
76 157 1
76 239 1
76 320 1
76 429 1
76 947 1
76 1361 1
77 143 1
77 178 1
77 219 1
77 253 1
77 254 1
77 256 1
77 260 1
77 328 1
77 375 1
77 399 1
77 444 1
77 491 1
77 503 1
77 518 1
77 553 1
77 582 1
77 627 1
77 736 1
77 932 1
77 1104 1
77 1864 1
77 1873 1
78 88 1
78 167 1
78 199 1
78 240 1
78 367 1
78 374 1
78 381 1
78 677 1
78 755 1
78 784 1
78 850 1
78 896 1
78 1056 1
78 1335 1
78 1398 1
78 1766 1
78 1889 1
79 137 1
79 147 1
79 396 1
79 525 1
79 586 1
79 711 1
79 930 1
79 1260 1
80 219 1
80 255 1
80 312 1
80 373 1
80 431 1
80 491 1
80 504 1
80 511 1
80 632 1
80 720 1
80 766 1
80 830 1
80 930 1
80 976 1
80 1028 1
80 1566 1
80 1730 1
80 1786 1
81 86 1
81 91 1
81 95 1
81 156 1
81 163 1
81 212 1
81 243 1
81 246 1
81 276 1
81 365 1
81 380 1
81 438 1
81 515 1
81 543 1
81 584 1
81 667 1
81 709 1
81 750 1
81 817 1
81 821 1
81 866 1
81 914 1
81 1025 1
81 1041 1
81 1046 1
81 1051 1
81 1117 1
81 1232 1
81 1311 1
81 1357 1
81 1392 1
81 1485 1
81 1518 1
81 1519 1
81 1606 1
81 1657 1
81 1661 1
81 1695 1
81 1881 1
82 97 1
82 844 1
82 1136 1
82 1213 1
82 1234 1
82 1435 1
83 120 1
83 122 1
83 295 1
83 345 1
83 677 1
83 980 1
83 1323 1
83 1681 1
83 1710 1
83 1792 1
83 1813 1
84 124 1
84 151 1
84 191 1
84 212 1
84 228 1
84 245 1
84 271 1
84 297 1
84 444 1
84 576 1
84 724 1
84 737 1
84 797 1
84 939 1
84 952 1
84 1001 1
84 1002 1
84 1115 1
84 1151 1
84 1475 1
84 1502 1
84 1504 1
84 1727 1
84 1743 1
84 1890 1
85 111 1
85 115 1
85 170 1
85 225 1
85 239 1
85 272 1
85 471 1
85 473 1
85 506 1
85 539 1
85 564 1
85 659 1
85 711 1
85 729 1
85 784 1
85 961 1
85 1065 1
85 1297 1
85 1470 1
85 1538 1
85 1563 1
85 1742 1
85 1876 1
86 89 1
86 272 1
86 330 1
86 422 1
86 618 1
86 774 1
86 1170 1
86 1649 1
86 1685 1
86 1726 1
86 1750 1
86 1751 1
86 1795 1
86 1801 1
87 133 1
87 135 1
87 139 1
87 265 1
87 331 1
87 408 1
87 430 1
87 524 1
87 541 1
87 655 1
87 682 1
87 816 1
87 830 1
87 1139 1
87 1367 1
87 1382 1
87 1483 1
87 1619 1
87 1858 1
88 178 1
88 257 1
88 340 1
88 377 1
88 573 1
88 626 1
88 651 1
88 668 1
88 797 1
88 949 1
88 1136 1
88 1148 1
88 1225 1
88 1354 1
88 1500 1
88 1502 1
88 1576 1
88 1718 1
89 94 1
89 120 1
89 224 1
89 360 1
89 364 1
89 372 1
89 456 1
89 683 1
89 689 1
89 735 1
89 819 1
89 1070 1
89 1232 1
89 1318 1
89 1716 1
89 1729 1
90 299 1
90 1263 1
90 1668 1
90 1703 1
90 1789 1
91 156 1
91 188 1
91 215 1
91 217 1
91 236 1
91 320 1
91 379 1
91 414 1
91 546 1
91 656 1
91 963 1
91 966 1
91 1050 1
91 1180 1
91 1729 1
91 1741 1
91 1824 1
92 127 1
92 130 1
92 151 1
92 154 1
92 157 1
92 164 1
92 171 1
92 246 1
92 325 1
92 344 1
92 347 1
92 362 1
92 390 1
92 412 1
92 415 1
92 561 1
92 566 1
92 741 1
92 770 1
92 786 1
92 819 1
92 836 1
92 1057 1
92 1076 1
92 1094 1
92 1104 1
92 1169 1
92 1180 1
92 1307 1
92 1370 1
92 1393 1
92 1439 1
92 1464 1
92 1476 1
92 1525 1
92 1541 1
92 1563 1
92 1718 1
92 1776 1
92 1781 1
93 111 1
93 171 1
93 173 1
93 180 1
93 182 1
93 283 1
93 337 1
93 384 1
93 411 1
93 443 1
93 449 1
93 521 1
93 617 1
93 641 1
93 719 1
93 733 1
93 749 1
93 829 1
93 848 1
93 879 1
93 883 1
93 995 1
93 1113 1
93 1305 1
93 1391 1
93 1421 1
93 1429 1
93 1452 1
93 1469 1
93 1496 1
93 1524 1
93 1676 1
93 1713 1
94 144 1
94 202 1
94 717 1
94 934 1
94 974 1
94 1322 1
94 1691 1
94 1719 1
94 1756 1
94 1839 1
95 264 1
95 269 1
95 396 1
95 445 1
95 530 1
95 531 1
95 858 1
95 883 1
95 1058 1
95 1229 1
95 1241 1
95 1483 1
95 1531 1
95 1616 1
95 1664 1
96 181 1
96 246 1
96 259 1
96 339 1
96 415 1
96 434 1
96 608 1
96 1202 1
96 1313 1
96 1738 1
97 248 1
97 425 1
97 1289 1
97 1399 1
98 113 1
98 170 1
98 212 1
98 293 1
98 537 1
98 538 1
98 580 1
98 721 1
98 990 1
99 104 1
99 109 1
99 125 1
99 234 1
99 337 1
99 600 1
99 661 1
99 1225 1
99 1251 1
99 1280 1
99 1380 1
99 1861 1
100 119 1
100 123 1
100 161 1
100 195 1
100 280 1
100 430 1
100 476 1
100 654 1
100 768 1
100 846 1
100 1384 1
100 1682 1
101 121 1
101 185 1
101 190 1
101 329 1
101 343 1
101 349 1
101 485 1
101 536 1
101 771 1
101 962 1
101 1365 1
101 1430 1
101 1649 1
102 117 1
102 212 1
102 233 1
102 263 1
102 302 1
102 379 1
102 437 1
102 513 1
102 572 1
102 581 1
102 675 1
102 832 1
102 838 1
102 944 1
102 1087 1
102 1409 1
102 1535 1
102 1761 1
103 106 1
103 159 1
103 283 1
103 306 1
103 359 1
103 505 1
103 671 1
103 709 1
103 791 1
103 804 1
103 821 1
103 1329 1
103 1809 1
103 1838 1
103 1881 1
104 135 1
104 153 1
104 179 1
104 193 1
104 197 1
104 200 1
104 343 1
104 484 1
104 686 1
104 794 1
104 842 1
104 849 1
104 937 1
104 1097 1
104 1214 1
104 1316 1
104 1367 1
104 1533 1
104 1584 1
105 160 1
105 206 1
105 209 1
105 547 1
105 636 1
105 801 1
105 931 1
105 974 1
105 1049 1
105 1673 1
105 1838 1
106 163 1
106 284 1
106 366 1
106 776 1
106 1039 1
106 1806 1
107 152 1
107 211 1
107 259 1
107 260 1
107 283 1
107 351 1
107 440 1
107 479 1
107 780 1
107 788 1
107 901 1
107 1226 1
107 1233 1
107 1539 1
107 1561 1
107 1568 1
107 1658 1
108 157 1
108 173 1
108 214 1
108 359 1
108 531 1
108 1000 1
108 1088 1
108 1107 1
108 1620 1
109 310 1
109 420 1
109 469 1
109 529 1
109 560 1
109 570 1
109 680 1
109 713 1
109 812 1
109 1041 1
109 1176 1
109 1358 1
109 1397 1
109 1545 1
109 1768 1
110 126 1
110 128 1
110 231 1
110 390 1
110 596 1
110 602 1
110 802 1
110 805 1
110 813 1
110 958 1
110 1095 1
110 1120 1
110 1365 1
110 1672 1
110 1689 1
110 1863 1
111 143 1
111 319 1
111 391 1
111 732 1
111 1338 1
112 164 1
112 195 1
112 203 1
112 210 1
112 247 1
112 476 1
112 616 1
112 647 1
112 718 1
112 861 1
112 916 1
112 999 1
112 1029 1
112 1061 1
112 1157 1
112 1275 1
112 1294 1
112 1475 1
112 1786 1
112 1855 1
113 168 1
113 544 1
113 583 1
113 1880 1
114 165 1
114 175 1
114 192 1
114 218 1
114 232 1
114 448 1
114 671 1
114 676 1
114 879 1
114 885 1
114 927 1
114 933 1
114 1018 1
114 1217 1
114 1447 1
114 1696 1
115 133 1
115 204 1
115 221 1
115 258 1
115 269 1
115 278 1
115 417 1
115 477 1
115 548 1
115 734 1
115 783 1
115 1042 1
115 1113 1
115 1189 1
115 1227 1
115 1577 1
115 1836 1
115 1886 1
116 1068 1
116 1157 1
116 1294 1
116 1374 1
116 1513 1
116 1585 1
116 1748 1
116 1844 1
117 119 1
117 174 1
117 175 1
117 229 1
117 276 1
117 383 1
117 565 1
117 603 1
117 754 1
117 756 1
117 830 1
117 1024 1
117 1112 1
117 1403 1
117 1528 1
117 1705 1
117 1894 1
119 196 1
119 496 1
119 1054 1
119 1071 1
119 1110 1
119 1350 1
119 1453 1
119 1484 1
119 1611 1
119 1621 1
119 1767 1
120 196 1
120 309 1
120 383 1
120 432 1
120 486 1
120 609 1
120 700 1
120 702 1
120 785 1
120 906 1
120 1569 1
121 149 1
121 243 1
121 250 1
121 254 1
121 264 1
121 286 1
121 381 1
121 401 1
121 409 1
121 503 1
121 605 1
121 610 1
121 802 1
121 1030 1
121 1064 1
121 1149 1
121 1245 1
121 1760 1
121 1765 1
122 133 1
122 142 1
122 194 1
122 328 1
122 404 1
122 479 1
122 540 1
122 671 1
122 683 1
122 706 1
122 731 1
122 816 1
122 857 1
122 935 1
122 1300 1
122 1308 1
123 149 1
123 166 1
123 187 1
123 276 1
123 483 1
123 506 1
123 547 1
123 1064 1
123 1102 1
123 1399 1
124 126 1
124 147 1
124 262 1
124 284 1
124 329 1
124 433 1
124 464 1
124 615 1
124 634 1
124 694 1
124 727 1
124 862 1
124 872 1
124 1046 1
124 1503 1
124 1739 1
125 130 1
125 145 1
125 162 1
125 260 1
125 291 1
125 652 1
125 846 1
125 904 1
125 973 1
125 1248 1
125 1277 1
125 1432 1
125 1463 1
125 1773 1
125 1854 1
126 136 1
126 144 1
126 173 1
126 231 1
126 300 1
126 364 1
126 440 1
126 492 1
126 536 1
126 639 1
126 646 1
126 699 1
126 725 1
126 798 1
126 932 1
126 1045 1
126 1082 1
126 1101 1
126 1102 1
126 1218 1
126 1332 1
126 1411 1
126 1426 1
126 1432 1
126 1775 1
126 1848 1
126 1849 1
126 1886 1
127 138 1
127 149 1
127 244 1
127 252 1
127 323 1
127 386 1
127 479 1
127 522 1
127 529 1
127 742 1
127 1102 1
127 1221 1
127 1352 1
127 1613 1
127 1678 1
127 1887 1
128 167 1
128 190 1
128 202 1
128 283 1
128 297 1
128 344 1
128 507 1
128 535 1
128 924 1
128 1282 1
128 1556 1
128 1611 1
128 1615 1
129 178 1
129 274 1
129 369 1
129 376 1
129 853 1
129 1331 1
129 1342 1
129 1384 1
129 1715 1
129 1758 1
130 181 1
130 226 1
130 242 1
130 392 1
130 469 1
130 709 1
130 839 1
130 1092 1
130 1162 1
130 1340 1
130 1658 1
130 1681 1
131 190 1
131 480 1
131 580 1
131 770 1
131 1042 1
131 1199 1
131 1246 1
131 1299 1
131 1390 1
131 1435 1
132 389 1
132 1665 1
133 134 1
133 184 1
133 207 1
133 213 1
133 251 1
133 348 1
133 356 1
133 398 1
133 622 1
133 869 1
133 945 1
133 1381 1
133 1683 1
134 136 1
134 278 1
134 349 1
134 1028 1
135 172 1
135 287 1
135 355 1
135 387 1
135 447 1
135 483 1
135 684 1
135 732 1
135 887 1
135 995 1
135 1198 1
135 1748 1
135 1760 1
135 1858 1
136 601 1
136 1281 1
136 1307 1
136 1571 1
136 1631 1
137 148 1
137 158 1
137 179 1
137 186 1
137 317 1
137 398 1
137 418 1
137 460 1
137 534 1
137 544 1
137 622 1
137 663 1
137 754 1
137 913 1
137 1035 1
137 1048 1
137 1301 1
137 1319 1
137 1366 1
137 1405 1
137 1626 1
137 1745 1
137 1792 1
137 1889 1
138 263 1
138 281 1
138 338 1
138 361 1
138 533 1
138 650 1
138 1181 1
138 1702 1
139 185 1
139 427 1
139 1348 1
140 161 1
140 180 1
140 182 1
140 223 1
140 224 1
140 245 1
140 247 1
140 284 1
140 313 1
140 357 1
140 369 1
140 395 1
140 397 1
140 484 1
140 538 1
140 606 1
140 620 1
140 712 1
140 744 1
140 821 1
140 1076 1
140 1133 1
140 1297 1
140 1395 1
140 1406 1
140 1472 1
140 1537 1
140 1645 1
140 1663 1
140 1748 1
140 1866 1
141 343 1
141 762 1
142 145 1
142 172 1
142 206 1
142 230 1
142 380 1
142 386 1
142 621 1
142 814 1
142 870 1
142 910 1
142 917 1
142 975 1
142 1124 1
142 1212 1
142 1218 1
142 1646 1
142 1659 1
142 1666 1
143 150 1
143 194 1
143 234 1
143 279 1
143 334 1
143 417 1
143 809 1
143 1331 1
143 1366 1
143 1654 1
143 1656 1
143 1852 1
144 183 1
144 191 1
144 247 1
144 482 1
144 595 1
144 662 1
144 803 1
144 887 1
144 909 1
144 970 1
144 1002 1
144 1059 1
144 1436 1
144 1448 1
144 1522 1
144 1578 1
144 1628 1
144 1679 1
145 152 1
145 153 1
145 241 1
145 679 1
146 203 1
146 265 1
146 333 1
146 376 1
146 408 1
146 498 1
146 567 1
146 598 1
146 648 1
146 729 1
146 864 1
146 875 1
146 913 1
146 955 1
146 1012 1
146 1215 1
146 1227 1
146 1273 1
146 1362 1
146 1791 1
147 208 1
147 211 1
147 236 1
147 385 1
147 400 1
147 417 1
147 437 1
147 544 1
147 631 1
147 794 1
147 815 1
147 849 1
147 908 1
147 994 1
147 1828 1
148 215 1
148 405 1
148 614 1
148 617 1
149 165 1
149 406 1
149 435 1
149 438 1
149 736 1
149 885 1
149 915 1
149 1021 1
149 1095 1
149 1362 1
149 1638 1
150 163 1
150 413 1
150 498 1
150 561 1
150 1133 1
150 1427 1
150 1542 1
150 1553 1
150 1732 1
150 1752 1
150 1784 1
151 158 1
151 191 1
151 248 1
151 746 1
151 831 1
151 863 1
151 1187 1
151 1480 1
151 1579 1
151 1638 1
151 1689 1
151 1747 1
151 1785 1
152 154 1
152 462 1
152 511 1
152 570 1
152 594 1
152 605 1
152 898 1
152 1161 1
152 1319 1
152 1414 1
152 1641 1
152 1848 1
153 191 1
153 258 1
153 280 1
153 370 1
153 542 1
153 645 1
153 691 1
153 822 1
153 834 1
153 845 1
153 918 1
153 1265 1
153 1698 1
153 1738 1
154 181 1
154 253 1
154 282 1
154 395 1
154 919 1
154 993 1
154 1036 1
154 1183 1
154 1315 1
154 1396 1
154 1682 1
155 389 1
155 514 1
155 585 1
155 647 1
155 676 1
155 950 1
155 1068 1
155 1278 1
155 1650 1
156 177 1
156 249 1
156 257 1
156 275 1
156 313 1
156 412 1
156 584 1
156 1134 1
156 1198 1
156 1254 1
156 1268 1
156 1298 1
157 207 1
157 403 1
157 527 1
157 1141 1
157 1337 1
157 1651 1
157 1894 1
158 176 1
158 337 1
158 345 1
158 374 1
158 385 1
158 424 1
158 486 1
158 570 1
158 577 1
158 581 1
158 674 1
158 825 1
158 929 1
158 1310 1
158 1454 1
158 1458 1
158 1470 1
158 1579 1
158 1616 1
158 1632 1
159 205 1
159 316 1
159 357 1
159 391 1
159 466 1
159 665 1
159 682 1
159 744 1
159 933 1
159 1215 1
159 1496 1
159 1609 1
159 1624 1
159 1867 1
160 187 1
160 211 1
160 213 1
160 253 1
160 346 1
160 381 1
160 562 1
160 604 1
160 624 1
160 910 1
160 1008 1
160 1174 1
160 1279 1
160 1377 1
160 1380 1
160 1587 1
160 1665 1
160 1687 1
160 1739 1
160 1763 1
160 1770 1
161 435 1
161 510 1
161 579 1
161 620 1
161 726 1
161 977 1
161 1847 1
161 1864 1
161 1888 1
162 523 1
162 616 1
162 759 1
162 768 1
162 1012 1
162 1031 1
162 1294 1
162 1401 1
162 1539 1
162 1853 1
163 508 1
163 818 1
163 935 1
163 957 1
163 997 1
164 403 1
164 640 1
164 862 1
165 1166 1
165 1876 1
166 948 1
166 1343 1
166 1383 1
167 282 1
167 335 1
167 339 1
167 393 1
167 506 1
167 578 1
167 826 1
167 949 1
167 1537 1
167 1587 1
168 371 1
168 1149 1
168 1186 1
168 1191 1
168 1206 1
168 1489 1
168 1623 1
169 390 1
169 458 1
169 834 1
169 1055 1
169 1437 1
170 261 1
170 558 1
170 723 1
170 1501 1
171 244 1
171 286 1
171 327 1
171 351 1
171 463 1
171 491 1
171 557 1
171 573 1
171 627 1
171 637 1
171 1059 1
171 1072 1
171 1485 1
171 1775 1
171 1825 1
171 1884 1
172 222 1
172 393 1
172 456 1
172 512 1
172 526 1
172 692 1
172 712 1
172 722 1
172 870 1
172 981 1
172 1000 1
172 1756 1
173 256 1
173 706 1
173 919 1
173 1125 1
173 1191 1
173 1526 1
174 198 1
174 305 1
174 399 1
174 611 1
174 622 1
174 923 1
174 1010 1
174 1020 1
174 1231 1
174 1276 1
174 1613 1
174 1626 1
175 445 1
175 493 1
175 773 1
175 1048 1
175 1188 1
175 1321 1
175 1459 1
175 1732 1
175 1734 1
176 177 1
176 214 1
176 394 1
176 493 1
176 611 1
176 1040 1
176 1478 1
176 1763 1
176 1870 1
177 186 1
177 188 1
177 190 1
177 416 1
177 446 1
177 534 1
177 536 1
177 592 1
177 617 1
177 654 1
177 664 1
177 759 1
177 906 1
177 1052 1
177 1209 1
177 1249 1
177 1258 1
177 1451 1
177 1508 1
178 233 1
178 258 1
178 318 1
178 332 1
178 428 1
178 508 1
178 769 1
178 901 1
178 954 1
178 994 1
178 1123 1
178 1141 1
178 1257 1
178 1324 1
178 1408 1
178 1474 1
178 1630 1
178 1686 1
178 1834 1
179 204 1
179 262 1
179 354 1
179 1312 1
179 1814 1
180 255 1
180 378 1
180 414 1
180 515 1
180 613 1
180 986 1
181 937 1
181 943 1
181 1059 1
182 186 1
182 471 1
182 1457 1
183 194 1
183 300 1
183 306 1
183 360 1
183 372 1
183 399 1
183 734 1
183 756 1
183 781 1
183 807 1
183 997 1
183 1063 1
183 1745 1
184 199 1
184 692 1
185 237 1
185 318 1
185 340 1
185 379 1
185 425 1
185 767 1
185 1194 1
185 1240 1
185 1281 1
185 1422 1
185 1460 1
185 1470 1
185 1674 1
186 270 1
186 387 1
186 543 1
186 699 1
186 922 1
186 982 1
186 1355 1
186 1703 1
186 1764 1
187 201 1
187 298 1
187 356 1
187 492 1
187 991 1
187 1023 1
187 1075 1
187 1667 1
188 240 1
188 308 1
188 427 1
188 472 1
188 570 1
188 601 1
188 838 1
188 1376 1
188 1526 1
188 1711 1
188 1829 1
189 370 1
189 785 1
190 240 1
190 293 1
190 405 1
190 451 1
190 576 1
190 623 1
190 659 1
190 730 1
190 872 1
190 883 1
190 1007 1
190 1049 1
190 1106 1
190 1154 1
190 1325 1
190 1406 1
190 1562 1
190 1762 1
190 1840 1
190 1897 1
191 299 1
191 490 1
191 501 1
191 523 1
191 1180 1
191 1290 1
191 1392 1
191 1420 1
191 1510 1
191 1882 1
192 197 1
192 324 1
192 387 1
192 558 1
192 799 1
192 1042 1
192 1777 1
193 331 1
193 620 1
193 728 1
193 900 1
193 955 1
193 962 1
193 999 1
193 1092 1
193 1186 1
193 1581 1
193 1621 1
193 1749 1
194 195 1
194 227 1
194 256 1
194 479 1
194 499 1
194 653 1
194 879 1
194 889 1
194 965 1
194 1086 1
194 1206 1
194 1448 1
194 1460 1
194 1549 1
194 1788 1
195 268 1
195 317 1
195 341 1
195 499 1
195 606 1
195 746 1
195 863 1
195 1196 1
195 1463 1
195 1564 1
196 649 1
196 892 1
196 1347 1
196 1467 1
197 354 1
197 435 1
197 525 1
197 560 1
197 599 1
197 745 1
197 1038 1
197 1042 1
197 1058 1
197 1160 1
197 1330 1
197 1511 1
197 1663 1
198 202 1
198 249 1
198 256 1
198 267 1
198 287 1
198 325 1
198 327 1
198 358 1
198 404 1
198 571 1
198 1251 1
198 1368 1
198 1456 1
198 1545 1
198 1823 1
199 200 1
199 304 1
199 397 1
199 614 1
199 666 1
199 683 1
199 698 1
199 778 1
199 859 1
199 911 1
199 990 1
199 1003 1
199 1151 1
199 1275 1
200 275 1
200 1122 1
200 1125 1
200 1254 1
201 228 1
201 240 1
201 600 1
201 672 1
201 800 1
201 1549 1
201 1798 1
202 360 1
202 426 1
202 552 1
202 829 1
202 1129 1
202 1167 1
202 1356 1
202 1510 1
202 1637 1
203 219 1
203 229 1
203 287 1
203 298 1
203 366 1
203 489 1
203 494 1
203 582 1
203 651 1
203 750 1
203 815 1
203 824 1
203 992 1
203 1133 1
203 1156 1
203 1236 1
203 1247 1
203 1591 1
203 1657 1
203 1732 1
203 1779 1
204 336 1
204 470 1
204 528 1
204 660 1
204 738 1
204 1053 1
204 1304 1
204 1547 1
204 1592 1
204 1649 1
205 228 1
205 296 1
205 388 1
205 500 1
205 704 1
205 779 1
205 982 1
205 1222 1
205 1319 1
205 1391 1
205 1781 1
206 261 1
206 315 1
206 510 1
206 685 1
206 777 1
206 960 1
206 1090 1
206 1137 1
206 1484 1
207 233 1
207 235 1
207 250 1
207 311 1
207 425 1
207 458 1
207 527 1
207 776 1
207 890 1
207 1264 1
207 1326 1
207 1333 1
207 1428 1
207 1778 1
207 1816 1
207 1843 1
208 342 1
208 410 1
208 427 1
208 670 1
208 739 1
208 1037 1
208 1038 1
208 1045 1
208 1157 1
208 1166 1
208 1185 1
209 341 1
209 388 1
209 468 1
209 659 1
209 680 1
209 803 1
209 901 1
209 920 1
210 351 1
210 847 1
210 1089 1
210 1230 1
211 238 1
211 299 1
211 302 1
211 424 1
211 543 1
211 604 1
211 692 1
211 1154 1
211 1183 1
211 1286 1
211 1356 1
211 1450 1
211 1701 1
212 286 1
212 410 1
212 487 1
212 643 1
212 694 1
212 710 1
212 724 1
212 880 1
212 886 1
212 907 1
212 1370 1
212 1694 1
212 1810 1
213 1170 1
213 1415 1
213 1499 1
213 1811 1
214 307 1
214 327 1
214 407 1
214 437 1
214 897 1
214 921 1
215 591 1
215 650 1
215 661 1
215 956 1
216 291 1
216 336 1
216 396 1
216 407 1
216 468 1
216 513 1
216 638 1
216 698 1
216 757 1
216 842 1
216 902 1
216 942 1
216 996 1
216 997 1
216 1033 1
216 1105 1
216 1287 1
216 1291 1
216 1513 1
216 1871 1
216 1894 1
217 290 1
217 371 1
217 441 1
217 498 1
217 764 1
217 1034 1
217 1270 1
217 1521 1
218 259 1
218 548 1
218 950 1
218 1026 1
218 1384 1
218 1570 1
219 241 1
219 345 1
219 363 1
219 422 1
219 523 1
219 543 1
219 590 1
219 662 1
219 704 1
219 730 1
219 765 1
219 923 1
219 933 1
219 1005 1
219 1452 1
219 1542 1
219 1649 1
220 222 1
220 237 1
220 1249 1
221 339 1
221 381 1
221 840 1
221 1645 1
221 1667 1
222 434 1
222 609 1
222 855 1
222 1086 1
222 1099 1
222 1119 1
222 1532 1
223 1035 1
223 1804 1
224 546 1
224 836 1
224 1790 1
225 285 1
225 336 1
225 378 1
225 487 1
225 563 1
225 635 1
225 645 1
225 717 1
225 775 1
225 912 1
225 998 1
225 1010 1
225 1524 1
225 1718 1
226 261 1
226 301 1
226 321 1
226 401 1
226 459 1
226 583 1
226 607 1
226 679 1
226 817 1
226 894 1
226 901 1
226 1193 1
226 1197 1
226 1393 1
226 1412 1
226 1573 1
226 1631 1
226 1845 1
227 482 1
227 485 1
227 565 1
227 1671 1
227 1674 1
228 395 1
228 965 1
228 1198 1
228 1543 1
228 1710 1
229 321 1
229 1104 1
229 1877 1
230 243 1
230 259 1
230 400 1
230 553 1
230 624 1
230 711 1
230 739 1
230 907 1
230 982 1
230 1215 1
230 1229 1
230 1285 1
230 1388 1
230 1424 1
230 1606 1
231 823 1
231 863 1
231 1014 1
231 1877 1
232 274 1
232 408 1
232 850 1
232 1439 1
232 1781 1
232 1826 1
233 1229 1
233 1665 1
233 1713 1
233 1855 1
234 318 1
234 650 1
234 772 1
234 813 1
234 845 1
234 892 1
234 950 1
234 1505 1
234 1787 1
235 363 1
235 622 1
235 1379 1
235 1388 1
236 547 1
236 922 1
236 1857 1
237 239 1
237 320 1
237 422 1
237 623 1
237 649 1
237 1160 1
237 1565 1
238 605 1
238 684 1
238 1346 1
239 282 1
239 331 1
239 451 1
239 1495 1
239 1718 1
240 314 1
240 443 1
240 1217 1
240 1242 1
241 454 1
241 723 1
241 1165 1
241 1303 1
241 1532 1
242 255 1
242 268 1
242 485 1
242 571 1
242 700 1
242 725 1
242 873 1
242 923 1
242 1006 1
242 1029 1
242 1629 1
242 1720 1
242 1797 1
243 300 1
243 354 1
243 428 1
243 554 1
243 1069 1
243 1135 1
243 1210 1
243 1645 1
243 1799 1
244 368 1
244 442 1
244 554 1
244 562 1
244 1647 1
244 1672 1
244 1690 1
244 1858 1
245 251 1
245 285 1
245 377 1
245 550 1
245 571 1
245 587 1
245 1035 1
245 1063 1
245 1097 1
245 1201 1
245 1262 1
245 1374 1
245 1805 1
245 1870 1
246 404 1
246 444 1
246 742 1
246 1176 1
246 1460 1
246 1503 1
247 770 1
247 891 1
247 1143 1
247 1795 1
248 327 1
248 348 1
248 391 1
248 460 1
248 556 1
248 845 1
249 426 1
249 778 1
249 884 1
249 1124 1
250 264 1
250 341 1
250 617 1
250 674 1
250 882 1
250 1282 1
250 1292 1
251 285 1
251 292 1
251 309 1
251 410 1
251 482 1
251 751 1
251 857 1
251 1214 1
251 1481 1
251 1493 1
251 1629 1
251 1816 1
252 346 1
252 672 1
252 771 1
252 787 1
252 866 1
252 918 1
252 978 1
252 1100 1
252 1417 1
252 1455 1
252 1492 1
253 261 1
253 317 1
253 411 1
253 419 1
253 1107 1
253 1189 1
253 1197 1
253 1610 1
254 288 1
254 516 1
254 642 1
254 657 1
254 679 1
254 1127 1
254 1159 1
254 1443 1
254 1746 1
255 361 1
255 400 1
255 513 1
255 648 1
255 773 1
255 1594 1
256 423 1
256 549 1
256 985 1
256 1161 1
256 1614 1
257 272 1
257 348 1
257 557 1
257 779 1
257 1236 1
257 1389 1
258 445 1
258 712 1
258 1016 1
258 1410 1
258 1631 1
258 1895 1
258 1898 1
259 270 1
259 303 1
259 308 1
259 393 1
259 472 1
259 740 1
259 869 1
259 929 1
259 988 1
259 1148 1
259 1211 1
259 1383 1
259 1412 1
259 1570 1
260 1087 1
260 1471 1
260 1831 1
261 265 1
261 519 1
261 638 1
261 1093 1
261 1160 1
261 1184 1
263 384 1
263 447 1
263 507 1
263 512 1
263 565 1
263 673 1
263 738 1
263 790 1
263 877 1
263 1032 1
263 1057 1
263 1171 1
263 1291 1
263 1345 1
263 1466 1
263 1546 1
263 1615 1
263 1831 1
264 302 1
264 509 1
264 897 1
264 1003 1
264 1017 1
264 1479 1
265 481 1
265 483 1
265 596 1
265 674 1
265 747 1
265 843 1
265 983 1
265 1072 1
265 1255 1
266 394 1
266 465 1
266 736 1
266 798 1
266 851 1
266 922 1
266 1004 1
266 1079 1
266 1141 1
266 1207 1
266 1272 1
266 1643 1
266 1741 1
266 1798 1
267 944 1
267 1002 1
267 1815 1
268 330 1
268 456 1
268 509 1
268 511 1
268 525 1
268 587 1
268 719 1
268 858 1
268 898 1
268 1003 1
268 1210 1
268 1338 1
268 1381 1
268 1603 1
269 361 1
269 419 1
269 474 1
269 588 1
269 708 1
269 1089 1
269 1511 1
270 275 1
270 347 1
270 442 1
270 523 1
270 591 1
270 895 1
270 942 1
270 1137 1
270 1175 1
270 1666 1
270 1670 1
270 1747 1
270 1806 1
270 1885 1
271 278 1
271 774 1
271 802 1
271 1011 1
271 1138 1
271 1161 1
271 1254 1
271 1262 1
271 1797 1
272 647 1
272 1369 1
272 1585 1
273 311 1
273 515 1
273 1787 1
274 286 1
274 382 1
274 530 1
274 610 1
274 684 1
274 772 1
274 1275 1
274 1409 1
274 1692 1
275 465 1
275 566 1
275 688 1
275 728 1
275 1089 1
275 1879 1
276 1098 1
276 1233 1
276 1654 1
277 466 1
277 666 1
277 1270 1
277 1434 1
278 477 1
278 521 1
278 1269 1
279 373 1
279 478 1
279 559 1
279 613 1
279 646 1
279 737 1
279 886 1
279 977 1
279 1034 1
279 1127 1
279 1144 1
279 1242 1
279 1406 1
279 1502 1
279 1783 1
280 1166 1
280 1325 1
280 1578 1
281 642 1
281 959 1
281 1079 1
281 1112 1
281 1506 1
281 1639 1
281 1726 1
281 1810 1
281 1879 1
282 741 1
282 941 1
282 1362 1
283 367 1
283 1472 1
283 1489 1
284 453 1
284 654 1
284 1574 1
284 1621 1
284 1634 1
284 1664 1
284 1873 1
285 305 1
285 648 1
285 1121 1
285 1211 1
285 1257 1
285 1536 1
285 1823 1
285 1891 1
286 294 1
286 304 1
286 427 1
286 466 1
286 501 1
286 770 1
286 846 1
286 911 1
286 1723 1
287 497 1
287 529 1
287 655 1
287 670 1
287 687 1
287 703 1
287 1204 1
287 1348 1
287 1725 1
288 526 1
288 539 1
288 705 1
288 875 1
288 1080 1
289 467 1
289 1116 1
289 1545 1
290 467 1
290 888 1
290 985 1
290 1368 1
291 436 1
291 1111 1
291 1463 1
291 1630 1
291 1694 1
292 342 1
292 426 1
292 439 1
292 497 1
292 675 1
292 915 1
292 1589 1
292 1662 1
292 1674 1
292 1798 1
292 1860 1
293 365 1
293 642 1
293 1592 1
293 1673 1
294 324 1
294 1749 1
295 362 1
295 715 1
295 881 1
296 306 1
296 325 1
296 329 1
296 349 1
296 609 1
296 826 1
296 873 1
296 879 1
296 1691 1
296 1762 1
296 1825 1
297 312 1
297 353 1
297 621 1
297 810 1
297 1163 1
298 345 1
298 548 1
298 636 1
298 914 1
298 1447 1
298 1750 1
299 449 1
299 964 1
299 1426 1
300 313 1
300 325 1
300 350 1
300 384 1
300 527 1
300 599 1
300 636 1
300 686 1
300 828 1
300 1331 1
300 1611 1
300 1622 1
300 1672 1
300 1772 1
301 431 1
301 514 1
301 781 1
301 952 1
301 1044 1
301 1693 1
302 315 1
302 366 1
302 946 1
302 947 1
302 1015 1
302 1196 1
303 459 1
303 491 1
303 496 1
303 967 1
303 1108 1
303 1192 1
303 1450 1
303 1504 1
303 1728 1
304 1004 1
305 441 1
306 312 1
306 472 1
306 853 1
306 892 1
306 1109 1
306 1150 1
306 1162 1
306 1293 1
306 1465 1
306 1790 1
307 866 1
307 1005 1
307 1259 1
307 1351 1
307 1377 1
307 1737 1
308 344 1
308 469 1
308 502 1
308 708 1
308 722 1
308 752 1
308 792 1
308 967 1
308 970 1
308 1175 1
308 1187 1
308 1395 1
308 1482 1
308 1812 1
308 1820 1
309 423 1
309 532 1
309 569 1
309 1177 1
309 1498 1
309 1515 1
309 1548 1
310 487 1
310 599 1
310 717 1
310 748 1
310 1462 1
310 1824 1
311 323 1
311 409 1
311 714 1
311 727 1
311 868 1
312 352 1
312 377 1
312 380 1
312 399 1
312 588 1
312 643 1
312 1683 1
312 1723 1
313 319 1
313 362 1
313 542 1
313 556 1
313 564 1
313 710 1
313 745 1
313 1064 1
313 1279 1
313 1445 1
313 1492 1
313 1522 1
314 333 1
314 450 1
314 640 1
314 1020 1
314 1054 1
314 1478 1
314 1483 1
314 1517 1
315 384 1
315 420 1
315 1167 1
316 392 1
316 468 1
316 478 1
316 509 1
316 593 1
316 801 1
316 1013 1
316 1228 1
316 1267 1
316 1305 1
316 1386 1
316 1534 1
316 1744 1
316 1891 1
317 346 1
317 578 1
317 652 1
317 989 1
317 1060 1
318 322 1
318 708 1
318 747 1
318 1168 1
319 774 1
320 467 1
320 775 1
320 842 1
320 868 1
320 952 1
320 1123 1
320 1639 1
320 1711 1
321 664 1
321 754 1
321 1154 1
321 1512 1
321 1708 1
322 350 1
322 397 1
322 753 1
322 793 1
322 961 1
322 1008 1
322 1058 1
322 1290 1
322 1704 1
323 465 1
324 1415 1
324 1434 1
325 567 1
325 753 1
325 877 1
325 1153 1
326 436 1
326 638 1
326 713 1
326 1405 1
326 1455 1
326 1643 1
326 1644 1
326 1688 1
326 1837 1
327 328 1
327 338 1
327 967 1
328 385 1
328 520 1
328 542 1
328 1327 1
328 1402 1
329 333 1
329 420 1
329 550 1
329 559 1
329 637 1
329 716 1
329 863 1
329 925 1
329 992 1
329 1052 1
329 1351 1
329 1420 1
329 1547 1
330 332 1
330 575 1
330 658 1
330 765 1
330 794 1
330 914 1
330 994 1
330 1009 1
330 1114 1
330 1158 1
330 1432 1
330 1568 1
330 1876 1
330 1884 1
331 453 1
331 641 1
331 685 1
331 694 1
332 454 1
332 557 1
332 731 1
333 359 1
333 517 1
333 761 1
333 799 1
333 1269 1
333 1481 1
333 1693 1
334 774 1
334 1159 1
334 1471 1
335 657 1
335 800 1
335 1227 1
335 1334 1
335 1509 1
335 1717 1
336 757 1
336 1732 1
336 1894 1
337 940 1
337 1438 1
337 1599 1
338 504 1
338 672 1
338 832 1
339 478 1
340 500 1
340 639 1
340 650 1
340 1239 1
340 1422 1
341 362 1
341 391 1
341 419 1
341 434 1
341 473 1
341 494 1
341 495 1
341 500 1
341 625 1
341 658 1
341 963 1
341 1027 1
341 1158 1
341 1330 1
341 1540 1
341 1789 1
342 1208 1
342 1213 1
342 1596 1
342 1735 1
342 1817 1
343 436 1
343 646 1
343 868 1
343 890 1
343 1103 1
343 1324 1
344 361 1
344 382 1
344 476 1
344 797 1
344 843 1
344 1113 1
344 1169 1
344 1193 1
344 1307 1
344 1736 1
345 403 1
345 418 1
345 1266 1
346 453 1
346 522 1
346 726 1
347 536 1
347 807 1
347 1088 1
347 1164 1
347 1272 1
347 1319 1
347 1391 1
347 1687 1
347 1873 1
347 1887 1
348 705 1
348 758 1
348 862 1
348 869 1
348 1365 1
348 1417 1
348 1576 1
348 1618 1
349 356 1
349 505 1
349 739 1
349 903 1
349 1200 1
349 1353 1
349 1543 1
350 784 1
350 926 1
350 996 1
350 1327 1
351 545 1
351 685 1
351 688 1
351 1650 1
351 1740 1
352 356 1
352 573 1
352 721 1
352 833 1
352 1120 1
353 450 1
353 701 1
353 703 1
353 1442 1
354 386 1
354 886 1
354 915 1
354 1192 1
354 1590 1
355 973 1
356 375 1
356 442 1
356 1022 1
356 1126 1
356 1214 1
356 1360 1
356 1608 1
356 1893 1
357 452 1
357 514 1
357 634 1
357 1152 1
357 1332 1
357 1514 1
358 1580 1
359 503 1
359 592 1
359 787 1
359 949 1
359 1037 1
359 1536 1
359 1635 1
360 815 1
360 1832 1
361 447 1
361 619 1
361 675 1
361 729 1
361 743 1
361 913 1
361 1070 1
361 1155 1
361 1316 1
362 663 1
362 703 1
362 721 1
362 820 1
362 1193 1
362 1549 1
362 1595 1
362 1846 1
363 441 1
363 605 1
363 760 1
363 788 1
364 366 1
364 461 1
364 475 1
364 737 1
364 846 1
365 446 1
365 1052 1
365 1554 1
365 1558 1
366 475 1
366 646 1
366 690 1
366 702 1
366 851 1
366 1677 1
366 1896 1
366 1899 1
367 560 1
367 739 1
367 1019 1
367 1400 1
367 1417 1
367 1527 1
367 1670 1
367 1796 1
369 409 1
369 592 1
369 759 1
369 838 1
369 969 1
369 1009 1
369 1075 1
369 1493 1
369 1556 1
369 1586 1
370 631 1
370 1176 1
371 417 1
371 421 1
371 502 1
371 526 1
371 931 1
372 779 1
373 388 1
373 512 1
373 1543 1
374 460 1
374 483 1
374 868 1
374 921 1
374 1086 1
374 1091 1
374 1325 1
374 1361 1
374 1893 1
375 470 1
375 591 1
375 1526 1
375 1572 1
375 1591 1
375 1596 1
375 1680 1
375 1714 1
375 1805 1
375 1850 1
376 476 1
376 490 1
376 1580 1
376 1706 1
377 520 1
377 745 1
377 1077 1
377 1202 1
377 1461 1
377 1890 1
378 595 1
378 1065 1
378 1453 1
378 1790 1
379 658 1
379 999 1
379 1040 1
379 1172 1
379 1727 1
380 860 1
380 1343 1
380 1460 1
380 1476 1
380 1509 1
380 1806 1
381 943 1
381 981 1
381 1421 1
381 1722 1
381 1852 1
382 462 1
382 519 1
382 932 1
382 1316 1
382 1416 1
383 461 1
383 594 1
383 653 1
383 730 1
383 938 1
383 1043 1
383 1119 1
383 1728 1
384 593 1
384 628 1
384 1163 1
384 1313 1
385 458 1
385 545 1
385 645 1
385 1023 1
385 1078 1
385 1209 1
385 1313 1
385 1554 1
385 1558 1
386 449 1
386 628 1
386 740 1
386 1122 1
386 1196 1
387 524 1
387 548 1
387 555 1
387 688 1
387 755 1
387 766 1
387 927 1
387 969 1
387 1084 1
387 1186 1
387 1700 1
387 1868 1
387 1882 1
388 468 1
388 642 1
388 777 1
388 1468 1
389 686 1
389 1781 1
389 1820 1
390 527 1
390 987 1
390 1126 1
390 1128 1
390 1641 1
390 1706 1
391 522 1
391 799 1
391 916 1
391 934 1
391 988 1
391 1142 1
391 1412 1
391 1527 1
392 888 1
392 1038 1
392 1077 1
392 1328 1
392 1364 1
392 1474 1
392 1604 1
392 1612 1
392 1822 1
393 461 1
393 471 1
393 612 1
393 972 1
393 1017 1
393 1095 1
393 1314 1
393 1315 1
393 1387 1
393 1714 1
394 418 1
394 555 1
394 1000 1
394 1185 1
394 1540 1
394 1604 1
394 1716 1
394 1777 1
394 1805 1
394 1830 1
395 806 1
395 872 1
395 1108 1
395 1266 1
395 1811 1
395 1842 1
396 530 1
396 552 1
396 882 1
397 405 1
397 621 1
397 723 1
397 818 1
397 1011 1
397 1095 1
397 1446 1
398 500 1
398 733 1
398 987 1
398 1078 1
398 1425 1
399 442 1
399 1093 1
400 531 1
400 618 1
400 669 1
400 682 1
400 831 1
400 1024 1
400 1141 1
400 1551 1
401 431 1
401 723 1
401 783 1
401 905 1
401 1073 1
401 1111 1
402 407 1
402 424 1
402 585 1
402 893 1
402 1461 1
402 1680 1
403 546 1
403 620 1
403 1085 1
403 1174 1
403 1343 1
403 1531 1
403 1593 1
403 1772 1
404 608 1
404 618 1
404 640 1
404 956 1
404 1200 1
404 1204 1
404 1646 1
405 430 1
405 576 1
405 1172 1
405 1258 1
405 1672 1
405 1678 1
406 482 1
406 1233 1
407 760 1
407 962 1
407 999 1
407 1264 1
408 488 1
408 505 1
408 798 1
408 882 1
408 987 1
408 1074 1
408 1615 1
408 1763 1
409 612 1
409 1169 1
409 1192 1
409 1648 1
409 1869 1
410 980 1
411 480 1
411 955 1
411 1021 1
411 1034 1
411 1292 1
412 441 1
412 508 1
412 565 1
412 874 1
412 1226 1
413 416 1
413 942 1
413 1555 1
413 1842 1
414 433 1
414 509 1
414 551 1
414 704 1
414 707 1
414 1066 1
414 1128 1
414 1355 1
415 494 1
415 979 1
415 1107 1
416 990 1
416 1593 1
417 791 1
417 978 1
417 1416 1
417 1729 1
417 1742 1
418 535 1
418 537 1
418 631 1
418 1010 1
418 1266 1
418 1309 1
418 1397 1
418 1645 1
419 541 1
419 1026 1
420 576 1
420 589 1
420 596 1
420 627 1
420 632 1
420 929 1
420 1477 1
421 626 1
421 697 1
421 788 1
421 1011 1
421 1149 1
421 1454 1
421 1628 1
422 475 1
422 572 1
422 1145 1
422 1238 1
422 1311 1
422 1484 1
422 1833 1
423 1111 1
423 1142 1
424 537 1
424 590 1
424 670 1
424 1247 1
424 1326 1
425 525 1
425 551 1
425 630 1
425 1154 1
426 656 1
427 1585 1
428 1788 1
429 580 1
429 1878 1
430 443 1
430 755 1
430 823 1
430 878 1
430 1024 1
430 1370 1
430 1619 1
431 918 1
431 1181 1
431 1186 1
431 1318 1
431 1576 1
432 558 1
432 771 1
432 970 1
432 1043 1
433 447 1
433 625 1
433 633 1
433 972 1
433 1069 1
433 1189 1
434 595 1
434 604 1
434 767 1
434 838 1
434 1125 1
435 519 1
435 562 1
435 677 1
435 796 1
435 819 1
435 1414 1
435 1419 1
435 1523 1
435 1715 1
435 1754 1
435 1784 1
435 1817 1
436 788 1
436 1120 1
437 464 1
437 568 1
437 783 1
437 827 1
437 899 1
437 956 1
437 1083 1
437 1157 1
437 1465 1
437 1541 1
437 1625 1
437 1794 1
438 457 1
438 494 1
438 629 1
438 842 1
438 920 1
438 1499 1
439 1455 1
440 577 1
441 1192 1
441 1774 1
442 524 1
442 691 1
442 820 1
442 1412 1
442 1608 1
443 538 1
443 706 1
443 1767 1
444 603 1
444 1222 1
444 1495 1
444 1555 1
445 635 1
445 1584 1
447 1314 1
447 1329 1
447 1520 1
447 1659 1
448 485 1
448 511 1
448 1119 1
448 1298 1
448 1357 1
448 1807 1
449 850 1
449 1263 1
449 1774 1
450 1675 1
451 551 1
451 751 1
451 864 1
451 904 1
451 954 1
451 1349 1
451 1872 1
451 1884 1
452 630 1
452 665 1
452 1598 1
452 1706 1
453 780 1
453 810 1
453 1036 1
453 1315 1
453 1800 1
453 1817 1
454 456 1
454 749 1
454 780 1
454 1284 1
454 1590 1
454 1679 1
455 481 1
455 866 1
455 911 1
455 1655 1
455 1764 1
456 796 1
457 632 1
457 1454 1
457 1875 1
458 621 1
458 630 1
458 680 1
458 837 1
458 1088 1
458 1271 1
458 1870 1
459 475 1
459 496 1
459 753 1
459 951 1
459 1111 1
459 1379 1
459 1458 1
459 1500 1
459 1524 1
459 1797 1
460 742 1
460 767 1
460 1485 1
460 1516 1
460 1751 1
461 1191 1
462 558 1
462 634 1
463 641 1
463 1514 1
464 477 1
464 587 1
464 678 1
464 684 1
464 766 1
464 974 1
464 1072 1
465 871 1
465 1021 1
465 1091 1
465 1252 1
465 1268 1
465 1305 1
465 1309 1
465 1369 1
466 489 1
466 499 1
466 517 1
466 1170 1
466 1349 1
466 1431 1
466 1451 1
467 1367 1
468 649 1
468 1406 1
468 1508 1
469 575 1
469 854 1
469 1145 1
469 1221 1
469 1448 1
469 1669 1
469 1731 1
469 1792 1
470 937 1
471 724 1
471 1419 1
472 520 1
472 573 1
472 579 1
472 819 1
472 862 1
472 1328 1
472 1581 1
472 1750 1
472 1763 1
472 1858 1
473 1396 1
474 586 1
474 738 1
474 1099 1
474 1895 1
475 1352 1
475 1476 1
475 1517 1
475 1522 1
477 744 1
477 957 1
477 1821 1
478 1343 1
479 1206 1
479 1745 1
480 695 1
480 1259 1
480 1609 1
480 1766 1
481 681 1
482 647 1
482 1019 1
482 1044 1
482 1246 1
482 1862 1
483 610 1
483 957 1
483 1796 1
484 553 1
484 596 1
484 626 1
484 722 1
484 790 1
484 835 1
485 1594 1
485 1604 1
486 805 1
486 910 1
486 1635 1
487 848 1
487 896 1
487 1093 1
487 1216 1
487 1272 1
487 1596 1
487 1642 1
487 1675 1
487 1699 1
488 490 1
488 594 1
488 606 1
488 615 1
488 858 1
488 871 1
488 1470 1
489 1328 1
490 495 1
490 561 1
490 1247 1
491 590 1
491 872 1
491 920 1
491 986 1
491 1237 1
492 1037 1
492 1388 1
492 1709 1
492 1843 1
493 1143 1
493 1444 1
494 577 1
494 848 1
494 1851 1
497 1099 1
497 1500 1
498 603 1
498 769 1
498 1148 1
498 1353 1
500 597 1
500 607 1
500 852 1
500 858 1
500 948 1
500 1085 1
500 1255 1
501 683 1
501 1101 1
501 1140 1
501 1198 1
502 953 1
503 540 1
503 1536 1
504 569 1
504 944 1
504 1285 1
504 1336 1
504 1501 1
504 1841 1
504 1885 1
505 781 1
505 782 1
505 878 1
506 517 1
507 714 1
507 853 1
507 855 1
507 1003 1
507 1182 1
507 1657 1
508 568 1
508 697 1
508 733 1
508 865 1
508 965 1
508 1084 1
508 1188 1
508 1354 1
508 1440 1
509 1060 1
509 1726 1
510 1559 1
511 559 1
511 728 1
511 1247 1
513 673 1
513 1659 1
515 516 1
515 593 1
515 694 1
515 1112 1
516 832 1
516 1214 1
517 1533 1
517 1856 1
518 528 1
518 1347 1
518 1622 1
519 705 1
519 1385 1
519 1408 1
519 1495 1
519 1509 1
519 1771 1
520 1052 1
520 1178 1
520 1523 1
520 1536 1
520 1610 1
520 1633 1
520 1826 1
521 1290 1
522 753 1
522 764 1
522 1778 1
522 1811 1
523 895 1
523 946 1
523 971 1
523 1047 1
523 1240 1
523 1292 1
523 1893 1
525 1243 1
525 1363 1
526 690 1
526 864 1
526 881 1
527 598 1
527 614 1
527 619 1
527 1046 1
527 1410 1
527 1506 1
527 1863 1
528 669 1
528 968 1
528 1084 1
530 566 1
530 841 1
530 1356 1
530 1739 1
531 641 1
531 768 1
531 869 1
531 937 1
531 1018 1
531 1117 1
532 704 1
532 947 1
532 1069 1
532 1126 1
532 1131 1
532 1155 1
532 1282 1
532 1288 1
532 1487 1
532 1598 1
532 1633 1
533 853 1
533 1035 1
533 1070 1
533 1349 1
533 1525 1
535 726 1
535 816 1
535 914 1
535 1133 1
535 1261 1
536 1731 1
537 1000 1
537 1433 1
537 1723 1
538 544 1
538 669 1
538 1055 1
538 1179 1
538 1208 1
538 1800 1
539 655 1
539 1116 1
539 1761 1
541 654 1
541 1013 1
541 1274 1
542 701 1
542 782 1
542 939 1
542 940 1
542 1197 1
543 1092 1
544 550 1
544 599 1
544 612 1
544 623 1
544 740 1
544 752 1
544 835 1
544 924 1
544 1009 1
544 1061 1
544 1135 1
544 1204 1
544 1387 1
544 1486 1
544 1527 1
544 1531 1
544 1582 1
544 1814 1
545 551 1
545 978 1
545 1109 1
545 1177 1
546 797 1
547 900 1
547 1335 1
547 1354 1
548 964 1
549 698 1
549 1261 1
550 649 1
550 681 1
550 798 1
550 847 1
550 1117 1
550 1145 1
550 1179 1
550 1434 1
550 1515 1
550 1669 1
550 1757 1
551 812 1
552 1655 1
553 564 1
553 611 1
553 1132 1
553 1665 1
554 1140 1
554 1368 1
554 1838 1
555 841 1
555 965 1
555 1134 1
555 1146 1
555 1190 1
555 1394 1
555 1569 1
555 1744 1
555 1796 1
556 687 1
556 892 1
556 1207 1
556 1230 1
556 1287 1
556 1461 1
556 1506 1
557 702 1
557 1237 1
557 1253 1
557 1326 1
557 1334 1
557 1462 1
557 1575 1
557 1791 1
558 961 1
558 1312 1
558 1550 1
558 1599 1
559 870 1
560 852 1
560 897 1
560 1020 1
560 1057 1
560 1372 1
560 1473 1
560 1723 1
561 600 1
561 607 1
561 707 1
561 824 1
561 888 1
561 1012 1
561 1193 1
561 1561 1
562 934 1
562 1165 1
562 1628 1
562 1824 1
564 834 1
564 847 1
564 976 1
564 994 1
564 1303 1
564 1481 1
564 1820 1
564 1900 1
565 1031 1
565 1110 1
565 1123 1
566 903 1
567 637 1
567 777 1
567 1613 1
568 805 1
568 1096 1
568 1203 1
568 1474 1
568 1759 1
569 764 1
569 1076 1
569 1190 1
569 1544 1
569 1589 1
570 1203 1
571 643 1
571 659 1
571 664 1
571 1389 1
571 1482 1
572 742 1
572 1402 1
572 1698 1
573 698 1
573 979 1
573 1245 1
573 1355 1
574 701 1
574 752 1
574 799 1
574 840 1
574 1361 1
574 1646 1
574 1759 1
575 880 1
576 763 1
576 993 1
576 1475 1
576 1480 1
577 953 1
577 1320 1
577 1809 1
577 1888 1
578 735 1
578 1001 1
578 1602 1
578 1874 1
579 689 1
579 809 1
579 1328 1
579 1567 1
580 626 1
580 1385 1
581 751 1
581 793 1
581 839 1
582 795 1
582 1130 1
582 1485 1
583 776 1
583 958 1
583 1162 1
584 644 1
584 778 1
584 973 1
584 1262 1
584 1385 1
585 658 1
585 747 1
585 1068 1
585 1482 1
585 1497 1
585 1564 1
585 1874 1
586 808 1
586 876 1
586 897 1
586 1296 1
587 732 1
587 738 1
587 917 1
587 1096 1
587 1821 1
588 1329 1
588 1566 1
588 1735 1
588 1813 1
589 991 1
589 1128 1
589 1419 1
589 1456 1
590 1150 1
590 1243 1
590 1553 1
591 875 1
591 983 1
592 726 1
592 762 1
592 823 1
592 923 1
592 1317 1
592 1350 1
592 1808 1
594 1220 1
594 1728 1
595 1512 1
595 1704 1
595 1705 1
596 1241 1
598 600 1
599 740 1
599 856 1
599 940 1
599 1420 1
599 1421 1
599 1803 1
599 1861 1
600 673 1
600 1530 1
600 1569 1
600 1769 1
600 1790 1
601 652 1
601 743 1
601 757 1
601 1049 1
601 1086 1
601 1897 1
602 996 1
602 1158 1
602 1208 1
602 1238 1
603 616 1
603 966 1
603 1184 1
603 1794 1
604 769 1
604 1535 1
605 1434 1
606 1320 1
606 1636 1
606 1773 1
606 1892 1
607 766 1
607 801 1
607 938 1
607 989 1
607 1244 1
607 1317 1
607 1320 1
607 1851 1
608 782 1
608 1237 1
608 1273 1
608 1387 1
608 1747 1
609 638 1
609 1350 1
609 1698 1
610 907 1
610 1262 1
611 663 1
611 1053 1
611 1712 1
612 1171 1
612 1392 1
612 1872 1
613 1564 1
614 667 1
614 677 1
614 689 1
614 1351 1
614 1617 1
614 1653 1
615 673 1
615 1062 1
616 793 1
616 973 1
616 1135 1
616 1441 1
619 720 1
619 1050 1
619 1445 1
619 1785 1
620 1067 1
620 1235 1
620 1420 1
621 1240 1
621 1633 1
622 635 1
622 1403 1
622 1409 1
623 1031 1
623 1580 1
623 1691 1
624 629 1
624 908 1
624 1044 1
624 1180 1
624 1302 1
624 1630 1
625 1082 1
625 1279 1
625 1600 1
625 1724 1
626 780 1
626 1096 1
626 1407 1
626 1675 1
627 675 1
627 1098 1
628 1006 1
628 1311 1
629 630 1
629 825 1
629 1030 1
629 1287 1
629 1761 1
629 1775 1
630 633 1
630 710 1
630 758 1
630 809 1
630 1048 1
631 975 1
632 1054 1
632 1067 1
632 1360 1
632 1754 1
634 1661 1
636 717 1
636 761 1
636 834 1
636 861 1
636 996 1
636 1117 1
636 1768 1
637 1363 1
637 1469 1
637 1753 1
638 1041 1
638 1109 1
639 1017 1
639 1322 1
640 748 1
640 904 1
641 1593 1
642 719 1
642 898 1
642 1019 1
642 1201 1
642 1207 1
642 1392 1
643 814 1
643 1656 1
644 668 1
644 1419 1
645 764 1
645 791 1
645 837 1
645 960 1
645 1076 1
645 1215 1
645 1267 1
645 1413 1
645 1618 1
646 891 1
646 954 1
646 1712 1
646 1762 1
647 880 1
647 1145 1
647 1259 1
647 1484 1
647 1697 1
647 1737 1
648 679 1
648 759 1
648 971 1
648 1552 1
648 1722 1
648 1878 1
649 916 1
649 1132 1
649 1874 1
650 859 1
650 1307 1
651 741 1
652 1096 1
652 1285 1
652 1599 1
653 718 1
653 1023 1
653 1068 1
653 1239 1
653 1580 1
654 661 1
654 912 1
654 1632 1
655 1064 1
655 1269 1
655 1438 1
655 1651 1
655 1699 1
655 1754 1
656 664 1
656 1110 1
656 1167 1
656 1246 1
658 816 1
658 1368 1
658 1581 1
658 1584 1
658 1617 1
658 1639 1
659 928 1
659 1156 1
659 1208 1
659 1323 1
659 1598 1
660 696 1
660 1362 1
660 1688 1
660 1694 1
661 991 1
661 1235 1
661 1342 1
661 1511 1
661 1779 1
661 1881 1
663 709 1
663 1634 1
665 1127 1
666 1244 1
666 1673 1
666 1677 1
667 1273 1
667 1800 1
669 884 1
669 975 1
669 1662 1
670 955 1
670 1024 1
670 1449 1
670 1683 1
670 1803 1
671 760 1
671 1048 1
671 1590 1
672 1304 1
673 1312 1
673 1696 1
674 1167 1
674 1647 1
674 1786 1
675 787 1
675 1222 1
675 1404 1
676 685 1
676 807 1
676 931 1
676 1144 1
676 1202 1
676 1310 1
676 1765 1
676 1803 1
677 945 1
677 1120 1
677 1295 1
677 1602 1
678 988 1
678 1610 1
678 1623 1
678 1655 1
678 1724 1
678 1752 1
679 817 1
679 1137 1
679 1303 1
679 1632 1
680 896 1
681 765 1
681 926 1
681 1066 1
681 1081 1
681 1260 1
681 1286 1
681 1365 1
681 1884 1
682 1628 1
683 1777 1
683 1832 1
684 1159 1
687 841 1
687 1250 1
688 861 1
688 1222 1
688 1277 1
689 1045 1
689 1531 1
689 1810 1
690 747 1
690 891 1
691 889 1
691 1025 1
691 1054 1
691 1210 1
691 1606 1
691 1875 1
692 886 1
692 1279 1
692 1563 1
692 1583 1
693 1588 1
694 762 1
694 1774 1
695 874 1
695 963 1
695 1140 1
695 1899 1
697 1224 1
697 1797 1
698 891 1
698 1403 1
698 1761 1
699 1802 1
699 1818 1
699 1891 1
700 867 1
700 1062 1
700 1231 1
700 1454 1
700 1566 1
700 1591 1
701 865 1
701 1702 1
701 1846 1
702 814 1
702 829 1
704 825 1
705 1900 1
706 1715 1
706 1816 1
707 1298 1
707 1341 1
710 1573 1
710 1753 1
711 952 1
711 1011 1
711 1597 1
712 716 1
712 790 1
712 835 1
712 854 1
712 958 1
712 1431 1
713 934 1
713 1283 1
713 1669 1
713 1793 1
714 1036 1
715 1130 1
715 1276 1
715 1778 1
716 926 1
716 1505 1
717 867 1
717 1008 1
718 731 1
718 827 1
718 870 1
718 1650 1
718 1822 1
719 1171 1
719 1587 1
719 1759 1
720 804 1
720 1138 1
720 1194 1
720 1339 1
720 1342 1
721 728 1
721 791 1
721 1174 1
721 1297 1
721 1418 1
722 932 1
722 1227 1
723 746 1
725 985 1
725 987 1
725 1268 1
725 1830 1
727 873 1
727 1043 1
728 804 1
728 925 1
728 1116 1
728 1333 1
729 1212 1
730 735 1
730 1636 1
731 749 1
731 852 1
731 1158 1
731 1617 1
732 1716 1
733 737 1
733 1497 1
735 1789 1
735 1871 1
737 1577 1
738 1067 1
739 1153 1
741 873 1
741 878 1
741 989 1
741 1378 1
741 1867 1
742 811 1
742 1082 1
742 1538 1
743 844 1
744 833 1
744 1018 1
744 1118 1
744 1302 1
744 1314 1
744 1505 1
744 1519 1
744 1568 1
744 1648 1
745 926 1
748 1228 1
748 1283 1
750 1191 1
750 1865 1
751 763 1
751 1027 1
755 806 1
755 920 1
758 1756 1
759 1576 1
759 1769 1
760 1278 1
761 980 1
761 1015 1
761 1044 1
761 1218 1
761 1568 1
762 1196 1
762 1256 1
762 1515 1
764 1486 1
764 1755 1
765 1360 1
765 1730 1
766 1183 1
766 1603 1
767 962 1
767 1253 1
767 1893 1
768 871 1
769 1437 1
769 1625 1
770 985 1
770 1082 1
771 1560 1
771 1835 1
772 1553 1
773 944 1
773 1160 1
773 1293 1
774 1047 1
774 1131 1
774 1132 1
774 1139 1
774 1144 1
775 1523 1
775 1783 1
775 1804 1
776 855 1
776 1341 1
776 1711 1
776 1857 1
777 1376 1
779 860 1
780 919 1
780 1820 1
781 1709 1
783 795 1
783 1039 1
783 1557 1
783 1722 1
784 1183 1
784 1212 1
785 1353 1
788 1567 1
788 1685 1
789 1168 1
790 884 1
790 1371 1
791 976 1
792 959 1
793 1205 1
793 1464 1
793 1571 1
796 1822 1
797 1001 1
797 1084 1
797 1435 1
798 810 1
798 1031 1
798 1195 1
798 1582 1
799 855 1
799 1092 1
799 1660 1
799 1674 1
799 1785 1
799 1789 1
801 905 1
802 1142 1
802 1284 1
802 1430 1
803 969 1
804 1479 1
804 1642 1
804 1689 1
804 1726 1
804 1808 1
805 876 1
805 974 1
805 1195 1
805 1265 1
805 1832 1
806 1709 1
807 936 1
807 1390 1
808 878 1
808 1298 1
809 894 1
809 961 1
809 1029 1
809 1152 1
809 1390 1
809 1430 1
810 915 1
810 1038 1
810 1056 1
812 998 1
812 1855 1
813 1280 1
813 1423 1
814 1404 1
815 1069 1
816 860 1
816 1053 1
816 1062 1
817 1119 1
818 1172 1
818 1627 1
819 1544 1
819 1627 1
820 1173 1
820 1782 1
821 1635 1
822 890 1
822 1218 1
824 950 1
824 1557 1
824 1589 1
825 889 1
825 943 1
825 988 1
825 1269 1
826 1549 1
827 964 1
827 1079 1
828 1427 1
829 1130 1
830 956 1
830 957 1
830 1588 1
830 1638 1
830 1728 1
831 968 1
832 1697 1
832 1847 1
833 1341 1
833 1696 1
834 871 1
834 1395 1
834 1595 1
835 1152 1
835 1260 1
835 1375 1
835 1692 1
835 1818 1
836 1301 1
838 1055 1
838 1232 1
838 1561 1
839 1022 1
839 1440 1
840 1603 1
841 850 1
841 1398 1
841 1432 1
841 1556 1
841 1821 1
842 1045 1
843 935 1
843 1007 1
843 1199 1
843 1408 1
843 1519 1
843 1681 1
843 1744 1
843 1819 1
844 1135 1
844 1201 1
844 1733 1
845 1462 1
845 1467 1
846 1398 1
846 1782 1
847 852 1
847 967 1
847 1175 1
847 1317 1
847 1481 1
847 1652 1
848 1258 1
848 1372 1
849 1089 1
850 909 1
852 1480 1
853 1040 1
853 1734 1
855 1004 1
855 1206 1
855 1242 1
855 1600 1
855 1648 1
856 1223 1
856 1239 1
856 1431 1
856 1705 1
857 1315 1
857 1617 1
858 1066 1
858 1121 1
858 1254 1
858 1601 1
859 875 1
859 1614 1
859 1899 1
861 1334 1
861 1400 1
862 1022 1
862 1081 1
862 1290 1
862 1614 1
863 1587 1
865 1073 1
865 1399 1
865 1418 1
865 1709 1
865 1777 1
866 1492 1
867 876 1
867 1725 1
867 1885 1
869 960 1
869 972 1
870 921 1
870 1624 1
871 1570 1
872 1666 1
873 1879 1
875 1744 1
876 900 1
877 1219 1
877 1528 1
877 1876 1
878 936 1
878 1016 1
878 1170 1
878 1555 1
879 1738 1
881 1034 1
882 1253 1
882 1702 1
883 948 1
883 1139 1
883 1236 1
883 1397 1
883 1537 1
883 1661 1
883 1835 1
884 1697 1
884 1766 1
884 1829 1
885 918 1
885 980 1
885 1016 1
885 1465 1
886 924 1
886 1053 1
886 1671 1
887 1204 1
887 1379 1
888 939 1
888 1234 1
888 1433 1
888 1738 1
889 1316 1
891 959 1
891 1074 1
891 1165 1
891 1622 1
892 1015 1
892 1023 1
892 1436 1
892 1575 1
892 1659 1
893 1516 1
893 1637 1
894 1022 1
894 1169 1
896 1441 1
899 1635 1
900 1085 1
900 1238 1
900 1381 1
901 948 1
901 1083 1
901 1793 1
905 981 1
905 1006 1
905 1859 1
906 1139 1
906 1252 1
906 1514 1
906 1583 1
906 1753 1
906 1847 1
907 954 1
907 1322 1
907 1364 1
910 1499 1
911 1668 1
911 1690 1
913 1143 1
915 984 1
916 1449 1
916 1856 1
917 1207 1
917 1248 1
917 1281 1
918 1414 1
918 1446 1
918 1505 1
918 1586 1
918 1881 1
919 995 1
919 1888 1
920 928 1
921 1061 1
922 1108 1
922 1216 1
922 1721 1
923 1436 1
924 1026 1
925 1263 1
925 1749 1
925 1898 1
926 1686 1
927 1887 1
928 1081 1
928 1429 1
928 1479 1
928 1769 1
929 1270 1
929 1596 1
929 1846 1
930 1163 1
930 1883 1
930 1896 1
932 1115 1
932 1657 1
933 1134 1
933 1176 1
933 1216 1
933 1594 1
935 993 1
935 1652 1
936 1281 1
937 1265 1
937 1373 1
937 1655 1
937 1863 1
939 982 1
939 1530 1
940 942 1
940 947 1
940 1178 1
940 1624 1
941 991 1
941 1033 1
941 1466 1
943 1439 1
944 951 1
944 1369 1
944 1518 1
947 1083 1
947 1348 1
947 1554 1
948 1274 1
949 953 1
949 984 1
949 1437 1
949 1634 1
950 1007 1
950 1537 1
951 1070 1
952 1548 1
953 1184 1
953 1272 1
953 1411 1
954 1189 1
954 1707 1
955 1361 1
957 1898 1
958 1813 1
961 1755 1
961 1772 1
961 1848 1
962 1284 1
963 1780 1
964 1532 1
964 1771 1
965 1239 1
965 1586 1
966 1063 1
967 1030 1
967 1694 1
967 1834 1
968 1116 1
968 1573 1
968 1693 1
968 1840 1
968 1841 1
970 1607 1
974 1472 1
975 1101 1
975 1210 1
977 986 1
977 1173 1
977 1394 1
977 1433 1
977 1479 1
978 1175 1
979 1073 1
979 1300 1
980 1182 1
980 1346 1
981 1066 1
981 1131 1
981 1552 1
982 1425 1
983 1559 1
984 1098 1
984 1146 1
985 1374 1
986 1695 1
987 1221 1
989 1050 1
989 1642 1
992 1614 1
992 1653 1
992 1846 1
993 1099 1
993 1248 1
993 1288 1
994 1164 1
994 1347 1
995 1075 1
995 1487 1
996 1583 1
997 1357 1
1000 1401 1
1000 1458 1
1000 1725 1
1002 1274 1
1003 1546 1
1005 1211 1
1005 1540 1
1007 1061 1
1008 1276 1
1009 1347 1
1012 1094 1
1012 1708 1
1012 1734 1
1013 1243 1
1013 1469 1
1013 1685 1
1014 1804 1
1015 1177 1
1015 1275 1
1016 1201 1
1016 1223 1
1016 1731 1
1016 1760 1
1017 1087 1
1019 1081 1
1020 1546 1
1021 1340 1
1021 1476 1
1023 1492 1
1024 1299 1
1024 1332 1
1024 1414 1
1024 1625 1
1025 1749 1
1026 1164 1
1026 1244 1
1026 1468 1
1026 1572 1
1027 1606 1
1029 1345 1
1030 1382 1
1031 1424 1
1032 1188 1
1032 1885 1
1034 1219 1
1035 1118 1
1035 1173 1
1035 1449 1
1036 1105 1
1038 1693 1
1040 1697 1
1041 1318 1
1042 1288 1
1042 1295 1
1046 1555 1
1047 1051 1
1048 1792 1
1049 1090 1
1049 1220 1
1050 1205 1
1050 1669 1
1051 1436 1
1051 1443 1
1052 1118 1
1052 1121 1
1052 1367 1
1052 1482 1
1052 1571 1
1052 1575 1
1052 1713 1
1053 1080 1
1053 1695 1
1054 1155 1
1056 1841 1
1057 1444 1
1058 1443 1
1059 1071 1
1059 1563 1
1059 1636 1
1060 1255 1
1061 1640 1
1062 1521 1
1063 1278 1
1064 1100 1
1064 1265 1
1065 1181 1
1065 1771 1
1066 1087 1
1066 1753 1
1067 1091 1
1067 1190 1
1067 1741 1
1069 1152 1
1069 1547 1
1070 1523 1
1073 1163 1
1074 1442 1
1074 1601 1
1075 1889 1
1077 1374 1
1077 1526 1
1078 1110 1
1078 1720 1
1079 1717 1
1080 1415 1
1081 1147 1
1081 1200 1
1082 1380 1
1083 1344 1
1083 1473 1
1084 1579 1
1087 1142 1
1087 1504 1
1088 1171 1
1088 1735 1
1090 1799 1
1091 1246 1
1091 1503 1
1092 1288 1
1092 1423 1
1094 1114 1
1094 1814 1
1096 1140 1
1096 1429 1
1097 1386 1
1097 1821 1
1098 1534 1
1099 1162 1
1099 1565 1
1099 1857 1
1099 1866 1
1100 1258 1
1100 1493 1
1101 1202 1
1101 1811 1
1102 1122 1
1102 1384 1
1103 1386 1
1103 1720 1
1105 1228 1
1105 1854 1
1109 1129 1
1109 1403 1
1109 1616 1
1110 1474 1
1110 1489 1
1111 1396 1
1111 1535 1
1112 1231 1
1112 1494 1
1113 1446 1
1113 1767 1
1114 1641 1
1115 1508 1
1115 1704 1
1115 1886 1
1117 1359 1
1117 1468 1
1119 1187 1
1119 1220 1
1119 1703 1
1119 1900 1
1120 1680 1
1121 1451 1
1123 1578 1
1123 1839 1
1124 1452 1
1124 1847 1
1124 1857 1
1125 1556 1
1126 1544 1
1128 1240 1
1128 1291 1
1128 1314 1
1128 1330 1
1128 1494 1
1128 1686 1
1128 1689 1
1129 1310 1
1130 1507 1
1131 1507 1
1132 1245 1
1132 1256 1
1133 1138 1
1133 1323 1
1133 1823 1
1134 1686 1
1135 1819 1
1138 1720 1
1141 1853 1
1143 1624 1
1143 1714 1
1145 1344 1
1146 1397 1
1148 1488 1
1149 1629 1
1152 1282 1
1154 1232 1
1156 1178 1
1158 1712 1
1159 1182 1
1159 1486 1
1159 1812 1
1161 1266 1
1161 1306 1
1161 1623 1
1162 1447 1
1163 1478 1
1164 1182 1
1164 1687 1
1164 1845 1
1165 1190 1
1166 1359 1
1167 1455 1
1168 1471 1
1168 1559 1
1170 1439 1
1172 1285 1
1172 1442 1
1172 1558 1
1172 1849 1
1174 1250 1
1175 1234 1
1176 1506 1
1177 1622 1
1179 1251 1
1180 1352 1
1181 1880 1
1182 1358 1
1182 1430 1
1182 1830 1
1182 1897 1
1184 1521 1
1185 1582 1
1185 1818 1
1187 1289 1
1187 1610 1
1187 1717 1
1188 1582 1
1190 1411 1
1193 1338 1
1193 1644 1
1194 1338 1
1194 1540 1
1197 1603 1
1197 1871 1
1199 1310 1
1200 1444 1
1200 1605 1
1201 1449 1
1203 1494 1
1203 1856 1
1204 1831 1
1209 1296 1
1209 1373 1
1209 1394 1
1209 1620 1
1209 1812 1
1209 1828 1
1215 1626 1
1216 1472 1
1216 1688 1
1219 1450 1
1219 1502 1
1220 1302 1
1220 1490 1
1221 1839 1
1223 1707 1
1225 1461 1
1225 1507 1
1226 1552 1
1226 1867 1
1227 1330 1
1229 1764 1
1231 1671 1
1232 1743 1
1236 1597 1
1237 1524 1
1238 1410 1
1238 1740 1
1238 1836 1
1238 1861 1
1239 1277 1
1240 1422 1
1242 1293 1
1242 1865 1
1242 1891 1
1243 1405 1
1243 1666 1
1246 1550 1
1246 1552 1
1246 1581 1
1250 1413 1
1251 1490 1
1252 1708 1
1252 1883 1
1254 1425 1
1256 1416 1
1256 1550 1
1258 1259 1
1259 1715 1
1260 1300 1
1260 1378 1
1261 1334 1
1261 1335 1
1262 1520 1
1263 1604 1
1266 1340 1
1269 1286 1
1271 1864 1
1272 1827 1
1272 1834 1
1273 1758 1
1274 1299 1
1275 1509 1
1275 1533 1
1276 1493 1
1277 1339 1
1277 1400 1
1279 1837 1
1280 1322 1
1281 1551 1
1281 1743 1
1282 1452 1
1283 1850 1
1284 1423 1
1284 1683 1
1284 1898 1
1288 1516 1
1289 1405 1
1289 1829 1
1293 1375 1
1293 1594 1
1293 1656 1
1293 1769 1
1296 1366 1
1296 1500 1
1297 1630 1
1299 1459 1
1300 1321 1
1302 1567 1
1302 1779 1
1303 1341 1
1303 1687 1
1304 1896 1
1305 1795 1
1306 1463 1
1306 1577 1
1306 1743 1
1309 1444 1
1309 1679 1
1311 1640 1
1312 1875 1
1314 1612 1
1315 1499 1
1315 1564 1
1315 1590 1
1315 1826 1
1318 1377 1
1318 1717 1
1320 1574 1
1320 1869 1
1321 1768 1
1326 1660 1
1327 1668 1
1328 1407 1
1328 1874 1
1331 1333 1
1331 1593 1
1331 1854 1
1332 1373 1
1332 1688 1
1334 1354 1
1334 1567 1
1335 1377 1
1335 1671 1
1335 1809 1
1335 1889 1
1336 1836 1
1338 1768 1
1338 1802 1
1340 1618 1
1341 1681 1
1343 1466 1
1347 1490 1
1348 1426 1
1349 1438 1
1350 1520 1
1352 1371 1
1352 1828 1
1356 1565 1
1357 1423 1
1357 1488 1
1357 1812 1
1358 1516 1
1361 1504 1
1362 1372 1
1367 1796 1
1368 1605 1
1369 1407 1
1369 1861 1
1370 1707 1
1371 1407 1
1371 1845 1
1373 1880 1
1374 1513 1
1375 1895 1
1376 1644 1
1380 1442 1
1380 1491 1
1380 1842 1
1381 1398 1
1383 1404 1
1383 1574 1
1383 1838 1
1389 1464 1
1390 1654 1
1390 1729 1
1391 1512 1
1391 1589 1
1391 1684 1
1394 1517 1
1394 1520 1
1395 1418 1
1395 1450 1
1396 1690 1
1397 1413 1
1397 1498 1
1398 1634 1
1399 1488 1
1399 1557 1
1399 1828 1
1400 1440 1
1400 1643 1
1403 1539 1
1403 1734 1
1404 1750 1
1405 1433 1
1405 1518 1
1407 1897 1
1409 1647 1
1412 1829 1
1413 1496 1
1416 1815 1
1417 1574 1
1418 1883 1
1419 1877 1
1423 1483 1
1425 1438 1
1429 1751 1
1430 1456 1
1431 1572 1
1435 1541 1
1435 1569 1
1435 1629 1
1436 1856 1
1439 1441 1
1442 1632 1
1443 1554 1
1446 1605 1
1450 1650 1
1454 1807 1
1454 1870 1
1459 1701 1
1459 1843 1
1461 1707 1
1462 1680 1
1465 1515 1
1476 1700 1
1477 1699 1
1479 1573 1
1479 1794 1
1482 1850 1
1485 1677 1
1487 1588 1
1490 1721 1
1491 1518 1
1494 1758 1
1497 1546 1
1502 1684 1
1502 1701 1
1510 1800 1
1513 1851 1
1515 1755 1
1517 1592 1
1517 1692 1
1519 1535 1
1521 1823 1
1522 1801 1
1523 1819 1
1524 1638 1
1525 1787 1
1526 1646 1
1526 1664 1
1531 1534 1
1531 1845 1
1533 1859 1
1533 1869 1
1535 1544 1
1537 1559 1
1537 1678 1
1539 1653 1
1540 1770 1
1541 1844 1
1541 1859 1
1544 1695 1
1545 1654 1
1551 1751 1
1555 1719 1
1556 1698 1
1561 1651 1
1568 1736 1
1568 1822 1
1570 1643 1
1571 1612 1
1571 1623 1
1571 1663 1
1576 1824 1
1578 1675 1
1581 1793 1
1582 1583 1
1584 1776 1
1593 1640 1
1593 1774 1
1594 1713 1
1599 1696 1
1605 1852 1
1606 1741 1
1606 1791 1
1609 1747 1
1614 1833 1
1623 1810 1
1624 1636 1
1630 1658 1
1630 1730 1
1632 1831 1
1636 1859 1
1637 1872 1
1640 1798 1
1646 1735 1
1653 1745 1
1653 1802 1
1654 1754 1
1660 1746 1
1660 1834 1
1664 1691 1
1665 1817 1
1665 1849 1
1667 1676 1
1667 1860 1
1678 1860 1
1682 1878 1
1684 1785 1
1687 1757 1
1688 1878 1
1691 1840 1
1693 1703 1
1699 1805 1
1710 1780 1
1711 1835 1
1712 1772 1
1720 1877 1
1722 1775 1
1723 1730 1
1723 1757 1
1724 1807 1
1727 1886 1
1735 1756 1
1737 1880 1
1744 1862 1
1745 1833 1
1754 1866 1
1782 1868 1
1787 1799 1
1805 1875 1
1815 1863 1
1831 1839 1
1848 1867 1
1857 1864 1
