700 2784 
1 2 1
1 3 1
1 4 1
1 5 1
1 6 1
1 7 1
1 8 1
1 9 1
1 10 1
1 15 1
1 16 1
1 18 1
1 19 1
1 22 1
1 23 1
1 24 1
1 32 1
1 33 1
1 35 1
1 36 1
1 37 1
1 42 1
1 44 1
1 53 1
1 58 1
1 65 1
1 73 1
1 84 1
1 86 1
1 96 1
1 104 1
1 105 1
1 106 1
1 134 1
1 170 1
1 171 1
1 173 1
1 188 1
1 205 1
1 220 1
1 232 1
1 233 1
1 237 1
1 271 1
1 273 1
1 298 1
1 304 1
1 305 1
1 315 1
1 326 1
1 342 1
1 408 1
1 410 1
1 424 1
1 431 1
1 517 1
1 526 1
1 556 1
1 559 1
1 563 1
1 572 1
1 586 1
1 589 1
1 609 1
1 631 1
1 632 1
1 645 1
1 649 1
1 685 1
2 6 1
2 7 1
2 8 1
2 10 1
2 11 1
2 13 1
2 20 1
2 21 1
2 24 1
2 31 1
2 32 1
2 33 1
2 41 1
2 43 1
2 44 1
2 45 1
2 47 1
2 48 1
2 51 1
2 55 1
2 67 1
2 68 1
2 74 1
2 84 1
2 86 1
2 92 1
2 102 1
2 116 1
2 117 1
2 123 1
2 151 1
2 157 1
2 168 1
2 169 1
2 183 1
2 185 1
2 189 1
2 190 1
2 208 1
2 220 1
2 226 1
2 235 1
2 240 1
2 245 1
2 254 1
2 276 1
2 277 1
2 281 1
2 298 1
2 316 1
2 317 1
2 318 1
2 321 1
2 363 1
2 366 1
2 368 1
2 386 1
2 396 1
2 435 1
2 453 1
2 476 1
2 492 1
2 517 1
2 541 1
2 547 1
2 560 1
2 621 1
2 632 1
3 6 1
3 9 1
3 12 1
3 18 1
3 22 1
3 25 1
3 28 1
3 38 1
3 59 1
3 64 1
3 76 1
3 105 1
3 113 1
3 135 1
3 140 1
3 141 1
3 144 1
3 150 1
3 160 1
3 178 1
3 188 1
3 221 1
3 227 1
3 230 1
3 255 1
3 256 1
3 261 1
3 319 1
3 363 1
3 402 1
3 426 1
3 433 1
3 454 1
3 487 1
3 561 1
3 577 1
3 608 1
3 637 1
3 643 1
3 648 1
3 675 1
3 695 1
3 697 1
4 6 1
4 9 1
4 12 1
4 13 1
4 17 1
4 20 1
4 26 1
4 27 1
4 38 1
4 40 1
4 42 1
4 44 1
4 51 1
4 61 1
4 74 1
4 88 1
4 97 1
4 102 1
4 111 1
4 118 1
4 133 1
4 157 1
4 175 1
4 189 1
4 213 1
4 241 1
4 243 1
4 253 1
4 259 1
4 287 1
4 289 1
4 293 1
4 335 1
4 349 1
4 388 1
4 462 1
4 483 1
4 489 1
4 510 1
4 537 1
4 564 1
4 567 1
4 591 1
4 616 1
4 627 1
4 666 1
4 678 1
5 7 1
5 9 1
5 13 1
5 14 1
5 98 1
5 112 1
5 130 1
5 141 1
5 146 1
5 206 1
5 246 1
5 253 1
5 282 1
5 297 1
5 356 1
5 473 1
5 496 1
5 530 1
5 542 1
5 613 1
5 649 1
5 681 1
6 7 1
6 8 1
6 11 1
6 12 1
6 13 1
6 23 1
6 30 1
6 32 1
6 33 1
6 34 1
6 35 1
6 40 1
6 43 1
6 46 1
6 47 1
6 49 1
6 50 1
6 54 1
6 58 1
6 61 1
6 63 1
6 71 1
6 72 1
6 73 1
6 76 1
6 78 1
6 80 1
6 85 1
6 90 1
6 99 1
6 100 1
6 113 1
6 121 1
6 127 1
6 129 1
6 138 1
6 141 1
6 142 1
6 149 1
6 150 1
6 152 1
6 176 1
6 178 1
6 179 1
6 181 1
6 187 1
6 188 1
6 191 1
6 199 1
6 205 1
6 207 1
6 212 1
6 218 1
6 237 1
6 242 1
6 251 1
6 268 1
6 272 1
6 277 1
6 302 1
6 309 1
6 310 1
6 315 1
6 366 1
6 367 1
6 368 1
6 374 1
6 377 1
6 379 1
6 385 1
6 388 1
6 417 1
6 420 1
6 423 1
6 424 1
6 457 1
6 469 1
6 476 1
6 497 1
6 515 1
6 526 1
6 532 1
6 549 1
6 553 1
6 572 1
6 597 1
6 612 1
6 629 1
6 642 1
6 661 1
6 662 1
6 664 1
6 682 1
7 8 1
7 14 1
7 18 1
7 21 1
7 25 1
7 26 1
7 36 1
7 37 1
7 43 1
7 45 1
7 47 1
7 48 1
7 49 1
7 56 1
7 57 1
7 66 1
7 71 1
7 81 1
7 85 1
7 89 1
7 91 1
7 110 1
7 115 1
7 147 1
7 172 1
7 176 1
7 222 1
7 228 1
7 230 1
7 263 1
7 310 1
7 334 1
7 351 1
7 361 1
7 399 1
7 420 1
7 437 1
7 467 1
7 470 1
7 485 1
7 556 1
7 579 1
7 581 1
7 587 1
7 590 1
7 634 1
7 642 1
7 682 1
8 10 1
8 11 1
8 15 1
8 16 1
8 17 1
8 19 1
8 33 1
8 41 1
8 84 1
8 94 1
8 98 1
8 127 1
8 144 1
8 194 1
8 206 1
8 245 1
8 248 1
8 297 1
8 302 1
8 340 1
8 382 1
8 387 1
8 390 1
8 406 1
8 465 1
8 472 1
8 563 1
8 616 1
8 659 1
8 700 1
9 10 1
9 14 1
9 22 1
9 50 1
9 63 1
9 94 1
9 95 1
9 101 1
9 187 1
9 201 1
9 222 1
9 228 1
9 271 1
9 284 1
9 313 1
9 319 1
9 547 1
9 555 1
9 564 1
9 585 1
9 622 1
9 633 1
9 673 1
9 699 1
10 11 1
10 15 1
10 19 1
10 21 1
10 27 1
10 30 1
10 37 1
10 52 1
10 53 1
10 70 1
10 78 1
10 79 1
10 80 1
10 82 1
10 104 1
10 106 1
10 111 1
10 117 1
10 123 1
10 138 1
10 156 1
10 157 1
10 165 1
10 167 1
10 174 1
10 178 1
10 182 1
10 203 1
10 227 1
10 234 1
10 240 1
10 271 1
10 274 1
10 302 1
10 308 1
10 316 1
10 326 1
10 332 1
10 346 1
10 356 1
10 370 1
10 375 1
10 377 1
10 394 1
10 403 1
10 434 1
10 452 1
10 479 1
10 480 1
10 482 1
10 483 1
10 493 1
10 503 1
10 539 1
10 541 1
10 562 1
10 580 1
10 590 1
10 610 1
10 618 1
10 677 1
10 696 1
11 12 1
11 16 1
11 17 1
11 18 1
11 22 1
11 23 1
11 38 1
11 39 1
11 52 1
11 58 1
11 68 1
11 83 1
11 99 1
11 109 1
11 148 1
11 165 1
11 175 1
11 210 1
11 219 1
11 232 1
11 323 1
11 347 1
11 356 1
11 358 1
11 411 1
11 420 1
11 452 1
11 600 1
11 608 1
12 15 1
12 25 1
12 28 1
12 61 1
12 64 1
12 81 1
12 85 1
12 103 1
12 126 1
12 143 1
12 209 1
12 264 1
12 319 1
12 321 1
12 338 1
12 421 1
12 470 1
12 594 1
12 598 1
12 663 1
12 666 1
13 14 1
13 21 1
13 23 1
13 41 1
13 48 1
13 52 1
13 54 1
13 89 1
13 119 1
13 126 1
13 145 1
13 232 1
13 248 1
13 267 1
13 323 1
13 329 1
13 378 1
13 420 1
13 432 1
13 449 1
13 498 1
13 510 1
13 533 1
13 570 1
13 579 1
13 585 1
13 637 1
13 638 1
13 647 1
13 662 1
13 684 1
14 16 1
14 17 1
14 19 1
14 28 1
14 29 1
14 40 1
14 46 1
14 72 1
14 75 1
14 82 1
14 96 1
14 114 1
14 115 1
14 141 1
14 153 1
14 158 1
14 177 1
14 191 1
14 193 1
14 204 1
14 212 1
14 214 1
14 222 1
14 236 1
14 261 1
14 270 1
14 278 1
14 283 1
14 294 1
14 312 1
14 315 1
14 320 1
14 351 1
14 365 1
14 429 1
14 439 1
14 442 1
14 469 1
14 486 1
14 492 1
14 500 1
14 644 1
14 690 1
15 31 1
15 34 1
15 36 1
15 39 1
15 62 1
15 101 1
15 121 1
15 164 1
15 184 1
15 349 1
15 365 1
15 413 1
15 458 1
15 616 1
16 24 1
16 25 1
16 27 1
16 29 1
16 35 1
16 39 1
16 41 1
16 46 1
16 67 1
16 73 1
16 85 1
16 92 1
16 110 1
16 121 1
16 129 1
16 134 1
16 139 1
16 171 1
16 196 1
16 239 1
16 249 1
16 250 1
16 251 1
16 265 1
16 323 1
16 343 1
16 366 1
16 389 1
16 404 1
16 489 1
16 514 1
16 562 1
16 573 1
16 630 1
16 642 1
16 649 1
16 665 1
17 20 1
17 40 1
17 60 1
17 68 1
17 83 1
17 95 1
17 101 1
17 122 1
17 168 1
17 170 1
17 179 1
17 180 1
17 193 1
17 201 1
17 262 1
17 295 1
17 318 1
17 343 1
17 344 1
17 357 1
17 389 1
17 410 1
17 417 1
17 458 1
17 498 1
17 600 1
17 613 1
17 649 1
17 650 1
18 20 1
18 24 1
18 255 1
18 267 1
18 334 1
18 357 1
18 376 1
18 546 1
18 593 1
19 35 1
19 44 1
19 57 1
19 60 1
19 62 1
19 69 1
19 77 1
19 88 1
19 89 1
19 90 1
19 91 1
19 93 1
19 94 1
19 121 1
19 148 1
19 174 1
19 207 1
19 221 1
19 248 1
19 260 1
19 267 1
19 269 1
19 280 1
19 319 1
19 327 1
19 330 1
19 355 1
19 369 1
19 396 1
19 414 1
19 444 1
19 532 1
19 534 1
19 535 1
19 564 1
19 573 1
19 582 1
19 653 1
19 669 1
20 30 1
20 63 1
20 207 1
20 249 1
20 299 1
20 337 1
20 373 1
20 378 1
20 437 1
20 641 1
21 26 1
21 29 1
21 30 1
21 31 1
21 47 1
21 115 1
21 134 1
21 155 1
21 159 1
21 163 1
21 168 1
21 169 1
21 175 1
21 192 1
21 208 1
21 216 1
21 226 1
21 293 1
21 333 1
21 341 1
21 342 1
21 346 1
21 392 1
21 406 1
21 422 1
21 451 1
21 487 1
21 540 1
21 550 1
21 557 1
21 565 1
21 584 1
21 585 1
21 596 1
21 606 1
21 607 1
21 634 1
22 26 1
22 31 1
22 55 1
22 57 1
22 66 1
22 69 1
22 72 1
22 76 1
22 120 1
22 162 1
22 170 1
22 220 1
22 272 1
22 357 1
22 387 1
22 424 1
22 457 1
22 512 1
22 601 1
22 644 1
23 27 1
23 29 1
23 34 1
23 39 1
23 51 1
23 56 1
23 60 1
23 64 1
23 70 1
23 74 1
23 112 1
23 117 1
23 159 1
23 162 1
23 169 1
23 193 1
23 243 1
23 280 1
23 297 1
23 307 1
23 354 1
23 418 1
23 447 1
23 456 1
23 461 1
23 549 1
23 567 1
23 626 1
23 639 1
23 640 1
23 683 1
24 57 1
24 59 1
24 68 1
24 123 1
24 151 1
24 154 1
24 160 1
24 204 1
24 211 1
24 213 1
24 266 1
24 281 1
24 287 1
24 290 1
24 303 1
24 305 1
24 344 1
24 389 1
24 404 1
24 413 1
24 454 1
24 480 1
24 490 1
24 675 1
25 110 1
25 182 1
25 372 1
25 643 1
26 32 1
26 34 1
26 53 1
26 55 1
26 100 1
26 104 1
26 142 1
26 158 1
26 240 1
26 289 1
26 309 1
26 317 1
26 349 1
26 378 1
26 548 1
26 593 1
26 602 1
26 654 1
27 28 1
27 43 1
27 45 1
27 77 1
27 202 1
27 211 1
27 214 1
27 233 1
27 240 1
27 250 1
27 364 1
27 376 1
27 468 1
27 516 1
27 538 1
28 42 1
28 56 1
28 59 1
28 60 1
28 122 1
28 164 1
28 184 1
28 436 1
28 586 1
28 614 1
28 625 1
28 635 1
29 54 1
29 66 1
29 177 1
29 265 1
29 329 1
29 377 1
29 466 1
29 614 1
30 52 1
30 142 1
30 192 1
30 215 1
30 220 1
30 438 1
30 448 1
30 475 1
30 560 1
30 597 1
31 167 1
31 183 1
31 187 1
31 204 1
31 211 1
31 287 1
31 508 1
31 511 1
31 623 1
31 639 1
31 671 1
31 687 1
32 38 1
32 48 1
32 49 1
32 77 1
32 90 1
32 206 1
32 267 1
32 277 1
32 295 1
32 342 1
32 344 1
32 345 1
32 360 1
32 378 1
32 481 1
32 483 1
32 491 1
32 506 1
32 523 1
32 527 1
32 536 1
32 597 1
32 602 1
32 619 1
32 644 1
33 127 1
33 202 1
33 257 1
33 274 1
33 294 1
33 314 1
33 359 1
33 409 1
33 657 1
33 673 1
34 37 1
34 45 1
34 53 1
34 76 1
34 88 1
34 179 1
34 195 1
34 221 1
34 246 1
34 258 1
34 264 1
34 271 1
34 351 1
34 461 1
34 620 1
34 647 1
34 658 1
34 674 1
35 36 1
35 42 1
35 49 1
35 63 1
35 64 1
35 75 1
35 86 1
35 135 1
35 136 1
35 149 1
35 166 1
35 180 1
35 224 1
35 231 1
35 257 1
35 263 1
35 278 1
35 473 1
35 504 1
35 615 1
35 680 1
36 46 1
36 50 1
36 55 1
36 71 1
36 138 1
36 189 1
36 224 1
36 238 1
36 362 1
36 525 1
36 645 1
36 651 1
37 67 1
37 71 1
37 152 1
37 153 1
37 197 1
37 353 1
37 361 1
37 371 1
37 376 1
37 566 1
37 641 1
38 65 1
38 118 1
38 143 1
38 192 1
38 198 1
38 266 1
38 275 1
38 346 1
38 486 1
38 512 1
38 538 1
38 559 1
38 653 1
39 62 1
39 70 1
39 118 1
39 144 1
39 173 1
39 265 1
39 299 1
39 301 1
39 419 1
39 545 1
39 669 1
39 698 1
40 79 1
40 99 1
40 103 1
40 183 1
40 313 1
40 455 1
40 493 1
40 507 1
41 167 1
41 174 1
41 228 1
41 235 1
41 251 1
41 254 1
41 263 1
41 320 1
41 325 1
41 404 1
41 460 1
41 495 1
41 559 1
42 107 1
42 155 1
42 244 1
42 391 1
42 480 1
42 538 1
43 97 1
43 100 1
43 108 1
43 143 1
43 237 1
43 297 1
43 399 1
43 405 1
43 509 1
43 520 1
43 573 1
43 676 1
43 682 1
44 67 1
44 75 1
44 111 1
44 114 1
44 139 1
44 625 1
44 669 1
45 51 1
45 61 1
45 69 1
45 87 1
45 91 1
45 93 1
45 133 1
45 136 1
45 165 1
45 194 1
45 233 1
45 264 1
45 333 1
45 405 1
45 437 1
45 450 1
45 457 1
45 496 1
45 553 1
45 621 1
45 657 1
45 681 1
45 696 1
46 56 1
46 148 1
46 278 1
46 279 1
46 387 1
46 395 1
46 443 1
47 69 1
47 77 1
47 163 1
47 195 1
47 296 1
47 337 1
47 431 1
47 440 1
47 475 1
47 525 1
47 558 1
48 50 1
48 79 1
48 101 1
48 125 1
48 126 1
48 150 1
48 157 1
48 158 1
48 159 1
48 165 1
48 184 1
48 219 1
48 247 1
48 259 1
48 334 1
48 338 1
48 431 1
48 462 1
48 499 1
48 509 1
48 546 1
48 613 1
48 641 1
48 655 1
48 676 1
48 683 1
48 694 1
49 87 1
49 142 1
49 290 1
49 433 1
49 512 1
50 58 1
50 139 1
50 234 1
50 291 1
50 372 1
51 54 1
51 62 1
51 82 1
51 119 1
51 160 1
51 227 1
51 325 1
51 405 1
51 414 1
51 464 1
51 490 1
51 502 1
52 59 1
52 65 1
52 98 1
52 103 1
52 133 1
52 145 1
52 161 1
52 198 1
52 289 1
52 395 1
52 466 1
52 601 1
52 694 1
53 108 1
53 208 1
53 241 1
53 329 1
53 352 1
53 443 1
53 448 1
53 526 1
53 529 1
53 563 1
53 586 1
54 181 1
54 225 1
54 262 1
54 273 1
54 371 1
54 397 1
54 417 1
54 434 1
54 444 1
54 566 1
54 592 1
54 631 1
55 102 1
55 149 1
55 174 1
55 358 1
55 557 1
56 103 1
56 306 1
56 571 1
57 73 1
57 78 1
57 83 1
57 125 1
57 135 1
57 168 1
57 185 1
57 190 1
57 217 1
57 229 1
57 235 1
57 322 1
57 339 1
57 501 1
58 66 1
58 75 1
58 81 1
58 84 1
58 106 1
58 144 1
58 285 1
58 314 1
58 334 1
58 337 1
58 353 1
58 386 1
58 439 1
58 565 1
58 594 1
59 83 1
59 86 1
59 93 1
59 102 1
59 117 1
59 122 1
59 146 1
59 156 1
59 170 1
59 294 1
59 305 1
59 350 1
59 367 1
59 383 1
59 424 1
59 436 1
59 479 1
59 486 1
59 569 1
59 571 1
59 660 1
59 663 1
59 687 1
59 695 1
60 105 1
60 145 1
60 155 1
60 176 1
60 256 1
60 276 1
60 281 1
60 515 1
60 537 1
60 635 1
61 81 1
61 92 1
61 97 1
61 107 1
61 146 1
61 150 1
61 190 1
61 196 1
61 205 1
61 247 1
61 291 1
61 305 1
61 456 1
61 463 1
61 565 1
62 191 1
62 192 1
62 200 1
62 206 1
62 230 1
62 298 1
62 423 1
62 460 1
62 534 1
63 78 1
63 97 1
63 109 1
63 135 1
63 137 1
63 189 1
63 339 1
63 483 1
64 65 1
64 108 1
64 172 1
64 209 1
64 246 1
64 263 1
64 298 1
64 309 1
64 312 1
64 486 1
64 494 1
64 496 1
64 615 1
64 663 1
65 95 1
65 156 1
65 162 1
65 172 1
65 310 1
65 330 1
65 455 1
65 484 1
65 507 1
65 518 1
65 577 1
65 581 1
65 648 1
65 698 1
66 70 1
66 72 1
66 108 1
66 126 1
66 130 1
66 137 1
66 140 1
66 152 1
66 203 1
66 219 1
66 230 1
66 440 1
66 517 1
67 80 1
67 160 1
67 173 1
67 193 1
67 244 1
67 255 1
67 301 1
67 449 1
67 458 1
67 467 1
67 477 1
67 497 1
67 503 1
67 508 1
67 522 1
67 650 1
68 99 1
68 120 1
68 136 1
68 166 1
68 213 1
68 215 1
68 258 1
68 348 1
68 554 1
68 620 1
68 691 1
68 693 1
69 79 1
69 80 1
69 96 1
69 112 1
69 132 1
69 186 1
69 202 1
69 275 1
69 283 1
69 285 1
69 299 1
69 310 1
69 421 1
69 460 1
69 462 1
69 513 1
69 546 1
69 565 1
69 568 1
69 575 1
69 633 1
70 82 1
70 407 1
70 582 1
71 124 1
71 147 1
72 92 1
72 109 1
72 119 1
72 273 1
72 396 1
72 465 1
73 74 1
73 136 1
73 249 1
73 323 1
73 387 1
73 539 1
73 552 1
73 570 1
74 116 1
74 124 1
74 125 1
74 127 1
74 128 1
74 154 1
74 438 1
74 450 1
74 489 1
74 599 1
75 133 1
75 639 1
76 98 1
76 114 1
76 159 1
76 203 1
76 326 1
76 427 1
77 89 1
77 104 1
77 113 1
77 156 1
77 212 1
77 223 1
77 253 1
77 320 1
77 422 1
77 506 1
77 677 1
78 88 1
78 288 1
79 90 1
79 95 1
79 110 1
79 118 1
79 120 1
79 176 1
79 215 1
79 234 1
79 242 1
79 246 1
79 279 1
79 336 1
79 373 1
79 379 1
79 385 1
79 463 1
79 476 1
79 528 1
79 533 1
79 580 1
80 109 1
80 164 1
80 243 1
80 312 1
80 397 1
80 651 1
81 122 1
81 148 1
81 186 1
81 238 1
81 269 1
81 467 1
81 502 1
81 533 1
81 607 1
81 634 1
82 87 1
82 111 1
82 131 1
82 199 1
82 288 1
82 290 1
82 331 1
82 451 1
82 628 1
82 691 1
83 94 1
83 96 1
83 123 1
83 124 1
83 131 1
83 147 1
83 177 1
83 203 1
83 255 1
83 341 1
83 461 1
83 513 1
83 521 1
83 586 1
83 647 1
83 689 1
84 158 1
84 270 1
84 313 1
84 361 1
84 699 1
85 151 1
85 288 1
85 419 1
86 87 1
86 233 1
86 448 1
86 454 1
86 583 1
86 584 1
86 667 1
87 91 1
87 106 1
87 119 1
87 134 1
87 219 1
87 291 1
87 363 1
87 468 1
87 561 1
87 620 1
87 645 1
88 197 1
88 282 1
88 374 1
88 393 1
88 636 1
89 145 1
89 154 1
89 217 1
89 265 1
89 307 1
89 324 1
89 345 1
89 478 1
89 491 1
89 520 1
89 551 1
90 93 1
90 224 1
90 304 1
90 306 1
90 316 1
90 412 1
90 422 1
90 447 1
90 478 1
90 693 1
91 105 1
91 409 1
91 503 1
91 570 1
91 698 1
92 151 1
92 152 1
92 171 1
92 194 1
92 231 1
92 241 1
92 342 1
92 348 1
92 453 1
92 460 1
92 579 1
92 610 1
92 652 1
92 655 1
92 677 1
92 688 1
93 112 1
93 197 1
93 226 1
93 262 1
93 293 1
93 348 1
93 548 1
93 557 1
93 590 1
93 698 1
94 100 1
94 132 1
94 143 1
94 177 1
94 231 1
94 379 1
94 381 1
94 490 1
94 617 1
95 311 1
95 356 1
95 521 1
95 635 1
95 670 1
95 680 1
95 697 1
96 115 1
96 321 1
96 340 1
96 439 1
96 549 1
97 113 1
97 139 1
97 223 1
97 303 1
97 504 1
97 615 1
98 225 1
98 394 1
98 507 1
98 539 1
98 640 1
98 655 1
99 107 1
99 288 1
99 594 1
99 674 1
100 107 1
100 231 1
100 311 1
100 360 1
100 566 1
100 651 1
100 655 1
101 128 1
101 214 1
101 408 1
101 441 1
101 442 1
101 447 1
101 516 1
102 147 1
102 217 1
102 282 1
103 116 1
103 210 1
103 292 1
103 304 1
103 367 1
103 375 1
103 434 1
104 161 1
104 301 1
104 386 1
104 485 1
104 534 1
105 114 1
105 128 1
105 180 1
105 196 1
105 266 1
105 285 1
105 286 1
105 300 1
105 365 1
105 384 1
105 441 1
105 478 1
105 560 1
105 598 1
105 660 1
106 125 1
106 149 1
106 279 1
106 425 1
106 445 1
106 583 1
106 660 1
107 128 1
107 131 1
107 132 1
107 236 1
107 275 1
107 286 1
107 375 1
108 130 1
108 140 1
108 146 1
108 173 1
108 234 1
108 259 1
108 260 1
108 269 1
108 430 1
108 636 1
109 129 1
109 138 1
109 164 1
109 200 1
109 205 1
109 286 1
109 327 1
109 427 1
109 429 1
109 501 1
109 525 1
109 580 1
109 643 1
109 688 1
110 116 1
110 324 1
110 543 1
110 575 1
111 154 1
111 280 1
111 335 1
111 400 1
111 498 1
111 545 1
112 140 1
112 697 1
113 120 1
113 130 1
113 195 1
113 239 1
113 407 1
113 410 1
113 507 1
113 559 1
113 684 1
114 236 1
114 421 1
114 481 1
115 216 1
115 367 1
115 521 1
116 137 1
116 281 1
116 340 1
116 341 1
116 351 1
116 352 1
116 384 1
116 540 1
117 262 1
117 282 1
117 403 1
117 434 1
117 456 1
117 554 1
117 604 1
117 692 1
118 129 1
118 137 1
118 182 1
118 184 1
118 194 1
118 228 1
118 243 1
118 354 1
118 404 1
118 467 1
118 511 1
118 578 1
118 603 1
119 124 1
119 213 1
119 269 1
119 508 1
119 524 1
120 274 1
120 300 1
120 303 1
120 327 1
120 347 1
120 623 1
121 329 1
121 612 1
121 654 1
122 181 1
123 131 1
123 198 1
123 306 1
123 482 1
123 499 1
123 508 1
124 169 1
124 217 1
124 252 1
124 256 1
124 474 1
125 218 1
125 406 1
125 527 1
126 181 1
126 308 1
126 331 1
126 401 1
126 607 1
126 633 1
127 132 1
127 171 1
127 172 1
127 190 1
127 225 1
127 300 1
127 324 1
127 418 1
127 653 1
128 166 1
128 253 1
128 333 1
128 495 1
128 690 1
128 695 1
129 358 1
129 463 1
129 474 1
129 680 1
130 180 1
130 489 1
130 518 1
130 581 1
130 583 1
131 554 1
132 153 1
132 166 1
132 185 1
132 186 1
132 340 1
132 353 1
132 382 1
132 602 1
132 604 1
132 679 1
133 587 1
135 195 1
135 216 1
135 292 1
135 399 1
136 336 1
136 388 1
136 439 1
136 463 1
136 465 1
136 594 1
136 614 1
136 678 1
137 163 1
137 198 1
137 229 1
137 409 1
138 161 1
138 332 1
138 370 1
138 447 1
139 242 1
139 326 1
139 428 1
139 547 1
139 674 1
140 358 1
140 416 1
141 163 1
141 175 1
141 201 1
141 232 1
141 325 1
141 479 1
141 564 1
141 588 1
142 161 1
142 199 1
142 343 1
142 355 1
142 359 1
142 376 1
142 629 1
143 153 1
143 199 1
143 201 1
143 279 1
143 306 1
143 338 1
143 384 1
143 411 1
143 440 1
143 505 1
143 518 1
143 520 1
143 531 1
143 562 1
143 583 1
143 590 1
143 654 1
144 451 1
144 475 1
145 179 1
145 254 1
145 391 1
145 651 1
145 686 1
146 266 1
146 354 1
146 380 1
146 383 1
146 521 1
146 536 1
147 178 1
147 185 1
147 207 1
147 223 1
147 260 1
147 327 1
147 401 1
147 415 1
147 487 1
147 611 1
147 612 1
148 210 1
148 218 1
148 227 1
148 308 1
148 314 1
148 360 1
148 596 1
149 335 1
149 390 1
149 495 1
149 500 1
149 526 1
149 548 1
149 622 1
149 646 1
149 686 1
150 188 1
150 197 1
150 308 1
150 370 1
150 385 1
150 386 1
150 511 1
150 513 1
150 541 1
150 581 1
150 611 1
150 656 1
151 167 1
151 505 1
151 542 1
151 648 1
152 155 1
152 410 1
152 415 1
152 429 1
152 435 1
152 457 1
152 469 1
153 245 1
153 250 1
153 309 1
153 336 1
153 364 1
154 252 1
154 312 1
154 542 1
154 573 1
154 618 1
154 629 1
155 251 1
155 372 1
155 697 1
156 274 1
156 492 1
156 618 1
157 162 1
157 239 1
157 332 1
157 445 1
158 183 1
158 471 1
160 191 1
160 284 1
160 398 1
160 421 1
160 423 1
160 535 1
161 258 1
161 261 1
161 264 1
161 317 1
162 316 1
162 394 1
162 613 1
162 637 1
162 656 1
163 278 1
163 359 1
163 433 1
163 438 1
163 645 1
163 662 1
163 667 1
164 200 1
164 286 1
165 182 1
165 347 1
165 373 1
165 440 1
165 593 1
165 619 1
166 364 1
166 397 1
166 530 1
167 186 1
167 572 1
168 187 1
168 215 1
168 239 1
168 425 1
168 470 1
168 473 1
168 485 1
168 588 1
169 208 1
169 248 1
169 268 1
169 438 1
169 450 1
169 501 1
169 514 1
170 409 1
170 552 1
170 628 1
170 680 1
171 211 1
172 204 1
172 362 1
172 370 1
172 592 1
173 209 1
173 222 1
173 330 1
173 366 1
173 395 1
173 406 1
173 428 1
173 487 1
173 627 1
173 646 1
174 237 1
174 250 1
174 484 1
174 658 1
175 196 1
175 241 1
175 391 1
175 402 1
177 209 1
177 470 1
177 514 1
177 535 1
177 587 1
177 600 1
179 459 1
179 519 1
180 275 1
180 277 1
181 247 1
181 321 1
181 350 1
181 450 1
181 523 1
181 532 1
181 630 1
182 528 1
182 646 1
183 458 1
183 666 1
184 212 1
184 216 1
184 318 1
184 343 1
184 527 1
185 238 1
186 283 1
186 391 1
187 210 1
188 242 1
188 403 1
188 435 1
188 624 1
189 355 1
189 557 1
191 224 1
191 258 1
191 268 1
191 330 1
191 341 1
191 350 1
191 522 1
191 616 1
192 200 1
192 202 1
192 218 1
192 284 1
192 426 1
192 466 1
192 494 1
192 517 1
192 579 1
192 591 1
193 238 1
193 551 1
194 252 1
194 284 1
194 301 1
194 418 1
194 474 1
194 550 1
194 589 1
194 658 1
195 223 1
195 531 1
196 257 1
196 259 1
196 292 1
196 465 1
196 523 1
196 550 1
197 244 1
197 355 1
197 603 1
197 661 1
198 272 1
198 295 1
198 452 1
198 630 1
199 393 1
199 563 1
199 595 1
199 624 1
200 268 1
200 322 1
201 436 1
202 510 1
202 543 1
203 245 1
203 347 1
203 357 1
203 537 1
203 551 1
203 609 1
204 345 1
204 471 1
205 256 1
205 417 1
205 609 1
206 225 1
206 432 1
206 595 1
207 382 1
207 664 1
208 261 1
208 276 1
208 335 1
208 359 1
208 519 1
209 247 1
209 270 1
209 294 1
209 311 1
209 535 1
209 665 1
209 694 1
210 252 1
210 273 1
210 432 1
211 296 1
211 300 1
211 414 1
211 501 1
212 304 1
212 349 1
213 214 1
213 236 1
213 244 1
213 679 1
213 692 1
214 464 1
215 455 1
215 484 1
216 313 1
216 445 1
217 221 1
217 394 1
217 415 1
217 524 1
217 608 1
218 226 1
218 249 1
218 333 1
218 360 1
218 544 1
218 696 1
219 371 1
219 375 1
219 545 1
219 550 1
220 488 1
221 384 1
222 235 1
222 322 1
222 543 1
222 602 1
223 229 1
223 530 1
223 584 1
224 229 1
224 381 1
224 480 1
224 620 1
224 658 1
225 631 1
226 337 1
226 348 1
226 449 1
226 595 1
226 671 1
227 332 1
227 696 1
228 636 1
230 430 1
231 260 1
231 389 1
231 400 1
231 430 1
231 453 1
231 468 1
232 291 1
232 479 1
232 497 1
232 522 1
232 692 1
234 515 1
236 307 1
237 513 1
237 554 1
237 574 1
237 622 1
238 257 1
238 481 1
238 510 1
239 296 1
239 336 1
239 339 1
239 472 1
241 381 1
241 599 1
241 609 1
241 671 1
242 575 1
243 270 1
243 276 1
243 283 1
243 290 1
243 292 1
243 293 1
243 331 1
243 379 1
243 427 1
243 455 1
243 588 1
244 322 1
244 403 1
244 443 1
244 656 1
247 436 1
248 254 1
249 482 1
251 545 1
252 407 1
253 364 1
253 445 1
254 296 1
254 362 1
254 541 1
254 576 1
255 280 1
255 363 1
255 496 1
256 430 1
256 504 1
258 299 1
258 413 1
258 652 1
260 302 1
260 408 1
260 639 1
261 393 1
262 272 1
262 502 1
262 628 1
262 636 1
263 596 1
263 670 1
264 318 1
264 539 1
264 683 1
265 287 1
265 328 1
265 412 1
265 505 1
265 568 1
265 621 1
266 405 1
266 589 1
266 603 1
267 474 1
267 547 1
267 561 1
267 629 1
267 675 1
268 285 1
268 412 1
269 380 1
269 390 1
269 412 1
269 443 1
269 471 1
271 346 1
273 324 1
275 320 1
275 425 1
275 432 1
275 619 1
275 625 1
275 642 1
276 374 1
276 481 1
276 488 1
276 604 1
276 668 1
277 289 1
277 328 1
277 369 1
277 372 1
277 400 1
277 595 1
278 385 1
278 647 1
279 350 1
279 361 1
279 368 1
279 393 1
279 425 1
279 441 1
279 523 1
279 568 1
279 675 1
280 315 1
280 328 1
280 390 1
280 664 1
282 295 1
282 314 1
282 415 1
282 448 1
282 576 1
282 668 1
282 692 1
283 311 1
286 325 1
286 558 1
286 677 1
288 362 1
288 365 1
288 531 1
289 627 1
290 505 1
291 561 1
291 606 1
291 694 1
292 499 1
292 610 1
292 627 1
293 383 1
293 442 1
293 515 1
293 611 1
293 637 1
293 643 1
294 307 1
294 317 1
294 352 1
294 674 1
295 423 1
295 663 1
295 691 1
297 396 1
298 303 1
298 476 1
301 622 1
302 331 1
302 428 1
302 452 1
302 587 1
302 688 1
303 344 1
303 377 1
304 345 1
305 498 1
305 512 1
306 544 1
307 504 1
308 600 1
309 354 1
309 392 1
309 495 1
309 518 1
309 679 1
311 328 1
311 380 1
311 395 1
311 574 1
312 509 1
312 534 1
313 414 1
314 416 1
314 426 1
315 449 1
317 392 1
317 398 1
317 574 1
318 597 1
320 491 1
320 540 1
321 339 1
321 369 1
321 400 1
321 451 1
321 524 1
321 569 1
321 644 1
321 681 1
322 459 1
322 472 1
325 411 1
325 459 1
325 491 1
325 604 1
326 392 1
326 575 1
326 592 1
327 529 1
327 544 1
328 475 1
329 693 1
330 401 1
330 437 1
330 527 1
331 353 1
331 574 1
333 373 1
333 383 1
333 418 1
333 454 1
333 641 1
334 338 1
334 352 1
335 469 1
335 567 1
335 603 1
335 605 1
338 416 1
338 499 1
340 398 1
340 506 1
341 624 1
342 427 1
342 522 1
343 371 1
343 431 1
343 578 1
344 459 1
346 422 1
349 441 1
349 546 1
350 617 1
350 670 1
350 672 1
351 416 1
351 648 1
353 374 1
353 433 1
353 494 1
354 582 1
355 382 1
355 503 1
355 528 1
356 488 1
357 399 1
357 555 1
358 369 1
358 516 1
359 464 1
359 529 1
360 368 1
361 446 1
361 576 1
362 488 1
362 578 1
363 401 1
363 598 1
365 381 1
365 388 1
365 398 1
365 584 1
365 678 1
367 566 1
368 461 1
369 380 1
369 435 1
369 444 1
369 661 1
370 444 1
370 519 1
371 402 1
371 471 1
373 664 1
374 552 1
374 623 1
375 567 1
376 477 1
376 485 1
377 608 1
377 665 1
378 402 1
380 468 1
383 397 1
383 426 1
383 506 1
383 605 1
383 672 1
385 408 1
386 472 1
386 494 1
387 538 1
387 690 1
388 446 1
388 558 1
388 580 1
389 548 1
389 553 1
389 686 1
390 419 1
390 511 1
391 582 1
392 553 1
392 598 1
393 662 1
394 610 1
394 652 1
399 411 1
399 464 1
399 633 1
400 428 1
400 429 1
400 672 1
402 544 1
403 446 1
403 687 1
404 676 1
405 407 1
405 635 1
405 638 1
405 676 1
406 413 1
406 552 1
406 650 1
408 700 1
413 477 1
413 514 1
413 588 1
415 484 1
416 419 1
416 530 1
420 502 1
420 684 1
421 656 1
423 624 1
423 668 1
424 659 1
426 601 1
428 562 1
428 679 1
428 688 1
429 617 1
429 659 1
429 660 1
432 446 1
432 611 1
433 500 1
433 578 1
435 689 1
436 665 1
437 442 1
444 466 1
444 477 1
444 571 1
444 585 1
444 638 1
444 666 1
445 556 1
446 453 1
446 473 1
446 482 1
447 661 1
447 682 1
447 695 1
448 490 1
448 516 1
448 618 1
449 456 1
449 525 1
449 555 1
451 478 1
451 519 1
453 528 1
453 653 1
456 549 1
456 570 1
456 678 1
456 700 1
457 493 1
458 462 1
459 599 1
459 614 1
461 536 1
465 500 1
466 560 1
467 685 1
467 691 1
470 540 1
471 492 1
472 529 1
472 628 1
474 576 1
475 536 1
475 601 1
482 596 1
485 606 1
487 625 1
487 659 1
487 672 1
489 497 1
489 606 1
490 520 1
492 493 1
495 623 1
496 646 1
502 551 1
504 524 1
505 509 1
510 654 1
511 533 1
513 532 1
515 556 1
516 531 1
516 589 1
517 542 1
519 617 1
520 577 1
523 689 1
524 591 1
526 555 1
527 650 1
530 673 1
533 626 1
534 558 1
535 537 1
536 599 1
536 685 1
537 571 1
537 577 1
537 640 1
538 543 1
546 699 1
546 700 1
548 669 1
552 572 1
552 591 1
552 634 1
553 630 1
557 685 1
557 689 1
558 699 1
559 568 1
559 569 1
559 593 1
560 615 1
562 640 1
564 569 1
567 612 1
569 652 1
576 681 1
578 592 1
582 684 1
585 607 1
585 626 1
589 619 1
594 605 1
595 605 1
596 621 1
606 638 1
607 657 1
611 632 1
613 626 1
615 631 1
618 683 1
623 687 1
629 693 1
630 632 1
631 667 1
631 673 1
640 670 1
642 671 1
646 657 1
647 667 1
652 686 1
667 668 1
689 690 1
