1100 4383 
1 5 1
1 6 1
1 7 1
1 8 1
1 9 1
1 11 1
1 12 1
1 14 1
1 17 1
1 19 1
1 20 1
1 21 1
1 24 1
1 27 1
1 30 1
1 33 1
1 34 1
1 37 1
1 38 1
1 39 1
1 41 1
1 42 1
1 43 1
1 47 1
1 54 1
1 55 1
1 57 1
1 64 1
1 71 1
1 73 1
1 81 1
1 83 1
1 87 1
1 91 1
1 94 1
1 100 1
1 105 1
1 107 1
1 108 1
1 111 1
1 112 1
1 119 1
1 123 1
1 126 1
1 127 1
1 134 1
1 143 1
1 146 1
1 154 1
1 155 1
1 158 1
1 170 1
1 175 1
1 181 1
1 209 1
1 236 1
1 237 1
1 240 1
1 244 1
1 252 1
1 255 1
1 259 1
1 260 1
1 269 1
1 270 1
1 271 1
1 272 1
1 276 1
1 281 1
1 283 1
1 295 1
1 303 1
1 317 1
1 318 1
1 344 1
1 346 1
1 349 1
1 350 1
1 353 1
1 356 1
1 363 1
1 366 1
1 371 1
1 393 1
1 447 1
1 472 1
1 475 1
1 477 1
1 479 1
1 481 1
1 482 1
1 484 1
1 485 1
1 487 1
1 494 1
1 504 1
1 508 1
1 511 1
1 518 1
1 523 1
1 525 1
1 543 1
1 549 1
1 551 1
1 554 1
1 555 1
1 579 1
1 580 1
1 598 1
1 602 1
1 606 1
1 620 1
1 634 1
1 648 1
1 658 1
1 671 1
1 673 1
1 683 1
1 686 1
1 693 1
1 704 1
1 705 1
1 711 1
1 717 1
1 719 1
1 736 1
1 742 1
1 750 1
1 756 1
1 760 1
1 762 1
1 763 1
1 765 1
1 773 1
1 774 1
1 791 1
1 792 1
1 797 1
1 809 1
1 814 1
1 819 1
1 832 1
1 838 1
1 842 1
1 849 1
1 868 1
1 883 1
1 889 1
1 908 1
1 909 1
1 911 1
1 919 1
1 945 1
1 960 1
1 961 1
1 964 1
1 986 1
1 987 1
1 1004 1
1 1006 1
1 1008 1
1 1021 1
1 1028 1
1 1031 1
1 1038 1
1 1045 1
1 1047 1
1 1051 1
1 1069 1
1 1083 1
1 1084 1
1 1095 1
2 5 1
2 6 1
2 7 1
2 8 1
2 9 1
2 10 1
2 11 1
2 13 1
2 15 1
2 17 1
2 19 1
2 20 1
2 22 1
2 23 1
2 25 1
2 31 1
2 32 1
2 33 1
2 35 1
2 36 1
2 37 1
2 40 1
2 41 1
2 42 1
2 45 1
2 46 1
2 47 1
2 54 1
2 57 1
2 61 1
2 64 1
2 65 1
2 67 1
2 70 1
2 71 1
2 72 1
2 78 1
2 80 1
2 89 1
2 99 1
2 100 1
2 113 1
2 117 1
2 122 1
2 140 1
2 149 1
2 160 1
2 162 1
2 164 1
2 179 1
2 186 1
2 196 1
2 201 1
2 207 1
2 214 1
2 224 1
2 257 1
2 267 1
2 271 1
2 281 1
2 290 1
2 308 1
2 315 1
2 321 1
2 337 1
2 348 1
2 351 1
2 383 1
2 412 1
2 438 1
2 448 1
2 463 1
2 485 1
2 501 1
2 509 1
2 519 1
2 550 1
2 556 1
2 558 1
2 575 1
2 576 1
2 590 1
2 605 1
2 610 1
2 618 1
2 623 1
2 633 1
2 710 1
2 713 1
2 722 1
2 724 1
2 744 1
2 753 1
2 803 1
2 812 1
2 813 1
2 819 1
2 823 1
2 828 1
2 831 1
2 841 1
2 878 1
2 915 1
2 916 1
2 927 1
2 937 1
2 975 1
2 994 1
2 1017 1
2 1023 1
2 1025 1
2 1048 1
3 5 1
3 6 1
3 9 1
3 13 1
3 22 1
3 26 1
3 46 1
3 48 1
3 49 1
3 64 1
3 66 1
3 69 1
3 70 1
3 90 1
3 103 1
3 106 1
3 129 1
3 145 1
3 150 1
3 157 1
3 164 1
3 171 1
3 191 1
3 205 1
3 220 1
3 221 1
3 256 1
3 271 1
3 298 1
3 324 1
3 331 1
3 335 1
3 342 1
3 354 1
3 377 1
3 402 1
3 413 1
3 488 1
3 512 1
3 541 1
3 574 1
3 576 1
3 597 1
3 598 1
3 599 1
3 645 1
3 649 1
3 709 1
3 720 1
3 793 1
3 794 1
3 851 1
3 855 1
3 856 1
3 867 1
3 882 1
3 962 1
3 990 1
3 993 1
3 1023 1
3 1072 1
4 5 1
4 14 1
4 16 1
4 20 1
4 27 1
4 29 1
4 30 1
4 44 1
4 60 1
4 66 1
4 85 1
4 90 1
4 95 1
4 123 1
4 133 1
4 198 1
4 263 1
4 293 1
4 381 1
4 402 1
4 410 1
4 415 1
4 458 1
4 475 1
4 514 1
4 536 1
4 604 1
4 627 1
4 665 1
4 670 1
4 738 1
4 805 1
4 874 1
4 917 1
4 978 1
5 6 1
5 7 1
5 8 1
5 11 1
5 14 1
5 18 1
5 22 1
5 24 1
5 25 1
5 27 1
5 30 1
5 62 1
5 69 1
5 104 1
5 105 1
5 106 1
5 111 1
5 146 1
5 167 1
5 180 1
5 189 1
5 193 1
5 195 1
5 209 1
5 228 1
5 236 1
5 287 1
5 298 1
5 323 1
5 332 1
5 342 1
5 364 1
5 365 1
5 390 1
5 417 1
5 437 1
5 457 1
5 519 1
5 526 1
5 551 1
5 585 1
5 595 1
5 615 1
5 634 1
5 656 1
5 659 1
5 680 1
5 694 1
5 734 1
5 870 1
5 872 1
5 989 1
5 1016 1
5 1036 1
5 1037 1
5 1066 1
5 1067 1
6 7 1
6 8 1
6 10 1
6 11 1
6 13 1
6 17 1
6 24 1
6 28 1
6 30 1
6 42 1
6 63 1
6 75 1
6 120 1
6 143 1
6 146 1
6 147 1
6 156 1
6 176 1
6 182 1
6 195 1
6 197 1
6 200 1
6 260 1
6 280 1
6 298 1
6 314 1
6 384 1
6 405 1
6 418 1
6 456 1
6 457 1
6 509 1
6 524 1
6 540 1
6 617 1
6 720 1
6 725 1
6 728 1
6 747 1
6 771 1
6 804 1
6 808 1
6 822 1
6 836 1
6 838 1
6 843 1
6 860 1
6 871 1
6 909 1
6 923 1
6 929 1
6 952 1
6 988 1
6 1004 1
6 1027 1
6 1028 1
6 1030 1
6 1063 1
6 1064 1
6 1077 1
7 15 1
7 19 1
7 23 1
7 43 1
7 58 1
7 68 1
7 82 1
7 88 1
7 140 1
7 186 1
7 187 1
7 225 1
7 245 1
7 349 1
7 357 1
7 370 1
7 376 1
7 395 1
7 441 1
7 481 1
7 487 1
7 526 1
7 552 1
7 659 1
7 766 1
7 804 1
7 846 1
7 852 1
7 864 1
7 897 1
7 931 1
7 958 1
7 1050 1
8 9 1
8 10 1
8 12 1
8 15 1
8 18 1
8 23 1
8 34 1
8 36 1
8 46 1
8 68 1
8 81 1
8 128 1
8 135 1
8 136 1
8 137 1
8 148 1
8 188 1
8 220 1
8 317 1
8 365 1
8 395 1
8 408 1
8 422 1
8 428 1
8 447 1
8 467 1
8 473 1
8 481 1
8 517 1
8 522 1
8 538 1
8 542 1
8 567 1
8 584 1
8 644 1
8 647 1
8 661 1
8 668 1
8 680 1
8 772 1
8 852 1
8 867 1
8 919 1
8 930 1
8 957 1
8 1052 1
8 1055 1
8 1059 1
9 10 1
9 12 1
9 13 1
9 24 1
9 38 1
9 42 1
9 49 1
9 63 1
9 70 1
9 100 1
9 150 1
9 155 1
9 164 1
9 174 1
9 181 1
9 192 1
9 209 1
9 237 1
9 240 1
9 253 1
9 269 1
9 294 1
9 333 1
9 344 1
9 412 1
9 468 1
9 599 1
9 679 1
9 692 1
9 768 1
9 812 1
9 900 1
9 1011 1
9 1048 1
9 1098 1
10 38 1
10 48 1
10 53 1
10 103 1
10 122 1
10 160 1
10 247 1
10 250 1
10 321 1
10 347 1
10 365 1
10 370 1
10 392 1
10 406 1
10 409 1
10 420 1
10 427 1
10 461 1
10 674 1
10 733 1
10 736 1
10 879 1
10 882 1
10 966 1
10 1041 1
10 1046 1
10 1071 1
10 1079 1
10 1092 1
11 12 1
11 17 1
11 20 1
11 26 1
11 29 1
11 31 1
11 39 1
11 52 1
11 58 1
11 59 1
11 60 1
11 74 1
11 92 1
11 103 1
11 108 1
11 111 1
11 115 1
11 132 1
11 169 1
11 190 1
11 193 1
11 195 1
11 207 1
11 245 1
11 268 1
11 269 1
11 317 1
11 320 1
11 326 1
11 340 1
11 345 1
11 398 1
11 413 1
11 423 1
11 428 1
11 429 1
11 494 1
11 495 1
11 499 1
11 526 1
11 531 1
11 585 1
11 591 1
11 596 1
11 737 1
11 771 1
11 779 1
11 797 1
11 814 1
11 898 1
11 946 1
11 948 1
11 960 1
11 998 1
11 1024 1
11 1095 1
12 18 1
12 40 1
12 44 1
12 94 1
12 182 1
12 198 1
12 257 1
12 338 1
12 371 1
12 375 1
12 469 1
12 486 1
12 518 1
12 533 1
12 538 1
12 567 1
12 592 1
12 638 1
12 672 1
12 676 1
12 714 1
12 759 1
12 791 1
12 853 1
12 971 1
12 1010 1
12 1078 1
13 15 1
13 16 1
13 18 1
13 19 1
13 21 1
13 22 1
13 23 1
13 25 1
13 28 1
13 50 1
13 56 1
13 58 1
13 73 1
13 75 1
13 77 1
13 82 1
13 92 1
13 94 1
13 110 1
13 127 1
13 138 1
13 139 1
13 144 1
13 162 1
13 170 1
13 184 1
13 189 1
13 237 1
13 242 1
13 255 1
13 260 1
13 291 1
13 340 1
13 343 1
13 483 1
13 499 1
13 500 1
13 516 1
13 557 1
13 581 1
13 584 1
13 597 1
13 602 1
13 613 1
13 641 1
13 706 1
13 721 1
13 768 1
13 793 1
13 956 1
13 972 1
13 975 1
13 1020 1
13 1057 1
13 1092 1
14 16 1
14 32 1
14 34 1
14 35 1
14 53 1
14 62 1
14 74 1
14 76 1
14 89 1
14 90 1
14 91 1
14 98 1
14 104 1
14 167 1
14 170 1
14 224 1
14 273 1
14 301 1
14 332 1
14 443 1
14 451 1
14 505 1
14 531 1
14 543 1
14 558 1
14 654 1
14 693 1
14 716 1
14 737 1
14 751 1
14 763 1
14 874 1
14 877 1
14 892 1
14 922 1
14 1042 1
14 1067 1
15 16 1
15 29 1
15 33 1
15 34 1
15 41 1
15 63 1
15 173 1
15 242 1
15 253 1
15 290 1
15 314 1
15 325 1
15 367 1
15 405 1
15 407 1
15 447 1
15 476 1
15 502 1
15 529 1
15 537 1
15 580 1
15 601 1
15 749 1
15 766 1
15 818 1
15 863 1
15 867 1
15 881 1
15 1036 1
16 21 1
16 26 1
16 43 1
16 45 1
16 51 1
16 65 1
16 80 1
16 105 1
16 109 1
16 145 1
16 188 1
16 235 1
16 245 1
16 246 1
16 314 1
16 335 1
16 339 1
16 355 1
16 369 1
16 442 1
16 444 1
16 464 1
16 503 1
16 513 1
16 546 1
16 564 1
16 682 1
16 690 1
16 716 1
16 741 1
16 873 1
16 876 1
16 877 1
16 921 1
16 923 1
16 947 1
17 27 1
17 39 1
17 40 1
17 68 1
17 88 1
17 90 1
17 100 1
17 131 1
17 147 1
17 149 1
17 168 1
17 179 1
17 210 1
17 219 1
17 246 1
17 305 1
17 325 1
17 328 1
17 349 1
17 368 1
17 388 1
17 415 1
17 441 1
17 469 1
17 505 1
17 616 1
17 691 1
17 734 1
17 829 1
17 834 1
17 912 1
17 1035 1
18 395 1
18 802 1
18 900 1
18 1005 1
19 25 1
19 28 1
19 38 1
19 44 1
19 60 1
19 72 1
19 83 1
19 86 1
19 87 1
19 91 1
19 93 1
19 99 1
19 106 1
19 116 1
19 123 1
19 124 1
19 151 1
19 152 1
19 176 1
19 178 1
19 201 1
19 286 1
19 288 1
19 313 1
19 461 1
19 558 1
19 569 1
19 576 1
19 588 1
19 599 1
19 612 1
19 681 1
19 695 1
19 853 1
19 854 1
19 982 1
20 21 1
20 32 1
20 36 1
20 51 1
20 70 1
20 76 1
20 154 1
20 191 1
20 219 1
20 251 1
20 299 1
20 319 1
20 425 1
20 451 1
20 459 1
20 566 1
20 731 1
20 798 1
20 909 1
20 912 1
20 1039 1
20 1059 1
21 26 1
21 33 1
21 45 1
21 49 1
21 53 1
21 68 1
21 74 1
21 77 1
21 79 1
21 81 1
21 96 1
21 97 1
21 109 1
21 117 1
21 134 1
21 178 1
21 229 1
21 266 1
21 273 1
21 282 1
21 284 1
21 304 1
21 309 1
21 313 1
21 330 1
21 336 1
21 346 1
21 373 1
21 376 1
21 400 1
21 403 1
21 425 1
21 440 1
21 459 1
21 490 1
21 493 1
21 582 1
21 643 1
21 667 1
21 680 1
21 705 1
21 739 1
21 759 1
21 821 1
21 844 1
21 848 1
21 864 1
21 866 1
21 893 1
21 898 1
21 913 1
21 973 1
21 1018 1
21 1034 1
22 49 1
22 95 1
22 119 1
22 155 1
22 168 1
22 189 1
22 227 1
22 269 1
22 312 1
22 324 1
22 367 1
22 421 1
22 510 1
22 528 1
22 578 1
22 657 1
22 662 1
22 878 1
22 973 1
22 1094 1
23 41 1
23 77 1
23 81 1
23 82 1
23 115 1
23 141 1
23 149 1
23 168 1
23 196 1
23 246 1
23 260 1
23 286 1
23 339 1
23 377 1
23 415 1
23 445 1
23 447 1
23 460 1
23 480 1
23 513 1
23 514 1
23 681 1
23 703 1
23 833 1
24 188 1
24 198 1
24 208 1
24 380 1
24 651 1
24 684 1
24 723 1
24 961 1
24 1040 1
25 29 1
25 40 1
25 50 1
25 59 1
25 96 1
25 113 1
25 126 1
25 152 1
25 159 1
25 262 1
25 277 1
25 330 1
25 371 1
25 410 1
25 430 1
25 436 1
25 439 1
25 484 1
25 532 1
25 559 1
25 646 1
25 682 1
25 794 1
25 843 1
25 911 1
26 28 1
26 35 1
26 37 1
26 45 1
26 48 1
26 58 1
26 61 1
26 64 1
26 97 1
26 102 1
26 110 1
26 118 1
26 150 1
26 171 1
26 183 1
26 184 1
26 210 1
26 221 1
26 261 1
26 363 1
26 421 1
26 457 1
26 529 1
26 541 1
26 556 1
26 595 1
26 622 1
26 627 1
26 631 1
26 654 1
26 772 1
26 857 1
26 865 1
26 869 1
26 891 1
26 921 1
26 1056 1
26 1068 1
27 31 1
27 47 1
27 48 1
27 71 1
27 72 1
27 78 1
27 98 1
27 117 1
27 132 1
27 186 1
27 212 1
27 239 1
27 262 1
27 280 1
27 283 1
27 287 1
27 300 1
27 361 1
27 389 1
27 404 1
27 497 1
27 552 1
27 569 1
27 574 1
27 631 1
27 634 1
27 655 1
27 656 1
27 751 1
27 758 1
27 774 1
27 789 1
27 815 1
27 862 1
27 927 1
27 939 1
27 991 1
27 1050 1
27 1060 1
27 1074 1
27 1098 1
28 31 1
28 52 1
28 55 1
28 111 1
28 153 1
28 162 1
28 205 1
28 228 1
28 277 1
28 289 1
28 292 1
28 297 1
28 311 1
28 365 1
28 367 1
28 408 1
28 426 1
28 432 1
28 466 1
28 482 1
28 597 1
28 607 1
28 729 1
28 746 1
28 813 1
28 904 1
28 1012 1
28 1072 1
28 1095 1
29 32 1
29 37 1
29 46 1
29 54 1
29 56 1
29 59 1
29 61 1
29 73 1
29 112 1
29 113 1
29 116 1
29 153 1
29 231 1
29 274 1
29 290 1
29 301 1
29 306 1
29 310 1
29 324 1
29 397 1
29 427 1
29 446 1
29 480 1
29 543 1
29 565 1
29 616 1
29 634 1
29 714 1
29 751 1
29 830 1
29 834 1
29 837 1
29 843 1
29 873 1
29 901 1
29 955 1
29 1014 1
29 1021 1
30 43 1
30 47 1
30 73 1
30 79 1
30 84 1
30 87 1
30 102 1
30 121 1
30 195 1
30 214 1
30 270 1
30 284 1
30 336 1
30 339 1
30 400 1
30 408 1
30 433 1
30 456 1
30 605 1
30 663 1
30 679 1
30 722 1
30 810 1
30 824 1
30 869 1
30 1073 1
31 88 1
31 175 1
31 205 1
31 258 1
31 272 1
31 303 1
31 422 1
31 642 1
31 707 1
31 752 1
31 1053 1
32 79 1
32 101 1
32 169 1
32 201 1
32 225 1
32 288 1
32 305 1
32 411 1
32 524 1
32 1011 1
32 1093 1
33 35 1
33 36 1
33 69 1
33 83 1
33 101 1
33 104 1
33 124 1
33 212 1
33 222 1
33 225 1
33 233 1
33 240 1
33 244 1
33 278 1
33 292 1
33 307 1
33 323 1
33 393 1
33 401 1
33 412 1
33 417 1
33 495 1
33 539 1
33 611 1
33 618 1
33 626 1
33 655 1
33 869 1
33 886 1
33 891 1
33 917 1
33 918 1
33 941 1
33 1032 1
33 1075 1
34 75 1
34 78 1
34 101 1
34 102 1
34 144 1
34 160 1
34 172 1
34 179 1
34 180 1
34 249 1
34 267 1
34 402 1
34 496 1
34 547 1
34 732 1
34 784 1
34 867 1
35 56 1
35 121 1
35 171 1
35 274 1
35 281 1
35 901 1
36 39 1
36 67 1
36 85 1
36 95 1
36 110 1
36 131 1
36 144 1
36 158 1
36 186 1
36 210 1
36 217 1
36 219 1
36 233 1
36 252 1
36 272 1
36 380 1
36 588 1
36 629 1
36 639 1
36 701 1
36 938 1
36 950 1
36 964 1
36 988 1
36 1029 1
36 1033 1
37 53 1
37 65 1
37 551 1
37 786 1
38 192 1
38 244 1
38 255 1
38 329 1
38 372 1
38 409 1
38 511 1
38 668 1
38 731 1
38 832 1
38 1031 1
39 44 1
39 54 1
39 55 1
39 59 1
39 66 1
39 72 1
39 80 1
39 114 1
39 119 1
39 123 1
39 174 1
39 201 1
39 205 1
39 212 1
39 231 1
39 295 1
39 302 1
39 319 1
39 399 1
39 416 1
39 453 1
39 467 1
39 497 1
39 501 1
39 590 1
39 614 1
39 621 1
39 729 1
39 756 1
39 761 1
39 854 1
39 870 1
39 895 1
39 899 1
39 920 1
39 978 1
39 1012 1
39 1051 1
40 67 1
40 84 1
40 306 1
40 319 1
40 322 1
40 372 1
40 456 1
40 837 1
40 1013 1
41 51 1
41 52 1
41 57 1
41 62 1
41 78 1
41 125 1
41 134 1
41 163 1
41 165 1
41 173 1
41 307 1
41 308 1
41 331 1
41 350 1
41 355 1
41 360 1
41 416 1
41 418 1
41 436 1
41 470 1
41 485 1
41 543 1
41 555 1
41 563 1
41 633 1
41 721 1
41 764 1
41 786 1
41 905 1
41 925 1
41 994 1
41 1099 1
41 1100 1
42 50 1
42 52 1
42 383 1
42 488 1
42 554 1
42 589 1
42 715 1
42 990 1
43 57 1
43 69 1
43 122 1
43 159 1
43 166 1
43 230 1
43 318 1
43 511 1
43 520 1
43 566 1
43 572 1
43 610 1
43 718 1
43 776 1
43 805 1
43 817 1
43 830 1
43 898 1
44 71 1
44 84 1
44 103 1
44 107 1
44 110 1
44 125 1
44 130 1
44 172 1
44 183 1
44 243 1
44 246 1
44 287 1
44 288 1
44 366 1
44 403 1
44 450 1
44 586 1
44 600 1
44 604 1
44 641 1
44 697 1
44 708 1
44 828 1
44 839 1
44 945 1
45 65 1
45 220 1
45 243 1
45 287 1
45 394 1
45 442 1
45 454 1
45 822 1
45 970 1
45 1018 1
45 1062 1
46 50 1
46 51 1
46 60 1
46 66 1
46 82 1
46 93 1
46 102 1
46 115 1
46 168 1
46 174 1
46 204 1
46 222 1
46 234 1
46 254 1
46 265 1
46 320 1
46 353 1
46 357 1
46 385 1
46 401 1
46 424 1
46 514 1
46 516 1
46 550 1
46 559 1
46 570 1
46 776 1
46 992 1
46 1027 1
46 1096 1
47 89 1
47 126 1
47 165 1
47 172 1
47 300 1
47 343 1
47 376 1
47 489 1
47 491 1
47 498 1
47 558 1
47 721 1
47 789 1
48 62 1
48 230 1
48 261 1
48 401 1
48 453 1
48 562 1
48 609 1
48 770 1
48 815 1
48 835 1
48 859 1
48 880 1
48 920 1
48 1043 1
48 1077 1
48 1084 1
48 1087 1
49 61 1
49 109 1
49 118 1
49 129 1
49 141 1
49 173 1
49 196 1
49 292 1
49 458 1
49 591 1
49 691 1
49 836 1
49 978 1
49 1024 1
49 1033 1
49 1091 1
49 1092 1
49 1099 1
50 113 1
50 138 1
50 252 1
50 259 1
50 291 1
50 420 1
50 436 1
50 442 1
50 495 1
50 537 1
50 610 1
50 778 1
50 845 1
50 902 1
50 1081 1
50 1085 1
51 122 1
51 130 1
51 136 1
51 142 1
51 148 1
51 281 1
51 410 1
51 518 1
51 564 1
51 796 1
51 828 1
51 851 1
51 1004 1
51 1045 1
52 55 1
52 56 1
52 108 1
52 121 1
52 159 1
52 208 1
52 216 1
52 412 1
52 491 1
52 635 1
52 657 1
52 833 1
53 74 1
53 138 1
53 139 1
53 187 1
53 213 1
53 229 1
53 266 1
53 304 1
53 312 1
53 329 1
53 334 1
53 358 1
53 570 1
53 691 1
53 963 1
53 1088 1
54 63 1
54 99 1
54 166 1
54 180 1
54 241 1
54 249 1
54 258 1
54 270 1
54 277 1
54 619 1
54 779 1
54 941 1
54 964 1
54 1002 1
54 1088 1
55 75 1
55 80 1
55 115 1
55 508 1
56 91 1
56 134 1
56 215 1
56 352 1
56 359 1
56 429 1
56 515 1
56 672 1
56 821 1
56 1014 1
57 79 1
57 141 1
57 200 1
57 288 1
57 300 1
57 322 1
57 325 1
57 353 1
57 371 1
57 378 1
57 624 1
57 661 1
57 674 1
57 771 1
57 914 1
57 1071 1
58 322 1
59 135 1
59 153 1
59 169 1
59 178 1
59 179 1
59 232 1
59 379 1
59 404 1
59 740 1
59 752 1
59 815 1
59 995 1
59 1052 1
60 93 1
60 249 1
60 331 1
60 342 1
60 614 1
60 626 1
60 924 1
60 969 1
60 1001 1
60 1062 1
61 96 1
61 104 1
61 124 1
61 193 1
61 219 1
61 224 1
61 303 1
61 354 1
61 414 1
61 553 1
61 561 1
61 637 1
61 686 1
61 713 1
61 763 1
61 778 1
61 845 1
61 1014 1
62 329 1
62 733 1
62 1033 1
62 1085 1
63 86 1
63 94 1
63 161 1
63 198 1
63 255 1
63 379 1
63 460 1
63 481 1
63 490 1
63 577 1
63 651 1
63 765 1
64 95 1
64 120 1
64 157 1
64 206 1
64 307 1
64 539 1
64 598 1
64 661 1
64 725 1
65 85 1
65 92 1
65 112 1
65 118 1
65 180 1
65 192 1
65 228 1
65 241 1
65 243 1
65 268 1
65 394 1
65 470 1
65 544 1
65 767 1
65 801 1
65 868 1
66 67 1
66 76 1
66 613 1
66 951 1
66 1047 1
67 97 1
67 128 1
67 156 1
67 234 1
67 279 1
67 338 1
67 383 1
67 398 1
67 435 1
67 443 1
67 473 1
67 689 1
67 1066 1
68 129 1
68 138 1
68 190 1
68 206 1
68 231 1
68 343 1
68 434 1
68 567 1
68 793 1
68 855 1
68 862 1
68 1000 1
68 1053 1
69 234 1
69 240 1
69 352 1
69 435 1
69 642 1
69 664 1
69 702 1
70 77 1
70 133 1
70 162 1
70 199 1
70 202 1
70 251 1
70 322 1
70 402 1
70 494 1
70 549 1
70 994 1
70 1021 1
71 105 1
71 221 1
71 228 1
71 450 1
71 922 1
71 1096 1
72 76 1
72 83 1
72 85 1
72 96 1
72 98 1
72 112 1
72 119 1
72 126 1
72 128 1
72 163 1
72 174 1
72 264 1
72 265 1
72 294 1
72 358 1
72 373 1
72 393 1
72 429 1
72 461 1
72 533 1
72 659 1
72 688 1
72 713 1
72 743 1
72 756 1
72 885 1
73 87 1
73 132 1
73 139 1
73 154 1
73 158 1
73 211 1
73 254 1
73 388 1
73 505 1
73 574 1
73 869 1
73 1039 1
74 84 1
74 92 1
74 101 1
74 142 1
74 185 1
74 266 1
74 310 1
74 311 1
74 324 1
74 341 1
74 414 1
74 439 1
74 601 1
74 668 1
74 711 1
74 718 1
74 738 1
74 739 1
74 745 1
74 816 1
74 887 1
74 901 1
74 960 1
74 979 1
74 1019 1
74 1044 1
75 86 1
75 211 1
75 247 1
75 306 1
75 508 1
75 824 1
75 850 1
76 493 1
76 603 1
76 618 1
76 871 1
76 874 1
77 88 1
77 108 1
77 114 1
77 117 1
77 148 1
77 170 1
77 190 1
77 247 1
77 398 1
77 406 1
77 427 1
77 568 1
77 947 1
77 957 1
77 1031 1
78 226 1
78 280 1
78 318 1
78 327 1
78 337 1
78 367 1
78 529 1
78 627 1
78 775 1
78 780 1
78 866 1
78 916 1
78 967 1
78 980 1
78 984 1
78 1078 1
79 86 1
79 125 1
79 136 1
79 568 1
79 663 1
79 677 1
79 724 1
79 729 1
80 130 1
80 176 1
80 338 1
80 463 1
80 630 1
80 984 1
81 89 1
81 125 1
81 142 1
81 190 1
81 251 1
81 470 1
81 545 1
81 639 1
81 693 1
81 850 1
81 984 1
82 120 1
82 135 1
82 181 1
82 215 1
82 217 1
82 430 1
82 730 1
82 733 1
82 825 1
82 936 1
83 99 1
83 146 1
83 178 1
83 188 1
83 211 1
83 268 1
83 389 1
83 455 1
83 664 1
83 989 1
84 139 1
84 241 1
84 336 1
84 420 1
84 468 1
84 500 1
84 584 1
84 628 1
84 800 1
84 943 1
85 93 1
85 131 1
85 145 1
85 150 1
85 181 1
85 204 1
85 213 1
85 257 1
85 279 1
85 289 1
85 293 1
85 380 1
85 424 1
85 471 1
85 512 1
85 614 1
85 629 1
85 658 1
85 678 1
85 757 1
85 783 1
85 816 1
85 823 1
85 837 1
85 917 1
85 931 1
85 954 1
85 1087 1
86 137 1
86 140 1
86 326 1
86 459 1
86 538 1
86 572 1
86 748 1
87 153 1
87 254 1
87 315 1
87 980 1
88 452 1
88 509 1
89 203 1
89 527 1
90 151 1
90 200 1
90 202 1
90 299 1
90 360 1
90 587 1
90 650 1
90 1048 1
91 97 1
91 98 1
91 250 1
91 333 1
91 396 1
91 523 1
91 527 1
91 537 1
91 602 1
91 611 1
91 1007 1
92 107 1
92 129 1
92 166 1
92 217 1
92 302 1
92 317 1
92 345 1
92 380 1
92 392 1
92 499 1
92 599 1
92 697 1
92 706 1
92 883 1
92 892 1
92 960 1
93 116 1
93 161 1
93 226 1
93 249 1
93 455 1
93 858 1
93 962 1
94 107 1
94 120 1
94 145 1
94 213 1
94 218 1
94 265 1
94 307 1
94 347 1
94 458 1
94 612 1
94 704 1
94 788 1
94 890 1
94 946 1
94 969 1
94 1078 1
95 182 1
95 199 1
95 235 1
95 385 1
95 981 1
96 143 1
96 203 1
96 323 1
96 363 1
96 464 1
96 902 1
97 156 1
97 161 1
97 254 1
97 398 1
97 573 1
97 709 1
97 786 1
97 809 1
97 893 1
97 915 1
97 923 1
97 959 1
98 106 1
98 114 1
98 273 1
98 274 1
98 357 1
98 540 1
98 674 1
98 872 1
99 124 1
99 149 1
99 196 1
99 204 1
99 226 1
99 286 1
99 413 1
99 416 1
99 768 1
99 866 1
99 903 1
99 917 1
100 154 1
100 194 1
100 203 1
100 220 1
100 223 1
100 275 1
100 369 1
100 403 1
100 432 1
100 468 1
100 503 1
100 615 1
100 687 1
100 854 1
100 859 1
100 933 1
100 1047 1
100 1086 1
101 185 1
101 271 1
101 278 1
101 777 1
101 820 1
101 872 1
101 931 1
101 1027 1
102 109 1
102 114 1
102 419 1
102 472 1
102 516 1
102 601 1
102 802 1
102 847 1
103 177 1
103 223 1
103 311 1
103 513 1
103 897 1
103 906 1
104 143 1
104 147 1
104 175 1
104 189 1
104 323 1
104 422 1
104 544 1
104 626 1
104 899 1
104 1077 1
105 121 1
105 148 1
105 165 1
105 167 1
105 382 1
105 411 1
105 444 1
105 469 1
105 544 1
105 567 1
105 662 1
105 875 1
105 965 1
106 127 1
106 130 1
106 163 1
106 207 1
106 304 1
106 372 1
106 375 1
106 425 1
106 434 1
106 452 1
106 492 1
106 493 1
106 535 1
106 581 1
106 616 1
106 635 1
106 723 1
106 748 1
106 753 1
106 780 1
106 811 1
106 842 1
106 847 1
106 877 1
106 970 1
106 998 1
106 1026 1
106 1039 1
106 1079 1
107 137 1
107 355 1
107 707 1
107 757 1
107 880 1
108 144 1
108 159 1
108 185 1
108 290 1
108 594 1
108 754 1
108 1045 1
109 164 1
109 222 1
109 223 1
109 279 1
109 283 1
109 490 1
109 799 1
109 848 1
109 1075 1
110 167 1
110 262 1
110 348 1
110 460 1
110 471 1
110 554 1
110 605 1
110 687 1
110 791 1
110 795 1
110 921 1
110 938 1
111 390 1
111 504 1
111 528 1
111 562 1
111 797 1
112 199 1
112 232 1
112 354 1
112 446 1
112 521 1
112 658 1
113 116 1
113 118 1
113 133 1
113 152 1
113 175 1
113 273 1
113 275 1
113 333 1
113 341 1
113 370 1
113 414 1
113 607 1
113 635 1
113 807 1
113 810 1
113 827 1
114 208 1
114 301 1
114 312 1
114 459 1
114 595 1
115 128 1
115 137 1
115 305 1
115 325 1
115 422 1
115 636 1
115 951 1
115 1029 1
116 131 1
116 151 1
116 152 1
116 177 1
116 197 1
116 203 1
116 210 1
116 267 1
116 333 1
116 362 1
116 396 1
116 487 1
116 501 1
116 594 1
116 601 1
116 770 1
116 798 1
116 840 1
116 919 1
116 1010 1
117 136 1
117 308 1
117 477 1
117 495 1
117 772 1
118 133 1
118 160 1
118 171 1
118 192 1
118 244 1
118 251 1
118 270 1
118 311 1
118 368 1
118 467 1
118 533 1
118 549 1
118 561 1
118 607 1
118 748 1
118 1003 1
119 165 1
119 182 1
119 285 1
119 335 1
119 340 1
119 348 1
119 692 1
119 712 1
119 814 1
119 920 1
119 1070 1
119 1098 1
120 358 1
120 479 1
120 704 1
121 147 1
121 236 1
121 297 1
121 506 1
121 739 1
122 135 1
122 155 1
122 279 1
122 297 1
122 629 1
122 962 1
122 1054 1
122 1066 1
123 141 1
123 256 1
123 309 1
123 474 1
123 503 1
123 667 1
123 680 1
123 1002 1
123 1090 1
124 127 1
124 132 1
124 184 1
124 193 1
124 207 1
124 211 1
124 218 1
124 236 1
124 259 1
124 262 1
124 286 1
124 297 1
124 302 1
124 328 1
124 347 1
124 356 1
124 399 1
124 545 1
124 570 1
124 743 1
124 746 1
124 769 1
124 943 1
124 959 1
124 1076 1
125 151 1
125 161 1
125 166 1
125 184 1
125 234 1
125 248 1
125 310 1
125 314 1
125 316 1
125 375 1
125 378 1
125 395 1
125 397 1
125 505 1
125 526 1
125 562 1
125 646 1
125 971 1
127 276 1
127 328 1
127 1053 1
127 1068 1
128 156 1
128 445 1
128 597 1
128 974 1
128 1093 1
129 261 1
129 361 1
129 606 1
129 644 1
129 647 1
129 715 1
129 775 1
129 796 1
129 846 1
130 840 1
131 309 1
131 411 1
131 532 1
131 625 1
131 955 1
131 997 1
131 1019 1
132 140 1
132 229 1
132 239 1
132 366 1
132 387 1
132 438 1
132 453 1
132 560 1
132 568 1
132 577 1
132 719 1
132 787 1
132 829 1
132 965 1
132 982 1
132 994 1
132 1097 1
133 218 1
133 221 1
133 232 1
133 469 1
133 651 1
133 959 1
134 559 1
134 699 1
134 732 1
134 1099 1
135 370 1
136 214 1
136 238 1
136 252 1
136 312 1
136 382 1
136 397 1
136 440 1
136 441 1
136 498 1
136 518 1
136 553 1
136 653 1
136 782 1
136 904 1
136 949 1
136 951 1
136 1065 1
137 232 1
137 372 1
137 478 1
137 520 1
137 784 1
137 871 1
137 1001 1
138 298 1
138 384 1
138 406 1
139 510 1
139 583 1
139 745 1
139 971 1
140 142 1
140 157 1
140 173 1
140 245 1
140 409 1
140 448 1
140 648 1
140 795 1
141 187 1
141 230 1
141 483 1
141 643 1
141 855 1
142 378 1
143 344 1
143 416 1
143 418 1
143 453 1
143 470 1
143 630 1
143 639 1
143 649 1
143 653 1
143 844 1
143 922 1
143 975 1
143 997 1
143 1018 1
143 1065 1
143 1086 1
144 285 1
144 589 1
145 199 1
145 225 1
145 411 1
145 435 1
145 517 1
145 591 1
145 950 1
145 1002 1
146 275 1
146 334 1
146 463 1
146 508 1
146 586 1
146 611 1
146 664 1
146 774 1
146 907 1
146 1055 1
146 1097 1
147 216 1
147 875 1
147 985 1
147 1016 1
148 522 1
148 1047 1
149 204 1
149 206 1
149 216 1
149 315 1
149 331 1
149 346 1
149 382 1
149 388 1
149 413 1
149 484 1
149 624 1
149 638 1
149 672 1
149 709 1
149 757 1
150 157 1
150 374 1
150 565 1
150 742 1
150 825 1
150 936 1
150 953 1
150 996 1
151 238 1
151 330 1
151 548 1
151 840 1
152 302 1
152 407 1
152 426 1
152 452 1
152 579 1
152 632 1
153 374 1
153 464 1
154 194 1
154 299 1
154 684 1
154 715 1
154 904 1
154 909 1
155 158 1
155 197 1
155 202 1
155 212 1
155 264 1
155 276 1
155 295 1
155 433 1
155 463 1
155 493 1
155 536 1
155 640 1
155 776 1
155 860 1
155 877 1
155 953 1
155 1094 1
156 399 1
156 942 1
157 176 1
157 754 1
157 807 1
157 944 1
158 194 1
158 291 1
158 360 1
158 407 1
158 476 1
158 857 1
159 177 1
159 200 1
159 557 1
159 636 1
160 163 1
160 183 1
160 233 1
160 299 1
160 337 1
160 565 1
160 660 1
160 788 1
160 989 1
161 206 1
161 263 1
161 857 1
161 927 1
162 238 1
162 358 1
162 482 1
162 1007 1
163 183 1
163 233 1
163 285 1
163 321 1
163 362 1
163 377 1
163 446 1
163 651 1
163 744 1
163 777 1
163 928 1
163 1026 1
163 1075 1
164 209 1
164 603 1
164 894 1
164 900 1
164 956 1
165 185 1
165 248 1
165 346 1
165 604 1
165 755 1
165 803 1
166 169 1
166 177 1
166 227 1
166 292 1
166 430 1
166 678 1
166 985 1
167 229 1
167 230 1
167 465 1
167 593 1
167 641 1
167 903 1
168 364 1
168 431 1
168 844 1
168 1021 1
168 1040 1
169 172 1
169 202 1
169 214 1
169 226 1
169 239 1
169 258 1
169 496 1
169 696 1
169 720 1
169 770 1
169 777 1
169 825 1
170 237 1
170 274 1
170 284 1
170 397 1
170 406 1
170 421 1
170 865 1
170 1005 1
171 187 1
171 500 1
171 620 1
171 623 1
171 781 1
171 1042 1
172 208 1
172 218 1
172 239 1
172 258 1
172 266 1
172 318 1
172 482 1
172 513 1
172 696 1
172 739 1
172 764 1
172 861 1
172 908 1
172 964 1
172 972 1
173 289 1
173 663 1
173 932 1
174 231 1
174 701 1
174 787 1
174 928 1
175 191 1
175 215 1
175 256 1
175 277 1
175 385 1
175 400 1
175 542 1
175 745 1
175 792 1
175 874 1
175 1022 1
176 315 1
176 384 1
176 581 1
176 704 1
176 1031 1
177 250 1
177 301 1
177 320 1
177 366 1
177 378 1
177 394 1
177 450 1
177 507 1
177 627 1
177 941 1
178 191 1
178 213 1
178 296 1
178 345 1
178 405 1
178 560 1
178 695 1
178 870 1
178 979 1
178 1050 1
179 272 1
179 419 1
179 429 1
179 548 1
179 830 1
179 928 1
180 250 1
180 374 1
180 534 1
180 541 1
180 727 1
180 782 1
180 809 1
180 817 1
180 1085 1
181 194 1
181 368 1
181 1043 1
181 1076 1
182 217 1
182 525 1
182 552 1
182 590 1
182 907 1
183 224 1
183 238 1
183 264 1
183 275 1
183 276 1
183 291 1
183 330 1
183 359 1
183 375 1
183 389 1
183 556 1
183 629 1
184 349 1
184 466 1
184 707 1
184 762 1
184 794 1
184 861 1
184 1030 1
185 259 1
185 387 1
185 437 1
185 684 1
185 695 1
185 735 1
185 915 1
185 935 1
186 264 1
186 284 1
186 321 1
186 391 1
186 431 1
186 504 1
186 521 1
186 527 1
186 555 1
186 683 1
186 830 1
186 1059 1
187 369 1
187 383 1
187 534 1
188 300 1
188 455 1
188 490 1
188 665 1
188 746 1
188 842 1
189 197 1
190 216 1
190 247 1
190 285 1
190 381 1
190 566 1
190 726 1
190 818 1
190 853 1
190 930 1
190 970 1
191 586 1
191 625 1
191 897 1
192 282 1
192 612 1
192 719 1
192 1038 1
193 242 1
193 332 1
193 650 1
193 777 1
194 223 1
194 353 1
194 441 1
194 696 1
194 798 1
194 913 1
194 1013 1
195 433 1
196 831 1
196 989 1
197 215 1
197 316 1
197 528 1
198 296 1
198 326 1
198 373 1
198 512 1
198 672 1
198 755 1
198 996 1
199 467 1
199 592 1
199 645 1
199 698 1
200 587 1
200 638 1
200 694 1
201 295 1
201 329 1
201 344 1
201 350 1
201 405 1
201 468 1
201 545 1
201 726 1
202 289 1
202 351 1
203 347 1
203 359 1
203 489 1
203 804 1
204 773 1
204 940 1
205 261 1
205 265 1
205 334 1
205 496 1
205 530 1
205 560 1
205 1088 1
206 961 1
207 263 1
207 342 1
207 352 1
207 363 1
207 780 1
207 930 1
207 998 1
208 235 1
208 448 1
208 676 1
208 749 1
209 480 1
209 734 1
210 227 1
210 305 1
210 313 1
210 355 1
210 440 1
210 569 1
210 571 1
210 639 1
210 760 1
211 760 1
211 810 1
211 950 1
212 462 1
212 550 1
212 618 1
212 925 1
213 341 1
213 364 1
213 560 1
213 973 1
214 319 1
214 362 1
214 557 1
214 727 1
214 930 1
214 1022 1
216 222 1
216 257 1
216 368 1
217 306 1
217 628 1
217 775 1
218 282 1
218 530 1
218 1008 1
219 248 1
219 332 1
220 227 1
220 475 1
220 614 1
221 242 1
221 253 1
221 316 1
221 373 1
221 705 1
221 735 1
221 871 1
221 1003 1
222 527 1
222 589 1
222 729 1
223 294 1
223 382 1
223 434 1
223 450 1
223 491 1
223 619 1
223 735 1
223 982 1
223 1090 1
224 352 1
224 381 1
224 525 1
224 894 1
225 243 1
225 514 1
225 648 1
225 660 1
225 1037 1
225 1094 1
226 320 1
226 507 1
226 655 1
226 885 1
226 980 1
227 387 1
228 454 1
228 640 1
228 766 1
228 854 1
228 979 1
229 235 1
229 263 1
229 267 1
229 351 1
229 462 1
229 517 1
229 533 1
229 735 1
229 761 1
231 374 1
231 1071 1
232 673 1
232 888 1
232 987 1
233 340 1
233 502 1
233 850 1
233 872 1
234 334 1
234 765 1
234 855 1
235 364 1
235 568 1
235 1070 1
236 248 1
236 304 1
236 488 1
236 506 1
236 507 1
236 524 1
236 535 1
236 538 1
236 559 1
236 666 1
236 847 1
237 293 1
237 750 1
237 763 1
237 835 1
238 241 1
238 336 1
238 609 1
239 414 1
239 497 1
239 536 1
239 966 1
239 992 1
240 404 1
240 456 1
240 690 1
240 1090 1
241 687 1
241 895 1
241 1004 1
241 1073 1
242 418 1
242 807 1
242 961 1
243 356 1
243 390 1
243 517 1
243 929 1
244 388 1
244 649 1
244 893 1
244 929 1
244 1055 1
245 253 1
245 282 1
245 473 1
245 640 1
245 648 1
245 664 1
245 689 1
245 705 1
245 708 1
245 798 1
245 845 1
245 846 1
246 464 1
246 671 1
246 699 1
246 723 1
246 790 1
246 1025 1
247 566 1
247 675 1
247 818 1
247 968 1
248 256 1
248 498 1
248 546 1
248 935 1
249 327 1
249 722 1
250 278 1
250 409 1
250 454 1
250 521 1
250 534 1
250 540 1
250 613 1
250 710 1
250 868 1
250 1041 1
251 539 1
252 570 1
254 427 1
254 442 1
254 781 1
254 790 1
255 396 1
255 1024 1
256 396 1
256 449 1
256 823 1
256 834 1
257 268 1
257 280 1
257 669 1
257 797 1
258 878 1
258 1074 1
259 550 1
259 836 1
259 1015 1
260 294 1
260 391 1
260 692 1
260 706 1
260 767 1
260 933 1
261 278 1
261 702 1
262 356 1
262 376 1
262 888 1
263 853 1
263 882 1
264 316 1
264 386 1
264 548 1
264 742 1
265 554 1
265 772 1
265 936 1
266 354 1
266 732 1
267 308 1
267 326 1
267 379 1
267 428 1
267 458 1
267 654 1
267 864 1
268 730 1
269 361 1
269 390 1
269 934 1
269 951 1
270 313 1
270 542 1
272 432 1
272 752 1
273 477 1
273 609 1
273 667 1
274 310 1
274 423 1
274 435 1
274 530 1
274 575 1
274 682 1
274 710 1
275 669 1
275 769 1
275 1049 1
276 283 1
276 393 1
276 502 1
276 602 1
276 935 1
277 474 1
277 532 1
277 625 1
277 792 1
278 361 1
278 407 1
278 426 1
278 741 1
278 806 1
278 1063 1
279 293 1
279 440 1
279 502 1
280 535 1
280 1046 1
281 432 1
281 491 1
281 891 1
281 903 1
281 1096 1
282 585 1
282 756 1
282 906 1
283 476 1
283 862 1
283 910 1
283 938 1
283 1070 1
284 919 1
285 386 1
285 939 1
285 956 1
285 1020 1
286 444 1
286 553 1
286 594 1
286 662 1
286 675 1
286 699 1
286 969 1
287 381 1
287 949 1
287 1041 1
288 617 1
288 689 1
288 717 1
288 755 1
288 811 1
290 296 1
290 419 1
290 594 1
290 646 1
290 681 1
290 806 1
291 473 1
291 556 1
291 617 1
291 622 1
291 807 1
291 827 1
292 386 1
293 296 1
293 424 1
293 587 1
293 870 1
293 932 1
293 940 1
294 303 1
294 434 1
294 574 1
294 578 1
294 697 1
295 626 1
295 637 1
296 328 1
296 421 1
296 423 1
296 466 1
296 604 1
296 708 1
296 757 1
296 1014 1
297 309 1
297 928 1
298 401 1
298 520 1
298 572 1
298 649 1
298 655 1
298 754 1
299 335 1
299 362 1
299 391 1
299 425 1
299 437 1
299 647 1
299 674 1
299 1019 1
300 377 1
300 1056 1
300 1062 1
301 615 1
301 652 1
301 731 1
302 444 1
302 544 1
303 350 1
303 410 1
303 480 1
303 535 1
303 584 1
303 598 1
303 865 1
303 948 1
304 472 1
304 501 1
304 565 1
304 577 1
304 636 1
304 880 1
304 881 1
305 959 1
306 327 1
306 465 1
306 625 1
306 631 1
306 670 1
307 531 1
307 575 1
307 873 1
308 338 1
308 415 1
308 492 1
308 564 1
309 327 1
309 337 1
309 389 1
309 643 1
309 703 1
309 753 1
309 759 1
309 856 1
310 547 1
310 1012 1
311 573 1
311 790 1
311 846 1
311 911 1
312 359 1
312 454 1
312 647 1
312 1058 1
313 475 1
313 609 1
313 693 1
313 801 1
313 879 1
314 749 1
315 966 1
316 455 1
316 811 1
316 887 1
317 385 1
317 461 1
317 496 1
317 500 1
317 621 1
317 683 1
317 848 1
317 913 1
317 1044 1
318 345 1
318 484 1
318 520 1
318 547 1
318 616 1
318 688 1
318 700 1
319 732 1
320 615 1
321 488 1
321 642 1
321 958 1
321 974 1
322 844 1
322 859 1
323 351 1
323 531 1
323 600 1
324 541 1
324 624 1
324 692 1
324 820 1
324 1052 1
325 445 1
325 537 1
325 563 1
325 582 1
325 632 1
327 856 1
327 954 1
327 1011 1
329 489 1
329 504 1
330 341 1
330 524 1
330 561 1
330 583 1
330 656 1
330 662 1
330 714 1
330 721 1
330 778 1
330 1051 1
331 348 1
331 399 1
331 525 1
331 605 1
331 925 1
332 486 1
332 564 1
332 573 1
332 696 1
332 832 1
332 862 1
332 905 1
332 931 1
332 1063 1
333 357 1
333 606 1
333 645 1
333 1089 1
334 369 1
334 430 1
334 438 1
334 532 1
335 767 1
336 439 1
336 446 1
336 611 1
336 734 1
336 820 1
337 384 1
337 737 1
337 740 1
337 1018 1
338 339 1
338 433 1
338 443 1
338 483 1
338 546 1
338 623 1
338 715 1
338 859 1
338 873 1
338 973 1
338 1000 1
338 1034 1
339 552 1
339 695 1
339 709 1
339 724 1
340 343 1
340 386 1
340 403 1
340 419 1
340 424 1
340 431 1
340 608 1
340 787 1
340 965 1
340 968 1
340 991 1
341 832 1
342 492 1
342 684 1
342 697 1
342 836 1
342 1080 1
343 417 1
343 776 1
344 576 1
344 887 1
345 988 1
345 991 1
345 1065 1
347 408 1
347 472 1
347 476 1
347 540 1
347 1027 1
348 387 1
348 438 1
348 465 1
348 471 1
348 575 1
348 644 1
348 722 1
348 730 1
348 821 1
348 829 1
348 831 1
348 843 1
348 884 1
348 1056 1
349 761 1
350 522 1
350 681 1
350 762 1
350 808 1
350 932 1
350 1022 1
350 1094 1
351 1028 1
352 360 1
352 404 1
352 675 1
352 748 1
352 1086 1
354 516 1
355 511 1
355 636 1
355 764 1
355 913 1
355 1079 1
356 768 1
356 775 1
356 784 1
358 582 1
360 579 1
360 650 1
361 660 1
361 806 1
362 391 1
362 437 1
362 808 1
362 891 1
362 1000 1
364 833 1
364 863 1
364 888 1
364 949 1
365 379 1
365 392 1
365 478 1
365 486 1
366 448 1
366 512 1
366 515 1
366 580 1
367 466 1
367 835 1
367 852 1
367 885 1
367 1082 1
368 712 1
368 993 1
369 632 1
369 841 1
370 899 1
371 400 1
371 428 1
371 486 1
371 510 1
371 620 1
371 658 1
371 700 1
371 816 1
371 955 1
372 478 1
372 485 1
372 608 1
372 728 1
372 788 1
373 652 1
373 701 1
373 746 1
373 752 1
373 821 1
373 907 1
374 492 1
374 509 1
374 596 1
374 679 1
374 738 1
374 1071 1
375 479 1
376 462 1
376 673 1
376 1051 1
377 445 1
377 474 1
377 519 1
377 536 1
377 657 1
377 826 1
377 841 1
377 898 1
377 957 1
377 999 1
377 1046 1
378 431 1
379 471 1
379 707 1
380 474 1
380 549 1
380 572 1
380 676 1
380 880 1
380 883 1
381 394 1
381 899 1
382 392 1
382 487 1
382 506 1
382 606 1
382 667 1
382 875 1
382 904 1
382 939 1
382 1023 1
383 515 1
383 603 1
383 884 1
383 965 1
385 417 1
385 451 1
385 753 1
385 1009 1
385 1013 1
386 956 1
387 595 1
389 971 1
389 1008 1
389 1093 1
390 596 1
391 592 1
391 645 1
391 743 1
391 822 1
391 892 1
391 1063 1
393 1049 1
394 592 1
394 740 1
395 769 1
397 677 1
398 717 1
398 890 1
399 452 1
399 835 1
400 477 1
400 521 1
401 460 1
401 653 1
401 718 1
401 827 1
401 1015 1
402 494 1
402 685 1
403 682 1
403 714 1
403 879 1
404 503 1
404 622 1
404 770 1
405 884 1
406 529 1
406 577 1
406 578 1
408 637 1
408 694 1
408 986 1
409 795 1
410 479 1
411 591 1
411 983 1
412 751 1
412 823 1
412 983 1
412 993 1
412 1034 1
413 528 1
413 779 1
414 449 1
414 702 1
414 782 1
414 966 1
415 451 1
415 805 1
415 882 1
415 935 1
417 799 1
418 420 1
418 423 1
418 426 1
418 489 1
418 596 1
418 652 1
418 703 1
420 811 1
421 1057 1
423 765 1
424 443 1
424 449 1
424 633 1
424 671 1
425 773 1
425 851 1
426 654 1
427 937 1
427 1069 1
428 749 1
428 907 1
428 1009 1
429 981 1
430 678 1
431 519 1
431 551 1
431 555 1
431 652 1
431 838 1
431 1050 1
432 449 1
433 436 1
433 583 1
433 764 1
433 918 1
435 562 1
435 638 1
435 698 1
435 822 1
435 865 1
436 439 1
436 590 1
436 911 1
436 918 1
436 941 1
437 817 1
437 890 1
439 561 1
439 660 1
439 970 1
440 515 1
440 582 1
440 587 1
440 726 1
440 794 1
440 894 1
440 906 1
441 498 1
442 547 1
442 694 1
442 779 1
442 819 1
442 1080 1
443 483 1
443 630 1
443 738 1
443 1081 1
444 465 1
444 563 1
444 944 1
445 924 1
445 1039 1
446 497 1
446 848 1
447 741 1
447 781 1
448 858 1
448 924 1
448 977 1
448 1081 1
449 679 1
450 462 1
450 523 1
450 588 1
450 600 1
450 619 1
450 669 1
450 910 1
450 952 1
450 1043 1
450 1061 1
451 478 1
453 457 1
453 860 1
453 1083 1
454 613 1
454 640 1
454 780 1
454 803 1
454 883 1
456 542 1
458 665 1
458 718 1
458 900 1
458 968 1
461 621 1
461 683 1
461 685 1
461 953 1
462 571 1
462 600 1
462 896 1
464 499 1
464 523 1
464 637 1
464 841 1
464 926 1
464 1080 1
465 670 1
465 831 1
466 726 1
466 741 1
467 507 1
467 608 1
467 933 1
468 506 1
468 702 1
468 806 1
468 826 1
468 858 1
470 545 1
470 635 1
470 868 1
472 539 1
474 593 1
474 646 1
474 818 1
474 923 1
474 948 1
474 1013 1
477 720 1
478 510 1
478 728 1
479 530 1
479 742 1
479 745 1
479 863 1
479 903 1
479 998 1
480 578 1
483 690 1
484 783 1
484 1036 1
485 607 1
485 861 1
485 1012 1
485 1069 1
486 620 1
486 758 1
486 791 1
487 783 1
487 795 1
487 881 1
487 1060 1
487 1061 1
488 546 1
489 548 1
490 563 1
490 796 1
491 719 1
491 981 1
492 698 1
492 760 1
492 888 1
492 1007 1
493 893 1
493 1072 1
494 710 1
494 736 1
494 1005 1
495 669 1
495 731 1
496 773 1
496 784 1
497 593 1
497 630 1
497 711 1
497 737 1
497 758 1
497 1032 1
498 816 1
498 866 1
499 631 1
499 1065 1
500 678 1
501 610 1
502 766 1
503 759 1
503 851 1
503 934 1
505 717 1
505 723 1
505 736 1
505 861 1
505 1061 1
506 972 1
507 744 1
507 1067 1
509 623 1
510 628 1
510 711 1
511 650 1
511 767 1
511 946 1
513 579 1
513 796 1
513 1058 1
514 580 1
514 730 1
514 817 1
514 905 1
514 932 1
514 1091 1
515 1070 1
516 608 1
516 621 1
516 671 1
516 814 1
517 522 1
518 801 1
518 834 1
518 896 1
520 685 1
520 800 1
520 996 1
520 1001 1
520 1049 1
521 534 1
521 619 1
521 624 1
521 758 1
521 793 1
522 589 1
522 700 1
522 789 1
522 995 1
523 569 1
523 689 1
523 920 1
523 945 1
525 805 1
525 958 1
526 725 1
526 1054 1
527 573 1
527 583 1
527 588 1
527 703 1
527 785 1
527 1078 1
528 788 1
528 1010 1
529 586 1
529 633 1
529 1016 1
531 644 1
532 676 1
532 728 1
532 1026 1
533 666 1
534 860 1
535 910 1
535 1067 1
536 663 1
536 686 1
536 839 1
536 895 1
537 571 1
538 750 1
539 557 1
539 617 1
539 744 1
540 571 1
541 612 1
541 894 1
542 953 1
543 677 1
544 698 1
545 1015 1
547 553 1
547 593 1
547 774 1
548 1046 1
550 581 1
550 628 1
550 657 1
551 661 1
551 747 1
552 819 1
554 1058 1
555 641 1
555 926 1
556 622 1
557 740 1
558 1040 1
559 585 1
559 977 1
561 801 1
562 643 1
565 666 1
565 901 1
566 1087 1
569 727 1
569 792 1
569 808 1
569 940 1
569 1009 1
569 1084 1
570 603 1
570 910 1
572 876 1
572 918 1
573 724 1
573 785 1
573 812 1
573 847 1
573 889 1
573 934 1
573 995 1
573 1099 1
575 666 1
575 785 1
575 875 1
576 881 1
579 787 1
580 673 1
580 1089 1
582 754 1
582 1028 1
585 947 1
586 632 1
586 686 1
586 810 1
587 708 1
587 1052 1
588 716 1
591 691 1
591 782 1
591 942 1
591 1079 1
592 839 1
592 1010 1
593 1097 1
594 1059 1
595 687 1
595 849 1
596 958 1
597 967 1
597 1030 1
599 1098 1
600 886 1
601 804 1
602 1075 1
603 670 1
603 1023 1
604 755 1
604 809 1
605 1064 1
606 685 1
606 699 1
607 675 1
608 727 1
611 912 1
611 949 1
615 799 1
616 926 1
617 769 1
619 642 1
619 912 1
619 954 1
619 1100 1
621 1100 1
623 790 1
624 850 1
624 992 1
624 1029 1
625 653 1
625 826 1
626 905 1
626 976 1
627 716 1
627 849 1
627 1033 1
628 690 1
629 896 1
632 1068 1
633 656 1
633 892 1
634 983 1
634 1053 1
634 1068 1
635 665 1
635 1036 1
639 659 1
642 668 1
644 1001 1
644 1032 1
645 700 1
646 701 1
647 677 1
647 688 1
647 813 1
649 750 1
649 1035 1
649 1040 1
651 733 1
651 799 1
652 890 1
653 943 1
654 747 1
655 934 1
656 815 1
657 1076 1
658 743 1
660 839 1
661 713 1
661 999 1
664 747 1
666 952 1
667 878 1
668 957 1
668 979 1
669 762 1
671 852 1
672 706 1
672 942 1
673 712 1
673 725 1
673 803 1
673 976 1
675 824 1
675 916 1
675 933 1
675 1092 1
676 968 1
677 829 1
677 982 1
677 986 1
677 990 1
679 986 1
680 1037 1
681 876 1
681 879 1
682 1043 1
682 1057 1
686 845 1
686 954 1
687 688 1
688 897 1
688 936 1
688 1060 1
688 1088 1
690 1064 1
692 785 1
692 1055 1
693 800 1
694 1037 1
698 825 1
698 1058 1
704 1029 1
705 952 1
705 1087 1
705 1097 1
706 1066 1
707 988 1
708 864 1
708 1081 1
709 771 1
709 1017 1
710 1096 1
711 712 1
711 889 1
711 1032 1
714 908 1
715 857 1
715 942 1
717 902 1
718 887 1
719 939 1
719 1007 1
721 980 1
724 1044 1
725 856 1
725 925 1
725 1054 1
726 781 1
726 885 1
729 937 1
730 1069 1
733 999 1
734 962 1
736 981 1
737 946 1
737 990 1
741 1035 1
742 786 1
742 820 1
742 924 1
743 1000 1
745 812 1
745 1054 1
746 827 1
747 1003 1
748 778 1
748 863 1
748 915 1
748 1035 1
751 886 1
752 1064 1
753 972 1
754 944 1
754 985 1
754 1016 1
755 1045 1
756 886 1
756 914 1
757 837 1
757 976 1
757 1008 1
757 1049 1
759 761 1
759 842 1
760 1006 1
760 1019 1
766 921 1
767 1072 1
767 1074 1
769 1026 1
772 789 1
772 916 1
772 1022 1
773 802 1
775 783 1
778 1006 1
779 950 1
779 1073 1
780 963 1
780 984 1
780 1095 1
781 802 1
781 987 1
781 995 1
781 1100 1
784 828 1
784 914 1
784 947 1
784 963 1
785 813 1
785 922 1
787 902 1
787 1082 1
790 937 1
792 997 1
792 1038 1
796 800 1
796 824 1
796 1025 1
801 983 1
802 1056 1
805 884 1
805 914 1
806 948 1
808 826 1
808 929 1
809 849 1
810 977 1
810 1082 1
812 840 1
812 977 1
815 833 1
821 926 1
825 969 1
826 876 1
829 945 1
830 1041 1
832 996 1
833 999 1
834 896 1
835 1057 1
836 1020 1
837 838 1
837 1020 1
841 992 1
841 1090 1
842 858 1
843 906 1
843 1083 1
847 976 1
849 963 1
850 1091 1
852 1085 1
858 975 1
861 908 1
861 1002 1
869 987 1
869 1003 1
871 940 1
873 1030 1
877 943 1
884 895 1
886 1024 1
888 889 1
888 938 1
891 927 1
894 1093 1
902 1006 1
905 967 1
908 955 1
911 1048 1
914 991 1
914 997 1
922 1015 1
922 1042 1
931 944 1
932 978 1
936 1017 1
936 1060 1
940 1009 1
940 1080 1
948 974 1
953 1086 1
954 993 1
959 967 1
965 1042 1
966 974 1
982 985 1
989 1076 1
990 1025 1
990 1044 1
990 1089 1
1000 1011 1
1001 1017 1
1003 1005 1
1009 1038 1
1012 1073 1
1019 1084 1
1023 1074 1
1025 1083 1
1025 1089 1
1030 1082 1
1032 1034 1
1038 1091 1
1052 1077 1
1056 1062 1
1060 1061 1
