1100 4381 
1 5 1
1 6 1
1 7 1
1 9 1
1 11 1
1 12 1
1 18 1
1 25 1
1 32 1
1 42 1
1 54 1
1 58 1
1 74 1
1 79 1
1 96 1
1 107 1
1 108 1
1 110 1
1 113 1
1 152 1
1 170 1
1 208 1
1 218 1
1 224 1
1 231 1
1 239 1
1 242 1
1 255 1
1 266 1
1 276 1
1 280 1
1 284 1
1 310 1
1 331 1
1 332 1
1 363 1
1 404 1
1 411 1
1 456 1
1 462 1
1 485 1
1 587 1
1 604 1
1 644 1
1 707 1
1 734 1
1 751 1
1 803 1
1 871 1
1 955 1
1 959 1
1 1007 1
1 1019 1
1 1039 1
1 1051 1
1 1055 1
1 1064 1
1 1089 1
1 1090 1
2 5 1
2 9 1
2 10 1
2 13 1
2 14 1
2 17 1
2 18 1
2 21 1
2 24 1
2 25 1
2 27 1
2 29 1
2 30 1
2 41 1
2 45 1
2 51 1
2 52 1
2 59 1
2 62 1
2 64 1
2 67 1
2 81 1
2 103 1
2 115 1
2 119 1
2 121 1
2 123 1
2 124 1
2 136 1
2 138 1
2 168 1
2 171 1
2 191 1
2 198 1
2 219 1
2 225 1
2 237 1
2 241 1
2 255 1
2 274 1
2 291 1
2 324 1
2 341 1
2 350 1
2 351 1
2 355 1
2 386 1
2 400 1
2 404 1
2 427 1
2 447 1
2 459 1
2 544 1
2 584 1
2 596 1
2 611 1
2 624 1
2 638 1
2 651 1
2 667 1
2 692 1
2 696 1
2 712 1
2 754 1
2 778 1
2 779 1
2 783 1
2 791 1
2 812 1
2 814 1
2 815 1
2 874 1
2 887 1
2 900 1
2 910 1
2 928 1
2 933 1
2 939 1
2 981 1
2 989 1
2 998 1
2 1070 1
3 5 1
3 6 1
3 18 1
3 22 1
3 33 1
3 35 1
3 62 1
3 68 1
3 98 1
3 118 1
3 195 1
3 231 1
3 264 1
3 297 1
3 304 1
3 309 1
3 314 1
3 327 1
3 356 1
3 365 1
3 384 1
3 387 1
3 404 1
3 445 1
3 460 1
3 471 1
3 511 1
3 554 1
3 566 1
3 577 1
3 578 1
3 604 1
3 854 1
3 1014 1
3 1024 1
3 1033 1
3 1099 1
4 5 1
4 6 1
4 7 1
4 8 1
4 10 1
4 20 1
4 25 1
4 26 1
4 33 1
4 40 1
4 43 1
4 44 1
4 51 1
4 52 1
4 61 1
4 73 1
4 87 1
4 91 1
4 95 1
4 97 1
4 101 1
4 110 1
4 120 1
4 128 1
4 136 1
4 162 1
4 163 1
4 172 1
4 175 1
4 203 1
4 254 1
4 301 1
4 310 1
4 323 1
4 383 1
4 419 1
4 434 1
4 438 1
4 454 1
4 474 1
4 480 1
4 481 1
4 485 1
4 486 1
4 493 1
4 494 1
4 511 1
4 565 1
4 590 1
4 606 1
4 687 1
4 749 1
4 773 1
4 806 1
4 825 1
4 872 1
4 879 1
4 902 1
4 907 1
4 991 1
4 1052 1
5 6 1
5 7 1
5 8 1
5 9 1
5 10 1
5 19 1
5 22 1
5 36 1
5 38 1
5 39 1
5 47 1
5 52 1
5 58 1
5 69 1
5 70 1
5 79 1
5 88 1
5 89 1
5 100 1
5 116 1
5 123 1
5 129 1
5 139 1
5 140 1
5 160 1
5 161 1
5 168 1
5 172 1
5 174 1
5 176 1
5 178 1
5 181 1
5 193 1
5 198 1
5 208 1
5 217 1
5 219 1
5 221 1
5 268 1
5 270 1
5 282 1
5 294 1
5 304 1
5 339 1
5 344 1
5 345 1
5 379 1
5 389 1
5 405 1
5 407 1
5 466 1
5 470 1
5 471 1
5 472 1
5 508 1
5 526 1
5 568 1
5 592 1
5 617 1
5 634 1
5 637 1
5 651 1
5 659 1
5 662 1
5 673 1
5 684 1
5 702 1
5 726 1
5 730 1
5 762 1
5 772 1
5 804 1
5 828 1
5 949 1
5 986 1
5 1027 1
5 1062 1
5 1076 1
6 8 1
6 11 1
6 17 1
6 18 1
6 22 1
6 23 1
6 27 1
6 29 1
6 31 1
6 38 1
6 39 1
6 40 1
6 46 1
6 54 1
6 59 1
6 60 1
6 63 1
6 64 1
6 72 1
6 74 1
6 81 1
6 82 1
6 87 1
6 88 1
6 91 1
6 98 1
6 106 1
6 116 1
6 120 1
6 122 1
6 123 1
6 133 1
6 134 1
6 137 1
6 139 1
6 140 1
6 141 1
6 147 1
6 151 1
6 161 1
6 167 1
6 188 1
6 190 1
6 201 1
6 202 1
6 206 1
6 213 1
6 216 1
6 251 1
6 264 1
6 267 1
6 272 1
6 281 1
6 289 1
6 306 1
6 312 1
6 322 1
6 337 1
6 357 1
6 363 1
6 371 1
6 414 1
6 426 1
6 437 1
6 447 1
6 456 1
6 479 1
6 484 1
6 495 1
6 502 1
6 525 1
6 533 1
6 543 1
6 546 1
6 550 1
6 559 1
6 568 1
6 576 1
6 594 1
6 602 1
6 620 1
6 629 1
6 658 1
6 664 1
6 665 1
6 685 1
6 722 1
6 735 1
6 770 1
6 840 1
6 843 1
6 852 1
6 853 1
6 854 1
6 861 1
6 865 1
6 871 1
6 898 1
6 938 1
6 968 1
6 980 1
6 988 1
6 1002 1
6 1025 1
6 1030 1
6 1035 1
6 1054 1
6 1057 1
6 1074 1
6 1085 1
6 1093 1
7 8 1
7 9 1
7 11 1
7 12 1
7 13 1
7 14 1
7 17 1
7 19 1
7 21 1
7 23 1
7 28 1
7 29 1
7 35 1
7 55 1
7 65 1
7 71 1
7 77 1
7 79 1
7 80 1
7 116 1
7 138 1
7 143 1
7 148 1
7 153 1
7 155 1
7 170 1
7 179 1
7 204 1
7 217 1
7 244 1
7 254 1
7 258 1
7 273 1
7 289 1
7 301 1
7 302 1
7 322 1
7 357 1
7 366 1
7 389 1
7 394 1
7 405 1
7 417 1
7 432 1
7 467 1
7 478 1
7 480 1
7 482 1
7 494 1
7 513 1
7 520 1
7 528 1
7 535 1
7 542 1
7 575 1
7 581 1
7 588 1
7 624 1
7 706 1
7 709 1
7 713 1
7 714 1
7 718 1
7 725 1
7 742 1
7 768 1
7 788 1
7 821 1
7 826 1
7 884 1
7 920 1
7 926 1
7 933 1
7 997 1
7 1004 1
7 1008 1
7 1073 1
8 12 1
8 26 1
8 38 1
8 57 1
8 73 1
8 75 1
8 94 1
8 141 1
8 151 1
8 159 1
8 186 1
8 194 1
8 243 1
8 313 1
8 330 1
8 403 1
8 409 1
8 531 1
8 573 1
8 639 1
8 700 1
8 717 1
8 754 1
8 791 1
8 804 1
8 832 1
8 948 1
8 1011 1
8 1036 1
9 10 1
9 11 1
9 12 1
9 13 1
9 14 1
9 15 1
9 16 1
9 26 1
9 30 1
9 31 1
9 32 1
9 34 1
9 36 1
9 47 1
9 49 1
9 56 1
9 57 1
9 60 1
9 63 1
9 64 1
9 65 1
9 66 1
9 68 1
9 70 1
9 71 1
9 72 1
9 76 1
9 77 1
9 80 1
9 81 1
9 83 1
9 87 1
9 90 1
9 92 1
9 99 1
9 102 1
9 103 1
9 104 1
9 120 1
9 127 1
9 132 1
9 145 1
9 157 1
9 163 1
9 166 1
9 168 1
9 179 1
9 180 1
9 189 1
9 193 1
9 215 1
9 225 1
9 230 1
9 234 1
9 239 1
9 250 1
9 266 1
9 283 1
9 295 1
9 324 1
9 327 1
9 343 1
9 353 1
9 358 1
9 376 1
9 388 1
9 392 1
9 405 1
9 407 1
9 413 1
9 417 1
9 420 1
9 449 1
9 498 1
9 513 1
9 532 1
9 533 1
9 541 1
9 558 1
9 564 1
9 570 1
9 580 1
9 585 1
9 593 1
9 596 1
9 611 1
9 615 1
9 627 1
9 628 1
9 653 1
9 656 1
9 663 1
9 675 1
9 683 1
9 701 1
9 705 1
9 720 1
9 736 1
9 743 1
9 746 1
9 763 1
9 769 1
9 771 1
9 786 1
9 790 1
9 803 1
9 848 1
9 857 1
9 868 1
9 869 1
9 887 1
9 910 1
9 914 1
9 952 1
9 963 1
9 965 1
9 985 1
9 988 1
9 1005 1
9 1009 1
9 1017 1
9 1041 1
9 1046 1
9 1062 1
9 1068 1
9 1077 1
10 14 1
10 15 1
10 19 1
10 39 1
10 44 1
10 47 1
10 53 1
10 56 1
10 57 1
10 67 1
10 70 1
10 78 1
10 85 1
10 93 1
10 147 1
10 157 1
10 158 1
10 180 1
10 181 1
10 182 1
10 200 1
10 205 1
10 211 1
10 218 1
10 255 1
10 262 1
10 263 1
10 296 1
10 315 1
10 332 1
10 356 1
10 361 1
10 379 1
10 435 1
10 450 1
10 492 1
10 531 1
10 538 1
10 561 1
10 587 1
10 593 1
10 613 1
10 622 1
10 664 1
10 716 1
10 734 1
10 745 1
10 751 1
10 775 1
10 781 1
10 786 1
10 802 1
10 810 1
10 887 1
10 901 1
10 905 1
10 1022 1
10 1086 1
10 1100 1
11 13 1
11 15 1
11 16 1
11 21 1
11 27 1
11 31 1
11 37 1
11 48 1
11 55 1
11 58 1
11 71 1
11 84 1
11 91 1
11 94 1
11 100 1
11 119 1
11 128 1
11 133 1
11 144 1
11 157 1
11 187 1
11 194 1
11 197 1
11 211 1
11 229 1
11 257 1
11 274 1
11 277 1
11 280 1
11 294 1
11 334 1
11 395 1
11 415 1
11 426 1
11 441 1
11 446 1
11 448 1
11 497 1
11 507 1
11 517 1
11 519 1
11 570 1
11 591 1
11 612 1
11 623 1
11 645 1
11 647 1
11 676 1
11 739 1
11 774 1
11 786 1
11 1023 1
11 1028 1
11 1040 1
11 1046 1
11 1071 1
12 17 1
12 20 1
12 23 1
12 36 1
12 43 1
12 53 1
12 75 1
12 76 1
12 86 1
12 95 1
12 111 1
12 114 1
12 126 1
12 129 1
12 141 1
12 150 1
12 162 1
12 183 1
12 191 1
12 209 1
12 210 1
12 226 1
12 242 1
12 263 1
12 278 1
12 287 1
12 316 1
12 322 1
12 346 1
12 358 1
12 368 1
12 372 1
12 458 1
12 475 1
12 495 1
12 559 1
12 563 1
12 575 1
12 585 1
12 607 1
12 615 1
12 622 1
12 646 1
12 647 1
12 650 1
12 696 1
12 807 1
12 824 1
12 896 1
12 925 1
12 929 1
12 935 1
12 952 1
12 973 1
12 1013 1
12 1023 1
12 1027 1
12 1040 1
12 1064 1
12 1071 1
12 1088 1
13 15 1
13 16 1
13 19 1
13 24 1
13 25 1
13 30 1
13 33 1
13 34 1
13 37 1
13 41 1
13 42 1
13 46 1
13 59 1
13 61 1
13 62 1
13 69 1
13 77 1
13 85 1
13 101 1
13 105 1
13 118 1
13 154 1
13 155 1
13 175 1
13 215 1
13 249 1
13 250 1
13 265 1
13 287 1
13 294 1
13 325 1
13 340 1
13 351 1
13 392 1
13 396 1
13 433 1
13 442 1
13 464 1
13 468 1
13 500 1
13 539 1
13 548 1
13 562 1
13 572 1
13 595 1
13 661 1
13 760 1
13 805 1
13 813 1
13 838 1
13 862 1
13 883 1
13 892 1
13 954 1
13 973 1
13 1005 1
13 1042 1
13 1047 1
13 1061 1
13 1085 1
14 117 1
14 181 1
14 209 1
14 218 1
14 245 1
14 253 1
14 354 1
14 417 1
14 455 1
14 638 1
14 689 1
15 16 1
15 24 1
15 26 1
15 38 1
15 40 1
15 43 1
15 44 1
15 60 1
15 78 1
15 79 1
15 82 1
15 90 1
15 99 1
15 105 1
15 128 1
15 155 1
15 170 1
15 173 1
15 199 1
15 433 1
15 549 1
15 576 1
15 625 1
15 642 1
15 704 1
15 721 1
15 791 1
15 815 1
15 926 1
15 1021 1
15 1024 1
16 20 1
16 39 1
16 41 1
16 67 1
16 83 1
16 129 1
16 143 1
16 159 1
16 164 1
16 174 1
16 183 1
16 189 1
16 200 1
16 208 1
16 247 1
16 271 1
16 294 1
16 306 1
16 367 1
16 374 1
16 383 1
16 391 1
16 436 1
16 489 1
16 541 1
16 571 1
16 608 1
16 633 1
16 666 1
16 681 1
16 691 1
16 784 1
16 826 1
16 827 1
16 943 1
16 951 1
16 1074 1
16 1076 1
16 1091 1
17 22 1
17 23 1
17 29 1
17 30 1
17 31 1
17 48 1
17 66 1
17 102 1
17 122 1
17 146 1
17 160 1
17 210 1
17 348 1
17 366 1
17 387 1
17 523 1
17 710 1
17 747 1
17 1050 1
17 1059 1
18 21 1
18 46 1
18 75 1
18 126 1
18 164 1
18 244 1
18 250 1
18 276 1
18 337 1
18 399 1
18 473 1
18 796 1
18 921 1
18 964 1
18 1029 1
18 1038 1
19 20 1
19 50 1
19 53 1
19 82 1
19 101 1
19 149 1
19 159 1
19 211 1
19 220 1
19 240 1
19 268 1
19 272 1
19 286 1
19 290 1
19 346 1
19 358 1
19 366 1
19 381 1
19 518 1
19 564 1
19 570 1
19 658 1
19 693 1
19 727 1
19 777 1
19 817 1
19 899 1
19 923 1
19 1072 1
20 24 1
20 168 1
20 228 1
20 365 1
20 381 1
20 421 1
20 425 1
20 449 1
20 556 1
20 583 1
20 630 1
20 735 1
21 27 1
21 28 1
21 34 1
21 47 1
21 51 1
21 58 1
21 63 1
21 67 1
21 83 1
21 86 1
21 104 1
21 133 1
21 156 1
21 157 1
21 184 1
21 199 1
21 253 1
21 260 1
21 272 1
21 283 1
21 285 1
21 301 1
21 303 1
21 327 1
21 329 1
21 372 1
21 439 1
21 470 1
21 629 1
21 859 1
21 904 1
21 908 1
21 933 1
21 1031 1
21 1046 1
21 1072 1
22 84 1
22 112 1
22 248 1
22 456 1
22 476 1
22 536 1
22 572 1
22 759 1
22 806 1
22 1078 1
23 33 1
23 37 1
23 42 1
23 50 1
23 66 1
23 89 1
23 90 1
23 112 1
23 125 1
23 140 1
23 224 1
23 288 1
23 323 1
23 410 1
23 471 1
23 507 1
23 647 1
23 781 1
23 837 1
23 893 1
24 50 1
24 265 1
24 342 1
24 597 1
24 940 1
24 1008 1
24 1080 1
25 35 1
25 45 1
25 49 1
25 50 1
25 84 1
25 103 1
25 108 1
25 137 1
25 138 1
25 163 1
25 179 1
25 277 1
25 320 1
25 359 1
25 360 1
25 368 1
25 371 1
25 389 1
25 400 1
25 414 1
25 532 1
25 553 1
25 644 1
25 693 1
25 698 1
25 737 1
25 964 1
25 969 1
25 1033 1
25 1084 1
26 32 1
26 34 1
26 37 1
26 49 1
26 81 1
26 92 1
26 96 1
26 139 1
26 239 1
26 295 1
26 348 1
26 375 1
26 400 1
26 512 1
26 514 1
26 523 1
26 659 1
26 766 1
26 851 1
26 897 1
26 1030 1
27 28 1
27 35 1
27 54 1
27 84 1
27 369 1
27 387 1
27 415 1
27 598 1
27 640 1
27 770 1
27 838 1
27 1004 1
27 1063 1
28 46 1
28 59 1
28 99 1
28 282 1
28 397 1
28 439 1
28 545 1
28 661 1
28 697 1
28 781 1
28 886 1
28 1031 1
29 42 1
29 69 1
29 72 1
29 123 1
29 143 1
29 152 1
29 156 1
29 205 1
29 238 1
29 246 1
29 393 1
29 663 1
29 714 1
29 844 1
29 870 1
29 938 1
29 977 1
29 986 1
29 1049 1
29 1083 1
30 32 1
30 48 1
30 77 1
30 102 1
30 121 1
30 155 1
30 173 1
30 262 1
30 474 1
30 666 1
30 711 1
30 773 1
30 936 1
30 996 1
30 1004 1
30 1029 1
30 1095 1
30 1098 1
31 45 1
31 94 1
31 217 1
31 329 1
31 380 1
31 558 1
31 609 1
31 627 1
31 670 1
31 691 1
31 925 1
31 965 1
32 198 1
32 264 1
32 340 1
32 436 1
32 563 1
32 564 1
32 577 1
32 832 1
33 40 1
33 109 1
33 149 1
33 156 1
33 180 1
33 262 1
33 333 1
33 553 1
33 600 1
33 894 1
33 902 1
34 43 1
34 45 1
34 48 1
34 55 1
34 61 1
34 68 1
34 97 1
34 105 1
34 126 1
34 139 1
34 142 1
34 164 1
34 186 1
34 190 1
34 197 1
34 224 1
34 236 1
34 264 1
34 299 1
34 311 1
34 339 1
34 341 1
34 360 1
34 376 1
34 402 1
34 454 1
34 458 1
34 497 1
34 511 1
34 543 1
34 585 1
34 618 1
34 678 1
34 684 1
34 708 1
34 742 1
34 755 1
34 765 1
34 771 1
34 775 1
34 806 1
34 807 1
34 869 1
34 876 1
34 882 1
34 929 1
34 971 1
34 975 1
34 1028 1
34 1053 1
34 1090 1
35 41 1
35 60 1
35 63 1
35 90 1
35 133 1
35 134 1
35 148 1
35 298 1
35 300 1
35 304 1
35 335 1
35 443 1
35 524 1
35 646 1
35 709 1
35 718 1
35 727 1
35 776 1
35 809 1
35 904 1
35 1026 1
35 1045 1
35 1051 1
35 1052 1
36 51 1
36 112 1
36 228 1
36 249 1
36 293 1
36 341 1
36 451 1
36 469 1
36 473 1
36 605 1
36 733 1
36 944 1
36 1057 1
37 52 1
37 152 1
37 192 1
37 238 1
37 249 1
37 281 1
37 342 1
37 348 1
37 365 1
37 383 1
37 385 1
37 431 1
37 492 1
37 525 1
37 727 1
37 734 1
37 847 1
37 862 1
37 924 1
37 1044 1
37 1093 1
37 1098 1
38 145 1
38 186 1
38 201 1
38 208 1
38 611 1
38 808 1
38 901 1
39 113 1
39 125 1
39 144 1
39 259 1
39 291 1
39 338 1
39 347 1
39 440 1
39 598 1
39 698 1
39 710 1
39 919 1
40 54 1
40 78 1
40 145 1
40 165 1
40 173 1
40 178 1
40 205 1
40 221 1
40 245 1
40 255 1
40 328 1
40 459 1
40 568 1
40 635 1
40 679 1
40 690 1
40 814 1
40 818 1
40 829 1
40 836 1
40 992 1
41 44 1
41 69 1
41 114 1
41 118 1
41 162 1
41 187 1
41 202 1
41 235 1
41 307 1
41 545 1
41 689 1
41 789 1
41 795 1
41 818 1
41 831 1
41 904 1
41 932 1
41 996 1
41 1065 1
41 1077 1
41 1082 1
41 1088 1
42 55 1
42 70 1
42 73 1
42 80 1
42 83 1
42 91 1
42 111 1
42 134 1
42 158 1
42 207 1
42 212 1
42 228 1
42 261 1
42 292 1
42 306 1
42 313 1
42 350 1
42 362 1
42 363 1
42 411 1
42 431 1
42 468 1
42 546 1
42 569 1
42 587 1
42 669 1
42 671 1
42 674 1
42 701 1
42 776 1
42 820 1
42 831 1
42 865 1
42 959 1
42 993 1
42 1005 1
42 1061 1
43 112 1
43 126 1
43 185 1
43 189 1
43 191 1
43 220 1
43 229 1
43 388 1
43 394 1
43 405 1
43 423 1
43 513 1
43 549 1
43 601 1
43 632 1
43 835 1
43 971 1
44 62 1
44 95 1
44 114 1
44 117 1
44 150 1
44 223 1
44 412 1
44 430 1
44 494 1
44 526 1
44 547 1
44 553 1
44 572 1
44 594 1
44 612 1
44 711 1
44 813 1
44 844 1
44 931 1
45 49 1
45 53 1
45 56 1
45 64 1
45 146 1
45 147 1
45 173 1
45 217 1
45 218 1
45 307 1
45 328 1
45 331 1
45 359 1
45 401 1
45 506 1
45 568 1
45 736 1
45 744 1
45 796 1
45 1055 1
46 163 1
46 166 1
46 275 1
46 303 1
46 320 1
46 329 1
46 337 1
46 340 1
46 377 1
46 399 1
46 475 1
46 504 1
46 685 1
46 686 1
46 712 1
46 720 1
46 725 1
46 758 1
46 766 1
46 819 1
46 891 1
46 953 1
46 975 1
46 1081 1
47 61 1
47 86 1
47 89 1
47 129 1
47 140 1
47 182 1
47 189 1
47 196 1
47 205 1
47 310 1
47 373 1
47 402 1
47 406 1
47 466 1
47 555 1
47 587 1
47 648 1
47 764 1
47 785 1
47 827 1
47 859 1
47 934 1
47 958 1
47 1009 1
47 1015 1
47 1060 1
48 75 1
48 100 1
48 109 1
48 245 1
48 265 1
48 268 1
48 288 1
48 349 1
48 353 1
48 361 1
48 387 1
48 480 1
48 491 1
48 526 1
48 597 1
48 609 1
48 614 1
48 617 1
48 654 1
48 750 1
48 770 1
48 793 1
48 799 1
48 949 1
48 957 1
49 76 1
49 96 1
49 192 1
49 203 1
49 327 1
49 376 1
49 450 1
49 466 1
49 816 1
49 829 1
49 1087 1
50 115 1
50 134 1
50 178 1
50 263 1
50 323 1
50 559 1
50 610 1
50 773 1
50 797 1
50 941 1
50 1075 1
51 80 1
51 88 1
51 99 1
51 136 1
51 192 1
51 251 1
51 257 1
51 281 1
51 299 1
51 424 1
51 439 1
51 500 1
51 536 1
51 552 1
51 563 1
51 648 1
51 661 1
51 688 1
51 691 1
51 762 1
51 836 1
51 866 1
51 913 1
51 1070 1
52 96 1
52 227 1
52 253 1
52 333 1
52 398 1
52 555 1
52 741 1
52 801 1
52 905 1
53 86 1
53 214 1
53 216 1
53 412 1
53 616 1
53 800 1
53 960 1
54 56 1
54 107 1
54 109 1
54 190 1
54 198 1
54 234 1
54 452 1
54 643 1
54 674 1
55 57 1
55 88 1
55 93 1
55 115 1
55 204 1
55 241 1
55 243 1
55 382 1
56 110 1
56 121 1
56 131 1
56 196 1
56 232 1
56 248 1
56 311 1
56 317 1
56 529 1
56 562 1
56 658 1
56 724 1
56 850 1
56 855 1
56 902 1
56 912 1
56 925 1
56 944 1
56 1054 1
57 74 1
57 85 1
57 107 1
57 119 1
57 135 1
57 143 1
57 147 1
57 193 1
57 244 1
57 247 1
57 276 1
57 281 1
57 285 1
57 292 1
57 312 1
57 318 1
57 351 1
57 551 1
57 627 1
57 654 1
57 802 1
57 839 1
57 878 1
57 881 1
57 1075 1
58 82 1
58 182 1
58 381 1
58 418 1
58 535 1
58 660 1
58 719 1
58 740 1
58 848 1
58 878 1
58 1016 1
58 1036 1
58 1089 1
59 92 1
59 102 1
59 110 1
59 148 1
59 226 1
59 279 1
59 354 1
59 380 1
59 437 1
59 688 1
59 760 1
59 875 1
59 914 1
60 65 1
60 117 1
60 165 1
60 282 1
60 300 1
60 318 1
60 440 1
60 443 1
60 530 1
60 757 1
60 767 1
60 839 1
60 874 1
60 890 1
60 913 1
60 983 1
60 1011 1
60 1043 1
60 1045 1
60 1067 1
60 1091 1
60 1100 1
61 184 1
61 362 1
61 375 1
61 451 1
61 531 1
61 788 1
61 862 1
61 912 1
61 977 1
61 1002 1
62 93 1
62 103 1
62 386 1
62 416 1
62 639 1
62 760 1
62 772 1
62 801 1
63 65 1
63 66 1
63 87 1
63 104 1
63 113 1
63 120 1
63 132 1
63 203 1
63 206 1
63 207 1
63 220 1
63 247 1
63 275 1
63 296 1
63 394 1
63 428 1
63 528 1
63 583 1
63 748 1
63 853 1
63 940 1
63 992 1
63 993 1
64 515 1
64 635 1
64 961 1
64 1033 1
65 104 1
65 106 1
65 135 1
65 167 1
65 229 1
65 258 1
65 279 1
65 336 1
65 384 1
65 419 1
65 441 1
65 455 1
65 480 1
65 521 1
65 561 1
65 571 1
65 693 1
65 740 1
65 971 1
66 68 1
66 97 1
66 105 1
66 192 1
66 284 1
66 364 1
66 429 1
66 461 1
66 481 1
66 584 1
66 629 1
66 636 1
66 670 1
66 689 1
66 782 1
66 837 1
66 883 1
66 1032 1
66 1096 1
67 76 1
67 137 1
67 153 1
67 214 1
67 221 1
67 377 1
67 510 1
67 831 1
67 908 1
67 967 1
68 111 1
68 138 1
68 152 1
68 214 1
68 241 1
68 266 1
68 330 1
68 342 1
68 370 1
68 400 1
68 413 1
68 440 1
68 500 1
68 547 1
68 633 1
68 636 1
68 694 1
68 747 1
68 750 1
68 785 1
68 792 1
68 811 1
68 817 1
68 930 1
68 979 1
68 1003 1
69 71 1
69 73 1
69 74 1
69 95 1
69 144 1
69 150 1
69 238 1
69 271 1
69 349 1
69 352 1
69 396 1
69 483 1
69 656 1
69 680 1
69 725 1
69 805 1
69 893 1
69 1022 1
69 1058 1
70 72 1
70 101 1
70 108 1
70 119 1
70 167 1
70 204 1
70 284 1
70 290 1
71 178 1
71 187 1
71 288 1
71 319 1
71 446 1
71 470 1
71 641 1
71 799 1
71 883 1
71 928 1
72 232 1
72 477 1
72 763 1
72 868 1
73 260 1
73 544 1
73 698 1
73 759 1
73 981 1
74 78 1
74 93 1
74 98 1
74 106 1
74 108 1
74 141 1
74 165 1
74 179 1
74 227 1
74 234 1
74 285 1
74 330 1
74 423 1
74 463 1
74 594 1
74 713 1
74 729 1
74 731 1
74 961 1
74 994 1
74 1056 1
74 1070 1
75 154 1
75 315 1
75 408 1
75 708 1
75 1003 1
76 113 1
76 114 1
76 131 1
76 156 1
76 277 1
76 336 1
76 817 1
76 934 1
77 92 1
77 94 1
77 128 1
77 153 1
77 184 1
77 212 1
77 256 1
77 318 1
77 319 1
77 349 1
77 536 1
77 578 1
77 589 1
77 715 1
77 833 1
77 850 1
77 917 1
77 1043 1
77 1079 1
78 283 1
78 287 1
78 305 1
78 447 1
78 581 1
78 589 1
78 632 1
78 682 1
78 763 1
78 932 1
79 89 1
79 117 1
79 130 1
79 174 1
79 197 1
79 210 1
79 259 1
79 273 1
79 435 1
79 856 1
79 1015 1
80 153 1
80 176 1
80 206 1
80 276 1
80 279 1
80 326 1
80 463 1
80 748 1
81 172 1
81 213 1
81 226 1
81 243 1
81 282 1
81 302 1
81 345 1
81 531 1
81 557 1
81 846 1
81 948 1
82 667 1
83 85 1
83 215 1
83 261 1
83 267 1
83 334 1
83 638 1
83 901 1
83 1042 1
84 116 1
84 132 1
84 148 1
84 186 1
84 237 1
84 285 1
84 432 1
84 452 1
84 465 1
84 542 1
84 551 1
84 593 1
84 645 1
84 752 1
84 1011 1
85 130 1
85 144 1
85 263 1
85 399 1
85 420 1
85 450 1
85 481 1
85 848 1
85 1066 1
86 176 1
86 266 1
86 296 1
86 300 1
86 302 1
86 359 1
86 484 1
86 565 1
86 665 1
86 724 1
86 744 1
86 794 1
86 819 1
86 856 1
86 880 1
86 944 1
86 959 1
86 973 1
86 1054 1
87 97 1
87 124 1
87 149 1
87 167 1
87 169 1
87 319 1
87 335 1
87 493 1
87 577 1
87 598 1
87 624 1
87 694 1
87 729 1
87 793 1
87 891 1
88 183 1
88 413 1
88 636 1
89 115 1
89 195 1
89 204 1
89 462 1
89 557 1
89 575 1
89 665 1
89 739 1
89 800 1
89 902 1
89 994 1
89 1049 1
89 1069 1
90 111 1
90 151 1
90 180 1
90 652 1
90 870 1
91 98 1
91 100 1
91 106 1
91 142 1
91 235 1
91 247 1
91 269 1
91 300 1
91 301 1
91 312 1
91 444 1
91 446 1
91 503 1
91 610 1
91 660 1
91 672 1
91 700 1
91 758 1
91 931 1
92 131 1
92 188 1
92 206 1
92 209 1
92 239 1
92 293 1
92 463 1
92 542 1
92 584 1
92 614 1
92 718 1
92 864 1
93 107 1
93 227 1
93 232 1
93 253 1
93 366 1
93 479 1
93 498 1
93 671 1
93 1080 1
94 125 1
94 194 1
94 223 1
94 274 1
94 426 1
94 429 1
94 445 1
94 930 1
95 185 1
95 725 1
95 746 1
95 963 1
95 1014 1
96 122 1
96 135 1
96 450 1
96 517 1
96 528 1
96 962 1
96 965 1
97 109 1
97 118 1
97 130 1
97 195 1
97 201 1
97 224 1
97 234 1
97 372 1
97 423 1
97 468 1
97 834 1
97 867 1
97 877 1
97 1095 1
98 127 1
98 227 1
98 441 1
98 548 1
98 888 1
98 1018 1
99 122 1
99 146 1
99 181 1
99 216 1
99 339 1
99 409 1
99 716 1
99 910 1
99 931 1
100 124 1
100 132 1
100 786 1
100 811 1
101 127 1
101 130 1
101 195 1
101 304 1
101 344 1
101 396 1
101 498 1
101 849 1
101 891 1
102 171 1
102 177 1
102 194 1
102 214 1
102 244 1
102 246 1
102 258 1
102 322 1
102 513 1
102 616 1
102 638 1
102 649 1
102 751 1
102 805 1
102 943 1
102 945 1
102 1017 1
102 1096 1
103 136 1
103 142 1
103 298 1
103 339 1
103 409 1
103 532 1
103 657 1
103 704 1
103 710 1
103 728 1
103 735 1
103 887 1
103 900 1
103 940 1
103 975 1
103 1021 1
103 1096 1
104 292 1
104 335 1
104 1058 1
105 209 1
105 401 1
105 429 1
105 562 1
105 586 1
105 706 1
105 990 1
106 171 1
106 336 1
106 419 1
106 434 1
106 479 1
106 487 1
106 514 1
106 537 1
106 560 1
106 685 1
106 789 1
106 857 1
106 910 1
106 1063 1
107 252 1
107 488 1
107 571 1
107 599 1
107 777 1
107 780 1
107 1053 1
108 200 1
108 242 1
108 243 1
108 280 1
108 456 1
108 764 1
108 766 1
108 793 1
108 835 1
108 1064 1
109 125 1
109 127 1
109 164 1
109 240 1
109 326 1
109 423 1
109 580 1
109 841 1
110 121 1
110 161 1
110 251 1
110 271 1
110 296 1
110 364 1
110 502 1
110 510 1
110 586 1
110 654 1
110 686 1
110 774 1
110 823 1
110 871 1
110 929 1
110 955 1
110 962 1
110 1027 1
110 1048 1
110 1057 1
110 1083 1
110 1084 1
111 137 1
111 145 1
111 210 1
111 246 1
111 269 1
111 309 1
111 340 1
111 384 1
111 390 1
111 488 1
111 489 1
111 631 1
111 662 1
111 747 1
112 313 1
112 683 1
112 751 1
112 768 1
113 162 1
113 202 1
113 207 1
113 222 1
113 650 1
113 854 1
114 160 1
114 303 1
114 332 1
114 419 1
114 469 1
114 501 1
114 560 1
114 589 1
114 667 1
114 861 1
114 945 1
114 976 1
114 1056 1
114 1069 1
115 256 1
115 362 1
115 363 1
115 406 1
115 434 1
115 444 1
115 510 1
115 718 1
115 790 1
115 801 1
115 840 1
115 869 1
115 945 1
115 954 1
115 1087 1
115 1094 1
116 131 1
116 149 1
116 593 1
116 781 1
116 974 1
116 1077 1
117 124 1
117 150 1
117 177 1
117 199 1
117 225 1
117 233 1
117 316 1
117 408 1
117 414 1
117 427 1
117 460 1
117 499 1
117 505 1
117 514 1
117 547 1
117 799 1
117 831 1
117 969 1
117 1011 1
117 1051 1
118 336 1
118 554 1
118 1032 1
119 158 1
119 225 1
119 257 1
119 287 1
119 290 1
119 334 1
119 431 1
119 433 1
119 509 1
119 583 1
119 755 1
119 784 1
119 949 1
119 968 1
119 1061 1
120 231 1
120 660 1
121 151 1
121 191 1
121 364 1
121 421 1
121 483 1
121 578 1
121 618 1
121 631 1
121 775 1
121 795 1
122 135 1
122 146 1
122 215 1
122 353 1
122 556 1
122 679 1
122 839 1
122 1000 1
123 142 1
123 159 1
123 185 1
123 219 1
123 249 1
123 259 1
123 337 1
123 390 1
123 408 1
123 510 1
123 637 1
123 749 1
123 1002 1
124 175 1
124 177 1
124 193 1
124 237 1
124 288 1
124 308 1
124 315 1
124 422 1
124 461 1
124 489 1
124 553 1
124 607 1
124 705 1
124 764 1
124 806 1
124 909 1
125 154 1
125 299 1
125 410 1
125 473 1
125 501 1
125 634 1
125 703 1
125 729 1
125 835 1
126 472 1
126 723 1
126 890 1
127 381 1
127 390 1
127 691 1
128 331 1
128 457 1
128 508 1
128 687 1
128 952 1
129 268 1
129 614 1
129 639 1
129 1094 1
130 169 1
130 245 1
130 272 1
130 321 1
130 370 1
131 813 1
132 305 1
132 324 1
132 388 1
132 432 1
132 436 1
132 590 1
132 651 1
132 752 1
132 1013 1
133 172 1
133 213 1
133 332 1
133 628 1
133 971 1
134 170 1
134 295 1
134 298 1
134 326 1
134 382 1
134 438 1
134 552 1
134 659 1
134 689 1
134 730 1
134 733 1
134 753 1
134 814 1
134 1013 1
135 207 1
135 250 1
135 314 1
136 175 1
136 230 1
136 260 1
136 316 1
136 857 1
136 898 1
136 1081 1
137 174 1
137 202 1
137 309 1
137 575 1
137 961 1
137 1086 1
138 154 1
138 158 1
138 177 1
138 233 1
138 284 1
138 410 1
138 469 1
138 558 1
138 563 1
138 800 1
138 951 1
138 1016 1
138 1023 1
139 184 1
139 226 1
139 355 1
139 420 1
139 666 1
139 682 1
139 815 1
139 871 1
139 1040 1
140 166 1
140 262 1
140 328 1
140 349 1
140 358 1
140 564 1
140 833 1
140 916 1
141 271 1
141 342 1
141 351 1
141 352 1
141 441 1
141 472 1
141 483 1
141 499 1
141 538 1
141 576 1
141 839 1
141 1021 1
142 182 1
142 185 1
142 305 1
142 356 1
142 360 1
142 454 1
142 519 1
142 741 1
142 984 1
143 275 1
143 305 1
143 411 1
143 464 1
143 515 1
143 543 1
143 551 1
143 612 1
143 790 1
143 796 1
144 183 1
144 212 1
144 222 1
144 248 1
144 297 1
144 549 1
144 554 1
144 643 1
144 664 1
144 830 1
145 190 1
145 236 1
145 267 1
145 290 1
145 319 1
145 368 1
145 631 1
145 828 1
145 866 1
145 1099 1
146 165 1
146 166 1
146 201 1
146 223 1
146 256 1
146 275 1
146 331 1
146 343 1
146 401 1
146 424 1
146 463 1
146 570 1
146 579 1
146 644 1
146 807 1
146 960 1
146 1030 1
147 188 1
147 196 1
147 197 1
147 338 1
147 345 1
147 357 1
147 415 1
147 458 1
147 475 1
147 493 1
147 514 1
147 612 1
147 634 1
147 648 1
147 673 1
147 703 1
147 778 1
147 827 1
147 921 1
147 979 1
147 1034 1
148 171 1
148 602 1
148 770 1
149 220 1
149 524 1
149 603 1
149 732 1
149 812 1
149 913 1
150 199 1
150 561 1
151 161 1
151 251 1
151 490 1
151 588 1
151 626 1
151 687 1
151 697 1
151 734 1
151 784 1
151 876 1
151 921 1
151 946 1
151 978 1
151 1008 1
152 289 1
152 317 1
152 444 1
152 979 1
153 241 1
153 439 1
153 465 1
153 487 1
153 579 1
153 633 1
153 739 1
153 885 1
153 894 1
153 1041 1
154 394 1
154 473 1
154 852 1
154 1019 1
154 1084 1
155 176 1
155 242 1
155 273 1
155 291 1
155 396 1
155 412 1
155 436 1
155 472 1
155 495 1
155 554 1
155 561 1
155 668 1
155 865 1
155 872 1
155 900 1
155 922 1
155 1064 1
156 160 1
156 200 1
156 273 1
156 286 1
156 369 1
156 385 1
156 455 1
157 212 1
157 367 1
157 384 1
157 432 1
158 232 1
158 325 1
158 586 1
159 541 1
159 640 1
159 777 1
159 833 1
160 367 1
160 369 1
160 504 1
160 535 1
160 663 1
160 825 1
160 901 1
161 308 1
161 330 1
161 476 1
161 649 1
161 756 1
161 1059 1
162 588 1
162 677 1
162 875 1
162 1014 1
163 545 1
163 601 1
164 345 1
164 534 1
164 596 1
164 706 1
164 712 1
164 919 1
164 926 1
164 1029 1
165 231 1
165 257 1
165 269 1
165 333 1
165 383 1
165 393 1
165 422 1
165 492 1
165 546 1
165 586 1
165 617 1
165 623 1
165 955 1
165 989 1
165 1042 1
165 1086 1
166 169 1
166 203 1
166 222 1
166 235 1
166 367 1
166 529 1
166 609 1
166 790 1
166 946 1
166 997 1
166 1001 1
166 1035 1
167 169 1
167 213 1
167 223 1
167 238 1
167 457 1
167 546 1
167 582 1
167 692 1
167 793 1
167 855 1
167 882 1
167 927 1
167 1020 1
168 310 1
168 840 1
168 923 1
169 252 1
169 261 1
169 278 1
169 493 1
169 496 1
169 520 1
169 522 1
169 707 1
169 942 1
169 957 1
169 989 1
169 1097 1
170 279 1
170 321 1
170 391 1
170 603 1
171 221 1
171 230 1
171 462 1
171 548 1
171 614 1
171 823 1
171 936 1
172 446 1
172 486 1
172 580 1
173 196 1
173 458 1
173 478 1
173 527 1
173 558 1
173 845 1
173 859 1
173 924 1
174 261 1
174 307 1
174 497 1
174 565 1
174 594 1
174 702 1
174 890 1
174 1026 1
175 286 1
175 379 1
175 579 1
175 880 1
175 881 1
175 1041 1
176 489 1
176 507 1
177 236 1
177 410 1
177 429 1
177 516 1
177 529 1
177 538 1
177 969 1
178 187 1
178 408 1
178 421 1
178 671 1
178 889 1
179 188 1
179 457 1
179 577 1
179 615 1
179 653 1
180 252 1
180 679 1
180 841 1
180 870 1
180 924 1
180 937 1
180 1083 1
181 211 1
181 618 1
181 802 1
181 876 1
181 893 1
181 936 1
182 286 1
182 302 1
182 427 1
183 233 1
183 370 1
183 452 1
183 488 1
183 792 1
183 1006 1
184 222 1
184 230 1
184 370 1
184 503 1
184 607 1
184 705 1
184 843 1
184 877 1
184 895 1
185 652 1
186 216 1
186 303 1
186 466 1
186 927 1
187 382 1
187 529 1
187 541 1
187 995 1
188 416 1
188 430 1
188 442 1
188 470 1
188 524 1
188 695 1
188 914 1
188 931 1
189 229 1
189 373 1
189 398 1
189 526 1
189 680 1
189 687 1
189 850 1
189 984 1
190 809 1
191 437 1
191 795 1
192 461 1
192 686 1
193 325 1
193 382 1
193 681 1
193 860 1
193 882 1
194 783 1
194 836 1
194 957 1
195 267 1
196 240 1
196 254 1
196 360 1
196 505 1
197 379 1
197 672 1
198 391 1
198 708 1
198 903 1
199 246 1
199 283 1
199 418 1
199 425 1
199 995 1
199 1001 1
200 329 1
201 343 1
201 639 1
202 498 1
203 228 1
203 235 1
203 326 1
203 347 1
203 402 1
203 460 1
203 496 1
203 619 1
203 630 1
203 675 1
203 719 1
203 858 1
203 859 1
204 260 1
204 333 1
204 369 1
205 317 1
205 354 1
205 467 1
205 494 1
205 774 1
206 530 1
206 573 1
206 701 1
206 874 1
207 852 1
207 918 1
208 338 1
208 420 1
208 785 1
209 453 1
209 723 1
209 817 1
209 1040 1
210 219 1
210 312 1
210 628 1
211 314 1
211 677 1
211 682 1
211 745 1
212 350 1
212 386 1
212 549 1
212 714 1
212 741 1
212 1010 1
213 236 1
213 278 1
213 314 1
213 353 1
213 430 1
213 584 1
213 640 1
213 705 1
213 769 1
213 843 1
213 987 1
214 274 1
214 325 1
214 385 1
214 395 1
214 508 1
214 780 1
214 799 1
214 826 1
214 961 1
214 984 1
215 311 1
215 1025 1
215 1088 1
216 298 1
216 306 1
216 348 1
216 486 1
216 530 1
216 540 1
216 585 1
216 662 1
216 719 1
216 932 1
216 1022 1
216 1028 1
216 1054 1
217 822 1
218 277 1
218 315 1
218 406 1
218 538 1
218 540 1
218 836 1
219 359 1
219 362 1
219 386 1
219 416 1
219 550 1
219 580 1
219 607 1
219 698 1
219 699 1
219 707 1
219 765 1
219 878 1
220 321 1
220 552 1
220 566 1
220 864 1
221 395 1
221 512 1
221 599 1
221 606 1
221 672 1
221 730 1
221 1029 1
222 233 1
222 434 1
222 721 1
223 252 1
223 425 1
223 849 1
224 254 1
224 764 1
224 1095 1
225 324 1
225 700 1
225 737 1
226 248 1
226 256 1
226 293 1
226 428 1
226 539 1
226 557 1
226 877 1
226 905 1
226 972 1
227 655 1
227 737 1
227 841 1
228 259 1
228 297 1
228 375 1
228 621 1
228 645 1
228 733 1
228 738 1
228 841 1
228 886 1
228 929 1
228 1045 1
229 237 1
229 521 1
229 650 1
229 709 1
229 942 1
229 1060 1
230 373 1
230 375 1
230 656 1
230 855 1
231 297 1
231 491 1
231 892 1
232 240 1
232 520 1
232 1008 1
233 451 1
233 532 1
234 744 1
235 320 1
235 807 1
236 374 1
236 442 1
236 477 1
236 509 1
236 894 1
236 1039 1
237 258 1
237 731 1
238 352 1
238 485 1
238 1044 1
239 385 1
239 512 1
239 534 1
239 545 1
239 803 1
239 959 1
240 318 1
240 355 1
240 533 1
240 663 1
241 265 1
241 295 1
241 308 1
241 519 1
241 739 1
241 746 1
241 798 1
241 846 1
241 858 1
241 894 1
242 407 1
242 412 1
242 415 1
242 503 1
242 567 1
242 571 1
242 818 1
242 976 1
243 269 1
243 270 1
243 352 1
243 418 1
243 1007 1
244 270 1
244 867 1
245 374 1
245 592 1
245 742 1
246 280 1
246 539 1
246 723 1
247 492 1
247 646 1
248 736 1
249 371 1
249 392 1
250 1006 1
250 1042 1
250 1092 1
251 270 1
251 390 1
251 435 1
251 597 1
251 610 1
251 740 1
251 930 1
251 939 1
252 334 1
252 411 1
252 488 1
252 534 1
252 542 1
252 688 1
252 754 1
252 866 1
252 928 1
252 1025 1
253 864 1
253 1057 1
254 604 1
254 703 1
254 947 1
255 621 1
256 292 1
256 293 1
256 740 1
256 748 1
257 278 1
258 309 1
258 582 1
258 599 1
258 787 1
258 1005 1
258 1063 1
259 365 1
259 604 1
260 595 1
261 389 1
263 289 1
263 398 1
263 617 1
263 942 1
264 722 1
264 970 1
265 539 1
265 557 1
266 307 1
266 440 1
266 460 1
266 1065 1
271 344 1
271 428 1
272 372 1
272 447 1
272 592 1
272 730 1
272 736 1
272 738 1
272 920 1
272 987 1
273 317 1
273 426 1
273 537 1
274 395 1
274 669 1
274 714 1
274 842 1
274 899 1
274 953 1
275 313 1
275 378 1
275 424 1
275 579 1
275 943 1
275 986 1
276 356 1
276 392 1
276 403 1
276 509 1
276 676 1
276 900 1
276 923 1
277 320 1
277 424 1
277 864 1
278 347 1
278 621 1
278 643 1
278 644 1
278 716 1
278 726 1
278 742 1
278 1053 1
279 316 1
279 849 1
279 987 1
280 1037 1
282 299 1
282 308 1
282 506 1
282 551 1
282 627 1
282 937 1
283 321 1
283 451 1
283 464 1
283 625 1
283 668 1
283 728 1
283 757 1
283 811 1
283 829 1
283 1066 1
284 378 1
284 417 1
284 461 1
284 501 1
284 945 1
285 361 1
285 465 1
285 655 1
285 837 1
286 323 1
286 355 1
286 507 1
286 606 1
286 608 1
286 685 1
286 935 1
286 991 1
287 917 1
288 401 1
288 750 1
288 916 1
288 975 1
288 1012 1
289 291 1
289 482 1
289 487 1
289 972 1
290 696 1
290 908 1
291 347 1
291 517 1
291 527 1
291 608 1
291 699 1
291 845 1
292 502 1
292 574 1
292 657 1
293 445 1
293 491 1
293 499 1
293 569 1
293 626 1
293 867 1
293 896 1
293 1023 1
294 857 1
295 378 1
295 523 1
295 621 1
295 653 1
295 715 1
296 459 1
297 1098 1
298 530 1
298 637 1
298 813 1
298 985 1
299 838 1
300 477 1
300 490 1
300 808 1
300 823 1
301 499 1
301 707 1
302 368 1
303 393 1
303 403 1
303 433 1
303 483 1
303 506 1
303 610 1
303 628 1
303 640 1
303 860 1
304 453 1
304 515 1
304 518 1
304 619 1
304 642 1
304 818 1
305 311 1
305 350 1
305 397 1
305 442 1
305 516 1
305 606 1
305 863 1
305 950 1
305 1047 1
306 341 1
306 448 1
306 505 1
306 555 1
306 569 1
306 676 1
306 690 1
306 906 1
306 1047 1
307 357 1
307 398 1
307 528 1
307 599 1
307 747 1
307 863 1
308 391 1
308 649 1
308 891 1
309 380 1
309 810 1
310 418 1
311 407 1
311 743 1
311 810 1
311 824 1
312 478 1
312 497 1
313 798 1
313 861 1
313 948 1
314 677 1
315 421 1
315 453 1
315 731 1
315 941 1
316 533 1
316 986 1
317 354 1
317 409 1
317 476 1
317 537 1
317 605 1
317 615 1
317 761 1
318 413 1
318 427 1
319 346 1
319 404 1
319 567 1
319 605 1
319 630 1
319 913 1
319 918 1
320 328 1
320 474 1
320 748 1
320 879 1
320 1048 1
320 1082 1
321 810 1
322 847 1
323 338 1
323 364 1
323 641 1
324 572 1
324 1009 1
325 361 1
325 583 1
325 1021 1
327 346 1
327 428 1
327 567 1
327 624 1
327 652 1
327 1097 1
328 335 1
328 343 1
328 509 1
328 550 1
328 932 1
328 960 1
328 1004 1
330 981 1
330 994 1
331 380 1
331 464 1
331 578 1
331 623 1
331 670 1
331 671 1
331 735 1
331 976 1
334 344 1
334 374 1
334 393 1
334 453 1
334 523 1
334 550 1
334 711 1
335 605 1
335 658 1
335 787 1
335 1041 1
336 1073 1
337 469 1
337 643 1
337 720 1
339 376 1
339 688 1
339 692 1
341 448 1
342 646 1
342 657 1
342 954 1
343 422 1
343 930 1
344 476 1
344 654 1
346 454 1
346 567 1
346 789 1
347 377 1
347 490 1
347 598 1
347 673 1
347 690 1
347 715 1
348 425 1
348 449 1
348 784 1
348 811 1
348 1080 1
349 630 1
349 1078 1
350 397 1
350 403 1
350 512 1
350 669 1
350 897 1
350 908 1
350 1047 1
350 1084 1
351 485 1
351 522 1
352 516 1
352 753 1
352 828 1
352 832 1
352 884 1
353 596 1
353 597 1
353 834 1
353 886 1
353 993 1
354 437 1
354 674 1
354 728 1
354 870 1
355 455 1
355 662 1
355 697 1
355 873 1
355 889 1
355 1031 1
356 524 1
356 534 1
357 677 1
357 787 1
358 371 1
358 402 1
358 559 1
358 802 1
358 1034 1
359 491 1
359 600 1
359 1003 1
361 444 1
361 616 1
361 776 1
362 406 1
362 475 1
362 486 1
362 629 1
362 771 1
362 852 1
362 933 1
363 443 1
363 544 1
363 669 1
363 756 1
363 958 1
364 373 1
364 378 1
364 837 1
366 449 1
366 562 1
366 613 1
366 914 1
367 490 1
367 872 1
367 915 1
367 951 1
368 414 1
368 999 1
370 496 1
370 789 1
370 792 1
370 854 1
370 909 1
370 940 1
371 397 1
371 416 1
371 1017 1
371 1093 1
372 565 1
372 844 1
373 431 1
373 465 1
374 438 1
374 611 1
374 692 1
374 1078 1
374 1097 1
375 982 1
375 1039 1
376 377 1
376 502 1
376 573 1
376 727 1
377 388 1
377 560 1
377 732 1
377 772 1
377 845 1
377 925 1
377 942 1
378 967 1
379 712 1
379 723 1
379 829 1
379 970 1
380 591 1
380 670 1
380 939 1
380 966 1
380 980 1
381 527 1
381 547 1
381 898 1
382 448 1
382 797 1
382 822 1
383 505 1
383 552 1
383 600 1
383 765 1
383 964 1
384 830 1
384 907 1
385 729 1
385 756 1
385 934 1
386 399 1
386 648 1
387 445 1
387 591 1
387 779 1
387 873 1
387 1012 1
387 1037 1
388 422 1
388 504 1
388 846 1
388 988 1
389 467 1
389 842 1
389 999 1
390 474 1
390 603 1
391 956 1
391 998 1
392 435 1
392 452 1
392 907 1
393 481 1
393 653 1
393 826 1
393 895 1
393 907 1
393 1043 1
394 467 1
395 443 1
395 668 1
395 682 1
395 684 1
395 731 1
395 863 1
395 992 1
395 1016 1
396 548 1
396 661 1
396 785 1
396 1026 1
398 482 1
399 544 1
399 809 1
400 860 1
402 589 1
403 438 1
404 477 1
404 478 1
404 651 1
404 777 1
405 904 1
406 828 1
406 1094 1
407 711 1
407 896 1
407 1020 1
407 1068 1
407 1076 1
407 1080 1
409 678 1
409 833 1
409 879 1
409 978 1
409 1007 1
410 656 1
410 733 1
410 966 1
412 430 1
412 868 1
412 1044 1
413 860 1
414 468 1
414 525 1
414 678 1
414 893 1
415 459 1
415 635 1
415 918 1
416 695 1
417 574 1
417 620 1
417 652 1
418 664 1
419 655 1
419 1074 1
421 737 1
422 847 1
423 484 1
423 895 1
423 1010 1
424 517 1
424 924 1
425 710 1
425 758 1
425 788 1
425 797 1
425 847 1
425 1020 1
426 619 1
426 645 1
426 949 1
428 602 1
430 825 1
430 1085 1
431 520 1
431 642 1
431 681 1
431 1051 1
432 462 1
432 642 1
432 696 1
432 704 1
433 667 1
434 500 1
434 672 1
434 674 1
434 726 1
434 840 1
434 888 1
435 665 1
435 666 1
435 775 1
435 824 1
436 457 1
436 511 1
436 700 1
436 716 1
436 717 1
436 816 1
436 873 1
437 763 1
437 899 1
438 537 1
438 749 1
439 582 1
439 820 1
441 569 1
441 620 1
441 632 1
441 767 1
441 948 1
442 950 1
444 484 1
444 501 1
444 556 1
444 590 1
444 923 1
445 482 1
445 487 1
445 822 1
445 1034 1
446 527 1
447 1091 1
448 647 1
448 762 1
449 750 1
449 767 1
450 990 1
451 521 1
451 1044 1
452 787 1
452 881 1
453 508 1
453 995 1
453 1006 1
455 518 1
456 1017 1
458 504 1
458 709 1
458 875 1
460 619 1
462 804 1
463 516 1
463 708 1
463 717 1
464 471 1
464 609 1
464 753 1
465 673 1
465 848 1
466 713 1
467 515 1
467 625 1
467 774 1
467 1019 1
467 1072 1
468 970 1
468 973 1
469 495 1
469 536 1
469 574 1
469 582 1
469 590 1
469 595 1
469 633 1
469 681 1
471 724 1
471 935 1
471 982 1
472 506 1
472 518 1
473 626 1
473 1085 1
477 479 1
477 535 1
477 631 1
477 822 1
478 744 1
479 601 1
479 738 1
481 771 1
482 981 1
483 620 1
483 625 1
483 649 1
483 778 1
483 952 1
483 1032 1
484 519 1
484 556 1
484 874 1
484 938 1
484 963 1
484 1069 1
486 602 1
486 1036 1
490 566 1
491 503 1
491 1079 1
492 525 1
492 613 1
492 626 1
492 1035 1
493 560 1
493 703 1
493 798 1
493 898 1
495 496 1
495 576 1
495 603 1
495 853 1
495 994 1
495 1012 1
496 983 1
497 540 1
497 801 1
497 1065 1
498 966 1
498 1002 1
499 522 1
502 678 1
502 800 1
502 999 1
503 830 1
504 566 1
504 704 1
504 850 1
504 877 1
505 521 1
505 522 1
505 540 1
505 741 1
505 834 1
505 935 1
506 699 1
506 821 1
506 993 1
506 1024 1
506 1048 1
507 728 1
508 543 1
508 622 1
508 880 1
508 937 1
508 939 1
509 592 1
509 1050 1
509 1086 1
510 641 1
510 761 1
510 865 1
510 911 1
511 591 1
511 1079 1
512 702 1
512 724 1
512 919 1
514 883 1
515 977 1
515 1094 1
516 555 1
516 767 1
516 868 1
517 699 1
518 755 1
518 1038 1
522 1003 1
525 899 1
526 1026 1
529 694 1
529 745 1
529 792 1
529 853 1
529 1015 1
529 1073 1
531 713 1
531 726 1
531 832 1
531 977 1
533 600 1
533 773 1
533 782 1
533 892 1
533 903 1
534 581 1
534 782 1
534 805 1
536 595 1
536 680 1
536 938 1
536 1055 1
536 1093 1
538 732 1
538 917 1
539 650 1
539 760 1
539 972 1
539 1016 1
539 1058 1
541 702 1
541 816 1
541 997 1
543 694 1
543 962 1
544 1088 1
545 1069 1
546 618 1
546 636 1
546 757 1
546 920 1
546 999 1
547 637 1
548 679 1
548 846 1
548 915 1
550 608 1
551 769 1
551 1059 1
551 1081 1
552 573 1
552 768 1
552 979 1
553 660 1
553 766 1
553 912 1
553 1073 1
554 581 1
554 830 1
554 849 1
555 783 1
556 885 1
557 695 1
558 588 1
558 613 1
558 1050 1
559 749 1
559 1075 1
560 892 1
563 779 1
563 917 1
563 965 1
563 983 1
563 1018 1
564 885 1
564 964 1
565 574 1
565 1039 1
566 622 1
566 922 1
567 788 1
567 941 1
568 842 1
569 906 1
569 1006 1
570 623 1
570 722 1
571 928 1
573 1087 1
575 909 1
576 862 1
576 1063 1
577 632 1
577 794 1
577 845 1
578 796 1
578 851 1
578 985 1
579 1067 1
580 851 1
583 1030 1
585 888 1
586 720 1
587 683 1
587 738 1
587 1074 1
589 916 1
591 779 1
593 601 1
593 675 1
593 722 1
593 984 1
593 991 1
593 1014 1
594 1099 1
595 680 1
596 746 1
596 1076 1
597 659 1
597 897 1
597 956 1
598 780 1
598 995 1
599 797 1
601 675 1
602 655 1
603 1055 1
604 911 1
605 1071 1
606 616 1
606 634 1
606 758 1
606 1096 1
607 635 1
607 794 1
607 886 1
609 732 1
609 1092 1
610 697 1
611 858 1
611 872 1
612 690 1
613 761 1
614 936 1
615 896 1
616 759 1
617 835 1
619 916 1
621 768 1
622 819 1
625 683 1
625 884 1
625 947 1
626 795 1
627 834 1
627 890 1
628 761 1
629 641 1
629 906 1
629 978 1
630 950 1
631 668 1
631 762 1
632 791 1
632 884 1
632 918 1
634 780 1
635 909 1
636 821 1
636 903 1
636 970 1
637 756 1
637 803 1
637 867 1
637 978 1
638 881 1
638 943 1
638 1070 1
639 772 1
640 888 1
641 820 1
641 1024 1
643 992 1
646 657 1
650 951 1
651 1083 1
652 717 1
652 769 1
652 954 1
653 743 1
654 1049 1
656 989 1
659 695 1
659 753 1
659 843 1
664 701 1
665 885 1
667 827 1
668 684 1
668 808 1
670 686 1
670 706 1
670 755 1
670 946 1
671 676 1
671 693 1
675 721 1
677 950 1
678 856 1
679 752 1
679 958 1
679 1061 1
680 1072 1
682 895 1
683 752 1
684 1034 1
686 879 1
686 1087 1
687 721 1
689 765 1
689 820 1
689 976 1
690 844 1
694 719 1
694 745 1
697 889 1
699 1013 1
700 922 1
701 715 1
702 754 1
702 794 1
702 816 1
702 882 1
707 920 1
707 953 1
707 983 1
709 1052 1
710 947 1
712 743 1
713 962 1
715 804 1
715 897 1
716 821 1
718 778 1
718 869 1
721 814 1
722 798 1
722 873 1
725 809 1
727 878 1
728 927 1
730 958 1
731 838 1
733 1001 1
734 842 1
734 856 1
734 915 1
735 953 1
739 819 1
739 1089 1
741 875 1
742 911 1
743 757 1
743 1019 1
744 1000 1
746 956 1
747 783 1
747 823 1
747 974 1
747 1056 1
749 880 1
749 998 1
753 759 1
753 967 1
756 776 1
759 1090 1
760 815 1
762 1090 1
765 812 1
766 1079 1
772 1081 1
773 782 1
777 991 1
778 812 1
778 1032 1
780 982 1
782 1015 1
786 911 1
788 1053 1
789 926 1
791 927 1
791 941 1
794 987 1
795 808 1
796 985 1
796 1060 1
797 974 1
797 1056 1
798 1082 1
801 1025 1
802 825 1
802 947 1
803 851 1
806 858 1
806 1010 1
809 824 1
811 915 1
811 937 1
812 889 1
813 969 1
814 855 1
814 1038 1
815 1092 1
816 1035 1
819 988 1
820 982 1
820 990 1
820 1089 1
823 1033 1
825 934 1
830 1038 1
831 944 1
833 861 1
833 967 1
833 1018 1
834 996 1
834 1045 1
839 1067 1
840 1027 1
843 921 1
844 863 1
847 912 1
847 946 1
847 1020 1
847 1036 1
847 1066 1
849 998 1
851 963 1
851 1001 1
853 906 1
854 966 1
856 957 1
856 996 1
858 866 1
858 956 1
860 1007 1
862 905 1
863 997 1
864 1062 1
865 1000 1
866 876 1
867 919 1
870 1082 1
876 1091 1
877 1000 1
878 1078 1
883 1043 1
885 980 1
888 1059 1
892 1097 1
893 1099 1
897 974 1
898 903 1
899 955 1
906 1037 1
906 1062 1
910 1048 1
911 922 1
913 1031 1
917 1049 1
922 960 1
924 1060 1
928 1037 1
931 1018 1
936 1100 1
939 980 1
952 990 1
954 968 1
956 968 1
956 1022 1
956 1092 1
959 1012 1
963 972 1
965 1010 1
977 1068 1
978 1058 1
984 1009 1
990 1046 1
994 1028 1
997 1052 1
998 1100 1
1004 1095 1
1012 1077 1
1025 1067 1
1027 1050 1
1036 1066 1
1043 1075 1
1044 1098 1
1052 1071 1
1058 1068 1
1059 1065 1
