1700 6783 
1 5 1
1 13 1
1 15 1
1 18 1
1 23 1
1 32 1
1 34 1
1 40 1
1 43 1
1 49 1
1 50 1
1 79 1
1 90 1
1 94 1
1 106 1
1 112 1
1 130 1
1 155 1
1 156 1
1 189 1
1 209 1
1 212 1
1 216 1
1 220 1
1 239 1
1 251 1
1 297 1
1 319 1
1 322 1
1 369 1
1 403 1
1 405 1
1 416 1
1 485 1
1 552 1
1 569 1
1 683 1
1 734 1
1 802 1
1 890 1
1 951 1
1 998 1
1 1076 1
1 1102 1
1 1176 1
1 1223 1
1 1250 1
1 1307 1
1 1353 1
1 1426 1
1 1454 1
1 1471 1
1 1487 1
1 1622 1
2 5 1
2 6 1
2 7 1
2 8 1
2 20 1
2 24 1
2 25 1
2 33 1
2 39 1
2 45 1
2 68 1
2 73 1
2 95 1
2 99 1
2 114 1
2 118 1
2 122 1
2 162 1
2 163 1
2 182 1
2 186 1
2 189 1
2 194 1
2 243 1
2 244 1
2 258 1
2 276 1
2 281 1
2 295 1
2 311 1
2 314 1
2 340 1
2 370 1
2 411 1
2 423 1
2 496 1
2 504 1
2 559 1
2 570 1
2 610 1
2 616 1
2 647 1
2 659 1
2 666 1
2 768 1
2 772 1
2 778 1
2 792 1
2 832 1
2 859 1
2 864 1
2 941 1
2 976 1
2 1042 1
2 1053 1
2 1091 1
2 1118 1
2 1157 1
2 1165 1
2 1167 1
2 1176 1
2 1214 1
2 1272 1
2 1300 1
2 1351 1
2 1466 1
2 1589 1
2 1590 1
2 1618 1
2 1668 1
3 5 1
3 6 1
3 9 1
3 13 1
3 16 1
3 21 1
3 24 1
3 36 1
3 59 1
3 63 1
3 85 1
3 113 1
3 119 1
3 147 1
3 207 1
3 218 1
3 222 1
3 227 1
3 259 1
3 282 1
3 301 1
3 335 1
3 359 1
3 390 1
3 394 1
3 423 1
3 455 1
3 475 1
3 524 1
3 561 1
3 575 1
3 635 1
3 660 1
3 691 1
3 712 1
3 713 1
3 766 1
3 767 1
3 812 1
3 834 1
3 873 1
3 877 1
3 888 1
3 908 1
3 915 1
3 962 1
3 966 1
3 1186 1
3 1263 1
3 1352 1
3 1384 1
3 1412 1
3 1440 1
3 1452 1
3 1453 1
3 1465 1
3 1519 1
3 1546 1
3 1616 1
3 1671 1
4 5 1
4 6 1
4 7 1
4 8 1
4 9 1
4 10 1
4 11 1
4 14 1
4 15 1
4 16 1
4 17 1
4 19 1
4 22 1
4 24 1
4 27 1
4 32 1
4 42 1
4 43 1
4 44 1
4 48 1
4 51 1
4 52 1
4 54 1
4 55 1
4 56 1
4 60 1
4 61 1
4 64 1
4 70 1
4 71 1
4 74 1
4 81 1
4 84 1
4 90 1
4 91 1
4 95 1
4 96 1
4 97 1
4 98 1
4 107 1
4 111 1
4 114 1
4 115 1
4 136 1
4 145 1
4 153 1
4 162 1
4 165 1
4 179 1
4 183 1
4 185 1
4 191 1
4 192 1
4 198 1
4 199 1
4 201 1
4 203 1
4 212 1
4 219 1
4 232 1
4 241 1
4 246 1
4 255 1
4 259 1
4 275 1
4 286 1
4 291 1
4 298 1
4 366 1
4 370 1
4 399 1
4 400 1
4 419 1
4 428 1
4 440 1
4 464 1
4 471 1
4 490 1
4 559 1
4 562 1
4 568 1
4 574 1
4 596 1
4 607 1
4 634 1
4 650 1
4 653 1
4 676 1
4 678 1
4 705 1
4 706 1
4 711 1
4 719 1
4 742 1
4 807 1
4 810 1
4 811 1
4 813 1
4 829 1
4 839 1
4 843 1
4 852 1
4 854 1
4 875 1
4 876 1
4 882 1
4 886 1
4 931 1
4 942 1
4 970 1
4 982 1
4 991 1
4 999 1
4 1017 1
4 1020 1
4 1033 1
4 1040 1
4 1041 1
4 1046 1
4 1047 1
4 1054 1
4 1055 1
4 1063 1
4 1070 1
4 1071 1
4 1105 1
4 1124 1
4 1168 1
4 1198 1
4 1200 1
4 1207 1
4 1286 1
4 1331 1
4 1337 1
4 1347 1
4 1349 1
4 1363 1
4 1431 1
4 1435 1
4 1450 1
4 1457 1
4 1464 1
4 1509 1
4 1524 1
4 1552 1
4 1558 1
4 1566 1
4 1568 1
4 1575 1
4 1588 1
4 1597 1
4 1599 1
4 1615 1
4 1639 1
4 1663 1
4 1676 1
5 6 1
5 7 1
5 8 1
5 9 1
5 10 1
5 11 1
5 12 1
5 13 1
5 14 1
5 16 1
5 19 1
5 20 1
5 27 1
5 29 1
5 40 1
5 51 1
5 58 1
5 62 1
5 63 1
5 65 1
5 73 1
5 75 1
5 83 1
5 85 1
5 93 1
5 108 1
5 111 1
5 126 1
5 137 1
5 146 1
5 149 1
5 152 1
5 161 1
5 164 1
5 167 1
5 168 1
5 173 1
5 198 1
5 215 1
5 217 1
5 221 1
5 226 1
5 237 1
5 247 1
5 262 1
5 287 1
5 305 1
5 311 1
5 313 1
5 321 1
5 326 1
5 328 1
5 361 1
5 400 1
5 418 1
5 422 1
5 427 1
5 437 1
5 447 1
5 448 1
5 478 1
5 485 1
5 511 1
5 515 1
5 528 1
5 533 1
5 543 1
5 582 1
5 600 1
5 612 1
5 654 1
5 658 1
5 690 1
5 701 1
5 732 1
5 775 1
5 792 1
5 820 1
5 835 1
5 874 1
5 916 1
5 923 1
5 930 1
5 951 1
5 968 1
5 979 1
5 1018 1
5 1029 1
5 1105 1
5 1122 1
5 1138 1
5 1160 1
5 1185 1
5 1215 1
5 1241 1
5 1248 1
5 1252 1
5 1316 1
5 1354 1
5 1400 1
5 1405 1
5 1414 1
5 1444 1
5 1473 1
5 1506 1
5 1554 1
5 1558 1
5 1566 1
5 1570 1
5 1581 1
5 1598 1
5 1636 1
5 1682 1
6 7 1
6 9 1
6 10 1
6 13 1
6 17 1
6 19 1
6 22 1
6 31 1
6 35 1
6 39 1
6 45 1
6 57 1
6 59 1
6 65 1
6 67 1
6 82 1
6 86 1
6 92 1
6 93 1
6 100 1
6 116 1
6 117 1
6 143 1
6 151 1
6 153 1
6 157 1
6 176 1
6 202 1
6 207 1
6 215 1
6 217 1
6 218 1
6 223 1
6 254 1
6 258 1
6 274 1
6 293 1
6 294 1
6 305 1
6 337 1
6 348 1
6 395 1
6 399 1
6 412 1
6 420 1
6 431 1
6 438 1
6 488 1
6 516 1
6 518 1
6 557 1
6 560 1
6 572 1
6 595 1
6 603 1
6 623 1
6 634 1
6 654 1
6 674 1
6 709 1
6 711 1
6 717 1
6 735 1
6 739 1
6 749 1
6 785 1
6 790 1
6 796 1
6 844 1
6 855 1
6 864 1
6 868 1
6 873 1
6 879 1
6 906 1
6 926 1
6 936 1
6 938 1
6 965 1
6 967 1
6 997 1
6 1002 1
6 1041 1
6 1053 1
6 1073 1
6 1074 1
6 1099 1
6 1116 1
6 1121 1
6 1126 1
6 1173 1
6 1227 1
6 1281 1
6 1320 1
6 1355 1
6 1421 1
6 1475 1
6 1514 1
6 1542 1
6 1576 1
6 1587 1
6 1625 1
6 1645 1
7 8 1
7 10 1
7 11 1
7 12 1
7 14 1
7 15 1
7 20 1
7 21 1
7 28 1
7 30 1
7 41 1
7 62 1
7 66 1
7 69 1
7 75 1
7 79 1
7 89 1
7 98 1
7 119 1
7 120 1
7 123 1
7 130 1
7 135 1
7 142 1
7 144 1
7 145 1
7 160 1
7 165 1
7 172 1
7 195 1
7 205 1
7 222 1
7 230 1
7 233 1
7 260 1
7 262 1
7 292 1
7 308 1
7 319 1
7 330 1
7 350 1
7 361 1
7 367 1
7 376 1
7 397 1
7 404 1
7 407 1
7 444 1
7 446 1
7 448 1
7 461 1
7 480 1
7 491 1
7 495 1
7 507 1
7 519 1
7 574 1
7 577 1
7 586 1
7 595 1
7 641 1
7 645 1
7 687 1
7 695 1
7 704 1
7 718 1
7 730 1
7 753 1
7 754 1
7 768 1
7 779 1
7 787 1
7 851 1
7 863 1
7 895 1
7 951 1
7 954 1
7 1038 1
7 1056 1
7 1085 1
7 1087 1
7 1134 1
7 1153 1
7 1164 1
7 1177 1
7 1227 1
7 1253 1
7 1258 1
7 1271 1
7 1296 1
7 1334 1
7 1339 1
7 1342 1
7 1397 1
7 1432 1
7 1492 1
7 1493 1
7 1500 1
7 1586 1
7 1626 1
7 1630 1
7 1632 1
7 1687 1
7 1692 1
7 1699 1
8 11 1
8 12 1
8 14 1
8 31 1
8 49 1
8 52 1
8 55 1
8 78 1
8 82 1
8 97 1
8 126 1
8 174 1
8 178 1
8 194 1
8 260 1
8 271 1
8 272 1
8 289 1
8 370 1
8 378 1
8 382 1
8 518 1
8 565 1
8 574 1
8 656 1
8 724 1
8 773 1
8 827 1
8 830 1
8 839 1
8 974 1
8 1008 1
8 1060 1
8 1062 1
8 1174 1
8 1188 1
8 1231 1
8 1241 1
8 1242 1
8 1287 1
8 1343 1
8 1369 1
8 1383 1
8 1539 1
9 18 1
9 24 1
9 26 1
9 28 1
9 36 1
9 38 1
9 40 1
9 41 1
9 43 1
9 44 1
9 48 1
9 50 1
9 77 1
9 78 1
9 87 1
9 93 1
9 98 1
9 101 1
9 123 1
9 124 1
9 127 1
9 146 1
9 150 1
9 159 1
9 195 1
9 222 1
9 247 1
9 249 1
9 250 1
9 252 1
9 269 1
9 289 1
9 291 1
9 295 1
9 302 1
9 308 1
9 315 1
9 342 1
9 355 1
9 358 1
9 380 1
9 389 1
9 396 1
9 430 1
9 443 1
9 480 1
9 499 1
9 525 1
9 526 1
9 532 1
9 553 1
9 560 1
9 567 1
9 572 1
9 580 1
9 604 1
9 611 1
9 631 1
9 686 1
9 710 1
9 745 1
9 760 1
9 790 1
9 799 1
9 801 1
9 838 1
9 858 1
9 876 1
9 967 1
9 1029 1
9 1045 1
9 1047 1
9 1089 1
9 1129 1
9 1132 1
9 1178 1
9 1185 1
9 1239 1
9 1240 1
9 1244 1
9 1266 1
9 1367 1
9 1389 1
9 1406 1
9 1482 1
9 1496 1
9 1512 1
9 1549 1
9 1608 1
9 1641 1
9 1697 1
10 16 1
10 45 1
10 68 1
10 109 1
10 128 1
10 151 1
10 187 1
10 287 1
10 366 1
10 636 1
10 716 1
10 752 1
10 801 1
10 975 1
10 1244 1
10 1294 1
10 1597 1
11 12 1
11 15 1
11 46 1
11 57 1
11 77 1
11 97 1
11 101 1
11 105 1
11 106 1
11 115 1
11 168 1
11 187 1
11 203 1
11 261 1
11 277 1
11 319 1
11 340 1
11 375 1
11 406 1
11 453 1
11 494 1
11 503 1
11 647 1
11 702 1
11 741 1
11 845 1
11 946 1
11 973 1
11 1048 1
11 1185 1
11 1189 1
11 1228 1
11 1274 1
11 1283 1
11 1302 1
11 1352 1
11 1398 1
11 1409 1
11 1441 1
11 1471 1
11 1571 1
11 1679 1
11 1681 1
11 1685 1
11 1698 1
12 17 1
12 31 1
12 60 1
12 103 1
12 106 1
12 145 1
12 149 1
12 179 1
12 214 1
12 231 1
12 235 1
12 393 1
12 404 1
12 425 1
12 451 1
12 569 1
12 641 1
12 1074 1
12 1103 1
12 1440 1
13 18 1
13 23 1
13 25 1
13 30 1
13 36 1
13 37 1
13 39 1
13 105 1
13 111 1
13 113 1
13 129 1
13 134 1
13 136 1
13 146 1
13 153 1
13 190 1
13 202 1
13 211 1
13 215 1
13 254 1
13 341 1
13 354 1
13 374 1
13 384 1
13 387 1
13 398 1
13 432 1
13 438 1
13 497 1
13 499 1
13 503 1
13 506 1
13 538 1
13 549 1
13 551 1
13 557 1
13 569 1
13 596 1
13 611 1
13 657 1
13 713 1
13 772 1
13 780 1
13 832 1
13 847 1
13 867 1
13 909 1
13 915 1
13 943 1
13 986 1
13 1042 1
13 1088 1
13 1099 1
13 1123 1
13 1257 1
13 1299 1
13 1305 1
13 1358 1
13 1362 1
13 1423 1
13 1431 1
13 1446 1
13 1490 1
13 1496 1
13 1532 1
13 1540 1
13 1550 1
13 1567 1
13 1588 1
13 1677 1
13 1681 1
14 18 1
14 20 1
14 41 1
14 44 1
14 48 1
14 91 1
14 136 1
14 155 1
14 189 1
14 233 1
14 245 1
14 257 1
14 291 1
14 363 1
14 367 1
14 384 1
14 396 1
14 403 1
14 410 1
14 466 1
14 473 1
14 500 1
14 535 1
14 563 1
14 595 1
14 623 1
14 661 1
14 673 1
14 719 1
14 748 1
14 819 1
14 893 1
14 907 1
14 935 1
14 966 1
14 1012 1
14 1067 1
14 1173 1
14 1191 1
14 1197 1
14 1329 1
14 1361 1
14 1463 1
14 1487 1
14 1489 1
14 1516 1
14 1572 1
14 1601 1
14 1632 1
14 1638 1
15 111 1
15 125 1
15 133 1
15 138 1
15 159 1
15 197 1
15 212 1
15 232 1
15 256 1
15 269 1
15 293 1
15 377 1
15 435 1
15 446 1
15 737 1
15 767 1
15 852 1
15 1133 1
15 1224 1
15 1268 1
15 1373 1
15 1590 1
16 17 1
16 22 1
16 27 1
16 28 1
16 32 1
16 34 1
16 61 1
16 74 1
16 75 1
16 83 1
16 86 1
16 103 1
16 113 1
16 121 1
16 151 1
16 152 1
16 160 1
16 194 1
16 196 1
16 231 1
16 309 1
16 335 1
16 467 1
16 599 1
16 621 1
16 661 1
16 761 1
16 768 1
16 900 1
16 904 1
16 945 1
16 958 1
16 984 1
16 1026 1
16 1031 1
16 1033 1
16 1095 1
16 1148 1
16 1203 1
16 1245 1
16 1262 1
16 1298 1
16 1308 1
16 1338 1
16 1365 1
16 1581 1
16 1601 1
17 21 1
17 23 1
17 25 1
17 26 1
17 29 1
17 31 1
17 33 1
17 46 1
17 62 1
17 70 1
17 81 1
17 96 1
17 98 1
17 107 1
17 127 1
17 130 1
17 131 1
17 135 1
17 164 1
17 174 1
17 177 1
17 180 1
17 188 1
17 222 1
17 224 1
17 232 1
17 237 1
17 238 1
17 262 1
17 268 1
17 277 1
17 290 1
17 296 1
17 301 1
17 306 1
17 316 1
17 340 1
17 341 1
17 372 1
17 404 1
17 456 1
17 468 1
17 478 1
17 483 1
17 516 1
17 529 1
17 540 1
17 541 1
17 546 1
17 551 1
17 553 1
17 618 1
17 642 1
17 646 1
17 659 1
17 662 1
17 702 1
17 726 1
17 738 1
17 809 1
17 815 1
17 824 1
17 825 1
17 829 1
17 830 1
17 834 1
17 853 1
17 859 1
17 965 1
17 972 1
17 992 1
17 1017 1
17 1036 1
17 1066 1
17 1072 1
17 1073 1
17 1093 1
17 1125 1
17 1128 1
17 1174 1
17 1201 1
17 1210 1
17 1221 1
17 1353 1
17 1366 1
17 1372 1
17 1382 1
17 1403 1
17 1472 1
17 1489 1
17 1496 1
17 1542 1
17 1546 1
17 1569 1
17 1576 1
17 1577 1
17 1601 1
17 1629 1
17 1642 1
17 1666 1
17 1691 1
18 19 1
18 22 1
18 35 1
18 36 1
18 37 1
18 45 1
18 161 1
18 187 1
18 239 1
18 241 1
18 250 1
18 269 1
18 296 1
18 324 1
18 338 1
18 364 1
18 391 1
18 467 1
18 624 1
18 636 1
18 678 1
18 688 1
18 736 1
18 758 1
18 858 1
18 909 1
18 1046 1
18 1121 1
18 1140 1
18 1159 1
18 1195 1
18 1277 1
18 1340 1
18 1406 1
18 1610 1
19 21 1
19 23 1
19 25 1
19 28 1
19 29 1
19 33 1
19 42 1
19 49 1
19 71 1
19 75 1
19 80 1
19 84 1
19 94 1
19 103 1
19 107 1
19 112 1
19 118 1
19 119 1
19 121 1
19 123 1
19 125 1
19 131 1
19 153 1
19 171 1
19 180 1
19 210 1
19 212 1
19 213 1
19 214 1
19 219 1
19 248 1
19 257 1
19 296 1
19 309 1
19 318 1
19 328 1
19 345 1
19 359 1
19 368 1
19 383 1
19 393 1
19 407 1
19 415 1
19 416 1
19 428 1
19 434 1
19 471 1
19 487 1
19 520 1
19 550 1
19 552 1
19 584 1
19 587 1
19 588 1
19 624 1
19 637 1
19 664 1
19 665 1
19 669 1
19 684 1
19 723 1
19 725 1
19 734 1
19 738 1
19 750 1
19 769 1
19 797 1
19 821 1
19 834 1
19 846 1
19 885 1
19 913 1
19 920 1
19 934 1
19 955 1
19 961 1
19 972 1
19 1005 1
19 1006 1
19 1008 1
19 1024 1
19 1059 1
19 1076 1
19 1091 1
19 1104 1
19 1116 1
19 1151 1
19 1184 1
19 1195 1
19 1273 1
19 1319 1
19 1373 1
19 1385 1
19 1386 1
19 1407 1
19 1412 1
19 1413 1
19 1420 1
19 1421 1
19 1467 1
19 1548 1
19 1580 1
19 1607 1
19 1611 1
19 1620 1
19 1689 1
19 1695 1
20 40 1
20 89 1
20 90 1
20 92 1
20 129 1
20 139 1
20 185 1
20 244 1
20 280 1
20 343 1
20 470 1
20 515 1
20 615 1
20 725 1
20 1003 1
20 1059 1
20 1128 1
20 1148 1
20 1301 1
20 1442 1
20 1463 1
20 1523 1
20 1596 1
21 26 1
21 30 1
21 47 1
21 52 1
21 57 1
21 76 1
21 84 1
21 99 1
21 124 1
21 134 1
21 143 1
21 170 1
21 206 1
21 233 1
21 284 1
21 383 1
21 451 1
21 486 1
21 573 1
21 698 1
21 721 1
21 779 1
21 881 1
21 979 1
21 1022 1
21 1049 1
21 1102 1
21 1130 1
21 1140 1
21 1220 1
21 1419 1
22 27 1
22 38 1
22 55 1
22 56 1
22 61 1
22 82 1
22 91 1
22 127 1
22 131 1
22 167 1
22 217 1
22 260 1
22 282 1
22 296 1
22 307 1
22 357 1
22 363 1
22 370 1
22 409 1
22 433 1
22 471 1
22 477 1
22 479 1
22 494 1
22 586 1
22 650 1
22 672 1
22 744 1
22 803 1
22 855 1
22 922 1
22 932 1
22 957 1
22 990 1
22 1061 1
22 1309 1
22 1325 1
22 1403 1
22 1465 1
22 1634 1
23 26 1
23 54 1
23 68 1
23 109 1
23 132 1
23 224 1
23 480 1
23 489 1
23 585 1
23 588 1
23 662 1
23 679 1
23 684 1
23 693 1
23 1176 1
23 1404 1
23 1452 1
23 1487 1
23 1570 1
23 1638 1
24 102 1
24 303 1
24 383 1
24 435 1
24 620 1
24 639 1
24 1323 1
24 1344 1
24 1653 1
25 29 1
25 34 1
25 35 1
25 38 1
25 47 1
25 52 1
25 74 1
25 105 1
25 138 1
25 144 1
25 148 1
25 220 1
25 246 1
25 282 1
25 293 1
25 365 1
25 371 1
25 444 1
25 453 1
25 517 1
25 549 1
25 551 1
25 558 1
25 575 1
25 590 1
25 593 1
25 676 1
25 747 1
25 814 1
25 902 1
25 990 1
25 1037 1
25 1211 1
25 1278 1
25 1319 1
25 1369 1
25 1401 1
25 1404 1
25 1484 1
25 1625 1
26 61 1
26 169 1
26 225 1
26 288 1
26 316 1
26 430 1
26 508 1
26 528 1
26 579 1
26 692 1
26 695 1
26 769 1
26 844 1
26 870 1
26 924 1
26 1285 1
26 1509 1
26 1614 1
26 1637 1
27 32 1
27 35 1
27 66 1
27 67 1
27 118 1
27 126 1
27 139 1
27 150 1
27 181 1
27 201 1
27 265 1
27 267 1
27 271 1
27 274 1
27 310 1
27 378 1
27 461 1
27 484 1
27 505 1
27 533 1
27 557 1
27 562 1
27 625 1
27 648 1
27 669 1
27 774 1
27 869 1
27 901 1
27 953 1
27 1048 1
27 1103 1
27 1133 1
27 1320 1
27 1325 1
27 1328 1
27 1476 1
27 1485 1
28 42 1
28 46 1
28 69 1
28 80 1
28 84 1
28 104 1
28 128 1
28 132 1
28 134 1
28 177 1
28 284 1
28 429 1
28 439 1
28 545 1
28 594 1
28 600 1
28 628 1
28 647 1
28 697 1
28 703 1
28 720 1
28 770 1
28 860 1
28 877 1
28 1030 1
28 1051 1
28 1090 1
28 1106 1
28 1264 1
28 1333 1
28 1365 1
28 1447 1
28 1475 1
28 1477 1
28 1610 1
28 1615 1
28 1620 1
29 30 1
29 37 1
29 48 1
29 51 1
29 53 1
29 56 1
29 60 1
29 82 1
29 85 1
29 88 1
29 102 1
29 108 1
29 181 1
29 186 1
29 190 1
29 211 1
29 238 1
29 266 1
29 293 1
29 299 1
29 302 1
29 335 1
29 347 1
29 366 1
29 368 1
29 640 1
29 747 1
29 762 1
29 787 1
29 791 1
29 794 1
29 850 1
29 940 1
29 976 1
29 1018 1
29 1032 1
29 1069 1
29 1160 1
29 1175 1
29 1301 1
29 1314 1
29 1380 1
29 1445 1
29 1529 1
29 1556 1
29 1575 1
29 1634 1
30 39 1
30 54 1
30 58 1
30 59 1
30 65 1
30 70 1
30 120 1
30 130 1
30 159 1
30 166 1
30 170 1
30 177 1
30 184 1
30 243 1
30 245 1
30 248 1
30 286 1
30 323 1
30 324 1
30 347 1
30 391 1
30 420 1
30 422 1
30 455 1
30 499 1
30 534 1
30 565 1
30 612 1
30 615 1
30 664 1
30 670 1
30 731 1
30 744 1
30 786 1
30 847 1
30 868 1
30 949 1
30 980 1
30 991 1
30 1016 1
30 1104 1
30 1192 1
30 1255 1
30 1330 1
30 1336 1
30 1418 1
30 1419 1
31 33 1
31 34 1
31 50 1
31 53 1
31 58 1
31 63 1
31 64 1
31 66 1
31 68 1
31 69 1
31 71 1
31 83 1
31 87 1
31 94 1
31 139 1
31 185 1
31 253 1
31 289 1
31 304 1
31 328 1
31 332 1
31 350 1
31 356 1
31 357 1
31 385 1
31 390 1
31 432 1
31 448 1
31 462 1
31 526 1
31 542 1
31 564 1
31 806 1
31 936 1
31 1065 1
31 1084 1
31 1146 1
31 1147 1
31 1175 1
31 1191 1
31 1230 1
31 1264 1
31 1313 1
31 1401 1
31 1461 1
31 1563 1
31 1565 1
31 1589 1
32 37 1
32 101 1
32 128 1
32 303 1
32 351 1
32 450 1
32 505 1
32 590 1
32 601 1
32 732 1
32 739 1
32 775 1
32 1659 1
33 64 1
33 102 1
33 120 1
33 132 1
33 142 1
33 179 1
33 285 1
33 316 1
33 364 1
33 401 1
33 441 1
33 448 1
33 455 1
33 479 1
33 535 1
33 840 1
33 841 1
33 944 1
33 993 1
33 1043 1
33 1114 1
33 1146 1
33 1169 1
33 1246 1
33 1532 1
33 1553 1
33 1578 1
33 1581 1
33 1584 1
33 1666 1
34 38 1
34 41 1
34 47 1
34 90 1
34 121 1
34 169 1
34 188 1
34 214 1
34 253 1
34 261 1
34 268 1
34 269 1
34 323 1
34 331 1
34 349 1
34 351 1
34 360 1
34 366 1
34 390 1
34 419 1
34 442 1
34 490 1
34 507 1
34 523 1
34 526 1
34 527 1
34 542 1
34 585 1
34 593 1
34 681 1
34 703 1
34 764 1
34 771 1
34 800 1
34 813 1
34 837 1
34 848 1
34 861 1
34 962 1
34 1155 1
34 1378 1
34 1389 1
34 1423 1
34 1470 1
34 1472 1
34 1501 1
34 1601 1
35 80 1
35 150 1
35 162 1
35 178 1
35 424 1
35 431 1
35 808 1
35 851 1
35 922 1
35 1142 1
35 1260 1
35 1564 1
35 1694 1
36 46 1
36 51 1
36 133 1
36 231 1
36 247 1
36 462 1
36 747 1
36 888 1
36 941 1
36 1158 1
36 1391 1
36 1512 1
36 1530 1
36 1551 1
36 1683 1
37 44 1
37 53 1
37 64 1
37 72 1
37 92 1
37 168 1
37 177 1
37 183 1
37 199 1
37 236 1
37 272 1
37 298 1
37 338 1
37 378 1
37 391 1
37 414 1
37 536 1
37 579 1
37 666 1
37 685 1
37 830 1
37 835 1
37 929 1
37 1178 1
37 1205 1
37 1277 1
37 1420 1
37 1427 1
37 1476 1
37 1603 1
38 47 1
38 56 1
38 94 1
38 123 1
38 236 1
38 321 1
38 327 1
38 443 1
38 573 1
38 775 1
38 799 1
39 182 1
39 206 1
39 215 1
39 238 1
39 342 1
39 414 1
39 425 1
39 544 1
39 592 1
39 608 1
39 846 1
39 1046 1
39 1231 1
39 1428 1
40 42 1
40 49 1
40 50 1
40 125 1
40 137 1
40 143 1
40 377 1
40 387 1
40 400 1
40 591 1
40 613 1
40 735 1
40 919 1
40 924 1
40 1059 1
40 1072 1
40 1102 1
40 1133 1
40 1271 1
40 1307 1
40 1330 1
40 1427 1
40 1443 1
40 1621 1
41 43 1
41 54 1
41 55 1
41 60 1
41 66 1
41 79 1
41 140 1
41 145 1
41 154 1
41 226 1
41 257 1
41 304 1
41 345 1
41 350 1
41 460 1
41 493 1
41 512 1
41 548 1
41 601 1
41 659 1
41 679 1
41 731 1
41 738 1
41 843 1
41 920 1
41 924 1
41 963 1
41 1013 1
41 1120 1
41 1232 1
41 1234 1
41 1239 1
41 1260 1
41 1305 1
41 1327 1
41 1337 1
41 1353 1
41 1355 1
41 1387 1
41 1433 1
41 1460 1
41 1686 1
42 76 1
42 127 1
42 137 1
42 171 1
42 200 1
42 236 1
42 237 1
42 274 1
42 310 1
42 437 1
42 488 1
42 499 1
42 613 1
42 671 1
42 685 1
42 707 1
42 733 1
42 780 1
42 903 1
42 1082 1
42 1419 1
42 1477 1
42 1510 1
42 1545 1
42 1566 1
42 1616 1
43 72 1
43 89 1
43 108 1
43 159 1
43 175 1
43 207 1
43 213 1
43 219 1
43 230 1
43 287 1
43 302 1
43 317 1
43 369 1
43 441 1
43 552 1
43 700 1
43 733 1
43 784 1
43 995 1
43 1015 1
43 1032 1
43 1116 1
43 1119 1
43 1190 1
43 1267 1
43 1280 1
43 1292 1
43 1550 1
43 1652 1
43 1653 1
44 53 1
44 63 1
44 76 1
44 87 1
44 95 1
44 104 1
44 126 1
44 129 1
44 138 1
44 147 1
44 151 1
44 161 1
44 163 1
44 278 1
44 288 1
44 347 1
44 356 1
44 376 1
44 456 1
44 543 1
44 680 1
44 682 1
44 689 1
44 744 1
44 751 1
44 808 1
44 842 1
44 849 1
44 887 1
44 989 1
44 991 1
44 997 1
44 1080 1
44 1142 1
44 1187 1
44 1321 1
44 1356 1
45 58 1
45 73 1
45 76 1
45 88 1
45 100 1
45 196 1
45 267 1
45 307 1
45 391 1
45 465 1
45 513 1
45 605 1
45 627 1
45 1057 1
45 1175 1
45 1227 1
45 1395 1
45 1545 1
45 1594 1
45 1663 1
46 77 1
46 81 1
46 106 1
46 149 1
46 164 1
46 226 1
46 240 1
46 276 1
46 409 1
46 428 1
46 478 1
46 562 1
46 587 1
46 609 1
46 693 1
46 992 1
46 1030 1
46 1090 1
46 1193 1
46 1212 1
46 1232 1
46 1488 1
46 1508 1
46 1674 1
47 57 1
47 88 1
47 765 1
47 925 1
47 1318 1
47 1347 1
48 78 1
48 83 1
48 142 1
48 148 1
48 166 1
48 180 1
48 230 1
48 352 1
48 386 1
48 492 1
48 523 1
48 598 1
48 669 1
48 673 1
48 681 1
48 715 1
48 729 1
48 730 1
48 734 1
48 795 1
48 798 1
48 806 1
48 897 1
48 952 1
48 973 1
48 998 1
48 1054 1
48 1098 1
48 1275 1
48 1536 1
48 1595 1
49 59 1
49 73 1
49 116 1
49 118 1
49 306 1
49 417 1
49 545 1
49 565 1
49 630 1
49 695 1
49 719 1
49 894 1
49 1112 1
49 1174 1
49 1449 1
49 1686 1
50 71 1
50 86 1
50 101 1
50 176 1
50 184 1
50 185 1
50 201 1
50 241 1
50 318 1
50 479 1
50 481 1
50 550 1
50 639 1
50 648 1
50 722 1
50 807 1
50 959 1
50 1009 1
50 1052 1
50 1136 1
50 1269 1
50 1447 1
50 1566 1
50 1586 1
51 249 1
51 503 1
51 664 1
51 1215 1
51 1375 1
51 1514 1
52 65 1
52 74 1
52 77 1
52 79 1
52 88 1
52 91 1
52 115 1
52 122 1
52 135 1
52 149 1
52 158 1
52 160 1
52 166 1
52 193 1
52 206 1
52 218 1
52 225 1
52 235 1
52 246 1
52 278 1
52 321 1
52 325 1
52 344 1
52 474 1
52 504 1
52 509 1
52 580 1
52 612 1
52 618 1
52 645 1
52 649 1
52 688 1
52 696 1
52 716 1
52 783 1
52 791 1
52 837 1
52 889 1
52 890 1
52 1026 1
52 1149 1
52 1228 1
52 1460 1
52 1462 1
52 1481 1
52 1586 1
53 93 1
53 95 1
53 182 1
53 216 1
53 283 1
53 303 1
53 336 1
53 347 1
53 486 1
53 493 1
53 591 1
53 690 1
53 746 1
53 756 1
53 845 1
53 903 1
53 1119 1
53 1240 1
53 1387 1
53 1617 1
54 67 1
54 108 1
54 110 1
54 117 1
54 266 1
54 280 1
54 346 1
54 426 1
54 457 1
54 473 1
54 591 1
54 739 1
54 781 1
54 825 1
54 1001 1
54 1071 1
54 1220 1
54 1255 1
54 1384 1
54 1428 1
54 1616 1
55 128 1
55 198 1
55 225 1
55 271 1
55 288 1
55 392 1
55 406 1
55 480 1
55 484 1
55 619 1
55 702 1
55 792 1
55 927 1
55 964 1
55 1192 1
55 1440 1
55 1595 1
55 1627 1
56 62 1
56 70 1
56 170 1
56 381 1
56 626 1
56 926 1
56 1159 1
56 1410 1
56 1451 1
56 1513 1
57 109 1
57 307 1
57 405 1
57 493 1
57 542 1
57 683 1
57 827 1
57 1027 1
57 1214 1
57 1447 1
57 1697 1
58 117 1
58 425 1
58 474 1
58 556 1
58 583 1
58 603 1
58 769 1
58 820 1
58 867 1
58 874 1
58 950 1
58 1065 1
58 1378 1
59 154 1
59 229 1
59 290 1
59 776 1
59 846 1
59 879 1
59 1201 1
59 1318 1
60 104 1
60 229 1
60 663 1
60 934 1
60 987 1
61 97 1
61 162 1
61 183 1
61 208 1
61 221 1
61 275 1
61 508 1
61 537 1
61 617 1
61 640 1
61 710 1
61 756 1
61 1113 1
61 1376 1
62 114 1
62 147 1
62 191 1
62 271 1
62 304 1
62 353 1
62 434 1
62 477 1
62 606 1
62 632 1
62 793 1
62 1072 1
62 1127 1
62 1213 1
62 1434 1
62 1527 1
63 135 1
63 157 1
63 226 1
63 228 1
63 416 1
63 856 1
63 1075 1
63 1118 1
63 1139 1
63 1175 1
63 1217 1
64 119 1
64 134 1
64 371 1
64 774 1
64 840 1
64 1227 1
64 1503 1
65 67 1
65 69 1
65 72 1
65 124 1
65 156 1
65 172 1
65 207 1
65 260 1
65 277 1
65 316 1
65 333 1
65 375 1
65 411 1
65 465 1
65 637 1
65 655 1
65 687 1
65 912 1
65 942 1
65 1105 1
65 1222 1
65 1294 1
65 1411 1
65 1413 1
66 121 1
66 154 1
66 167 1
66 192 1
66 210 1
66 251 1
66 285 1
66 303 1
66 373 1
66 384 1
66 668 1
66 944 1
66 979 1
66 1063 1
66 1077 1
66 1177 1
66 1226 1
66 1264 1
66 1392 1
66 1696 1
67 78 1
67 87 1
67 141 1
67 181 1
67 268 1
67 274 1
67 361 1
67 475 1
67 532 1
67 558 1
67 622 1
67 673 1
67 758 1
67 891 1
67 920 1
67 959 1
67 1240 1
67 1527 1
67 1529 1
67 1541 1
67 1664 1
68 99 1
68 113 1
68 124 1
68 154 1
68 158 1
68 252 1
68 445 1
68 502 1
68 553 1
68 1235 1
68 1403 1
68 1604 1
68 1672 1
68 1692 1
69 141 1
69 170 1
69 173 1
69 178 1
69 180 1
69 441 1
69 515 1
69 519 1
69 537 1
69 656 1
69 669 1
69 856 1
69 970 1
69 1203 1
69 1259 1
69 1350 1
69 1416 1
69 1680 1
70 92 1
70 100 1
70 110 1
70 202 1
70 209 1
70 231 1
70 264 1
70 599 1
70 1081 1
70 1107 1
70 1127 1
70 1217 1
70 1355 1
70 1582 1
71 72 1
71 112 1
71 192 1
71 255 1
71 519 1
71 605 1
71 805 1
71 898 1
71 931 1
71 970 1
71 1225 1
71 1269 1
71 1390 1
71 1421 1
72 100 1
72 183 1
72 220 1
72 380 1
72 431 1
72 509 1
72 760 1
72 816 1
72 927 1
72 938 1
72 1414 1
72 1447 1
73 141 1
73 200 1
73 216 1
73 273 1
73 460 1
73 477 1
73 482 1
73 486 1
73 514 1
73 589 1
73 625 1
73 690 1
73 733 1
73 748 1
73 749 1
73 812 1
73 871 1
73 1010 1
73 1066 1
73 1169 1
73 1198 1
73 1270 1
73 1272 1
73 1298 1
73 1409 1
73 1461 1
73 1660 1
73 1696 1
74 96 1
74 99 1
74 142 1
74 144 1
74 175 1
74 227 1
74 262 1
74 265 1
74 332 1
74 355 1
74 422 1
74 642 1
74 737 1
74 877 1
74 903 1
74 909 1
74 943 1
74 998 1
74 1077 1
74 1098 1
74 1132 1
74 1357 1
74 1443 1
74 1538 1
74 1540 1
74 1598 1
74 1632 1
75 148 1
75 200 1
75 336 1
75 345 1
75 371 1
75 611 1
75 700 1
75 722 1
75 744 1
75 761 1
75 917 1
75 1007 1
75 1040 1
75 1088 1
75 1090 1
75 1310 1
76 80 1
76 112 1
76 139 1
76 233 1
76 314 1
76 348 1
76 535 1
76 540 1
76 613 1
76 1455 1
76 1565 1
77 122 1
77 193 1
77 205 1
77 256 1
77 264 1
77 266 1
77 457 1
77 469 1
77 514 1
77 548 1
77 822 1
77 964 1
78 196 1
78 312 1
78 382 1
78 567 1
78 921 1
78 925 1
78 1036 1
78 1368 1
78 1396 1
78 1551 1
79 102 1
79 408 1
79 663 1
79 680 1
79 811 1
79 1154 1
79 1310 1
79 1361 1
79 1522 1
80 81 1
80 96 1
80 107 1
80 109 1
80 141 1
80 146 1
80 157 1
80 228 1
80 278 1
80 343 1
80 357 1
80 360 1
80 406 1
80 446 1
80 459 1
80 498 1
80 515 1
80 577 1
80 670 1
80 675 1
80 745 1
80 748 1
80 888 1
80 975 1
80 1047 1
80 1056 1
80 1094 1
80 1124 1
80 1256 1
80 1278 1
80 1310 1
80 1405 1
80 1420 1
80 1501 1
80 1511 1
81 167 1
81 389 1
81 928 1
81 1363 1
81 1552 1
82 211 1
82 273 1
82 279 1
82 343 1
82 644 1
82 1078 1
82 1179 1
82 1323 1
82 1407 1
83 85 1
83 89 1
83 116 1
83 133 1
83 203 1
83 430 1
83 463 1
83 598 1
83 962 1
83 1111 1
83 1137 1
83 1196 1
84 86 1
84 204 1
84 454 1
84 455 1
84 458 1
84 533 1
84 723 1
84 1115 1
84 1172 1
84 1189 1
84 1261 1
84 1290 1
84 1518 1
84 1555 1
84 1637 1
85 115 1
85 705 1
85 1067 1
85 1090 1
86 454 1
86 531 1
86 784 1
86 793 1
86 1502 1
87 156 1
87 172 1
87 256 1
87 586 1
87 675 1
87 884 1
87 1022 1
87 1382 1
87 1488 1
87 1565 1
88 362 1
88 415 1
88 493 1
88 956 1
89 110 1
89 325 1
89 357 1
89 524 1
89 559 1
90 165 1
90 169 1
90 229 1
90 245 1
90 311 1
90 314 1
90 374 1
90 522 1
90 607 1
90 630 1
90 717 1
90 803 1
90 831 1
90 855 1
90 1005 1
90 1093 1
90 1134 1
90 1210 1
90 1335 1
90 1621 1
90 1624 1
90 1689 1
91 122 1
91 140 1
91 164 1
91 214 1
91 235 1
91 244 1
91 379 1
91 394 1
91 435 1
91 501 1
91 561 1
91 592 1
91 683 1
91 915 1
91 929 1
91 960 1
91 1183 1
91 1339 1
91 1347 1
91 1352 1
91 1399 1
91 1537 1
91 1569 1
92 105 1
92 197 1
92 283 1
92 284 1
92 309 1
92 315 1
92 354 1
92 373 1
92 412 1
92 438 1
92 476 1
92 509 1
92 514 1
92 708 1
92 716 1
92 742 1
92 1147 1
92 1181 1
92 1185 1
93 208 1
93 272 1
93 344 1
93 372 1
93 1186 1
93 1524 1
94 103 1
94 199 1
94 565 1
94 641 1
94 722 1
94 826 1
94 942 1
94 1110 1
95 295 1
95 344 1
95 475 1
95 506 1
95 548 1
95 914 1
95 1236 1
95 1487 1
95 1677 1
96 104 1
96 116 1
96 175 1
96 195 1
96 206 1
96 257 1
96 285 1
96 308 1
96 487 1
96 513 1
96 933 1
96 1156 1
96 1229 1
96 1564 1
96 1691 1
97 129 1
97 701 1
97 886 1
97 899 1
97 908 1
97 1494 1
98 302 1
98 383 1
98 406 1
98 436 1
98 492 1
98 527 1
98 984 1
98 1041 1
98 1043 1
98 1178 1
98 1316 1
98 1581 1
99 171 1
99 276 1
99 297 1
99 360 1
99 459 1
99 881 1
99 903 1
99 1053 1
99 1146 1
99 1613 1
100 312 1
100 313 1
100 326 1
100 427 1
100 524 1
100 529 1
100 624 1
100 1073 1
100 1097 1
100 1124 1
100 1186 1
100 1238 1
100 1287 1
100 1526 1
101 148 1
101 1514 1
102 171 1
102 174 1
102 469 1
102 506 1
102 547 1
102 636 1
102 774 1
102 856 1
102 1172 1
102 1193 1
102 1200 1
102 1207 1
102 1265 1
102 1267 1
102 1276 1
102 1349 1
102 1464 1
102 1494 1
102 1684 1
103 158 1
103 223 1
103 286 1
103 306 1
103 352 1
103 372 1
103 397 1
103 441 1
103 474 1
103 621 1
103 672 1
103 722 1
103 770 1
103 1009 1
103 1036 1
103 1051 1
103 1125 1
103 1250 1
103 1377 1
103 1502 1
104 114 1
104 189 1
104 223 1
104 270 1
104 356 1
104 432 1
104 634 1
104 1325 1
105 156 1
105 224 1
105 328 1
105 336 1
105 386 1
105 534 1
105 629 1
105 821 1
105 863 1
105 896 1
105 907 1
105 925 1
105 1113 1
105 1337 1
105 1580 1
105 1613 1
106 160 1
106 169 1
106 184 1
106 345 1
106 433 1
106 596 1
106 650 1
106 832 1
106 859 1
106 977 1
106 1004 1
106 1583 1
106 1681 1
107 110 1
107 131 1
107 184 1
107 204 1
107 330 1
107 331 1
107 874 1
107 926 1
107 948 1
107 1017 1
107 1144 1
107 1310 1
107 1454 1
107 1475 1
107 1599 1
108 436 1
108 930 1
108 1292 1
109 120 1
109 132 1
109 294 1
109 322 1
109 346 1
109 720 1
109 837 1
109 1158 1
109 1361 1
110 500 1
110 658 1
110 829 1
110 924 1
111 137 1
111 502 1
111 539 1
111 1302 1
112 349 1
112 479 1
112 608 1
112 624 1
112 1021 1
112 1052 1
112 1102 1
112 1507 1
113 136 1
113 163 1
113 173 1
113 225 1
113 234 1
113 238 1
113 270 1
113 322 1
113 337 1
113 426 1
113 504 1
113 652 1
113 739 1
113 869 1
113 892 1
113 911 1
113 929 1
113 1032 1
113 1239 1
113 1344 1
113 1396 1
113 1462 1
113 1463 1
113 1503 1
113 1640 1
114 117 1
114 125 1
114 301 1
114 380 1
114 407 1
114 434 1
114 530 1
114 589 1
114 651 1
114 1219 1
114 1334 1
114 1469 1
115 155 1
115 172 1
115 242 1
115 258 1
115 299 1
115 322 1
115 558 1
115 570 1
115 685 1
115 688 1
115 783 1
115 1085 1
116 138 1
116 150 1
116 363 1
116 517 1
116 884 1
116 1200 1
116 1390 1
116 1637 1
117 176 1
117 197 1
117 487 1
117 586 1
117 705 1
117 729 1
117 968 1
117 1592 1
118 193 1
118 331 1
118 966 1
118 1667 1
119 213 1
119 229 1
119 323 1
119 329 1
119 339 1
119 393 1
119 491 1
119 502 1
119 654 1
119 698 1
119 869 1
119 975 1
119 977 1
119 1184 1
119 1415 1
119 1697 1
119 1700 1
120 204 1
120 467 1
120 608 1
120 662 1
120 1099 1
121 158 1
121 251 1
121 294 1
121 355 1
121 459 1
121 523 1
121 536 1
121 726 1
121 727 1
121 839 1
121 1112 1
121 1222 1
121 1322 1
121 1485 1
122 186 1
122 360 1
122 950 1
123 147 1
123 161 1
123 173 1
123 194 1
123 228 1
123 236 1
123 253 1
123 265 1
123 279 1
123 408 1
123 496 1
123 616 1
123 653 1
123 697 1
123 852 1
123 857 1
123 887 1
123 930 1
123 949 1
123 981 1
123 1206 1
123 1275 1
123 1362 1
123 1541 1
123 1603 1
123 1666 1
124 252 1
124 323 1
124 398 1
124 710 1
124 989 1
124 1027 1
124 1334 1
124 1336 1
124 1350 1
125 143 1
125 152 1
125 202 1
125 301 1
125 318 1
125 500 1
125 607 1
125 651 1
125 852 1
125 1158 1
125 1254 1
125 1603 1
125 1667 1
126 133 1
126 201 1
126 265 1
126 379 1
126 528 1
126 729 1
126 810 1
126 968 1
126 1081 1
126 1087 1
126 1115 1
126 1399 1
126 1485 1
126 1671 1
127 291 1
127 344 1
127 385 1
127 405 1
127 449 1
127 481 1
127 498 1
127 779 1
127 803 1
127 881 1
127 893 1
127 1141 1
127 1297 1
127 1557 1
128 191 1
128 248 1
128 402 1
128 429 1
128 571 1
128 694 1
128 772 1
128 916 1
128 933 1
128 947 1
128 1188 1
128 1269 1
128 1340 1
128 1510 1
129 300 1
129 326 1
129 534 1
129 538 1
129 643 1
129 759 1
129 996 1
129 1180 1
129 1459 1
129 1602 1
129 1605 1
130 140 1
130 144 1
130 205 1
130 224 1
130 239 1
130 250 1
130 281 1
130 414 1
130 521 1
130 537 1
130 597 1
130 1002 1
130 1051 1
130 1100 1
130 1243 1
130 1331 1
130 1364 1
130 1394 1
130 1488 1
130 1504 1
131 198 1
131 312 1
131 464 1
131 547 1
131 788 1
131 811 1
131 997 1
131 1039 1
131 1289 1
132 346 1
132 711 1
132 912 1
133 246 1
133 267 1
133 412 1
133 1274 1
134 273 1
134 280 1
134 521 1
134 544 1
134 560 1
134 714 1
134 939 1
134 1010 1
134 1131 1
134 1238 1
134 1521 1
134 1557 1
134 1641 1
135 247 1
135 387 1
135 580 1
135 665 1
135 681 1
135 723 1
135 757 1
135 990 1
135 1082 1
135 1086 1
135 1154 1
135 1232 1
135 1287 1
135 1341 1
135 1439 1
135 1490 1
136 190 1
136 196 1
136 230 1
136 268 1
136 354 1
136 1025 1
136 1612 1
137 174 1
137 204 1
137 254 1
137 264 1
137 476 1
137 531 1
137 631 1
137 709 1
137 850 1
137 1021 1
137 1075 1
137 1278 1
137 1328 1
137 1329 1
138 163 1
138 186 1
138 232 1
138 263 1
138 494 1
138 517 1
138 751 1
138 1031 1
138 1277 1
138 1445 1
138 1499 1
139 140 1
139 240 1
139 320 1
139 419 1
139 462 1
139 495 1
139 513 1
139 563 1
139 592 1
139 648 1
139 1165 1
139 1228 1
139 1346 1
139 1657 1
140 765 1
140 1603 1
141 155 1
141 181 1
141 205 1
141 263 1
141 432 1
141 443 1
141 470 1
141 602 1
141 778 1
141 801 1
141 882 1
141 1161 1
141 1303 1
141 1335 1
141 1401 1
141 1437 1
141 1451 1
141 1501 1
141 1536 1
142 312 1
142 338 1
142 363 1
142 388 1
142 1247 1
143 243 1
143 284 1
143 298 1
143 329 1
143 510 1
143 532 1
143 534 1
143 654 1
143 833 1
143 895 1
143 1000 1
143 1129 1
143 1194 1
143 1217 1
143 1287 1
143 1409 1
144 188 1
144 213 1
144 221 1
144 317 1
144 403 1
144 452 1
144 511 1
144 587 1
144 667 1
144 728 1
144 778 1
144 898 1
144 971 1
144 1095 1
144 1362 1
144 1371 1
145 249 1
145 392 1
145 795 1
145 815 1
145 819 1
145 855 1
145 1050 1
145 1078 1
145 1166 1
145 1411 1
145 1486 1
145 1506 1
145 1688 1
146 209 1
146 242 1
146 255 1
146 273 1
146 275 1
146 377 1
146 442 1
146 484 1
146 492 1
146 567 1
146 576 1
146 638 1
146 760 1
146 818 1
146 883 1
146 983 1
146 1434 1
147 166 1
147 395 1
147 442 1
147 798 1
147 809 1
147 847 1
147 853 1
147 929 1
147 1131 1
147 1533 1
147 1598 1
147 1630 1
147 1631 1
148 574 1
148 770 1
148 842 1
148 1040 1
148 1152 1
148 1296 1
148 1315 1
148 1457 1
148 1458 1
148 1554 1
149 188 1
149 264 1
149 317 1
149 332 1
149 371 1
149 396 1
149 490 1
149 633 1
149 1067 1
149 1069 1
149 1141 1
149 1145 1
149 1242 1
150 152 1
150 157 1
150 208 1
150 277 1
150 449 1
150 884 1
150 1186 1
150 1424 1
150 1469 1
151 804 1
151 939 1
151 1055 1
151 1122 1
151 1320 1
152 379 1
152 447 1
152 470 1
152 538 1
152 707 1
152 754 1
152 827 1
152 1079 1
152 1380 1
152 1415 1
153 199 1
153 834 1
153 1020 1
153 1308 1
154 253 1
154 320 1
154 453 1
154 454 1
154 488 1
154 512 1
154 617 1
154 652 1
154 811 1
154 941 1
154 949 1
154 1156 1
154 1435 1
154 1589 1
154 1606 1
154 1629 1
154 1684 1
155 220 1
155 418 1
155 655 1
155 701 1
155 745 1
155 1123 1
155 1145 1
155 1153 1
155 1202 1
155 1348 1
156 218 1
156 640 1
156 891 1
157 191 1
157 192 1
157 209 1
157 330 1
157 334 1
157 397 1
157 408 1
157 620 1
157 652 1
157 676 1
157 766 1
157 1093 1
157 1096 1
157 1434 1
157 1518 1
158 394 1
158 880 1
158 891 1
158 1025 1
159 168 1
159 176 1
159 374 1
159 458 1
159 494 1
159 905 1
159 1031 1
159 1070 1
159 1209 1
159 1210 1
159 1267 1
160 333 1
160 395 1
160 397 1
160 585 1
160 892 1
160 1037 1
160 1471 1
161 178 1
161 187 1
161 193 1
161 285 1
161 640 1
161 805 1
161 817 1
161 1128 1
161 1163 1
161 1293 1
162 431 1
162 511 1
162 699 1
162 756 1
162 927 1
162 1130 1
162 1312 1
163 343 1
163 439 1
163 667 1
163 887 1
163 952 1
163 1014 1
163 1030 1
163 1098 1
163 1112 1
164 398 1
164 752 1
164 799 1
164 1204 1
164 1544 1
165 179 1
165 190 1
165 219 1
165 349 1
165 353 1
165 419 1
165 541 1
165 620 1
165 662 1
165 982 1
165 1000 1
165 1095 1
165 1202 1
165 1448 1
165 1452 1
166 349 1
166 381 1
166 425 1
166 453 1
166 461 1
166 468 1
166 500 1
166 543 1
166 590 1
166 743 1
166 937 1
166 1003 1
166 1024 1
166 1105 1
167 210 1
167 294 1
167 376 1
167 506 1
167 642 1
167 647 1
167 772 1
167 1352 1
167 1404 1
168 319 1
168 810 1
168 1429 1
169 203 1
169 252 1
169 266 1
169 305 1
169 339 1
169 348 1
169 505 1
169 539 1
169 626 1
169 810 1
169 923 1
169 1180 1
169 1564 1
170 235 1
170 245 1
170 336 1
170 337 1
170 358 1
170 440 1
170 508 1
170 821 1
170 928 1
170 973 1
170 1006 1
170 1119 1
170 1130 1
170 1140 1
170 1179 1
170 1335 1
170 1452 1
171 175 1
171 195 1
171 308 1
171 341 1
171 436 1
171 450 1
171 539 1
171 555 1
171 626 1
171 765 1
171 788 1
171 818 1
171 878 1
171 1306 1
171 1365 1
171 1405 1
171 1671 1
172 197 1
172 362 1
172 410 1
172 518 1
172 566 1
172 625 1
172 748 1
172 1212 1
172 1258 1
172 1269 1
172 1660 1
172 1687 1
173 200 1
173 234 1
173 449 1
173 463 1
173 544 1
173 629 1
173 1282 1
173 1333 1
173 1354 1
173 1541 1
173 1610 1
173 1690 1
174 340 1
174 444 1
174 445 1
174 584 1
174 731 1
174 1077 1
174 1389 1
175 182 1
175 529 1
175 692 1
175 776 1
175 823 1
175 893 1
175 947 1
175 1483 1
175 1628 1
176 342 1
176 740 1
176 746 1
176 949 1
176 1014 1
176 1033 1
176 1461 1
177 227 1
177 352 1
177 535 1
177 638 1
177 715 1
177 851 1
177 862 1
177 1092 1
177 1377 1
178 969 1
179 228 1
179 234 1
179 375 1
179 1019 1
179 1417 1
179 1525 1
179 1612 1
180 310 1
180 394 1
180 470 1
180 609 1
180 758 1
180 866 1
180 1286 1
180 1307 1
180 1434 1
181 458 1
181 1585 1
182 244 1
182 413 1
182 945 1
183 242 1
183 440 1
183 1486 1
183 1600 1
183 1680 1
184 300 1
184 315 1
184 324 1
184 478 1
184 1575 1
185 216 1
185 399 1
185 1362 1
186 738 1
186 1253 1
186 1444 1
187 255 1
187 487 1
187 688 1
187 794 1
187 954 1
187 1510 1
188 208 1
188 210 1
188 287 1
188 330 1
188 333 1
188 362 1
188 380 1
188 389 1
188 398 1
188 409 1
188 413 1
188 522 1
188 540 1
188 561 1
188 657 1
188 704 1
188 712 1
188 723 1
188 783 1
188 917 1
188 922 1
188 953 1
188 1199 1
188 1234 1
188 1312 1
188 1489 1
188 1617 1
188 1654 1
189 549 1
189 657 1
189 709 1
189 759 1
189 946 1
189 1052 1
189 1159 1
189 1204 1
189 1468 1
190 234 1
190 258 1
190 332 1
190 784 1
190 808 1
190 822 1
190 1220 1
190 1330 1
190 1405 1
190 1535 1
191 571 1
191 890 1
191 953 1
192 278 1
192 473 1
192 581 1
192 616 1
192 777 1
192 993 1
192 1078 1
192 1219 1
192 1528 1
193 299 1
193 314 1
193 644 1
193 954 1
193 1079 1
193 1344 1
194 261 1
194 279 1
194 290 1
194 292 1
194 981 1
194 1558 1
194 1587 1
195 223 1
195 508 1
195 1491 1
196 241 1
196 401 1
196 573 1
196 697 1
196 799 1
196 814 1
196 925 1
196 1190 1
196 1284 1
196 1396 1
196 1492 1
196 1532 1
196 1647 1
197 327 1
197 396 1
197 491 1
197 498 1
197 764 1
197 1137 1
197 1183 1
197 1205 1
197 1293 1
197 1315 1
197 1349 1
197 1478 1
197 1609 1
197 1657 1
198 511 1
198 721 1
198 1045 1
199 309 1
199 325 1
199 411 1
199 476 1
199 545 1
199 817 1
199 970 1
199 1436 1
200 217 1
200 298 1
200 489 1
200 725 1
200 759 1
200 1154 1
200 1291 1
200 1294 1
201 720 1
201 782 1
201 1162 1
201 1205 1
201 1276 1
201 1393 1
201 1408 1
201 1510 1
201 1634 1
202 211 1
202 276 1
202 379 1
202 418 1
202 668 1
202 878 1
202 906 1
202 1013 1
202 1074 1
202 1107 1
202 1145 1
202 1217 1
202 1338 1
202 1364 1
202 1559 1
202 1679 1
203 221 1
203 329 1
203 958 1
203 962 1
203 1399 1
203 1696 1
204 334 1
204 424 1
204 671 1
206 1651 1
207 461 1
207 715 1
207 870 1
207 921 1
207 1005 1
207 1123 1
207 1316 1
207 1332 1
207 1391 1
208 240 1
208 386 1
208 395 1
208 437 1
208 1548 1
209 243 1
209 263 1
209 282 1
209 382 1
209 417 1
209 578 1
209 786 1
209 934 1
209 1043 1
209 1572 1
210 378 1
210 576 1
210 1044 1
210 1351 1
211 263 1
211 420 1
211 525 1
211 743 1
211 854 1
211 1210 1
211 1326 1
211 1518 1
212 227 1
212 251 1
212 385 1
212 393 1
212 450 1
212 452 1
212 465 1
212 581 1
212 682 1
212 702 1
212 735 1
212 804 1
212 884 1
212 1039 1
212 1058 1
212 1060 1
212 1109 1
212 1173 1
212 1211 1
212 1222 1
212 1230 1
212 1279 1
212 1478 1
213 239 1
213 280 1
213 459 1
213 582 1
213 1051 1
213 1235 1
214 335 1
214 468 1
214 485 1
214 489 1
214 495 1
214 762 1
214 804 1
214 842 1
214 1008 1
214 1075 1
214 1244 1
214 1395 1
214 1458 1
215 421 1
215 531 1
215 672 1
215 689 1
215 957 1
215 976 1
215 1120 1
215 1446 1
215 1459 1
216 242 1
216 351 1
216 423 1
216 456 1
216 460 1
216 481 1
216 594 1
216 633 1
216 686 1
216 726 1
216 892 1
216 1018 1
216 1149 1
216 1388 1
217 413 1
217 451 1
217 627 1
217 1553 1
217 1578 1
217 1615 1
218 270 1
218 520 1
218 566 1
218 637 1
218 693 1
218 771 1
218 800 1
218 875 1
218 974 1
218 1266 1
218 1534 1
219 237 1
219 259 1
219 311 1
219 399 1
219 415 1
219 435 1
219 439 1
219 528 1
219 544 1
219 633 1
219 696 1
219 768 1
219 1060 1
219 1091 1
219 1099 1
219 1117 1
219 1387 1
220 955 1
220 1547 1
221 577 1
221 1171 1
221 1345 1
221 1579 1
222 259 1
222 354 1
222 367 1
222 629 1
222 767 1
222 1076 1
222 1374 1
222 1618 1
222 1625 1
223 267 1
223 373 1
223 385 1
223 529 1
223 579 1
223 783 1
223 789 1
223 801 1
223 967 1
223 1276 1
223 1303 1
223 1415 1
224 304 1
224 1436 1
225 286 1
225 449 1
225 504 1
225 593 1
225 619 1
225 627 1
225 797 1
225 1219 1
226 248 1
226 690 1
226 875 1
226 1348 1
226 1665 1
227 240 1
227 324 1
227 387 1
227 401 1
227 415 1
227 467 1
227 553 1
227 646 1
227 712 1
227 871 1
227 872 1
227 956 1
227 1179 1
227 1180 1
227 1245 1
227 1359 1
227 1379 1
227 1521 1
227 1688 1
228 464 1
228 870 1
228 905 1
228 937 1
228 1619 1
229 290 1
229 329 1
229 389 1
229 436 1
229 599 1
229 773 1
229 792 1
229 823 1
229 824 1
229 1002 1
229 1132 1
229 1284 1
230 288 1
230 327 1
230 1406 1
231 726 1
231 871 1
231 913 1
231 1061 1
231 1605 1
232 249 1
232 275 1
232 318 1
232 320 1
232 342 1
232 416 1
232 527 1
232 630 1
232 704 1
232 1069 1
232 1286 1
232 1494 1
232 1562 1
233 250 1
233 306 1
233 338 1
233 421 1
233 466 1
233 601 1
233 935 1
234 283 1
234 375 1
234 525 1
234 918 1
234 1039 1
234 1585 1
235 638 1
235 1285 1
236 315 1
236 443 1
236 450 1
236 466 1
236 485 1
236 753 1
236 755 1
236 795 1
236 922 1
236 986 1
236 1480 1
237 372 1
237 645 1
237 751 1
237 832 1
237 948 1
237 1028 1
237 1289 1
237 1322 1
237 1360 1
237 1535 1
238 297 1
238 341 1
238 351 1
238 365 1
238 462 1
238 564 1
238 1037 1
238 1189 1
238 1323 1
238 1540 1
239 607 1
239 1647 1
240 331 1
240 334 1
240 365 1
240 418 1
240 727 1
240 1050 1
240 1108 1
240 1281 1
240 1632 1
241 272 1
241 305 1
241 346 1
241 364 1
241 388 1
241 400 1
241 520 1
241 666 1
241 885 1
241 1028 1
241 1045 1
241 1092 1
241 1370 1
241 1390 1
241 1539 1
241 1593 1
241 1644 1
242 594 1
242 622 1
242 814 1
242 999 1
242 1049 1
242 1280 1
243 325 1
243 509 1
243 546 1
243 652 1
243 863 1
243 888 1
243 915 1
244 281 1
244 369 1
244 619 1
244 1225 1
244 1558 1
244 1658 1
245 333 1
245 420 1
245 684 1
245 867 1
245 1374 1
246 254 1
246 297 1
246 463 1
246 523 1
246 600 1
246 728 1
246 736 1
246 1042 1
246 1231 1
246 1646 1
246 1662 1
247 355 1
247 496 1
247 608 1
247 1135 1
248 476 1
248 1297 1
249 381 1
249 401 1
249 405 1
250 256 1
250 646 1
250 653 1
250 675 1
250 678 1
250 754 1
250 973 1
250 1000 1
250 1097 1
250 1218 1
250 1495 1
250 1498 1
251 699 1
251 1444 1
252 1246 1
253 320 1
253 628 1
253 667 1
253 694 1
253 851 1
253 928 1
253 1247 1
253 1361 1
254 368 1
254 388 1
254 865 1
254 1270 1
254 1291 1
254 1439 1
255 283 1
255 442 1
255 615 1
255 638 1
255 961 1
255 1111 1
255 1521 1
256 833 1
256 923 1
257 289 1
257 699 1
257 1109 1
257 1282 1
257 1694 1
258 299 1
258 551 1
259 261 1
259 458 1
259 812 1
259 1027 1
260 270 1
260 902 1
260 1301 1
261 292 1
261 313 1
261 382 1
261 730 1
261 861 1
261 904 1
261 1114 1
261 1649 1
262 1092 1
262 1526 1
263 556 1
263 623 1
264 384 1
264 433 1
264 518 1
265 350 1
265 507 1
265 582 1
265 1020 1
265 1208 1
265 1462 1
265 1604 1
265 1682 1
266 714 1
266 901 1
266 1038 1
266 1071 1
266 1483 1
266 1690 1
267 313 1
267 689 1
267 964 1
267 1018 1
268 390 1
268 517 1
268 1372 1
270 281 1
270 1004 1
270 1483 1
271 464 1
271 472 1
271 740 1
271 1658 1
272 300 1
272 428 1
272 457 1
272 460 1
272 482 1
272 536 1
272 660 1
272 724 1
272 985 1
272 1674 1
273 368 1
273 833 1
273 1155 1
273 1430 1
273 1577 1
273 1659 1
273 1691 1
274 300 1
274 1364 1
274 1648 1
275 622 1
275 782 1
275 1295 1
275 1669 1
276 279 1
276 339 1
276 598 1
276 1348 1
277 781 1
277 1233 1
278 694 1
278 731 1
278 1249 1
279 321 1
279 339 1
279 644 1
279 763 1
279 1189 1
280 656 1
280 836 1
280 879 1
280 1070 1
280 1181 1
280 1422 1
280 1637 1
281 292 1
281 408 1
281 497 1
281 530 1
281 615 1
281 765 1
281 816 1
281 840 1
281 894 1
281 934 1
281 1065 1
281 1236 1
281 1318 1
282 1478 1
283 356 1
283 610 1
283 1381 1
284 873 1
284 1066 1
285 359 1
285 364 1
285 417 1
285 451 1
285 454 1
285 456 1
285 537 1
285 632 1
285 836 1
285 916 1
285 944 1
285 1100 1
285 1104 1
285 1168 1
285 1329 1
286 404 1
286 424 1
286 706 1
286 965 1
286 1081 1
286 1673 1
287 952 1
287 1146 1
287 1693 1
288 327 1
288 417 1
288 447 1
288 526 1
288 546 1
288 836 1
288 1010 1
288 1066 1
288 1150 1
288 1234 1
288 1265 1
288 1285 1
288 1327 1
288 1333 1
288 1345 1
289 1453 1
290 295 1
290 705 1
290 717 1
290 980 1
290 1312 1
290 1342 1
291 516 1
291 536 1
291 549 1
291 741 1
291 845 1
291 857 1
291 889 1
291 923 1
291 940 1
291 1356 1
291 1491 1
291 1492 1
291 1561 1
292 334 1
292 632 1
292 724 1
292 749 1
292 872 1
292 883 1
292 904 1
292 1309 1
293 317 1
293 402 1
293 486 1
293 568 1
293 777 1
293 787 1
293 1444 1
294 307 1
294 386 1
294 424 1
294 510 1
294 581 1
294 940 1
294 1064 1
294 1531 1
294 1644 1
295 749 1
295 1015 1
295 1121 1
295 1523 1
296 353 1
296 974 1
296 993 1
296 1611 1
297 440 1
297 651 1
297 1059 1
297 1292 1
298 352 1
298 1100 1
299 550 1
299 614 1
299 762 1
299 995 1
299 1211 1
299 1622 1
300 326 1
300 483 1
300 550 1
300 609 1
300 659 1
300 680 1
301 757 1
302 597 1
302 1023 1
302 1043 1
302 1236 1
302 1406 1
302 1544 1
302 1636 1
302 1650 1
303 488 1
303 696 1
303 902 1
303 1012 1
303 1166 1
303 1378 1
304 603 1
304 1108 1
304 1351 1
304 1404 1
304 1555 1
304 1565 1
305 348 1
305 438 1
305 761 1
305 830 1
305 1011 1
305 1247 1
305 1381 1
305 1538 1
305 1571 1
306 358 1
306 369 1
306 1096 1
306 1279 1
306 1620 1
306 1636 1
307 310 1
307 402 1
307 410 1
307 413 1
307 563 1
307 587 1
307 619 1
307 1188 1
307 1367 1
307 1416 1
307 1614 1
308 609 1
308 965 1
308 1257 1
309 691 1
309 1096 1
310 533 1
311 732 1
311 822 1
311 1049 1
311 1132 1
311 1313 1
311 1563 1
312 522 1
312 838 1
312 1101 1
313 552 1
313 940 1
313 1109 1
314 556 1
314 841 1
314 854 1
314 1522 1
315 475 1
315 482 1
315 592 1
315 639 1
315 745 1
315 1068 1
315 1142 1
315 1256 1
315 1513 1
316 434 1
316 755 1
316 1515 1
316 1593 1
316 1613 1
317 358 1
317 558 1
317 600 1
317 1026 1
317 1034 1
317 1253 1
317 1306 1
317 1495 1
318 501 1
318 576 1
318 864 1
318 948 1
318 1181 1
318 1328 1
318 1651 1
318 1679 1
319 576 1
319 1226 1
319 1586 1
320 675 1
321 502 1
321 628 1
321 678 1
321 686 1
321 742 1
321 796 1
321 900 1
321 911 1
321 1476 1
322 377 1
322 1012 1
322 1124 1
322 1184 1
322 1226 1
322 1643 1
323 381 1
323 444 1
323 555 1
323 1121 1
323 1150 1
323 1385 1
323 1592 1
324 361 1
324 618 1
324 703 1
324 996 1
324 1367 1
324 1619 1
325 410 1
325 1321 1
326 337 1
326 365 1
326 414 1
326 581 1
326 836 1
326 1065 1
326 1509 1
326 1655 1
327 664 1
327 823 1
328 471 1
328 1379 1
328 1393 1
329 362 1
329 367 1
329 374 1
329 630 1
329 643 1
329 878 1
329 1283 1
329 1462 1
330 540 1
330 614 1
330 798 1
331 403 1
331 1084 1
331 1436 1
332 468 1
332 512 1
332 1042 1
332 1152 1
332 1223 1
332 1251 1
333 1182 1
333 1314 1
333 1376 1
333 1574 1
334 353 1
334 847 1
334 874 1
334 978 1
334 1161 1
334 1473 1
335 591 1
335 833 1
335 904 1
335 1360 1
336 750 1
336 1177 1
337 359 1
337 457 1
337 848 1
337 891 1
337 895 1
337 1070 1
337 1139 1
337 1393 1
337 1413 1
337 1654 1
338 373 1
338 407 1
338 474 1
338 491 1
338 542 1
338 604 1
338 861 1
338 897 1
338 997 1
338 1197 1
339 584 1
339 691 1
339 704 1
339 908 1
339 936 1
339 977 1
339 1249 1
339 1426 1
339 1521 1
339 1569 1
340 961 1
340 1445 1
340 1448 1
341 653 1
341 661 1
341 679 1
341 825 1
341 1672 1
342 465 1
342 986 1
342 1205 1
342 1469 1
343 658 1
343 1425 1
344 520 1
345 750 1
345 1490 1
346 800 1
346 837 1
346 976 1
346 1608 1
348 481 1
348 554 1
348 789 1
348 857 1
348 1619 1
348 1664 1
349 541 1
349 700 1
349 1088 1
350 554 1
350 895 1
350 1641 1
351 512 1
351 685 1
351 937 1
351 1058 1
351 1309 1
352 376 1
352 402 1
352 510 1
352 554 1
352 566 1
352 602 1
352 853 1
352 1518 1
353 606 1
353 914 1
354 411 1
354 412 1
354 564 1
354 1015 1
354 1324 1
354 1681 1
356 392 1
356 1300 1
356 1366 1
356 1622 1
358 422 1
358 439 1
358 605 1
358 674 1
358 807 1
358 1003 1
358 1151 1
358 1170 1
358 1180 1
358 1453 1
358 1604 1
359 849 1
359 919 1
359 1079 1
359 1279 1
359 1304 1
359 1346 1
359 1532 1
359 1643 1
360 572 1
360 734 1
360 1407 1
361 421 1
361 687 1
361 971 1
361 1054 1
362 505 1
362 663 1
362 708 1
362 905 1
362 947 1
362 1169 1
362 1248 1
362 1272 1
362 1305 1
362 1347 1
363 392 1
363 445 1
363 446 1
363 1110 1
363 1204 1
363 1589 1
364 426 1
364 766 1
365 646 1
365 761 1
365 1104 1
365 1191 1
365 1469 1
366 989 1
366 1499 1
366 1662 1
367 883 1
367 1237 1
368 1101 1
368 1280 1
368 1542 1
369 1077 1
369 1285 1
369 1556 1
370 507 1
370 527 1
370 602 1
370 789 1
370 1662 1
371 388 1
371 433 1
371 763 1
371 860 1
371 1118 1
371 1275 1
371 1293 1
372 472 1
372 708 1
372 816 1
372 980 1
372 994 1
372 1286 1
372 1403 1
372 1576 1
372 1592 1
373 782 1
373 971 1
373 1638 1
374 473 1
374 492 1
374 932 1
374 1039 1
374 1415 1
374 1624 1
375 484 1
375 741 1
376 429 1
377 781 1
377 1095 1
377 1433 1
377 1618 1
378 427 1
378 1271 1
379 583 1
379 588 1
379 674 1
379 968 1
379 985 1
379 1087 1
379 1250 1
379 1339 1
380 447 1
380 1085 1
380 1253 1
380 1270 1
380 1384 1
380 1482 1
380 1602 1
381 519 1
381 844 1
381 861 1
381 1182 1
381 1276 1
382 564 1
382 621 1
382 623 1
382 635 1
382 741 1
382 868 1
382 1192 1
382 1224 1
384 497 1
384 503 1
384 543 1
384 1174 1
384 1300 1
384 1317 1
384 1573 1
384 1607 1
385 700 1
385 1407 1
385 1623 1
386 426 1
386 620 1
386 715 1
386 862 1
386 1141 1
387 1317 1
387 1480 1
387 1574 1
388 556 1
388 588 1
388 870 1
389 566 1
389 910 1
389 1103 1
389 1474 1
389 1480 1
390 711 1
392 469 1
392 501 1
392 835 1
392 841 1
392 1268 1
393 762 1
393 1257 1
393 1431 1
394 429 1
394 767 1
394 795 1
394 1397 1
394 1441 1
394 1543 1
394 1650 1
395 409 1
395 437 1
395 671 1
395 1646 1
396 673 1
396 747 1
396 913 1
396 1195 1
397 1213 1
398 649 1
398 1117 1
398 1530 1
400 735 1
400 791 1
400 931 1
400 952 1
400 1171 1
400 1660 1
401 605 1
401 920 1
402 1299 1
402 1302 1
402 1429 1
402 1611 1
403 421 1
403 427 1
403 483 1
403 596 1
403 805 1
403 987 1
403 1056 1
403 1392 1
403 1557 1
403 1559 1
404 589 1
404 1199 1
404 1547 1
405 452 1
405 1679 1
406 614 1
406 1149 1
406 1245 1
406 1312 1
406 1368 1
406 1417 1
406 1511 1
407 530 1
407 672 1
407 682 1
407 683 1
407 758 1
407 818 1
407 838 1
407 1058 1
407 1216 1
408 497 1
409 1107 1
409 1554 1
410 753 1
410 1313 1
411 423 1
411 554 1
411 589 1
411 1528 1
411 1657 1
412 561 1
412 955 1
412 1126 1
412 1188 1
412 1219 1
412 1308 1
412 1668 1
414 843 1
414 1311 1
414 1548 1
415 1114 1
415 1135 1
415 1439 1
416 919 1
416 1250 1
416 1266 1
416 1301 1
416 1311 1
416 1326 1
417 957 1
417 1053 1
417 1056 1
418 1013 1
418 1214 1
418 1625 1
418 1661 1
419 631 1
419 635 1
419 1687 1
419 1700 1
420 525 1
420 737 1
421 452 1
421 496 1
422 548 1
422 969 1
422 1197 1
422 1682 1
423 567 1
423 571 1
423 610 1
423 661 1
423 668 1
423 820 1
423 1024 1
423 1229 1
423 1596 1
424 483 1
424 495 1
424 516 1
424 1349 1
424 1378 1
424 1642 1
425 430 1
425 541 1
425 743 1
425 796 1
425 845 1
425 1002 1
425 1117 1
425 1150 1
425 1270 1
425 1323 1
426 616 1
426 729 1
426 1047 1
426 1062 1
426 1584 1
426 1673 1
427 706 1
427 995 1
427 1368 1
427 1432 1
427 1470 1
428 631 1
428 1139 1
429 575 1
429 1016 1
429 1264 1
430 445 1
430 641 1
430 721 1
430 914 1
430 1011 1
430 1080 1
430 1507 1
431 1178 1
431 1493 1
432 514 1
432 896 1
432 1007 1
432 1083 1
432 1158 1
432 1268 1
432 1516 1
432 1524 1
432 1617 1
433 521 1
433 603 1
433 610 1
433 733 1
433 776 1
433 906 1
433 1126 1
433 1138 1
433 1628 1
434 677 1
434 787 1
434 805 1
434 1041 1
434 1216 1
434 1493 1
435 530 1
435 539 1
435 778 1
435 825 1
435 892 1
436 513 1
436 555 1
436 695 1
436 871 1
436 1160 1
436 1429 1
437 606 1
437 665 1
437 671 1
437 1599 1
438 1157 1
440 709 1
440 808 1
440 1383 1
440 1497 1
441 501 1
441 594 1
441 887 1
441 930 1
441 1143 1
441 1208 1
441 1391 1
441 1643 1
442 472 1
442 629 1
442 789 1
442 838 1
442 859 1
442 879 1
442 1122 1
442 1658 1
442 1686 1
443 472 1
443 521 1
443 755 1
443 999 1
443 1162 1
443 1438 1
444 580 1
444 961 1
445 1094 1
446 538 1
446 1394 1
447 676 1
447 1206 1
449 463 1
449 466 1
449 547 1
449 568 1
450 584 1
451 545 1
451 724 1
451 848 1
452 1011 1
452 1137 1
453 477 1
453 569 1
453 824 1
453 1279 1
453 1540 1
454 490 1
454 578 1
454 668 1
454 843 1
454 1101 1
454 1571 1
454 1678 1
455 563 1
455 1258 1
455 1281 1
455 1529 1
455 1655 1
456 510 1
456 583 1
456 617 1
456 626 1
456 670 1
456 680 1
456 1063 1
456 1064 1
456 1260 1
456 1322 1
456 1668 1
458 469 1
458 800 1
458 927 1
458 1233 1
459 559 1
459 829 1
459 1307 1
459 1359 1
459 1379 1
460 1064 1
461 1109 1
461 1511 1
463 667 1
463 777 1
463 875 1
463 1395 1
463 1537 1
463 1690 1
464 698 1
464 736 1
464 1332 1
464 1358 1
464 1454 1
464 1467 1
465 571 1
465 785 1
465 1542 1
465 1560 1
467 732 1
467 898 1
467 1060 1
467 1131 1
467 1163 1
467 1338 1
467 1666 1
468 482 1
468 1438 1
469 773 1
469 794 1
469 914 1
469 1078 1
469 1258 1
469 1297 1
469 1385 1
469 1455 1
469 1530 1
469 1614 1
470 936 1
471 625 1
471 988 1
471 1076 1
471 1578 1
471 1695 1
472 708 1
472 806 1
472 835 1
472 1011 1
472 1535 1
472 1640 1
473 987 1
473 1015 1
473 1265 1
474 756 1
476 866 1
476 1615 1
477 689 1
477 995 1
477 1058 1
477 1263 1
477 1288 1
477 1473 1
477 1481 1
477 1538 1
477 1579 1
478 713 1
478 1035 1
479 498 1
479 1113 1
479 1569 1
479 1645 1
480 489 1
480 770 1
480 1147 1
481 941 1
481 1035 1
481 1263 1
481 1420 1
481 1438 1
481 1557 1
482 639 1
482 1044 1
483 568 1
483 785 1
483 1366 1
483 1432 1
483 1520 1
483 1640 1
484 752 1
484 932 1
485 606 1
485 655 1
485 959 1
485 1007 1
486 633 1
486 642 1
486 1460 1
488 522 1
488 577 1
488 613 1
488 1686 1
489 651 1
489 1029 1
490 601 1
490 1064 1
490 1503 1
491 595 1
491 910 1
492 1411 1
492 1437 1
493 612 1
493 663 1
493 1228 1
493 1343 1
494 637 1
494 1380 1
494 1537 1
495 802 1
495 856 1
495 1675 1
496 531 1
496 617 1
496 1007 1
497 649 1
497 1470 1
498 628 1
498 666 1
498 933 1
498 977 1
498 1183 1
498 1676 1
499 1114 1
499 1541 1
500 570 1
500 969 1
500 1196 1
500 1433 1
501 1067 1
501 1371 1
502 555 1
502 670 1
502 989 1
502 1433 1
502 1472 1
502 1477 1
503 987 1
503 1169 1
503 1280 1
503 1464 1
505 1000 1
505 1263 1
505 1321 1
506 590 1
506 1172 1
506 1193 1
506 1295 1
506 1484 1
508 1136 1
509 597 1
509 798 1
510 532 1
510 579 1
510 604 1
510 757 1
510 1277 1
510 1428 1
510 1630 1
511 718 1
511 791 1
511 1055 1
511 1676 1
512 775 1
512 831 1
512 878 1
513 546 1
513 557 1
513 953 1
513 1023 1
513 1221 1
513 1330 1
514 1256 1
515 1351 1
516 524 1
516 562 1
516 740 1
516 793 1
516 910 1
516 1072 1
516 1182 1
516 1318 1
516 1503 1
517 703 1
517 944 1
517 1049 1
517 1259 1
517 1584 1
518 572 1
518 597 1
518 911 1
518 948 1
518 1165 1
519 720 1
519 819 1
519 1237 1
519 1251 1
519 1468 1
520 1626 1
521 547 1
521 570 1
521 862 1
521 1138 1
521 1257 1
521 1641 1
522 582 1
522 677 1
522 764 1
522 1152 1
522 1208 1
523 593 1
523 885 1
523 1197 1
523 1202 1
523 1242 1
523 1582 1
524 677 1
524 1118 1
524 1669 1
525 658 1
525 860 1
525 893 1
525 1225 1
525 1430 1
525 1479 1
527 957 1
527 999 1
527 1203 1
528 728 1
528 764 1
528 785 1
528 850 1
528 1643 1
529 816 1
529 981 1
530 1233 1
530 1639 1
531 1426 1
531 1528 1
531 1668 1
532 604 1
532 1621 1
537 575 1
537 754 1
537 1038 1
537 1164 1
538 560 1
538 578 1
538 583 1
538 611 1
538 963 1
538 1544 1
539 614 1
539 643 1
539 725 1
539 759 1
539 1125 1
539 1373 1
540 693 1
540 797 1
540 954 1
540 978 1
540 1305 1
540 1343 1
540 1533 1
540 1624 1
540 1682 1
541 885 1
541 993 1
541 1562 1
541 1678 1
542 1088 1
542 1262 1
542 1554 1
544 1083 1
544 1354 1
545 602 1
545 771 1
545 877 1
545 1304 1
545 1410 1
546 585 1
546 649 1
546 1069 1
546 1213 1
546 1367 1
546 1604 1
547 897 1
547 1523 1
548 1306 1
548 1337 1
548 1661 1
549 645 1
549 992 1
549 1371 1
550 660 1
550 701 1
550 994 1
550 1303 1
550 1374 1
550 1687 1
551 793 1
551 1091 1
551 1393 1
551 1664 1
552 1597 1
553 657 1
554 1296 1
554 1659 1
555 802 1
555 848 1
555 1106 1
555 1170 1
555 1198 1
555 1398 1
555 1498 1
556 906 1
556 1455 1
557 717 1
557 771 1
557 928 1
557 990 1
557 1068 1
558 866 1
558 956 1
559 1573 1
560 780 1
561 1209 1
562 573 1
562 578 1
562 946 1
562 1494 1
563 1698 1
564 679 1
564 1376 1
564 1449 1
566 889 1
566 991 1
566 1383 1
566 1497 1
566 1574 1
566 1640 1
567 636 1
567 858 1
568 1311 1
568 1621 1
569 886 1
569 1054 1
569 1110 1
569 1116 1
569 1345 1
569 1649 1
569 1677 1
570 1148 1
571 890 1
572 632 1
572 790 1
572 1388 1
572 1426 1
573 796 1
573 1297 1
574 907 1
574 1103 1
575 660 1
575 1560 1
576 978 1
577 718 1
577 753 1
577 826 1
577 831 1
577 911 1
577 921 1
577 1201 1
577 1237 1
577 1254 1
577 1413 1
577 1579 1
577 1612 1
577 1635 1
578 814 1
578 1111 1
578 1365 1
578 1375 1
578 1620 1
580 716 1
580 876 1
580 899 1
581 1162 1
582 714 1
582 1474 1
582 1642 1
583 674 1
583 963 1
583 1260 1
583 1359 1
583 1618 1
583 1628 1
583 1672 1
585 1500 1
586 634 1
586 886 1
586 1113 1
586 1386 1
586 1437 1
589 797 1
590 684 1
590 983 1
591 643 1
591 763 1
591 1627 1
591 1631 1
592 1046 1
592 1377 1
593 947 1
593 1087 1
593 1572 1
594 1177 1
595 1045 1
595 1231 1
595 1525 1
596 599 1
596 718 1
596 1135 1
596 1652 1
597 598 1
597 958 1
597 978 1
597 1150 1
597 1379 1
598 790 1
598 1689 1
599 621 1
599 1272 1
600 713 1
600 1203 1
600 1302 1
600 1448 1
600 1597 1
601 736 1
601 821 1
601 1383 1
601 1659 1
603 655 1
603 1014 1
603 1141 1
603 1153 1
604 618 1
604 644 1
604 897 1
604 938 1
604 1204 1
604 1340 1
605 694 1
605 727 1
605 737 1
605 1283 1
605 1508 1
605 1654 1
606 648 1
606 1143 1
606 1233 1
607 916 1
607 1062 1
607 1214 1
607 1517 1
607 1669 1
607 1689 1
608 707 1
608 746 1
608 769 1
608 846 1
608 1232 1
608 1477 1
609 986 1
609 1328 1
609 1560 1
610 1163 1
610 1212 1
611 1001 1
611 1482 1
612 817 1
612 865 1
612 1081 1
612 1454 1
613 894 1
613 1350 1
614 622 1
614 697 1
614 1215 1
614 1623 1
615 656 1
616 901 1
617 692 1
617 1464 1
618 681 1
618 996 1
618 1372 1
618 1680 1
619 627 1
619 699 1
619 750 1
619 841 1
619 969 1
619 1247 1
620 650 1
620 1549 1
622 1144 1
622 1208 1
623 828 1
623 950 1
623 975 1
623 1073 1
623 1284 1
624 721 1
624 780 1
624 901 1
624 1206 1
624 1428 1
624 1500 1
624 1617 1
625 774 1
627 696 1
627 1034 1
627 1245 1
628 1044 1
629 1271 1
629 1610 1
630 710 1
630 826 1
631 635 1
631 872 1
631 902 1
631 1607 1
631 1646 1
633 869 1
635 1201 1
636 909 1
637 937 1
637 1376 1
638 1216 1
639 1294 1
640 873 1
640 932 1
640 1207 1
642 794 1
642 872 1
642 939 1
642 1057 1
642 1422 1
643 760 1
644 677 1
644 994 1
644 1036 1
644 1623 1
645 809 1
645 849 1
645 1489 1
646 707 1
646 730 1
646 809 1
646 882 1
646 951 1
646 1364 1
647 1341 1
648 1143 1
648 1331 1
648 1673 1
649 988 1
649 1311 1
649 1375 1
650 763 1
650 828 1
650 959 1
650 1006 1
650 1374 1
650 1441 1
651 984 1
653 817 1
653 1551 1
654 682 1
654 933 1
654 1149 1
654 1400 1
654 1633 1
655 740 1
655 827 1
655 882 1
655 1530 1
656 698 1
656 983 1
656 1326 1
657 802 1
657 908 1
657 1168 1
657 1238 1
658 1298 1
658 1345 1
658 1562 1
661 823 1
661 844 1
661 1085 1
664 665 1
664 746 1
664 900 1
664 1242 1
664 1290 1
664 1371 1
664 1543 1
665 868 1
666 1040 1
666 1100 1
668 781 1
668 782 1
668 1052 1
668 1313 1
668 1492 1
669 692 1
669 943 1
669 1296 1
670 784 1
670 1074 1
671 1656 1
671 1700 1
672 1115 1
673 918 1
674 719 1
674 757 1
674 1131 1
674 1609 1
675 813 1
675 1031 1
675 1335 1
675 1382 1
675 1678 1
677 691 1
677 958 1
678 1080 1
678 1097 1
678 1531 1
679 1170 1
679 1342 1
680 1068 1
681 686 1
682 1211 1
682 1408 1
682 1606 1
683 828 1
683 849 1
683 1410 1
684 687 1
684 743 1
684 1006 1
685 712 1
685 728 1
685 876 1
685 972 1
685 1496 1
686 714 1
686 788 1
686 1418 1
688 1033 1
688 1517 1
689 850 1
689 880 1
690 858 1
690 1022 1
690 1608 1
690 1626 1
690 1665 1
690 1670 1
691 779 1
691 826 1
691 1273 1
691 1456 1
692 727 1
692 985 1
692 996 1
692 1019 1
692 1055 1
692 1224 1
692 1252 1
692 1326 1
692 1647 1
695 1308 1
695 1596 1
696 1467 1
698 755 1
698 1182 1
699 1576 1
700 880 1
700 950 1
700 1030 1
700 1032 1
700 1140 1
701 899 1
701 1202 1
702 706 1
702 1034 1
702 1451 1
702 1598 1
703 776 1
703 1179 1
704 742 1
704 862 1
705 913 1
706 1034 1
706 1229 1
707 1545 1
708 1010 1
708 1230 1
710 919 1
710 931 1
710 988 1
710 1639 1
711 967 1
711 1094 1
712 1115 1
713 813 1
713 998 1
713 1082 1
713 1398 1
713 1669 1
714 1038 1
714 1528 1
714 1587 1
715 815 1
715 840 1
715 966 1
715 988 1
715 1022 1
715 1089 1
715 1471 1
715 1498 1
715 1568 1
716 752 1
716 1112 1
716 1443 1
717 1023 1
718 1377 1
718 1526 1
719 777 1
719 788 1
719 1130 1
719 1230 1
719 1372 1
719 1401 1
719 1536 1
720 1108 1
720 1414 1
720 1465 1
721 1355 1
722 960 1
722 1004 1
722 1273 1
723 1402 1
725 945 1
725 1370 1
725 1442 1
725 1580 1
726 1255 1
726 1388 1
726 1427 1
727 803 1
727 1057 1
728 806 1
728 839 1
728 896 1
728 1035 1
728 1386 1
728 1446 1
729 889 1
731 1108 1
733 815 1
734 786 1
734 1005 1
734 1317 1
735 786 1
735 842 1
737 751 1
737 1283 1
737 1699 1
738 1166 1
738 1409 1
739 935 1
739 1106 1
739 1173 1
739 1523 1
739 1593 1
741 1255 1
742 1016 1
742 1524 1
745 867 1
745 1262 1
747 907 1
747 1235 1
747 1343 1
747 1556 1
749 773 1
750 1106 1
751 860 1
751 939 1
753 766 1
753 898 1
753 1293 1
753 1334 1
754 1156 1
754 1459 1
756 1693 1
757 1019 1
757 1026 1
757 1027 1
757 1609 1
757 1699 1
758 866 1
758 960 1
758 1513 1
759 1241 1
759 1288 1
761 980 1
761 1098 1
761 1144 1
761 1397 1
762 1004 1
763 828 1
763 864 1
763 912 1
763 1303 1
763 1595 1
764 807 1
764 1012 1
765 1306 1
765 1515 1
767 804 1
767 956 1
767 1127 1
767 1194 1
769 865 1
769 1256 1
770 831 1
770 1094 1
770 1151 1
770 1162 1
771 1248 1
771 1672 1
772 1181 1
772 1466 1
774 1020 1
775 1402 1
776 880 1
776 883 1
776 1122 1
776 1243 1
779 1483 1
782 1573 1
783 1325 1
783 1386 1
785 1024 1
785 1050 1
785 1522 1
786 1592 1
787 818 1
787 1029 1
788 812 1
788 918 1
788 1165 1
788 1663 1
789 820 1
789 1080 1
789 1295 1
789 1684 1
791 1559 1
792 960 1
793 1127 1
793 1504 1
793 1670 1
794 1697 1
795 984 1
795 1295 1
796 1166 1
796 1657 1
797 1111 1
798 1137 1
799 894 1
799 1061 1
799 1289 1
800 918 1
800 1021 1
800 1209 1
800 1423 1
800 1694 1
801 819 1
801 1275 1
802 1138 1
802 1353 1
803 983 1
804 1035 1
805 1392 1
805 1421 1
806 1525 1
807 822 1
808 1649 1
809 824 1
809 1221 1
810 1057 1
810 1327 1
811 955 1
811 1627 1
812 917 1
812 1298 1
814 1684 1
815 857 1
815 1670 1
817 865 1
817 1008 1
817 1163 1
817 1235 1
817 1606 1
818 1023 1
818 1319 1
820 1440 1
820 1627 1
821 910 1
821 1394 1
822 1062 1
823 1397 1
824 1408 1
825 1125 1
825 1246 1
826 863 1
826 1092 1
826 1159 1
826 1252 1
827 1075 1
828 1086 1
828 1317 1
829 985 1
829 1083 1
829 1123 1
829 1341 1
829 1502 1
829 1549 1
829 1573 1
831 1360 1
831 1402 1
836 1243 1
836 1246 1
836 1363 1
836 1387 1
836 1548 1
837 994 1
837 1369 1
837 1456 1
837 1531 1
837 1656 1
837 1698 1
838 1578 1
839 1222 1
840 1493 1
841 854 1
842 942 1
842 1583 1
843 881 1
843 1665 1
843 1688 1
844 905 1
844 917 1
844 1645 1
845 1089 1
847 1164 1
848 1661 1
849 853 1
849 1215 1
850 1274 1
850 1631 1
852 1299 1
853 982 1
853 1402 1
853 1651 1
854 1128 1
854 1195 1
856 1193 1
857 1544 1
859 974 1
860 1225 1
861 1009 1
861 1552 1
862 945 1
862 1635 1
864 912 1
866 1157 1
866 1465 1
866 1531 1
867 982 1
868 1342 1
869 971 1
869 1191 1
869 1213 1
870 1014 1
871 900 1
871 1037 1
871 1439 1
872 1348 1
873 1485 1
874 1028 1
874 1502 1
875 1577 1
876 972 1
877 1567 1
878 1535 1
879 896 1
880 992 1
880 1504 1
881 1584 1
883 899 1
883 1117 1
884 1527 1
884 1594 1
887 943 1
888 1425 1
890 1691 1
891 1200 1
892 921 1
892 1417 1
892 1519 1
892 1547 1
892 1549 1
893 1430 1
894 938 1
897 1346 1
898 1375 1
899 1028 1
899 1101 1
899 1266 1
899 1479 1
899 1579 1
902 1591 1
903 1241 1
903 1422 1
904 981 1
905 1161 1
906 1184 1
906 1611 1
909 1466 1
910 979 1
910 1001 1
910 1017 1
910 1207 1
910 1436 1
910 1474 1
910 1480 1
910 1539 1
910 1574 1
911 1143 1
911 1167 1
915 1025 1
915 1289 1
915 1513 1
916 935 1
916 1534 1
917 963 1
917 964 1
917 1507 1
918 1144 1
918 1473 1
919 1324 1
919 1370 1
920 1508 1
921 926 1
923 1304 1
923 1660 1
924 1218 1
924 1223 1
924 1316 1
927 1522 1
928 1156 1
929 1443 1
929 1582 1
930 1183 1
930 1304 1
931 1019 1
931 1320 1
931 1571 1
932 1190 1
933 1082 1
933 1673 1
935 1170 1
936 1459 1
938 1133 1
938 1693 1
939 1167 1
940 946 1
940 1048 1
940 1321 1
940 1356 1
941 1139 1
941 1223 1
942 1278 1
943 1134 1
946 1048 1
946 1537 1
947 1120 1
947 1358 1
947 1417 1
948 1575 1
950 1001 1
950 1505 1
950 1594 1
952 1553 1
953 1003 1
953 1013 1
953 1533 1
953 1628 1
953 1652 1
954 1050 1
954 1533 1
955 1251 1
956 1551 1
957 1167 1
957 1346 1
957 1449 1
958 1016 1
958 1044 1
958 1517 1
962 1142 1
963 1155 1
963 1505 1
963 1527 1
964 1600 1
965 1171 1
966 1563 1
967 1511 1
967 1612 1
968 1399 1
970 1281 1
970 1358 1
970 1519 1
971 1120 1
971 1126 1
972 1648 1
976 1608 1
978 1261 1
979 1216 1
980 1265 1
980 1520 1
981 1282 1
981 1385 1
983 1288 1
983 1419 1
985 1107 1
985 1187 1
985 1259 1
985 1333 1
986 1153 1
986 1274 1
986 1593 1
986 1626 1
988 1504 1
989 1157 1
989 1267 1
989 1442 1
989 1585 1
989 1645 1
991 1084 1
992 1550 1
993 1497 1
994 1021 1
994 1025 1
994 1168 1
994 1622 1
996 1534 1
997 1555 1
998 1381 1
999 1350 1
999 1431 1
1000 1129 1
1002 1332 1
1005 1009 1
1005 1229 1
1006 1221 1
1007 1248 1
1007 1332 1
1007 1400 1
1008 1089 1
1009 1136 1
1010 1680 1
1011 1155 1
1011 1382 1
1016 1249 1
1019 1516 1
1020 1268 1
1021 1209 1
1021 1605 1
1022 1218 1
1022 1692 1
1024 1061 1
1024 1693 1
1025 1273 1
1025 1505 1
1025 1547 1
1025 1674 1
1026 1119 1
1027 1237 1
1027 1613 1
1028 1068 1
1028 1154 1
1028 1322 1
1028 1638 1
1028 1664 1
1029 1545 1
1029 1677 1
1033 1194 1
1033 1341 1
1033 1360 1
1034 1299 1
1035 1336 1
1036 1148 1
1036 1368 1
1037 1373 1
1038 1451 1
1038 1550 1
1039 1324 1
1040 1411 1
1042 1086 1
1042 1300 1
1043 1388 1
1044 1083 1
1044 1218 1
1044 1506 1
1044 1614 1
1046 1331 1
1047 1456 1
1051 1084 1
1051 1340 1
1052 1129 1
1052 1199 1
1052 1226 1
1052 1457 1
1054 1063 1
1054 1187 1
1055 1252 1
1056 1392 1
1057 1071 1
1057 1450 1
1058 1194 1
1058 1685 1
1060 1097 1
1060 1240 1
1060 1470 1
1061 1086 1
1064 1344 1
1064 1453 1
1066 1314 1
1066 1515 1
1067 1145 1
1067 1288 1
1067 1639 1
1069 1152 1
1070 1261 1
1070 1315 1
1070 1327 1
1070 1390 1
1071 1220 1
1073 1136 1
1073 1251 1
1073 1284 1
1074 1568 1
1075 1079 1
1075 1110 1
1075 1192 1
1075 1224 1
1075 1292 1
1076 1450 1
1078 1472 1
1078 1561 1
1082 1339 1
1083 1354 1
1083 1506 1
1083 1662 1
1084 1588 1
1085 1190 1
1089 1093 1
1089 1096 1
1089 1134 1
1089 1445 1
1089 1695 1
1092 1370 1
1092 1633 1
1094 1555 1
1096 1479 1
1097 1161 1
1097 1206 1
1097 1389 1
1097 1427 1
1098 1324 1
1098 1546 1
1098 1559 1
1098 1599 1
1100 1674 1
1101 1290 1
1102 1135 1
1103 1164 1
1103 1314 1
1105 1635 1
1106 1198 1
1106 1435 1
1107 1147 1
1107 1546 1
1108 1291 1
1111 1634 1
1112 1329 1
1112 1438 1
1114 1319 1
1114 1455 1
1115 1199 1
1116 1695 1
1117 1572 1
1122 1196 1
1122 1570 1
1125 1517 1
1125 1564 1
1126 1212 1
1126 1505 1
1126 1552 1
1126 1683 1
1128 1196 1
1129 1236 1
1130 1458 1
1132 1650 1
1133 1577 1
1135 1474 1
1135 1501 1
1138 1151 1
1138 1259 1
1138 1262 1
1139 1543 1
1140 1171 1
1141 1244 1
1141 1588 1
1143 1491 1
1145 1590 1
1146 1570 1
1148 1187 1
1148 1369 1
1149 1468 1
1149 1479 1
1150 1416 1
1151 1356 1
1154 1425 1
1154 1585 1
1155 1176 1
1158 1249 1
1158 1667 1
1158 1696 1
1159 1160 1
1159 1424 1
1160 1394 1
1160 1500 1
1164 1424 1
1168 1238 1
1168 1514 1
1168 1567 1
1169 1463 1
1170 1602 1
1171 1172 1
1171 1466 1
1171 1468 1
1171 1529 1
1172 1429 1
1172 1512 1
1174 1449 1
1175 1484 1
1176 1675 1
1178 1446 1
1178 1512 1
1179 1363 1
1183 1432 1
1188 1400 1
1189 1424 1
1190 1243 1
1192 1602 1
1195 1484 1
1195 1636 1
1198 1336 1
1198 1507 1
1199 1457 1
1199 1685 1
1203 1692 1
1207 1234 1
1207 1261 1
1208 1448 1
1210 1254 1
1210 1290 1
1210 1515 1
1215 1539 1
1216 1478 1
1217 1594 1
1218 1398 1
1219 1412 1
1221 1491 1
1221 1644 1
1224 1239 1
1224 1498 1
1227 1567 1
1228 1282 1
1229 1441 1
1230 1357 1
1233 1291 1
1234 1396 1
1235 1683 1
1236 1670 1
1237 1254 1
1238 1671 1
1241 1418 1
1241 1481 1
1241 1635 1
1242 1315 1
1242 1366 1
1243 1395 1
1244 1412 1
1245 1509 1
1251 1538 1
1256 1595 1
1256 1700 1
1258 1583 1
1259 1675 1
1260 1495 1
1262 1338 1
1263 1357 1
1264 1450 1
1267 1391 1
1267 1553 1
1270 1481 1
1271 1380 1
1273 1309 1
1278 1435 1
1278 1476 1
1279 1543 1
1284 1467 1
1286 1460 1
1290 1654 1
1296 1381 1
1297 1461 1
1301 1442 1
1301 1563 1
1307 1422 1
1313 1536 1
1314 1561 1
1314 1562 1
1318 1486 1
1318 1580 1
1320 1619 1
1321 1410 1
1321 1482 1
1321 1520 1
1325 1384 1
1325 1414 1
1325 1591 1
1329 1678 1
1334 1631 1
1334 1646 1
1334 1649 1
1334 1683 1
1335 1495 1
1335 1596 1
1336 1423 1
1341 1408 1
1342 1490 1
1342 1676 1
1345 1357 1
1346 1475 1
1346 1648 1
1346 1685 1
1347 1359 1
1351 1600 1
1354 1416 1
1356 1675 1
1359 1690 1
1361 1418 1
1369 1698 1
1370 1458 1
1373 1516 1
1383 1497 1
1384 1629 1
1393 1655 1
1395 1425 1
1395 1652 1
1397 1650 1
1398 1486 1
1410 1520 1
1411 1437 1
1413 1499 1
1416 1525 1
1417 1430 1
1420 1644 1
1422 1630 1
1423 1633 1
1429 1653 1
1432 1591 1
1434 1456 1
1435 1488 1
1442 1605 1
1445 1648 1
1448 1633 1
1452 1582 1
1458 1624 1
1459 1499 1
1459 1699 1
1471 1508 1
1481 1519 1
1486 1600 1
1491 1656 1
1493 1591 1
1498 1568 1
1498 1656 1
1505 1663 1
1508 1642 1
1509 1534 1
1512 1653 1
1520 1526 1
1520 1561 1
1523 1587 1
1526 1629 1
1533 1583 1
1537 1606 1
1538 1556 1
1540 1560 1
1551 1655 1
1555 1616 1
1556 1590 1
1562 1665 1
1582 1688 1
1583 1609 1
1584 1607 1
1587 1647 1
1608 1658 1
1615 1651 1
1618 1623 1
1620 1667 1
1655 1661 1
1692 1694 1
