600 2383 
1 5 1
1 6 1
1 7 1
1 9 1
1 48 1
1 78 1
1 79 1
1 88 1
1 90 1
1 106 1
1 145 1
1 205 1
1 208 1
1 237 1
1 259 1
1 279 1
1 353 1
1 448 1
1 472 1
1 476 1
1 536 1
1 566 1
2 5 1
2 9 1
2 10 1
2 13 1
2 14 1
2 16 1
2 19 1
2 20 1
2 29 1
2 30 1
2 32 1
2 36 1
2 42 1
2 46 1
2 47 1
2 53 1
2 55 1
2 57 1
2 71 1
2 79 1
2 81 1
2 84 1
2 92 1
2 96 1
2 105 1
2 121 1
2 129 1
2 136 1
2 138 1
2 147 1
2 182 1
2 186 1
2 199 1
2 268 1
2 269 1
2 274 1
2 277 1
2 318 1
2 380 1
2 410 1
2 514 1
2 558 1
2 571 1
2 578 1
2 597 1
3 5 1
3 6 1
3 7 1
3 9 1
3 10 1
3 12 1
3 15 1
3 17 1
3 18 1
3 27 1
3 28 1
3 39 1
3 43 1
3 44 1
3 46 1
3 48 1
3 59 1
3 60 1
3 61 1
3 67 1
3 73 1
3 74 1
3 86 1
3 94 1
3 97 1
3 102 1
3 104 1
3 105 1
3 106 1
3 121 1
3 122 1
3 129 1
3 131 1
3 133 1
3 134 1
3 136 1
3 141 1
3 146 1
3 154 1
3 162 1
3 204 1
3 225 1
3 236 1
3 243 1
3 275 1
3 277 1
3 280 1
3 289 1
3 307 1
3 316 1
3 319 1
3 320 1
3 345 1
3 364 1
3 412 1
3 419 1
3 438 1
3 440 1
3 461 1
3 472 1
3 484 1
3 485 1
3 541 1
3 545 1
3 552 1
3 569 1
3 588 1
4 5 1
4 6 1
4 8 1
4 11 1
4 15 1
4 21 1
4 26 1
4 31 1
4 38 1
4 39 1
4 41 1
4 44 1
4 50 1
4 51 1
4 58 1
4 59 1
4 68 1
4 175 1
4 184 1
4 195 1
4 281 1
4 294 1
4 302 1
4 401 1
4 406 1
4 424 1
4 476 1
4 561 1
4 588 1
5 6 1
5 7 1
5 8 1
5 9 1
5 11 1
5 12 1
5 13 1
5 17 1
5 19 1
5 20 1
5 22 1
5 24 1
5 26 1
5 30 1
5 34 1
5 35 1
5 36 1
5 44 1
5 46 1
5 51 1
5 61 1
5 74 1
5 94 1
5 105 1
5 120 1
5 144 1
5 153 1
5 159 1
5 164 1
5 185 1
5 197 1
5 201 1
5 205 1
5 237 1
5 261 1
5 281 1
5 303 1
5 309 1
5 310 1
5 314 1
5 358 1
5 362 1
5 403 1
5 411 1
5 421 1
5 429 1
5 442 1
5 453 1
5 465 1
5 470 1
5 474 1
5 479 1
5 502 1
5 508 1
5 517 1
5 523 1
5 526 1
5 533 1
5 541 1
5 546 1
5 548 1
5 561 1
5 564 1
5 575 1
5 577 1
6 7 1
6 8 1
6 12 1
6 16 1
6 18 1
6 19 1
6 26 1
6 31 1
6 34 1
6 37 1
6 39 1
6 49 1
6 50 1
6 52 1
6 53 1
6 54 1
6 57 1
6 60 1
6 63 1
6 64 1
6 66 1
6 69 1
6 72 1
6 74 1
6 79 1
6 80 1
6 81 1
6 87 1
6 88 1
6 98 1
6 102 1
6 103 1
6 105 1
6 116 1
6 118 1
6 122 1
6 124 1
6 136 1
6 141 1
6 170 1
6 183 1
6 201 1
6 204 1
6 210 1
6 216 1
6 231 1
6 244 1
6 251 1
6 259 1
6 260 1
6 264 1
6 271 1
6 289 1
6 291 1
6 301 1
6 314 1
6 325 1
6 326 1
6 331 1
6 333 1
6 334 1
6 339 1
6 342 1
6 344 1
6 368 1
6 382 1
6 388 1
6 410 1
6 411 1
6 437 1
6 457 1
6 460 1
6 466 1
6 472 1
6 478 1
6 485 1
6 488 1
6 511 1
6 515 1
6 524 1
6 537 1
6 545 1
6 546 1
6 554 1
6 557 1
6 560 1
6 567 1
6 579 1
6 600 1
7 8 1
7 10 1
7 11 1
7 14 1
7 16 1
7 24 1
7 28 1
7 31 1
7 48 1
7 52 1
7 65 1
7 67 1
7 93 1
7 109 1
7 110 1
7 126 1
7 136 1
7 142 1
7 151 1
7 154 1
7 178 1
7 182 1
7 190 1
7 192 1
7 261 1
7 265 1
7 359 1
7 361 1
7 364 1
7 380 1
7 488 1
7 572 1
7 596 1
8 10 1
8 24 1
8 27 1
8 33 1
8 72 1
8 83 1
8 94 1
8 131 1
8 132 1
8 170 1
8 206 1
8 327 1
8 359 1
8 381 1
8 409 1
8 460 1
8 564 1
9 11 1
9 12 1
9 13 1
9 17 1
9 21 1
9 25 1
9 35 1
9 57 1
9 74 1
9 84 1
9 88 1
9 93 1
9 95 1
9 97 1
9 113 1
9 138 1
9 140 1
9 143 1
9 147 1
9 155 1
9 158 1
9 179 1
9 183 1
9 195 1
9 224 1
9 231 1
9 234 1
9 261 1
9 296 1
9 349 1
9 414 1
9 448 1
9 455 1
9 462 1
9 470 1
9 475 1
9 495 1
9 534 1
9 540 1
9 559 1
10 15 1
10 18 1
10 20 1
10 21 1
10 27 1
10 57 1
10 130 1
10 203 1
10 241 1
10 251 1
10 254 1
10 288 1
10 293 1
10 306 1
10 398 1
10 409 1
10 426 1
10 435 1
10 441 1
10 514 1
10 522 1
10 592 1
11 14 1
11 21 1
11 28 1
11 30 1
11 40 1
11 42 1
11 49 1
11 69 1
11 77 1
11 85 1
11 91 1
11 107 1
11 117 1
11 118 1
11 140 1
11 150 1
11 181 1
11 191 1
11 214 1
11 220 1
11 228 1
11 247 1
11 270 1
11 282 1
11 304 1
11 336 1
11 338 1
11 379 1
11 382 1
11 405 1
11 423 1
11 491 1
11 493 1
11 509 1
11 513 1
11 528 1
11 531 1
11 594 1
12 13 1
12 14 1
12 18 1
12 22 1
12 23 1
12 25 1
12 43 1
12 47 1
12 54 1
12 106 1
12 126 1
12 133 1
12 143 1
12 174 1
12 197 1
12 216 1
12 219 1
12 230 1
12 236 1
12 288 1
12 322 1
12 377 1
12 411 1
12 413 1
12 428 1
12 455 1
12 462 1
12 501 1
12 508 1
12 532 1
12 555 1
12 557 1
13 15 1
13 53 1
13 56 1
13 71 1
13 75 1
13 91 1
13 111 1
13 113 1
13 116 1
13 131 1
13 258 1
13 277 1
13 280 1
13 321 1
13 413 1
13 415 1
13 459 1
13 523 1
14 19 1
14 20 1
14 23 1
14 47 1
14 65 1
14 71 1
14 76 1
14 82 1
14 98 1
14 99 1
14 111 1
14 163 1
14 167 1
14 173 1
14 179 1
14 190 1
14 210 1
14 257 1
14 264 1
14 290 1
14 346 1
14 350 1
14 363 1
14 381 1
14 398 1
14 426 1
14 433 1
14 482 1
14 497 1
14 545 1
14 562 1
14 577 1
14 580 1
15 16 1
15 17 1
15 36 1
15 38 1
15 42 1
15 70 1
15 93 1
15 120 1
15 123 1
15 172 1
15 227 1
15 257 1
15 272 1
15 337 1
15 358 1
15 401 1
15 428 1
15 431 1
15 537 1
15 549 1
15 565 1
15 576 1
15 578 1
15 588 1
16 41 1
16 66 1
16 92 1
16 156 1
16 177 1
16 180 1
16 233 1
16 308 1
16 325 1
16 341 1
16 350 1
16 369 1
16 375 1
16 548 1
16 571 1
17 22 1
17 28 1
17 34 1
17 35 1
17 45 1
17 61 1
17 67 1
17 82 1
17 83 1
17 89 1
17 91 1
17 108 1
17 115 1
17 125 1
17 130 1
17 139 1
17 148 1
17 149 1
17 151 1
17 161 1
17 167 1
17 173 1
17 174 1
17 175 1
17 177 1
17 199 1
17 202 1
17 208 1
17 214 1
17 219 1
17 220 1
17 239 1
17 252 1
17 292 1
17 301 1
17 328 1
17 354 1
17 379 1
17 414 1
17 418 1
17 434 1
17 484 1
17 487 1
17 538 1
17 539 1
17 540 1
18 22 1
18 23 1
18 24 1
18 26 1
18 31 1
18 37 1
18 49 1
18 50 1
18 62 1
18 63 1
18 89 1
18 92 1
18 95 1
18 114 1
18 121 1
18 130 1
18 145 1
18 167 1
18 196 1
18 217 1
18 229 1
18 234 1
18 256 1
18 277 1
18 294 1
18 330 1
18 385 1
18 402 1
18 421 1
18 505 1
18 526 1
19 25 1
19 29 1
19 45 1
19 61 1
19 70 1
19 83 1
19 88 1
19 96 1
19 97 1
19 102 1
19 113 1
19 162 1
19 194 1
19 205 1
19 239 1
19 300 1
19 321 1
19 338 1
19 350 1
19 361 1
19 475 1
19 527 1
19 529 1
19 554 1
19 564 1
20 30 1
20 32 1
20 40 1
20 52 1
20 68 1
20 73 1
20 93 1
20 101 1
20 107 1
20 117 1
20 122 1
20 135 1
20 166 1
20 172 1
20 209 1
20 216 1
20 223 1
20 253 1
20 276 1
20 281 1
20 288 1
20 327 1
20 396 1
20 454 1
20 507 1
20 508 1
20 529 1
20 544 1
20 564 1
20 587 1
20 599 1
21 25 1
21 29 1
21 32 1
21 37 1
21 165 1
21 184 1
21 305 1
21 355 1
21 442 1
22 36 1
22 51 1
22 81 1
22 82 1
22 100 1
22 114 1
22 115 1
22 157 1
22 158 1
22 193 1
22 233 1
22 264 1
22 304 1
22 333 1
22 357 1
22 379 1
22 407 1
22 445 1
22 490 1
22 543 1
22 589 1
23 32 1
23 33 1
23 117 1
23 176 1
23 226 1
23 231 1
23 234 1
23 238 1
23 251 1
23 262 1
23 268 1
23 276 1
23 287 1
23 291 1
23 316 1
23 352 1
23 394 1
23 422 1
23 425 1
23 502 1
23 575 1
23 589 1
23 593 1
24 38 1
24 47 1
24 52 1
24 60 1
24 121 1
24 169 1
24 219 1
24 221 1
24 238 1
24 239 1
24 267 1
24 305 1
24 362 1
24 412 1
24 425 1
24 447 1
24 563 1
24 585 1
24 594 1
25 27 1
25 29 1
25 38 1
25 53 1
25 55 1
25 58 1
25 60 1
25 76 1
25 85 1
25 90 1
25 95 1
25 97 1
25 102 1
25 113 1
25 128 1
25 149 1
25 174 1
25 183 1
25 201 1
25 202 1
25 206 1
25 207 1
25 211 1
25 220 1
25 274 1
25 278 1
25 300 1
25 315 1
25 319 1
25 337 1
25 351 1
25 420 1
25 435 1
25 441 1
25 478 1
25 480 1
25 482 1
25 535 1
25 542 1
25 563 1
25 568 1
25 590 1
26 39 1
26 49 1
26 98 1
26 186 1
26 221 1
26 242 1
26 269 1
26 346 1
26 517 1
27 35 1
27 40 1
27 46 1
27 115 1
27 160 1
27 161 1
27 215 1
27 217 1
27 274 1
27 324 1
27 335 1
27 383 1
27 435 1
27 452 1
27 458 1
27 466 1
28 41 1
28 118 1
28 132 1
28 233 1
28 279 1
28 292 1
28 344 1
28 383 1
28 491 1
28 556 1
28 598 1
29 78 1
29 109 1
29 144 1
29 189 1
29 286 1
29 338 1
29 410 1
30 55 1
30 56 1
30 86 1
31 33 1
31 34 1
31 64 1
31 66 1
31 68 1
31 96 1
31 111 1
31 125 1
31 135 1
31 139 1
31 155 1
31 185 1
31 189 1
31 245 1
31 309 1
31 336 1
31 343 1
31 349 1
31 378 1
31 532 1
31 551 1
32 33 1
32 59 1
32 87 1
32 100 1
32 108 1
32 310 1
32 323 1
32 403 1
32 405 1
32 484 1
32 561 1
32 573 1
33 68 1
33 70 1
33 85 1
33 114 1
33 144 1
33 153 1
33 233 1
33 317 1
33 324 1
33 408 1
34 37 1
34 43 1
34 45 1
34 89 1
34 119 1
34 120 1
34 165 1
34 181 1
34 188 1
34 213 1
34 222 1
34 236 1
34 250 1
34 256 1
34 271 1
34 293 1
34 326 1
34 372 1
34 383 1
34 446 1
34 519 1
34 536 1
34 560 1
34 576 1
34 582 1
35 41 1
35 73 1
35 155 1
35 213 1
35 228 1
35 232 1
35 306 1
35 307 1
36 42 1
36 54 1
36 77 1
36 107 1
36 109 1
36 129 1
36 134 1
36 142 1
36 157 1
36 175 1
36 207 1
36 241 1
36 243 1
36 308 1
36 356 1
36 371 1
36 373 1
36 452 1
36 469 1
36 493 1
37 63 1
37 73 1
37 135 1
37 278 1
37 376 1
37 476 1
37 549 1
38 40 1
38 69 1
38 84 1
38 85 1
38 87 1
38 112 1
38 154 1
38 203 1
38 258 1
38 263 1
38 331 1
38 366 1
38 387 1
38 403 1
38 404 1
39 51 1
39 56 1
39 80 1
39 232 1
39 257 1
39 363 1
39 424 1
39 427 1
39 433 1
39 487 1
39 489 1
40 48 1
40 56 1
40 178 1
40 193 1
40 239 1
40 247 1
40 253 1
40 351 1
40 392 1
40 430 1
40 462 1
40 473 1
40 477 1
40 504 1
41 242 1
41 243 1
41 355 1
41 375 1
41 598 1
42 43 1
42 44 1
42 64 1
42 65 1
42 119 1
42 123 1
42 160 1
42 162 1
42 176 1
42 189 1
42 250 1
42 302 1
42 361 1
42 473 1
42 581 1
43 45 1
43 55 1
43 58 1
43 62 1
43 78 1
43 168 1
43 187 1
43 211 1
43 248 1
43 263 1
43 282 1
43 289 1
43 300 1
43 306 1
43 378 1
43 399 1
43 403 1
43 471 1
43 481 1
43 518 1
43 526 1
43 546 1
44 50 1
44 54 1
44 112 1
44 172 1
44 193 1
44 200 1
44 242 1
44 245 1
44 275 1
44 367 1
44 383 1
44 445 1
44 510 1
45 81 1
45 82 1
45 160 1
45 180 1
45 230 1
45 297 1
45 440 1
45 449 1
46 137 1
46 155 1
46 226 1
46 229 1
46 272 1
46 307 1
46 317 1
46 374 1
46 479 1
46 506 1
46 522 1
46 553 1
46 572 1
46 593 1
47 67 1
47 126 1
47 128 1
47 133 1
47 447 1
48 76 1
48 79 1
48 138 1
48 182 1
48 225 1
48 242 1
48 388 1
48 391 1
49 58 1
49 62 1
49 86 1
49 99 1
49 110 1
49 165 1
49 181 1
49 192 1
49 203 1
49 210 1
49 238 1
49 370 1
49 459 1
49 525 1
49 535 1
49 542 1
50 380 1
50 540 1
51 80 1
51 92 1
51 137 1
51 140 1
51 193 1
51 238 1
51 324 1
51 333 1
51 531 1
52 63 1
52 98 1
52 111 1
52 154 1
52 199 1
52 215 1
52 216 1
52 218 1
52 228 1
52 262 1
52 273 1
52 304 1
52 408 1
52 425 1
52 485 1
52 513 1
52 555 1
53 128 1
53 139 1
53 141 1
53 143 1
53 200 1
53 218 1
53 288 1
53 334 1
53 372 1
53 400 1
53 570 1
54 84 1
54 110 1
54 192 1
54 258 1
54 266 1
54 334 1
54 443 1
55 59 1
55 178 1
55 266 1
55 332 1
55 441 1
55 513 1
55 518 1
56 69 1
56 150 1
56 211 1
56 325 1
56 334 1
56 448 1
56 487 1
56 498 1
57 72 1
57 77 1
57 117 1
57 137 1
57 175 1
57 185 1
57 208 1
57 235 1
57 271 1
57 328 1
57 367 1
57 417 1
57 419 1
57 439 1
57 574 1
58 64 1
58 66 1
58 75 1
58 83 1
58 87 1
58 147 1
58 246 1
58 255 1
58 259 1
58 366 1
58 390 1
59 77 1
59 156 1
59 205 1
59 365 1
59 410 1
59 469 1
59 562 1
60 62 1
60 70 1
60 101 1
60 112 1
60 134 1
60 148 1
60 169 1
60 195 1
60 211 1
60 260 1
60 298 1
60 349 1
60 359 1
60 368 1
60 449 1
60 516 1
60 521 1
61 72 1
61 80 1
61 94 1
61 103 1
61 206 1
61 230 1
61 234 1
61 285 1
61 313 1
61 488 1
61 492 1
61 511 1
62 255 1
62 298 1
62 315 1
62 329 1
62 398 1
63 71 1
63 127 1
63 171 1
63 178 1
63 180 1
63 320 1
63 430 1
63 442 1
63 461 1
63 519 1
64 65 1
64 75 1
64 95 1
64 109 1
64 245 1
64 295 1
64 354 1
64 388 1
64 393 1
64 491 1
65 108 1
65 126 1
65 246 1
66 106 1
66 179 1
66 255 1
66 258 1
66 464 1
66 573 1
67 86 1
67 198 1
67 204 1
67 212 1
67 225 1
67 241 1
67 249 1
67 284 1
67 290 1
67 346 1
67 384 1
67 499 1
67 501 1
67 593 1
68 166 1
68 269 1
68 386 1
69 75 1
69 118 1
69 301 1
69 307 1
69 323 1
69 332 1
69 335 1
69 510 1
69 565 1
70 89 1
70 96 1
70 103 1
70 174 1
70 268 1
70 439 1
70 512 1
71 127 1
71 163 1
71 171 1
71 191 1
71 215 1
71 440 1
71 480 1
71 501 1
72 143 1
72 263 1
72 422 1
72 444 1
72 490 1
72 534 1
73 76 1
73 90 1
73 145 1
73 146 1
73 227 1
73 249 1
73 305 1
73 347 1
73 397 1
73 426 1
73 467 1
73 499 1
73 515 1
73 546 1
73 551 1
73 596 1
74 129 1
74 197 1
74 465 1
74 499 1
75 78 1
75 212 1
75 297 1
75 335 1
75 381 1
75 402 1
75 421 1
75 444 1
76 124 1
76 276 1
76 463 1
76 521 1
76 536 1
76 584 1
77 188 1
77 292 1
77 583 1
78 124 1
78 195 1
78 260 1
78 340 1
78 474 1
79 101 1
79 115 1
79 119 1
79 123 1
79 135 1
79 147 1
79 198 1
79 209 1
79 215 1
79 283 1
79 295 1
79 300 1
79 397 1
79 480 1
80 159 1
81 107 1
81 125 1
82 156 1
82 163 1
83 168 1
83 311 1
84 90 1
84 148 1
84 153 1
84 182 1
84 191 1
84 265 1
84 292 1
84 296 1
84 301 1
84 329 1
84 356 1
84 458 1
84 544 1
84 555 1
85 99 1
85 100 1
85 112 1
85 123 1
85 128 1
85 163 1
85 357 1
85 363 1
85 568 1
85 585 1
86 146 1
86 188 1
86 210 1
86 472 1
87 158 1
87 201 1
87 240 1
87 244 1
87 280 1
87 286 1
88 91 1
88 110 1
88 119 1
88 137 1
88 152 1
88 157 1
88 158 1
88 180 1
88 194 1
88 214 1
88 236 1
88 248 1
88 256 1
88 352 1
88 395 1
88 399 1
88 449 1
88 563 1
89 104 1
89 273 1
89 509 1
89 557 1
90 104 1
90 122 1
90 146 1
90 156 1
90 168 1
90 169 1
90 218 1
90 241 1
90 296 1
90 337 1
90 348 1
90 432 1
90 450 1
91 99 1
91 100 1
91 312 1
91 360 1
91 429 1
91 543 1
91 547 1
92 144 1
93 101 1
93 275 1
93 366 1
93 451 1
93 513 1
93 520 1
94 116 1
94 124 1
94 332 1
94 363 1
94 445 1
94 448 1
94 478 1
94 492 1
94 537 1
95 138 1
95 141 1
95 150 1
95 342 1
95 343 1
95 436 1
95 510 1
95 516 1
96 202 1
96 439 1
96 531 1
96 565 1
97 104 1
97 125 1
97 415 1
97 495 1
97 530 1
98 151 1
98 260 1
98 308 1
98 581 1
99 108 1
99 252 1
99 390 1
99 547 1
100 145 1
100 159 1
100 597 1
101 167 1
101 191 1
101 263 1
101 368 1
101 508 1
101 596 1
102 103 1
102 132 1
102 173 1
102 349 1
102 351 1
102 488 1
103 190 1
103 246 1
103 375 1
103 384 1
103 523 1
104 127 1
104 142 1
104 212 1
104 254 1
104 388 1
104 408 1
104 464 1
104 497 1
105 264 1
105 409 1
106 502 1
107 276 1
107 311 1
107 542 1
107 599 1
108 161 1
108 223 1
108 474 1
108 526 1
109 114 1
109 116 1
109 149 1
109 150 1
109 159 1
109 166 1
109 232 1
109 240 1
109 252 1
109 299 1
109 328 1
109 365 1
109 408 1
109 538 1
109 552 1
110 132 1
110 196 1
110 265 1
110 295 1
110 507 1
111 131 1
111 139 1
111 270 1
111 291 1
111 330 1
111 346 1
111 417 1
111 489 1
111 579 1
112 164 1
112 177 1
112 267 1
112 352 1
112 395 1
113 152 1
113 170 1
113 192 1
113 244 1
113 341 1
113 371 1
113 506 1
114 120 1
114 345 1
114 378 1
114 407 1
114 494 1
114 582 1
115 305 1
115 311 1
116 243 1
116 578 1
117 127 1
117 272 1
117 402 1
117 583 1
117 595 1
118 130 1
118 140 1
118 327 1
119 134 1
119 266 1
119 291 1
119 530 1
120 361 1
120 550 1
120 572 1
121 257 1
121 316 1
121 438 1
121 555 1
121 563 1
121 584 1
122 169 1
122 176 1
122 231 1
123 289 1
123 297 1
123 452 1
124 589 1
125 190 1
125 207 1
125 248 1
125 259 1
125 309 1
125 342 1
125 413 1
125 426 1
125 436 1
125 479 1
125 495 1
126 133 1
126 161 1
126 217 1
126 303 1
126 437 1
126 457 1
126 463 1
126 492 1
127 173 1
127 189 1
127 200 1
127 247 1
127 278 1
128 290 1
129 197 1
129 298 1
129 373 1
129 433 1
129 494 1
129 499 1
130 166 1
130 183 1
130 186 1
130 278 1
130 326 1
130 473 1
131 149 1
131 151 1
131 181 1
131 194 1
131 222 1
131 271 1
131 385 1
131 409 1
131 416 1
131 436 1
131 515 1
131 571 1
132 172 1
132 176 1
132 208 1
132 254 1
132 290 1
132 313 1
132 417 1
132 525 1
132 529 1
132 535 1
132 559 1
132 576 1
132 598 1
133 466 1
134 221 1
135 209 1
135 218 1
135 273 1
135 283 1
135 340 1
135 370 1
135 414 1
135 465 1
135 502 1
135 541 1
136 357 1
136 438 1
136 454 1
136 511 1
137 148 1
137 152 1
137 313 1
137 419 1
138 160 1
138 171 1
138 223 1
138 429 1
139 267 1
139 421 1
139 496 1
140 142 1
140 171 1
140 235 1
140 249 1
140 273 1
140 381 1
140 385 1
140 418 1
140 528 1
140 591 1
141 164 1
141 221 1
141 224 1
141 355 1
141 392 1
141 419 1
141 592 1
142 368 1
142 440 1
142 455 1
143 285 1
143 394 1
144 427 1
145 280 1
145 293 1
146 298 1
146 369 1
148 152 1
148 170 1
148 313 1
148 324 1
148 329 1
149 153 1
149 240 1
149 251 1
149 354 1
149 386 1
149 449 1
149 451 1
149 553 1
149 586 1
150 497 1
150 573 1
151 162 1
151 213 1
151 323 1
151 326 1
151 397 1
151 405 1
151 596 1
153 275 1
153 279 1
153 583 1
154 157 1
154 179 1
154 184 1
154 254 1
154 269 1
154 308 1
154 314 1
154 341 1
154 418 1
154 566 1
155 506 1
156 187 1
156 317 1
156 348 1
156 392 1
156 457 1
156 458 1
156 491 1
156 504 1
158 268 1
158 358 1
159 229 1
159 387 1
160 196 1
160 217 1
160 256 1
161 267 1
161 312 1
161 424 1
162 164 1
162 165 1
162 177 1
162 188 1
162 213 1
162 227 1
162 237 1
162 284 1
162 353 1
162 423 1
162 521 1
162 582 1
163 490 1
163 583 1
164 199 1
164 318 1
164 359 1
164 532 1
164 586 1
165 168 1
165 224 1
165 330 1
165 353 1
165 533 1
165 565 1
165 577 1
165 586 1
165 587 1
166 235 1
166 340 1
166 364 1
166 372 1
167 186 1
168 240 1
168 244 1
168 285 1
168 299 1
168 302 1
168 432 1
168 535 1
169 187 1
169 202 1
169 230 1
169 286 1
169 374 1
169 446 1
169 512 1
169 538 1
169 550 1
169 585 1
170 212 1
170 283 1
171 184 1
171 223 1
171 250 1
171 261 1
171 270 1
171 467 1
172 222 1
172 303 1
172 520 1
172 539 1
173 198 1
173 252 1
173 321 1
173 329 1
173 500 1
173 514 1
173 519 1
175 185 1
175 219 1
175 539 1
177 206 1
177 266 1
177 284 1
177 413 1
178 262 1
178 265 1
178 285 1
178 345 1
178 471 1
178 551 1
179 187 1
179 438 1
180 274 1
180 468 1
180 537 1
180 574 1
180 591 1
181 222 1
181 296 1
182 196 1
182 229 1
182 315 1
182 414 1
182 430 1
182 489 1
182 600 1
183 350 1
183 400 1
183 595 1
184 194 1
184 316 1
184 318 1
184 393 1
184 401 1
184 427 1
184 450 1
186 204 1
186 342 1
187 446 1
188 203 1
188 337 1
188 418 1
188 473 1
188 597 1
189 200 1
189 352 1
189 505 1
190 207 1
190 227 1
190 246 1
190 255 1
191 272 1
191 462 1
193 214 1
193 294 1
193 373 1
193 445 1
193 458 1
193 571 1
194 198 1
194 429 1
195 481 1
196 226 1
196 382 1
196 407 1
197 391 1
197 486 1
197 503 1
199 226 1
199 281 1
199 286 1
199 422 1
199 536 1
199 568 1
200 209 1
200 279 1
201 585 1
202 220 1
202 338 1
202 347 1
202 370 1
202 416 1
202 524 1
202 531 1
203 287 1
203 339 1
203 356 1
205 405 1
207 235 1
207 299 1
207 376 1
207 442 1
208 357 1
208 482 1
208 541 1
209 374 1
210 394 1
210 532 1
211 228 1
211 250 1
211 406 1
211 432 1
211 533 1
212 353 1
212 370 1
212 469 1
212 515 1
213 339 1
213 521 1
213 522 1
213 549 1
214 248 1
214 348 1
214 447 1
214 517 1
216 340 1
217 237 1
217 354 1
217 402 1
217 463 1
218 477 1
219 225 1
219 347 1
219 415 1
219 567 1
219 599 1
220 322 1
220 500 1
221 224 1
221 253 1
221 287 1
221 312 1
221 320 1
221 351 1
221 382 1
221 391 1
222 315 1
222 341 1
222 512 1
223 336 1
223 452 1
224 411 1
224 437 1
225 287 1
226 247 1
226 314 1
226 318 1
226 389 1
226 498 1
227 588 1
228 232 1
228 434 1
228 589 1
229 249 1
229 332 1
229 379 1
229 547 1
230 245 1
230 270 1
230 317 1
230 320 1
230 483 1
230 504 1
231 471 1
231 562 1
232 430 1
233 592 1
235 518 1
236 253 1
236 310 1
236 465 1
237 393 1
237 434 1
238 331 1
238 412 1
239 528 1
240 319 1
240 328 1
240 343 1
241 306 1
241 470 1
241 573 1
242 344 1
242 407 1
242 464 1
243 309 1
243 377 1
245 304 1
245 377 1
245 580 1
246 282 1
246 369 1
246 450 1
246 592 1
250 398 1
251 293 1
251 333 1
251 344 1
251 358 1
251 384 1
251 390 1
251 492 1
253 455 1
254 377 1
254 533 1
254 569 1
254 580 1
255 282 1
255 322 1
255 360 1
255 389 1
255 543 1
255 567 1
257 310 1
257 371 1
257 558 1
258 396 1
258 437 1
258 456 1
258 494 1
258 505 1
259 284 1
259 325 1
259 467 1
259 487 1
259 544 1
260 262 1
260 477 1
262 348 1
263 416 1
263 451 1
266 385 1
266 392 1
266 503 1
266 560 1
266 594 1
267 389 1
267 424 1
267 441 1
267 481 1
267 500 1
268 312 1
268 553 1
269 524 1
272 451 1
273 343 1
273 345 1
273 416 1
273 427 1
273 512 1
274 494 1
274 497 1
274 542 1
275 283 1
278 378 1
279 331 1
281 327 1
281 480 1
281 483 1
281 591 1
282 520 1
283 299 1
284 335 1
285 294 1
285 302 1
286 422 1
286 456 1
287 356 1
288 311 1
288 468 1
288 570 1
288 575 1
289 295 1
289 387 1
289 434 1
289 483 1
289 516 1
290 297 1
290 386 1
290 459 1
290 468 1
291 461 1
291 530 1
291 543 1
292 600 1
293 439 1
293 569 1
294 330 1
294 387 1
294 456 1
295 433 1
296 303 1
296 319 1
296 321 1
296 428 1
296 453 1
296 454 1
296 483 1
296 522 1
297 475 1
298 399 1
300 360 1
300 365 1
300 372 1
300 436 1
303 371 1
303 374 1
303 538 1
303 590 1
304 339 1
305 406 1
305 468 1
305 507 1
307 323 1
308 390 1
308 489 1
308 493 1
310 581 1
311 447 1
313 322 1
313 369 1
316 347 1
316 428 1
317 376 1
317 443 1
317 498 1
317 580 1
319 365 1
320 375 1
320 376 1
320 595 1
321 399 1
321 470 1
321 552 1
322 336 1
322 367 1
323 355 1
323 367 1
323 490 1
323 525 1
323 577 1
323 584 1
324 510 1
326 475 1
326 523 1
328 397 1
328 404 1
329 443 1
329 464 1
331 395 1
331 404 1
332 395 1
332 593 1
333 373 1
333 396 1
333 435 1
333 506 1
334 380 1
335 450 1
338 393 1
339 389 1
340 600 1
342 401 1
342 477 1
342 509 1
342 529 1
345 362 1
345 598 1
346 417 1
347 524 1
348 362 1
349 366 1
350 360 1
350 496 1
350 527 1
351 550 1
351 574 1
352 584 1
353 364 1
353 528 1
355 394 1
356 406 1
356 420 1
356 587 1
357 400 1
360 425 1
360 569 1
362 391 1
362 466 1
363 386 1
363 518 1
363 562 1
365 431 1
365 544 1
366 476 1
366 539 1
367 453 1
367 566 1
367 579 1
368 540 1
368 556 1
368 591 1
369 460 1
369 503 1
370 594 1
371 444 1
372 443 1
372 498 1
373 384 1
375 420 1
375 597 1
377 479 1
379 461 1
380 570 1
381 552 1
382 423 1
383 454 1
384 527 1
388 400 1
389 486 1
389 500 1
389 517 1
391 396 1
392 457 1
392 534 1
392 587 1
394 423 1
395 420 1
397 404 1
398 560 1
399 550 1
403 572 1
404 520 1
405 567 1
406 412 1
406 415 1
406 496 1
406 599 1
411 548 1
412 431 1
415 459 1
415 557 1
419 431 1
420 484 1
420 486 1
420 495 1
422 453 1
423 559 1
425 432 1
425 581 1
426 558 1
427 471 1
428 481 1
428 566 1
430 590 1
431 509 1
432 501 1
433 486 1
433 570 1
435 446 1
435 519 1
435 547 1
436 503 1
436 516 1
436 545 1
436 578 1
437 530 1
439 496 1
439 507 1
441 514 1
441 568 1
442 444 1
444 456 1
444 504 1
445 482 1
447 463 1
447 493 1
448 556 1
449 469 1
450 586 1
452 460 1
452 485 1
453 474 1
453 478 1
458 511 1
458 551 1
460 553 1
460 590 1
462 467 1
466 554 1
468 575 1
479 574 1
481 505 1
481 525 1
482 534 1
489 582 1
494 559 1
496 561 1
511 576 1
513 527 1
514 595 1
517 549 1
528 548 1
533 558 1
544 556 1
545 579 1
553 554 1
