1200 4784 
1 5 1
1 6 1
1 11 1
1 33 1
1 35 1
1 42 1
1 43 1
1 73 1
1 76 1
1 115 1
1 136 1
1 142 1
1 153 1
1 174 1
1 178 1
1 228 1
1 237 1
1 266 1
1 279 1
1 282 1
1 313 1
1 316 1
1 361 1
1 366 1
1 381 1
1 416 1
1 417 1
1 450 1
1 464 1
1 510 1
1 540 1
1 582 1
1 616 1
1 618 1
1 641 1
1 700 1
1 704 1
1 753 1
1 1054 1
1 1084 1
1 1103 1
1 1135 1
1 1137 1
2 5 1
2 6 1
2 7 1
2 8 1
2 9 1
2 10 1
2 12 1
2 19 1
2 20 1
2 26 1
2 27 1
2 34 1
2 36 1
2 37 1
2 40 1
2 46 1
2 48 1
2 55 1
2 62 1
2 78 1
2 81 1
2 93 1
2 104 1
2 121 1
2 140 1
2 167 1
2 174 1
2 187 1
2 218 1
2 243 1
2 251 1
2 269 1
2 301 1
2 380 1
2 445 1
2 446 1
2 473 1
2 500 1
2 578 1
2 583 1
2 662 1
2 673 1
2 891 1
2 892 1
2 906 1
2 917 1
2 956 1
2 1011 1
2 1013 1
2 1022 1
2 1037 1
3 5 1
3 7 1
3 9 1
3 10 1
3 11 1
3 13 1
3 14 1
3 15 1
3 17 1
3 18 1
3 20 1
3 21 1
3 24 1
3 39 1
3 41 1
3 49 1
3 54 1
3 58 1
3 59 1
3 60 1
3 61 1
3 66 1
3 68 1
3 70 1
3 77 1
3 107 1
3 111 1
3 117 1
3 122 1
3 124 1
3 141 1
3 142 1
3 203 1
3 217 1
3 226 1
3 240 1
3 250 1
3 257 1
3 262 1
3 266 1
3 286 1
3 301 1
3 302 1
3 305 1
3 309 1
3 312 1
3 326 1
3 327 1
3 341 1
3 408 1
3 420 1
3 423 1
3 438 1
3 441 1
3 444 1
3 459 1
3 461 1
3 463 1
3 466 1
3 469 1
3 474 1
3 481 1
3 489 1
3 496 1
3 509 1
3 524 1
3 527 1
3 562 1
3 579 1
3 587 1
3 596 1
3 604 1
3 611 1
3 624 1
3 657 1
3 658 1
3 662 1
3 663 1
3 678 1
3 742 1
3 754 1
3 818 1
3 821 1
3 839 1
3 852 1
3 854 1
3 875 1
3 886 1
3 920 1
3 971 1
3 1006 1
3 1044 1
3 1045 1
3 1078 1
3 1162 1
3 1199 1
4 5 1
4 6 1
4 7 1
4 8 1
4 9 1
4 12 1
4 14 1
4 21 1
4 23 1
4 38 1
4 51 1
4 62 1
4 63 1
4 87 1
4 104 1
4 117 1
4 118 1
4 123 1
4 129 1
4 135 1
4 144 1
4 154 1
4 166 1
4 167 1
4 183 1
4 242 1
4 273 1
4 291 1
4 294 1
4 314 1
4 322 1
4 350 1
4 369 1
4 417 1
4 418 1
4 468 1
4 490 1
4 503 1
4 504 1
4 507 1
4 509 1
4 535 1
4 603 1
4 605 1
4 615 1
4 658 1
4 668 1
4 750 1
4 759 1
4 780 1
4 801 1
4 802 1
4 820 1
4 822 1
4 879 1
4 888 1
4 897 1
4 963 1
4 1024 1
4 1029 1
4 1125 1
4 1199 1
5 6 1
5 7 1
5 8 1
5 9 1
5 10 1
5 12 1
5 13 1
5 16 1
5 18 1
5 20 1
5 27 1
5 29 1
5 30 1
5 33 1
5 37 1
5 41 1
5 50 1
5 52 1
5 53 1
5 55 1
5 57 1
5 58 1
5 62 1
5 69 1
5 74 1
5 78 1
5 92 1
5 95 1
5 100 1
5 101 1
5 112 1
5 113 1
5 118 1
5 119 1
5 120 1
5 128 1
5 130 1
5 132 1
5 150 1
5 162 1
5 168 1
5 171 1
5 175 1
5 192 1
5 219 1
5 221 1
5 254 1
5 268 1
5 294 1
5 302 1
5 307 1
5 317 1
5 324 1
5 326 1
5 340 1
5 346 1
5 352 1
5 356 1
5 362 1
5 364 1
5 366 1
5 376 1
5 388 1
5 402 1
5 403 1
5 410 1
5 427 1
5 445 1
5 449 1
5 465 1
5 470 1
5 474 1
5 478 1
5 480 1
5 482 1
5 483 1
5 503 1
5 504 1
5 527 1
5 545 1
5 550 1
5 559 1
5 563 1
5 567 1
5 570 1
5 585 1
5 599 1
5 602 1
5 604 1
5 607 1
5 614 1
5 628 1
5 637 1
5 640 1
5 645 1
5 650 1
5 693 1
5 697 1
5 712 1
5 718 1
5 750 1
5 774 1
5 775 1
5 787 1
5 793 1
5 797 1
5 833 1
5 882 1
5 888 1
5 937 1
5 938 1
5 953 1
5 962 1
5 992 1
5 1004 1
5 1048 1
5 1057 1
5 1104 1
5 1154 1
5 1156 1
5 1157 1
5 1179 1
5 1189 1
5 1196 1
6 8 1
6 18 1
6 25 1
6 27 1
6 45 1
6 46 1
6 52 1
6 69 1
6 73 1
6 80 1
6 86 1
6 89 1
6 91 1
6 96 1
6 102 1
6 112 1
6 119 1
6 141 1
6 152 1
6 162 1
6 170 1
6 186 1
6 207 1
6 208 1
6 324 1
6 336 1
6 343 1
6 383 1
6 434 1
6 450 1
6 457 1
6 519 1
6 546 1
6 607 1
6 644 1
6 722 1
6 737 1
6 770 1
6 772 1
6 779 1
6 848 1
6 906 1
6 988 1
6 1039 1
6 1059 1
6 1072 1
6 1174 1
6 1183 1
7 45 1
7 56 1
7 79 1
7 111 1
7 133 1
7 426 1
7 522 1
7 599 1
7 610 1
7 651 1
7 972 1
7 1006 1
7 1009 1
8 13 1
8 14 1
8 17 1
8 21 1
8 40 1
8 164 1
8 209 1
8 212 1
8 228 1
8 261 1
8 268 1
8 552 1
8 578 1
8 595 1
8 600 1
8 651 1
8 854 1
8 934 1
8 939 1
8 984 1
8 1101 1
8 1119 1
9 10 1
9 11 1
9 17 1
9 24 1
9 26 1
9 33 1
9 34 1
9 43 1
9 78 1
9 95 1
9 102 1
9 104 1
9 119 1
9 125 1
9 129 1
9 136 1
9 150 1
9 153 1
9 194 1
9 196 1
9 244 1
9 262 1
9 264 1
9 279 1
9 299 1
9 308 1
9 347 1
9 498 1
9 556 1
9 560 1
9 657 1
9 692 1
9 718 1
9 731 1
9 783 1
9 903 1
9 925 1
9 936 1
9 1030 1
9 1071 1
9 1088 1
9 1120 1
9 1183 1
10 11 1
10 19 1
10 22 1
10 25 1
10 30 1
10 32 1
10 34 1
10 53 1
10 59 1
10 61 1
10 78 1
10 91 1
10 114 1
10 127 1
10 131 1
10 132 1
10 133 1
10 144 1
10 161 1
10 181 1
10 195 1
10 220 1
10 226 1
10 242 1
10 259 1
10 281 1
10 333 1
10 360 1
10 510 1
10 544 1
10 553 1
10 554 1
10 558 1
10 583 1
10 630 1
10 640 1
10 670 1
10 690 1
10 696 1
10 698 1
10 748 1
10 826 1
10 827 1
10 907 1
10 995 1
10 1178 1
10 1188 1
11 12 1
11 13 1
11 14 1
11 15 1
11 16 1
11 17 1
11 23 1
11 25 1
11 36 1
11 57 1
11 63 1
11 64 1
11 66 1
11 67 1
11 68 1
11 85 1
11 93 1
11 102 1
11 108 1
11 113 1
11 123 1
11 126 1
11 133 1
11 141 1
11 145 1
11 166 1
11 176 1
11 201 1
11 207 1
11 209 1
11 229 1
11 234 1
11 243 1
11 275 1
11 300 1
11 304 1
11 352 1
11 359 1
11 380 1
11 401 1
11 404 1
11 406 1
11 450 1
11 477 1
11 480 1
11 488 1
11 495 1
11 497 1
11 500 1
11 508 1
11 526 1
11 561 1
11 578 1
11 653 1
11 729 1
11 762 1
11 771 1
11 798 1
11 799 1
11 892 1
11 937 1
11 970 1
11 975 1
11 995 1
11 1001 1
11 1046 1
11 1137 1
11 1158 1
11 1164 1
11 1167 1
11 1182 1
11 1195 1
11 1196 1
12 15 1
12 16 1
12 18 1
12 22 1
12 25 1
12 28 1
12 32 1
12 41 1
12 44 1
12 50 1
12 52 1
12 60 1
12 84 1
12 85 1
12 90 1
12 111 1
12 138 1
12 143 1
12 158 1
12 168 1
12 169 1
12 194 1
12 219 1
12 297 1
12 304 1
12 370 1
12 372 1
12 406 1
12 415 1
12 440 1
12 466 1
12 506 1
12 519 1
12 528 1
12 540 1
12 549 1
12 626 1
12 637 1
12 676 1
12 735 1
12 784 1
12 845 1
12 918 1
12 940 1
12 957 1
12 961 1
12 1093 1
12 1122 1
12 1169 1
12 1185 1
12 1191 1
12 1197 1
13 15 1
13 56 1
13 71 1
13 209 1
13 227 1
13 243 1
13 246 1
13 278 1
13 291 1
13 342 1
13 512 1
13 529 1
13 565 1
13 648 1
13 661 1
13 719 1
13 755 1
13 848 1
13 909 1
13 998 1
13 1086 1
13 1100 1
14 16 1
14 19 1
14 24 1
14 26 1
14 28 1
14 31 1
14 37 1
14 46 1
14 48 1
14 49 1
14 54 1
14 74 1
14 79 1
14 88 1
14 105 1
14 107 1
14 134 1
14 160 1
14 163 1
14 169 1
14 185 1
14 207 1
14 252 1
14 289 1
14 299 1
14 312 1
14 321 1
14 375 1
14 461 1
14 479 1
14 514 1
14 528 1
14 539 1
14 668 1
14 705 1
14 715 1
14 728 1
14 757 1
14 810 1
14 868 1
14 924 1
14 967 1
14 1045 1
14 1068 1
14 1078 1
14 1080 1
14 1118 1
14 1182 1
15 22 1
15 23 1
15 31 1
15 33 1
15 42 1
15 59 1
15 61 1
15 88 1
15 114 1
15 124 1
15 128 1
15 217 1
15 316 1
15 324 1
15 328 1
15 339 1
15 412 1
15 414 1
15 447 1
15 455 1
15 565 1
15 580 1
15 725 1
15 730 1
15 971 1
15 1126 1
16 22 1
16 23 1
16 31 1
16 38 1
16 64 1
16 65 1
16 70 1
16 82 1
16 96 1
16 139 1
16 147 1
16 312 1
16 328 1
16 338 1
16 351 1
16 458 1
16 698 1
16 723 1
16 757 1
17 19 1
17 20 1
17 21 1
17 24 1
17 31 1
17 34 1
17 45 1
17 51 1
17 55 1
17 66 1
17 69 1
17 76 1
17 103 1
17 107 1
17 110 1
17 112 1
17 139 1
17 216 1
17 226 1
17 231 1
17 234 1
17 262 1
17 266 1
17 282 1
17 307 1
17 344 1
17 381 1
17 397 1
17 399 1
17 402 1
17 415 1
17 443 1
17 463 1
17 532 1
17 569 1
17 581 1
17 633 1
17 739 1
17 769 1
17 803 1
17 807 1
17 825 1
17 839 1
17 890 1
17 933 1
17 940 1
17 985 1
17 1059 1
17 1069 1
17 1071 1
17 1074 1
17 1088 1
17 1091 1
17 1117 1
18 28 1
18 35 1
18 38 1
18 39 1
18 55 1
18 71 1
18 106 1
18 110 1
18 151 1
18 164 1
18 186 1
18 225 1
18 248 1
18 263 1
18 276 1
18 310 1
18 319 1
18 329 1
18 349 1
18 374 1
18 403 1
18 515 1
18 522 1
18 544 1
18 669 1
18 773 1
18 966 1
18 1021 1
18 1168 1
19 74 1
19 94 1
19 98 1
19 232 1
19 283 1
19 290 1
19 334 1
19 507 1
19 516 1
19 709 1
19 749 1
19 845 1
19 907 1
19 992 1
20 26 1
20 27 1
20 32 1
20 38 1
20 46 1
20 49 1
20 52 1
20 57 1
20 59 1
20 65 1
20 69 1
20 82 1
20 89 1
20 93 1
20 101 1
20 109 1
20 115 1
20 138 1
20 151 1
20 156 1
20 201 1
20 210 1
20 283 1
20 315 1
20 365 1
20 369 1
20 372 1
20 399 1
20 409 1
20 410 1
20 411 1
20 453 1
20 474 1
20 518 1
20 521 1
20 537 1
20 548 1
20 566 1
20 583 1
20 634 1
20 638 1
20 640 1
20 647 1
20 669 1
20 703 1
20 720 1
20 737 1
20 739 1
20 744 1
20 800 1
20 844 1
20 870 1
20 888 1
20 894 1
20 941 1
20 944 1
20 1016 1
20 1042 1
20 1045 1
20 1047 1
20 1095 1
20 1124 1
21 49 1
21 99 1
21 379 1
22 35 1
22 111 1
22 130 1
22 137 1
22 187 1
22 194 1
22 220 1
22 260 1
22 323 1
22 326 1
22 384 1
22 467 1
22 472 1
22 539 1
22 546 1
22 573 1
22 593 1
22 987 1
22 1008 1
22 1076 1
22 1134 1
23 28 1
23 29 1
23 30 1
23 39 1
23 40 1
23 44 1
23 58 1
23 63 1
23 67 1
23 89 1
23 91 1
23 92 1
23 130 1
23 135 1
23 137 1
23 141 1
23 155 1
23 175 1
23 187 1
23 199 1
23 228 1
23 235 1
23 246 1
23 286 1
23 308 1
23 319 1
23 355 1
23 381 1
23 445 1
23 459 1
23 533 1
23 564 1
23 568 1
23 611 1
23 618 1
23 626 1
23 680 1
23 776 1
23 787 1
23 796 1
23 838 1
23 869 1
23 884 1
23 907 1
23 910 1
23 920 1
23 998 1
23 1141 1
23 1148 1
23 1163 1
23 1173 1
23 1183 1
23 1195 1
24 29 1
24 42 1
24 44 1
24 47 1
24 50 1
24 80 1
24 134 1
24 320 1
24 435 1
24 452 1
24 497 1
24 526 1
24 566 1
24 646 1
24 702 1
24 796 1
24 875 1
24 992 1
24 1017 1
24 1147 1
25 29 1
25 30 1
25 85 1
25 102 1
25 109 1
25 140 1
25 176 1
25 244 1
25 256 1
25 271 1
25 329 1
25 333 1
25 367 1
25 448 1
25 562 1
25 581 1
25 598 1
25 782 1
25 823 1
25 824 1
25 850 1
25 861 1
25 1032 1
25 1070 1
25 1090 1
25 1094 1
25 1141 1
25 1174 1
25 1185 1
26 51 1
26 101 1
26 126 1
26 358 1
26 830 1
26 918 1
26 990 1
26 1069 1
27 32 1
27 37 1
27 41 1
27 91 1
27 97 1
27 116 1
27 140 1
27 172 1
27 237 1
27 246 1
27 355 1
27 391 1
27 395 1
27 422 1
27 432 1
27 439 1
27 440 1
27 476 1
27 488 1
27 548 1
27 592 1
27 660 1
27 667 1
27 702 1
27 896 1
27 928 1
27 945 1
27 1065 1
28 71 1
28 77 1
28 214 1
28 277 1
28 523 1
28 612 1
28 624 1
28 660 1
28 943 1
29 62 1
29 100 1
29 159 1
29 164 1
29 231 1
29 240 1
29 717 1
29 837 1
29 1184 1
30 77 1
30 126 1
30 144 1
30 251 1
30 289 1
30 298 1
30 338 1
30 390 1
30 491 1
30 757 1
30 838 1
30 974 1
31 36 1
31 51 1
31 76 1
31 80 1
31 119 1
31 149 1
31 184 1
31 204 1
31 247 1
31 293 1
31 338 1
31 367 1
31 415 1
31 613 1
31 764 1
31 818 1
31 905 1
31 947 1
31 1136 1
32 63 1
32 81 1
32 108 1
32 131 1
32 273 1
32 278 1
32 311 1
32 386 1
32 391 1
32 394 1
32 475 1
32 480 1
32 715 1
32 785 1
32 883 1
32 926 1
32 1009 1
32 1178 1
33 35 1
33 43 1
33 71 1
33 84 1
33 124 1
33 134 1
33 230 1
33 336 1
33 499 1
33 522 1
33 693 1
33 723 1
33 779 1
33 819 1
33 884 1
33 1056 1
33 1152 1
34 56 1
34 57 1
34 60 1
34 73 1
34 106 1
34 135 1
34 145 1
34 148 1
34 156 1
34 175 1
34 249 1
34 294 1
34 298 1
34 330 1
34 357 1
34 360 1
34 363 1
34 377 1
34 421 1
34 434 1
34 458 1
34 527 1
34 528 1
34 570 1
34 596 1
34 600 1
34 608 1
34 636 1
34 652 1
34 673 1
34 694 1
34 736 1
34 764 1
34 809 1
34 878 1
34 970 1
34 985 1
34 1109 1
34 1124 1
34 1142 1
34 1173 1
35 36 1
35 43 1
35 44 1
35 48 1
35 65 1
35 66 1
35 87 1
35 117 1
35 120 1
35 125 1
35 142 1
35 143 1
35 188 1
35 278 1
35 286 1
35 290 1
35 332 1
35 348 1
35 380 1
35 385 1
35 387 1
35 422 1
35 482 1
35 507 1
35 530 1
35 576 1
35 591 1
35 633 1
35 657 1
35 712 1
35 717 1
35 748 1
35 798 1
35 818 1
35 887 1
35 960 1
35 979 1
35 1048 1
35 1061 1
35 1179 1
35 1190 1
36 97 1
36 98 1
36 322 1
36 372 1
36 450 1
36 511 1
36 679 1
36 773 1
36 778 1
36 808 1
37 56 1
37 122 1
37 136 1
37 347 1
37 445 1
37 555 1
37 589 1
37 601 1
37 802 1
37 832 1
37 846 1
37 912 1
37 1027 1
37 1161 1
37 1186 1
38 39 1
38 48 1
38 67 1
38 72 1
38 82 1
38 85 1
38 93 1
38 100 1
38 126 1
38 200 1
38 209 1
38 232 1
38 317 1
38 418 1
38 461 1
38 477 1
38 511 1
38 680 1
38 695 1
38 751 1
38 839 1
38 842 1
38 876 1
38 901 1
38 935 1
38 960 1
38 1011 1
38 1057 1
38 1059 1
38 1130 1
38 1170 1
39 40 1
39 73 1
39 157 1
39 160 1
39 165 1
39 168 1
39 179 1
39 183 1
39 188 1
39 227 1
39 296 1
39 310 1
39 470 1
39 493 1
39 617 1
39 699 1
39 767 1
39 1116 1
39 1150 1
40 42 1
40 47 1
40 53 1
40 60 1
40 61 1
40 64 1
40 72 1
40 77 1
40 87 1
40 88 1
40 94 1
40 103 1
40 146 1
40 156 1
40 198 1
40 206 1
40 244 1
40 247 1
40 270 1
40 271 1
40 280 1
40 361 1
40 426 1
40 427 1
40 444 1
40 512 1
40 559 1
40 574 1
40 584 1
40 586 1
40 619 1
40 655 1
40 721 1
40 736 1
40 745 1
40 768 1
40 789 1
40 790 1
40 810 1
40 908 1
40 991 1
40 995 1
40 999 1
40 1019 1
40 1039 1
40 1065 1
40 1142 1
40 1152 1
40 1170 1
41 45 1
41 58 1
41 110 1
41 128 1
41 165 1
41 206 1
41 219 1
41 340 1
41 517 1
41 565 1
41 686 1
41 773 1
41 858 1
41 1085 1
41 1106 1
42 47 1
42 53 1
42 54 1
42 64 1
42 81 1
42 83 1
42 156 1
42 225 1
42 228 1
42 256 1
42 272 1
42 279 1
42 311 1
42 386 1
42 396 1
42 483 1
42 515 1
42 542 1
42 588 1
42 668 1
42 765 1
42 788 1
42 826 1
42 866 1
42 874 1
42 1045 1
42 1067 1
42 1119 1
42 1132 1
42 1156 1
42 1188 1
43 47 1
43 109 1
43 125 1
43 347 1
43 409 1
43 489 1
43 606 1
43 717 1
43 720 1
43 760 1
43 813 1
43 848 1
43 858 1
43 977 1
43 1109 1
44 70 1
44 75 1
44 105 1
44 143 1
44 148 1
44 181 1
44 193 1
44 195 1
44 215 1
44 233 1
44 249 1
44 265 1
44 278 1
44 318 1
44 374 1
44 412 1
44 414 1
44 427 1
44 456 1
44 487 1
44 501 1
44 586 1
44 683 1
44 688 1
44 901 1
44 1023 1
44 1025 1
44 1094 1
44 1116 1
44 1138 1
44 1147 1
45 75 1
45 95 1
45 157 1
45 220 1
45 524 1
45 782 1
45 798 1
45 841 1
45 914 1
46 83 1
46 134 1
46 139 1
46 154 1
46 161 1
46 404 1
46 422 1
46 462 1
46 498 1
46 563 1
46 607 1
46 610 1
46 612 1
46 645 1
46 703 1
46 921 1
46 1083 1
46 1089 1
47 106 1
47 180 1
47 183 1
47 198 1
47 293 1
47 388 1
47 423 1
47 487 1
47 540 1
47 613 1
47 733 1
47 892 1
48 68 1
48 203 1
48 249 1
48 361 1
48 408 1
48 621 1
48 791 1
48 969 1
48 987 1
48 1199 1
49 50 1
49 90 1
49 196 1
49 241 1
49 265 1
49 267 1
49 382 1
49 390 1
49 430 1
49 459 1
49 853 1
49 871 1
49 976 1
49 1123 1
49 1127 1
49 1163 1
50 75 1
50 146 1
50 173 1
50 177 1
50 186 1
50 192 1
50 193 1
50 196 1
50 241 1
50 261 1
50 348 1
50 429 1
50 451 1
50 464 1
50 653 1
50 693 1
50 767 1
50 816 1
50 983 1
51 80 1
51 356 1
51 721 1
51 1153 1
52 79 1
52 130 1
52 163 1
52 169 1
52 197 1
52 204 1
52 216 1
52 274 1
52 305 1
52 320 1
52 344 1
52 382 1
52 419 1
52 469 1
52 487 1
52 515 1
52 519 1
52 633 1
52 674 1
52 676 1
52 707 1
52 897 1
52 912 1
52 985 1
52 1034 1
52 1107 1
52 1120 1
52 1123 1
52 1200 1
53 54 1
53 103 1
53 173 1
53 185 1
53 193 1
53 396 1
53 432 1
53 564 1
53 1029 1
53 1082 1
54 86 1
54 88 1
54 193 1
54 430 1
54 635 1
54 706 1
55 269 1
55 629 1
56 97 1
56 114 1
56 142 1
56 147 1
56 153 1
56 167 1
56 172 1
56 175 1
56 176 1
56 188 1
56 237 1
56 316 1
56 317 1
56 376 1
56 542 1
56 547 1
56 597 1
56 632 1
56 702 1
56 734 1
56 769 1
56 866 1
56 898 1
56 921 1
56 1090 1
57 68 1
57 79 1
57 101 1
57 113 1
57 116 1
57 120 1
57 131 1
57 160 1
57 171 1
57 179 1
57 189 1
57 202 1
57 214 1
57 217 1
57 256 1
57 274 1
57 277 1
57 280 1
57 284 1
57 293 1
57 325 1
57 363 1
57 378 1
57 386 1
57 387 1
57 433 1
57 436 1
57 437 1
57 460 1
57 467 1
57 745 1
57 761 1
57 806 1
57 824 1
57 870 1
57 1007 1
57 1043 1
57 1168 1
58 65 1
58 70 1
58 95 1
58 99 1
58 160 1
58 190 1
58 222 1
58 260 1
58 267 1
58 273 1
58 303 1
58 305 1
58 333 1
58 379 1
58 491 1
58 514 1
58 528 1
58 550 1
58 571 1
58 616 1
58 738 1
58 749 1
58 779 1
58 822 1
58 917 1
58 923 1
58 926 1
58 946 1
58 1151 1
59 321 1
59 505 1
59 529 1
59 546 1
59 647 1
60 76 1
60 257 1
60 441 1
60 478 1
60 710 1
60 761 1
60 794 1
60 828 1
60 971 1
60 1070 1
60 1143 1
61 99 1
61 106 1
61 108 1
61 124 1
61 161 1
61 204 1
61 215 1
61 337 1
61 362 1
61 384 1
61 786 1
61 827 1
61 846 1
61 933 1
61 939 1
61 982 1
62 84 1
62 94 1
62 104 1
62 145 1
62 152 1
62 221 1
62 240 1
62 505 1
62 605 1
62 649 1
62 678 1
62 867 1
62 925 1
62 950 1
62 1136 1
62 1190 1
63 86 1
63 129 1
63 152 1
63 165 1
63 172 1
63 189 1
63 413 1
63 613 1
63 625 1
63 653 1
63 696 1
63 720 1
63 732 1
63 749 1
63 792 1
63 895 1
63 968 1
63 971 1
63 1083 1
63 1181 1
64 81 1
64 147 1
64 479 1
65 97 1
65 105 1
65 110 1
65 117 1
65 118 1
65 123 1
65 166 1
65 171 1
65 203 1
65 204 1
65 318 1
65 324 1
65 338 1
65 350 1
65 362 1
65 371 1
65 432 1
65 437 1
65 447 1
65 460 1
65 485 1
65 520 1
65 590 1
65 593 1
65 678 1
65 723 1
65 735 1
65 743 1
65 850 1
65 871 1
65 904 1
65 905 1
65 1031 1
65 1050 1
65 1074 1
65 1085 1
65 1145 1
65 1150 1
65 1151 1
66 67 1
66 86 1
66 87 1
66 96 1
66 122 1
66 143 1
66 146 1
66 148 1
66 182 1
66 184 1
66 218 1
66 342 1
66 496 1
66 589 1
66 856 1
66 928 1
66 1031 1
66 1147 1
66 1175 1
67 74 1
67 89 1
67 90 1
67 99 1
67 100 1
67 109 1
67 116 1
67 121 1
67 133 1
67 138 1
67 152 1
67 159 1
67 162 1
67 178 1
67 184 1
67 239 1
67 245 1
67 272 1
67 292 1
67 319 1
67 330 1
67 337 1
67 339 1
67 400 1
67 410 1
67 460 1
67 502 1
67 516 1
67 521 1
67 523 1
67 557 1
67 558 1
67 615 1
67 653 1
67 685 1
67 756 1
67 762 1
67 793 1
67 821 1
67 836 1
67 923 1
67 1089 1
68 72 1
68 92 1
68 191 1
68 285 1
68 341 1
68 345 1
68 355 1
68 360 1
68 389 1
68 433 1
68 452 1
68 470 1
68 503 1
68 506 1
68 688 1
68 701 1
68 756 1
68 763 1
68 836 1
69 135 1
69 140 1
69 196 1
69 283 1
69 323 1
69 327 1
69 349 1
69 532 1
69 539 1
69 552 1
69 684 1
69 697 1
69 752 1
69 877 1
69 947 1
70 72 1
70 83 1
70 166 1
70 272 1
70 292 1
70 345 1
70 378 1
70 698 1
70 715 1
70 1000 1
71 116 1
71 127 1
71 128 1
71 150 1
71 251 1
71 314 1
71 321 1
71 414 1
71 426 1
71 515 1
71 706 1
71 859 1
71 1102 1
72 219 1
72 487 1
72 629 1
72 746 1
72 775 1
72 1139 1
73 90 1
73 120 1
73 157 1
73 159 1
73 190 1
73 452 1
73 456 1
73 468 1
73 486 1
73 623 1
73 706 1
73 711 1
73 763 1
73 979 1
73 1129 1
74 75 1
74 149 1
74 311 1
74 352 1
74 530 1
74 586 1
74 730 1
74 1140 1
75 83 1
75 127 1
75 173 1
75 174 1
75 238 1
75 265 1
75 290 1
75 380 1
75 531 1
75 724 1
75 1104 1
75 1131 1
76 113 1
76 181 1
76 248 1
76 255 1
76 268 1
76 306 1
76 407 1
76 430 1
76 434 1
76 511 1
76 541 1
76 568 1
76 720 1
76 784 1
76 792 1
76 814 1
76 1186 1
77 466 1
77 494 1
77 657 1
77 670 1
77 981 1
78 146 1
78 151 1
78 171 1
78 263 1
78 521 1
78 844 1
78 858 1
78 1064 1
78 1070 1
78 1184 1
79 163 1
79 197 1
79 290 1
79 364 1
79 436 1
79 485 1
79 661 1
79 781 1
79 1032 1
79 1142 1
80 84 1
80 200 1
80 221 1
80 288 1
81 82 1
81 94 1
81 108 1
81 115 1
81 186 1
81 231 1
81 243 1
81 285 1
81 287 1
81 374 1
81 391 1
81 632 1
81 713 1
81 860 1
81 864 1
81 932 1
81 1041 1
81 1091 1
82 92 1
82 105 1
82 855 1
82 1016 1
82 1041 1
82 1111 1
82 1136 1
83 155 1
83 212 1
83 239 1
83 307 1
83 421 1
83 596 1
83 872 1
83 993 1
83 1162 1
84 96 1
84 121 1
84 194 1
84 259 1
84 332 1
84 500 1
84 583 1
84 656 1
84 833 1
84 869 1
84 919 1
84 962 1
84 1018 1
85 236 1
85 258 1
85 274 1
85 332 1
85 359 1
85 399 1
85 403 1
85 418 1
85 448 1
85 625 1
85 644 1
85 654 1
85 948 1
85 1035 1
86 112 1
86 413 1
86 439 1
86 580 1
86 743 1
86 846 1
86 1035 1
87 180 1
87 384 1
87 449 1
87 926 1
87 1140 1
88 107 1
88 189 1
88 206 1
88 392 1
88 502 1
88 906 1
88 928 1
88 1165 1
89 178 1
89 190 1
89 222 1
89 303 1
89 378 1
89 551 1
89 578 1
89 659 1
89 817 1
89 824 1
89 1183 1
90 98 1
90 103 1
90 147 1
90 169 1
90 170 1
90 192 1
90 223 1
90 225 1
90 236 1
90 264 1
90 270 1
90 299 1
90 358 1
90 394 1
90 416 1
90 510 1
90 526 1
90 527 1
90 707 1
90 780 1
90 1020 1
90 1066 1
90 1071 1
90 1088 1
91 137 1
91 481 1
91 520 1
91 618 1
91 684 1
91 990 1
91 1101 1
92 168 1
92 217 1
92 234 1
92 523 1
92 577 1
92 584 1
92 629 1
92 819 1
92 943 1
92 953 1
92 1122 1
93 553 1
93 566 1
93 588 1
93 1074 1
94 98 1
94 127 1
94 144 1
94 150 1
94 179 1
94 202 1
94 346 1
94 408 1
94 412 1
94 510 1
94 533 1
94 564 1
94 703 1
94 773 1
94 837 1
94 900 1
94 936 1
94 1003 1
94 1015 1
94 1032 1
94 1133 1
95 262 1
96 182 1
96 229 1
96 451 1
96 661 1
96 701 1
96 875 1
96 941 1
96 958 1
96 1176 1
97 195 1
97 369 1
97 432 1
97 488 1
97 593 1
97 628 1
97 651 1
97 754 1
97 778 1
97 782 1
97 854 1
97 861 1
97 875 1
98 170 1
98 691 1
98 727 1
99 121 1
99 354 1
99 425 1
99 719 1
99 739 1
99 775 1
99 801 1
99 940 1
100 172 1
100 207 1
100 240 1
100 866 1
100 989 1
101 114 1
101 170 1
101 232 1
101 306 1
101 446 1
101 493 1
101 831 1
101 941 1
101 964 1
101 1051 1
102 118 1
102 182 1
102 255 1
102 268 1
102 367 1
102 710 1
102 790 1
102 914 1
102 930 1
103 131 1
103 184 1
103 197 1
103 230 1
103 275 1
103 288 1
103 295 1
103 323 1
103 371 1
103 390 1
103 420 1
103 425 1
103 455 1
103 570 1
103 638 1
103 681 1
103 849 1
103 902 1
103 964 1
103 1097 1
103 1173 1
104 392 1
104 706 1
105 149 1
105 158 1
105 174 1
105 213 1
105 248 1
105 281 1
105 295 1
105 298 1
105 345 1
105 351 1
105 448 1
105 456 1
105 465 1
105 491 1
105 572 1
105 617 1
105 691 1
105 726 1
105 745 1
105 805 1
105 817 1
105 823 1
105 836 1
105 837 1
105 846 1
105 860 1
105 893 1
105 894 1
105 897 1
105 904 1
105 919 1
105 998 1
105 1016 1
105 1051 1
105 1135 1
105 1187 1
106 115 1
106 178 1
106 181 1
106 224 1
106 250 1
106 253 1
106 448 1
106 621 1
106 627 1
106 645 1
106 667 1
106 719 1
106 746 1
106 884 1
107 199 1
107 245 1
107 253 1
107 301 1
107 320 1
107 360 1
107 628 1
107 683 1
108 151 1
108 177 1
108 211 1
108 256 1
108 305 1
108 310 1
108 362 1
108 670 1
108 672 1
108 840 1
108 1077 1
109 139 1
109 353 1
109 375 1
109 470 1
109 615 1
109 664 1
109 722 1
109 728 1
109 789 1
109 806 1
109 851 1
109 980 1
109 1077 1
109 1098 1
109 1099 1
109 1132 1
110 125 1
110 185 1
110 213 1
110 223 1
110 280 1
110 284 1
110 537 1
110 571 1
110 643 1
110 686 1
111 167 1
111 177 1
111 223 1
111 345 1
112 162 1
112 1191 1
113 122 1
113 261 1
113 325 1
113 446 1
113 650 1
113 851 1
113 962 1
113 1126 1
113 1130 1
114 456 1
114 1082 1
115 179 1
115 233 1
115 257 1
115 428 1
115 572 1
115 681 1
115 1056 1
116 165 1
116 214 1
116 518 1
116 1121 1
116 1129 1
117 132 1
117 155 1
117 442 1
117 619 1
117 829 1
117 999 1
117 1091 1
117 1110 1
118 123 1
118 255 1
118 393 1
118 501 1
118 769 1
118 991 1
118 1193 1
119 183 1
119 187 1
119 189 1
119 216 1
119 231 1
119 232 1
119 276 1
119 282 1
119 307 1
119 418 1
119 423 1
119 556 1
119 577 1
119 648 1
119 660 1
119 751 1
119 830 1
119 948 1
119 1052 1
119 1059 1
119 1060 1
119 1173 1
120 173 1
120 205 1
120 313 1
120 614 1
120 1001 1
120 1192 1
121 339 1
121 397 1
121 425 1
121 554 1
121 851 1
121 1172 1
122 159 1
122 477 1
122 509 1
122 589 1
122 997 1
122 1130 1
123 211 1
123 241 1
123 310 1
123 351 1
123 363 1
123 400 1
123 406 1
123 482 1
123 597 1
123 631 1
123 776 1
123 835 1
123 872 1
123 954 1
123 1020 1
123 1027 1
123 1133 1
124 612 1
124 933 1
124 1085 1
125 145 1
125 154 1
125 308 1
125 361 1
125 568 1
125 899 1
125 938 1
125 1100 1
126 138 1
126 201 1
126 358 1
126 383 1
126 387 1
126 413 1
126 495 1
126 786 1
126 872 1
126 876 1
126 911 1
126 952 1
126 1018 1
126 1111 1
126 1128 1
126 1155 1
126 1161 1
126 1182 1
127 129 1
127 132 1
127 137 1
127 336 1
127 385 1
127 426 1
127 441 1
127 538 1
127 555 1
127 641 1
127 659 1
127 679 1
127 900 1
127 1072 1
127 1154 1
127 1175 1
127 1195 1
128 291 1
128 297 1
128 571 1
128 605 1
128 671 1
128 685 1
128 732 1
128 886 1
128 1158 1
129 136 1
129 153 1
129 213 1
129 229 1
129 397 1
129 692 1
129 766 1
129 895 1
129 963 1
129 988 1
129 1049 1
129 1180 1
130 197 1
130 332 1
130 535 1
130 543 1
130 651 1
130 677 1
130 1013 1
130 1127 1
131 163 1
131 230 1
131 241 1
131 443 1
131 509 1
131 537 1
131 766 1
131 891 1
131 910 1
131 1026 1
131 1062 1
131 1119 1
131 1174 1
132 158 1
132 320 1
132 416 1
132 424 1
132 495 1
132 538 1
132 655 1
132 829 1
132 863 1
132 1084 1
132 1111 1
133 148 1
133 155 1
133 157 1
133 226 1
133 247 1
133 258 1
133 309 1
133 335 1
133 348 1
133 390 1
133 405 1
133 654 1
133 667 1
133 857 1
133 927 1
133 951 1
133 1095 1
134 154 1
134 396 1
134 573 1
134 620 1
134 796 1
135 223 1
135 298 1
135 373 1
135 484 1
135 506 1
135 566 1
135 603 1
135 643 1
135 697 1
135 699 1
135 718 1
135 745 1
136 164 1
136 185 1
136 195 1
136 210 1
136 313 1
136 440 1
136 455 1
136 676 1
136 705 1
137 206 1
137 216 1
137 271 1
137 314 1
137 431 1
137 550 1
137 595 1
137 623 1
137 829 1
137 879 1
138 149 1
138 177 1
138 260 1
138 276 1
138 373 1
138 381 1
139 266 1
139 553 1
139 1015 1
139 1030 1
140 246 1
140 248 1
140 269 1
140 318 1
140 383 1
140 726 1
140 990 1
141 188 1
141 198 1
141 224 1
141 250 1
141 365 1
141 393 1
141 430 1
141 435 1
141 561 1
141 625 1
141 864 1
142 201 1
142 598 1
142 801 1
142 838 1
143 161 1
143 313 1
143 492 1
143 544 1
143 635 1
143 667 1
143 836 1
143 949 1
143 996 1
144 260 1
144 312 1
144 447 1
144 634 1
144 738 1
144 778 1
145 300 1
145 319 1
145 354 1
145 399 1
145 774 1
145 831 1
145 855 1
145 921 1
145 1047 1
146 382 1
146 440 1
146 464 1
146 806 1
146 847 1
146 976 1
147 218 1
147 428 1
147 767 1
147 1120 1
148 284 1
148 296 1
148 413 1
148 421 1
148 840 1
148 1160 1
149 218 1
149 327 1
149 377 1
149 463 1
149 500 1
149 545 1
149 741 1
150 192 1
150 803 1
151 199 1
151 291 1
151 372 1
151 616 1
151 961 1
151 1077 1
151 1086 1
152 158 1
152 212 1
152 215 1
152 233 1
152 343 1
152 376 1
152 523 1
152 632 1
152 810 1
152 1042 1
152 1098 1
153 244 1
153 254 1
153 341 1
153 353 1
153 591 1
153 889 1
153 1033 1
154 490 1
154 541 1
154 663 1
155 205 1
155 214 1
155 279 1
155 296 1
155 864 1
155 1083 1
156 269 1
156 334 1
156 486 1
156 505 1
156 1176 1
157 199 1
157 392 1
157 444 1
157 665 1
157 841 1
157 909 1
157 1133 1
157 1166 1
158 458 1
158 468 1
158 582 1
158 692 1
159 182 1
159 236 1
159 330 1
160 236 1
160 277 1
160 299 1
160 329 1
160 347 1
160 479 1
160 544 1
160 545 1
160 552 1
160 565 1
160 574 1
160 797 1
160 835 1
161 229 1
161 323 1
161 658 1
161 828 1
161 842 1
162 176 1
162 191 1
162 202 1
162 420 1
162 687 1
162 808 1
162 1004 1
162 1084 1
162 1195 1
163 230 1
163 239 1
163 463 1
163 542 1
163 674 1
163 710 1
163 853 1
163 934 1
163 993 1
164 1177 1
165 344 1
165 394 1
165 548 1
165 665 1
166 191 1
166 213 1
166 597 1
166 976 1
166 987 1
166 1099 1
167 180 1
167 222 1
167 259 1
167 507 1
167 534 1
167 930 1
167 1075 1
168 263 1
168 275 1
168 286 1
168 594 1
168 862 1
168 997 1
168 1151 1
168 1158 1
168 1172 1
169 208 1
169 604 1
169 983 1
169 1044 1
169 1185 1
170 198 1
170 561 1
171 211 1
171 336 1
171 363 1
171 379 1
171 412 1
171 614 1
171 690 1
171 932 1
171 938 1
171 1017 1
171 1031 1
171 1078 1
172 304 1
172 800 1
172 840 1
172 911 1
172 1090 1
173 203 1
173 212 1
173 224 1
173 237 1
173 238 1
173 275 1
173 340 1
173 358 1
173 402 1
173 406 1
173 555 1
173 652 1
173 743 1
173 890 1
173 926 1
173 969 1
173 1007 1
173 1023 1
175 952 1
175 1100 1
175 1155 1
176 233 1
177 261 1
177 334 1
177 407 1
177 408 1
177 711 1
177 750 1
178 180 1
178 190 1
178 252 1
178 348 1
178 359 1
178 375 1
178 464 1
178 620 1
178 768 1
178 780 1
178 878 1
178 903 1
178 942 1
178 1007 1
178 1070 1
179 208 1
179 314 1
179 325 1
179 334 1
179 335 1
179 483 1
179 501 1
179 531 1
179 822 1
179 893 1
179 1039 1
179 1139 1
180 210 1
180 337 1
180 534 1
180 639 1
180 1076 1
181 235 1
181 422 1
181 436 1
181 492 1
181 563 1
181 603 1
181 677 1
181 832 1
181 922 1
181 967 1
181 1082 1
181 1114 1
182 200 1
182 210 1
182 258 1
182 385 1
183 234 1
183 238 1
183 383 1
183 400 1
183 494 1
183 761 1
183 924 1
183 1001 1
184 215 1
184 315 1
184 356 1
184 366 1
184 411 1
184 435 1
184 476 1
184 508 1
184 514 1
184 573 1
184 584 1
184 903 1
184 905 1
184 953 1
184 958 1
184 1017 1
184 1143 1
185 369 1
185 373 1
185 389 1
185 407 1
185 419 1
185 436 1
185 533 1
185 1047 1
185 1096 1
186 191 1
186 200 1
186 342 1
186 357 1
186 457 1
186 656 1
186 1048 1
187 221 1
187 837 1
187 1058 1
188 227 1
188 247 1
188 253 1
188 267 1
188 283 1
188 395 1
188 411 1
188 455 1
188 641 1
188 814 1
188 881 1
188 931 1
188 945 1
189 202 1
189 281 1
189 741 1
189 937 1
189 1013 1
189 1116 1
190 222 1
190 277 1
190 284 1
190 648 1
191 285 1
191 297 1
191 385 1
191 434 1
191 808 1
191 964 1
191 1139 1
192 597 1
192 672 1
192 696 1
192 988 1
193 211 1
193 258 1
193 317 1
193 396 1
193 417 1
193 443 1
193 484 1
193 743 1
193 1025 1
193 1126 1
193 1188 1
193 1196 1
194 205 1
194 227 1
194 288 1
194 322 1
194 1097 1
195 677 1
195 691 1
195 796 1
195 852 1
195 900 1
195 1122 1
196 788 1
196 805 1
196 955 1
196 1159 1
196 1194 1
197 259 1
197 264 1
197 309 1
197 407 1
197 419 1
197 608 1
197 666 1
197 725 1
197 952 1
198 726 1
198 1005 1
198 1189 1
199 245 1
199 253 1
199 270 1
199 344 1
199 423 1
199 961 1
199 1034 1
200 722 1
200 861 1
200 1009 1
200 1079 1
200 1135 1
201 205 1
201 263 1
201 395 1
201 537 1
201 785 1
202 208 1
202 254 1
202 797 1
202 935 1
202 1055 1
202 1132 1
203 220 1
203 287 1
203 328 1
203 355 1
203 387 1
203 433 1
203 504 1
203 541 1
203 549 1
203 556 1
203 627 1
203 642 1
203 708 1
203 723 1
203 762 1
203 816 1
203 868 1
203 871 1
203 1060 1
203 1063 1
203 1112 1
203 1200 1
204 225 1
204 472 1
204 532 1
204 548 1
204 581 1
204 701 1
204 871 1
205 438 1
205 443 1
205 1080 1
206 304 1
206 502 1
206 530 1
206 791 1
206 951 1
206 1115 1
207 542 1
207 561 1
207 608 1
207 612 1
207 697 1
207 820 1
207 1159 1
207 1181 1
208 224 1
208 331 1
208 359 1
208 437 1
208 471 1
208 579 1
208 748 1
208 1003 1
208 1076 1
209 484 1
209 972 1
210 235 1
210 366 1
210 374 1
210 394 1
210 425 1
210 486 1
210 569 1
210 575 1
210 711 1
210 724 1
210 759 1
210 859 1
210 1154 1
211 415 1
211 513 1
211 601 1
211 768 1
211 1013 1
211 1120 1
212 297 1
212 404 1
212 493 1
212 536 1
212 554 1
212 781 1
212 992 1
212 1117 1
213 254 1
213 296 1
213 516 1
213 812 1
213 911 1
213 939 1
214 302 1
214 582 1
214 634 1
214 698 1
214 704 1
214 835 1
214 944 1
214 1024 1
214 1177 1
215 508 1
215 531 1
215 920 1
215 1023 1
215 1176 1
216 272 1
216 292 1
216 331 1
216 438 1
216 604 1
217 252 1
217 370 1
217 807 1
217 1068 1
217 1167 1
218 993 1
218 1022 1
218 1036 1
218 1101 1
219 289 1
219 303 1
219 368 1
219 409 1
219 489 1
219 782 1
219 1003 1
219 1149 1
220 729 1
220 756 1
220 1083 1
221 295 1
221 300 1
221 424 1
221 513 1
221 807 1
221 959 1
221 1187 1
222 257 1
222 271 1
222 273 1
222 331 1
222 349 1
222 590 1
222 684 1
222 708 1
222 740 1
222 764 1
222 799 1
222 1095 1
223 264 1
223 373 1
223 609 1
223 830 1
223 832 1
223 994 1
224 353 1
224 420 1
224 453 1
224 678 1
224 729 1
225 242 1
225 292 1
225 300 1
225 331 1
225 398 1
225 572 1
225 740 1
225 856 1
225 936 1
225 942 1
225 1052 1
225 1164 1
226 287 1
226 495 1
226 981 1
227 474 1
227 538 1
227 647 1
227 967 1
227 1171 1
228 449 1
228 859 1
228 874 1
229 364 1
229 368 1
229 752 1
229 882 1
229 1021 1
229 1182 1
230 680 1
230 681 1
230 1050 1
230 1110 1
230 1167 1
231 444 1
231 543 1
231 567 1
231 577 1
231 590 1
231 618 1
231 646 1
231 713 1
231 1134 1
231 1156 1
231 1163 1
232 235 1
232 239 1
232 337 1
232 353 1
232 376 1
232 388 1
232 414 1
232 427 1
232 652 1
232 700 1
232 732 1
232 772 1
232 1038 1
233 267 1
233 833 1
233 1042 1
233 1116 1
234 250 1
234 251 1
234 288 1
234 375 1
234 435 1
234 603 1
234 734 1
234 795 1
234 917 1
235 478 1
235 873 1
237 238 1
237 454 1
237 628 1
237 671 1
237 675 1
237 1124 1
238 242 1
238 276 1
238 424 1
238 569 1
238 728 1
238 800 1
238 982 1
238 1027 1
238 1053 1
238 1091 1
240 252 1
240 274 1
240 748 1
240 1073 1
241 405 1
241 447 1
241 1103 1
242 245 1
242 410 1
242 572 1
242 590 1
242 591 1
242 649 1
242 950 1
242 1026 1
242 1053 1
242 1139 1
243 421 1
243 479 1
243 744 1
244 285 1
244 370 1
244 446 1
244 844 1
244 1008 1
245 466 1
245 1015 1
246 901 1
246 932 1
247 249 1
247 281 1
247 689 1
247 804 1
248 287 1
248 354 1
248 382 1
248 518 1
249 492 1
249 622 1
249 954 1
249 1014 1
249 1063 1
249 1069 1
250 265 1
250 333 1
250 371 1
250 389 1
250 398 1
250 621 1
250 795 1
250 1002 1
251 465 1
251 484 1
251 493 1
251 640 1
251 827 1
251 865 1
251 913 1
251 1166 1
252 346 1
252 594 1
253 255 1
253 351 1
253 675 1
253 1011 1
253 1148 1
254 341 1
254 719 1
255 467 1
255 655 1
256 270 1
256 480 1
256 494 1
256 499 1
256 675 1
256 682 1
256 738 1
256 948 1
257 393 1
258 442 1
258 654 1
258 771 1
258 819 1
258 985 1
258 1198 1
259 302 1
259 576 1
259 589 1
259 704 1
259 896 1
260 880 1
261 282 1
261 329 1
261 335 1
261 469 1
261 525 1
261 716 1
261 1019 1
261 1046 1
261 1169 1
262 306 1
262 316 1
262 585 1
262 645 1
262 662 1
262 1062 1
262 1137 1
263 289 1
263 424 1
263 635 1
264 549 1
264 662 1
264 713 1
264 1087 1
265 556 1
265 672 1
265 804 1
265 827 1
265 876 1
265 1041 1
265 1189 1
266 431 1
266 560 1
267 308 1
267 321 1
267 367 1
267 663 1
267 787 1
267 857 1
267 1008 1
268 491 1
269 280 1
269 386 1
269 625 1
270 525 1
270 586 1
270 733 1
270 797 1
270 980 1
271 535 1
272 471 1
272 534 1
272 539 1
272 631 1
272 649 1
272 883 1
272 916 1
272 927 1
272 942 1
272 984 1
272 1108 1
274 1010 1
274 1143 1
275 627 1
276 330 1
276 357 1
276 472 1
276 786 1
276 1108 1
277 401 1
277 441 1
277 747 1
277 1036 1
277 1180 1
278 397 1
278 616 1
278 747 1
279 365 1
279 405 1
279 473 1
279 776 1
279 777 1
279 791 1
281 301 1
281 315 1
281 322 1
281 343 1
281 405 1
281 465 1
281 468 1
281 607 1
281 646 1
281 679 1
281 851 1
281 930 1
281 949 1
281 993 1
281 1075 1
282 293 1
282 318 1
282 340 1
282 409 1
282 429 1
282 631 1
282 656 1
282 674 1
282 845 1
282 966 1
282 1055 1
282 1140 1
282 1146 1
283 744 1
284 378 1
284 488 1
284 626 1
284 699 1
284 855 1
284 954 1
284 969 1
284 1004 1
285 522 1
285 658 1
286 326 1
286 398 1
286 620 1
286 1141 1
287 295 1
287 311 1
287 577 1
287 619 1
287 727 1
287 868 1
287 1096 1
289 354 1
290 364 1
290 400 1
290 451 1
290 467 1
290 685 1
290 716 1
290 765 1
290 811 1
290 814 1
290 831 1
290 927 1
290 947 1
290 973 1
290 997 1
290 1009 1
290 1107 1
291 608 1
291 732 1
291 767 1
291 771 1
291 913 1
291 1026 1
291 1100 1
292 325 1
292 401 1
292 967 1
292 1185 1
293 294 1
293 674 1
293 946 1
293 966 1
293 1002 1
293 1081 1
293 1092 1
293 1102 1
294 646 1
294 1064 1
295 1162 1
296 998 1
297 469 1
297 554 1
298 327 1
298 712 1
298 878 1
299 306 1
299 350 1
299 683 1
299 731 1
299 812 1
300 352 1
300 461 1
300 549 1
301 303 1
301 356 1
301 475 1
301 481 1
301 768 1
301 989 1
302 377 1
302 584 1
303 473 1
303 486 1
303 765 1
303 853 1
304 328 1
304 342 1
305 309 1
305 411 1
305 417 1
305 462 1
305 498 1
305 547 1
305 630 1
305 695 1
305 1034 1
306 388 1
306 503 1
306 760 1
306 897 1
306 975 1
307 315 1
307 343 1
307 431 1
307 439 1
307 580 1
307 594 1
307 694 1
307 753 1
307 869 1
307 974 1
307 1109 1
307 1125 1
308 813 1
309 724 1
309 742 1
309 1050 1
310 371 1
310 751 1
310 935 1
310 1006 1
311 519 1
312 1075 1
313 370 1
313 700 1
313 710 1
313 716 1
313 945 1
314 335 1
314 346 1
314 526 1
314 568 1
314 709 1
314 1087 1
315 520 1
315 753 1
315 794 1
315 1106 1
315 1175 1
316 428 1
316 725 1
317 350 1
317 379 1
317 476 1
317 803 1
318 558 1
318 929 1
318 1191 1
319 349 1
319 449 1
319 453 1
319 481 1
319 1171 1
319 1193 1
320 471 1
320 508 1
320 536 1
320 575 1
320 609 1
320 621 1
320 1197 1
322 433 1
322 453 1
322 806 1
322 826 1
322 942 1
323 398 1
323 623 1
323 683 1
324 392 1
324 442 1
325 454 1
325 736 1
325 830 1
325 938 1
326 439 1
326 451 1
326 492 1
327 1104 1
328 925 1
328 1041 1
329 570 1
329 579 1
329 823 1
329 1012 1
330 472 1
330 701 1
330 847 1
332 395 1
332 473 1
332 978 1
333 368 1
333 416 1
333 475 1
333 775 1
333 863 1
333 895 1
334 1038 1
334 1110 1
334 1155 1
335 339 1
335 582 1
335 689 1
335 700 1
335 951 1
335 959 1
335 1062 1
336 982 1
336 1005 1
337 923 1
338 401 1
338 606 1
338 685 1
338 717 1
338 753 1
338 784 1
338 809 1
338 1092 1
338 1119 1
338 1157 1
338 1187 1
339 357 1
340 637 1
340 794 1
340 956 1
341 757 1
341 1054 1
342 457 1
342 475 1
342 708 1
342 1122 1
343 896 1
344 687 1
344 889 1
345 391 1
345 403 1
345 428 1
345 579 1
345 681 1
345 800 1
345 1137 1
346 543 1
346 686 1
346 709 1
346 727 1
346 829 1
346 1193 1
347 602 1
348 499 1
348 758 1
348 759 1
349 562 1
349 956 1
349 1149 1
350 477 1
350 610 1
350 725 1
350 1053 1
351 454 1
351 728 1
351 1028 1
352 431 1
353 1012 1
354 812 1
354 1118 1
355 1179 1
356 402 1
356 1095 1
357 682 1
357 963 1
358 676 1
359 605 1
359 669 1
359 1051 1
359 1057 1
360 368 1
360 591 1
360 630 1
360 789 1
360 793 1
360 1000 1
361 365 1
361 661 1
361 840 1
361 863 1
361 968 1
362 557 1
362 598 1
362 599 1
362 632 1
362 639 1
362 899 1
363 512 1
363 567 1
363 636 1
363 644 1
363 754 1
363 815 1
363 1019 1
363 1121 1
364 459 1
364 536 1
364 742 1
364 814 1
364 1075 1
366 458 1
366 834 1
366 1044 1
367 516 1
367 569 1
368 626 1
369 696 1
369 777 1
369 822 1
370 673 1
371 497 1
371 596 1
371 758 1
372 384 1
372 393 1
372 462 1
372 883 1
372 930 1
372 1190 1
373 377 1
373 429 1
373 793 1
373 834 1
373 908 1
373 1006 1
373 1093 1
373 1134 1
374 975 1
374 1018 1
374 1175 1
374 1196 1
375 795 1
376 437 1
376 663 1
376 1002 1
376 1166 1
377 452 1
377 490 1
377 535 1
377 594 1
377 624 1
377 815 1
377 1146 1
379 705 1
379 783 1
379 790 1
380 429 1
380 460 1
380 689 1
380 862 1
380 1029 1
381 505 1
381 810 1
381 978 1
381 1114 1
383 513 1
383 518 1
383 524 1
383 736 1
383 838 1
383 849 1
383 1128 1
384 462 1
384 485 1
385 389 1
385 855 1
385 1145 1
385 1184 1
386 602 1
387 490 1
387 541 1
387 1109 1
389 419 1
389 726 1
389 1168 1
390 551 1
390 555 1
390 765 1
390 816 1
390 882 1
391 454 1
391 631 1
393 457 1
393 497 1
393 504 1
393 538 1
393 550 1
393 652 1
393 665 1
393 788 1
393 902 1
394 587 1
394 609 1
394 784 1
394 833 1
394 906 1
396 813 1
397 1033 1
398 502 1
398 664 1
399 739 1
399 947 1
399 1000 1
399 1040 1
400 857 1
400 1121 1
401 404 1
401 1198 1
402 571 1
402 592 1
402 629 1
402 641 1
402 714 1
402 781 1
402 907 1
402 949 1
402 981 1
402 1071 1
402 1097 1
403 533 1
403 751 1
405 514 1
405 811 1
406 843 1
406 1018 1
407 471 1
407 680 1
407 824 1
407 885 1
407 943 1
407 1058 1
408 774 1
408 1036 1
409 489 1
409 639 1
409 1149 1
410 623 1
410 721 1
411 547 1
411 746 1
411 817 1
411 849 1
411 916 1
411 979 1
411 1129 1
411 1174 1
412 517 1
412 694 1
412 890 1
412 979 1
412 1057 1
412 1068 1
412 1087 1
413 551 1
413 849 1
413 1090 1
414 483 1
414 499 1
414 679 1
414 1099 1
415 587 1
415 673 1
415 694 1
416 496 1
416 1035 1
417 531 1
417 552 1
418 557 1
418 601 1
418 699 1
418 705 1
418 925 1
418 954 1
418 960 1
418 1058 1
418 1184 1
419 870 1
420 950 1
420 981 1
420 1001 1
421 557 1
421 600 1
421 691 1
421 872 1
421 879 1
421 880 1
421 894 1
421 1164 1
422 852 1
423 687 1
424 987 1
426 560 1
426 850 1
426 918 1
427 611 1
427 659 1
427 684 1
427 730 1
427 766 1
427 842 1
427 852 1
427 904 1
427 920 1
427 972 1
427 982 1
427 1021 1
427 1029 1
427 1084 1
427 1154 1
428 891 1
429 854 1
429 877 1
429 1093 1
430 867 1
430 1042 1
431 438 1
431 813 1
431 1081 1
432 476 1
432 496 1
432 593 1
433 602 1
433 682 1
433 1064 1
434 644 1
435 675 1
436 525 1
436 580 1
437 512 1
437 545 1
437 931 1
438 536 1
438 665 1
439 478 1
439 482 1
439 588 1
439 853 1
440 442 1
442 599 1
442 783 1
442 873 1
443 517 1
443 690 1
443 761 1
445 688 1
445 919 1
446 666 1
447 498 1
447 730 1
447 1061 1
447 1086 1
447 1102 1
448 534 1
449 688 1
450 532 1
450 617 1
450 1061 1
451 513 1
451 636 1
451 1065 1
453 494 1
453 540 1
453 777 1
453 997 1
453 1072 1
455 664 1
455 716 1
455 727 1
457 517 1
457 654 1
458 627 1
458 980 1
459 783 1
459 882 1
459 923 1
459 1028 1
459 1061 1
460 529 1
461 948 1
461 986 1
461 1162 1
462 622 1
462 749 1
462 975 1
463 524 1
464 624 1
465 501 1
465 741 1
465 772 1
465 913 1
465 1124 1
466 485 1
466 740 1
467 977 1
468 521 1
468 592 1
468 740 1
468 903 1
468 914 1
468 1160 1
469 916 1
471 922 1
471 959 1
472 668 1
473 1004 1
473 1037 1
474 575 1
474 693 1
474 741 1
475 893 1
475 902 1
476 592 1
476 650 1
476 978 1
477 511 1
477 620 1
477 780 1
477 986 1
477 1033 1
478 887 1
478 1104 1
480 525 1
480 639 1
480 666 1
480 828 1
480 1121 1
482 559 1
482 946 1
482 1073 1
483 760 1
483 865 1
484 606 1
484 1008 1
485 859 1
486 711 1
486 787 1
486 1010 1
486 1200 1
489 506 1
489 798 1
489 826 1
490 543 1
491 974 1
491 1193 1
493 619 1
493 856 1
493 984 1
494 614 1
495 689 1
495 695 1
495 834 1
495 873 1
496 831 1
497 873 1
498 874 1
500 915 1
500 1052 1
501 876 1
502 530 1
502 560 1
502 733 1
502 779 1
503 864 1
505 973 1
505 978 1
507 1149 1
508 575 1
508 733 1
508 888 1
508 914 1
508 1194 1
510 562 1
510 581 1
510 707 1
510 747 1
510 790 1
512 610 1
512 1131 1
514 587 1
514 643 1
515 520 1
515 529 1
515 588 1
515 682 1
516 635 1
516 968 1
517 595 1
517 809 1
518 995 1
521 650 1
521 737 1
521 865 1
522 704 1
522 722 1
522 774 1
523 1060 1
524 558 1
524 563 1
524 659 1
524 770 1
524 1040 1
524 1065 1
525 828 1
526 546 1
526 547 1
526 1177 1
527 595 1
527 598 1
527 666 1
527 731 1
527 802 1
527 842 1
528 573 1
528 778 1
529 785 1
529 803 1
529 841 1
529 929 1
530 585 1
530 613 1
530 642 1
530 860 1
530 1117 1
531 634 1
532 713 1
532 750 1
532 945 1
533 707 1
533 776 1
533 915 1
533 977 1
533 991 1
534 559 1
535 934 1
536 809 1
536 1165 1
537 734 1
537 889 1
538 1111 1
539 811 1
539 884 1
539 943 1
540 551 1
540 564 1
540 709 1
540 1089 1
541 642 1
541 758 1
541 808 1
541 924 1
543 600 1
543 714 1
543 735 1
544 670 1
544 877 1
546 724 1
546 755 1
546 863 1
548 574 1
549 638 1
551 553 1
552 574 1
552 576 1
552 801 1
554 615 1
554 983 1
554 1107 1
555 671 1
555 1140 1
559 585 1
559 636 1
560 934 1
561 611 1
561 885 1
561 1000 1
561 1081 1
562 647 1
562 825 1
562 845 1
562 929 1
563 785 1
564 567 1
564 940 1
565 643 1
565 755 1
565 763 1
565 965 1
565 1012 1
566 964 1
567 714 1
567 902 1
567 1131 1
568 606 1
568 772 1
568 792 1
568 1096 1
569 576 1
569 766 1
569 799 1
569 866 1
570 1012 1
571 686 1
571 762 1
571 1056 1
571 1134 1
571 1153 1
571 1181 1
572 867 1
572 1007 1
574 1066 1
575 609 1
575 656 1
575 687 1
575 692 1
575 1011 1
576 988 1
577 746 1
577 804 1
577 877 1
577 898 1
577 1138 1
578 655 1
579 660 1
579 931 1
579 1082 1
581 690 1
581 729 1
581 770 1
582 638 1
582 759 1
582 916 1
583 878 1
583 1014 1
584 861 1
585 860 1
586 990 1
586 1103 1
588 986 1
588 1166 1
590 832 1
590 1010 1
590 1170 1
591 1046 1
593 1098 1
594 622 1
595 721 1
595 910 1
595 915 1
595 1096 1
596 601 1
596 760 1
596 1113 1
596 1165 1
598 763 1
599 820 1
599 952 1
599 1033 1
601 637 1
601 1138 1
602 622 1
602 764 1
602 799 1
602 805 1
602 880 1
602 1151 1
604 617 1
604 933 1
604 974 1
606 899 1
608 755 1
608 781 1
608 973 1
612 747 1
613 1142 1
615 924 1
615 976 1
616 1170 1
617 672 1
619 642 1
621 630 1
622 752 1
622 1176 1
623 921 1
624 786 1
627 742 1
628 633 1
629 677 1
630 695 1
630 744 1
631 649 1
631 669 1
634 648 1
634 714 1
634 1063 1
635 917 1
635 1105 1
635 1172 1
636 961 1
636 1010 1
637 702 1
638 1178 1
638 1192 1
639 1034 1
641 817 1
641 841 1
641 927 1
643 712 1
643 812 1
643 868 1
643 965 1
644 915 1
644 1180 1
645 771 1
646 862 1
646 1032 1
648 1191 1
649 664 1
649 735 1
649 770 1
649 825 1
649 983 1
654 825 1
656 738 1
656 843 1
656 881 1
657 922 1
658 1014 1
659 1132 1
659 1190 1
660 718 1
660 756 1
660 795 1
660 1055 1
661 965 1
661 999 1
661 1128 1
663 671 1
664 1112 1
664 1113 1
665 862 1
666 734 1
666 887 1
666 898 1
668 1067 1
669 752 1
669 835 1
670 715 1
671 821 1
671 839 1
671 879 1
672 850 1
673 816 1
673 929 1
675 737 1
675 953 1
679 989 1
680 1067 1
680 1147 1
681 908 1
682 802 1
684 777 1
685 1022 1
685 1049 1
685 1062 1
686 908 1
686 1046 1
686 1080 1
686 1155 1
688 918 1
688 1037 1
688 1072 1
688 1197 1
688 1199 1
689 708 1
690 1067 1
691 900 1
692 1043 1
694 754 1
694 1064 1
697 789 1
697 886 1
698 1024 1
698 1028 1
698 1187 1
699 758 1
701 703 1
701 820 1
701 881 1
702 904 1
702 1037 1
703 1052 1
703 1192 1
704 1005 1
704 1054 1
705 965 1
705 1133 1
707 1055 1
708 1144 1
709 788 1
709 889 1
709 994 1
710 858 1
710 912 1
711 731 1
712 769 1
712 857 1
712 957 1
712 996 1
713 1049 1
715 1038 1
718 881 1
718 949 1
718 958 1
718 1040 1
718 1153 1
723 986 1
728 1074 1
731 1060 1
731 1118 1
733 955 1
734 815 1
736 1106 1
738 1145 1
739 1186 1
740 804 1
740 1035 1
742 1171 1
743 922 1
743 935 1
745 1135 1
746 834 1
746 892 1
746 1130 1
747 932 1
748 1073 1
749 984 1
749 1107 1
751 896 1
752 815 1
752 1198 1
753 911 1
753 980 1
753 1036 1
754 823 1
754 865 1
755 973 1
761 1103 1
762 792 1
762 811 1
762 1157 1
765 874 1
765 955 1
765 1144 1
767 885 1
767 928 1
770 883 1
771 819 1
771 1019 1
773 910 1
773 1153 1
775 1015 1
776 791 1
778 898 1
778 937 1
778 1161 1
780 794 1
780 843 1
780 1020 1
780 1105 1
781 1198 1
782 968 1
782 1115 1
782 1194 1
783 1005 1
786 972 1
788 805 1
788 901 1
790 807 1
792 944 1
794 970 1
794 1020 1
794 1031 1
795 1092 1
796 994 1
796 1068 1
796 1112 1
797 1048 1
798 821 1
798 885 1
798 894 1
799 1043 1
800 880 1
800 887 1
800 912 1
801 847 1
801 1094 1
802 818 1
802 848 1
802 955 1
802 1123 1
803 890 1
805 893 1
807 970 1
807 1148 1
807 1158 1
808 847 1
808 1159 1
809 1087 1
809 1099 1
812 1101 1
813 895 1
817 1050 1
818 856 1
823 870 1
823 963 1
823 1053 1
825 844 1
825 886 1
827 869 1
827 913 1
827 1002 1
828 946 1
829 909 1
830 994 1
830 1113 1
833 962 1
835 899 1
835 1003 1
838 957 1
838 1146 1
841 843 1
841 966 1
841 1030 1
843 957 1
843 1171 1
844 909 1
845 959 1
846 960 1
846 1049 1
846 1094 1
847 931 1
850 891 1
855 1159 1
858 1081 1
858 1125 1
861 1115 1
862 1078 1
863 1177 1
864 867 1
864 958 1
864 1143 1
865 1108 1
868 1073 1
869 1168 1
872 944 1
872 1129 1
873 1093 1
873 1178 1
876 919 1
879 1085 1
880 991 1
880 996 1
880 1066 1
882 905 1
883 939 1
883 1165 1
893 1066 1
893 1102 1
893 1150 1
896 956 1
897 1123 1
898 1028 1
900 1038 1
901 936 1
901 1114 1
906 1014 1
910 1021 1
912 1136 1
913 1026 1
915 1025 1
917 1022 1
917 1025 1
917 1105 1
918 950 1
918 1169 1
920 1043 1
922 951 1
922 1023 1
924 1030 1
926 941 1
927 1110 1
928 1039 1
929 996 1
931 1113 1
931 1115 1
937 1079 1
939 969 1
940 989 1
940 1117 1
941 1138 1
942 1097 1
942 1192 1
950 1200 1
952 1058 1
952 1089 1
953 1144 1
963 1179 1
965 1128 1
966 977 1
967 999 1
967 1076 1
967 1150 1
970 1024 1
970 1167 1
971 1127 1
971 1188 1
973 1016 1
973 1051 1
973 1152 1
978 1054 1
978 1125 1
979 1161 1
982 1027 1
995 1079 1
995 1098 1
996 1017 1
999 1092 1
1004 1080 1
1007 1088 1
1011 1106 1
1013 1108 1
1014 1114 1
1017 1152 1
1020 1069 1
1023 1105 1
1023 1131 1
1028 1180 1
1030 1172 1
1032 1160 1
1033 1040 1
1036 1047 1
1037 1194 1
1039 1044 1
1041 1077 1
1044 1056 1
1047 1189 1
1052 1164 1
1053 1079 1
1053 1144 1
1060 1063 1
1060 1118 1
1072 1112 1
1078 1163 1
1082 1086 1
1082 1157 1
1093 1146 1
1095 1197 1
1097 1141 1
1106 1127 1
1118 1145 1
1122 1126 1
1125 1160 1
1143 1148 1
1149 1169 1
1154 1156 1
1155 1181 1
1181 1186 1
