1400 5582 
1 5 1
1 7 1
1 8 1
1 9 1
1 11 1
1 12 1
1 25 1
1 28 1
1 32 1
1 33 1
1 37 1
1 38 1
1 40 1
1 46 1
1 49 1
1 69 1
1 73 1
1 96 1
1 97 1
1 112 1
1 119 1
1 151 1
1 159 1
1 186 1
1 189 1
1 207 1
1 234 1
1 266 1
1 274 1
1 278 1
1 285 1
1 286 1
1 296 1
1 300 1
1 302 1
1 306 1
1 319 1
1 323 1
1 365 1
1 366 1
1 384 1
1 428 1
1 441 1
1 452 1
1 459 1
1 470 1
1 472 1
1 481 1
1 497 1
1 500 1
1 507 1
1 511 1
1 512 1
1 575 1
1 584 1
1 623 1
1 648 1
1 678 1
1 721 1
1 756 1
1 782 1
1 809 1
1 812 1
1 837 1
1 858 1
1 861 1
1 867 1
1 869 1
1 872 1
1 874 1
1 880 1
1 882 1
1 915 1
1 926 1
1 937 1
1 954 1
1 970 1
1 1006 1
1 1015 1
1 1019 1
1 1058 1
1 1070 1
1 1119 1
1 1156 1
1 1175 1
1 1194 1
1 1226 1
1 1268 1
1 1291 1
1 1308 1
1 1317 1
1 1320 1
1 1325 1
1 1383 1
1 1388 1
2 5 1
2 6 1
2 9 1
2 16 1
2 17 1
2 23 1
2 30 1
2 32 1
2 39 1
2 40 1
2 41 1
2 49 1
2 58 1
2 73 1
2 81 1
2 94 1
2 117 1
2 132 1
2 147 1
2 199 1
2 209 1
2 214 1
2 264 1
2 287 1
2 322 1
2 383 1
2 473 1
2 489 1
2 513 1
2 547 1
2 608 1
2 656 1
2 661 1
2 678 1
2 688 1
2 730 1
2 752 1
2 771 1
2 815 1
2 818 1
2 960 1
2 966 1
2 1043 1
2 1277 1
2 1383 1
3 5 1
3 6 1
3 8 1
3 10 1
3 11 1
3 12 1
3 15 1
3 16 1
3 32 1
3 34 1
3 35 1
3 43 1
3 46 1
3 48 1
3 50 1
3 51 1
3 57 1
3 63 1
3 64 1
3 71 1
3 80 1
3 88 1
3 91 1
3 108 1
3 128 1
3 131 1
3 143 1
3 149 1
3 163 1
3 177 1
3 187 1
3 189 1
3 210 1
3 211 1
3 216 1
3 218 1
3 219 1
3 235 1
3 239 1
3 247 1
3 278 1
3 298 1
3 299 1
3 306 1
3 327 1
3 328 1
3 334 1
3 340 1
3 363 1
3 367 1
3 392 1
3 408 1
3 430 1
3 445 1
3 449 1
3 495 1
3 526 1
3 530 1
3 547 1
3 590 1
3 592 1
3 607 1
3 634 1
3 689 1
3 720 1
3 729 1
3 739 1
3 740 1
3 743 1
3 765 1
3 790 1
3 797 1
3 828 1
3 854 1
3 901 1
3 911 1
3 932 1
3 946 1
3 982 1
3 989 1
3 1009 1
3 1058 1
3 1067 1
3 1134 1
3 1142 1
3 1143 1
3 1158 1
3 1194 1
3 1198 1
3 1221 1
3 1234 1
3 1327 1
3 1331 1
3 1332 1
4 5 1
4 6 1
4 7 1
4 14 1
4 16 1
4 21 1
4 22 1
4 24 1
4 25 1
4 28 1
4 29 1
4 36 1
4 38 1
4 41 1
4 45 1
4 47 1
4 52 1
4 56 1
4 61 1
4 65 1
4 66 1
4 71 1
4 75 1
4 82 1
4 85 1
4 86 1
4 100 1
4 106 1
4 112 1
4 135 1
4 136 1
4 162 1
4 166 1
4 169 1
4 172 1
4 177 1
4 192 1
4 196 1
4 201 1
4 207 1
4 210 1
4 225 1
4 237 1
4 238 1
4 257 1
4 287 1
4 291 1
4 294 1
4 295 1
4 300 1
4 304 1
4 305 1
4 347 1
4 361 1
4 371 1
4 379 1
4 398 1
4 463 1
4 467 1
4 483 1
4 485 1
4 491 1
4 510 1
4 517 1
4 521 1
4 522 1
4 537 1
4 549 1
4 551 1
4 620 1
4 624 1
4 635 1
4 662 1
4 673 1
4 677 1
4 684 1
4 697 1
4 712 1
4 722 1
4 732 1
4 765 1
4 781 1
4 867 1
4 884 1
4 915 1
4 947 1
4 1008 1
4 1030 1
4 1063 1
4 1067 1
4 1077 1
4 1111 1
4 1123 1
4 1151 1
4 1164 1
4 1182 1
4 1195 1
4 1202 1
4 1252 1
4 1325 1
4 1336 1
4 1372 1
4 1400 1
5 6 1
5 7 1
5 8 1
5 9 1
5 10 1
5 11 1
5 13 1
5 14 1
5 15 1
5 17 1
5 19 1
5 20 1
5 24 1
5 25 1
5 29 1
5 30 1
5 31 1
5 36 1
5 37 1
5 39 1
5 42 1
5 45 1
5 52 1
5 59 1
5 60 1
5 64 1
5 67 1
5 72 1
5 91 1
5 96 1
5 98 1
5 119 1
5 121 1
5 126 1
5 133 1
5 139 1
5 142 1
5 151 1
5 153 1
5 157 1
5 159 1
5 166 1
5 167 1
5 179 1
5 182 1
5 187 1
5 196 1
5 200 1
5 208 1
5 211 1
5 247 1
5 248 1
5 251 1
5 255 1
5 259 1
5 261 1
5 292 1
5 304 1
5 308 1
5 313 1
5 314 1
5 316 1
5 317 1
5 323 1
5 327 1
5 332 1
5 361 1
5 372 1
5 377 1
5 401 1
5 402 1
5 403 1
5 410 1
5 413 1
5 425 1
5 433 1
5 443 1
5 447 1
5 451 1
5 460 1
5 472 1
5 491 1
5 502 1
5 520 1
5 527 1
5 529 1
5 579 1
5 596 1
5 606 1
5 616 1
5 620 1
5 683 1
5 712 1
5 728 1
5 754 1
5 757 1
5 760 1
5 767 1
5 768 1
5 769 1
5 802 1
5 826 1
5 831 1
5 841 1
5 877 1
5 886 1
5 888 1
5 951 1
5 977 1
5 1012 1
5 1020 1
5 1030 1
5 1032 1
5 1045 1
5 1058 1
5 1065 1
5 1072 1
5 1095 1
5 1153 1
5 1198 1
5 1201 1
5 1219 1
5 1233 1
5 1271 1
5 1283 1
5 1307 1
5 1322 1
5 1346 1
5 1356 1
5 1371 1
5 1393 1
6 7 1
6 14 1
6 23 1
6 27 1
6 31 1
6 33 1
6 50 1
6 79 1
6 92 1
6 108 1
6 117 1
6 123 1
6 150 1
6 187 1
6 191 1
6 203 1
6 209 1
6 217 1
6 224 1
6 225 1
6 228 1
6 236 1
6 285 1
6 376 1
6 407 1
6 410 1
6 438 1
6 441 1
6 503 1
6 530 1
6 624 1
6 711 1
6 738 1
6 758 1
6 874 1
6 992 1
6 1284 1
6 1396 1
7 9 1
7 10 1
7 11 1
7 12 1
7 13 1
7 15 1
7 18 1
7 19 1
7 22 1
7 28 1
7 44 1
7 47 1
7 55 1
7 61 1
7 92 1
7 96 1
7 114 1
7 137 1
7 138 1
7 146 1
7 169 1
7 179 1
7 210 1
7 268 1
7 279 1
7 295 1
7 306 1
7 363 1
7 393 1
7 394 1
7 404 1
7 443 1
7 456 1
7 457 1
7 482 1
7 486 1
7 488 1
7 496 1
7 514 1
7 524 1
7 600 1
7 603 1
7 627 1
7 628 1
7 634 1
7 679 1
7 706 1
7 727 1
7 730 1
7 762 1
7 812 1
7 823 1
7 876 1
7 883 1
7 891 1
7 948 1
7 954 1
7 984 1
7 985 1
7 998 1
7 1044 1
7 1095 1
7 1106 1
7 1150 1
7 1151 1
7 1155 1
7 1211 1
7 1336 1
8 10 1
8 13 1
8 14 1
8 19 1
8 20 1
8 22 1
8 26 1
8 27 1
8 33 1
8 35 1
8 44 1
8 45 1
8 69 1
8 114 1
8 127 1
8 142 1
8 159 1
8 177 1
8 201 1
8 204 1
8 212 1
8 217 1
8 218 1
8 220 1
8 247 1
8 256 1
8 262 1
8 267 1
8 272 1
8 320 1
8 377 1
8 408 1
8 436 1
8 449 1
8 474 1
8 489 1
8 532 1
8 565 1
8 599 1
8 731 1
8 784 1
8 874 1
8 879 1
8 885 1
8 912 1
8 942 1
8 993 1
8 996 1
8 1069 1
8 1255 1
8 1272 1
8 1348 1
9 17 1
9 21 1
9 23 1
9 26 1
9 27 1
9 32 1
9 33 1
9 34 1
9 37 1
9 47 1
9 49 1
9 51 1
9 54 1
9 60 1
9 62 1
9 78 1
9 110 1
9 133 1
9 140 1
9 175 1
9 183 1
9 191 1
9 194 1
9 195 1
9 215 1
9 251 1
9 254 1
9 324 1
9 325 1
9 335 1
9 337 1
9 338 1
9 389 1
9 395 1
9 542 1
9 586 1
9 595 1
9 655 1
9 665 1
9 698 1
9 729 1
9 756 1
9 764 1
9 825 1
9 859 1
9 868 1
9 902 1
9 1047 1
9 1111 1
9 1172 1
9 1177 1
9 1222 1
9 1312 1
9 1329 1
10 13 1
10 38 1
10 42 1
10 43 1
10 48 1
10 62 1
10 68 1
10 87 1
10 90 1
10 108 1
10 124 1
10 143 1
10 162 1
10 168 1
10 180 1
10 228 1
10 253 1
10 265 1
10 276 1
10 307 1
10 313 1
10 346 1
10 390 1
10 424 1
10 426 1
10 453 1
10 460 1
10 497 1
10 527 1
10 554 1
10 568 1
10 626 1
10 634 1
10 638 1
10 664 1
10 678 1
10 680 1
10 708 1
10 723 1
10 732 1
10 766 1
10 896 1
10 919 1
10 988 1
10 1021 1
10 1160 1
10 1230 1
10 1239 1
10 1246 1
10 1310 1
10 1324 1
10 1333 1
10 1370 1
10 1387 1
11 12 1
11 22 1
11 34 1
11 42 1
11 44 1
11 47 1
11 53 1
11 54 1
11 57 1
11 66 1
11 68 1
11 72 1
11 75 1
11 77 1
11 81 1
11 86 1
11 88 1
11 90 1
11 95 1
11 101 1
11 104 1
11 106 1
11 110 1
11 119 1
11 127 1
11 128 1
11 137 1
11 141 1
11 144 1
11 151 1
11 171 1
11 172 1
11 175 1
11 176 1
11 190 1
11 207 1
11 218 1
11 234 1
11 250 1
11 264 1
11 284 1
11 287 1
11 289 1
11 305 1
11 317 1
11 366 1
11 370 1
11 379 1
11 400 1
11 445 1
11 448 1
11 456 1
11 464 1
11 470 1
11 477 1
11 485 1
11 494 1
11 528 1
11 544 1
11 548 1
11 588 1
11 594 1
11 605 1
11 607 1
11 608 1
11 623 1
11 624 1
11 661 1
11 680 1
11 709 1
11 710 1
11 713 1
11 719 1
11 726 1
11 749 1
11 757 1
11 772 1
11 784 1
11 785 1
11 789 1
11 908 1
11 912 1
11 941 1
11 944 1
11 950 1
11 960 1
11 972 1
11 973 1
11 997 1
11 1053 1
11 1110 1
11 1117 1
11 1131 1
11 1140 1
11 1164 1
11 1199 1
11 1223 1
11 1227 1
11 1233 1
11 1256 1
11 1261 1
11 1314 1
11 1321 1
11 1337 1
11 1339 1
11 1356 1
11 1400 1
12 15 1
12 23 1
12 37 1
12 110 1
12 116 1
12 150 1
12 358 1
12 484 1
12 691 1
12 700 1
12 785 1
12 835 1
12 923 1
12 946 1
13 18 1
13 40 1
13 43 1
13 54 1
13 92 1
13 123 1
13 125 1
13 166 1
13 170 1
13 178 1
13 194 1
13 213 1
13 245 1
13 256 1
13 257 1
13 261 1
13 365 1
13 373 1
13 388 1
13 393 1
13 405 1
13 462 1
13 464 1
13 478 1
13 483 1
13 585 1
13 622 1
13 703 1
13 711 1
13 743 1
13 800 1
13 806 1
13 839 1
13 886 1
13 893 1
13 894 1
13 921 1
13 926 1
13 1028 1
13 1051 1
13 1136 1
13 1165 1
13 1209 1
13 1236 1
13 1399 1
14 20 1
14 58 1
14 59 1
14 81 1
14 102 1
14 105 1
14 109 1
14 114 1
14 127 1
14 136 1
14 168 1
14 288 1
14 352 1
14 359 1
14 499 1
14 817 1
14 906 1
15 16 1
15 17 1
15 19 1
15 26 1
15 29 1
15 51 1
15 64 1
15 74 1
15 77 1
15 105 1
15 115 1
15 120 1
15 129 1
15 164 1
15 198 1
15 253 1
15 263 1
15 270 1
15 318 1
15 321 1
15 363 1
15 385 1
15 391 1
15 403 1
15 437 1
15 445 1
15 537 1
15 540 1
15 615 1
15 663 1
15 676 1
15 760 1
15 827 1
15 851 1
15 883 1
15 939 1
15 984 1
15 1115 1
15 1202 1
15 1275 1
15 1292 1
15 1351 1
16 18 1
16 36 1
16 55 1
16 82 1
16 88 1
16 103 1
16 115 1
16 117 1
16 123 1
16 188 1
16 196 1
16 198 1
16 222 1
16 259 1
16 365 1
16 375 1
16 423 1
16 429 1
16 434 1
16 480 1
16 488 1
16 567 1
16 610 1
16 650 1
16 654 1
16 704 1
16 792 1
16 897 1
16 923 1
16 938 1
16 964 1
16 1032 1
16 1290 1
16 1291 1
16 1306 1
16 1340 1
16 1380 1
17 18 1
17 20 1
17 21 1
17 25 1
17 34 1
17 45 1
17 50 1
17 52 1
17 58 1
17 76 1
17 79 1
17 84 1
17 85 1
17 95 1
17 107 1
17 116 1
17 126 1
17 129 1
17 134 1
17 139 1
17 141 1
17 148 1
17 159 1
17 160 1
17 171 1
17 179 1
17 212 1
17 236 1
17 238 1
17 241 1
17 250 1
17 261 1
17 265 1
17 335 1
17 348 1
17 391 1
17 411 1
17 421 1
17 453 1
17 456 1
17 469 1
17 470 1
17 472 1
17 473 1
17 490 1
17 492 1
17 515 1
17 544 1
17 546 1
17 569 1
17 578 1
17 597 1
17 644 1
17 646 1
17 649 1
17 702 1
17 708 1
17 731 1
17 768 1
17 800 1
17 804 1
17 805 1
17 821 1
17 839 1
17 857 1
17 868 1
17 892 1
17 913 1
17 921 1
17 962 1
17 967 1
17 986 1
17 1000 1
17 1059 1
17 1075 1
17 1135 1
17 1137 1
17 1163 1
17 1281 1
17 1342 1
17 1343 1
17 1381 1
18 21 1
18 39 1
18 42 1
18 48 1
18 57 1
18 68 1
18 69 1
18 77 1
18 102 1
18 104 1
18 115 1
18 145 1
18 214 1
18 242 1
18 303 1
18 316 1
18 341 1
18 481 1
18 538 1
18 567 1
18 644 1
18 714 1
18 750 1
18 777 1
18 794 1
18 832 1
18 845 1
18 865 1
18 918 1
18 936 1
18 963 1
18 1031 1
18 1071 1
18 1086 1
18 1100 1
18 1107 1
18 1203 1
18 1233 1
18 1239 1
18 1245 1
18 1328 1
18 1345 1
19 38 1
19 121 1
19 158 1
19 269 1
19 468 1
19 615 1
19 838 1
19 875 1
19 917 1
19 936 1
19 1015 1
19 1055 1
19 1083 1
20 24 1
20 31 1
20 138 1
20 178 1
20 217 1
20 325 1
20 612 1
20 669 1
20 1137 1
21 24 1
21 29 1
21 39 1
21 55 1
21 113 1
21 120 1
21 130 1
21 140 1
21 145 1
21 154 1
21 155 1
21 176 1
21 199 1
21 271 1
21 288 1
21 297 1
21 309 1
21 370 1
21 376 1
21 381 1
21 401 1
21 435 1
21 438 1
21 480 1
21 511 1
21 535 1
21 580 1
21 588 1
21 639 1
21 699 1
21 779 1
21 784 1
21 787 1
21 890 1
21 912 1
21 1057 1
21 1089 1
21 1113 1
21 1158 1
21 1205 1
21 1223 1
21 1285 1
21 1370 1
21 1371 1
21 1385 1
22 44 1
22 102 1
22 139 1
22 153 1
22 184 1
22 229 1
22 240 1
22 286 1
22 359 1
22 433 1
22 606 1
22 892 1
22 897 1
22 932 1
22 942 1
22 966 1
22 1011 1
22 1082 1
22 1216 1
22 1390 1
23 94 1
23 99 1
23 105 1
23 144 1
23 147 1
23 155 1
23 163 1
23 165 1
23 186 1
23 436 1
23 541 1
23 571 1
23 734 1
23 769 1
23 989 1
23 1057 1
23 1114 1
24 26 1
24 27 1
24 30 1
24 35 1
24 165 1
24 180 1
24 273 1
24 431 1
24 475 1
24 492 1
24 509 1
24 532 1
24 557 1
24 596 1
24 617 1
24 1152 1
24 1295 1
24 1380 1
25 28 1
25 41 1
25 63 1
25 70 1
25 76 1
25 83 1
25 91 1
25 94 1
25 100 1
25 103 1
25 106 1
25 118 1
25 142 1
25 153 1
25 164 1
25 175 1
25 213 1
25 230 1
25 245 1
25 285 1
25 404 1
25 443 1
25 504 1
25 513 1
25 600 1
25 602 1
25 611 1
25 652 1
25 724 1
25 759 1
25 816 1
25 862 1
25 956 1
25 959 1
25 979 1
25 999 1
25 1033 1
25 1211 1
25 1276 1
25 1299 1
26 30 1
26 31 1
26 46 1
26 78 1
26 98 1
26 102 1
26 115 1
26 134 1
26 139 1
26 141 1
26 158 1
26 162 1
26 169 1
26 205 1
26 206 1
26 208 1
26 249 1
26 289 1
26 323 1
26 331 1
26 355 1
26 369 1
26 376 1
26 386 1
26 387 1
26 476 1
26 479 1
26 514 1
26 554 1
26 660 1
26 756 1
26 856 1
26 1049 1
26 1053 1
26 1063 1
26 1080 1
26 1110 1
26 1157 1
26 1196 1
26 1306 1
27 36 1
27 40 1
27 71 1
27 116 1
27 117 1
27 131 1
27 156 1
27 212 1
27 242 1
27 244 1
27 339 1
27 407 1
27 457 1
27 482 1
27 498 1
27 543 1
27 558 1
27 648 1
27 660 1
27 733 1
27 882 1
27 1001 1
27 1062 1
27 1173 1
27 1213 1
27 1228 1
27 1326 1
28 65 1
28 67 1
28 70 1
28 73 1
28 85 1
28 109 1
28 147 1
28 173 1
28 221 1
28 318 1
28 504 1
28 545 1
28 555 1
28 565 1
28 572 1
28 599 1
28 628 1
28 652 1
28 715 1
28 829 1
28 907 1
28 981 1
28 1325 1
28 1368 1
29 51 1
29 55 1
29 73 1
29 98 1
29 122 1
29 126 1
29 154 1
29 193 1
29 277 1
29 288 1
29 405 1
29 412 1
29 436 1
29 450 1
29 454 1
29 462 1
29 469 1
29 541 1
29 589 1
29 672 1
29 679 1
29 704 1
29 751 1
29 871 1
29 899 1
29 998 1
29 1015 1
29 1016 1
29 1027 1
29 1121 1
29 1250 1
30 71 1
30 152 1
30 281 1
30 326 1
30 521 1
30 686 1
30 791 1
30 1104 1
30 1368 1
31 80 1
31 82 1
31 99 1
31 116 1
31 133 1
31 135 1
31 222 1
31 234 1
31 239 1
31 249 1
31 294 1
31 312 1
31 353 1
31 374 1
31 394 1
31 454 1
31 471 1
31 557 1
31 601 1
31 664 1
31 831 1
31 879 1
31 900 1
31 913 1
31 1002 1
31 1055 1
31 1068 1
31 1224 1
32 48 1
32 66 1
32 80 1
32 120 1
32 141 1
32 156 1
32 747 1
32 931 1
32 1006 1
32 1024 1
32 1168 1
32 1341 1
33 84 1
33 104 1
33 143 1
33 195 1
33 345 1
33 366 1
33 420 1
33 437 1
33 467 1
33 533 1
33 658 1
33 832 1
33 998 1
33 1047 1
33 1153 1
34 35 1
34 49 1
34 62 1
34 63 1
34 76 1
34 77 1
34 95 1
34 99 1
34 129 1
34 146 1
34 294 1
34 331 1
34 439 1
34 449 1
34 509 1
34 528 1
34 546 1
34 553 1
34 827 1
34 983 1
34 1078 1
34 1167 1
34 1176 1
34 1177 1
35 65 1
35 98 1
35 163 1
35 217 1
35 232 1
35 257 1
35 261 1
35 484 1
35 553 1
35 559 1
35 574 1
35 666 1
35 846 1
35 1169 1
35 1371 1
36 50 1
36 53 1
36 56 1
36 60 1
36 61 1
36 160 1
36 308 1
36 333 1
36 341 1
36 354 1
36 371 1
36 373 1
36 414 1
36 506 1
36 528 1
36 530 1
36 556 1
36 649 1
36 732 1
36 761 1
36 766 1
36 839 1
36 937 1
36 1092 1
36 1139 1
36 1244 1
36 1315 1
37 56 1
37 146 1
37 147 1
37 148 1
37 208 1
37 295 1
37 447 1
37 483 1
37 563 1
37 578 1
37 585 1
37 593 1
37 648 1
37 682 1
37 770 1
37 919 1
37 966 1
37 1148 1
38 41 1
38 43 1
38 54 1
38 58 1
38 87 1
38 89 1
38 101 1
38 125 1
38 145 1
38 166 1
38 181 1
38 188 1
38 197 1
38 274 1
38 330 1
38 383 1
38 405 1
38 416 1
38 512 1
38 615 1
38 849 1
38 935 1
38 947 1
38 978 1
38 991 1
38 1069 1
38 1119 1
38 1151 1
38 1168 1
38 1359 1
38 1376 1
39 52 1
39 70 1
39 93 1
39 152 1
39 154 1
39 181 1
39 220 1
39 283 1
39 394 1
39 401 1
39 558 1
39 630 1
39 633 1
39 706 1
39 744 1
39 748 1
39 774 1
39 799 1
39 805 1
39 809 1
39 830 1
39 855 1
39 889 1
39 942 1
39 962 1
39 1053 1
39 1060 1
39 1089 1
39 1098 1
39 1136 1
39 1146 1
39 1178 1
39 1266 1
39 1292 1
39 1347 1
40 46 1
40 246 1
40 416 1
40 522 1
40 558 1
40 629 1
40 844 1
40 890 1
40 1081 1
40 1178 1
40 1289 1
41 78 1
41 97 1
41 174 1
41 192 1
41 240 1
41 259 1
41 284 1
41 319 1
41 545 1
41 866 1
41 1118 1
41 1157 1
41 1345 1
42 68 1
42 97 1
42 301 1
42 373 1
42 562 1
42 677 1
42 792 1
42 1120 1
42 1125 1
43 90 1
43 325 1
43 397 1
43 405 1
43 457 1
43 543 1
43 674 1
43 968 1
43 1069 1
43 1247 1
44 89 1
44 103 1
44 106 1
44 170 1
44 223 1
44 318 1
44 343 1
44 344 1
44 385 1
44 425 1
44 584 1
44 598 1
44 628 1
44 641 1
44 722 1
44 845 1
44 902 1
44 927 1
44 940 1
44 953 1
44 995 1
44 1017 1
44 1094 1
44 1095 1
44 1232 1
44 1238 1
44 1288 1
45 56 1
45 74 1
45 118 1
45 158 1
45 332 1
45 482 1
45 766 1
45 803 1
45 978 1
45 1023 1
45 1336 1
46 93 1
46 184 1
46 279 1
46 434 1
46 977 1
46 1076 1
46 1119 1
46 1130 1
46 1385 1
47 64 1
47 79 1
47 101 1
47 248 1
47 275 1
47 334 1
47 460 1
47 746 1
48 113 1
48 167 1
48 215 1
48 370 1
48 422 1
48 459 1
48 574 1
48 786 1
48 873 1
48 1128 1
48 1166 1
48 1200 1
49 57 1
49 62 1
49 67 1
49 70 1
49 93 1
49 124 1
49 140 1
49 164 1
49 254 1
49 374 1
49 463 1
49 537 1
49 638 1
49 772 1
49 836 1
49 931 1
49 948 1
49 1010 1
49 1193 1
49 1294 1
50 53 1
50 79 1
50 85 1
50 99 1
50 112 1
50 203 1
50 315 1
50 423 1
50 431 1
50 492 1
50 647 1
50 908 1
50 940 1
50 988 1
50 1100 1
50 1378 1
51 53 1
51 59 1
51 63 1
51 72 1
51 86 1
51 90 1
51 110 1
51 118 1
51 135 1
51 150 1
51 172 1
51 192 1
51 208 1
51 214 1
51 224 1
51 227 1
51 243 1
51 272 1
51 276 1
51 301 1
51 484 1
51 510 1
51 570 1
51 575 1
51 621 1
51 665 1
51 667 1
51 686 1
51 712 1
51 752 1
51 784 1
51 821 1
51 827 1
51 907 1
51 939 1
51 1023 1
51 1112 1
51 1192 1
51 1223 1
51 1261 1
51 1309 1
51 1382 1
52 74 1
52 155 1
52 200 1
52 279 1
52 424 1
52 585 1
52 768 1
52 893 1
52 980 1
52 1009 1
52 1042 1
52 1339 1
53 111 1
53 112 1
53 123 1
53 142 1
53 173 1
53 290 1
53 331 1
53 380 1
53 381 1
53 524 1
53 570 1
53 703 1
53 774 1
53 853 1
53 881 1
53 890 1
53 1266 1
54 89 1
54 96 1
54 135 1
54 146 1
54 170 1
54 171 1
54 190 1
54 215 1
54 264 1
54 296 1
54 374 1
54 419 1
54 423 1
54 483 1
54 497 1
54 500 1
54 643 1
54 1103 1
55 125 1
55 130 1
55 1173 1
55 1340 1
55 1374 1
56 69 1
56 74 1
56 100 1
56 109 1
56 122 1
56 128 1
56 157 1
56 417 1
56 432 1
56 446 1
56 472 1
56 508 1
56 531 1
56 761 1
56 841 1
56 937 1
56 1093 1
56 1274 1
57 59 1
57 61 1
57 65 1
57 83 1
57 109 1
57 111 1
57 118 1
57 178 1
57 229 1
57 281 1
57 347 1
57 419 1
57 479 1
57 534 1
57 561 1
57 690 1
57 776 1
57 836 1
57 845 1
57 857 1
57 931 1
57 961 1
57 1006 1
57 1068 1
57 1206 1
57 1210 1
57 1222 1
57 1354 1
58 533 1
58 614 1
58 659 1
58 847 1
58 1133 1
58 1321 1
59 60 1
59 66 1
59 80 1
59 83 1
59 84 1
59 136 1
59 191 1
59 192 1
59 246 1
59 281 1
59 313 1
59 348 1
59 350 1
59 371 1
59 378 1
59 573 1
59 710 1
59 734 1
59 775 1
59 925 1
59 977 1
59 1220 1
60 89 1
60 101 1
60 128 1
60 132 1
60 184 1
60 446 1
60 455 1
60 588 1
60 596 1
60 664 1
60 767 1
60 850 1
60 867 1
60 1068 1
60 1211 1
60 1354 1
61 108 1
61 148 1
61 219 1
61 226 1
61 236 1
61 241 1
61 279 1
61 295 1
61 377 1
61 574 1
61 593 1
61 611 1
61 627 1
61 645 1
61 753 1
61 800 1
61 824 1
61 842 1
61 868 1
61 964 1
61 1001 1
61 1005 1
61 1023 1
61 1056 1
61 1104 1
61 1183 1
61 1227 1
61 1280 1
61 1309 1
61 1331 1
61 1360 1
62 67 1
62 75 1
62 76 1
62 122 1
62 312 1
62 315 1
62 327 1
62 352 1
62 419 1
62 454 1
62 495 1
62 750 1
62 813 1
62 845 1
62 1070 1
62 1165 1
62 1188 1
62 1303 1
62 1333 1
62 1345 1
62 1384 1
63 72 1
63 95 1
63 131 1
63 195 1
63 309 1
63 316 1
63 608 1
63 614 1
63 639 1
63 750 1
63 943 1
63 952 1
63 1024 1
63 1039 1
63 1080 1
63 1104 1
63 1175 1
63 1182 1
63 1228 1
63 1379 1
64 107 1
64 178 1
64 359 1
64 399 1
64 450 1
64 461 1
64 500 1
64 519 1
64 718 1
64 740 1
64 782 1
64 1109 1
64 1131 1
64 1154 1
65 83 1
65 153 1
65 171 1
65 182 1
65 245 1
65 418 1
65 487 1
65 501 1
65 533 1
65 551 1
65 652 1
65 756 1
65 788 1
65 996 1
65 1232 1
65 1249 1
66 168 1
66 235 1
66 258 1
66 350 1
66 372 1
66 413 1
66 482 1
66 770 1
66 925 1
66 931 1
66 1317 1
66 1357 1
67 105 1
67 120 1
67 145 1
67 204 1
67 224 1
67 242 1
67 249 1
67 353 1
67 460 1
67 474 1
67 539 1
67 549 1
67 550 1
67 559 1
67 583 1
67 670 1
67 694 1
67 720 1
67 758 1
67 808 1
67 824 1
67 843 1
67 934 1
67 965 1
67 976 1
67 1066 1
67 1300 1
68 103 1
68 114 1
68 186 1
68 211 1
68 219 1
68 223 1
68 229 1
68 233 1
68 240 1
68 266 1
68 270 1
68 299 1
68 458 1
68 499 1
68 696 1
68 854 1
68 891 1
68 958 1
68 993 1
68 1090 1
68 1197 1
68 1339 1
68 1379 1
68 1394 1
69 75 1
69 238 1
69 725 1
69 880 1
69 981 1
69 1100 1
69 1389 1
70 88 1
70 160 1
70 183 1
70 221 1
70 250 1
70 300 1
70 532 1
70 634 1
70 723 1
70 748 1
70 765 1
70 788 1
70 829 1
70 940 1
70 1042 1
70 1090 1
70 1166 1
70 1344 1
71 244 1
71 463 1
71 621 1
71 751 1
71 1240 1
72 293 1
72 359 1
72 619 1
72 1260 1
72 1307 1
73 82 1
73 131 1
73 132 1
73 148 1
73 149 1
73 157 1
73 174 1
73 185 1
73 286 1
73 319 1
73 399 1
73 412 1
73 438 1
73 505 1
73 506 1
73 508 1
73 543 1
73 665 1
73 676 1
73 723 1
73 741 1
73 746 1
73 788 1
73 818 1
73 822 1
73 839 1
73 870 1
73 878 1
73 880 1
73 887 1
73 974 1
73 976 1
73 1038 1
73 1176 1
73 1257 1
73 1274 1
73 1391 1
74 167 1
74 637 1
74 859 1
74 1308 1
75 78 1
75 81 1
75 87 1
75 193 1
75 201 1
75 206 1
75 212 1
75 291 1
75 317 1
75 324 1
75 336 1
75 351 1
75 408 1
75 613 1
75 688 1
75 754 1
75 797 1
75 811 1
75 1138 1
75 1297 1
76 453 1
76 632 1
76 981 1
76 1000 1
76 1047 1
76 1270 1
76 1293 1
76 1322 1
76 1350 1
76 1374 1
77 213 1
77 226 1
77 291 1
77 390 1
77 400 1
77 449 1
77 525 1
77 777 1
77 869 1
77 1017 1
77 1023 1
77 1052 1
77 1140 1
77 1271 1
77 1398 1
78 97 1
78 151 1
78 193 1
78 355 1
78 1204 1
79 93 1
79 100 1
79 113 1
79 204 1
79 230 1
79 237 1
79 647 1
79 705 1
79 779 1
79 994 1
79 1059 1
79 1262 1
79 1304 1
79 1353 1
80 86 1
80 124 1
80 130 1
80 194 1
80 336 1
80 337 1
80 382 1
80 446 1
80 701 1
80 717 1
80 745 1
80 773 1
80 799 1
80 894 1
80 950 1
80 1127 1
80 1179 1
81 158 1
81 193 1
81 203 1
81 204 1
81 334 1
81 439 1
81 450 1
81 494 1
81 495 1
81 525 1
81 566 1
81 683 1
81 693 1
81 718 1
81 748 1
81 763 1
81 771 1
81 811 1
81 872 1
81 946 1
81 1176 1
81 1281 1
81 1376 1
82 315 1
82 352 1
82 355 1
82 360 1
82 510 1
82 586 1
82 589 1
82 1176 1
83 84 1
83 87 1
83 155 1
83 207 1
83 333 1
83 367 1
83 378 1
83 402 1
83 487 1
83 525 1
83 764 1
83 849 1
83 1064 1
84 143 1
84 205 1
84 262 1
84 283 1
84 439 1
84 441 1
84 480 1
84 597 1
84 741 1
84 810 1
84 1207 1
84 1349 1
84 1395 1
85 91 1
85 138 1
85 260 1
85 500 1
85 737 1
85 778 1
85 789 1
85 795 1
85 1074 1
85 1152 1
86 94 1
86 134 1
86 198 1
86 246 1
86 311 1
86 560 1
86 629 1
86 833 1
86 841 1
86 1089 1
86 1138 1
86 1141 1
86 1274 1
86 1330 1
87 228 1
87 383 1
87 542 1
87 609 1
87 643 1
87 1012 1
87 1079 1
87 1295 1
88 162 1
88 547 1
88 1298 1
89 125 1
89 169 1
89 179 1
89 263 1
89 307 1
89 651 1
89 804 1
89 1304 1
90 150 1
90 163 1
90 266 1
90 332 1
90 358 1
90 433 1
90 646 1
90 710 1
90 1156 1
90 1307 1
91 92 1
91 107 1
91 129 1
91 292 1
91 437 1
91 492 1
91 652 1
91 868 1
92 107 1
92 126 1
92 197 1
92 320 1
92 388 1
92 561 1
92 758 1
92 825 1
92 1026 1
92 1104 1
92 1303 1
93 121 1
93 124 1
93 138 1
93 265 1
93 293 1
93 655 1
93 693 1
93 774 1
93 924 1
93 1193 1
93 1352 1
93 1394 1
94 111 1
94 199 1
94 216 1
94 246 1
94 311 1
94 375 1
94 606 1
94 727 1
94 752 1
94 851 1
94 1314 1
95 160 1
95 206 1
95 307 1
95 322 1
95 355 1
95 441 1
95 474 1
95 526 1
95 541 1
95 614 1
95 659 1
95 687 1
95 707 1
95 731 1
95 894 1
95 898 1
95 1130 1
95 1163 1
96 104 1
96 133 1
96 167 1
96 182 1
96 191 1
96 214 1
96 231 1
96 243 1
96 255 1
96 258 1
96 310 1
96 326 1
96 338 1
96 356 1
96 415 1
96 461 1
96 536 1
96 632 1
96 690 1
96 736 1
96 894 1
96 968 1
96 1121 1
96 1187 1
96 1280 1
96 1299 1
96 1302 1
97 122 1
97 252 1
97 282 1
97 369 1
97 1011 1
97 1018 1
97 1059 1
97 1070 1
97 1168 1
97 1325 1
98 136 1
98 161 1
98 270 1
98 283 1
98 324 1
98 455 1
98 521 1
98 548 1
98 889 1
98 967 1
98 1114 1
98 1147 1
99 137 1
99 164 1
99 389 1
99 398 1
99 402 1
99 411 1
99 412 1
99 542 1
99 602 1
99 620 1
99 725 1
99 802 1
99 917 1
99 1014 1
100 174 1
100 904 1
101 393 1
101 1013 1
101 1330 1
102 111 1
102 119 1
102 232 1
102 312 1
102 544 1
102 573 1
102 579 1
102 668 1
102 707 1
102 975 1
102 1010 1
102 1380 1
103 174 1
103 184 1
103 245 1
103 310 1
103 324 1
103 380 1
103 598 1
103 922 1
103 952 1
103 982 1
103 1158 1
103 1160 1
103 1262 1
104 188 1
104 240 1
104 284 1
104 842 1
104 924 1
104 996 1
105 134 1
105 157 1
105 181 1
105 182 1
105 183 1
105 186 1
105 220 1
105 227 1
105 282 1
105 298 1
105 308 1
105 329 1
105 345 1
105 395 1
105 412 1
105 466 1
105 662 1
105 778 1
105 838 1
105 854 1
105 859 1
105 876 1
105 971 1
105 1185 1
105 1193 1
105 1215 1
106 161 1
106 173 1
106 342 1
106 742 1
106 875 1
106 893 1
106 1162 1
107 152 1
107 177 1
107 180 1
107 237 1
107 321 1
107 328 1
107 414 1
107 418 1
107 535 1
107 724 1
107 959 1
107 1132 1
107 1276 1
108 127 1
108 156 1
108 220 1
108 236 1
108 273 1
108 340 1
108 351 1
108 450 1
108 507 1
108 533 1
108 691 1
108 760 1
108 799 1
108 829 1
108 949 1
108 951 1
108 1018 1
108 1241 1
109 260 1
109 491 1
109 519 1
109 670 1
109 793 1
110 247 1
110 459 1
110 490 1
110 600 1
110 680 1
110 783 1
110 1132 1
110 1301 1
110 1393 1
111 199 1
111 202 1
111 278 1
111 486 1
111 806 1
111 1001 1
111 1096 1
111 1113 1
111 1216 1
112 113 1
112 320 1
112 994 1
114 194 1
114 219 1
114 233 1
114 272 1
114 305 1
114 358 1
114 362 1
114 1034 1
114 1077 1
114 1272 1
114 1315 1
115 241 1
115 385 1
115 426 1
115 847 1
115 1217 1
116 144 1
116 226 1
116 230 1
116 260 1
116 267 1
116 268 1
116 294 1
116 297 1
116 410 1
116 427 1
116 516 1
116 614 1
116 673 1
116 707 1
116 708 1
116 796 1
116 827 1
116 929 1
116 941 1
116 982 1
116 1022 1
116 1164 1
117 121 1
117 137 1
117 364 1
117 591 1
117 618 1
117 907 1
117 1190 1
117 1261 1
117 1375 1
118 481 1
118 597 1
118 770 1
118 837 1
118 902 1
118 956 1
118 1005 1
118 1077 1
118 1243 1
118 1377 1
119 154 1
119 209 1
119 388 1
119 426 1
119 655 1
119 656 1
119 786 1
119 865 1
119 980 1
120 432 1
120 916 1
120 945 1
120 1078 1
121 200 1
121 280 1
121 317 1
121 418 1
121 553 1
121 559 1
121 571 1
121 579 1
121 672 1
121 779 1
121 1055 1
121 1213 1
122 292 1
122 558 1
122 633 1
122 729 1
122 814 1
122 1170 1
122 1240 1
122 1272 1
122 1396 1
123 132 1
123 243 1
123 271 1
123 568 1
123 576 1
123 674 1
123 1143 1
124 170 1
124 215 1
124 271 1
124 304 1
124 332 1
124 371 1
124 420 1
124 578 1
124 615 1
124 850 1
124 949 1
124 976 1
124 1376 1
125 216 1
125 743 1
125 804 1
125 835 1
125 1262 1
126 539 1
126 1009 1
126 1015 1
126 1115 1
126 1197 1
126 1206 1
127 130 1
127 434 1
127 516 1
127 604 1
127 1002 1
128 152 1
128 307 1
128 1140 1
129 223 1
129 288 1
129 314 1
129 399 1
129 410 1
129 986 1
130 140 1
130 372 1
130 430 1
130 476 1
130 570 1
130 574 1
130 582 1
130 870 1
130 933 1
130 1145 1
130 1239 1
131 161 1
131 189 1
131 197 1
131 202 1
131 252 1
131 426 1
131 564 1
131 681 1
131 833 1
131 899 1
131 913 1
131 987 1
131 1046 1
131 1096 1
131 1109 1
131 1196 1
131 1282 1
131 1324 1
131 1334 1
131 1361 1
131 1373 1
132 1157 1
132 1245 1
133 149 1
133 180 1
133 297 1
133 345 1
133 389 1
133 406 1
133 456 1
133 781 1
133 902 1
133 939 1
133 941 1
133 990 1
133 1181 1
133 1252 1
134 433 1
134 458 1
134 695 1
134 1144 1
135 165 1
135 183 1
135 226 1
135 267 1
135 282 1
135 834 1
135 847 1
135 1109 1
135 1112 1
135 1159 1
136 347 1
136 392 1
136 425 1
136 435 1
136 797 1
136 817 1
136 880 1
136 1081 1
136 1098 1
136 1120 1
136 1229 1
136 1278 1
136 1316 1
136 1333 1
137 144 1
137 201 1
137 235 1
137 268 1
137 339 1
137 368 1
137 430 1
137 529 1
137 555 1
137 642 1
137 719 1
137 814 1
137 861 1
137 879 1
137 1065 1
137 1355 1
137 1386 1
138 211 1
138 250 1
138 360 1
138 378 1
138 581 1
138 595 1
138 609 1
138 895 1
138 995 1
138 1116 1
138 1344 1
139 228 1
139 263 1
139 368 1
139 397 1
139 541 1
139 592 1
139 1028 1
139 1260 1
140 161 1
140 237 1
140 696 1
140 948 1
141 762 1
142 156 1
142 173 1
142 330 1
142 393 1
142 455 1
142 467 1
142 496 1
142 498 1
142 587 1
142 666 1
142 696 1
142 727 1
142 848 1
142 955 1
142 1055 1
142 1130 1
142 1149 1
142 1159 1
142 1162 1
142 1179 1
142 1248 1
143 218 1
143 231 1
143 251 1
143 265 1
143 278 1
143 350 1
143 361 1
143 506 1
143 697 1
143 755 1
143 761 1
143 951 1
143 1258 1
143 1341 1
143 1366 1
144 185 1
144 205 1
144 216 1
144 229 1
144 315 1
144 409 1
144 516 1
144 690 1
144 840 1
144 927 1
144 1065 1
144 1078 1
144 1099 1
144 1267 1
144 1301 1
144 1397 1
145 221 1
145 866 1
145 974 1
145 975 1
145 1016 1
145 1166 1
146 461 1
146 591 1
146 747 1
146 1087 1
146 1312 1
147 176 1
147 266 1
147 275 1
147 400 1
147 505 1
147 531 1
147 769 1
147 870 1
147 895 1
147 904 1
147 993 1
147 1066 1
147 1236 1
147 1253 1
148 149 1
148 168 1
148 175 1
148 181 1
148 197 1
148 263 1
148 349 1
148 364 1
148 546 1
148 577 1
148 676 1
148 685 1
148 692 1
148 713 1
148 720 1
148 828 1
148 945 1
148 1131 1
148 1254 1
148 1322 1
148 1365 1
148 1395 1
149 287 1
149 298 1
149 356 1
149 611 1
149 864 1
149 974 1
149 1295 1
150 227 1
150 259 1
150 304 1
150 320 1
150 357 1
150 444 1
150 522 1
150 641 1
150 724 1
150 744 1
150 763 1
150 785 1
150 884 1
150 1014 1
151 187 1
151 280 1
151 485 1
151 519 1
151 814 1
152 342 1
152 640 1
153 440 1
153 504 1
153 616 1
153 695 1
153 773 1
153 791 1
153 916 1
153 1396 1
154 252 1
154 303 1
154 379 1
154 493 1
154 508 1
154 709 1
154 925 1
154 928 1
154 1170 1
155 471 1
155 644 1
155 884 1
156 196 1
156 386 1
156 641 1
156 668 1
156 702 1
157 165 1
157 176 1
157 301 1
157 349 1
157 361 1
157 421 1
157 503 1
157 520 1
157 572 1
157 671 1
157 716 1
157 1185 1
158 203 1
158 306 1
158 330 1
158 467 1
158 554 1
158 587 1
158 744 1
158 819 1
158 967 1
158 1042 1
158 1093 1
158 1209 1
159 323 1
159 341 1
159 735 1
159 992 1
159 1347 1
160 396 1
160 402 1
160 1007 1
160 1180 1
160 1328 1
160 1387 1
161 190 1
161 205 1
161 232 1
161 297 1
161 340 1
161 419 1
161 468 1
161 531 1
161 570 1
161 834 1
161 911 1
161 1061 1
162 387 1
162 739 1
162 987 1
163 273 1
163 325 1
163 369 1
163 667 1
163 734 1
163 1111 1
163 1288 1
163 1326 1
164 202 1
164 933 1
164 941 1
164 1062 1
165 198 1
165 239 1
165 242 1
165 298 1
165 342 1
165 364 1
165 403 1
165 408 1
165 434 1
165 459 1
165 651 1
165 681 1
165 738 1
165 1093 1
165 1242 1
166 225 1
166 293 1
166 435 1
166 768 1
166 865 1
166 968 1
166 1031 1
166 1268 1
166 1397 1
167 172 1
167 223 1
167 231 1
167 253 1
167 254 1
167 299 1
167 556 1
167 863 1
167 1127 1
167 1131 1
167 1149 1
167 1289 1
168 185 1
168 234 1
168 260 1
168 276 1
168 326 1
168 415 1
168 422 1
168 451 1
168 1153 1
168 1298 1
168 1318 1
169 411 1
169 513 1
169 690 1
169 728 1
169 856 1
170 188 1
170 213 1
170 238 1
170 343 1
170 436 1
170 442 1
170 489 1
170 610 1
170 630 1
170 631 1
170 725 1
170 781 1
170 860 1
170 906 1
170 997 1
170 1090 1
170 1207 1
170 1285 1
170 1359 1
171 264 1
171 336 1
171 360 1
171 383 1
171 767 1
171 787 1
172 210 1
172 1265 1
173 209 1
173 239 1
173 270 1
173 308 1
173 309 1
173 351 1
173 375 1
173 496 1
173 498 1
173 527 1
173 783 1
173 809 1
173 872 1
173 877 1
173 1172 1
173 1297 1
174 190 1
174 349 1
174 422 1
174 650 1
174 742 1
174 786 1
174 922 1
174 1064 1
175 244 1
175 275 1
175 290 1
175 337 1
175 466 1
175 600 1
175 637 1
175 660 1
175 697 1
175 856 1
175 901 1
175 1113 1
175 1170 1
175 1224 1
176 1106 1
177 382 1
177 688 1
177 809 1
177 1087 1
178 284 1
178 329 1
178 335 1
178 354 1
178 582 1
178 590 1
178 659 1
178 687 1
178 776 1
178 807 1
178 1214 1
179 281 1
179 333 1
179 444 1
179 487 1
179 733 1
179 1021 1
179 1237 1
180 185 1
180 386 1
180 431 1
180 1303 1
181 367 1
181 658 1
181 681 1
181 733 1
181 807 1
181 1158 1
181 1200 1
182 231 1
182 329 1
182 876 1
182 944 1
182 1255 1
182 1287 1
182 1358 1
183 318 1
183 349 1
183 357 1
183 384 1
183 480 1
183 518 1
183 598 1
183 601 1
183 683 1
183 701 1
183 852 1
183 1291 1
183 1293 1
184 195 1
184 551 1
184 717 1
184 1265 1
184 1390 1
185 451 1
185 489 1
185 576 1
185 805 1
185 888 1
185 1033 1
185 1136 1
185 1249 1
185 1312 1
185 1317 1
186 665 1
186 753 1
186 957 1
186 1090 1
187 303 1
187 391 1
187 583 1
187 616 1
187 672 1
187 783 1
187 813 1
187 1308 1
188 189 1
188 380 1
188 824 1
188 1310 1
189 202 1
189 296 1
189 458 1
189 579 1
189 636 1
189 667 1
189 747 1
189 892 1
189 971 1
189 1004 1
189 1016 1
189 1026 1
189 1195 1
189 1332 1
189 1351 1
189 1379 1
190 269 1
190 514 1
190 657 1
190 666 1
190 915 1
190 983 1
190 1061 1
190 1065 1
190 1319 1
191 221 1
191 314 1
191 344 1
191 435 1
191 751 1
191 755 1
191 855 1
191 1043 1
191 1319 1
192 225 1
192 233 1
192 274 1
192 286 1
192 310 1
192 327 1
192 581 1
192 1270 1
192 1276 1
192 1368 1
193 224 1
193 313 1
193 475 1
193 566 1
193 633 1
193 647 1
193 714 1
193 1010 1
193 1148 1
194 336 1
194 340 1
194 738 1
195 758 1
195 943 1
195 1038 1
195 1112 1
195 1117 1
195 1175 1
195 1224 1
196 328 1
196 529 1
196 603 1
196 688 1
198 299 1
198 961 1
198 1119 1
198 1296 1
198 1367 1
199 271 1
199 686 1
199 762 1
200 254 1
200 333 1
200 576 1
200 1191 1
201 206 1
201 241 1
201 249 1
201 252 1
201 535 1
201 759 1
201 1231 1
202 339 1
202 499 1
202 599 1
202 656 1
202 715 1
202 871 1
202 879 1
202 1139 1
203 267 1
203 334 1
203 503 1
203 562 1
203 759 1
203 896 1
203 930 1
203 1026 1
203 1088 1
204 277 1
204 557 1
204 919 1
205 222 1
205 368 1
205 602 1
205 605 1
205 618 1
205 671 1
205 698 1
205 729 1
205 873 1
205 898 1
205 1085 1
205 1152 1
205 1236 1
206 290 1
206 503 1
207 362 1
207 394 1
208 248 1
208 1034 1
208 1269 1
209 653 1
209 973 1
209 1234 1
209 1270 1
210 309 1
210 621 1
210 929 1
211 330 1
211 396 1
211 803 1
211 958 1
211 1146 1
211 1179 1
211 1296 1
212 257 1
212 272 1
212 316 1
212 447 1
212 478 1
212 527 1
212 564 1
212 705 1
212 737 1
212 745 1
212 783 1
212 792 1
212 846 1
212 878 1
212 1074 1
212 1145 1
212 1222 1
212 1261 1
212 1275 1
212 1353 1
213 222 1
213 438 1
213 468 1
213 486 1
213 567 1
213 581 1
213 654 1
214 255 1
214 262 1
214 471 1
214 538 1
214 787 1
215 495 1
215 580 1
215 662 1
215 749 1
215 851 1
215 883 1
216 596 1
216 780 1
217 282 1
217 283 1
217 296 1
217 479 1
217 654 1
218 552 1
218 819 1
218 1375 1
219 235 1
219 268 1
219 277 1
219 337 1
219 356 1
219 437 1
219 716 1
219 762 1
219 777 1
219 834 1
219 851 1
219 871 1
219 904 1
219 954 1
219 1089 1
219 1109 1
219 1296 1
219 1399 1
220 227 1
220 390 1
221 230 1
221 375 1
221 378 1
221 603 1
221 646 1
221 761 1
221 1003 1
221 1006 1
221 1050 1
221 1209 1
222 258 1
222 487 1
222 638 1
222 776 1
222 841 1
222 878 1
222 955 1
222 1093 1
222 1144 1
223 233 1
223 326 1
223 440 1
223 452 1
223 556 1
223 625 1
223 661 1
223 806 1
223 1061 1
223 1132 1
223 1228 1
224 398 1
224 552 1
224 627 1
225 276 1
225 549 1
225 567 1
225 852 1
225 935 1
226 291 1
226 395 1
226 409 1
226 1299 1
227 244 1
227 353 1
227 373 1
227 584 1
227 649 1
227 771 1
227 778 1
227 794 1
228 312 1
228 346 1
228 453 1
228 604 1
228 684 1
228 1394 1
229 692 1
229 706 1
229 798 1
229 957 1
229 1021 1
229 1161 1
230 232 1
230 243 1
230 440 1
230 998 1
230 1095 1
230 1135 1
231 338 1
231 429 1
231 448 1
231 631 1
231 930 1
231 963 1
231 1243 1
232 256 1
232 302 1
232 303 1
232 311 1
232 382 1
232 534 1
232 723 1
232 739 1
232 927 1
232 1352 1
232 1372 1
232 1387 1
233 280 1
233 354 1
233 401 1
233 452 1
233 1067 1
233 1190 1
233 1327 1
233 1332 1
233 1390 1
234 407 1
234 496 1
234 924 1
234 985 1
234 1081 1
235 277 1
235 430 1
235 524 1
235 1016 1
235 1086 1
235 1206 1
236 256 1
236 289 1
236 422 1
236 611 1
236 862 1
236 1137 1
236 1375 1
237 424 1
237 569 1
237 583 1
238 356 1
238 418 1
238 443 1
238 571 1
238 664 1
238 684 1
238 813 1
238 1233 1
238 1327 1
239 262 1
239 302 1
239 404 1
239 428 1
239 816 1
239 1194 1
239 1279 1
239 1362 1
240 248 1
240 258 1
240 860 1
240 1286 1
241 251 1
241 321 1
241 415 1
241 772 1
241 1290 1
242 255 1
242 670 1
242 1253 1
242 1334 1
243 310 1
244 285 1
244 344 1
244 548 1
244 583 1
244 642 1
244 645 1
244 767 1
244 852 1
244 971 1
244 1025 1
244 1188 1
244 1208 1
244 1273 1
244 1319 1
244 1328 1
245 293 1
245 698 1
245 740 1
245 1022 1
245 1238 1
246 275 1
246 305 1
246 674 1
246 877 1
246 991 1
246 1040 1
246 1210 1
247 292 1
247 404 1
247 610 1
247 828 1
247 829 1
247 886 1
247 949 1
247 1187 1
247 1204 1
248 520 1
248 775 1
248 914 1
248 1074 1
248 1101 1
248 1252 1
249 269 1
249 397 1
249 826 1
249 1300 1
249 1360 1
250 464 1
250 961 1
250 1005 1
250 1128 1
250 1287 1
251 514 1
251 552 1
251 876 1
251 944 1
251 979 1
251 1002 1
252 253 1
252 563 1
252 909 1
252 1022 1
252 1051 1
253 612 1
253 1127 1
253 1370 1
254 300 1
254 314 1
254 442 1
254 448 1
254 493 1
254 657 1
254 671 1
254 790 1
254 793 1
254 910 1
254 1062 1
255 269 1
255 290 1
255 424 1
255 478 1
255 569 1
255 800 1
255 1108 1
255 1126 1
255 1171 1
256 351 1
256 873 1
256 1000 1
256 1187 1
257 322 1
257 720 1
257 826 1
257 986 1
257 1133 1
257 1248 1
258 384 1
258 517 1
258 589 1
258 1096 1
259 362 1
259 822 1
259 824 1
259 853 1
260 343 1
260 1139 1
261 273 1
261 549 1
261 630 1
261 960 1
261 1013 1
261 1052 1
261 1163 1
261 1371 1
262 289 1
262 458 1
262 844 1
262 1067 1
262 1082 1
262 1207 1
263 552 1
263 692 1
263 1189 1
265 274 1
265 348 1
265 993 1
265 1086 1
265 1305 1
266 347 1
266 578 1
266 859 1
266 895 1
266 1184 1
266 1244 1
266 1275 1
267 413 1
267 421 1
267 427 1
267 528 1
267 782 1
267 842 1
267 900 1
267 926 1
267 1146 1
267 1277 1
268 601 1
268 663 1
268 788 1
268 890 1
268 1236 1
269 619 1
269 911 1
269 1027 1
269 1287 1
269 1362 1
270 311 1
270 346 1
270 930 1
270 1203 1
270 1250 1
271 413 1
271 790 1
271 892 1
271 1199 1
272 280 1
272 428 1
272 451 1
272 477 1
272 668 1
273 335 1
273 367 1
273 380 1
273 381 1
273 414 1
273 612 1
273 810 1
273 1008 1
273 1132 1
273 1246 1
274 421 1
274 915 1
275 543 1
275 920 1
275 1278 1
275 1326 1
276 553 1
276 1060 1
276 1112 1
277 387 1
277 469 1
277 505 1
277 536 1
277 716 1
277 751 1
277 763 1
277 1066 1
277 1079 1
277 1310 1
278 372 1
278 386 1
278 428 1
278 679 1
278 775 1
279 481 1
279 536 1
280 834 1
281 813 1
281 976 1
282 499 1
282 623 1
282 1122 1
282 1183 1
282 1259 1
283 322 1
283 341 1
283 466 1
283 473 1
283 1178 1
283 1208 1
284 396 1
284 645 1
284 653 1
284 701 1
284 718 1
284 786 1
284 1007 1
284 1051 1
284 1098 1
284 1147 1
284 1378 1
285 331 1
285 339 1
285 885 1
286 344 1
286 352 1
286 427 1
286 478 1
286 513 1
286 521 1
286 603 1
286 773 1
286 882 1
286 1014 1
286 1083 1
286 1305 1
286 1331 1
286 1373 1
287 302 1
287 392 1
287 990 1
287 1242 1
288 520 1
288 675 1
288 793 1
288 802 1
288 882 1
288 1331 1
289 388 1
289 398 1
289 643 1
289 673 1
289 741 1
289 913 1
289 1071 1
290 610 1
290 1360 1
291 808 1
292 301 1
292 466 1
292 1028 1
292 1063 1
293 427 1
293 572 1
293 736 1
293 753 1
293 1097 1
293 1103 1
294 409 1
294 547 1
294 577 1
294 619 1
294 1116 1
294 1145 1
295 329 1
295 420 1
295 612 1
295 702 1
295 1005 1
295 1191 1
296 374 1
296 400 1
296 933 1
296 1039 1
297 348 1
297 416 1
297 417 1
297 445 1
297 639 1
297 642 1
297 703 1
297 746 1
297 771 1
297 1116 1
297 1129 1
298 409 1
299 353 1
299 523 1
299 550 1
299 572 1
299 675 1
299 689 1
299 1075 1
299 1134 1
299 1384 1
300 406 1
300 494 1
300 566 1
300 678 1
300 971 1
301 577 1
301 707 1
301 1243 1
301 1253 1
301 1295 1
302 526 1
302 648 1
302 823 1
302 1086 1
303 593 1
303 641 1
303 905 1
303 925 1
303 1040 1
304 338 1
304 832 1
304 979 1
304 1020 1
305 1194 1
306 319 1
309 345 1
309 350 1
309 635 1
309 798 1
309 801 1
309 1212 1
309 1363 1
310 484 1
310 551 1
310 594 1
310 1099 1
310 1193 1
310 1316 1
311 420 1
311 539 1
311 929 1
312 321 1
312 687 1
312 830 1
312 1037 1
312 1335 1
313 390 1
313 861 1
313 1103 1
313 1201 1
314 377 1
314 414 1
314 747 1
314 840 1
314 1134 1
315 381 1
315 431 1
315 502 1
315 1345 1
316 370 1
316 429 1
316 629 1
317 754 1
317 1263 1
318 357 1
318 362 1
318 498 1
318 605 1
318 1044 1
318 1053 1
319 328 1
319 346 1
319 358 1
319 609 1
319 864 1
319 1080 1
320 364 1
320 581 1
320 881 1
320 999 1
320 1251 1
321 689 1
322 468 1
322 556 1
322 721 1
322 794 1
322 965 1
322 985 1
322 1167 1
322 1182 1
322 1389 1
323 360 1
323 457 1
323 477 1
323 660 1
323 962 1
323 1097 1
324 1084 1
324 1126 1
325 342 1
325 369 1
325 1080 1
325 1248 1
326 440 1
326 454 1
326 836 1
327 411 1
327 942 1
327 1030 1
327 1199 1
327 1336 1
328 568 1
328 633 1
328 1064 1
328 1341 1
330 486 1
330 588 1
330 849 1
330 886 1
330 1381 1
331 735 1
331 946 1
331 1171 1
332 366 1
332 368 1
332 465 1
332 471 1
332 696 1
332 712 1
332 721 1
332 887 1
332 1014 1
332 1329 1
332 1365 1
333 365 1
333 376 1
333 522 1
333 571 1
333 766 1
333 840 1
333 934 1
333 956 1
333 986 1
333 1011 1
333 1215 1
333 1356 1
334 439 1
334 534 1
334 819 1
334 1125 1
335 416 1
335 512 1
335 836 1
335 990 1
335 1184 1
336 357 1
336 973 1
337 343 1
337 382 1
337 470 1
337 493 1
337 530 1
337 1364 1
338 444 1
338 911 1
338 920 1
338 1266 1
339 584 1
339 721 1
339 831 1
339 1165 1
339 1214 1
340 540 1
340 889 1
340 1167 1
341 354 1
341 773 1
341 874 1
342 618 1
343 1003 1
343 1169 1
343 1189 1
344 465 1
344 905 1
344 1166 1
344 1211 1
345 461 1
345 564 1
345 713 1
345 980 1
345 1088 1
346 523 1
346 626 1
346 717 1
346 743 1
346 959 1
346 999 1
346 1268 1
347 432 1
347 476 1
347 502 1
347 518 1
347 539 1
347 586 1
347 599 1
347 643 1
347 908 1
347 943 1
347 1286 1
348 444 1
348 970 1
348 1126 1
349 476 1
349 903 1
349 1050 1
349 1052 1
350 403 1
350 526 1
350 604 1
350 653 1
350 659 1
350 855 1
350 1100 1
350 1264 1
353 691 1
353 1105 1
354 384 1
354 674 1
354 1181 1
356 820 1
357 545 1
357 700 1
357 709 1
357 1249 1
357 1289 1
358 582 1
358 956 1
360 510 1
360 1029 1
360 1076 1
360 1192 1
361 515 1
361 619 1
361 867 1
362 363 1
362 385 1
362 423 1
362 1083 1
362 1251 1
363 494 1
363 538 1
363 754 1
363 808 1
363 948 1
363 1036 1
363 1156 1
363 1302 1
364 389 1
364 392 1
364 407 1
364 651 1
364 681 1
364 858 1
364 1238 1
364 1308 1
365 654 1
365 994 1
366 395 1
366 477 1
366 606 1
366 1142 1
367 573 1
367 975 1
367 1197 1
367 1255 1
367 1349 1
368 511 1
368 555 1
368 683 1
368 1235 1
369 465 1
369 490 1
369 640 1
369 669 1
369 728 1
369 811 1
369 969 1
369 1074 1
369 1165 1
369 1344 1
370 462 1
370 662 1
370 667 1
370 1030 1
370 1159 1
370 1237 1
371 396 1
371 448 1
371 703 1
371 705 1
372 387 1
372 399 1
372 518 1
372 821 1
372 862 1
372 926 1
372 1019 1
372 1202 1
373 622 1
373 700 1
373 928 1
373 966 1
373 1200 1
374 469 1
374 901 1
374 958 1
374 988 1
374 1124 1
374 1273 1
375 897 1
375 957 1
375 1034 1
375 1320 1
376 1102 1
377 485 1
377 1091 1
378 379 1
378 397 1
378 607 1
378 1274 1
379 464 1
380 774 1
380 847 1
380 853 1
380 958 1
381 391 1
381 1105 1
382 502 1
382 642 1
382 1150 1
383 417 1
383 885 1
384 517 1
384 545 1
384 580 1
384 685 1
384 930 1
386 802 1
386 843 1
386 1239 1
386 1324 1
387 474 1
388 749 1
388 1246 1
389 511 1
389 623 1
389 727 1
389 1376 1
390 917 1
390 1054 1
390 1056 1
390 1230 1
390 1264 1
391 663 1
391 1169 1
391 1294 1
392 672 1
392 792 1
392 903 1
392 1154 1
392 1328 1
392 1377 1
393 504 1
393 598 1
393 947 1
393 1036 1
393 1361 1
394 852 1
394 1321 1
395 685 1
396 406 1
396 518 1
396 555 1
397 873 1
397 1342 1
398 479 1
398 490 1
398 529 1
398 673 1
398 1033 1
398 1049 1
399 757 1
400 560 1
400 917 1
400 927 1
400 963 1
400 1083 1
400 1173 1
400 1208 1
400 1267 1
401 516 1
401 631 1
401 1389 1
402 406 1
402 629 1
402 962 1
402 1221 1
402 1259 1
403 668 1
403 842 1
403 953 1
403 1204 1
403 1309 1
404 777 1
404 1126 1
405 509 1
405 519 1
405 544 1
405 568 1
405 661 1
405 666 1
405 1130 1
406 425 1
406 617 1
406 854 1
406 933 1
406 1265 1
407 765 1
407 781 1
408 417 1
408 442 1
408 689 1
408 719 1
408 796 1
409 415 1
411 501 1
411 687 1
411 694 1
411 722 1
411 1199 1
411 1350 1
412 823 1
412 1027 1
412 1254 1
414 1271 1
415 1060 1
416 455 1
416 475 1
416 491 1
416 509 1
416 542 1
416 803 1
416 1252 1
416 1285 1
417 557 1
417 855 1
417 1122 1
417 1250 1
418 446 1
418 918 1
419 501 1
419 711 1
419 1082 1
420 1029 1
420 1174 1
420 1183 1
421 798 1
421 1097 1
422 694 1
422 780 1
422 898 1
422 955 1
423 465 1
423 1018 1
423 1212 1
423 1304 1
423 1356 1
424 429 1
424 432 1
424 462 1
424 635 1
424 658 1
424 746 1
424 916 1
424 997 1
424 1108 1
424 1246 1
424 1298 1
425 537 1
425 548 1
425 575 1
425 857 1
426 488 1
426 561 1
426 637 1
426 1039 1
426 1084 1
426 1091 1
426 1245 1
426 1350 1
426 1393 1
427 452 1
427 463 1
427 550 1
427 759 1
427 891 1
428 776 1
428 978 1
429 525 1
429 622 1
429 988 1
430 561 1
430 562 1
430 613 1
430 624 1
430 899 1
430 910 1
430 1082 1
430 1322 1
430 1338 1
431 602 1
431 695 1
431 922 1
431 1101 1
433 897 1
433 954 1
433 1363 1
434 726 1
434 972 1
434 1225 1
435 534 1
435 875 1
435 878 1
435 1043 1
435 1155 1
436 442 1
436 757 1
436 1190 1
436 1238 1
436 1244 1
437 748 1
437 749 1
437 811 1
438 505 1
438 1244 1
439 613 1
439 737 1
439 1061 1
440 789 1
440 973 1
441 618 1
441 1284 1
442 563 1
442 585 1
443 846 1
444 733 1
444 1343 1
445 532 1
445 591 1
445 1286 1
446 447 1
446 796 1
446 1099 1
446 1399 1
447 508 1
447 538 1
447 714 1
447 780 1
447 914 1
447 1017 1
447 1313 1
447 1366 1
448 1177 1
448 1315 1
449 899 1
449 967 1
449 1106 1
449 1174 1
450 475 1
450 594 1
450 609 1
450 680 1
450 742 1
450 1035 1
450 1091 1
450 1190 1
450 1348 1
450 1369 1
451 550 1
451 810 1
451 909 1
451 1160 1
451 1293 1
451 1301 1
452 694 1
452 770 1
452 950 1
452 1050 1
452 1124 1
453 644 1
453 805 1
453 1087 1
453 1256 1
454 501 1
454 715 1
454 817 1
454 896 1
454 1172 1
455 960 1
456 901 1
456 1108 1
456 1177 1
457 708 1
457 929 1
457 1069 1
458 554 1
459 616 1
459 997 1
459 1011 1
459 1019 1
460 587 1
460 705 1
460 714 1
460 737 1
460 846 1
460 959 1
460 961 1
460 1120 1
460 1134 1
461 828 1
461 938 1
461 950 1
461 1249 1
462 1298 1
463 507 1
464 635 1
465 563 1
466 473 1
466 626 1
466 1151 1
468 965 1
469 523 1
469 655 1
469 677 1
469 779 1
469 803 1
469 825 1
469 1054 1
470 507 1
470 515 1
470 517 1
470 546 1
470 632 1
470 1305 1
471 653 1
471 732 1
471 953 1
471 1056 1
471 1283 1
471 1357 1
472 856 1
472 1385 1
473 590 1
473 592 1
473 677 1
473 718 1
473 1026 1
473 1092 1
473 1097 1
473 1337 1
474 595 1
474 1361 1
475 983 1
475 1374 1
476 564 1
476 632 1
476 669 1
476 679 1
476 744 1
476 1071 1
477 617 1
477 1045 1
478 597 1
478 900 1
478 1222 1
478 1348 1
479 488 1
479 560 1
479 595 1
480 493 1
480 617 1
480 1172 1
480 1370 1
481 640 1
481 963 1
481 1311 1
481 1383 1
482 497 1
482 524 1
482 1155 1
482 1248 1
483 536 1
483 775 1
483 844 1
483 1270 1
484 920 1
484 952 1
484 1243 1
486 700 1
486 815 1
487 1164 1
488 562 1
488 607 1
488 875 1
488 1032 1
488 1107 1
488 1162 1
488 1195 1
489 669 1
490 512 1
490 921 1
491 535 1
491 580 1
491 670 1
491 699 1
491 1041 1
491 1335 1
492 565 1
492 586 1
492 625 1
492 1226 1
494 566 1
494 682 1
494 755 1
494 938 1
494 1143 1
494 1144 1
494 1146 1
494 1320 1
495 540 1
495 722 1
496 613 1
497 560 1
497 739 1
497 858 1
497 924 1
497 1025 1
498 1040 1
499 506 1
499 1115 1
499 1225 1
499 1299 1
500 1044 1
501 523 1
501 787 1
501 1039 1
501 1118 1
502 793 1
502 1184 1
503 1373 1
505 515 1
505 1163 1
506 646 1
506 980 1
506 1323 1
507 631 1
507 999 1
507 1117 1
508 605 1
508 910 1
509 833 1
509 1035 1
509 1073 1
511 1218 1
512 1048 1
513 663 1
513 888 1
513 1218 1
514 569 1
514 741 1
514 764 1
514 1051 1
514 1073 1
514 1162 1
514 1212 1
514 1380 1
515 540 1
515 604 1
515 798 1
515 1349 1
516 531 1
516 753 1
517 987 1
518 625 1
518 628 1
518 752 1
518 881 1
518 1365 1
519 1129 1
520 711 1
520 821 1
520 1108 1
521 575 1
521 1232 1
522 589 1
522 675 1
522 738 1
522 905 1
522 1333 1
523 626 1
523 706 1
523 789 1
524 627 1
524 819 1
525 726 1
525 1313 1
526 763 1
526 887 1
526 1353 1
528 686 1
528 691 1
528 1247 1
529 1068 1
531 701 1
531 736 1
531 865 1
532 702 1
532 1077 1
532 1142 1
532 1171 1
532 1358 1
533 724 1
533 914 1
534 587 1
534 1115 1
536 590 1
536 1205 1
536 1258 1
538 671 1
538 719 1
538 826 1
538 1152 1
539 576 1
539 657 1
539 889 1
539 1145 1
540 692 1
540 816 1
540 895 1
540 1140 1
541 639 1
542 731 1
542 1353 1
542 1388 1
543 1171 1
544 650 1
544 837 1
544 887 1
545 1202 1
546 1029 1
546 1150 1
546 1241 1
546 1364 1
547 573 1
547 649 1
548 684 1
548 735 1
548 893 1
548 1263 1
548 1362 1
549 790 1
549 820 1
549 1398 1
550 577 1
550 730 1
550 1306 1
551 565 1
551 593 1
551 1235 1
551 1291 1
552 630 1
553 559 1
553 650 1
553 918 1
554 1234 1
556 1037 1
557 1114 1
557 1283 1
558 1196 1
559 799 1
559 918 1
559 1297 1
560 685 1
560 713 1
560 745 1
560 815 1
560 822 1
560 937 1
560 953 1
560 1359 1
560 1384 1
560 1385 1
562 764 1
562 1010 1
562 1025 1
562 1029 1
563 1314 1
564 1282 1
565 622 1
565 695 1
566 977 1
566 1098 1
566 1337 1
567 608 1
567 621 1
567 638 1
567 850 1
567 1038 1
567 1197 1
568 636 1
568 651 1
568 1391 1
570 1007 1
570 1280 1
571 697 1
571 1386 1
572 952 1
573 1099 1
574 582 1
574 1241 1
575 592 1
575 870 1
577 1365 1
578 591 1
579 1301 1
579 1357 1
580 699 1
581 725 1
581 1125 1
581 1375 1
582 932 1
582 1195 1
582 1303 1
582 1377 1
583 1312 1
584 1004 1
585 991 1
585 1289 1
586 594 1
586 822 1
586 964 1
587 1085 1
588 693 1
588 858 1
588 928 1
588 1253 1
589 1009 1
590 636 1
590 704 1
590 905 1
590 1154 1
590 1378 1
592 1323 1
593 620 1
593 1040 1
593 1147 1
593 1167 1
594 636 1
595 1187 1
596 1219 1
597 1059 1
598 601 1
598 728 1
598 1088 1
598 1273 1
598 1304 1
600 657 1
600 995 1
600 1305 1
601 981 1
601 1044 1
602 830 1
602 1101 1
604 625 1
604 1340 1
604 1347 1
605 1004 1
605 1377 1
606 885 1
606 940 1
606 989 1
606 1057 1
607 645 1
607 1179 1
610 810 1
610 906 1
611 704 1
611 862 1
611 1137 1
612 857 1
612 1110 1
613 675 1
613 791 1
613 898 1
613 1094 1
614 682 1
614 693 1
614 716 1
614 750 1
614 772 1
614 1159 1
614 1201 1
614 1379 1
615 850 1
615 1218 1
616 864 1
616 991 1
616 1031 1
616 1339 1
617 640 1
620 710 1
621 1127 1
622 699 1
622 780 1
622 820 1
622 923 1
622 1007 1
623 778 1
624 1037 1
624 1111 1
625 1346 1
627 785 1
630 910 1
630 1129 1
630 1360 1
633 861 1
633 866 1
633 881 1
633 900 1
634 877 1
635 658 1
636 637 1
637 647 1
637 656 1
637 1056 1
637 1173 1
638 742 1
639 970 1
639 1326 1
640 968 1
640 1063 1
641 1045 1
645 1079 1
645 1102 1
647 807 1
647 869 1
647 1228 1
649 1185 1
650 676 1
650 969 1
650 1049 1
652 982 1
652 1161 1
653 726 1
653 1049 1
653 1060 1
653 1337 1
653 1340 1
654 1038 1
654 1346 1
655 1192 1
658 736 1
658 1169 1
658 1229 1
661 835 1
663 717 1
663 914 1
664 935 1
664 1081 1
665 745 1
665 972 1
665 1294 1
665 1318 1
666 1400 1
667 715 1
667 1048 1
668 791 1
668 816 1
668 823 1
669 740 1
669 871 1
669 996 1
670 916 1
670 1046 1
671 682 1
671 812 1
673 801 1
673 908 1
673 1087 1
674 801 1
677 1036 1
677 1369 1
678 795 1
679 978 1
679 1223 1
679 1388 1
680 979 1
681 814 1
681 896 1
681 1282 1
682 1188 1
684 849 1
684 934 1
684 1297 1
685 1004 1
685 1276 1
686 919 1
686 1057 1
687 760 1
690 939 1
691 1092 1
692 698 1
692 709 1
692 769 1
695 843 1
696 782 1
696 1201 1
697 936 1
699 812 1
700 835 1
700 1123 1
700 1363 1
702 755 1
702 1280 1
704 1335 1
705 730 1
705 903 1
705 1122 1
706 985 1
706 1175 1
707 1008 1
709 945 1
709 1217 1
711 1397 1
713 818 1
713 1229 1
715 1363 1
717 1266 1
717 1384 1
718 872 1
719 796 1
719 820 1
719 1160 1
719 1161 1
720 1122 1
721 1183 1
723 735 1
723 1372 1
723 1395 1
726 972 1
726 995 1
726 1342 1
727 975 1
728 974 1
728 1279 1
728 1394 1
729 1017 1
729 1034 1
729 1207 1
729 1292 1
729 1343 1
730 1105 1
730 1269 1
730 1334 1
731 843 1
731 1002 1
731 1300 1
732 1062 1
733 734 1
733 1071 1
733 1215 1
733 1219 1
733 1389 1
734 964 1
734 1259 1
736 1206 1
739 1096 1
741 1020 1
743 1133 1
743 1221 1
744 807 1
744 1156 1
744 1263 1
745 797 1
746 909 1
747 815 1
747 1047 1
747 1161 1
747 1189 1
747 1200 1
748 906 1
749 1153 1
750 1084 1
751 1033 1
751 1400 1
752 1188 1
753 795 1
754 795 1
754 883 1
754 1003 1
755 1085 1
758 825 1
758 1352 1
759 1001 1
759 1139 1
759 1366 1
760 1020 1
762 833 1
762 934 1
762 1018 1
763 1035 1
765 818 1
765 840 1
765 1170 1
765 1174 1
766 1133 1
767 804 1
767 1273 1
768 806 1
768 1198 1
769 904 1
770 801 1
770 1128 1
770 1185 1
771 1391 1
774 1149 1
774 1240 1
775 1019 1
775 1070 1
775 1320 1
776 838 1
776 848 1
777 794 1
777 907 1
778 1066 1
778 1135 1
778 1278 1
779 1209 1
781 832 1
781 853 1
782 1348 1
784 1118 1
785 1217 1
786 848 1
786 1189 1
788 1293 1
789 1269 1
791 838 1
791 1251 1
791 1257 1
791 1258 1
792 808 1
792 1022 1
792 1052 1
792 1257 1
793 984 1
793 1128 1
793 1186 1
795 1003 1
795 1323 1
797 909 1
797 994 1
798 817 1
799 860 1
799 938 1
799 1008 1
800 1092 1
800 1102 1
800 1113 1
800 1392 1
800 1399 1
801 1021 1
801 1076 1
801 1094 1
802 1369 1
803 1232 1
804 1032 1
804 1234 1
806 1369 1
808 949 1
808 1149 1
809 1262 1
810 912 1
810 932 1
810 1037 1
811 830 1
811 1138 1
811 1180 1
813 1288 1
814 1064 1
815 863 1
816 837 1
819 863 1
819 1210 1
820 1027 1
821 1256 1
822 863 1
822 1143 1
822 1237 1
823 864 1
823 1000 1
823 1054 1
823 1106 1
823 1219 1
824 1101 1
824 1224 1
824 1286 1
825 831 1
825 1091 1
826 923 1
826 1352 1
827 1117 1
828 983 1
832 1382 1
833 860 1
833 955 1
833 1075 1
833 1216 1
834 1214 1
834 1323 1
835 1364 1
837 1338 1
838 844 1
838 848 1
839 1135 1
840 1076 1
841 888 1
841 921 1
841 1230 1
841 1318 1
842 928 1
845 1311 1
845 1342 1
846 1214 1
848 1148 1
848 1205 1
848 1258 1
848 1269 1
849 1012 1
850 903 1
850 1142 1
851 1043 1
851 1050 1
851 1231 1
851 1300 1
852 945 1
852 1174 1
852 1196 1
852 1290 1
854 1048 1
855 1231 1
855 1338 1
856 869 1
857 1079 1
859 943 1
861 866 1
861 936 1
861 1136 1
861 1386 1
864 884 1
865 1024 1
865 1124 1
865 1141 1
865 1208 1
866 1121 1
871 891 1
871 935 1
871 1212 1
871 1354 1
871 1357 1
874 1309 1
874 1382 1
874 1390 1
875 1168 1
878 1144 1
879 1267 1
881 920 1
881 947 1
881 1013 1
885 922 1
885 989 1
885 1216 1
886 1229 1
888 1285 1
890 957 1
892 970 1
893 951 1
898 990 1
898 1036 1
899 1334 1
900 1073 1
902 1338 1
906 992 1
906 1215 1
907 1178 1
909 1319 1
911 1054 1
912 969 1
913 1198 1
918 1116 1
922 1078 1
922 1226 1
922 1311 1
923 944 1
923 1123 1
923 1392 1
925 1035 1
927 1374 1
929 1247 1
930 1031 1
930 1114 1
932 1392 1
933 1368 1
933 1373 1
934 965 1
934 992 1
934 1042 1
934 1107 1
936 1364 1
937 1155 1
938 1041 1
938 1307 1
939 1072 1
939 1203 1
941 1264 1
941 1341 1
941 1398 1
945 1085 1
945 1235 1
946 1084 1
947 1013 1
949 987 1
953 969 1
954 1186 1
954 1288 1
957 1275 1
958 1347 1
961 1355 1
962 1024 1
962 1213 1
967 1072 1
969 1191 1
972 1148 1
973 1395 1
974 1277 1
975 1210 1
976 1259 1
977 984 1
984 1046 1
989 1025 1
989 1267 1
991 1329 1
992 1180 1
992 1221 1
993 1350 1
994 1141 1
995 1313 1
998 1012 1
998 1045 1
998 1265 1
1002 1147 1
1005 1046 1
1012 1118 1
1013 1154 1
1014 1028 1
1014 1282 1
1017 1073 1
1018 1103 1
1021 1225 1
1024 1048 1
1025 1329 1
1027 1041 1
1027 1072 1
1027 1330 1
1028 1105 1
1028 1302 1
1029 1075 1
1030 1141 1
1030 1292 1
1032 1094 1
1033 1041 1
1033 1359 1
1038 1257 1
1038 1279 1
1041 1121 1
1041 1330 1
1048 1120 1
1048 1184 1
1049 1235 1
1050 1227 1
1050 1279 1
1053 1354 1
1055 1124 1
1055 1313 1
1057 1058 1
1059 1281 1
1061 1381 1
1063 1272 1
1064 1230 1
1064 1264 1
1065 1107 1
1065 1343 1
1067 1327 1
1068 1157 1
1070 1125 1
1070 1255 1
1076 1110 1
1077 1186 1
1077 1310 1
1078 1302 1
1079 1278 1
1080 1180 1
1080 1213 1
1080 1367 1
1080 1383 1
1081 1088 1
1081 1361 1
1086 1181 1
1087 1250 1
1090 1294 1
1091 1217 1
1091 1318 1
1094 1220 1
1096 1129 1
1097 1387 1
1098 1311 1
1099 1268 1
1100 1102 1
1103 1247 1
1104 1182 1
1104 1192 1
1104 1205 1
1105 1315 1
1106 1281 1
1110 1242 1
1111 1123 1
1112 1191 1
1114 1204 1
1114 1396 1
1115 1226 1
1121 1251 1
1121 1284 1
1121 1296 1
1124 1335 1
1125 1186 1
1126 1138 1
1128 1287 1
1130 1254 1
1131 1254 1
1132 1240 1
1132 1367 1
1133 1316 1
1135 1220 1
1137 1378 1
1140 1271 1
1141 1372 1
1146 1290 1
1149 1150 1
1152 1260 1
1153 1314 1
1154 1242 1
1157 1316 1
1159 1355 1
1162 1231 1
1169 1332 1
1170 1225 1
1170 1362 1
1177 1306 1
1177 1397 1
1180 1181 1
1190 1382 1
1191 1263 1
1194 1203 1
1195 1256 1
1196 1277 1
1196 1344 1
1199 1218 1
1203 1227 1
1203 1283 1
1206 1220 1
1206 1324 1
1206 1381 1
1211 1245 1
1213 1388 1
1214 1317 1
1215 1237 1
1224 1321 1
1225 1241 1
1225 1391 1
1239 1284 1
1239 1392 1
1244 1366 1
1246 1260 1
1265 1398 1
1268 1351 1
1279 1393 1
1289 1355 1
1296 1349 1
1312 1358 1
1313 1358 1
1324 1346 1
1326 1386 1
1331 1351 1
1340 1367 1
