1800 7184 
1 5 1
1 6 1
1 13 1
1 14 1
1 28 1
1 49 1
1 52 1
1 59 1
1 68 1
1 72 1
1 84 1
1 88 1
1 110 1
1 126 1
1 140 1
1 172 1
1 178 1
1 186 1
1 214 1
1 249 1
1 310 1
1 318 1
1 354 1
1 488 1
1 566 1
1 577 1
1 578 1
1 580 1
1 596 1
1 654 1
1 714 1
1 719 1
1 742 1
1 817 1
1 849 1
1 876 1
1 948 1
1 964 1
1 1108 1
1 1256 1
1 1265 1
1 1300 1
1 1356 1
1 1415 1
1 1436 1
1 1488 1
1 1642 1
1 1698 1
1 1703 1
1 1762 1
1 1798 1
2 5 1
2 6 1
2 7 1
2 8 1
2 9 1
2 11 1
2 12 1
2 13 1
2 16 1
2 18 1
2 19 1
2 20 1
2 22 1
2 25 1
2 27 1
2 33 1
2 37 1
2 39 1
2 41 1
2 43 1
2 45 1
2 54 1
2 57 1
2 61 1
2 63 1
2 64 1
2 69 1
2 73 1
2 82 1
2 83 1
2 99 1
2 105 1
2 110 1
2 113 1
2 122 1
2 123 1
2 139 1
2 140 1
2 154 1
2 155 1
2 156 1
2 157 1
2 161 1
2 169 1
2 172 1
2 205 1
2 207 1
2 211 1
2 213 1
2 243 1
2 246 1
2 265 1
2 266 1
2 275 1
2 284 1
2 289 1
2 301 1
2 305 1
2 316 1
2 331 1
2 333 1
2 334 1
2 342 1
2 344 1
2 345 1
2 347 1
2 363 1
2 369 1
2 371 1
2 372 1
2 375 1
2 377 1
2 378 1
2 380 1
2 381 1
2 393 1
2 399 1
2 409 1
2 428 1
2 434 1
2 457 1
2 460 1
2 480 1
2 489 1
2 500 1
2 504 1
2 505 1
2 515 1
2 516 1
2 517 1
2 524 1
2 539 1
2 553 1
2 573 1
2 587 1
2 593 1
2 598 1
2 605 1
2 615 1
2 625 1
2 628 1
2 639 1
2 642 1
2 646 1
2 661 1
2 668 1
2 673 1
2 682 1
2 722 1
2 743 1
2 748 1
2 754 1
2 755 1
2 760 1
2 770 1
2 794 1
2 801 1
2 809 1
2 810 1
2 829 1
2 877 1
2 914 1
2 917 1
2 924 1
2 929 1
2 961 1
2 973 1
2 980 1
2 987 1
2 1018 1
2 1021 1
2 1027 1
2 1036 1
2 1050 1
2 1070 1
2 1082 1
2 1099 1
2 1102 1
2 1110 1
2 1115 1
2 1141 1
2 1149 1
2 1162 1
2 1181 1
2 1192 1
2 1216 1
2 1226 1
2 1237 1
2 1242 1
2 1261 1
2 1297 1
2 1348 1
2 1362 1
2 1368 1
2 1402 1
2 1407 1
2 1444 1
2 1492 1
2 1508 1
2 1513 1
2 1514 1
2 1522 1
2 1528 1
2 1530 1
2 1627 1
2 1652 1
2 1664 1
2 1720 1
2 1729 1
2 1754 1
2 1765 1
3 5 1
3 8 1
3 9 1
3 10 1
3 13 1
3 14 1
3 15 1
3 16 1
3 17 1
3 18 1
3 20 1
3 22 1
3 23 1
3 32 1
3 34 1
3 35 1
3 36 1
3 37 1
3 38 1
3 40 1
3 46 1
3 47 1
3 50 1
3 52 1
3 54 1
3 57 1
3 58 1
3 63 1
3 65 1
3 66 1
3 67 1
3 70 1
3 81 1
3 82 1
3 86 1
3 88 1
3 93 1
3 102 1
3 104 1
3 109 1
3 111 1
3 114 1
3 121 1
3 130 1
3 142 1
3 145 1
3 154 1
3 161 1
3 163 1
3 165 1
3 166 1
3 168 1
3 175 1
3 185 1
3 187 1
3 191 1
3 195 1
3 208 1
3 219 1
3 223 1
3 242 1
3 257 1
3 259 1
3 267 1
3 274 1
3 289 1
3 297 1
3 310 1
3 311 1
3 331 1
3 336 1
3 355 1
3 362 1
3 367 1
3 371 1
3 393 1
3 398 1
3 403 1
3 417 1
3 426 1
3 430 1
3 431 1
3 434 1
3 442 1
3 458 1
3 476 1
3 479 1
3 486 1
3 490 1
3 491 1
3 495 1
3 522 1
3 583 1
3 596 1
3 641 1
3 650 1
3 660 1
3 672 1
3 712 1
3 740 1
3 761 1
3 764 1
3 772 1
3 783 1
3 802 1
3 849 1
3 854 1
3 896 1
3 908 1
3 910 1
3 912 1
3 919 1
3 931 1
3 950 1
3 984 1
3 989 1
3 994 1
3 1013 1
3 1022 1
3 1023 1
3 1027 1
3 1035 1
3 1055 1
3 1077 1
3 1101 1
3 1173 1
3 1196 1
3 1202 1
3 1220 1
3 1239 1
3 1251 1
3 1273 1
3 1288 1
3 1308 1
3 1331 1
3 1334 1
3 1338 1
3 1343 1
3 1352 1
3 1353 1
3 1357 1
3 1374 1
3 1459 1
3 1514 1
3 1515 1
3 1520 1
3 1527 1
3 1584 1
3 1606 1
3 1624 1
3 1631 1
3 1701 1
3 1709 1
3 1791 1
3 1797 1
4 5 1
4 6 1
4 7 1
4 8 1
4 10 1
4 11 1
4 14 1
4 17 1
4 20 1
4 21 1
4 23 1
4 25 1
4 26 1
4 30 1
4 32 1
4 39 1
4 47 1
4 48 1
4 57 1
4 58 1
4 64 1
4 67 1
4 69 1
4 103 1
4 106 1
4 116 1
4 123 1
4 132 1
4 148 1
4 164 1
4 166 1
4 176 1
4 193 1
4 269 1
4 270 1
4 272 1
4 287 1
4 317 1
4 399 1
4 405 1
4 425 1
4 432 1
4 464 1
4 469 1
4 492 1
4 519 1
4 544 1
4 558 1
4 572 1
4 587 1
4 599 1
4 616 1
4 620 1
4 623 1
4 633 1
4 681 1
4 736 1
4 743 1
4 745 1
4 780 1
4 803 1
4 808 1
4 814 1
4 820 1
4 831 1
4 866 1
4 897 1
4 903 1
4 995 1
4 1008 1
4 1009 1
4 1050 1
4 1059 1
4 1067 1
4 1074 1
4 1120 1
4 1149 1
4 1248 1
4 1348 1
4 1361 1
4 1396 1
4 1429 1
4 1445 1
4 1550 1
4 1595 1
4 1667 1
4 1706 1
4 1735 1
4 1792 1
5 6 1
5 7 1
5 8 1
5 12 1
5 16 1
5 20 1
5 26 1
5 30 1
5 34 1
5 42 1
5 44 1
5 46 1
5 49 1
5 50 1
5 53 1
5 59 1
5 60 1
5 71 1
5 74 1
5 75 1
5 79 1
5 82 1
5 84 1
5 85 1
5 91 1
5 94 1
5 96 1
5 98 1
5 102 1
5 108 1
5 110 1
5 115 1
5 121 1
5 134 1
5 143 1
5 147 1
5 150 1
5 199 1
5 203 1
5 205 1
5 226 1
5 241 1
5 246 1
5 273 1
5 284 1
5 291 1
5 293 1
5 295 1
5 306 1
5 325 1
5 348 1
5 431 1
5 441 1
5 454 1
5 459 1
5 461 1
5 470 1
5 503 1
5 532 1
5 552 1
5 555 1
5 557 1
5 558 1
5 592 1
5 610 1
5 623 1
5 635 1
5 677 1
5 692 1
5 704 1
5 749 1
5 756 1
5 759 1
5 775 1
5 788 1
5 806 1
5 880 1
5 884 1
5 1015 1
5 1091 1
5 1128 1
5 1178 1
5 1193 1
5 1214 1
5 1339 1
5 1355 1
5 1380 1
5 1402 1
5 1440 1
5 1577 1
5 1654 1
5 1662 1
5 1722 1
5 1744 1
5 1766 1
6 7 1
6 9 1
6 11 1
6 12 1
6 16 1
6 24 1
6 28 1
6 39 1
6 44 1
6 56 1
6 61 1
6 90 1
6 94 1
6 112 1
6 117 1
6 122 1
6 142 1
6 148 1
6 150 1
6 179 1
6 190 1
6 192 1
6 216 1
6 219 1
6 232 1
6 258 1
6 263 1
6 302 1
6 317 1
6 322 1
6 358 1
6 375 1
6 377 1
6 387 1
6 391 1
6 400 1
6 411 1
6 416 1
6 485 1
6 560 1
6 577 1
6 622 1
6 632 1
6 678 1
6 679 1
6 711 1
6 764 1
6 808 1
6 850 1
6 881 1
6 1024 1
6 1159 1
6 1198 1
6 1211 1
6 1273 1
6 1292 1
6 1294 1
6 1355 1
6 1370 1
6 1393 1
6 1481 1
6 1557 1
6 1566 1
6 1605 1
6 1630 1
6 1723 1
7 10 1
7 14 1
7 27 1
7 36 1
7 40 1
7 42 1
7 59 1
7 73 1
7 78 1
7 196 1
7 200 1
7 221 1
7 291 1
7 380 1
7 455 1
7 473 1
7 497 1
7 513 1
7 534 1
7 554 1
7 570 1
7 602 1
7 766 1
7 801 1
7 921 1
7 976 1
7 1054 1
7 1067 1
7 1265 1
7 1326 1
7 1454 1
7 1472 1
7 1621 1
7 1682 1
7 1769 1
8 9 1
8 10 1
8 12 1
8 13 1
8 15 1
8 17 1
8 21 1
8 23 1
8 26 1
8 32 1
8 54 1
8 76 1
8 97 1
8 101 1
8 117 1
8 158 1
8 170 1
8 183 1
8 214 1
8 231 1
8 235 1
8 253 1
8 260 1
8 273 1
8 299 1
8 325 1
8 341 1
8 356 1
8 381 1
8 385 1
8 415 1
8 472 1
8 477 1
8 499 1
8 509 1
8 539 1
8 547 1
8 592 1
8 600 1
8 633 1
8 703 1
8 713 1
8 740 1
8 770 1
8 828 1
8 832 1
8 852 1
8 873 1
8 916 1
8 1028 1
8 1038 1
8 1203 1
8 1205 1
8 1241 1
8 1256 1
8 1285 1
8 1391 1
8 1439 1
8 1462 1
8 1524 1
8 1553 1
8 1578 1
8 1672 1
8 1679 1
8 1693 1
8 1738 1
8 1747 1
8 1797 1
9 24 1
9 28 1
9 29 1
9 62 1
9 89 1
9 95 1
9 124 1
9 134 1
9 136 1
9 141 1
9 145 1
9 179 1
9 196 1
9 254 1
9 278 1
9 287 1
9 288 1
9 297 1
9 299 1
9 302 1
9 309 1
9 313 1
9 319 1
9 339 1
9 369 1
9 410 1
9 415 1
9 423 1
9 453 1
9 502 1
9 584 1
9 619 1
9 662 1
9 744 1
9 816 1
9 852 1
9 946 1
9 964 1
9 967 1
9 989 1
9 1027 1
9 1037 1
9 1068 1
9 1152 1
9 1214 1
9 1298 1
9 1363 1
9 1446 1
9 1493 1
9 1529 1
9 1735 1
9 1745 1
10 11 1
10 17 1
10 19 1
10 21 1
10 22 1
10 29 1
10 31 1
10 33 1
10 35 1
10 36 1
10 37 1
10 47 1
10 49 1
10 50 1
10 51 1
10 55 1
10 60 1
10 71 1
10 72 1
10 73 1
10 74 1
10 81 1
10 89 1
10 97 1
10 119 1
10 133 1
10 134 1
10 154 1
10 173 1
10 176 1
10 183 1
10 184 1
10 189 1
10 190 1
10 195 1
10 209 1
10 218 1
10 228 1
10 250 1
10 324 1
10 338 1
10 361 1
10 395 1
10 446 1
10 447 1
10 468 1
10 476 1
10 530 1
10 533 1
10 567 1
10 595 1
10 626 1
10 647 1
10 703 1
10 814 1
10 879 1
10 885 1
10 942 1
10 972 1
10 976 1
10 1068 1
10 1147 1
10 1258 1
10 1269 1
10 1287 1
10 1290 1
10 1309 1
10 1354 1
10 1405 1
10 1533 1
10 1662 1
10 1688 1
10 1691 1
10 1767 1
11 27 1
11 35 1
11 41 1
11 43 1
11 47 1
11 75 1
11 79 1
11 83 1
11 92 1
11 103 1
11 109 1
11 156 1
11 204 1
11 237 1
11 292 1
11 326 1
11 353 1
11 394 1
11 398 1
11 521 1
11 522 1
11 524 1
11 604 1
11 698 1
11 723 1
11 755 1
11 923 1
11 1046 1
11 1049 1
11 1067 1
11 1073 1
11 1109 1
11 1164 1
11 1251 1
11 1341 1
11 1343 1
11 1365 1
11 1501 1
11 1511 1
11 1644 1
11 1684 1
12 15 1
12 19 1
12 26 1
12 32 1
12 53 1
12 55 1
12 58 1
12 63 1
12 68 1
12 77 1
12 90 1
12 96 1
12 112 1
12 129 1
12 135 1
12 138 1
12 187 1
12 189 1
12 200 1
12 224 1
12 226 1
12 237 1
12 342 1
12 350 1
12 366 1
12 384 1
12 442 1
12 453 1
12 523 1
12 535 1
12 584 1
12 628 1
12 648 1
12 685 1
12 691 1
12 711 1
12 712 1
12 778 1
12 861 1
12 864 1
12 887 1
12 904 1
12 909 1
12 1032 1
12 1055 1
12 1072 1
12 1083 1
12 1106 1
12 1138 1
12 1149 1
12 1171 1
12 1204 1
12 1342 1
12 1401 1
12 1441 1
12 1448 1
12 1471 1
12 1478 1
12 1480 1
12 1516 1
12 1541 1
12 1550 1
12 1569 1
12 1644 1
12 1709 1
12 1713 1
12 1776 1
12 1787 1
13 28 1
13 31 1
13 41 1
13 52 1
13 91 1
13 100 1
13 132 1
13 179 1
13 208 1
13 248 1
13 319 1
13 370 1
13 403 1
13 597 1
13 637 1
13 656 1
13 687 1
13 1167 1
13 1260 1
13 1479 1
13 1551 1
13 1641 1
14 15 1
14 18 1
14 33 1
14 34 1
14 35 1
14 50 1
14 89 1
14 92 1
14 108 1
14 112 1
14 119 1
14 127 1
14 131 1
14 132 1
14 133 1
14 153 1
14 159 1
14 198 1
14 199 1
14 202 1
14 207 1
14 210 1
14 225 1
14 234 1
14 236 1
14 245 1
14 259 1
14 265 1
14 291 1
14 323 1
14 355 1
14 379 1
14 438 1
14 450 1
14 477 1
14 486 1
14 502 1
14 631 1
14 675 1
14 676 1
14 753 1
14 757 1
14 761 1
14 769 1
14 790 1
14 826 1
14 859 1
14 878 1
14 890 1
14 915 1
14 1034 1
14 1041 1
14 1077 1
14 1105 1
14 1134 1
14 1151 1
14 1219 1
14 1254 1
14 1310 1
14 1337 1
14 1393 1
14 1422 1
14 1460 1
14 1519 1
14 1658 1
14 1678 1
15 18 1
15 19 1
15 38 1
15 125 1
15 133 1
15 175 1
15 205 1
15 238 1
15 302 1
15 303 1
15 322 1
15 337 1
15 365 1
15 374 1
15 379 1
15 382 1
15 400 1
15 463 1
15 481 1
15 590 1
15 887 1
15 898 1
15 1004 1
15 1189 1
15 1238 1
15 1241 1
15 1267 1
15 1291 1
15 1317 1
15 1349 1
15 1351 1
15 1529 1
15 1601 1
15 1613 1
16 22 1
16 24 1
16 30 1
16 38 1
16 61 1
16 68 1
16 86 1
16 100 1
16 122 1
16 153 1
16 210 1
16 260 1
16 290 1
16 365 1
16 398 1
16 422 1
16 464 1
16 490 1
16 569 1
16 572 1
16 615 1
16 640 1
16 689 1
16 725 1
16 774 1
16 811 1
16 933 1
16 979 1
16 1009 1
16 1019 1
16 1044 1
16 1053 1
16 1174 1
16 1208 1
16 1215 1
16 1231 1
16 1437 1
16 1471 1
16 1500 1
16 1542 1
16 1800 1
17 24 1
17 49 1
17 73 1
17 102 1
17 108 1
17 111 1
17 140 1
17 141 1
17 197 1
17 222 1
17 245 1
17 323 1
17 371 1
17 397 1
17 413 1
17 583 1
17 660 1
17 689 1
17 721 1
17 735 1
17 750 1
17 784 1
17 798 1
17 825 1
17 836 1
17 861 1
17 918 1
17 942 1
17 953 1
17 1033 1
17 1038 1
17 1047 1
17 1066 1
17 1095 1
17 1124 1
17 1155 1
17 1251 1
17 1252 1
17 1388 1
17 1439 1
17 1522 1
17 1592 1
17 1653 1
17 1655 1
17 1781 1
17 1788 1
17 1793 1
18 23 1
18 43 1
18 51 1
18 70 1
18 154 1
18 167 1
18 181 1
18 190 1
18 280 1
18 288 1
18 349 1
18 366 1
18 444 1
18 449 1
18 487 1
18 508 1
18 545 1
18 602 1
18 726 1
18 919 1
18 969 1
18 1010 1
18 1103 1
18 1116 1
18 1269 1
18 1340 1
18 1365 1
18 1383 1
18 1446 1
18 1504 1
18 1643 1
19 21 1
19 25 1
19 60 1
19 61 1
19 62 1
19 72 1
19 155 1
19 160 1
19 197 1
19 206 1
19 284 1
19 360 1
19 441 1
19 457 1
19 583 1
19 673 1
19 688 1
19 774 1
19 829 1
19 867 1
19 1028 1
19 1401 1
19 1546 1
20 29 1
20 34 1
20 39 1
20 51 1
20 89 1
20 95 1
20 138 1
20 255 1
20 256 1
20 373 1
20 386 1
20 413 1
20 427 1
20 508 1
20 511 1
20 605 1
20 652 1
20 658 1
20 662 1
20 663 1
20 685 1
20 928 1
20 961 1
20 1069 1
20 1138 1
20 1537 1
20 1595 1
20 1604 1
20 1674 1
21 25 1
21 27 1
21 30 1
21 31 1
21 43 1
21 45 1
21 46 1
21 55 1
21 60 1
21 64 1
21 80 1
21 99 1
21 120 1
21 131 1
21 144 1
21 171 1
21 191 1
21 199 1
21 220 1
21 239 1
21 240 1
21 259 1
21 266 1
21 278 1
21 282 1
21 382 1
21 435 1
21 467 1
21 587 1
21 692 1
21 767 1
21 776 1
21 808 1
21 863 1
21 896 1
21 982 1
21 986 1
21 1048 1
21 1266 1
21 1287 1
21 1295 1
21 1489 1
21 1534 1
21 1542 1
21 1575 1
21 1740 1
21 1741 1
21 1787 1
22 40 1
22 51 1
22 92 1
22 105 1
22 136 1
22 151 1
22 165 1
22 185 1
22 208 1
22 232 1
22 239 1
22 247 1
22 271 1
22 295 1
22 381 1
22 420 1
22 440 1
22 475 1
22 539 1
22 541 1
22 582 1
22 660 1
22 709 1
22 729 1
22 754 1
22 773 1
22 779 1
22 798 1
22 879 1
22 905 1
22 1099 1
22 1367 1
22 1449 1
22 1533 1
22 1611 1
22 1615 1
22 1632 1
23 158 1
23 316 1
23 627 1
23 633 1
23 739 1
23 768 1
23 781 1
23 1378 1
23 1425 1
23 1755 1
24 29 1
24 45 1
24 67 1
24 70 1
24 80 1
24 81 1
24 86 1
24 98 1
24 114 1
24 132 1
24 134 1
24 146 1
24 152 1
24 153 1
24 182 1
24 211 1
24 216 1
24 235 1
24 249 1
24 256 1
24 258 1
24 290 1
24 293 1
24 295 1
24 326 1
24 332 1
24 351 1
24 389 1
24 414 1
24 420 1
24 505 1
24 512 1
24 520 1
24 526 1
24 527 1
24 596 1
24 613 1
24 635 1
24 719 1
24 729 1
24 778 1
24 907 1
24 943 1
24 1031 1
24 1075 1
24 1092 1
24 1218 1
24 1354 1
24 1416 1
24 1429 1
24 1445 1
24 1643 1
24 1685 1
25 42 1
25 91 1
25 98 1
25 101 1
25 177 1
25 238 1
25 321 1
25 349 1
25 357 1
25 420 1
25 439 1
25 455 1
25 575 1
25 679 1
25 822 1
25 1288 1
25 1308 1
25 1328 1
25 1623 1
25 1650 1
25 1791 1
26 42 1
26 46 1
26 53 1
26 106 1
26 143 1
26 218 1
26 228 1
26 296 1
26 315 1
26 322 1
26 439 1
26 498 1
26 527 1
26 626 1
26 826 1
26 839 1
26 1026 1
26 1232 1
26 1235 1
26 1244 1
26 1426 1
26 1505 1
26 1615 1
27 48 1
27 75 1
27 77 1
27 82 1
27 102 1
27 113 1
27 157 1
27 171 1
27 260 1
27 286 1
27 316 1
27 363 1
27 385 1
27 414 1
27 416 1
27 423 1
27 454 1
27 479 1
27 500 1
27 511 1
27 548 1
27 551 1
27 566 1
27 575 1
27 726 1
27 767 1
27 772 1
27 824 1
27 835 1
27 848 1
27 860 1
27 960 1
27 1048 1
27 1064 1
27 1084 1
27 1111 1
27 1153 1
27 1198 1
27 1345 1
27 1361 1
27 1395 1
27 1419 1
27 1445 1
27 1458 1
27 1548 1
27 1562 1
27 1632 1
27 1662 1
27 1743 1
27 1758 1
28 38 1
28 87 1
28 104 1
28 155 1
28 163 1
28 254 1
28 305 1
28 317 1
28 399 1
28 405 1
28 448 1
28 450 1
28 452 1
28 453 1
28 500 1
28 532 1
28 644 1
28 684 1
28 689 1
28 958 1
28 1055 1
28 1056 1
28 1144 1
28 1275 1
28 1369 1
28 1463 1
28 1555 1
28 1576 1
28 1606 1
28 1614 1
28 1727 1
29 37 1
29 41 1
29 44 1
29 68 1
29 72 1
29 74 1
29 80 1
29 118 1
29 137 1
29 167 1
29 178 1
29 184 1
29 191 1
29 274 1
29 304 1
29 324 1
29 325 1
29 327 1
29 332 1
29 365 1
29 376 1
29 429 1
29 449 1
29 528 1
29 573 1
29 610 1
29 624 1
29 695 1
29 697 1
29 703 1
29 713 1
29 795 1
29 833 1
29 886 1
29 958 1
29 983 1
29 986 1
29 1002 1
29 1114 1
29 1152 1
29 1188 1
29 1243 1
29 1302 1
29 1394 1
29 1468 1
29 1477 1
29 1532 1
29 1559 1
29 1584 1
29 1612 1
29 1634 1
29 1700 1
29 1726 1
30 31 1
30 88 1
30 101 1
30 103 1
30 107 1
30 118 1
30 219 1
30 243 1
30 694 1
30 823 1
30 824 1
30 1102 1
30 1133 1
30 1184 1
30 1336 1
30 1511 1
30 1689 1
31 33 1
31 36 1
31 45 1
31 48 1
31 56 1
31 84 1
31 100 1
31 107 1
31 116 1
31 135 1
31 328 1
31 387 1
31 396 1
31 428 1
31 482 1
31 506 1
31 536 1
31 553 1
31 609 1
31 623 1
31 659 1
31 680 1
31 824 1
31 865 1
31 999 1
31 1085 1
31 1262 1
31 1270 1
31 1311 1
31 1331 1
31 1525 1
31 1594 1
32 40 1
32 91 1
32 120 1
32 122 1
32 129 1
32 217 1
32 565 1
32 710 1
32 715 1
32 930 1
32 999 1
32 1153 1
32 1206 1
32 1397 1
32 1665 1
32 1685 1
33 320 1
33 915 1
33 1182 1
33 1271 1
33 1589 1
34 48 1
34 56 1
34 66 1
34 78 1
34 137 1
34 138 1
34 149 1
34 174 1
34 269 1
34 443 1
34 446 1
34 457 1
34 474 1
34 503 1
34 912 1
34 948 1
34 989 1
34 1007 1
34 1010 1
34 1126 1
34 1127 1
34 1169 1
34 1183 1
34 1342 1
34 1602 1
35 44 1
35 94 1
35 111 1
35 148 1
35 158 1
35 177 1
35 190 1
35 217 1
35 261 1
35 360 1
35 380 1
35 428 1
35 494 1
35 603 1
35 629 1
35 757 1
35 772 1
35 786 1
35 893 1
35 1042 1
35 1074 1
35 1121 1
35 1156 1
35 1186 1
35 1224 1
35 1260 1
35 1628 1
35 1636 1
36 145 1
36 157 1
36 194 1
36 298 1
36 450 1
36 594 1
36 752 1
36 889 1
36 959 1
36 1001 1
36 1054 1
36 1312 1
36 1468 1
37 159 1
37 194 1
37 251 1
37 409 1
37 585 1
37 641 1
37 702 1
37 1432 1
38 58 1
38 100 1
38 103 1
38 104 1
38 109 1
38 117 1
38 120 1
38 125 1
38 144 1
38 153 1
38 161 1
38 162 1
38 182 1
38 200 1
38 201 1
38 242 1
38 258 1
38 286 1
38 292 1
38 315 1
38 365 1
38 378 1
38 386 1
38 394 1
38 421 1
38 426 1
38 438 1
38 467 1
38 470 1
38 475 1
38 477 1
38 494 1
38 530 1
38 569 1
38 578 1
38 589 1
38 607 1
38 629 1
38 672 1
38 741 1
38 775 1
38 800 1
38 925 1
38 964 1
38 968 1
38 1080 1
38 1108 1
38 1115 1
38 1193 1
38 1244 1
38 1276 1
38 1302 1
38 1330 1
38 1344 1
38 1345 1
38 1359 1
38 1398 1
38 1570 1
38 1583 1
38 1590 1
38 1677 1
38 1719 1
39 62 1
39 76 1
39 115 1
39 152 1
39 203 1
39 204 1
39 212 1
39 214 1
39 227 1
39 250 1
39 251 1
39 314 1
39 327 1
39 388 1
39 404 1
39 418 1
39 452 1
39 677 1
39 705 1
39 749 1
39 763 1
39 781 1
39 799 1
39 824 1
39 917 1
39 965 1
39 1064 1
39 1087 1
39 1104 1
39 1154 1
39 1176 1
39 1358 1
39 1653 1
39 1716 1
39 1783 1
40 66 1
40 79 1
40 131 1
40 144 1
40 151 1
40 188 1
40 201 1
40 347 1
40 402 1
40 424 1
40 631 1
40 670 1
40 752 1
40 805 1
40 1064 1
40 1081 1
40 1082 1
40 1188 1
40 1307 1
40 1344 1
40 1476 1
40 1587 1
41 62 1
41 84 1
41 168 1
41 174 1
41 188 1
41 204 1
41 256 1
41 311 1
41 325 1
41 425 1
41 586 1
41 637 1
41 651 1
41 698 1
41 706 1
41 717 1
41 785 1
41 1037 1
41 1264 1
41 1268 1
41 1349 1
41 1392 1
41 1548 1
42 75 1
42 117 1
42 143 1
42 244 1
42 280 1
42 292 1
42 348 1
42 530 1
42 550 1
42 656 1
42 788 1
42 937 1
42 985 1
42 1029 1
42 1117 1
42 1238 1
42 1293 1
42 1608 1
43 67 1
43 143 1
43 150 1
43 176 1
43 270 1
43 283 1
43 317 1
43 456 1
43 482 1
43 507 1
43 523 1
43 530 1
43 537 1
43 591 1
43 593 1
43 636 1
43 644 1
43 664 1
43 699 1
43 715 1
43 771 1
43 816 1
43 842 1
43 1127 1
43 1221 1
43 1318 1
43 1598 1
43 1673 1
43 1702 1
43 1749 1
44 92 1
44 97 1
44 194 1
44 210 1
44 231 1
44 281 1
44 283 1
44 289 1
44 303 1
44 330 1
44 466 1
44 533 1
44 541 1
44 585 1
44 666 1
44 683 1
44 696 1
44 790 1
44 818 1
44 922 1
44 999 1
44 1109 1
44 1135 1
44 1209 1
44 1272 1
44 1357 1
44 1476 1
44 1678 1
44 1712 1
45 56 1
45 65 1
45 93 1
45 179 1
45 182 1
45 206 1
45 253 1
45 278 1
45 372 1
45 379 1
45 383 1
45 427 1
45 444 1
45 506 1
45 509 1
45 516 1
45 566 1
45 636 1
45 646 1
45 661 1
45 679 1
45 787 1
45 947 1
45 957 1
45 1024 1
45 1495 1
45 1628 1
45 1655 1
45 1711 1
45 1730 1
45 1742 1
46 53 1
46 54 1
46 55 1
46 77 1
46 95 1
46 99 1
46 101 1
46 113 1
46 148 1
46 189 1
46 223 1
46 236 1
46 256 1
46 320 1
46 359 1
46 364 1
46 370 1
46 419 1
46 427 1
46 527 1
46 684 1
46 699 1
46 891 1
46 899 1
46 922 1
46 925 1
46 927 1
46 997 1
46 1028 1
46 1041 1
46 1071 1
46 1100 1
46 1119 1
46 1128 1
46 1225 1
46 1305 1
46 1333 1
47 52 1
47 57 1
47 63 1
47 64 1
47 70 1
47 87 1
47 99 1
47 220 1
47 280 1
47 315 1
47 426 1
47 559 1
47 570 1
47 622 1
47 795 1
47 1233 1
47 1314 1
47 1518 1
47 1778 1
47 1799 1
48 87 1
48 390 1
48 479 1
48 602 1
48 707 1
48 903 1
48 1033 1
48 1076 1
48 1078 1
48 1126 1
48 1160 1
48 1221 1
48 1395 1
48 1582 1
48 1597 1
48 1706 1
49 78 1
49 127 1
49 138 1
49 203 1
49 233 1
49 343 1
49 630 1
49 639 1
49 732 1
49 853 1
49 988 1
49 1017 1
49 1672 1
49 1786 1
50 108 1
50 141 1
50 149 1
50 164 1
50 170 1
50 221 1
50 410 1
50 529 1
50 580 1
50 671 1
50 835 1
50 866 1
50 1270 1
50 1507 1
51 78 1
51 125 1
51 127 1
51 224 1
51 460 1
51 495 1
51 909 1
51 1263 1
51 1538 1
51 1612 1
51 1699 1
52 59 1
52 85 1
52 97 1
52 125 1
52 126 1
52 198 1
52 213 1
52 239 1
52 264 1
52 346 1
52 353 1
52 433 1
52 723 1
52 760 1
52 851 1
52 911 1
52 1009 1
52 1070 1
52 1167 1
52 1401 1
52 1636 1
52 1637 1
52 1669 1
52 1736 1
53 114 1
53 232 1
53 281 1
53 560 1
53 618 1
53 1743 1
53 1794 1
54 142 1
54 149 1
54 272 1
54 356 1
54 458 1
54 510 1
54 610 1
54 621 1
54 638 1
54 841 1
54 926 1
54 954 1
54 956 1
54 960 1
54 1412 1
54 1424 1
54 1634 1
54 1692 1
55 119 1
55 264 1
55 355 1
55 402 1
55 549 1
55 750 1
55 894 1
55 951 1
55 1071 1
55 1093 1
55 1225 1
55 1269 1
55 1276 1
55 1322 1
55 1534 1
55 1567 1
55 1634 1
55 1646 1
56 74 1
56 81 1
56 83 1
56 128 1
56 149 1
56 182 1
56 312 1
56 381 1
56 392 1
56 407 1
56 435 1
56 489 1
56 493 1
56 547 1
56 548 1
56 658 1
56 666 1
56 1019 1
56 1113 1
56 1134 1
56 1156 1
56 1158 1
56 1165 1
56 1214 1
56 1235 1
56 1300 1
56 1443 1
56 1498 1
56 1681 1
56 1695 1
57 116 1
57 215 1
57 221 1
57 237 1
57 417 1
57 460 1
57 606 1
57 813 1
57 888 1
57 982 1
57 1248 1
57 1407 1
57 1492 1
57 1725 1
58 65 1
58 69 1
58 90 1
58 95 1
58 106 1
58 131 1
58 135 1
58 162 1
58 206 1
58 210 1
58 229 1
58 288 1
58 293 1
58 294 1
58 313 1
58 373 1
58 477 1
58 605 1
58 762 1
58 833 1
58 850 1
58 958 1
58 987 1
58 1031 1
58 1051 1
58 1163 1
58 1183 1
58 1246 1
58 1296 1
58 1329 1
58 1388 1
58 1405 1
58 1421 1
58 1451 1
58 1541 1
58 1763 1
59 77 1
59 83 1
59 85 1
59 126 1
59 130 1
59 139 1
59 165 1
59 281 1
59 356 1
59 369 1
59 436 1
59 437 1
59 462 1
59 465 1
59 488 1
59 547 1
59 563 1
59 597 1
59 875 1
59 916 1
59 1050 1
59 1096 1
59 1146 1
59 1187 1
59 1199 1
59 1241 1
59 1259 1
59 1406 1
59 1627 1
60 167 1
60 175 1
60 202 1
60 298 1
60 438 1
60 443 1
60 671 1
60 794 1
60 885 1
60 917 1
60 1139 1
60 1169 1
60 1336 1
60 1350 1
60 1519 1
60 1658 1
60 1775 1
61 136 1
61 185 1
61 198 1
61 259 1
61 268 1
61 372 1
61 382 1
61 520 1
61 612 1
61 630 1
61 708 1
61 751 1
61 786 1
61 839 1
61 847 1
61 942 1
61 1007 1
61 1061 1
61 1069 1
61 1079 1
61 1295 1
61 1324 1
61 1329 1
61 1439 1
61 1518 1
61 1760 1
62 76 1
62 251 1
62 514 1
62 717 1
62 1073 1
62 1078 1
62 1313 1
62 1482 1
63 65 1
63 69 1
63 110 1
63 175 1
63 209 1
63 234 1
63 249 1
63 255 1
63 419 1
63 457 1
63 474 1
63 598 1
63 643 1
63 731 1
63 854 1
63 857 1
63 930 1
63 1049 1
63 1117 1
63 1148 1
63 1376 1
63 1417 1
63 1485 1
63 1727 1
64 152 1
64 801 1
64 825 1
64 1236 1
65 66 1
65 71 1
65 76 1
65 93 1
65 94 1
65 118 1
65 137 1
65 164 1
65 169 1
65 195 1
65 287 1
65 364 1
65 412 1
65 470 1
65 501 1
65 538 1
65 550 1
65 827 1
65 889 1
65 1026 1
65 1203 1
65 1226 1
65 1351 1
65 1376 1
65 1574 1
65 1700 1
66 93 1
66 128 1
66 163 1
66 171 1
66 360 1
66 418 1
66 483 1
66 501 1
66 906 1
66 1133 1
66 1561 1
66 1779 1
67 71 1
67 195 1
67 218 1
67 273 1
67 310 1
67 389 1
67 391 1
67 1096 1
67 1151 1
67 1512 1
67 1593 1
68 80 1
68 147 1
68 227 1
68 323 1
68 543 1
68 588 1
68 1032 1
68 1335 1
68 1478 1
68 1605 1
68 1726 1
69 139 1
69 390 1
69 643 1
69 752 1
69 788 1
69 1086 1
70 86 1
70 96 1
70 107 1
70 111 1
70 114 1
70 123 1
70 129 1
70 139 1
70 156 1
70 244 1
70 248 1
70 350 1
70 355 1
70 369 1
70 371 1
70 496 1
70 559 1
70 582 1
70 645 1
70 711 1
70 734 1
70 837 1
70 864 1
70 894 1
70 974 1
70 1025 1
70 1135 1
70 1159 1
70 1171 1
70 1189 1
70 1261 1
70 1307 1
70 1358 1
70 1362 1
70 1364 1
70 1384 1
70 1402 1
70 1466 1
70 1470 1
70 1567 1
70 1618 1
70 1752 1
70 1757 1
70 1772 1
71 79 1
71 113 1
71 227 1
71 708 1
71 1233 1
71 1312 1
71 1496 1
71 1535 1
72 104 1
72 231 1
72 302 1
72 333 1
72 352 1
72 952 1
72 1609 1
73 583 1
73 1455 1
74 197 1
74 248 1
74 561 1
74 905 1
74 961 1
75 85 1
75 109 1
75 126 1
75 170 1
75 367 1
75 521 1
75 680 1
75 793 1
75 1018 1
75 1070 1
75 1343 1
75 1447 1
76 169 1
76 172 1
76 193 1
76 225 1
76 233 1
76 262 1
76 271 1
76 313 1
76 384 1
76 472 1
76 551 1
76 821 1
76 866 1
76 1156 1
76 1179 1
76 1266 1
76 1290 1
76 1440 1
76 1446 1
76 1758 1
77 209 1
77 213 1
77 268 1
77 423 1
77 491 1
77 591 1
77 856 1
77 858 1
77 1373 1
77 1426 1
77 1554 1
77 1586 1
77 1663 1
78 306 1
78 353 1
78 434 1
78 454 1
78 590 1
78 1750 1
79 90 1
79 166 1
79 172 1
79 173 1
79 318 1
79 354 1
79 396 1
79 436 1
79 551 1
79 577 1
79 613 1
79 694 1
79 729 1
79 892 1
79 952 1
79 1604 1
80 88 1
80 156 1
80 184 1
80 474 1
80 654 1
80 757 1
80 787 1
80 809 1
80 907 1
80 1189 1
80 1237 1
80 1358 1
80 1424 1
80 1704 1
81 124 1
81 163 1
81 321 1
81 422 1
81 424 1
81 756 1
81 836 1
81 959 1
81 963 1
81 995 1
81 1154 1
81 1178 1
81 1198 1
81 1253 1
81 1319 1
81 1487 1
81 1586 1
81 1658 1
81 1762 1
82 106 1
82 112 1
82 124 1
82 160 1
82 173 1
82 180 1
82 181 1
82 222 1
82 252 1
82 275 1
82 340 1
82 344 1
82 414 1
82 444 1
82 448 1
82 473 1
82 504 1
82 598 1
82 780 1
82 800 1
82 879 1
82 1095 1
82 1145 1
82 1315 1
82 1356 1
82 1386 1
82 1483 1
82 1515 1
82 1626 1
82 1686 1
83 145 1
83 245 1
83 262 1
83 335 1
83 420 1
83 1504 1
84 96 1
84 118 1
84 387 1
84 425 1
84 448 1
84 505 1
84 660 1
84 821 1
84 899 1
84 1189 1
84 1400 1
85 107 1
85 277 1
85 497 1
85 521 1
85 603 1
85 627 1
85 652 1
85 722 1
85 803 1
85 1012 1
85 1089 1
85 1235 1
85 1289 1
85 1625 1
86 87 1
86 115 1
86 116 1
86 146 1
86 224 1
86 247 1
86 270 1
86 285 1
86 450 1
86 536 1
86 656 1
86 730 1
86 758 1
86 815 1
86 847 1
86 1059 1
86 1270 1
86 1320 1
86 1390 1
86 1591 1
86 1719 1
86 1739 1
87 536 1
87 576 1
87 764 1
87 791 1
87 1320 1
88 144 1
88 227 1
88 246 1
88 276 1
88 328 1
88 586 1
88 595 1
88 869 1
88 1204 1
88 1427 1
88 1508 1
89 147 1
89 162 1
89 213 1
89 274 1
89 301 1
89 557 1
89 564 1
89 653 1
89 753 1
89 934 1
89 981 1
89 988 1
89 1008 1
89 1216 1
89 1250 1
89 1386 1
89 1414 1
89 1415 1
89 1437 1
89 1680 1
89 1688 1
90 133 1
90 211 1
90 230 1
90 241 1
90 283 1
90 333 1
90 337 1
90 402 1
90 421 1
90 501 1
90 532 1
90 549 1
90 601 1
90 648 1
90 650 1
90 709 1
90 712 1
90 767 1
90 834 1
90 837 1
90 870 1
90 1003 1
90 1100 1
90 1275 1
90 1291 1
90 1324 1
90 1441 1
90 1449 1
90 1608 1
90 1736 1
90 1768 1
91 142 1
91 186 1
91 250 1
91 447 1
91 540 1
91 571 1
91 727 1
91 744 1
91 789 1
91 860 1
91 939 1
91 1146 1
91 1187 1
91 1457 1
91 1767 1
92 147 1
92 177 1
92 180 1
92 222 1
92 494 1
92 690 1
92 1016 1
92 1570 1
93 98 1
93 140 1
93 165 1
93 181 1
93 199 1
93 217 1
93 221 1
93 250 1
93 257 1
93 290 1
93 397 1
93 491 1
93 505 1
93 525 1
93 610 1
93 853 1
93 883 1
93 902 1
93 1018 1
93 1101 1
93 1142 1
93 1262 1
93 1278 1
93 1296 1
93 1360 1
93 1438 1
93 1500 1
93 1503 1
93 1660 1
93 1723 1
94 105 1
94 151 1
94 413 1
94 506 1
94 624 1
94 629 1
94 679 1
94 775 1
94 815 1
94 889 1
94 918 1
94 976 1
94 1305 1
94 1518 1
94 1544 1
94 1617 1
95 130 1
95 178 1
95 293 1
95 444 1
95 451 1
95 659 1
95 833 1
95 1069 1
95 1162 1
95 1383 1
95 1433 1
95 1445 1
95 1462 1
95 1596 1
96 119 1
96 208 1
96 294 1
96 305 1
96 403 1
96 469 1
96 484 1
96 567 1
96 616 1
96 648 1
96 713 1
96 835 1
96 986 1
96 1160 1
96 1535 1
96 1666 1
97 207 1
97 229 1
97 626 1
97 687 1
97 1168 1
98 121 1
98 141 1
98 201 1
98 281 1
98 410 1
98 462 1
98 493 1
98 569 1
98 636 1
98 670 1
98 698 1
98 765 1
98 1018 1
98 1048 1
98 1317 1
98 1562 1
98 1579 1
98 1662 1
98 1750 1
99 105 1
99 137 1
99 168 1
99 192 1
99 225 1
99 336 1
99 359 1
99 406 1
99 466 1
99 622 1
99 700 1
99 704 1
99 716 1
99 894 1
99 922 1
99 1002 1
99 1021 1
99 1125 1
99 1298 1
99 1463 1
99 1523 1
99 1583 1
99 1663 1
99 1733 1
100 155 1
100 441 1
100 599 1
100 715 1
100 940 1
100 1089 1
100 1092 1
100 1396 1
100 1471 1
100 1531 1
100 1542 1
101 135 1
101 275 1
101 346 1
101 468 1
101 536 1
101 936 1
101 1226 1
101 1467 1
101 1511 1
101 1792 1
102 127 1
102 164 1
102 332 1
102 429 1
102 437 1
102 455 1
102 1028 1
102 1071 1
102 1134 1
102 1632 1
102 1645 1
103 263 1
103 522 1
103 962 1
104 128 1
104 680 1
104 886 1
105 121 1
105 129 1
105 308 1
105 874 1
105 1228 1
106 124 1
106 146 1
106 150 1
106 160 1
106 229 1
106 276 1
106 299 1
106 368 1
106 427 1
106 540 1
106 574 1
106 604 1
106 656 1
106 746 1
106 747 1
106 821 1
106 1063 1
106 1125 1
106 1176 1
106 1183 1
106 1232 1
106 1282 1
106 1430 1
107 120 1
107 202 1
107 261 1
107 327 1
107 424 1
107 639 1
107 658 1
107 698 1
107 710 1
107 772 1
107 858 1
107 948 1
107 950 1
107 1104 1
107 1140 1
107 1216 1
107 1257 1
107 1473 1
107 1796 1
108 115 1
108 265 1
108 372 1
108 625 1
108 784 1
108 1000 1
108 1074 1
108 1144 1
108 1180 1
108 1368 1
108 1432 1
108 1477 1
108 1696 1
109 181 1
109 223 1
109 285 1
109 430 1
109 445 1
109 473 1
109 480 1
109 594 1
109 609 1
109 761 1
109 1076 1
109 1273 1
109 1716 1
110 123 1
110 161 1
110 198 1
110 276 1
110 329 1
110 392 1
110 437 1
110 461 1
110 593 1
110 663 1
110 724 1
110 735 1
110 804 1
110 894 1
110 934 1
110 1385 1
110 1489 1
110 1593 1
110 1619 1
110 1635 1
110 1638 1
111 186 1
111 220 1
111 309 1
111 337 1
111 1246 1
111 1363 1
111 1593 1
111 1612 1
111 1629 1
111 1718 1
111 1720 1
112 159 1
112 203 1
112 344 1
112 390 1
112 429 1
112 459 1
112 531 1
112 1219 1
112 1618 1
112 1681 1
113 128 1
113 162 1
113 177 1
113 180 1
113 189 1
113 200 1
113 277 1
113 348 1
113 488 1
113 581 1
113 582 1
113 669 1
113 722 1
113 883 1
113 1157 1
113 1421 1
113 1624 1
113 1630 1
113 1732 1
114 188 1
114 327 1
114 447 1
114 720 1
114 908 1
114 1066 1
114 1275 1
114 1335 1
114 1352 1
114 1501 1
114 1546 1
114 1743 1
115 212 1
115 374 1
115 421 1
115 472 1
115 573 1
115 830 1
115 963 1
115 1145 1
115 1424 1
116 285 1
116 300 1
116 1021 1
116 1299 1
116 1505 1
117 244 1
117 247 1
117 380 1
117 436 1
117 565 1
117 584 1
117 637 1
117 701 1
117 728 1
117 755 1
117 785 1
117 888 1
117 934 1
117 956 1
117 959 1
117 1019 1
117 1136 1
117 1194 1
117 1222 1
117 1240 1
117 1250 1
117 1436 1
117 1467 1
117 1495 1
117 1499 1
118 157 1
118 277 1
118 318 1
118 335 1
118 370 1
118 404 1
118 526 1
118 590 1
118 652 1
118 777 1
118 1238 1
118 1335 1
118 1366 1
118 1425 1
118 1668 1
118 1759 1
119 130 1
119 252 1
119 278 1
119 555 1
119 589 1
119 944 1
120 245 1
120 340 1
120 368 1
120 635 1
120 1473 1
121 160 1
121 244 1
121 1240 1
121 1372 1
122 238 1
122 335 1
122 395 1
122 416 1
122 512 1
122 538 1
122 902 1
122 940 1
122 1094 1
123 289 1
123 771 1
123 827 1
123 862 1
124 315 1
124 351 1
124 1143 1
124 1265 1
124 1543 1
124 1787 1
125 187 1
125 237 1
125 319 1
125 1162 1
125 1246 1
125 1354 1
125 1700 1
126 169 1
126 187 1
126 192 1
126 228 1
126 288 1
126 297 1
126 304 1
126 497 1
126 578 1
126 683 1
126 686 1
126 830 1
126 937 1
126 962 1
126 1040 1
126 1052 1
126 1276 1
126 1323 1
126 1660 1
127 136 1
127 152 1
127 219 1
127 222 1
127 240 1
127 263 1
127 279 1
127 405 1
127 459 1
127 480 1
127 614 1
127 823 1
127 892 1
127 955 1
127 978 1
127 1011 1
127 1088 1
127 1164 1
127 1261 1
127 1378 1
127 1461 1
128 286 1
128 423 1
128 514 1
128 579 1
128 1051 1
128 1689 1
129 217 1
129 339 1
129 442 1
129 502 1
129 513 1
129 515 1
129 806 1
129 1092 1
129 1545 1
130 286 1
130 304 1
130 383 1
130 445 1
130 465 1
130 655 1
130 831 1
130 877 1
130 960 1
130 1158 1
130 1268 1
130 1300 1
130 1314 1
130 1320 1
130 1733 1
130 1786 1
131 168 1
131 283 1
131 296 1
131 404 1
131 406 1
131 521 1
131 568 1
131 663 1
131 692 1
131 811 1
131 915 1
131 1312 1
131 1559 1
132 324 1
132 852 1
132 1172 1
132 1481 1
132 1482 1
132 1702 1
133 580 1
133 621 1
133 863 1
133 929 1
134 241 1
134 412 1
134 493 1
134 520 1
134 813 1
134 868 1
134 1217 1
134 1576 1
134 1578 1
134 1631 1
134 1734 1
134 1737 1
134 1751 1
135 1309 1
135 1723 1
135 1776 1
137 265 1
137 290 1
137 306 1
137 400 1
137 478 1
137 490 1
137 578 1
137 704 1
137 714 1
137 745 1
137 778 1
137 839 1
137 983 1
137 1367 1
137 1380 1
138 239 1
138 269 1
138 279 1
138 352 1
138 361 1
138 408 1
138 443 1
138 486 1
138 570 1
138 608 1
138 620 1
138 664 1
138 717 1
138 1239 1
138 1303 1
138 1362 1
138 1509 1
138 1785 1
139 238 1
139 300 1
139 314 1
139 668 1
139 680 1
139 1428 1
139 1610 1
139 1612 1
139 1761 1
140 146 1
140 158 1
140 166 1
140 225 1
140 287 1
140 341 1
140 344 1
140 389 1
140 395 1
140 402 1
140 451 1
140 531 1
140 546 1
140 588 1
140 625 1
140 794 1
140 939 1
140 1007 1
140 1394 1
140 1695 1
140 1725 1
140 1746 1
141 185 1
141 258 1
141 340 1
141 348 1
141 529 1
141 600 1
141 664 1
141 793 1
141 918 1
141 936 1
141 1263 1
141 1468 1
141 1665 1
142 170 1
142 191 1
142 260 1
142 311 1
142 346 1
142 364 1
142 432 1
142 515 1
142 659 1
142 700 1
142 803 1
142 945 1
142 961 1
142 1166 1
142 1450 1
142 1558 1
142 1654 1
142 1749 1
142 1784 1
143 387 1
143 482 1
143 493 1
143 519 1
143 787 1
143 791 1
143 823 1
143 990 1
143 1144 1
143 1228 1
143 1266 1
143 1338 1
144 192 1
144 193 1
144 205 1
144 233 1
144 322 1
144 389 1
144 702 1
144 748 1
144 984 1
144 1063 1
144 1072 1
144 1530 1
144 1541 1
144 1548 1
145 151 1
145 183 1
145 202 1
145 209 1
145 267 1
145 274 1
145 279 1
145 461 1
145 548 1
145 568 1
145 607 1
145 632 1
145 836 1
145 938 1
145 1035 1
145 1166 1
145 1321 1
145 1347 1
145 1359 1
145 1478 1
145 1552 1
145 1571 1
145 1637 1
145 1675 1
145 1707 1
145 1728 1
146 207 1
146 216 1
146 224 1
146 257 1
146 307 1
146 362 1
146 512 1
146 856 1
147 229 1
147 234 1
147 320 1
147 831 1
147 840 1
148 462 1
148 494 1
148 552 1
148 663 1
148 677 1
148 959 1
148 1003 1
148 1035 1
148 1249 1
148 1344 1
148 1357 1
149 476 1
149 1100 1
149 1521 1
150 373 1
150 409 1
150 550 1
150 592 1
150 844 1
150 892 1
150 895 1
150 1023 1
150 1155 1
150 1218 1
150 1263 1
150 1381 1
151 552 1
151 670 1
151 946 1
151 1420 1
151 1710 1
152 218 1
152 346 1
152 1757 1
153 297 1
153 299 1
153 309 1
153 362 1
153 569 1
153 581 1
153 763 1
153 1097 1
153 1171 1
154 167 1
154 201 1
154 246 1
154 374 1
154 390 1
154 411 1
154 498 1
154 564 1
154 676 1
154 684 1
154 687 1
154 1059 1
154 1170 1
154 1387 1
154 1444 1
154 1502 1
154 1767 1
154 1781 1
155 247 1
155 349 1
155 360 1
155 721 1
155 997 1
155 1571 1
156 159 1
156 173 1
156 216 1
156 301 1
156 361 1
156 554 1
156 564 1
156 573 1
156 609 1
156 855 1
156 926 1
156 1052 1
156 1085 1
156 1087 1
156 1341 1
157 174 1
157 176 1
157 184 1
157 268 1
157 298 1
157 307 1
157 320 1
157 332 1
157 335 1
157 384 1
157 526 1
157 547 1
157 559 1
157 662 1
157 709 1
157 802 1
157 812 1
157 820 1
157 914 1
157 1290 1
157 1312 1
157 1313 1
157 1700 1
157 1780 1
158 197 1
158 326 1
158 378 1
158 469 1
158 868 1
158 1568 1
159 194 1
159 234 1
159 492 1
159 657 1
159 1652 1
159 1764 1
160 338 1
160 991 1
161 196 1
161 254 1
161 295 1
161 456 1
161 483 1
161 561 1
161 605 1
161 612 1
161 702 1
161 741 1
161 816 1
161 1232 1
161 1722 1
162 171 1
162 188 1
162 215 1
162 261 1
162 330 1
162 555 1
162 575 1
162 645 1
162 790 1
162 807 1
162 1013 1
162 1098 1
162 1114 1
162 1183 1
162 1204 1
162 1233 1
162 1292 1
162 1295 1
162 1309 1
162 1409 1
162 1453 1
162 1611 1
162 1796 1
163 407 1
163 812 1
163 1245 1
163 1699 1
164 266 1
164 330 1
164 338 1
164 733 1
164 758 1
164 779 1
164 1327 1
164 1798 1
165 484 1
166 178 1
166 196 1
166 1009 1
166 1169 1
166 1234 1
166 1439 1
166 1604 1
167 174 1
167 186 1
167 231 1
167 600 1
167 697 1
167 734 1
167 1119 1
167 1203 1
167 1328 1
167 1410 1
167 1435 1
167 1487 1
168 193 1
168 211 1
168 358 1
168 368 1
168 428 1
168 634 1
168 723 1
168 795 1
168 1099 1
168 1268 1
168 1282 1
168 1337 1
168 1440 1
168 1470 1
168 1506 1
168 1775 1
169 248 1
169 304 1
169 1780 1
170 215 1
170 253 1
170 829 1
170 1081 1
170 1113 1
170 1217 1
170 1283 1
170 1288 1
170 1558 1
170 1675 1
171 875 1
172 261 1
172 354 1
172 1086 1
173 419 1
173 563 1
173 649 1
173 724 1
173 843 1
173 1409 1
173 1529 1
173 1737 1
173 1759 1
174 230 1
174 341 1
174 611 1
174 674 1
174 785 1
174 1001 1
174 1053 1
174 1095 1
174 1181 1
174 1497 1
175 204 1
175 266 1
175 300 1
175 537 1
175 807 1
175 1496 1
176 183 1
176 394 1
176 398 1
176 474 1
176 496 1
176 874 1
176 888 1
176 938 1
176 1726 1
176 1731 1
177 180 1
177 392 1
177 480 1
177 550 1
177 734 1
177 883 1
177 941 1
177 1357 1
177 1549 1
178 220 1
178 230 1
178 430 1
178 484 1
178 501 1
178 617 1
178 871 1
178 1016 1
178 1249 1
178 1306 1
178 1313 1
178 1347 1
178 1648 1
179 212 1
179 294 1
179 1013 1
179 1120 1
179 1159 1
180 533 1
180 791 1
180 1001 1
180 1116 1
180 1168 1
180 1304 1
180 1776 1
181 223 1
181 339 1
181 359 1
181 397 1
181 881 1
182 306 1
182 370 1
182 412 1
182 516 1
182 545 1
182 579 1
182 674 1
182 743 1
182 757 1
182 798 1
182 831 1
182 1248 1
182 1304 1
182 1617 1
182 1646 1
182 1737 1
183 255 1
183 276 1
183 522 1
183 701 1
183 899 1
183 951 1
183 1059 1
183 1521 1
185 235 1
185 514 1
185 828 1
185 935 1
185 1128 1
185 1334 1
185 1373 1
186 312 1
186 556 1
186 562 1
186 602 1
186 619 1
186 739 1
186 992 1
186 1006 1
186 1011 1
186 1196 1
186 1202 1
187 342 1
187 350 1
187 441 1
187 482 1
187 558 1
187 560 1
187 628 1
187 678 1
187 828 1
187 922 1
187 932 1
187 966 1
187 998 1
187 1112 1
187 1191 1
187 1245 1
187 1286 1
187 1413 1
187 1420 1
187 1546 1
188 249 1
188 329 1
188 549 1
188 751 1
188 819 1
188 823 1
188 880 1
188 947 1
188 1079 1
188 1100 1
188 1132 1
188 1135 1
188 1145 1
188 1661 1
188 1698 1
188 1777 1
189 475 1
189 626 1
189 665 1
189 690 1
189 743 1
189 792 1
189 1284 1
189 1600 1
190 215 1
190 484 1
190 645 1
190 689 1
190 1250 1
190 1541 1
190 1617 1
191 226 1
191 240 1
191 252 1
191 296 1
191 345 1
191 375 1
191 542 1
191 591 1
191 641 1
191 682 1
191 782 1
191 1094 1
191 1174 1
191 1544 1
191 1670 1
192 460 1
192 614 1
192 696 1
192 700 1
192 982 1
192 1031 1
192 1212 1
193 277 1
193 341 1
193 442 1
193 504 1
193 761 1
193 945 1
193 967 1
193 1318 1
193 1474 1
193 1502 1
194 298 1
194 312 1
194 397 1
194 409 1
194 467 1
194 517 1
194 527 1
194 534 1
194 957 1
194 1022 1
194 1671 1
195 252 1
195 310 1
195 435 1
195 572 1
195 601 1
195 631 1
195 845 1
195 953 1
195 1032 1
195 1088 1
195 1125 1
195 1373 1
195 1388 1
195 1408 1
195 1472 1
195 1669 1
196 331 1
196 940 1
196 1230 1
196 1297 1
197 212 1
197 353 1
197 884 1
197 1178 1
197 1231 1
197 1244 1
198 263 1
198 267 1
198 363 1
198 386 1
198 407 1
198 509 1
198 517 1
198 735 1
198 742 1
198 916 1
198 955 1
198 1211 1
198 1227 1
198 1289 1
198 1340 1
198 1350 1
198 1423 1
198 1506 1
198 1516 1
199 661 1
199 796 1
199 1677 1
200 206 1
200 262 1
200 464 1
200 724 1
200 746 1
200 809 1
200 849 1
200 886 1
200 1075 1
200 1185 1
200 1452 1
200 1590 1
200 1632 1
200 1709 1
201 228 1
201 334 1
201 472 1
201 631 1
201 719 1
201 750 1
201 994 1
201 1017 1
201 1500 1
201 1597 1
201 1673 1
201 1684 1
201 1741 1
201 1790 1
202 241 1
202 705 1
202 885 1
203 314 1
203 357 1
203 445 1
203 507 1
203 544 1
203 791 1
203 933 1
203 1031 1
203 1104 1
203 1371 1
203 1560 1
203 1643 1
203 1702 1
204 415 1
204 421 1
204 877 1
204 1051 1
204 1142 1
204 1151 1
204 1262 1
204 1531 1
205 233 1
205 406 1
205 528 1
205 535 1
205 674 1
205 677 1
205 1213 1
205 1317 1
205 1566 1
205 1717 1
206 253 1
206 408 1
206 511 1
206 669 1
206 716 1
206 738 1
206 817 1
206 914 1
206 954 1
206 1074 1
206 1370 1
206 1621 1
206 1775 1
207 499 1
207 632 1
207 649 1
207 867 1
207 941 1
207 1006 1
207 1020 1
207 1080 1
207 1093 1
207 1201 1
207 1452 1
207 1708 1
208 1164 1
208 1242 1
208 1648 1
209 270 1
209 313 1
209 328 1
209 588 1
209 951 1
209 1188 1
209 1305 1
209 1342 1
209 1407 1
209 1464 1
209 1530 1
210 243 1
210 285 1
210 471 1
210 771 1
210 1155 1
210 1211 1
210 1694 1
211 214 1
211 236 1
211 692 1
211 981 1
211 1132 1
211 1143 1
211 1327 1
211 1447 1
211 1706 1
212 272 1
212 403 1
212 430 1
212 581 1
212 585 1
212 717 1
212 726 1
212 884 1
212 913 1
212 1106 1
212 1153 1
212 1218 1
212 1232 1
212 1479 1
212 1728 1
213 318 1
213 525 1
213 1071 1
213 1157 1
213 1366 1
214 268 1
214 367 1
214 400 1
214 483 1
214 774 1
214 1131 1
215 1283 1
215 1588 1
216 312 1
216 568 1
216 571 1
216 1794 1
217 515 1
217 524 1
217 871 1
217 1427 1
217 1496 1
218 548 1
218 618 1
218 1392 1
219 431 1
219 432 1
219 876 1
219 1047 1
219 1506 1
220 230 1
220 308 1
220 331 1
220 343 1
220 415 1
220 508 1
220 919 1
220 1085 1
220 1387 1
221 262 1
221 529 1
221 650 1
221 788 1
221 897 1
221 1456 1
221 1733 1
221 1793 1
222 779 1
222 1395 1
222 1419 1
223 339 1
224 226 1
224 235 1
224 334 1
224 388 1
224 407 1
224 417 1
224 499 1
224 512 1
224 777 1
224 1304 1
224 1325 1
224 1635 1
224 1654 1
225 236 1
225 242 1
225 282 1
225 324 1
225 513 1
225 534 1
225 615 1
225 762 1
225 789 1
225 827 1
225 858 1
225 859 1
225 1107 1
225 1182 1
225 1385 1
225 1622 1
225 1799 1
226 240 1
226 242 1
226 243 1
226 267 1
226 738 1
226 931 1
226 1078 1
227 232 1
227 255 1
227 282 1
227 377 1
227 401 1
227 410 1
227 467 1
227 503 1
227 554 1
227 685 1
227 775 1
227 840 1
227 862 1
227 928 1
227 1176 1
227 1200 1
227 1208 1
227 1279 1
227 1373 1
227 1386 1
227 1406 1
227 1420 1
227 1438 1
227 1448 1
227 1725 1
228 580 1
228 946 1
228 1526 1
229 251 1
229 328 1
229 356 1
229 382 1
229 393 1
229 419 1
229 562 1
229 1507 1
229 1647 1
230 309 1
230 343 1
230 347 1
231 1209 1
232 766 1
232 799 1
232 1200 1
232 1710 1
233 438 1
233 834 1
233 1231 1
234 577 1
235 486 1
235 488 1
235 640 1
235 926 1
235 935 1
235 977 1
235 979 1
235 1136 1
235 1553 1
236 264 1
236 271 1
236 388 1
236 525 1
236 1249 1
237 264 1
237 861 1
237 1250 1
237 1556 1
238 357 1
238 446 1
238 576 1
238 856 1
238 925 1
238 932 1
238 935 1
238 964 1
238 1039 1
238 1081 1
238 1122 1
238 1143 1
238 1187 1
238 1377 1
238 1484 1
238 1691 1
238 1715 1
239 254 1
239 622 1
239 759 1
239 810 1
239 909 1
239 952 1
239 1486 1
239 1622 1
240 294 1
240 351 1
240 443 1
240 452 1
240 691 1
240 767 1
240 978 1
240 1056 1
240 1088 1
240 1620 1
241 323 1
241 756 1
241 1412 1
242 859 1
243 395 1
243 478 1
243 506 1
243 546 1
243 1215 1
243 1236 1
244 282 1
244 537 1
244 707 1
244 796 1
244 974 1
244 1241 1
244 1504 1
245 368 1
245 541 1
245 592 1
245 600 1
245 769 1
245 981 1
245 1223 1
245 1576 1
246 666 1
246 886 1
247 271 1
247 565 1
247 957 1
247 1270 1
247 1418 1
248 340 1
248 658 1
248 1180 1
248 1464 1
249 307 1
249 528 1
249 668 1
249 725 1
249 797 1
249 874 1
249 1030 1
249 1091 1
249 1180 1
249 1455 1
249 1714 1
249 1739 1
250 257 1
250 303 1
250 358 1
250 454 1
251 273 1
251 321 1
251 329 1
251 347 1
251 440 1
251 568 1
251 581 1
251 638 1
251 678 1
251 903 1
251 958 1
251 1162 1
251 1181 1
251 1240 1
251 1345 1
251 1435 1
251 1438 1
251 1721 1
252 284 1
252 385 1
252 391 1
252 561 1
252 720 1
252 729 1
252 751 1
252 798 1
252 800 1
252 804 1
252 1587 1
252 1596 1
252 1616 1
252 1659 1
253 433 1
253 498 1
253 1675 1
254 301 1
254 561 1
254 690 1
254 835 1
254 889 1
254 905 1
254 1316 1
255 363 1
255 458 1
255 546 1
255 553 1
255 618 1
255 728 1
255 929 1
255 1434 1
255 1605 1
255 1742 1
256 329 1
256 394 1
256 556 1
256 796 1
256 811 1
257 269 1
257 468 1
257 518 1
257 1376 1
257 1572 1
258 863 1
258 1151 1
258 1800 1
259 292 1
259 336 1
259 1118 1
259 1584 1
260 311 1
260 314 1
260 354 1
260 375 1
260 686 1
260 1003 1
260 1045 1
260 1166 1
260 1387 1
260 1558 1
260 1649 1
262 606 1
262 635 1
262 1014 1
262 1504 1
262 1588 1
262 1638 1
263 279 1
263 351 1
263 471 1
263 507 1
263 551 1
263 735 1
263 1400 1
264 596 1
264 947 1
264 1093 1
264 1536 1
265 319 1
265 376 1
265 418 1
265 435 1
265 487 1
265 531 1
265 642 1
265 693 1
265 695 1
265 714 1
265 782 1
265 846 1
265 1024 1
265 1178 1
265 1657 1
265 1674 1
266 396 1
266 731 1
266 934 1
266 1425 1
267 308 1
267 463 1
267 516 1
267 625 1
267 973 1
267 985 1
267 1257 1
267 1375 1
268 392 1
268 1790 1
269 416 1
269 417 1
269 429 1
269 613 1
269 714 1
269 838 1
269 1099 1
269 1245 1
269 1539 1
269 1752 1
269 1760 1
270 275 1
270 307 1
270 316 1
270 535 1
270 653 1
271 272 1
271 303 1
271 333 1
271 594 1
271 644 1
271 1196 1
271 1699 1
272 280 1
272 385 1
272 459 1
272 543 1
272 701 1
272 849 1
272 1044 1
272 1225 1
272 1258 1
272 1370 1
272 1770 1
273 406 1
273 452 1
273 582 1
273 707 1
273 764 1
273 865 1
273 1005 1
273 1180 1
273 1188 1
273 1213 1
273 1223 1
273 1324 1
273 1721 1
274 731 1
274 755 1
274 763 1
274 1557 1
275 529 1
275 601 1
275 1094 1
275 1469 1
276 326 1
276 487 1
276 869 1
276 968 1
276 1046 1
276 1124 1
276 1601 1
277 496 1
277 531 1
277 574 1
277 851 1
277 871 1
277 920 1
277 938 1
277 971 1
277 1030 1
278 525 1
278 589 1
278 691 1
278 1252 1
278 1285 1
278 1416 1
278 1424 1
279 361 1
279 475 1
279 1608 1
280 1173 1
280 1639 1
281 291 1
281 300 1
281 305 1
281 618 1
281 620 1
281 756 1
281 789 1
281 862 1
281 1179 1
281 1428 1
281 1664 1
282 336 1
282 413 1
282 739 1
282 827 1
282 878 1
282 987 1
282 1201 1
282 1422 1
282 1465 1
282 1670 1
282 1782 1
283 296 1
283 954 1
283 1196 1
284 485 1
284 1176 1
284 1389 1
284 1616 1
285 563 1
285 1537 1
286 595 1
286 857 1
287 491 1
287 902 1
287 1177 1
287 1332 1
287 1430 1
287 1510 1
287 1692 1
288 308 1
288 358 1
288 514 1
288 556 1
288 646 1
288 705 1
288 916 1
288 1073 1
288 1303 1
288 1322 1
288 1790 1
289 330 1
289 342 1
289 821 1
289 897 1
289 1049 1
289 1069 1
289 1649 1
289 1668 1
290 681 1
290 1064 1
290 1227 1
290 1333 1
290 1695 1
291 408 1
291 666 1
291 715 1
291 1391 1
291 1623 1
291 1774 1
292 1089 1
292 1118 1
292 1510 1
293 362 1
293 910 1
293 1115 1
293 1494 1
294 373 1
294 384 1
294 773 1
294 907 1
294 1161 1
294 1659 1
294 1684 1
295 352 1
295 364 1
295 616 1
295 617 1
295 646 1
295 1130 1
295 1277 1
295 1293 1
295 1756 1
296 418 1
296 1057 1
296 1409 1
296 1452 1
297 448 1
297 1202 1
297 1267 1
297 1447 1
297 1469 1
297 1483 1
297 1757 1
297 1794 1
298 447 1
298 497 1
298 697 1
298 860 1
298 1223 1
298 1330 1
298 1459 1
298 1579 1
298 1582 1
299 700 1
299 792 1
299 846 1
299 924 1
299 1205 1
299 1567 1
299 1647 1
300 1580 1
301 519 1
301 721 1
301 1753 1
303 463 1
303 599 1
304 465 1
304 928 1
305 357 1
305 648 1
305 806 1
305 1547 1
305 1765 1
306 321 1
306 396 1
306 434 1
306 524 1
306 855 1
306 1054 1
306 1655 1
306 1770 1
307 334 1
307 451 1
307 481 1
307 812 1
307 857 1
307 1159 1
307 1795 1
308 565 1
309 352 1
309 399 1
309 422 1
309 466 1
309 1010 1
309 1013 1
309 1034 1
309 1225 1
309 1371 1
309 1418 1
309 1451 1
309 1695 1
310 619 1
311 383 1
311 802 1
311 1040 1
311 1042 1
311 1190 1
311 1328 1
311 1347 1
311 1736 1
312 629 1
312 638 1
312 675 1
312 988 1
312 1198 1
313 345 1
313 528 1
313 562 1
313 623 1
313 825 1
313 875 1
313 1161 1
313 1212 1
313 1374 1
313 1508 1
313 1624 1
313 1633 1
314 543 1
314 880 1
315 504 1
315 576 1
315 712 1
315 844 1
315 885 1
315 1012 1
316 694 1
316 872 1
316 1039 1
316 1670 1
317 1043 1
317 1249 1
317 1493 1
317 1645 1
318 345 1
318 597 1
318 746 1
318 1157 1
318 1484 1
319 1029 1
320 471 1
320 624 1
320 783 1
320 941 1
320 947 1
320 972 1
320 1547 1
321 526 1
321 718 1
321 779 1
321 931 1
321 1054 1
321 1120 1
321 1285 1
321 1442 1
321 1715 1
321 1764 1
322 393 1
322 412 1
322 439 1
322 518 1
322 675 1
322 750 1
322 819 1
322 868 1
322 891 1
322 1058 1
322 1246 1
322 1351 1
323 845 1
323 887 1
323 1032 1
323 1096 1
323 1289 1
323 1304 1
324 424 1
324 795 1
324 946 1
324 993 1
324 996 1
324 1048 1
324 1110 1
324 1152 1
324 1193 1
324 1565 1
324 1666 1
324 1754 1
325 542 1
325 606 1
325 838 1
325 963 1
326 366 1
326 907 1
326 1458 1
328 888 1
328 990 1
328 1120 1
328 1619 1
329 377 1
329 453 1
329 777 1
329 1007 1
329 1222 1
329 1230 1
329 1382 1
329 1544 1
329 1685 1
329 1730 1
330 950 1
330 1137 1
331 571 1
331 584 1
331 727 1
331 784 1
331 1574 1
331 1740 1
332 359 1
332 471 1
332 556 1
332 850 1
332 1136 1
332 1195 1
332 1279 1
332 1433 1
333 343 1
333 349 1
333 376 1
333 500 1
333 759 1
333 818 1
333 1047 1
333 1371 1
333 1404 1
333 1470 1
334 896 1
334 1004 1
334 1160 1
334 1399 1
334 1732 1
334 1740 1
335 337 1
335 1142 1
335 1457 1
335 1783 1
336 338 1
336 466 1
336 538 1
336 598 1
336 694 1
336 968 1
336 1413 1
336 1527 1
336 1789 1
337 1457 1
338 739 1
338 1584 1
338 1734 1
339 376 1
339 379 1
339 847 1
339 1148 1
339 1653 1
340 464 1
340 1222 1
341 350 1
341 445 1
341 451 1
341 463 1
341 476 1
341 588 1
341 786 1
341 787 1
341 834 1
341 984 1
341 1070 1
341 1220 1
341 1421 1
341 1791 1
342 634 1
342 884 1
342 1001 1
342 1463 1
343 378 1
343 478 1
343 532 1
343 669 1
343 683 1
343 741 1
343 873 1
343 912 1
343 923 1
343 995 1
343 1498 1
343 1533 1
343 1542 1
343 1593 1
343 1779 1
345 388 1
345 433 1
345 546 1
345 956 1
345 1512 1
345 1526 1
345 1676 1
346 401 1
346 432 1
346 985 1
346 1033 1
346 1044 1
346 1117 1
346 1163 1
347 510 1
347 557 1
347 586 1
347 657 1
347 960 1
347 1259 1
347 1318 1
347 1398 1
347 1535 1
347 1686 1
348 1109 1
348 1383 1
349 478 1
349 850 1
349 938 1
349 1368 1
350 608 1
350 1415 1
350 1729 1
351 822 1
351 1785 1
353 426 1
353 440 1
353 489 1
353 574 1
353 671 1
353 1443 1
353 1545 1
354 401 1
354 468 1
354 481 1
354 579 1
354 906 1
354 979 1
354 1076 1
354 1215 1
354 1528 1
356 1096 1
356 1192 1
356 1556 1
356 1565 1
357 367 1
357 520 1
357 642 1
357 949 1
357 1039 1
357 1723 1
358 704 1
358 1065 1
358 1417 1
358 1495 1
359 440 1
359 540 1
359 543 1
359 1081 1
359 1167 1
360 374 1
360 653 1
360 937 1
360 949 1
360 1146 1
360 1686 1
360 1728 1
361 433 1
361 563 1
361 570 1
361 733 1
362 696 1
362 904 1
362 917 1
362 1482 1
362 1791 1
363 366 1
363 492 1
363 665 1
363 674 1
363 720 1
363 793 1
363 1097 1
363 1561 1
364 408 1
364 575 1
364 900 1
364 908 1
364 1549 1
365 487 1
365 1005 1
365 1717 1
366 616 1
366 1298 1
366 1473 1
367 708 1
367 854 1
368 701 1
368 751 1
368 1023 1
368 1365 1
368 1509 1
368 1525 1
369 495 1
369 567 1
369 793 1
369 852 1
369 1058 1
369 1135 1
370 1199 1
370 1440 1
370 1497 1
371 799 1
371 836 1
371 981 1
371 1293 1
371 1317 1
371 1372 1
371 1761 1
372 383 1
372 832 1
372 841 1
372 864 1
372 940 1
372 1277 1
372 1626 1
373 492 1
373 503 1
373 544 1
373 651 1
373 654 1
373 801 1
373 996 1
373 1296 1
373 1411 1
373 1562 1
373 1575 1
373 1596 1
374 411 1
374 675 1
374 1755 1
375 1003 1
375 1112 1
375 1166 1
375 1743 1
376 386 1
376 391 1
377 642 1
377 803 1
377 863 1
377 1186 1
377 1222 1
377 1566 1
377 1595 1
377 1789 1
378 513 1
378 683 1
378 728 1
378 1098 1
378 1175 1
378 1356 1
378 1382 1
379 1563 1
380 404 1
380 559 1
380 624 1
380 695 1
380 882 1
380 1011 1
380 1044 1
380 1664 1
381 449 1
381 702 1
381 724 1
382 572 1
382 766 1
382 891 1
382 1191 1
382 1247 1
382 1490 1
382 1520 1
382 1761 1
383 830 1
383 1006 1
383 1047 1
383 1157 1
383 1301 1
384 483 1
384 1640 1
385 534 1
385 1258 1
386 607 1
386 753 1
386 809 1
386 860 1
386 1182 1
386 1674 1
388 587 1
388 1320 1
388 1430 1
389 401 1
389 446 1
389 502 1
389 843 1
389 1350 1
389 1660 1
390 518 1
391 538 1
391 669 1
392 462 1
392 594 1
392 740 1
392 808 1
392 1213 1
393 449 1
393 840 1
393 1026 1
393 1587 1
394 615 1
394 1339 1
394 1573 1
395 414 1
395 627 1
395 647 1
395 1308 1
396 725 1
397 405 1
397 517 1
397 706 1
397 745 1
397 790 1
397 844 1
397 925 1
397 1574 1
397 1585 1
398 479 1
398 655 1
398 783 1
398 1299 1
398 1637 1
399 481 1
399 519 1
399 1404 1
399 1449 1
399 1653 1
400 980 1
400 1170 1
401 738 1
401 839 1
401 996 1
401 1088 1
401 1291 1
401 1689 1
402 991 1
402 1322 1
403 549 1
403 567 1
403 774 1
403 781 1
403 950 1
404 411 1
404 614 1
404 874 1
404 913 1
404 1061 1
404 1344 1
404 1360 1
404 1410 1
404 1461 1
404 1614 1
404 1697 1
404 1772 1
405 927 1
405 1105 1
405 1572 1
406 542 1
406 1131 1
406 1152 1
406 1581 1
407 436 1
407 490 1
407 553 1
407 621 1
407 881 1
407 945 1
407 1040 1
407 1090 1
407 1319 1
407 1363 1
407 1606 1
407 1610 1
407 1657 1
408 511 1
408 609 1
408 611 1
408 1147 1
408 1598 1
409 1233 1
409 1613 1
410 425 1
410 1112 1
410 1220 1
410 1254 1
410 1384 1
411 458 1
411 510 1
411 545 1
411 645 1
411 716 1
411 974 1
411 1221 1
411 1292 1
411 1465 1
411 1770 1
411 1793 1
412 437 1
412 510 1
412 564 1
412 819 1
412 1571 1
413 650 1
413 1034 1
413 1569 1
414 627 1
414 647 1
414 713 1
414 771 1
414 1267 1
414 1279 1
414 1377 1
414 1524 1
415 422 1
415 439 1
415 870 1
416 537 1
416 965 1
416 1601 1
417 533 1
417 558 1
417 633 1
417 810 1
417 1408 1
417 1434 1
417 1502 1
417 1527 1
418 557 1
418 617 1
418 1148 1
419 431 1
419 804 1
419 826 1
419 848 1
419 983 1
419 1002 1
419 1005 1
419 1257 1
419 1475 1
419 1609 1
420 554 1
420 643 1
420 688 1
420 1377 1
421 699 1
421 782 1
421 851 1
422 545 1
422 611 1
423 665 1
423 789 1
423 851 1
423 1301 1
424 899 1
424 1015 1
425 838 1
426 465 1
426 485 1
426 765 1
426 989 1
426 1084 1
426 1226 1
426 1400 1
427 613 1
428 667 1
428 688 1
428 1261 1
428 1277 1
428 1348 1
428 1744 1
430 489 1
430 696 1
430 1306 1
430 1325 1
430 1453 1
431 709 1
431 760 1
431 794 1
431 1004 1
431 1258 1
431 1430 1
432 693 1
432 906 1
432 1060 1
432 1068 1
432 1073 1
432 1200 1
433 499 1
433 508 1
433 681 1
433 733 1
433 737 1
433 891 1
433 901 1
433 911 1
433 1050 1
433 1075 1
433 1102 1
433 1239 1
433 1577 1
434 1411 1
434 1570 1
435 456 1
435 509 1
435 805 1
436 652 1
436 1058 1
436 1444 1
437 924 1
437 1774 1
438 535 1
438 661 1
438 668 1
438 1023 1
438 1431 1
438 1523 1
438 1607 1
439 620 1
439 731 1
439 910 1
439 1051 1
439 1132 1
439 1245 1
439 1455 1
439 1564 1
440 470 1
440 639 1
440 992 1
441 881 1
441 1140 1
441 1396 1
441 1497 1
441 1532 1
441 1568 1
441 1666 1
442 608 1
442 651 1
442 726 1
442 802 1
442 1082 1
442 1267 1
442 1626 1
442 1782 1
443 455 1
443 566 1
443 628 1
443 671 1
443 673 1
443 721 1
443 1474 1
444 749 1
444 780 1
444 800 1
445 473 1
445 523 1
445 544 1
445 667 1
445 826 1
445 830 1
445 982 1
445 1004 1
445 1055 1
445 1408 1
445 1486 1
445 1768 1
446 576 1
446 638 1
446 657 1
446 737 1
446 963 1
446 1127 1
446 1433 1
447 507 1
447 777 1
447 996 1
447 1217 1
448 599 1
448 1095 1
448 1676 1
448 1703 1
449 773 1
449 820 1
450 653 1
450 1333 1
450 1595 1
451 1242 1
452 738 1
452 965 1
452 1056 1
452 1272 1
453 1174 1
453 1544 1
453 1623 1
453 1733 1
454 523 1
454 571 1
454 796 1
454 865 1
454 939 1
454 1403 1
455 456 1
455 469 1
455 866 1
455 872 1
455 1217 1
456 1543 1
459 1014 1
459 1058 1
459 1107 1
459 1516 1
460 461 1
460 1190 1
461 485 1
461 654 1
461 682 1
461 706 1
461 768 1
461 875 1
461 883 1
461 920 1
461 1248 1
461 1309 1
461 1355 1
461 1474 1
461 1497 1
461 1532 1
461 1712 1
462 753 1
462 1025 1
462 1639 1
462 1661 1
462 1759 1
463 985 1
463 1391 1
465 1586 1
466 542 1
466 707 1
466 872 1
466 973 1
466 1646 1
467 871 1
467 1761 1
469 1098 1
469 1648 1
470 1237 1
470 1522 1
471 621 1
471 657 1
471 842 1
471 1038 1
471 1231 1
471 1238 1
471 1269 1
471 1496 1
471 1599 1
471 1625 1
472 496 1
472 539 1
472 641 1
472 1140 1
472 1774 1
473 685 1
473 892 1
473 1280 1
473 1427 1
474 589 1
474 643 1
474 758 1
474 817 1
474 882 1
474 933 1
474 1230 1
474 1450 1
474 1731 1
475 720 1
475 1150 1
475 1190 1
475 1555 1
476 604 1
476 1311 1
476 1321 1
477 1083 1
478 783 1
478 1481 1
478 1782 1
479 498 1
479 655 1
479 1282 1
480 924 1
480 1259 1
480 1602 1
481 1795 1
483 1288 1
484 842 1
485 1481 1
485 1630 1
486 1448 1
486 1692 1
487 608 1
487 814 1
487 816 1
487 1005 1
487 1284 1
487 1717 1
488 606 1
488 820 1
488 832 1
488 877 1
488 900 1
488 923 1
488 999 1
488 1517 1
489 676 1
489 747 1
489 786 1
489 864 1
489 900 1
489 1268 1
489 1390 1
490 1065 1
491 603 1
491 630 1
492 612 1
492 921 1
492 1379 1
492 1539 1
492 1775 1
493 882 1
493 1091 1
493 1119 1
494 495 1
495 586 1
495 1280 1
495 1469 1
495 1549 1
496 1089 1
496 1171 1
496 1395 1
496 1738 1
497 815 1
497 1077 1
497 1119 1
497 1215 1
497 1636 1
498 778 1
498 900 1
498 926 1
498 1160 1
498 1426 1
498 1466 1
498 1687 1
498 1724 1
499 727 1
499 804 1
500 882 1
500 1651 1
501 703 1
501 1026 1
502 634 1
502 843 1
502 977 1
502 1060 1
503 763 1
503 1186 1
504 813 1
504 975 1
504 1464 1
504 1705 1
505 859 1
505 1116 1
505 1236 1
506 637 1
506 815 1
506 997 1
506 1173 1
506 1589 1
507 747 1
507 913 1
507 1368 1
507 1563 1
507 1698 1
507 1703 1
507 1777 1
508 560 1
508 640 1
508 1030 1
508 1748 1
509 805 1
509 1292 1
509 1599 1
510 978 1
511 776 1
511 901 1
511 1227 1
511 1361 1
512 644 1
512 765 1
512 1006 1
512 1083 1
512 1341 1
513 1124 1
513 1140 1
513 1207 1
513 1264 1
513 1360 1
513 1788 1
514 518 1
514 617 1
514 711 1
514 880 1
514 1000 1
514 1072 1
514 1083 1
514 1721 1
514 1724 1
514 1747 1
515 1400 1
515 1490 1
516 1705 1
518 845 1
518 1455 1
518 1607 1
519 1499 1
519 1561 1
520 636 1
520 732 1
520 1020 1
520 1161 1
520 1436 1
520 1682 1
520 1705 1
521 591 1
521 681 1
521 1252 1
521 1618 1
522 710 1
522 1107 1
522 1555 1
523 603 1
523 706 1
523 814 1
523 893 1
523 1315 1
523 1423 1
523 1616 1
524 632 1
524 915 1
524 1041 1
524 1199 1
524 1620 1
525 730 1
525 862 1
525 954 1
525 1194 1
525 1384 1
525 1643 1
526 590 1
526 718 1
526 1127 1
526 1536 1
526 1597 1
526 1649 1
526 1657 1
527 1103 1
527 1339 1
527 1603 1
528 1567 1
529 1012 1
529 1126 1
529 1560 1
529 1674 1
530 540 1
530 593 1
530 595 1
530 607 1
530 611 1
530 640 1
530 807 1
530 1372 1
530 1410 1
530 1547 1
530 1673 1
530 1690 1
531 574 1
531 585 1
531 604 1
531 1172 1
531 1175 1
531 1434 1
532 1291 1
533 1065 1
534 1008 1
534 1165 1
535 541 1
535 555 1
535 723 1
535 846 1
535 943 1
535 1524 1
535 1713 1
536 737 1
536 844 1
536 936 1
536 1110 1
536 1321 1
536 1393 1
536 1505 1
536 1745 1
537 552 1
537 597 1
537 665 1
537 760 1
537 1133 1
537 1234 1
537 1683 1
538 655 1
538 1253 1
538 1388 1
538 1494 1
538 1518 1
539 1137 1
539 1185 1
539 1201 1
539 1414 1
539 1469 1
539 1680 1
539 1774 1
540 730 1
540 744 1
540 822 1
540 902 1
540 1332 1
541 805 1
541 854 1
541 994 1
541 1036 1
541 1230 1
542 659 1
542 664 1
542 819 1
542 1191 1
542 1192 1
542 1587 1
543 682 1
543 797 1
543 817 1
543 1111 1
543 1286 1
543 1329 1
543 1444 1
544 693 1
544 1689 1
544 1768 1
545 773 1
545 1403 1
546 662 1
546 992 1
548 962 1
548 970 1
549 667 1
549 895 1
549 1108 1
550 748 1
550 769 1
550 1290 1
551 898 1
551 1131 1
552 1253 1
552 1364 1
553 710 1
553 762 1
553 828 1
553 933 1
553 1107 1
553 1194 1
553 1211 1
553 1272 1
553 1628 1
553 1672 1
553 1780 1
555 901 1
555 1202 1
555 1278 1
555 1644 1
556 579 1
556 741 1
557 1134 1
557 1414 1
558 719 1
558 870 1
558 1298 1
559 744 1
559 944 1
560 562 1
560 651 1
560 1158 1
560 1663 1
560 1788 1
561 736 1
561 890 1
562 1551 1
562 1629 1
563 858 1
563 1412 1
563 1537 1
564 634 1
564 742 1
566 848 1
566 998 1
566 1648 1
567 667 1
567 873 1
567 1161 1
567 1206 1
567 1210 1
567 1287 1
567 1390 1
568 670 1
568 1697 1
569 718 1
569 1597 1
570 697 1
570 725 1
570 812 1
570 1415 1
571 727 1
571 736 1
571 780 1
572 1408 1
573 647 1
573 733 1
573 944 1
573 969 1
573 998 1
573 1260 1
575 896 1
576 1509 1
576 1581 1
577 619 1
577 910 1
577 1379 1
578 1485 1
579 1369 1
579 1529 1
579 1588 1
579 1683 1
580 601 1
580 612 1
580 953 1
580 1193 1
580 1488 1
580 1582 1
580 1796 1
581 1164 1
581 1353 1
581 1659 1
582 1566 1
583 1113 1
583 1165 1
584 1495 1
584 1634 1
586 1037 1
586 1667 1
588 870 1
590 705 1
591 1431 1
592 1456 1
593 966 1
593 1340 1
593 1472 1
593 1489 1
593 1499 1
595 736 1
595 776 1
595 822 1
595 1285 1
595 1506 1
595 1756 1
596 1355 1
596 1590 1
598 1508 1
599 834 1
599 909 1
599 1310 1
599 1603 1
600 1043 1
601 813 1
601 903 1
601 970 1
601 1448 1
602 782 1
602 869 1
602 920 1
602 944 1
602 1179 1
602 1338 1
602 1404 1
602 1564 1
602 1712 1
604 614 1
604 630 1
604 693 1
604 806 1
604 936 1
604 1121 1
604 1191 1
604 1514 1
604 1560 1
604 1721 1
605 1306 1
606 716 1
606 1459 1
607 1035 1
607 1252 1
607 1688 1
608 878 1
608 1572 1
610 695 1
610 758 1
610 988 1
610 1138 1
610 1229 1
610 1574 1
610 1731 1
611 649 1
611 837 1
611 932 1
611 1011 1
611 1139 1
611 1488 1
611 1600 1
611 1752 1
612 857 1
612 1219 1
612 1271 1
613 690 1
613 1056 1
613 1560 1
614 1795 1
615 762 1
615 1103 1
615 1154 1
615 1387 1
616 1016 1
616 1316 1
616 1669 1
617 1108 1
617 1121 1
617 1562 1
617 1594 1
618 649 1
618 672 1
618 691 1
618 935 1
618 1150 1
618 1550 1
618 1588 1
619 1663 1
620 1527 1
621 972 1
621 1090 1
621 1575 1
622 1174 1
622 1197 1
623 728 1
624 976 1
624 1434 1
625 1021 1
625 1118 1
625 1149 1
626 784 1
626 945 1
626 1065 1
626 1563 1
626 1621 1
627 1578 1
627 1639 1
628 673 1
628 676 1
628 742 1
628 759 1
628 905 1
628 1474 1
628 1619 1
628 1647 1
628 1654 1
628 1659 1
630 845 1
630 921 1
630 1565 1
631 840 1
631 943 1
631 1397 1
633 1208 1
634 811 1
634 855 1
634 949 1
634 1532 1
634 1618 1
635 792 1
635 1779 1
636 734 1
636 970 1
637 1396 1
637 1551 1
639 678 1
639 998 1
639 1338 1
640 966 1
640 1078 1
641 1681 1
642 1600 1
642 1751 1
642 1763 1
643 797 1
644 829 1
644 1234 1
644 1255 1
644 1490 1
645 1683 1
645 1798 1
646 1024 1
647 865 1
648 895 1
648 1322 1
650 1569 1
651 688 1
651 833 1
651 878 1
651 1109 1
651 1142 1
651 1228 1
651 1626 1
651 1693 1
652 848 1
652 1367 1
652 1392 1
654 1029 1
654 1777 1
655 1353 1
655 1475 1
655 1716 1
656 769 1
656 807 1
656 968 1
656 977 1
656 1205 1
656 1284 1
656 1327 1
657 708 1
657 846 1
658 1537 1
658 1611 1
658 1656 1
659 737 1
659 1063 1
659 1510 1
659 1531 1
659 1709 1
660 1399 1
661 1264 1
661 1325 1
662 1276 1
663 837 1
663 1129 1
663 1701 1
664 672 1
664 1114 1
664 1443 1
665 1097 1
665 1190 1
665 1303 1
665 1485 1
665 1522 1
666 1682 1
666 1724 1
667 1516 1
668 684 1
668 1184 1
669 929 1
669 1405 1
670 732 1
671 937 1
672 1284 1
672 1393 1
672 1576 1
673 876 1
673 1077 1
673 1422 1
673 1751 1
673 1755 1
674 686 1
674 1485 1
675 1219 1
675 1346 1
676 687 1
676 879 1
676 1061 1
677 1454 1
677 1547 1
678 1351 1
679 730 1
681 1129 1
682 919 1
682 920 1
682 1175 1
682 1310 1
683 686 1
683 1778 1
684 939 1
684 1084 1
684 1375 1
684 1570 1
685 1333 1
685 1334 1
685 1543 1
685 1711 1
686 718 1
686 776 1
686 1513 1
686 1526 1
687 1150 1
689 962 1
689 969 1
689 1124 1
689 1257 1
689 1441 1
690 1179 1
690 1554 1
690 1767 1
691 699 1
691 1036 1
691 1722 1
693 921 1
693 943 1
693 1014 1
693 1147 1
693 1492 1
693 1558 1
694 1603 1
695 1087 1
695 1450 1
696 987 1
696 1779 1
697 1093 1
698 1281 1
698 1475 1
698 1564 1
698 1633 1
699 732 1
699 1090 1
699 1428 1
700 942 1
700 1041 1
700 1061 1
700 1680 1
701 966 1
701 1080 1
701 1170 1
703 955 1
703 1280 1
703 1347 1
704 770 1
704 993 1
704 1781 1
705 749 1
705 1377 1
705 1458 1
705 1491 1
705 1747 1
706 1423 1
706 1478 1
706 1483 1
707 1153 1
707 1451 1
709 1025 1
709 1242 1
709 1557 1
709 1613 1
709 1690 1
710 740 1
710 765 1
710 1010 1
710 1126 1
711 722 1
712 983 1
712 1342 1
712 1573 1
713 746 1
713 747 1
713 991 1
713 1302 1
714 1573 1
714 1760 1
716 876 1
717 931 1
717 1066 1
717 1141 1
717 1379 1
717 1446 1
717 1706 1
718 1772 1
719 1442 1
720 768 1
720 841 1
720 897 1
720 1764 1
721 754 1
721 1274 1
721 1513 1
721 1661 1
722 1536 1
724 973 1
724 1015 1
724 1620 1
725 797 1
725 975 1
725 993 1
725 1609 1
725 1613 1
727 1642 1
728 1583 1
728 1664 1
728 1711 1
730 770 1
730 898 1
730 1039 1
730 1042 1
730 1195 1
731 898 1
731 1014 1
731 1087 1
731 1349 1
731 1361 1
732 754 1
732 1329 1
732 1359 1
732 1406 1
733 1449 1
734 906 1
734 970 1
734 1063 1
734 1556 1
735 838 1
735 914 1
735 965 1
735 1036 1
735 1197 1
735 1729 1
736 1138 1
736 1545 1
736 1696 1
737 1461 1
739 752 1
739 1104 1
739 1207 1
740 1453 1
741 766 1
741 799 1
741 1085 1
742 918 1
742 1679 1
743 745 1
743 768 1
743 1494 1
744 1431 1
744 1473 1
744 1793 1
745 748 1
745 890 1
745 1062 1
745 1200 1
745 1206 1
745 1228 1
747 932 1
747 1330 1
747 1578 1
748 818 1
748 1141 1
749 842 1
749 1210 1
749 1491 1
749 1554 1
749 1591 1
750 1684 1
751 1713 1
753 1057 1
755 1046 1
755 1348 1
755 1407 1
755 1528 1
755 1622 1
756 1203 1
756 1412 1
756 1685 1
757 1501 1
758 792 1
758 990 1
759 1464 1
759 1565 1
761 1111 1
761 1435 1
762 1255 1
762 1283 1
762 1308 1
762 1628 1
763 1002 1
763 1029 1
763 1043 1
763 1137 1
763 1718 1
765 872 1
767 1379 1
767 1575 1
768 901 1
768 1503 1
768 1629 1
768 1694 1
769 1327 1
769 1383 1
769 1491 1
770 1386 1
770 1650 1
771 873 1
771 1186 1
771 1399 1
772 890 1
772 893 1
772 1416 1
772 1437 1
773 1053 1
773 1763 1
775 810 1
775 867 1
776 1214 1
777 868 1
777 1244 1
778 781 1
778 853 1
778 1015 1
778 1710 1
778 1762 1
779 1410 1
779 1666 1
780 941 1
780 1067 1
781 977 1
781 1277 1
781 1514 1
781 1519 1
781 1720 1
782 785 1
782 818 1
782 1145 1
783 1467 1
784 1679 1
784 1769 1
787 1332 1
789 1615 1
790 1057 1
790 1503 1
790 1572 1
790 1722 1
791 1471 1
792 825 1
792 1264 1
793 1019 1
793 1146 1
793 1397 1
794 1076 1
794 1106 1
795 1667 1
796 895 1
796 1122 1
797 1030 1
797 1105 1
797 1148 1
797 1462 1
798 867 1
798 1614 1
798 1715 1
799 847 1
800 1732 1
801 841 1
802 1020 1
803 1442 1
804 1027 1
805 1477 1
806 911 1
806 1311 1
806 1788 1
807 912 1
808 930 1
808 1459 1
808 1773 1
809 1262 1
809 1340 1
809 1785 1
810 853 1
810 1213 1
810 1676 1
810 1745 1
811 1318 1
812 1068 1
815 832 1
815 971 1
815 979 1
815 1165 1
815 1281 1
815 1493 1
815 1600 1
815 1647 1
816 986 1
816 1295 1
816 1418 1
816 1641 1
817 1052 1
818 1266 1
818 1371 1
819 855 1
819 1523 1
820 1432 1
821 1411 1
821 1687 1
822 1033 1
823 861 1
823 893 1
823 1263 1
824 1170 1
824 1586 1
824 1747 1
826 1038 1
826 1766 1
829 975 1
829 1279 1
829 1462 1
831 1460 1
831 1580 1
831 1594 1
832 967 1
833 1060 1
833 1477 1
835 856 1
835 904 1
835 908 1
835 1172 1
835 1274 1
835 1294 1
835 1321 1
835 1460 1
835 1540 1
835 1621 1
835 1734 1
835 1745 1
837 1079 1
838 957 1
838 1123 1
839 951 1
839 1012 1
839 1229 1
839 1310 1
841 843 1
841 1589 1
842 1307 1
843 1350 1
843 1561 1
844 869 1
844 927 1
844 980 1
844 1000 1
844 1173 1
845 953 1
845 1306 1
845 1580 1
847 1299 1
848 1123 1
849 911 1
849 975 1
849 1254 1
849 1467 1
849 1552 1
849 1638 1
849 1786 1
850 1136 1
850 1512 1
851 1113 1
851 1376 1
852 1223 1
852 1385 1
852 1543 1
854 1378 1
854 1690 1
855 1602 1
856 930 1
857 923 1
857 1271 1
857 1382 1
858 1143 1
858 1147 1
859 1577 1
859 1656 1
860 1131 1
861 887 1
861 1730 1
862 1255 1
863 1715 1
863 1759 1
864 1272 1
865 1314 1
867 971 1
867 1037 1
867 1101 1
867 1421 1
868 1207 1
868 1303 1
868 1538 1
868 1712 1
869 955 1
869 1208 1
869 1425 1
870 1167 1
870 1271 1
870 1480 1
870 1795 1
871 995 1
871 1091 1
871 1150 1
872 1281 1
872 1324 1
873 1447 1
874 927 1
875 971 1
875 1122 1
875 1358 1
876 1366 1
877 1062 1
878 1115 1
878 1247 1
878 1489 1
878 1783 1
879 1605 1
880 956 1
880 980 1
880 1367 1
880 1608 1
880 1633 1
881 1000 1
882 949 1
882 1334 1
882 1624 1
884 969 1
884 1101 1
884 1278 1
885 1020 1
885 1466 1
886 1530 1
887 1697 1
888 1352 1
888 1673 1
889 1483 1
890 904 1
891 1034 1
891 1247 1
891 1374 1
892 1658 1
893 1315 1
893 1460 1
894 1181 1
895 974 1
895 1534 1
896 1045 1
897 952 1
897 1413 1
898 1042 1
898 1043 1
898 1331 1
899 993 1
899 1144 1
899 1773 1
900 928 1
901 1075 1
901 1394 1
902 992 1
902 1243 1
902 1332 1
902 1341 1
903 1419 1
903 1592 1
903 1707 1
905 984 1
905 1399 1
905 1668 1
906 967 1
907 1049 1
907 1122 1
907 1158 1
908 1185 1
908 1335 1
909 913 1
910 990 1
910 1710 1
911 1008 1
911 1346 1
913 1168 1
913 1255 1
913 1364 1
915 1182 1
915 1227 1
915 1728 1
918 972 1
918 1656 1
920 1053 1
920 1204 1
920 1411 1
920 1432 1
921 1707 1
922 948 1
922 1690 1
923 1022 1
923 1382 1
923 1507 1
924 1057 1
924 1086 1
924 1130 1
924 1132 1
924 1210 1
924 1319 1
924 1591 1
925 1098 1
925 1177 1
925 1218 1
925 1256 1
925 1585 1
925 1707 1
925 1792 1
928 1314 1
928 1389 1
928 1615 1
929 1224 1
929 1237 1
932 1072 1
932 1356 1
933 1579 1
934 1052 1
935 1323 1
936 1784 1
937 1022 1
937 1635 1
938 1112 1
938 1413 1
938 1456 1
938 1755 1
938 1797 1
941 1708 1
943 978 1
943 994 1
945 1139 1
945 1758 1
946 1184 1
946 1287 1
946 1625 1
947 1661 1
949 1172 1
949 1590 1
949 1789 1
950 1129 1
951 1017 1
951 1097 1
953 1125 1
953 1330 1
953 1390 1
953 1651 1
954 1475 1
955 1405 1
955 1585 1
956 1066 1
956 1375 1
957 1384 1
957 1525 1
957 1656 1
958 1300 1
958 1498 1
959 1692 1
959 1764 1
961 1079 1
961 1274 1
962 1045 1
962 1094 1
962 1540 1
964 1398 1
965 1426 1
966 1406 1
966 1466 1
966 1697 1
967 1392 1
968 1240 1
968 1416 1
968 1442 1
969 1016 1
969 1753 1
970 1220 1
970 1366 1
971 1381 1
971 1705 1
973 1771 1
974 1025 1
974 1117 1
974 1657 1
975 1229 1
976 1533 1
979 991 1
979 1045 1
979 1123 1
979 1436 1
979 1686 1
980 1773 1
981 1201 1
981 1378 1
981 1769 1
983 1316 1
983 1461 1
985 997 1
985 1645 1
986 1046 1
986 1114 1
987 1040 1
987 1163 1
987 1524 1
988 1195 1
988 1343 1
990 1637 1
991 1156 1
991 1739 1
993 1404 1
993 1693 1
993 1720 1
994 1080 1
994 1316 1
994 1369 1
995 1017 1
995 1090 1
995 1336 1
998 1620 1
999 1669 1
1000 1210 1
1000 1251 1
1000 1627 1
1001 1482 1
1002 1137 1
1002 1488 1
1003 1177 1
1003 1746 1
1004 1105 1
1004 1116 1
1004 1476 1
1004 1502 1
1006 1197 1
1007 1642 1
1008 1323 1
1008 1754 1
1009 1429 1
1009 1606 1
1010 1129 1
1010 1766 1
1011 1086 1
1012 1360 1
1014 1175 1
1014 1177 1
1014 1299 1
1015 1427 1
1016 1642 1
1017 1639 1
1017 1696 1
1019 1708 1
1020 1397 1
1021 1060 1
1021 1102 1
1021 1118 1
1021 1443 1
1022 1539 1
1022 1749 1
1023 1525 1
1024 1062 1
1027 1206 1
1027 1260 1
1029 1419 1
1029 1470 1
1029 1777 1
1030 1622 1
1033 1293 1
1034 1082 1
1034 1345 1
1034 1556 1
1036 1187 1
1038 1253 1
1038 1283 1
1038 1520 1
1039 1199 1
1040 1563 1
1041 1699 1
1043 1123 1
1043 1239 1
1043 1375 1
1043 1493 1
1043 1785 1
1045 1084 1
1045 1207 1
1045 1209 1
1045 1224 1
1045 1540 1
1047 1326 1
1048 1438 1
1050 1538 1
1051 1229 1
1051 1770 1
1053 1538 1
1054 1103 1
1054 1192 1
1054 1557 1
1055 1381 1
1056 1380 1
1057 1092 1
1057 1727 1
1058 1062 1
1058 1128 1
1058 1480 1
1058 1609 1
1059 1133 1
1059 1265 1
1061 1523 1
1063 1636 1
1064 1139 1
1064 1212 1
1064 1763 1
1067 1243 1
1067 1687 1
1068 1512 1
1068 1549 1
1068 1678 1
1071 1234 1
1071 1389 1
1071 1577 1
1073 1559 1
1073 1649 1
1074 1121 1
1074 1155 1
1075 1110 1
1075 1453 1
1075 1552 1
1075 1652 1
1075 1725 1
1075 1742 1
1075 1799 1
1076 1106 1
1076 1111 1
1077 1738 1
1078 1724 1
1080 1503 1
1081 1273 1
1082 1498 1
1083 1417 1
1085 1281 1
1086 1130 1
1087 1435 1
1088 1363 1
1089 1209 1
1089 1352 1
1089 1394 1
1089 1437 1
1090 1792 1
1091 1194 1
1092 1296 1
1093 1456 1
1096 1713 1
1100 1507 1
1102 1163 1
1103 1644 1
1104 1216 1
1106 1311 1
1108 1168 1
1110 1517 1
1112 1259 1
1113 1305 1
1113 1675 1
1114 1286 1
1115 1141 1
1115 1184 1
1115 1247 1
1115 1517 1
1116 1546 1
1116 1756 1
1118 1275 1
1118 1645 1
1119 1484 1
1120 1197 1
1120 1319 1
1122 1130 1
1122 1534 1
1123 1353 1
1123 1701 1
1126 1431 1
1126 1789 1
1127 1760 1
1129 1235 1
1131 1221 1
1132 1479 1
1133 1185 1
1133 1521 1
1133 1581 1
1133 1751 1
1134 1169 1
1135 1402 1
1136 1536 1
1138 1509 1
1139 1372 1
1140 1337 1
1141 1301 1
1141 1418 1
1143 1641 1
1144 1278 1
1145 1315 1
1145 1756 1
1146 1391 1
1147 1486 1
1148 1205 1
1148 1719 1
1150 1154 1
1151 1510 1
1152 1458 1
1152 1486 1
1154 1589 1
1156 1346 1
1158 1694 1
1159 1256 1
1159 1282 1
1161 1564 1
1163 1579 1
1163 1630 1
1164 1328 1
1165 1610 1
1165 1667 1
1165 1708 1
1165 1729 1
1166 1505 1
1168 1297 1
1168 1336 1
1168 1550 1
1170 1420 1
1172 1212 1
1173 1726 1
1174 1741 1
1176 1568 1
1178 1680 1
1180 1750 1
1181 1224 1
1181 1683 1
1184 1545 1
1185 1359 1
1185 1596 1
1188 1195 1
1190 1711 1
1191 1552 1
1192 1551 1
1194 1698 1
1195 1714 1
1196 1365 1
1197 1254 1
1197 1730 1
1197 1771 1
1198 1744 1
1199 1274 1
1199 1325 1
1199 1517 1
1199 1599 1
1199 1672 1
1200 1521 1
1203 1734 1
1204 1326 1
1204 1783 1
1205 1591 1
1206 1665 1
1209 1441 1
1213 1569 1
1213 1718 1
1215 1236 1
1216 1294 1
1216 1307 1
1216 1635 1
1217 1784 1
1218 1617 1
1218 1677 1
1219 1790 1
1220 1671 1
1221 1465 1
1221 1702 1
1225 1243 1
1225 1297 1
1226 1323 1
1228 1714 1
1230 1454 1
1230 1778 1
1232 1631 1
1233 1286 1
1234 1540 1
1235 1301 1
1235 1553 1
1236 1385 1
1237 1414 1
1237 1741 1
1238 1450 1
1238 1703 1
1239 1369 1
1241 1465 1
1241 1677 1
1242 1592 1
1242 1688 1
1244 1374 1
1244 1786 1
1245 1539 1
1246 1294 1
1247 1339 1
1249 1313 1
1253 1451 1
1254 1429 1
1255 1629 1
1260 1289 1
1261 1625 1
1262 1428 1
1264 1433 1
1265 1280 1
1265 1515 1
1265 1603 1
1265 1776 1
1267 1401 1
1267 1704 1
1268 1337 1
1268 1487 1
1269 1610 1
1269 1800 1
1274 1346 1
1274 1381 1
1275 1326 1
1275 1422 1
1275 1520 1
1275 1753 1
1281 1302 1
1282 1331 1
1282 1800 1
1285 1553 1
1287 1746 1
1296 1417 1
1296 1640 1
1296 1732 1
1298 1585 1
1301 1746 1
1302 1598 1
1303 1660 1
1304 1744 1
1307 1772 1
1309 1671 1
1311 1526 1
1311 1731 1
1313 1499 1
1313 1737 1
1314 1389 1
1314 1409 1
1315 1604 1
1316 1468 1
1316 1757 1
1317 1750 1
1318 1349 1
1318 1362 1
1322 1354 1
1324 1403 1
1325 1398 1
1325 1487 1
1327 1671 1
1328 1494 1
1328 1748 1
1330 1740 1
1331 1594 1
1332 1676 1
1339 1423 1
1340 1548 1
1342 1484 1
1343 1531 1
1345 1581 1
1345 1627 1
1352 1501 1
1353 1691 1
1356 1364 1
1356 1773 1
1360 1370 1
1364 1463 1
1365 1651 1
1369 1555 1
1369 1693 1
1370 1535 1
1374 1490 1
1377 1380 1
1377 1491 1
1380 1519 1
1382 1554 1
1382 1771 1
1385 1457 1
1385 1694 1
1386 1679 1
1386 1727 1
1387 1403 1
1387 1752 1
1388 1640 1
1389 1480 1
1393 1646 1
1394 1452 1
1398 1631 1
1401 1704 1
1403 1778 1
1407 1735 1
1413 1476 1
1413 1559 1
1413 1573 1
1413 1670 1
1417 1787 1
1419 1592 1
1426 1797 1
1427 1515 1
1427 1616 1
1427 1780 1
1428 1668 1
1432 1765 1
1438 1479 1
1439 1454 1
1442 1492 1
1442 1736 1
1449 1753 1
1450 1749 1
1453 1571 1
1457 1472 1
1458 1513 1
1463 1511 1
1465 1568 1
1468 1681 1
1468 1781 1
1472 1580 1
1478 1500 1
1480 1582 1
1486 1614 1
1490 1602 1
1492 1650 1
1496 1633 1
1497 1794 1
1498 1748 1
1500 1704 1
1513 1758 1
1514 1528 1
1514 1652 1
1518 1607 1
1523 1599 1
1523 1799 1
1524 1735 1
1526 1601 1
1541 1650 1
1544 1641 1
1544 1784 1
1546 1638 1
1550 1598 1
1552 1678 1
1553 1583 1
1554 1771 1
1555 1611 1
1557 1607 1
1558 1651 1
1566 1655 1
1569 1701 1
1577 1682 1
1577 1718 1
1579 1717 1
1580 1665 1
1581 1748 1
1582 1765 1
1586 1640 1
1589 1623 1
1593 1696 1
1594 1768 1
1596 1619 1
1598 1769 1
1613 1738 1
1633 1739 1
1641 1754 1
1648 1716 1
1662 1691 1
1669 1687 1
1670 1782 1
1688 1796 1
1689 1714 1
1689 1742 1
1693 1798 1
1700 1719 1
1739 1766 1
1750 1762 1
