900 3584 
1 5 1
1 6 1
1 7 1
1 8 1
1 9 1
1 11 1
1 13 1
1 19 1
1 21 1
1 27 1
1 34 1
1 38 1
1 39 1
1 59 1
1 65 1
1 66 1
1 71 1
1 78 1
1 88 1
1 97 1
1 106 1
1 129 1
1 140 1
1 143 1
1 172 1
1 182 1
1 218 1
1 236 1
1 252 1
1 262 1
1 264 1
1 306 1
1 311 1
1 395 1
1 400 1
1 409 1
1 451 1
1 456 1
1 461 1
1 474 1
1 481 1
1 496 1
1 500 1
1 512 1
1 519 1
1 527 1
1 542 1
1 556 1
1 581 1
1 595 1
1 602 1
1 604 1
1 609 1
1 615 1
1 619 1
1 635 1
1 642 1
1 647 1
1 657 1
1 699 1
1 763 1
1 764 1
1 782 1
1 793 1
1 810 1
1 851 1
1 859 1
1 869 1
1 882 1
2 5 1
2 6 1
2 7 1
2 8 1
2 9 1
2 10 1
2 12 1
2 17 1
2 18 1
2 23 1
2 25 1
2 30 1
2 32 1
2 36 1
2 49 1
2 50 1
2 52 1
2 59 1
2 62 1
2 70 1
2 78 1
2 84 1
2 85 1
2 92 1
2 97 1
2 99 1
2 103 1
2 113 1
2 121 1
2 129 1
2 130 1
2 142 1
2 183 1
2 186 1
2 187 1
2 227 1
2 254 1
2 256 1
2 263 1
2 301 1
2 313 1
2 324 1
2 357 1
2 361 1
2 382 1
2 391 1
2 393 1
2 404 1
2 414 1
2 418 1
2 455 1
2 465 1
2 484 1
2 511 1
2 543 1
2 636 1
2 640 1
2 662 1
2 678 1
2 680 1
2 742 1
2 762 1
2 804 1
2 820 1
2 847 1
2 859 1
2 866 1
2 873 1
2 883 1
2 885 1
3 5 1
3 10 1
3 11 1
3 16 1
3 20 1
3 22 1
3 23 1
3 25 1
3 27 1
3 30 1
3 35 1
3 38 1
3 41 1
3 45 1
3 59 1
3 63 1
3 64 1
3 68 1
3 76 1
3 80 1
3 106 1
3 107 1
3 117 1
3 126 1
3 133 1
3 148 1
3 151 1
3 157 1
3 163 1
3 167 1
3 172 1
3 173 1
3 176 1
3 184 1
3 191 1
3 196 1
3 203 1
3 210 1
3 238 1
3 262 1
3 266 1
3 269 1
3 286 1
3 298 1
3 315 1
3 318 1
3 319 1
3 331 1
3 332 1
3 345 1
3 347 1
3 352 1
3 372 1
3 396 1
3 404 1
3 428 1
3 448 1
3 455 1
3 456 1
3 463 1
3 471 1
3 472 1
3 484 1
3 494 1
3 501 1
3 509 1
3 519 1
3 597 1
3 601 1
3 602 1
3 653 1
3 659 1
3 697 1
3 698 1
3 735 1
3 745 1
3 766 1
3 812 1
3 847 1
3 854 1
3 866 1
3 867 1
3 870 1
3 879 1
3 889 1
4 5 1
4 6 1
4 7 1
4 19 1
4 22 1
4 26 1
4 28 1
4 29 1
4 32 1
4 35 1
4 67 1
4 144 1
4 147 1
4 154 1
4 202 1
4 281 1
4 299 1
4 355 1
4 368 1
4 375 1
4 432 1
4 454 1
4 462 1
4 506 1
4 542 1
4 598 1
4 656 1
4 745 1
4 780 1
4 791 1
4 834 1
4 864 1
4 889 1
5 6 1
5 8 1
5 9 1
5 10 1
5 12 1
5 16 1
5 21 1
5 24 1
5 42 1
5 61 1
5 65 1
5 66 1
5 69 1
5 71 1
5 77 1
5 84 1
5 87 1
5 88 1
5 115 1
5 134 1
5 137 1
5 138 1
5 140 1
5 149 1
5 151 1
5 156 1
5 208 1
5 213 1
5 220 1
5 235 1
5 251 1
5 259 1
5 260 1
5 320 1
5 327 1
5 334 1
5 348 1
5 399 1
5 401 1
5 436 1
5 449 1
5 459 1
5 498 1
5 513 1
5 560 1
5 566 1
5 587 1
5 597 1
5 604 1
5 609 1
5 621 1
5 634 1
5 650 1
5 658 1
5 693 1
5 706 1
5 721 1
5 727 1
5 753 1
5 756 1
5 766 1
5 802 1
5 808 1
5 817 1
5 828 1
5 836 1
5 864 1
5 883 1
6 7 1
6 8 1
6 15 1
6 18 1
6 19 1
6 24 1
6 25 1
6 28 1
6 34 1
6 43 1
6 44 1
6 46 1
6 53 1
6 54 1
6 62 1
6 65 1
6 75 1
6 79 1
6 97 1
6 113 1
6 149 1
6 153 1
6 160 1
6 161 1
6 165 1
6 166 1
6 187 1
6 188 1
6 199 1
6 202 1
6 215 1
6 218 1
6 247 1
6 252 1
6 253 1
6 255 1
6 274 1
6 278 1
6 292 1
6 330 1
6 365 1
6 388 1
6 406 1
6 479 1
6 480 1
6 485 1
6 502 1
6 507 1
6 602 1
6 603 1
6 607 1
6 630 1
6 730 1
6 835 1
6 836 1
6 852 1
6 865 1
7 9 1
7 12 1
7 16 1
7 17 1
7 31 1
7 32 1
7 33 1
7 39 1
7 44 1
7 48 1
7 59 1
7 70 1
7 72 1
7 74 1
7 81 1
7 86 1
7 157 1
7 162 1
7 164 1
7 191 1
7 198 1
7 228 1
7 241 1
7 245 1
7 265 1
7 283 1
7 309 1
7 319 1
7 331 1
7 347 1
7 366 1
7 435 1
7 499 1
7 532 1
7 618 1
7 620 1
7 640 1
7 665 1
7 714 1
7 735 1
7 737 1
7 755 1
7 819 1
7 848 1
7 855 1
8 11 1
8 13 1
8 14 1
8 17 1
8 21 1
8 28 1
8 47 1
8 48 1
8 49 1
8 50 1
8 55 1
8 56 1
8 62 1
8 64 1
8 81 1
8 95 1
8 107 1
8 118 1
8 126 1
8 140 1
8 179 1
8 198 1
8 210 1
8 215 1
8 223 1
8 231 1
8 233 1
8 246 1
8 255 1
8 280 1
8 282 1
8 298 1
8 314 1
8 333 1
8 357 1
8 362 1
8 368 1
8 394 1
8 398 1
8 410 1
8 417 1
8 422 1
8 431 1
8 444 1
8 461 1
8 495 1
8 497 1
8 538 1
8 547 1
8 555 1
8 557 1
8 593 1
8 599 1
8 624 1
8 634 1
8 650 1
8 653 1
8 686 1
8 691 1
8 720 1
8 741 1
8 774 1
8 776 1
8 846 1
8 868 1
9 10 1
9 29 1
9 36 1
9 71 1
9 75 1
9 137 1
9 165 1
9 180 1
9 201 1
9 241 1
9 250 1
9 261 1
9 413 1
9 506 1
9 510 1
9 589 1
9 605 1
9 611 1
9 621 1
9 623 1
9 636 1
9 674 1
9 695 1
9 711 1
9 738 1
9 746 1
10 11 1
10 13 1
10 15 1
10 18 1
10 24 1
10 27 1
10 29 1
10 34 1
10 40 1
10 58 1
10 66 1
10 73 1
10 87 1
10 88 1
10 92 1
10 109 1
10 111 1
10 145 1
10 150 1
10 162 1
10 178 1
10 188 1
10 196 1
10 206 1
10 224 1
10 230 1
10 237 1
10 243 1
10 288 1
10 290 1
10 292 1
10 308 1
10 309 1
10 322 1
10 325 1
10 331 1
10 347 1
10 348 1
10 359 1
10 366 1
10 370 1
10 377 1
10 388 1
10 419 1
10 426 1
10 445 1
10 463 1
10 468 1
10 487 1
10 510 1
10 512 1
10 514 1
10 534 1
10 535 1
10 548 1
10 569 1
10 587 1
10 590 1
10 597 1
10 607 1
10 622 1
10 641 1
10 647 1
10 709 1
10 764 1
10 768 1
10 770 1
10 789 1
10 804 1
10 826 1
10 838 1
10 873 1
11 12 1
11 13 1
11 14 1
11 15 1
11 18 1
11 24 1
11 26 1
11 35 1
11 38 1
11 61 1
11 64 1
11 81 1
11 91 1
11 101 1
11 124 1
11 135 1
11 142 1
11 154 1
11 190 1
11 207 1
11 209 1
11 232 1
11 250 1
11 253 1
11 266 1
11 279 1
11 281 1
11 291 1
11 300 1
11 321 1
11 337 1
11 339 1
11 354 1
11 356 1
11 367 1
11 373 1
11 402 1
11 414 1
11 415 1
11 437 1
11 454 1
11 483 1
11 499 1
11 508 1
11 554 1
11 614 1
11 626 1
11 627 1
11 634 1
11 638 1
11 658 1
11 673 1
11 680 1
11 709 1
11 713 1
11 728 1
11 747 1
11 761 1
11 765 1
11 806 1
11 824 1
11 862 1
11 870 1
12 14 1
12 23 1
12 27 1
12 31 1
12 43 1
12 47 1
12 68 1
12 73 1
12 85 1
12 93 1
12 100 1
12 102 1
12 104 1
12 105 1
12 133 1
12 150 1
12 169 1
12 200 1
12 201 1
12 217 1
12 237 1
12 242 1
12 249 1
12 256 1
12 257 1
12 267 1
12 268 1
12 272 1
12 277 1
12 279 1
12 317 1
12 318 1
12 341 1
12 366 1
12 370 1
12 398 1
12 427 1
12 430 1
12 441 1
12 466 1
12 475 1
12 504 1
12 528 1
12 539 1
12 576 1
12 578 1
12 585 1
12 648 1
12 673 1
12 721 1
12 748 1
12 777 1
12 794 1
12 810 1
12 821 1
13 14 1
13 15 1
13 25 1
13 26 1
13 30 1
13 39 1
13 41 1
13 43 1
13 45 1
13 47 1
13 57 1
13 69 1
13 74 1
13 116 1
13 118 1
13 150 1
13 152 1
13 158 1
13 167 1
13 168 1
13 169 1
13 171 1
13 183 1
13 195 1
13 214 1
13 249 1
13 267 1
13 288 1
13 292 1
13 314 1
13 373 1
13 374 1
13 423 1
13 439 1
13 460 1
13 469 1
13 489 1
13 555 1
13 559 1
13 584 1
13 598 1
13 606 1
13 646 1
13 663 1
13 692 1
13 707 1
13 755 1
13 785 1
14 19 1
14 32 1
14 33 1
14 43 1
14 68 1
14 81 1
14 82 1
14 108 1
14 114 1
14 167 1
14 205 1
14 213 1
14 373 1
14 451 1
14 533 1
14 595 1
14 658 1
14 703 1
14 726 1
14 825 1
14 829 1
14 858 1
14 873 1
15 16 1
15 29 1
15 52 1
15 92 1
15 139 1
15 194 1
15 224 1
15 363 1
15 435 1
15 524 1
15 687 1
15 871 1
16 17 1
16 20 1
16 28 1
16 31 1
16 73 1
16 84 1
16 85 1
16 117 1
16 143 1
16 161 1
16 170 1
16 193 1
16 209 1
16 254 1
16 305 1
16 307 1
16 433 1
16 464 1
16 661 1
16 666 1
16 834 1
17 20 1
17 22 1
17 33 1
17 50 1
17 94 1
17 110 1
17 122 1
17 123 1
17 145 1
17 164 1
17 187 1
17 197 1
17 211 1
17 216 1
17 274 1
17 290 1
17 305 1
17 319 1
17 330 1
17 364 1
17 379 1
17 401 1
17 436 1
17 440 1
17 526 1
17 535 1
17 569 1
17 621 1
17 805 1
17 828 1
17 842 1
18 21 1
18 22 1
18 23 1
18 31 1
18 34 1
18 49 1
18 53 1
18 57 1
18 70 1
18 91 1
18 135 1
18 139 1
18 149 1
18 160 1
18 199 1
18 203 1
18 227 1
18 234 1
18 305 1
18 393 1
18 408 1
18 500 1
18 506 1
18 535 1
18 627 1
18 633 1
18 715 1
18 831 1
19 20 1
19 26 1
19 37 1
19 42 1
19 47 1
19 51 1
19 55 1
19 70 1
19 134 1
19 148 1
19 172 1
19 176 1
19 178 1
19 188 1
19 195 1
19 200 1
19 224 1
19 270 1
19 314 1
19 316 1
19 329 1
19 351 1
19 425 1
19 479 1
19 484 1
19 497 1
19 502 1
19 539 1
19 546 1
19 579 1
19 606 1
19 668 1
19 725 1
19 738 1
19 743 1
19 774 1
19 780 1
19 803 1
19 807 1
19 863 1
19 891 1
20 46 1
20 139 1
20 177 1
20 329 1
20 341 1
20 409 1
20 420 1
20 442 1
20 444 1
20 452 1
20 524 1
20 586 1
20 610 1
20 716 1
20 838 1
21 42 1
21 44 1
21 45 1
21 58 1
21 72 1
21 90 1
21 91 1
21 105 1
21 109 1
21 110 1
21 112 1
21 116 1
21 136 1
21 143 1
21 158 1
21 176 1
21 188 1
21 244 1
21 257 1
21 282 1
21 289 1
21 295 1
21 316 1
21 338 1
21 363 1
21 367 1
21 371 1
21 381 1
21 405 1
21 417 1
21 425 1
21 441 1
21 468 1
21 527 1
21 555 1
21 571 1
21 580 1
21 605 1
21 616 1
21 644 1
21 740 1
21 742 1
21 754 1
21 771 1
21 807 1
21 849 1
21 863 1
21 867 1
22 36 1
22 60 1
22 63 1
22 174 1
22 244 1
22 288 1
22 356 1
22 405 1
22 411 1
22 497 1
22 692 1
22 782 1
23 30 1
23 54 1
23 66 1
23 103 1
23 109 1
23 117 1
23 122 1
23 127 1
23 176 1
23 206 1
23 220 1
23 244 1
23 251 1
23 296 1
23 297 1
23 322 1
23 391 1
23 397 1
23 483 1
23 522 1
23 529 1
23 541 1
23 591 1
23 664 1
23 802 1
23 856 1
23 864 1
23 881 1
23 887 1
24 33 1
24 37 1
24 42 1
24 61 1
24 75 1
24 77 1
24 79 1
24 89 1
24 97 1
24 103 1
24 153 1
24 225 1
24 230 1
24 332 1
24 338 1
24 423 1
24 565 1
24 583 1
24 687 1
24 705 1
24 723 1
24 760 1
24 778 1
24 799 1
24 855 1
25 98 1
25 99 1
25 116 1
25 121 1
25 125 1
25 128 1
25 233 1
25 236 1
25 264 1
25 275 1
25 352 1
25 490 1
25 560 1
25 682 1
25 746 1
25 762 1
25 800 1
25 881 1
25 882 1
26 37 1
26 56 1
26 57 1
26 60 1
26 65 1
26 90 1
26 108 1
26 114 1
26 121 1
26 261 1
26 264 1
26 344 1
26 354 1
26 432 1
26 608 1
26 794 1
26 841 1
27 38 1
27 39 1
27 46 1
27 53 1
27 74 1
27 152 1
27 181 1
27 210 1
27 237 1
27 255 1
27 272 1
27 347 1
27 358 1
27 359 1
27 372 1
27 422 1
27 438 1
27 442 1
27 459 1
27 470 1
27 473 1
27 499 1
27 514 1
27 517 1
27 545 1
27 550 1
27 559 1
27 561 1
27 611 1
27 623 1
27 770 1
27 775 1
27 778 1
27 800 1
27 861 1
28 35 1
28 37 1
28 48 1
28 53 1
28 55 1
28 79 1
28 124 1
28 131 1
28 134 1
28 144 1
28 149 1
28 166 1
28 179 1
28 185 1
28 232 1
28 262 1
28 284 1
28 302 1
28 446 1
28 516 1
28 530 1
28 531 1
28 596 1
28 614 1
28 617 1
28 629 1
28 711 1
28 795 1
28 801 1
28 852 1
29 41 1
29 48 1
29 58 1
29 71 1
29 99 1
29 119 1
29 136 1
29 180 1
29 200 1
29 223 1
29 229 1
29 269 1
29 298 1
29 312 1
29 335 1
29 377 1
29 396 1
29 405 1
29 430 1
29 528 1
29 547 1
29 612 1
29 676 1
29 713 1
29 752 1
29 760 1
29 764 1
29 817 1
30 46 1
30 51 1
30 67 1
30 114 1
30 118 1
30 119 1
30 134 1
30 144 1
30 148 1
30 182 1
30 185 1
30 261 1
30 265 1
30 295 1
30 302 1
30 327 1
30 332 1
30 343 1
30 346 1
30 354 1
30 383 1
30 385 1
30 448 1
30 450 1
30 458 1
30 523 1
30 525 1
30 566 1
30 573 1
30 586 1
30 679 1
30 695 1
30 754 1
30 763 1
30 823 1
30 844 1
31 36 1
31 40 1
31 77 1
31 89 1
31 121 1
31 128 1
31 148 1
31 282 1
31 303 1
31 323 1
31 460 1
31 468 1
31 575 1
31 628 1
31 748 1
31 805 1
31 850 1
32 98 1
32 102 1
32 103 1
32 184 1
32 271 1
32 427 1
32 459 1
32 588 1
32 652 1
32 676 1
33 54 1
33 95 1
33 170 1
33 174 1
33 192 1
33 197 1
33 221 1
33 284 1
33 319 1
33 325 1
33 417 1
33 424 1
33 616 1
33 705 1
33 729 1
34 56 1
34 100 1
34 120 1
34 173 1
34 174 1
34 260 1
34 302 1
34 394 1
34 395 1
34 589 1
34 609 1
34 773 1
34 823 1
35 45 1
35 50 1
35 77 1
35 120 1
35 154 1
35 191 1
35 192 1
35 203 1
35 214 1
35 416 1
35 435 1
35 487 1
35 513 1
35 536 1
35 572 1
35 632 1
35 654 1
35 710 1
35 830 1
36 41 1
36 82 1
36 87 1
36 90 1
36 106 1
36 117 1
36 123 1
36 186 1
36 338 1
36 342 1
36 398 1
36 674 1
36 711 1
36 770 1
37 40 1
37 62 1
37 155 1
37 165 1
37 283 1
37 306 1
37 759 1
38 89 1
38 451 1
39 40 1
39 44 1
39 61 1
39 63 1
39 96 1
39 107 1
39 112 1
39 129 1
39 141 1
39 159 1
39 178 1
39 193 1
39 261 1
39 293 1
39 294 1
39 331 1
39 340 1
39 391 1
39 443 1
39 449 1
39 454 1
39 458 1
39 579 1
39 671 1
39 717 1
39 816 1
39 847 1
39 857 1
39 883 1
40 58 1
40 83 1
40 159 1
40 203 1
40 234 1
40 327 1
40 424 1
40 487 1
40 493 1
40 502 1
40 689 1
40 773 1
40 776 1
41 55 1
41 67 1
41 83 1
41 95 1
41 112 1
41 115 1
41 156 1
41 169 1
41 226 1
41 231 1
41 245 1
41 286 1
41 480 1
41 549 1
41 600 1
41 619 1
41 751 1
42 49 1
42 80 1
42 90 1
42 104 1
42 140 1
42 157 1
42 168 1
42 271 1
42 349 1
42 542 1
42 626 1
42 720 1
42 759 1
42 842 1
43 51 1
43 76 1
43 86 1
43 101 1
43 185 1
43 289 1
43 293 1
43 434 1
43 455 1
43 482 1
43 492 1
43 608 1
43 641 1
44 51 1
44 63 1
44 74 1
44 75 1
44 111 1
44 215 1
44 315 1
44 328 1
44 566 1
44 592 1
44 593 1
45 54 1
45 56 1
45 131 1
45 138 1
45 167 1
45 168 1
45 212 1
45 238 1
45 243 1
45 273 1
45 281 1
45 291 1
45 313 1
45 383 1
45 474 1
45 514 1
45 536 1
45 583 1
45 594 1
45 656 1
45 769 1
45 773 1
45 788 1
45 857 1
46 52 1
46 64 1
46 116 1
46 198 1
46 273 1
46 311 1
46 429 1
46 453 1
46 664 1
46 690 1
46 730 1
47 60 1
47 79 1
47 82 1
47 185 1
47 247 1
47 284 1
47 322 1
47 372 1
47 443 1
47 452 1
47 505 1
47 517 1
47 675 1
47 682 1
47 854 1
47 871 1
48 98 1
48 120 1
48 160 1
48 570 1
48 791 1
48 810 1
49 87 1
49 91 1
49 170 1
49 175 1
49 186 1
49 197 1
49 199 1
49 207 1
49 381 1
49 394 1
49 403 1
49 526 1
49 545 1
49 553 1
49 569 1
49 631 1
49 655 1
49 743 1
49 838 1
49 840 1
50 57 1
50 127 1
50 204 1
50 293 1
50 322 1
50 355 1
50 357 1
50 467 1
50 473 1
50 584 1
50 632 1
50 667 1
50 688 1
50 708 1
50 734 1
50 822 1
50 833 1
50 839 1
50 894 1
51 52 1
51 127 1
51 166 1
51 208 1
51 222 1
51 227 1
51 228 1
51 251 1
51 287 1
51 300 1
51 308 1
51 327 1
51 341 1
51 482 1
51 488 1
51 666 1
51 718 1
51 726 1
51 745 1
52 133 1
52 270 1
52 532 1
52 664 1
52 672 1
53 126 1
53 215 1
53 224 1
53 349 1
53 453 1
53 495 1
53 552 1
53 660 1
53 669 1
53 718 1
53 766 1
53 776 1
53 871 1
54 136 1
54 228 1
54 521 1
54 542 1
54 682 1
54 767 1
54 777 1
55 104 1
55 123 1
55 135 1
55 432 1
55 489 1
55 592 1
55 699 1
55 704 1
55 752 1
55 807 1
55 878 1
56 60 1
56 192 1
56 456 1
56 511 1
56 898 1
57 69 1
57 95 1
57 107 1
57 234 1
57 407 1
57 615 1
57 623 1
57 739 1
57 785 1
58 67 1
58 72 1
58 80 1
58 85 1
58 96 1
58 146 1
58 164 1
58 214 1
58 397 1
58 412 1
58 438 1
58 509 1
58 590 1
58 671 1
58 783 1
59 125 1
59 343 1
59 415 1
59 434 1
59 493 1
60 124 1
60 128 1
60 130 1
60 158 1
60 243 1
60 273 1
60 604 1
60 637 1
60 691 1
60 861 1
61 68 1
61 78 1
61 101 1
61 141 1
61 147 1
61 175 1
61 247 1
61 252 1
61 260 1
61 279 1
61 287 1
61 301 1
61 372 1
61 400 1
61 437 1
61 450 1
61 462 1
61 486 1
61 493 1
61 522 1
61 531 1
61 555 1
61 601 1
61 704 1
61 725 1
61 741 1
61 797 1
61 841 1
61 868 1
62 100 1
62 246 1
62 769 1
63 73 1
63 99 1
63 111 1
63 212 1
63 351 1
63 394 1
63 494 1
63 556 1
63 568 1
63 609 1
63 796 1
63 813 1
63 880 1
64 177 1
64 183 1
65 69 1
65 76 1
65 218 1
65 230 1
65 628 1
65 783 1
66 84 1
66 86 1
66 118 1
66 155 1
66 207 1
66 297 1
66 306 1
66 317 1
66 442 1
66 486 1
66 491 1
66 678 1
66 775 1
66 820 1
67 72 1
67 88 1
67 94 1
67 105 1
67 141 1
67 179 1
67 201 1
67 216 1
67 303 1
67 305 1
67 321 1
67 361 1
67 399 1
67 403 1
67 410 1
67 472 1
67 478 1
67 505 1
67 563 1
67 571 1
67 622 1
67 648 1
67 690 1
67 706 1
67 813 1
67 875 1
68 82 1
68 212 1
68 258 1
68 276 1
68 348 1
68 362 1
68 421 1
68 507 1
68 557 1
68 722 1
68 733 1
68 739 1
68 783 1
68 871 1
69 98 1
69 146 1
69 193 1
69 218 1
69 219 1
69 234 1
69 390 1
69 551 1
69 582 1
69 700 1
69 707 1
69 737 1
69 826 1
69 847 1
70 96 1
70 110 1
70 119 1
70 162 1
70 219 1
70 263 1
70 277 1
70 342 1
70 420 1
70 451 1
70 508 1
70 687 1
70 814 1
70 863 1
71 96 1
71 189 1
71 235 1
71 241 1
71 339 1
71 381 1
71 418 1
71 566 1
71 630 1
71 723 1
71 769 1
72 76 1
72 86 1
72 94 1
72 143 1
72 194 1
72 229 1
72 232 1
72 310 1
72 378 1
72 606 1
73 78 1
73 125 1
73 177 1
73 180 1
73 296 1
73 401 1
73 515 1
73 651 1
73 656 1
73 685 1
73 819 1
74 80 1
74 113 1
74 123 1
74 152 1
74 283 1
74 307 1
74 382 1
74 487 1
75 94 1
75 132 1
75 184 1
75 241 1
75 285 1
75 343 1
75 410 1
75 420 1
75 496 1
75 634 1
75 750 1
75 800 1
76 395 1
76 405 1
76 491 1
76 640 1
77 111 1
77 288 1
77 300 1
77 333 1
77 408 1
77 423 1
77 900 1
78 101 1
78 110 1
78 192 1
78 194 1
78 247 1
78 323 1
78 400 1
78 455 1
78 649 1
78 651 1
78 670 1
78 677 1
78 736 1
78 744 1
78 787 1
78 830 1
78 840 1
79 83 1
79 93 1
79 100 1
79 132 1
79 161 1
79 169 1
79 239 1
79 267 1
79 294 1
79 336 1
79 409 1
79 667 1
79 740 1
79 882 1
80 83 1
80 106 1
80 407 1
80 453 1
80 669 1
80 756 1
80 887 1
81 108 1
81 171 1
81 324 1
81 363 1
81 486 1
81 518 1
81 548 1
81 839 1
81 888 1
82 147 1
82 274 1
82 399 1
82 429 1
82 499 1
82 649 1
82 722 1
82 760 1
82 775 1
82 793 1
83 146 1
83 156 1
83 205 1
83 208 1
83 242 1
83 310 1
83 320 1
83 360 1
83 470 1
83 553 1
83 610 1
83 720 1
83 796 1
84 93 1
84 129 1
84 189 1
84 204 1
85 108 1
85 127 1
85 138 1
85 157 1
85 163 1
85 570 1
85 654 1
86 153 1
86 275 1
86 434 1
86 444 1
86 461 1
86 608 1
86 643 1
86 678 1
86 698 1
86 729 1
86 876 1
86 886 1
86 889 1
86 894 1
87 89 1
87 93 1
87 132 1
87 159 1
87 177 1
87 411 1
87 527 1
87 558 1
87 569 1
87 767 1
87 860 1
88 128 1
88 131 1
88 135 1
88 285 1
88 380 1
88 445 1
88 474 1
88 528 1
88 680 1
88 880 1
89 92 1
89 344 1
89 425 1
89 479 1
90 112 1
90 122 1
90 142 1
90 488 1
91 102 1
91 120 1
91 124 1
91 144 1
91 146 1
91 189 1
91 204 1
91 217 1
91 257 1
91 333 1
91 478 1
91 520 1
91 544 1
91 561 1
91 642 1
91 706 1
91 845 1
92 316 1
92 383 1
92 732 1
92 765 1
92 788 1
92 831 1
93 122 1
93 137 1
93 145 1
93 147 1
93 163 1
93 232 1
93 544 1
93 621 1
94 114 1
94 137 1
94 178 1
94 209 1
94 298 1
94 317 1
94 370 1
94 378 1
94 390 1
94 419 1
94 565 1
94 567 1
94 580 1
94 619 1
94 829 1
94 842 1
94 899 1
95 168 1
95 197 1
95 248 1
95 377 1
95 659 1
95 666 1
95 761 1
96 136 1
96 173 1
96 379 1
96 393 1
96 396 1
96 438 1
96 511 1
96 559 1
96 568 1
96 575 1
96 581 1
96 835 1
97 190 1
98 113 1
99 102 1
99 105 1
99 165 1
99 175 1
99 182 1
99 278 1
99 577 1
99 650 1
99 693 1
99 733 1
99 762 1
99 844 1
99 881 1
100 297 1
100 348 1
100 452 1
100 764 1
100 843 1
100 867 1
101 119 1
101 291 1
101 311 1
101 369 1
101 688 1
101 709 1
101 753 1
101 806 1
102 104 1
102 130 1
102 213 1
102 258 1
102 310 1
102 497 1
102 735 1
103 131 1
103 179 1
103 248 1
103 263 1
103 352 1
103 826 1
104 130 1
104 142 1
104 217 1
104 303 1
104 441 1
104 626 1
104 728 1
104 741 1
104 772 1
105 115 1
105 151 1
105 242 1
105 402 1
105 525 1
105 735 1
105 740 1
105 790 1
106 109 1
106 125 1
106 210 1
106 259 1
106 315 1
106 345 1
106 380 1
106 613 1
106 669 1
106 722 1
106 893 1
106 894 1
107 233 1
107 295 1
107 464 1
107 509 1
107 551 1
107 652 1
107 739 1
107 885 1
108 126 1
108 205 1
108 213 1
108 308 1
108 321 1
108 384 1
108 792 1
109 518 1
109 611 1
110 301 1
110 361 1
110 404 1
110 483 1
110 796 1
111 325 1
111 344 1
111 463 1
111 689 1
111 712 1
111 749 1
112 115 1
112 189 1
112 202 1
112 206 1
112 209 1
112 350 1
112 520 1
112 567 1
112 747 1
113 170 1
113 230 1
113 249 1
113 524 1
113 541 1
113 561 1
113 610 1
113 681 1
113 761 1
113 887 1
114 601 1
115 270 1
115 272 1
115 276 1
115 391 1
115 466 1
115 725 1
116 206 1
116 345 1
116 379 1
116 436 1
116 462 1
116 466 1
116 476 1
116 488 1
116 669 1
116 700 1
116 712 1
116 731 1
116 782 1
116 852 1
117 193 1
117 259 1
117 291 1
117 330 1
117 593 1
117 683 1
117 712 1
117 787 1
117 793 1
118 161 1
118 171 1
118 220 1
118 250 1
118 285 1
118 514 1
118 595 1
118 628 1
118 643 1
118 727 1
118 837 1
118 849 1
119 151 1
119 200 1
119 338 1
119 408 1
119 413 1
119 551 1
119 560 1
119 573 1
119 792 1
119 885 1
119 899 1
120 172 1
120 219 1
120 226 1
120 251 1
120 259 1
120 355 1
120 464 1
120 550 1
120 827 1
121 138 1
121 139 1
121 145 1
121 150 1
121 153 1
121 163 1
121 302 1
121 392 1
121 507 1
121 649 1
121 661 1
121 747 1
121 792 1
122 182 1
122 205 1
122 211 1
122 285 1
122 289 1
122 307 1
122 350 1
122 387 1
122 415 1
122 457 1
122 526 1
122 603 1
122 616 1
122 784 1
123 155 1
123 175 1
123 216 1
123 239 1
123 244 1
123 245 1
123 329 1
123 354 1
123 356 1
123 443 1
123 515 1
123 595 1
123 716 1
123 861 1
123 882 1
124 166 1
125 132 1
125 181 1
125 587 1
125 662 1
125 825 1
126 171 1
126 180 1
126 202 1
126 207 1
126 211 1
126 222 1
126 248 1
126 503 1
126 747 1
126 758 1
127 133 1
127 141 1
127 349 1
127 594 1
127 879 1
128 164 1
128 245 1
128 510 1
128 560 1
128 651 1
128 811 1
129 154 1
129 156 1
129 558 1
129 676 1
130 821 1
130 900 1
131 181 1
131 279 1
131 283 1
131 351 1
131 469 1
131 737 1
133 225 1
133 240 1
133 315 1
133 794 1
134 195 1
134 217 1
134 258 1
134 428 1
134 522 1
134 583 1
134 701 1
135 155 1
135 204 1
135 299 1
135 342 1
135 388 1
135 570 1
135 731 1
136 195 1
136 318 1
136 429 1
136 574 1
136 591 1
136 646 1
136 725 1
136 788 1
137 174 1
137 267 1
137 287 1
137 289 1
137 517 1
137 546 1
137 565 1
137 567 1
137 618 1
138 186 1
138 226 1
138 233 1
138 369 1
138 387 1
138 494 1
138 533 1
138 594 1
138 734 1
138 738 1
138 748 1
139 190 1
139 468 1
139 866 1
140 229 1
140 252 1
140 280 1
140 523 1
140 539 1
140 541 1
141 269 1
141 294 1
141 317 1
141 328 1
141 374 1
141 386 1
141 642 1
141 683 1
141 724 1
141 793 1
141 829 1
142 158 1
142 717 1
142 726 1
142 754 1
143 326 1
144 236 1
144 243 1
144 301 1
144 386 1
144 568 1
144 573 1
144 629 1
144 668 1
144 768 1
145 219 1
145 296 1
145 518 1
145 829 1
146 152 1
146 159 1
146 431 1
146 458 1
146 520 1
146 563 1
146 620 1
146 655 1
147 371 1
149 240 1
149 323 1
149 387 1
150 238 1
150 297 1
150 424 1
150 450 1
150 554 1
150 564 1
150 697 1
150 706 1
151 578 1
151 600 1
152 160 1
152 181 1
152 400 1
152 622 1
152 831 1
153 184 1
153 229 1
153 238 1
153 239 1
153 249 1
153 416 1
153 504 1
154 546 1
154 710 1
155 350 1
155 385 1
155 412 1
155 414 1
155 709 1
155 853 1
156 222 1
156 360 1
156 385 1
156 482 1
156 485 1
156 516 1
156 632 1
156 730 1
156 854 1
156 857 1
157 254 1
157 587 1
158 183 1
158 292 1
158 403 1
158 752 1
159 162 1
159 211 1
159 248 1
159 260 1
159 336 1
159 357 1
159 382 1
159 477 1
159 618 1
159 670 1
159 756 1
160 227 1
160 333 1
160 380 1
160 433 1
160 504 1
160 554 1
160 713 1
161 173 1
161 222 1
161 228 1
161 461 1
161 641 1
161 702 1
161 811 1
162 276 1
162 353 1
162 467 1
162 506 1
162 662 1
162 811 1
162 850 1
162 874 1
163 190 1
163 223 1
163 235 1
163 236 1
163 484 1
163 583 1
163 691 1
163 719 1
163 856 1
164 266 1
164 282 1
164 290 1
164 294 1
164 396 1
164 510 1
164 815 1
164 833 1
164 869 1
165 223 1
165 492 1
165 765 1
166 221 1
166 458 1
166 530 1
166 659 1
166 682 1
166 762 1
166 825 1
167 447 1
167 481 1
167 498 1
167 501 1
167 532 1
167 544 1
167 554 1
167 576 1
168 677 1
169 239 1
169 262 1
169 271 1
169 358 1
169 515 1
169 617 1
169 690 1
170 254 1
170 429 1
170 815 1
171 214 1
171 345 1
171 557 1
171 575 1
171 635 1
171 830 1
171 852 1
171 889 1
173 549 1
174 235 1
174 843 1
175 191 1
175 196 1
175 275 1
175 399 1
175 457 1
175 719 1
176 231 1
176 265 1
176 277 1
176 420 1
176 638 1
177 250 1
177 276 1
178 428 1
178 552 1
178 600 1
178 746 1
178 874 1
179 187 1
179 364 1
179 375 1
179 481 1
179 564 1
179 586 1
179 588 1
179 614 1
179 636 1
179 893 1
179 898 1
180 231 1
180 271 1
180 337 1
180 508 1
181 683 1
182 346 1
182 563 1
182 774 1
183 493 1
184 221 1
184 256 1
184 362 1
184 423 1
184 579 1
184 628 1
185 196 1
187 572 1
187 774 1
188 312 1
188 353 1
188 395 1
188 525 1
188 538 1
188 749 1
189 198 1
189 359 1
189 422 1
189 523 1
189 533 1
189 574 1
189 598 1
190 500 1
190 666 1
190 828 1
191 194 1
191 266 1
191 364 1
191 375 1
191 427 1
191 472 1
191 646 1
191 825 1
192 225 1
192 246 1
192 287 1
192 337 1
192 370 1
192 387 1
192 419 1
192 475 1
192 786 1
193 253 1
194 281 1
194 339 1
194 736 1
194 798 1
194 873 1
195 318 1
195 770 1
195 813 1
196 328 1
196 334 1
196 376 1
196 445 1
196 471 1
197 310 1
197 439 1
197 857 1
198 199 1
198 201 1
198 237 1
198 304 1
198 312 1
198 313 1
198 435 1
198 463 1
198 584 1
198 625 1
198 661 1
198 777 1
198 798 1
198 851 1
198 860 1
199 299 1
199 378 1
199 523 1
199 721 1
199 854 1
199 878 1
200 225 1
200 478 1
200 675 1
200 890 1
201 530 1
201 636 1
202 221 1
202 376 1
202 384 1
202 392 1
203 208 1
203 286 1
203 473 1
203 512 1
203 673 1
203 786 1
203 837 1
204 256 1
204 286 1
204 558 1
204 660 1
205 320 1
205 521 1
205 761 1
205 897 1
206 212 1
206 240 1
206 278 1
206 390 1
206 412 1
206 567 1
206 746 1
207 314 1
207 441 1
208 383 1
208 540 1
208 645 1
208 647 1
209 336 1
209 361 1
209 460 1
209 541 1
209 557 1
209 581 1
209 790 1
209 876 1
210 220 1
210 275 1
210 460 1
210 779 1
211 382 1
211 433 1
211 446 1
211 525 1
211 694 1
212 257 1
212 512 1
212 531 1
212 545 1
212 598 1
212 708 1
212 718 1
212 745 1
212 799 1
213 381 1
213 393 1
213 551 1
214 216 1
214 893 1
215 273 1
215 284 1
215 427 1
215 519 1
215 818 1
215 837 1
216 263 1
216 295 1
216 528 1
216 543 1
216 549 1
216 684 1
216 694 1
217 226 1
217 671 1
218 368 1
219 255 1
219 355 1
219 851 1
220 320 1
220 324 1
220 358 1
220 645 1
220 718 1
220 887 1
221 240 1
222 304 1
222 445 1
222 637 1
222 811 1
223 767 1
224 540 1
224 578 1
225 365 1
225 366 1
225 571 1
225 625 1
225 639 1
225 678 1
225 687 1
225 835 1
225 848 1
226 369 1
227 380 1
227 421 1
227 627 1
227 773 1
227 880 1
228 341 1
228 379 1
228 426 1
228 675 1
228 702 1
228 744 1
229 258 1
229 411 1
229 780 1
230 242 1
230 269 1
230 365 1
230 703 1
230 754 1
231 311 1
231 377 1
231 389 1
231 471 1
231 508 1
232 469 1
232 515 1
233 346 1
233 803 1
234 270 1
234 360 1
234 407 1
234 440 1
235 299 1
235 300 1
235 385 1
235 392 1
235 535 1
236 309 1
236 334 1
236 596 1
236 807 1
237 358 1
238 537 1
238 784 1
239 325 1
239 572 1
239 824 1
240 246 1
240 264 1
240 265 1
240 268 1
240 274 1
240 356 1
240 505 1
240 855 1
241 836 1
242 253 1
242 277 1
242 304 1
242 376 1
242 447 1
242 453 1
242 597 1
242 757 1
242 824 1
242 846 1
243 296 1
243 359 1
243 890 1
244 316 1
244 475 1
245 439 1
245 446 1
245 685 1
245 780 1
246 339 1
246 470 1
246 603 1
246 694 1
246 719 1
247 596 1
248 823 1
249 330 1
249 585 1
249 859 1
250 629 1
250 750 1
250 818 1
251 686 1
252 615 1
252 858 1
253 428 1
253 456 1
253 645 1
253 655 1
253 665 1
253 717 1
253 895 1
254 410 1
254 498 1
254 679 1
254 714 1
255 544 1
256 336 1
256 539 1
256 672 1
256 684 1
256 884 1
257 272 1
257 313 1
257 352 1
257 417 1
257 477 1
257 513 1
257 553 1
257 562 1
257 599 1
257 642 1
257 699 1
258 471 1
258 477 1
258 549 1
258 563 1
259 340 1
260 465 1
260 482 1
260 877 1
262 376 1
263 268 1
263 374 1
263 398 1
263 422 1
263 430 1
263 556 1
263 562 1
263 574 1
264 384 1
264 639 1
265 335 1
265 404 1
265 704 1
266 729 1
267 268 1
267 439 1
268 465 1
268 585 1
268 677 1
269 280 1
269 326 1
269 447 1
269 496 1
269 516 1
269 529 1
269 596 1
269 839 1
270 290 1
270 335 1
270 408 1
270 432 1
270 459 1
270 509 1
270 532 1
270 635 1
270 684 1
270 689 1
270 700 1
270 810 1
271 448 1
271 832 1
272 278 1
272 346 1
272 564 1
272 575 1
272 623 1
273 326 1
273 661 1
273 667 1
273 673 1
273 856 1
274 797 1
275 323 1
275 329 1
275 343 1
275 351 1
275 406 1
276 659 1
276 795 1
277 306 1
277 448 1
277 834 1
277 835 1
278 280 1
278 350 1
278 476 1
278 577 1
278 588 1
280 480 1
281 328 1
281 360 1
281 386 1
282 716 1
282 864 1
282 899 1
283 643 1
284 324 1
284 753 1
284 776 1
284 821 1
284 845 1
285 483 1
286 397 1
286 872 1
287 447 1
287 467 1
287 697 1
287 841 1
288 644 1
289 588 1
289 862 1
289 872 1
290 335 1
290 373 1
290 440 1
290 620 1
290 750 1
291 591 1
291 822 1
291 879 1
292 293 1
292 309 1
292 312 1
292 342 1
292 438 1
292 737 1
292 891 1
293 900 1
294 303 1
294 584 1
295 668 1
297 371 1
297 443 1
297 503 1
297 534 1
297 668 1
298 517 1
298 658 1
298 721 1
298 779 1
298 846 1
299 307 1
299 390 1
299 424 1
299 431 1
299 490 1
299 785 1
299 900 1
300 416 1
300 469 1
301 353 1
303 304 1
303 321 1
303 444 1
303 516 1
305 491 1
305 723 1
305 741 1
306 308 1
307 332 1
307 334 1
307 450 1
307 538 1
307 613 1
308 369 1
308 473 1
308 686 1
309 437 1
309 814 1
309 850 1
311 407 1
311 601 1
312 326 1
312 340 1
312 384 1
312 389 1
312 403 1
312 470 1
312 579 1
312 816 1
313 529 1
313 877 1
314 362 1
314 421 1
314 806 1
315 418 1
316 375 1
316 538 1
316 589 1
316 859 1
317 700 1
318 392 1
318 426 1
318 452 1
318 467 1
318 527 1
319 418 1
319 478 1
320 363 1
320 365 1
320 500 1
320 543 1
320 646 1
321 502 1
321 552 1
321 631 1
321 767 1
322 367 1
322 529 1
322 614 1
323 505 1
323 625 1
323 789 1
323 794 1
323 803 1
323 885 1
324 462 1
325 397 1
325 446 1
325 683 1
325 717 1
325 808 1
325 815 1
325 821 1
326 337 1
326 581 1
326 699 1
326 813 1
327 389 1
327 486 1
328 562 1
328 757 1
328 787 1
328 822 1
328 897 1
330 457 1
330 490 1
330 629 1
330 796 1
331 340 1
331 344 1
331 349 1
331 722 1
332 613 1
332 895 1
333 368 1
333 663 1
334 389 1
334 419 1
334 693 1
337 414 1
337 632 1
338 367 1
338 611 1
338 639 1
338 768 1
339 353 1
339 402 1
339 591 1
339 638 1
339 696 1
339 860 1
339 868 1
340 440 1
340 521 1
340 577 1
340 594 1
340 631 1
340 672 1
340 877 1
341 485 1
342 679 1
345 371 1
345 578 1
345 716 1
345 884 1
345 897 1
346 511 1
346 612 1
346 703 1
347 691 1
347 730 1
348 641 1
348 826 1
349 436 1
349 828 1
350 364 1
350 411 1
350 540 1
350 663 1
350 684 1
352 406 1
354 654 1
356 504 1
358 513 1
359 442 1
359 582 1
361 637 1
362 534 1
362 574 1
363 760 1
364 374 1
365 568 1
365 797 1
366 604 1
366 677 1
367 406 1
368 401 1
368 421 1
368 479 1
368 637 1
369 607 1
369 858 1
370 378 1
370 521 1
370 622 1
370 633 1
371 592 1
372 402 1
372 599 1
372 865 1
373 474 1
373 615 1
374 430 1
374 485 1
374 711 1
375 454 1
376 503 1
376 749 1
377 489 1
377 624 1
378 552 1
379 386 1
379 388 1
379 416 1
379 685 1
379 752 1
379 801 1
381 679 1
381 861 1
382 477 1
382 657 1
382 848 1
382 878 1
384 475 1
384 772 1
385 412 1
385 425 1
385 434 1
385 437 1
385 519 1
385 724 1
385 886 1
387 489 1
389 610 1
389 619 1
389 638 1
389 818 1
390 580 1
390 649 1
390 791 1
391 415 1
391 896 1
392 537 1
392 620 1
392 714 1
392 781 1
393 426 1
393 707 1
393 708 1
393 874 1
394 409 1
394 431 1
394 884 1
395 657 1
396 503 1
396 731 1
397 696 1
397 815 1
398 413 1
398 605 1
398 685 1
399 548 1
399 624 1
399 781 1
400 537 1
400 797 1
401 494 1
401 495 1
402 624 1
404 753 1
404 759 1
404 809 1
405 476 1
405 613 1
405 653 1
406 449 1
406 480 1
406 618 1
406 751 1
406 790 1
406 898 1
407 758 1
408 643 1
408 652 1
408 723 1
409 433 1
410 413 1
410 739 1
412 481 1
412 501 1
412 612 1
414 545 1
414 612 1
415 590 1
415 799 1
415 878 1
416 543 1
417 465 1
418 564 1
418 627 1
418 650 1
418 743 1
418 844 1
419 680 1
420 524 1
420 589 1
421 602 1
422 660 1
423 490 1
424 498 1
425 520 1
425 888 1
426 580 1
426 708 1
426 839 1
428 464 1
428 644 1
428 834 1
429 833 1
430 607 1
431 824 1
431 869 1
432 530 1
433 742 1
433 843 1
434 492 1
434 733 1
434 802 1
435 713 1
437 449 1
437 603 1
437 814 1
438 890 1
441 476 1
441 674 1
442 820 1
443 507 1
444 466 1
444 576 1
444 593 1
445 670 1
446 570 1
447 608 1
447 795 1
447 896 1
448 865 1
449 457 1
449 537 1
449 667 1
451 675 1
452 645 1
453 605 1
453 787 1
457 526 1
458 655 1
458 874 1
459 472 1
459 710 1
460 707 1
461 698 1
462 582 1
464 491 1
464 832 1
466 743 1
466 853 1
467 495 1
467 561 1
467 565 1
467 888 1
468 625 1
468 695 1
468 738 1
469 714 1
469 783 1
469 803 1
471 536 1
474 496 1
474 599 1
474 799 1
474 849 1
474 851 1
476 653 1
478 630 1
478 850 1
479 585 1
479 644 1
480 522 1
480 734 1
481 501 1
481 890 1
483 558 1
484 492 1
485 488 1
485 531 1
485 562 1
486 550 1
486 606 1
486 703 1
487 548 1
487 751 1
488 715 1
491 779 1
493 571 1
493 710 1
494 556 1
494 639 1
495 533 1
495 547 1
495 689 1
495 867 1
496 572 1
496 860 1
498 704 1
498 802 1
499 715 1
499 775 1
500 640 1
502 536 1
502 540 1
502 742 1
502 769 1
502 779 1
503 846 1
505 534 1
505 671 1
505 726 1
505 758 1
505 875 1
506 886 1
507 654 1
508 695 1
508 750 1
509 518 1
509 573 1
509 720 1
509 843 1
509 866 1
509 894 1
510 582 1
511 734 1
512 763 1
513 781 1
515 733 1
515 784 1
517 616 1
517 766 1
519 884 1
521 592 1
521 899 1
522 648 1
523 546 1
525 765 1
525 853 1
526 633 1
529 547 1
530 681 1
530 740 1
531 550 1
531 786 1
532 635 1
532 728 1
532 763 1
532 898 1
537 576 1
539 586 1
539 590 1
539 664 1
539 688 1
541 855 1
542 786 1
543 553 1
543 772 1
544 736 1
545 559 1
545 800 1
546 633 1
548 656 1
548 736 1
548 827 1
549 681 1
550 895 1
552 631 1
556 705 1
557 617 1
557 692 1
557 696 1
557 702 1
557 724 1
557 845 1
558 630 1
558 804 1
559 600 1
563 617 1
564 670 1
564 880 1
565 665 1
565 676 1
565 697 1
565 812 1
567 724 1
568 768 1
571 577 1
573 715 1
574 881 1
577 812 1
578 817 1
579 674 1
580 719 1
581 651 1
581 891 1
582 626 1
582 660 1
583 827 1
587 690 1
591 665 1
591 870 1
592 662 1
592 701 1
592 781 1
592 785 1
592 823 1
594 652 1
595 772 1
598 798 1
599 876 1
601 809 1
602 731 1
605 755 1
609 842 1
610 759 1
610 814 1
610 849 1
612 647 1
612 657 1
612 681 1
612 831 1
613 698 1
614 729 1
614 732 1
616 648 1
616 879 1
617 791 1
617 816 1
617 892 1
618 756 1
619 771 1
622 686 1
623 840 1
628 688 1
629 801 1
630 830 1
630 833 1
631 663 1
631 896 1
633 757 1
634 696 1
636 744 1
640 792 1
640 870 1
642 694 1
642 795 1
642 848 1
645 702 1
645 820 1
648 862 1
650 819 1
653 692 1
653 751 1
654 771 1
654 809 1
659 712 1
660 701 1
660 748 1
660 757 1
662 672 1
663 877 1
664 804 1
667 693 1
669 705 1
670 872 1
676 817 1
679 853 1
680 805 1
680 883 1
681 701 1
681 822 1
684 728 1
685 801 1
689 845 1
690 856 1
693 727 1
693 771 1
694 816 1
696 789 1
696 841 1
702 732 1
704 876 1
704 888 1
705 827 1
709 806 1
712 892 1
713 777 1
715 784 1
719 832 1
721 727 1
724 749 1
726 858 1
727 788 1
727 869 1
728 758 1
728 808 1
729 818 1
730 732 1
734 863 1
734 875 1
736 778 1
738 755 1
738 790 1
741 798 1
742 744 1
742 782 1
742 812 1
745 778 1
748 805 1
748 837 1
754 789 1
762 844 1
763 809 1
766 891 1
768 886 1
770 838 1
772 840 1
772 868 1
772 893 1
782 872 1
783 819 1
794 895 1
796 808 1
796 865 1
798 836 1
809 897 1
816 892 1
817 832 1
838 896 1
860 862 1
863 875 1
864 892 1
