700 2781 
1 5 1
1 6 1
1 7 1
1 9 1
1 10 1
1 12 1
1 15 1
1 20 1
1 37 1
1 46 1
1 49 1
1 53 1
1 68 1
1 89 1
1 94 1
1 95 1
1 115 1
1 118 1
1 137 1
1 152 1
1 154 1
1 164 1
1 183 1
1 218 1
1 260 1
1 262 1
1 276 1
1 286 1
1 290 1
1 297 1
1 328 1
1 339 1
1 361 1
1 414 1
1 440 1
1 445 1
1 513 1
1 535 1
1 546 1
1 612 1
2 5 1
2 6 1
2 7 1
2 8 1
2 9 1
2 11 1
2 12 1
2 13 1
2 14 1
2 18 1
2 20 1
2 21 1
2 22 1
2 28 1
2 38 1
2 42 1
2 46 1
2 47 1
2 50 1
2 52 1
2 54 1
2 58 1
2 60 1
2 68 1
2 69 1
2 72 1
2 73 1
2 74 1
2 84 1
2 86 1
2 88 1
2 89 1
2 92 1
2 105 1
2 109 1
2 111 1
2 113 1
2 127 1
2 132 1
2 136 1
2 139 1
2 140 1
2 141 1
2 142 1
2 153 1
2 155 1
2 160 1
2 173 1
2 182 1
2 183 1
2 202 1
2 227 1
2 243 1
2 246 1
2 252 1
2 257 1
2 269 1
2 270 1
2 272 1
2 277 1
2 279 1
2 287 1
2 310 1
2 311 1
2 315 1
2 317 1
2 320 1
2 324 1
2 337 1
2 339 1
2 347 1
2 356 1
2 357 1
2 367 1
2 371 1
2 375 1
2 387 1
2 396 1
2 407 1
2 416 1
2 420 1
2 436 1
2 437 1
2 468 1
2 477 1
2 481 1
2 508 1
2 518 1
2 530 1
2 565 1
2 568 1
2 569 1
2 581 1
2 630 1
2 657 1
2 674 1
2 694 1
2 696 1
3 5 1
3 20 1
3 25 1
3 89 1
3 185 1
3 199 1
3 265 1
3 475 1
3 505 1
3 638 1
3 643 1
3 677 1
3 696 1
4 5 1
4 6 1
4 8 1
4 10 1
4 11 1
4 13 1
4 17 1
4 18 1
4 19 1
4 24 1
4 27 1
4 28 1
4 33 1
4 34 1
4 41 1
4 43 1
4 44 1
4 45 1
4 48 1
4 50 1
4 78 1
4 81 1
4 92 1
4 98 1
4 104 1
4 118 1
4 125 1
4 134 1
4 142 1
4 165 1
4 167 1
4 171 1
4 206 1
4 221 1
4 233 1
4 241 1
4 274 1
4 325 1
4 358 1
4 384 1
4 447 1
4 530 1
4 535 1
4 562 1
4 637 1
5 6 1
5 7 1
5 8 1
5 11 1
5 13 1
5 16 1
5 19 1
5 22 1
5 23 1
5 24 1
5 25 1
5 26 1
5 27 1
5 35 1
5 42 1
5 55 1
5 59 1
5 61 1
5 62 1
5 64 1
5 66 1
5 68 1
5 72 1
5 77 1
5 79 1
5 93 1
5 98 1
5 102 1
5 104 1
5 117 1
5 119 1
5 122 1
5 143 1
5 146 1
5 150 1
5 157 1
5 182 1
5 190 1
5 197 1
5 205 1
5 217 1
5 220 1
5 225 1
5 251 1
5 253 1
5 264 1
5 265 1
5 267 1
5 293 1
5 294 1
5 317 1
5 323 1
5 337 1
5 357 1
5 390 1
5 398 1
5 414 1
5 483 1
5 527 1
5 544 1
5 560 1
5 567 1
5 610 1
5 618 1
5 640 1
5 687 1
6 7 1
6 8 1
6 10 1
6 14 1
6 15 1
6 16 1
6 19 1
6 26 1
6 29 1
6 30 1
6 39 1
6 47 1
6 53 1
6 55 1
6 57 1
6 58 1
6 67 1
6 70 1
6 76 1
6 91 1
6 94 1
6 106 1
6 107 1
6 110 1
6 112 1
6 114 1
6 135 1
6 150 1
6 153 1
6 162 1
6 192 1
6 204 1
6 276 1
6 288 1
6 304 1
6 313 1
6 323 1
6 344 1
6 399 1
6 438 1
6 452 1
6 466 1
6 472 1
6 504 1
6 554 1
6 600 1
6 601 1
7 9 1
7 11 1
7 12 1
7 14 1
7 15 1
7 16 1
7 25 1
7 29 1
7 31 1
7 32 1
7 42 1
7 53 1
7 56 1
7 59 1
7 61 1
7 80 1
7 82 1
7 83 1
7 87 1
7 93 1
7 99 1
7 118 1
7 123 1
7 134 1
7 150 1
7 177 1
7 181 1
7 192 1
7 193 1
7 194 1
7 208 1
7 221 1
7 230 1
7 242 1
7 262 1
7 263 1
7 285 1
7 293 1
7 300 1
7 311 1
7 322 1
7 345 1
7 393 1
7 398 1
7 412 1
7 458 1
7 543 1
7 605 1
7 650 1
7 658 1
7 678 1
7 682 1
8 9 1
8 14 1
8 17 1
8 19 1
8 21 1
8 26 1
8 30 1
8 32 1
8 33 1
8 34 1
8 40 1
8 45 1
8 52 1
8 70 1
8 73 1
8 110 1
8 119 1
8 157 1
8 160 1
8 163 1
8 191 1
8 197 1
8 232 1
8 250 1
8 273 1
8 286 1
8 293 1
8 294 1
8 295 1
8 300 1
8 329 1
8 353 1
8 360 1
8 377 1
8 401 1
8 485 1
8 496 1
8 573 1
8 669 1
8 672 1
8 680 1
9 10 1
9 13 1
9 16 1
9 18 1
9 22 1
9 23 1
9 26 1
9 31 1
9 38 1
9 43 1
9 46 1
9 51 1
9 62 1
9 69 1
9 72 1
9 76 1
9 82 1
9 137 1
9 141 1
9 147 1
9 156 1
9 160 1
9 167 1
9 173 1
9 195 1
9 203 1
9 209 1
9 218 1
9 243 1
9 245 1
9 254 1
9 262 1
9 283 1
9 291 1
9 318 1
9 320 1
9 325 1
9 343 1
9 395 1
9 396 1
9 412 1
9 418 1
9 441 1
9 481 1
9 489 1
9 503 1
9 525 1
9 533 1
9 557 1
9 559 1
9 565 1
9 568 1
9 610 1
9 616 1
9 654 1
9 675 1
9 683 1
10 15 1
10 25 1
10 38 1
10 42 1
10 49 1
10 62 1
10 95 1
10 97 1
10 116 1
10 126 1
10 127 1
10 248 1
10 265 1
10 296 1
10 324 1
10 336 1
10 380 1
10 392 1
10 408 1
10 453 1
10 463 1
10 542 1
10 561 1
10 572 1
10 594 1
10 667 1
11 12 1
11 17 1
11 18 1
11 23 1
11 33 1
11 41 1
11 43 1
11 46 1
11 51 1
11 71 1
11 75 1
11 84 1
11 94 1
11 95 1
11 99 1
11 101 1
11 102 1
11 125 1
11 130 1
11 131 1
11 132 1
11 136 1
11 158 1
11 177 1
11 204 1
11 238 1
11 301 1
11 302 1
11 313 1
11 320 1
11 339 1
11 343 1
11 383 1
11 405 1
11 431 1
11 439 1
11 453 1
11 457 1
11 486 1
11 489 1
11 522 1
11 574 1
11 599 1
11 633 1
11 635 1
11 650 1
11 675 1
11 690 1
12 23 1
12 35 1
12 37 1
12 38 1
12 40 1
12 48 1
12 61 1
12 68 1
12 73 1
12 75 1
12 88 1
12 91 1
12 98 1
12 99 1
12 105 1
12 109 1
12 114 1
12 204 1
12 205 1
12 206 1
12 207 1
12 239 1
12 266 1
12 336 1
12 339 1
12 347 1
12 350 1
12 354 1
12 358 1
12 380 1
12 447 1
12 456 1
12 464 1
12 477 1
12 478 1
12 483 1
12 523 1
12 526 1
12 575 1
12 608 1
12 624 1
12 627 1
12 676 1
13 24 1
13 27 1
13 30 1
13 37 1
13 54 1
13 71 1
13 85 1
13 158 1
13 161 1
13 190 1
13 224 1
13 240 1
13 242 1
13 277 1
13 321 1
13 385 1
13 401 1
13 410 1
13 420 1
13 486 1
13 494 1
13 499 1
13 663 1
14 17 1
14 21 1
14 36 1
14 54 1
14 80 1
14 101 1
14 141 1
14 238 1
14 244 1
14 268 1
14 304 1
14 335 1
14 402 1
14 442 1
14 530 1
15 22 1
15 28 1
15 29 1
15 44 1
15 56 1
15 77 1
15 81 1
15 89 1
15 107 1
15 239 1
15 501 1
15 666 1
16 33 1
16 34 1
16 174 1
16 267 1
16 395 1
16 665 1
17 20 1
17 29 1
17 30 1
17 36 1
17 40 1
17 48 1
17 52 1
17 58 1
17 67 1
17 79 1
17 96 1
17 108 1
17 117 1
17 121 1
17 123 1
17 129 1
17 140 1
17 145 1
17 160 1
17 166 1
17 196 1
17 212 1
17 225 1
17 234 1
17 240 1
17 274 1
17 277 1
17 307 1
17 312 1
17 316 1
17 318 1
17 330 1
17 349 1
17 355 1
17 363 1
17 364 1
17 374 1
17 428 1
17 432 1
17 434 1
17 491 1
17 498 1
17 510 1
17 514 1
17 538 1
17 558 1
17 564 1
17 578 1
17 607 1
17 687 1
17 688 1
17 691 1
18 21 1
18 31 1
18 72 1
18 102 1
18 139 1
18 148 1
18 195 1
18 209 1
18 301 1
18 317 1
18 336 1
18 410 1
18 414 1
18 421 1
18 516 1
18 537 1
18 563 1
18 661 1
19 35 1
19 40 1
19 47 1
19 63 1
19 85 1
19 102 1
19 145 1
19 163 1
19 197 1
19 210 1
19 266 1
19 312 1
19 403 1
19 464 1
19 515 1
19 550 1
19 563 1
19 586 1
19 626 1
19 657 1
20 32 1
20 45 1
20 50 1
20 73 1
20 74 1
20 151 1
20 172 1
20 248 1
20 250 1
20 291 1
20 333 1
20 491 1
20 498 1
20 570 1
20 662 1
20 679 1
21 48 1
21 51 1
21 116 1
21 142 1
21 155 1
21 242 1
21 296 1
21 319 1
21 510 1
21 512 1
21 560 1
22 24 1
22 28 1
22 32 1
22 34 1
22 59 1
22 60 1
22 65 1
22 103 1
22 109 1
22 113 1
22 124 1
22 134 1
22 148 1
22 247 1
22 252 1
22 259 1
22 260 1
22 263 1
22 290 1
22 308 1
22 340 1
22 366 1
22 369 1
22 417 1
22 470 1
22 477 1
22 490 1
22 563 1
22 605 1
22 635 1
22 644 1
22 656 1
22 673 1
23 35 1
23 76 1
23 236 1
23 253 1
23 453 1
23 658 1
23 670 1
24 44 1
24 97 1
24 213 1
24 275 1
24 360 1
25 37 1
25 52 1
25 55 1
25 117 1
25 133 1
25 135 1
25 137 1
25 138 1
25 161 1
25 165 1
25 168 1
25 179 1
25 181 1
25 185 1
25 186 1
25 215 1
25 223 1
25 233 1
25 236 1
25 252 1
25 287 1
25 309 1
25 315 1
25 319 1
25 332 1
25 348 1
25 399 1
25 422 1
25 428 1
25 448 1
25 464 1
25 467 1
25 493 1
25 550 1
25 559 1
25 584 1
25 640 1
25 644 1
25 653 1
25 679 1
25 689 1
25 699 1
26 27 1
26 39 1
26 41 1
26 62 1
26 66 1
26 88 1
26 100 1
26 111 1
26 128 1
26 200 1
26 212 1
26 234 1
26 276 1
26 282 1
26 292 1
26 296 1
26 303 1
26 307 1
26 311 1
26 352 1
26 353 1
26 413 1
26 422 1
26 443 1
26 473 1
26 481 1
26 526 1
26 595 1
26 681 1
27 43 1
27 149 1
27 207 1
27 216 1
27 296 1
27 323 1
27 416 1
28 31 1
28 53 1
28 65 1
28 66 1
28 74 1
28 77 1
28 106 1
28 147 1
28 149 1
28 273 1
28 285 1
28 290 1
28 291 1
28 372 1
28 386 1
28 535 1
28 667 1
28 695 1
28 700 1
29 39 1
29 41 1
29 51 1
29 56 1
29 67 1
29 71 1
29 85 1
29 103 1
29 105 1
29 112 1
29 140 1
29 143 1
29 153 1
29 169 1
29 175 1
29 243 1
29 244 1
29 261 1
29 268 1
29 315 1
29 359 1
29 400 1
29 406 1
29 438 1
29 457 1
29 580 1
29 587 1
29 589 1
29 687 1
30 69 1
30 165 1
30 267 1
30 280 1
30 351 1
30 370 1
30 406 1
30 520 1
30 539 1
31 36 1
31 49 1
31 57 1
31 63 1
31 86 1
31 100 1
31 122 1
31 172 1
31 189 1
31 201 1
31 204 1
31 208 1
31 230 1
31 251 1
31 335 1
31 427 1
31 450 1
31 566 1
31 590 1
31 628 1
32 56 1
32 57 1
32 96 1
32 110 1
32 200 1
32 222 1
32 298 1
32 370 1
32 519 1
32 568 1
33 39 1
33 81 1
33 176 1
33 207 1
33 275 1
33 305 1
33 314 1
33 404 1
33 411 1
33 588 1
33 597 1
33 635 1
33 698 1
34 36 1
34 61 1
34 90 1
34 113 1
34 133 1
34 146 1
34 223 1
34 247 1
34 309 1
34 641 1
35 45 1
35 47 1
35 59 1
35 65 1
35 74 1
35 81 1
35 99 1
35 108 1
35 154 1
35 212 1
35 336 1
35 338 1
35 371 1
35 372 1
35 376 1
35 425 1
35 460 1
35 478 1
35 555 1
35 646 1
35 661 1
36 63 1
36 103 1
36 104 1
36 106 1
36 156 1
36 176 1
36 321 1
36 374 1
36 407 1
36 411 1
36 527 1
36 632 1
37 218 1
37 287 1
37 333 1
37 429 1
37 554 1
37 575 1
37 680 1
38 363 1
38 432 1
38 523 1
39 44 1
39 54 1
39 195 1
39 316 1
39 346 1
39 354 1
39 383 1
39 404 1
39 528 1
39 594 1
39 628 1
40 96 1
40 161 1
40 212 1
40 312 1
40 376 1
40 461 1
40 498 1
40 668 1
41 125 1
41 142 1
41 196 1
41 270 1
41 316 1
41 393 1
41 515 1
41 577 1
41 627 1
41 634 1
41 647 1
41 680 1
42 93 1
42 229 1
42 246 1
42 308 1
42 391 1
42 553 1
43 82 1
43 91 1
43 130 1
43 170 1
43 178 1
43 181 1
43 187 1
43 202 1
43 245 1
43 256 1
43 318 1
43 326 1
43 345 1
43 404 1
43 413 1
43 504 1
43 521 1
43 542 1
43 556 1
43 559 1
43 567 1
43 589 1
43 597 1
43 643 1
43 666 1
43 676 1
43 691 1
44 60 1
44 65 1
44 90 1
44 119 1
44 123 1
44 171 1
44 203 1
44 231 1
44 261 1
44 266 1
44 358 1
44 379 1
44 531 1
45 49 1
45 50 1
45 96 1
45 116 1
45 117 1
45 121 1
45 162 1
45 211 1
45 219 1
45 220 1
45 377 1
45 386 1
45 392 1
45 405 1
45 509 1
45 560 1
45 569 1
45 683 1
46 55 1
46 58 1
46 64 1
46 78 1
46 144 1
46 224 1
46 237 1
46 259 1
46 284 1
46 288 1
46 322 1
46 359 1
46 391 1
46 457 1
46 630 1
46 639 1
46 696 1
47 83 1
47 184 1
47 465 1
48 57 1
48 66 1
48 87 1
48 112 1
48 159 1
48 173 1
48 182 1
48 214 1
48 220 1
48 226 1
48 275 1
48 302 1
48 309 1
48 447 1
48 451 1
48 473 1
48 514 1
48 609 1
48 615 1
48 631 1
48 636 1
48 638 1
48 669 1
48 692 1
49 119 1
49 129 1
49 143 1
49 155 1
49 162 1
49 199 1
49 202 1
49 208 1
49 214 1
49 247 1
49 308 1
49 499 1
49 618 1
49 692 1
50 70 1
50 75 1
50 115 1
50 126 1
50 127 1
50 217 1
50 232 1
50 255 1
50 390 1
50 406 1
50 448 1
50 484 1
50 502 1
50 536 1
50 554 1
50 576 1
50 620 1
50 644 1
50 697 1
51 64 1
51 129 1
51 175 1
51 176 1
51 462 1
51 596 1
51 664 1
52 63 1
52 82 1
52 88 1
52 104 1
52 121 1
52 134 1
52 148 1
52 158 1
52 231 1
52 328 1
52 405 1
52 446 1
52 450 1
52 572 1
52 574 1
52 651 1
52 665 1
53 80 1
53 107 1
53 123 1
53 199 1
53 265 1
53 297 1
53 372 1
53 385 1
53 393 1
53 456 1
53 593 1
53 694 1
54 77 1
54 90 1
54 158 1
54 222 1
54 354 1
54 456 1
54 505 1
54 556 1
54 623 1
54 686 1
55 98 1
55 186 1
55 217 1
55 281 1
55 479 1
56 83 1
56 85 1
56 86 1
56 120 1
56 144 1
56 164 1
56 200 1
56 227 1
56 241 1
56 315 1
56 399 1
56 547 1
56 551 1
56 570 1
56 575 1
56 577 1
56 612 1
56 634 1
57 114 1
57 214 1
57 235 1
57 257 1
57 437 1
57 442 1
57 508 1
57 591 1
58 60 1
58 64 1
58 100 1
58 101 1
58 109 1
58 110 1
58 127 1
58 146 1
58 149 1
58 152 1
58 165 1
58 258 1
58 277 1
58 279 1
58 303 1
58 352 1
58 505 1
58 591 1
58 622 1
58 640 1
59 78 1
59 83 1
59 137 1
59 138 1
59 144 1
59 229 1
59 491 1
59 585 1
59 693 1
60 232 1
60 367 1
60 493 1
60 536 1
60 684 1
61 67 1
61 70 1
61 76 1
61 145 1
61 192 1
61 417 1
61 619 1
61 657 1
61 688 1
62 87 1
62 91 1
62 92 1
62 97 1
62 112 1
62 132 1
62 179 1
62 199 1
62 295 1
62 299 1
62 356 1
62 516 1
62 534 1
62 551 1
63 84 1
63 97 1
63 146 1
63 152 1
63 169 1
63 197 1
63 213 1
63 254 1
63 256 1
63 334 1
63 351 1
63 379 1
63 408 1
63 416 1
63 439 1
63 445 1
63 526 1
63 623 1
64 176 1
64 235 1
64 294 1
64 414 1
64 516 1
65 69 1
65 71 1
65 75 1
65 79 1
65 191 1
65 306 1
65 320 1
65 366 1
65 375 1
65 402 1
65 404 1
65 418 1
65 440 1
65 451 1
65 534 1
65 564 1
65 615 1
65 636 1
65 654 1
65 667 1
66 111 1
66 135 1
66 147 1
66 403 1
66 490 1
66 520 1
66 567 1
67 225 1
67 587 1
68 86 1
68 93 1
68 115 1
68 194 1
68 211 1
68 255 1
68 356 1
69 79 1
69 87 1
69 133 1
69 138 1
69 156 1
69 157 1
69 169 1
69 193 1
69 194 1
69 206 1
69 215 1
69 224 1
69 270 1
69 321 1
69 338 1
69 374 1
69 432 1
69 449 1
70 120 1
70 178 1
70 241 1
70 391 1
70 417 1
70 428 1
70 455 1
70 479 1
70 500 1
70 510 1
70 588 1
70 693 1
71 80 1
71 131 1
71 167 1
71 353 1
71 569 1
71 650 1
71 670 1
72 122 1
72 133 1
72 154 1
72 192 1
72 205 1
72 257 1
72 329 1
72 333 1
72 389 1
72 469 1
72 509 1
72 660 1
73 90 1
73 161 1
73 179 1
73 348 1
73 452 1
73 455 1
73 460 1
73 507 1
73 601 1
73 617 1
74 419 1
75 78 1
75 95 1
75 135 1
75 236 1
75 319 1
75 554 1
76 84 1
76 100 1
76 103 1
76 139 1
76 162 1
76 175 1
76 190 1
76 194 1
76 198 1
76 205 1
76 285 1
76 331 1
76 333 1
76 340 1
76 362 1
76 392 1
76 443 1
76 474 1
76 488 1
76 591 1
76 645 1
77 263 1
77 279 1
77 352 1
77 442 1
77 465 1
78 376 1
78 429 1
78 630 1
79 126 1
79 198 1
79 218 1
79 230 1
79 357 1
79 433 1
79 456 1
79 485 1
79 555 1
80 266 1
80 314 1
80 330 1
80 334 1
80 441 1
80 501 1
81 132 1
81 139 1
81 188 1
81 396 1
82 111 1
82 150 1
82 156 1
82 177 1
82 189 1
82 225 1
82 244 1
82 246 1
82 255 1
82 264 1
82 275 1
82 311 1
82 355 1
82 446 1
82 458 1
82 459 1
82 480 1
82 499 1
82 511 1
82 536 1
82 590 1
82 659 1
82 692 1
83 101 1
83 107 1
83 164 1
83 279 1
83 310 1
83 375 1
83 451 1
83 581 1
84 113 1
84 114 1
84 159 1
84 163 1
84 172 1
84 203 1
84 239 1
84 589 1
84 646 1
84 692 1
85 92 1
85 106 1
85 108 1
85 124 1
85 125 1
85 145 1
85 168 1
85 171 1
85 178 1
85 249 1
85 281 1
85 289 1
85 298 1
85 313 1
85 389 1
85 397 1
85 426 1
85 435 1
85 472 1
85 474 1
85 495 1
85 606 1
85 627 1
85 663 1
86 166 1
86 180 1
86 183 1
86 346 1
86 461 1
86 525 1
87 120 1
87 151 1
87 426 1
88 169 1
88 238 1
88 364 1
89 94 1
89 151 1
89 174 1
89 249 1
89 273 1
89 411 1
89 420 1
89 670 1
90 148 1
90 217 1
90 449 1
90 480 1
91 188 1
91 196 1
91 239 1
91 295 1
91 299 1
91 388 1
91 409 1
91 463 1
91 517 1
92 116 1
92 144 1
92 159 1
92 185 1
92 193 1
92 318 1
92 454 1
92 482 1
92 521 1
92 551 1
92 553 1
93 174 1
93 251 1
93 370 1
93 439 1
93 677 1
94 124 1
94 140 1
94 189 1
94 394 1
95 129 1
95 226 1
95 295 1
95 347 1
95 506 1
95 594 1
96 189 1
96 219 1
96 224 1
96 348 1
96 613 1
97 200 1
97 215 1
97 220 1
97 291 1
97 342 1
97 474 1
97 481 1
97 648 1
98 216 1
98 263 1
98 280 1
98 400 1
98 529 1
99 115 1
99 122 1
99 130 1
99 253 1
99 258 1
99 304 1
99 388 1
99 423 1
99 444 1
99 458 1
99 462 1
99 476 1
99 477 1
99 520 1
99 533 1
99 572 1
99 685 1
99 699 1
100 249 1
100 305 1
100 325 1
100 514 1
100 645 1
101 168 1
101 210 1
101 251 1
101 319 1
101 360 1
101 366 1
101 547 1
101 552 1
101 634 1
102 121 1
102 136 1
102 272 1
102 307 1
102 435 1
102 440 1
102 473 1
102 495 1
102 603 1
103 154 1
103 264 1
103 298 1
103 540 1
104 105 1
104 128 1
104 306 1
104 378 1
104 381 1
104 511 1
104 512 1
105 211 1
105 504 1
105 539 1
105 619 1
105 646 1
106 108 1
106 124 1
106 151 1
106 170 1
106 187 1
106 256 1
106 322 1
106 386 1
106 412 1
106 417 1
106 452 1
106 484 1
106 549 1
106 653 1
107 163 1
107 209 1
107 292 1
107 353 1
107 509 1
107 590 1
108 248 1
108 363 1
109 195 1
109 367 1
109 471 1
109 506 1
109 519 1
110 544 1
111 259 1
111 314 1
111 347 1
111 675 1
111 697 1
112 131 1
112 179 1
112 198 1
113 118 1
113 167 1
113 174 1
113 180 1
113 216 1
113 299 1
113 324 1
113 370 1
113 382 1
113 397 1
113 407 1
113 468 1
114 198 1
114 422 1
115 130 1
115 141 1
115 221 1
115 250 1
115 258 1
115 287 1
115 341 1
115 485 1
115 503 1
115 524 1
115 546 1
115 621 1
115 629 1
115 662 1
116 226 1
116 379 1
116 415 1
117 164 1
117 188 1
117 214 1
117 246 1
117 283 1
117 286 1
117 288 1
117 300 1
117 301 1
117 373 1
117 419 1
117 444 1
117 461 1
117 482 1
117 484 1
118 120 1
118 155 1
118 173 1
118 385 1
118 545 1
118 560 1
118 674 1
119 278 1
119 603 1
119 622 1
120 149 1
120 178 1
120 321 1
120 386 1
120 430 1
120 678 1
121 128 1
121 183 1
121 271 1
121 342 1
121 413 1
121 435 1
121 615 1
122 394 1
122 503 1
123 166 1
123 170 1
123 228 1
123 237 1
123 356 1
123 379 1
123 605 1
123 665 1
123 700 1
124 126 1
124 128 1
124 131 1
124 278 1
124 388 1
124 449 1
124 476 1
124 637 1
124 647 1
125 168 1
125 380 1
125 583 1
126 413 1
127 337 1
127 448 1
127 573 1
127 603 1
127 661 1
128 138 1
128 157 1
128 208 1
128 300 1
128 375 1
128 463 1
128 487 1
128 667 1
128 684 1
129 184 1
129 226 1
129 328 1
129 517 1
130 229 1
130 232 1
130 284 1
130 433 1
130 524 1
130 650 1
130 676 1
131 367 1
131 539 1
131 617 1
132 184 1
132 196 1
132 252 1
132 327 1
132 343 1
132 471 1
132 587 1
132 622 1
132 655 1
133 166 1
133 186 1
133 190 1
133 223 1
133 365 1
133 421 1
133 549 1
133 580 1
133 659 1
134 147 1
134 152 1
134 219 1
134 229 1
134 384 1
135 270 1
135 317 1
135 429 1
135 584 1
136 361 1
136 687 1
137 143 1
137 171 1
137 282 1
137 284 1
137 303 1
137 332 1
137 344 1
137 346 1
137 544 1
137 549 1
137 559 1
137 617 1
138 181 1
138 227 1
138 274 1
138 350 1
138 487 1
138 624 1
139 285 1
140 159 1
140 271 1
140 286 1
140 332 1
140 431 1
140 555 1
140 654 1
141 180 1
141 182 1
141 244 1
141 278 1
141 297 1
141 324 1
141 377 1
141 381 1
141 468 1
141 564 1
141 582 1
141 610 1
141 694 1
143 153 1
143 282 1
144 177 1
144 234 1
144 269 1
144 272 1
144 430 1
144 580 1
145 394 1
145 419 1
145 518 1
145 616 1
146 233 1
146 289 1
146 355 1
146 422 1
146 425 1
146 506 1
146 680 1
147 222 1
147 368 1
147 384 1
147 439 1
147 671 1
147 693 1
148 373 1
148 426 1
148 519 1
149 519 1
149 655 1
150 282 1
150 308 1
150 326 1
150 398 1
150 459 1
150 543 1
150 544 1
150 568 1
150 611 1
151 180 1
151 423 1
152 223 1
152 328 1
152 329 1
152 334 1
152 430 1
152 580 1
152 587 1
152 621 1
153 243 1
153 269 1
153 327 1
153 348 1
153 357 1
153 395 1
153 455 1
153 562 1
154 222 1
154 369 1
154 626 1
155 172 1
155 175 1
155 237 1
155 261 1
155 307 1
155 425 1
155 514 1
155 576 1
155 584 1
155 598 1
156 191 1
156 507 1
156 557 1
157 492 1
158 209 1
158 240 1
158 522 1
158 662 1
159 202 1
159 273 1
159 310 1
159 345 1
159 349 1
159 411 1
159 475 1
159 482 1
159 540 1
160 470 1
161 362 1
161 651 1
162 201 1
162 210 1
162 349 1
162 369 1
163 268 1
163 408 1
164 188 1
164 236 1
164 260 1
166 618 1
167 185 1
167 193 1
167 342 1
167 403 1
167 428 1
167 457 1
167 531 1
168 187 1
168 206 1
168 254 1
168 316 1
168 496 1
169 170 1
169 231 1
169 235 1
169 402 1
169 415 1
169 454 1
169 631 1
170 237 1
170 271 1
170 294 1
170 384 1
170 523 1
171 186 1
171 211 1
171 215 1
171 264 1
171 288 1
171 310 1
171 368 1
171 387 1
171 529 1
171 546 1
171 571 1
171 672 1
172 184 1
172 525 1
173 582 1
173 633 1
174 561 1
175 341 1
175 446 1
175 466 1
176 216 1
176 433 1
176 442 1
176 485 1
176 625 1
177 388 1
177 614 1
178 289 1
179 359 1
179 435 1
179 480 1
179 513 1
179 524 1
180 366 1
180 430 1
180 469 1
180 557 1
181 203 1
181 245 1
181 305 1
181 335 1
181 345 1
181 573 1
182 364 1
182 378 1
182 458 1
182 547 1
183 438 1
183 615 1
183 685 1
184 187 1
185 221 1
185 228 1
185 241 1
185 272 1
185 378 1
185 387 1
185 447 1
185 604 1
185 619 1
186 191 1
186 365 1
186 527 1
187 572 1
188 365 1
188 377 1
188 440 1
188 449 1
189 233 1
189 330 1
189 431 1
189 531 1
189 613 1
190 253 1
190 476 1
190 685 1
191 371 1
191 381 1
191 398 1
191 415 1
191 466 1
191 541 1
191 599 1
192 210 1
192 213 1
192 254 1
194 331 1
194 606 1
196 201 1
196 292 1
196 358 1
196 393 1
196 589 1
196 663 1
196 681 1
198 631 1
199 256 1
199 302 1
199 327 1
199 380 1
199 394 1
199 436 1
199 494 1
199 501 1
199 555 1
199 611 1
200 201 1
200 228 1
200 362 1
200 416 1
200 436 1
201 213 1
201 247 1
201 248 1
201 249 1
201 292 1
201 690 1
202 556 1
203 219 1
203 260 1
203 289 1
203 331 1
203 581 1
204 227 1
204 240 1
204 245 1
204 330 1
204 423 1
205 207 1
206 434 1
206 459 1
207 231 1
207 283 1
207 431 1
207 459 1
207 549 1
208 250 1
208 306 1
208 361 1
208 448 1
209 588 1
210 303 1
210 450 1
210 522 1
210 579 1
210 652 1
211 255 1
211 306 1
211 325 1
211 406 1
211 438 1
211 441 1
211 469 1
211 507 1
211 571 1
211 574 1
211 592 1
211 632 1
211 698 1
212 466 1
214 383 1
215 274 1
215 503 1
215 542 1
215 602 1
215 652 1
216 230 1
216 234 1
216 284 1
216 360 1
217 685 1
218 261 1
219 351 1
219 472 1
219 532 1
219 608 1
219 621 1
219 624 1
219 625 1
221 313 1
221 373 1
221 467 1
221 474 1
221 524 1
222 497 1
222 547 1
223 445 1
223 648 1
225 228 1
225 262 1
225 298 1
225 350 1
225 533 1
225 599 1
225 664 1
226 242 1
226 257 1
226 401 1
227 443 1
227 452 1
227 486 1
227 699 1
228 235 1
228 258 1
228 408 1
228 515 1
228 656 1
229 238 1
230 259 1
230 368 1
231 304 1
231 531 1
231 633 1
233 327 1
233 495 1
233 586 1
233 595 1
234 338 1
234 585 1
235 553 1
235 610 1
235 656 1
237 504 1
237 636 1
238 326 1
238 399 1
238 423 1
238 698 1
239 421 1
240 594 1
240 662 1
241 371 1
243 516 1
243 548 1
243 565 1
243 637 1
244 268 1
244 314 1
244 334 1
244 480 1
244 528 1
244 623 1
245 378 1
247 332 1
247 400 1
247 418 1
247 479 1
248 652 1
249 281 1
249 322 1
249 376 1
250 476 1
251 467 1
251 552 1
252 297 1
252 471 1
252 518 1
252 539 1
252 647 1
253 454 1
253 541 1
255 341 1
255 415 1
256 343 1
256 350 1
257 283 1
257 409 1
257 455 1
258 281 1
258 363 1
258 400 1
258 601 1
259 418 1
259 575 1
260 267 1
260 271 1
260 405 1
261 460 1
262 502 1
263 280 1
263 365 1
263 465 1
263 515 1
263 551 1
263 579 1
263 583 1
263 655 1
265 337 1
267 349 1
267 396 1
267 548 1
267 597 1
268 293 1
268 342 1
268 461 1
269 470 1
269 609 1
270 278 1
270 622 1
270 693 1
271 276 1
271 280 1
271 329 1
271 340 1
271 395 1
271 401 1
271 409 1
271 488 1
271 513 1
271 528 1
271 585 1
272 583 1
272 611 1
273 309 1
273 312 1
273 331 1
273 382 1
273 570 1
273 651 1
273 653 1
273 674 1
274 323 1
274 387 1
274 427 1
274 683 1
275 290 1
275 362 1
275 500 1
275 614 1
276 340 1
277 344 1
278 496 1
278 618 1
280 602 1
280 660 1
281 424 1
281 427 1
281 482 1
281 698 1
282 564 1
282 616 1
283 462 1
283 500 1
283 540 1
283 649 1
283 686 1
286 420 1
286 434 1
286 639 1
289 425 1
290 355 1
291 478 1
291 532 1
291 566 1
291 573 1
292 424 1
293 346 1
293 351 1
293 648 1
294 444 1
294 511 1
294 523 1
295 341 1
295 390 1
295 529 1
295 571 1
295 620 1
296 302 1
296 326 1
296 381 1
296 385 1
296 475 1
296 497 1
298 299 1
298 579 1
299 632 1
300 463 1
300 473 1
301 305 1
302 593 1
302 609 1
303 614 1
306 382 1
306 512 1
306 609 1
307 542 1
307 601 1
308 372 1
308 593 1
308 654 1
309 419 1
309 548 1
310 361 1
310 546 1
311 412 1
312 403 1
312 647 1
313 472 1
313 602 1
313 639 1
313 663 1
314 364 1
314 402 1
314 421 1
314 483 1
314 566 1
314 592 1
314 596 1
314 688 1
315 492 1
316 521 1
316 664 1
318 389 1
318 668 1
319 567 1
319 671 1
319 684 1
321 338 1
321 344 1
321 475 1
321 501 1
321 506 1
321 550 1
321 660 1
322 512 1
322 526 1
322 558 1
322 586 1
323 383 1
323 443 1
323 528 1
324 517 1
324 682 1
325 424 1
325 541 1
326 392 1
326 513 1
326 598 1
328 335 1
328 390 1
329 409 1
329 410 1
329 433 1
329 508 1
329 585 1
330 432 1
331 354 1
331 441 1
332 558 1
332 578 1
332 689 1
334 471 1
334 614 1
334 694 1
335 467 1
338 571 1
339 562 1
339 576 1
339 626 1
341 427 1
341 590 1
341 619 1
342 368 1
343 373 1
343 673 1
344 625 1
344 700 1
345 493 1
345 495 1
345 497 1
345 675 1
347 352 1
347 410 1
347 436 1
347 545 1
348 374 1
348 424 1
348 465 1
348 641 1
350 561 1
350 669 1
354 359 1
354 521 1
354 553 1
354 557 1
354 642 1
357 535 1
357 657 1
358 397 1
358 434 1
358 629 1
358 659 1
359 518 1
360 444 1
361 462 1
361 492 1
361 562 1
364 369 1
364 429 1
364 483 1
364 658 1
365 642 1
366 464 1
367 690 1
369 511 1
369 655 1
370 478 1
370 645 1
372 498 1
372 595 1
373 397 1
373 484 1
373 494 1
373 629 1
374 391 1
375 487 1
376 382 1
377 454 1
377 469 1
377 534 1
377 552 1
378 570 1
380 538 1
382 591 1
382 641 1
383 407 1
383 550 1
385 389 1
385 678 1
386 453 1
387 643 1
387 689 1
389 666 1
391 450 1
391 479 1
391 602 1
392 488 1
395 671 1
396 437 1
396 668 1
396 677 1
397 494 1
397 600 1
397 642 1
400 486 1
400 487 1
400 595 1
401 673 1
402 507 1
402 592 1
402 596 1
403 426 1
403 445 1
405 468 1
406 578 1
406 582 1
408 496 1
408 534 1
409 451 1
411 437 1
412 679 1
415 664 1
417 502 1
417 577 1
420 579 1
420 638 1
421 489 1
423 582 1
423 634 1
423 639 1
424 530 1
426 576 1
427 681 1
428 446 1
428 500 1
428 612 1
430 493 1
430 574 1
431 522 1
433 561 1
435 651 1
436 491 1
436 510 1
436 538 1
436 598 1
437 605 1
437 641 1
438 488 1
438 643 1
439 505 1
440 490 1
440 545 1
440 598 1
440 608 1
441 593 1
443 532 1
443 537 1
443 596 1
443 600 1
443 686 1
445 540 1
445 569 1
446 499 1
448 545 1
449 460 1
449 556 1
449 630 1
449 674 1
449 699 1
450 490 1
450 497 1
450 604 1
451 533 1
456 508 1
456 566 1
457 537 1
460 642 1
462 492 1
464 543 1
465 649 1
466 509 1
467 676 1
468 470 1
469 632 1
471 584 1
471 682 1
472 541 1
473 665 1
474 695 1
475 677 1
476 537 1
476 578 1
476 597 1
478 532 1
479 635 1
480 581 1
481 489 1
481 502 1
481 565 1
481 603 1
481 652 1
482 649 1
482 656 1
487 670 1
488 623 1
489 529 1
490 577 1
490 607 1
491 538 1
492 520 1
495 648 1
496 658 1
497 583 1
498 527 1
500 517 1
500 604 1
503 625 1
506 686 1
507 629 1
508 679 1
510 525 1
513 621 1
514 645 1
515 536 1
515 586 1
515 608 1
515 646 1
517 563 1
519 588 1
522 600 1
523 606 1
524 543 1
524 649 1
526 607 1
528 661 1
531 613 1
532 548 1
537 626 1
537 695 1
540 552 1
540 599 1
540 633 1
540 697 1
541 604 1
542 624 1
542 691 1
543 611 1
543 666 1
546 695 1
547 660 1
549 669 1
556 558 1
557 620 1
559 616 1
559 617 1
559 653 1
559 684 1
560 636 1
561 592 1
561 627 1
562 612 1
562 628 1
565 668 1
569 678 1
569 689 1
572 613 1
573 606 1
575 673 1
578 644 1
582 607 1
590 681 1
599 697 1
600 637 1
602 631 1
606 640 1
608 672 1
610 638 1
613 620 1
614 628 1
619 688 1
623 659 1
624 700 1
634 672 1
636 696 1
638 671 1
645 683 1
646 690 1
674 682 1
677 691 1
