1200 4780 
1 5 1
1 6 1
1 7 1
1 8 1
1 10 1
1 16 1
1 31 1
1 36 1
1 37 1
1 41 1
1 55 1
1 56 1
1 75 1
1 78 1
1 105 1
1 114 1
1 132 1
1 141 1
1 162 1
1 178 1
1 188 1
1 201 1
1 208 1
1 232 1
1 242 1
1 264 1
1 313 1
1 325 1
1 352 1
1 372 1
1 410 1
1 473 1
1 496 1
1 591 1
1 599 1
1 630 1
1 722 1
1 771 1
1 833 1
1 874 1
1 898 1
1 948 1
1 1014 1
1 1123 1
1 1143 1
1 1176 1
2 5 1
2 7 1
2 9 1
2 12 1
2 13 1
2 14 1
2 15 1
2 20 1
2 24 1
2 27 1
2 29 1
2 32 1
2 35 1
2 41 1
2 54 1
2 89 1
2 94 1
2 96 1
2 111 1
2 128 1
2 133 1
2 151 1
2 152 1
2 159 1
2 167 1
2 197 1
2 302 1
2 303 1
2 304 1
2 363 1
2 368 1
2 397 1
2 445 1
2 471 1
2 486 1
2 492 1
2 569 1
2 590 1
2 610 1
2 625 1
2 698 1
2 705 1
2 718 1
2 719 1
2 776 1
2 839 1
2 893 1
2 915 1
2 929 1
2 933 1
2 978 1
2 1048 1
2 1080 1
2 1110 1
2 1126 1
2 1161 1
3 5 1
3 6 1
3 7 1
3 11 1
3 12 1
3 14 1
3 19 1
3 22 1
3 24 1
3 27 1
3 45 1
3 47 1
3 51 1
3 53 1
3 66 1
3 74 1
3 101 1
3 106 1
3 112 1
3 141 1
3 143 1
3 145 1
3 156 1
3 159 1
3 170 1
3 171 1
3 175 1
3 184 1
3 189 1
3 216 1
3 225 1
3 234 1
3 246 1
3 249 1
3 273 1
3 290 1
3 293 1
3 299 1
3 318 1
3 377 1
3 404 1
3 471 1
3 508 1
3 518 1
3 548 1
3 608 1
3 639 1
3 667 1
3 679 1
3 752 1
3 787 1
3 804 1
3 830 1
3 866 1
3 895 1
3 896 1
3 914 1
3 998 1
3 1036 1
3 1043 1
3 1098 1
3 1113 1
3 1165 1
3 1200 1
4 5 1
4 6 1
4 7 1
4 8 1
4 11 1
4 14 1
4 21 1
4 28 1
4 63 1
4 80 1
4 85 1
4 86 1
4 87 1
4 103 1
4 104 1
4 161 1
4 186 1
4 202 1
4 292 1
4 324 1
4 352 1
4 366 1
4 391 1
4 406 1
4 444 1
4 465 1
4 466 1
4 561 1
4 592 1
4 595 1
4 599 1
4 608 1
4 733 1
4 789 1
4 815 1
4 843 1
4 851 1
4 853 1
4 924 1
4 988 1
4 1016 1
4 1033 1
4 1057 1
4 1162 1
5 6 1
5 8 1
5 9 1
5 10 1
5 11 1
5 15 1
5 16 1
5 19 1
5 20 1
5 28 1
5 32 1
5 33 1
5 39 1
5 41 1
5 43 1
5 45 1
5 50 1
5 52 1
5 60 1
5 63 1
5 67 1
5 71 1
5 75 1
5 80 1
5 81 1
5 93 1
5 98 1
5 102 1
5 103 1
5 114 1
5 119 1
5 134 1
5 166 1
5 174 1
5 185 1
5 186 1
5 228 1
5 231 1
5 240 1
5 244 1
5 249 1
5 253 1
5 260 1
5 269 1
5 287 1
5 294 1
5 326 1
5 327 1
5 349 1
5 351 1
5 370 1
5 391 1
5 407 1
5 416 1
5 431 1
5 446 1
5 461 1
5 463 1
5 475 1
5 479 1
5 485 1
5 493 1
5 498 1
5 499 1
5 503 1
5 504 1
5 506 1
5 513 1
5 531 1
5 537 1
5 556 1
5 565 1
5 566 1
5 610 1
5 612 1
5 616 1
5 619 1
5 629 1
5 630 1
5 632 1
5 659 1
5 661 1
5 675 1
5 710 1
5 735 1
5 738 1
5 745 1
5 750 1
5 754 1
5 758 1
5 761 1
5 785 1
5 790 1
5 794 1
5 798 1
5 858 1
5 882 1
5 949 1
5 976 1
5 989 1
5 996 1
5 1000 1
5 1052 1
5 1065 1
5 1092 1
5 1100 1
5 1106 1
5 1151 1
5 1156 1
5 1184 1
5 1188 1
6 8 1
6 9 1
6 10 1
6 13 1
6 14 1
6 15 1
6 16 1
6 17 1
6 18 1
6 22 1
6 28 1
6 40 1
6 51 1
6 56 1
6 63 1
6 64 1
6 72 1
6 84 1
6 97 1
6 99 1
6 119 1
6 122 1
6 141 1
6 144 1
6 146 1
6 152 1
6 155 1
6 173 1
6 191 1
6 193 1
6 200 1
6 206 1
6 210 1
6 214 1
6 229 1
6 231 1
6 232 1
6 243 1
6 252 1
6 263 1
6 265 1
6 272 1
6 283 1
6 287 1
6 309 1
6 312 1
6 318 1
6 319 1
6 326 1
6 333 1
6 346 1
6 374 1
6 379 1
6 387 1
6 412 1
6 414 1
6 417 1
6 419 1
6 423 1
6 474 1
6 478 1
6 481 1
6 498 1
6 500 1
6 509 1
6 515 1
6 538 1
6 551 1
6 552 1
6 556 1
6 560 1
6 570 1
6 578 1
6 604 1
6 627 1
6 631 1
6 636 1
6 643 1
6 726 1
6 731 1
6 737 1
6 740 1
6 754 1
6 758 1
6 771 1
6 777 1
6 789 1
6 819 1
6 828 1
6 835 1
6 845 1
6 848 1
6 861 1
6 864 1
6 865 1
6 947 1
6 1022 1
6 1065 1
6 1066 1
6 1067 1
6 1072 1
6 1086 1
6 1090 1
6 1116 1
6 1133 1
6 1144 1
6 1163 1
6 1165 1
6 1177 1
6 1200 1
7 13 1
7 17 1
7 21 1
7 33 1
7 38 1
7 40 1
7 43 1
7 47 1
7 53 1
7 77 1
7 90 1
7 99 1
7 119 1
7 121 1
7 159 1
7 163 1
7 184 1
7 207 1
7 225 1
7 238 1
7 243 1
7 252 1
7 281 1
7 298 1
7 315 1
7 324 1
7 334 1
7 345 1
7 359 1
7 369 1
7 376 1
7 422 1
7 436 1
7 476 1
7 482 1
7 501 1
7 585 1
7 601 1
7 621 1
7 648 1
7 725 1
7 758 1
7 776 1
7 781 1
7 792 1
7 813 1
7 869 1
7 906 1
7 907 1
7 977 1
7 1045 1
7 1066 1
7 1088 1
7 1091 1
7 1123 1
7 1173 1
8 9 1
8 10 1
8 12 1
8 13 1
8 15 1
8 16 1
8 19 1
8 23 1
8 26 1
8 28 1
8 30 1
8 39 1
8 46 1
8 56 1
8 57 1
8 64 1
8 67 1
8 70 1
8 71 1
8 85 1
8 91 1
8 92 1
8 94 1
8 103 1
8 124 1
8 170 1
8 192 1
8 219 1
8 230 1
8 232 1
8 240 1
8 260 1
8 261 1
8 309 1
8 314 1
8 329 1
8 341 1
8 351 1
8 376 1
8 382 1
8 392 1
8 401 1
8 414 1
8 432 1
8 462 1
8 505 1
8 559 1
8 595 1
8 623 1
8 679 1
8 694 1
8 717 1
8 768 1
8 859 1
8 868 1
8 905 1
8 964 1
8 1004 1
8 1035 1
8 1070 1
8 1099 1
8 1104 1
8 1141 1
9 11 1
9 12 1
9 18 1
9 20 1
9 24 1
9 29 1
9 34 1
9 37 1
9 50 1
9 54 1
9 68 1
9 73 1
9 96 1
9 98 1
9 102 1
9 117 1
9 120 1
9 124 1
9 142 1
9 176 1
9 207 1
9 216 1
9 220 1
9 262 1
9 344 1
9 413 1
9 426 1
9 467 1
9 470 1
9 474 1
9 600 1
9 601 1
9 607 1
9 621 1
9 718 1
9 719 1
9 745 1
9 765 1
9 769 1
9 913 1
9 999 1
9 1001 1
9 1018 1
9 1039 1
10 21 1
10 23 1
10 25 1
10 40 1
10 42 1
10 82 1
10 93 1
10 123 1
10 318 1
10 342 1
10 452 1
10 458 1
10 463 1
10 557 1
10 597 1
10 612 1
10 718 1
10 725 1
10 733 1
10 812 1
10 849 1
10 979 1
10 989 1
10 1096 1
10 1119 1
10 1139 1
10 1150 1
11 18 1
11 39 1
11 51 1
11 60 1
11 91 1
11 145 1
11 215 1
11 307 1
11 323 1
11 336 1
11 419 1
11 420 1
11 424 1
11 432 1
11 437 1
11 490 1
11 495 1
11 550 1
11 558 1
11 562 1
11 564 1
11 565 1
11 581 1
11 624 1
11 689 1
11 701 1
11 736 1
11 751 1
11 812 1
11 917 1
11 932 1
11 945 1
11 982 1
11 1062 1
12 17 1
12 23 1
12 66 1
12 77 1
12 78 1
12 80 1
12 81 1
12 90 1
12 93 1
12 109 1
12 131 1
12 135 1
12 166 1
12 167 1
12 180 1
12 183 1
12 283 1
12 285 1
12 320 1
12 323 1
12 361 1
12 369 1
12 380 1
12 402 1
12 404 1
12 429 1
12 471 1
12 494 1
12 550 1
12 605 1
12 623 1
12 802 1
12 843 1
12 881 1
12 900 1
12 991 1
12 1015 1
12 1046 1
12 1148 1
12 1185 1
12 1193 1
13 17 1
13 18 1
13 19 1
13 21 1
13 22 1
13 23 1
13 26 1
13 29 1
13 30 1
13 38 1
13 40 1
13 46 1
13 59 1
13 61 1
13 68 1
13 75 1
13 83 1
13 91 1
13 92 1
13 110 1
13 115 1
13 136 1
13 138 1
13 153 1
13 162 1
13 163 1
13 182 1
13 191 1
13 195 1
13 204 1
13 221 1
13 246 1
13 259 1
13 268 1
13 269 1
13 282 1
13 301 1
13 338 1
13 347 1
13 381 1
13 390 1
13 481 1
13 509 1
13 515 1
13 534 1
13 543 1
13 544 1
13 586 1
13 635 1
13 645 1
13 664 1
13 685 1
13 716 1
13 724 1
13 755 1
13 761 1
13 804 1
13 814 1
13 815 1
13 818 1
13 838 1
13 841 1
13 897 1
13 909 1
13 960 1
13 999 1
13 1020 1
13 1023 1
13 1031 1
13 1085 1
13 1144 1
13 1152 1
13 1191 1
14 22 1
14 25 1
14 26 1
14 35 1
14 57 1
14 65 1
14 84 1
14 91 1
14 111 1
14 127 1
14 226 1
14 243 1
14 285 1
14 349 1
14 390 1
14 703 1
14 750 1
14 940 1
14 959 1
14 1014 1
14 1024 1
14 1042 1
14 1075 1
15 32 1
15 38 1
15 42 1
15 44 1
15 54 1
15 59 1
15 62 1
15 69 1
15 76 1
15 95 1
15 106 1
15 117 1
15 125 1
15 132 1
15 196 1
15 234 1
15 350 1
15 358 1
15 377 1
15 389 1
15 449 1
15 466 1
15 558 1
15 749 1
15 753 1
15 1028 1
15 1063 1
15 1083 1
15 1090 1
15 1136 1
16 24 1
16 27 1
16 39 1
16 50 1
16 76 1
16 189 1
16 199 1
16 211 1
16 239 1
16 315 1
16 316 1
16 338 1
16 361 1
16 466 1
16 497 1
16 632 1
16 691 1
17 20 1
17 26 1
17 31 1
17 35 1
17 43 1
17 48 1
17 49 1
17 50 1
17 61 1
17 66 1
17 77 1
17 86 1
17 104 1
17 116 1
17 125 1
17 135 1
17 150 1
17 177 1
17 200 1
17 264 1
17 311 1
17 362 1
17 432 1
17 444 1
17 456 1
17 462 1
17 483 1
17 511 1
17 527 1
17 548 1
17 576 1
17 583 1
17 602 1
17 658 1
17 663 1
17 676 1
17 722 1
17 785 1
17 790 1
17 820 1
17 838 1
17 879 1
17 898 1
17 900 1
17 912 1
17 990 1
17 1134 1
18 32 1
18 35 1
18 43 1
18 77 1
18 110 1
18 134 1
18 236 1
18 284 1
18 371 1
18 377 1
18 413 1
18 417 1
18 433 1
18 487 1
18 570 1
18 806 1
18 825 1
18 856 1
18 924 1
18 932 1
18 963 1
18 1037 1
18 1167 1
19 25 1
19 41 1
19 45 1
19 72 1
19 133 1
19 138 1
19 186 1
19 291 1
19 334 1
19 342 1
19 366 1
19 401 1
19 418 1
19 520 1
19 540 1
19 563 1
19 575 1
19 595 1
19 605 1
19 616 1
19 738 1
19 784 1
19 854 1
19 878 1
19 931 1
19 994 1
19 1010 1
19 1046 1
19 1102 1
19 1103 1
19 1147 1
20 25 1
20 34 1
20 48 1
20 62 1
20 80 1
20 96 1
20 97 1
20 104 1
20 135 1
20 211 1
20 235 1
20 239 1
20 282 1
20 326 1
20 355 1
20 366 1
20 398 1
20 424 1
20 485 1
20 512 1
20 538 1
20 578 1
20 633 1
20 665 1
20 722 1
20 855 1
20 898 1
20 966 1
20 1081 1
20 1093 1
20 1097 1
21 74 1
21 143 1
21 151 1
21 218 1
21 247 1
21 296 1
21 357 1
21 387 1
21 468 1
21 568 1
21 669 1
21 732 1
21 777 1
21 803 1
21 929 1
21 1049 1
22 29 1
22 34 1
22 44 1
22 49 1
22 61 1
22 72 1
22 126 1
22 128 1
22 149 1
22 153 1
22 174 1
22 179 1
22 191 1
22 201 1
22 224 1
22 266 1
22 308 1
22 327 1
22 404 1
22 410 1
22 543 1
22 549 1
22 577 1
22 623 1
22 644 1
22 662 1
22 772 1
22 793 1
22 829 1
22 1035 1
23 42 1
23 60 1
23 88 1
23 169 1
23 187 1
23 210 1
23 218 1
23 223 1
23 275 1
23 294 1
23 335 1
23 340 1
23 344 1
23 350 1
23 406 1
23 424 1
23 546 1
23 563 1
23 735 1
23 748 1
23 749 1
23 764 1
23 808 1
23 819 1
23 848 1
23 863 1
23 955 1
23 1029 1
23 1084 1
23 1125 1
23 1161 1
24 27 1
24 30 1
24 33 1
24 36 1
24 65 1
24 123 1
24 157 1
24 158 1
24 191 1
24 274 1
24 442 1
24 454 1
24 459 1
24 509 1
24 542 1
24 719 1
24 726 1
24 762 1
24 766 1
24 926 1
24 1027 1
24 1163 1
25 30 1
25 31 1
25 37 1
25 38 1
25 55 1
25 58 1
25 69 1
25 81 1
25 83 1
25 95 1
25 105 1
25 108 1
25 118 1
25 129 1
25 146 1
25 159 1
25 177 1
25 208 1
25 213 1
25 238 1
25 256 1
25 322 1
25 324 1
25 342 1
25 400 1
25 488 1
25 502 1
25 530 1
25 567 1
25 603 1
25 632 1
25 662 1
25 687 1
25 714 1
25 761 1
25 806 1
25 826 1
25 888 1
25 889 1
25 920 1
25 1006 1
25 1057 1
25 1092 1
25 1111 1
25 1195 1
26 104 1
26 140 1
26 237 1
26 282 1
26 415 1
26 524 1
26 600 1
26 953 1
26 1013 1
26 1124 1
26 1130 1
27 48 1
27 55 1
27 57 1
27 59 1
27 76 1
27 107 1
27 111 1
27 121 1
27 128 1
27 143 1
27 144 1
27 151 1
27 164 1
27 165 1
27 170 1
27 184 1
27 197 1
27 208 1
27 226 1
27 251 1
27 267 1
27 276 1
27 314 1
27 350 1
27 354 1
27 385 1
27 492 1
27 510 1
27 518 1
27 520 1
27 593 1
27 672 1
27 689 1
27 709 1
27 745 1
27 773 1
27 788 1
27 850 1
27 886 1
27 949 1
27 1078 1
27 1144 1
27 1156 1
28 33 1
28 36 1
28 37 1
28 52 1
28 69 1
28 82 1
28 113 1
28 139 1
28 275 1
28 295 1
28 396 1
28 422 1
28 493 1
28 535 1
28 545 1
28 551 1
28 558 1
28 588 1
28 591 1
28 656 1
28 782 1
28 795 1
28 796 1
28 883 1
28 1062 1
28 1172 1
29 34 1
29 44 1
29 47 1
29 78 1
29 95 1
29 112 1
29 116 1
29 133 1
29 136 1
29 137 1
29 139 1
29 158 1
29 193 1
29 194 1
29 199 1
29 205 1
29 245 1
29 256 1
29 258 1
29 280 1
29 283 1
29 296 1
29 313 1
29 394 1
29 409 1
29 431 1
29 520 1
29 559 1
29 585 1
29 604 1
29 657 1
29 700 1
29 732 1
29 826 1
29 860 1
29 867 1
29 914 1
29 964 1
29 969 1
29 1016 1
29 1038 1
29 1053 1
29 1099 1
29 1105 1
29 1138 1
29 1141 1
29 1196 1
30 31 1
30 36 1
30 44 1
30 58 1
30 69 1
30 75 1
30 76 1
30 107 1
30 110 1
30 115 1
30 118 1
30 165 1
30 183 1
30 190 1
30 219 1
30 301 1
30 341 1
30 393 1
30 434 1
30 459 1
30 587 1
30 594 1
30 681 1
30 684 1
30 926 1
30 1051 1
30 1164 1
30 1167 1
31 70 1
31 85 1
31 87 1
31 124 1
31 154 1
31 234 1
31 262 1
31 346 1
31 567 1
31 660 1
31 783 1
31 823 1
31 984 1
32 215 1
32 245 1
32 276 1
32 287 1
32 367 1
32 557 1
32 593 1
32 602 1
32 842 1
33 67 1
33 74 1
33 84 1
33 96 1
33 125 1
33 127 1
33 141 1
33 143 1
33 160 1
33 205 1
33 214 1
33 223 1
33 261 1
33 271 1
33 314 1
33 327 1
33 340 1
33 345 1
33 374 1
33 391 1
33 436 1
33 582 1
33 656 1
33 672 1
33 696 1
33 750 1
33 762 1
33 780 1
33 884 1
33 885 1
33 918 1
33 932 1
33 939 1
33 940 1
33 942 1
33 984 1
34 130 1
34 133 1
34 146 1
34 147 1
34 169 1
34 217 1
34 220 1
34 254 1
34 348 1
34 349 1
34 355 1
34 416 1
34 468 1
34 483 1
34 537 1
34 541 1
34 634 1
34 680 1
34 716 1
34 986 1
34 1050 1
34 1053 1
34 1067 1
34 1099 1
34 1128 1
35 46 1
35 49 1
35 90 1
35 99 1
35 101 1
35 103 1
35 106 1
35 149 1
35 162 1
35 167 1
35 182 1
35 199 1
35 232 1
35 286 1
35 287 1
35 325 1
35 358 1
35 385 1
35 399 1
35 415 1
35 512 1
35 526 1
35 625 1
35 690 1
35 720 1
35 745 1
35 839 1
35 877 1
35 901 1
35 918 1
35 935 1
35 950 1
35 983 1
35 1013 1
35 1019 1
35 1102 1
35 1125 1
36 113 1
36 129 1
36 239 1
36 255 1
36 336 1
36 357 1
36 389 1
36 454 1
36 552 1
36 594 1
36 622 1
36 638 1
36 822 1
36 902 1
36 1035 1
36 1037 1
36 1098 1
37 60 1
37 82 1
37 472 1
37 552 1
37 1009 1
38 42 1
38 52 1
38 54 1
38 153 1
38 185 1
38 206 1
38 258 1
38 275 1
38 298 1
38 317 1
38 388 1
38 392 1
38 428 1
38 456 1
38 457 1
38 702 1
38 747 1
38 825 1
38 849 1
38 1080 1
38 1121 1
39 53 1
39 58 1
39 79 1
39 85 1
39 116 1
39 130 1
39 144 1
39 147 1
39 148 1
39 152 1
39 168 1
39 171 1
39 192 1
39 204 1
39 220 1
39 242 1
39 259 1
39 276 1
39 303 1
39 307 1
39 340 1
39 441 1
39 519 1
39 532 1
39 603 1
39 626 1
39 630 1
39 637 1
39 653 1
39 684 1
39 724 1
39 796 1
39 823 1
39 911 1
39 981 1
39 988 1
39 1008 1
39 1017 1
39 1032 1
39 1059 1
39 1091 1
39 1117 1
39 1120 1
40 59 1
40 67 1
40 72 1
40 160 1
40 194 1
40 229 1
40 270 1
40 410 1
40 551 1
41 45 1
41 51 1
41 61 1
41 62 1
41 79 1
41 89 1
41 120 1
41 129 1
41 144 1
41 200 1
41 205 1
41 212 1
41 221 1
41 236 1
41 271 1
41 339 1
41 353 1
41 539 1
41 620 1
41 651 1
41 713 1
41 984 1
41 1030 1
41 1115 1
42 81 1
42 86 1
42 253 1
42 257 1
42 358 1
42 364 1
42 414 1
42 443 1
42 508 1
42 548 1
42 574 1
42 759 1
42 1149 1
43 47 1
43 74 1
43 83 1
43 244 1
43 271 1
43 430 1
43 480 1
43 532 1
43 768 1
44 46 1
44 68 1
44 98 1
44 100 1
44 131 1
44 148 1
44 201 1
44 229 1
44 248 1
44 278 1
44 344 1
44 360 1
44 362 1
44 386 1
44 436 1
44 494 1
44 503 1
44 581 1
44 625 1
44 704 1
44 788 1
44 808 1
44 868 1
44 890 1
44 918 1
44 967 1
44 1006 1
44 1043 1
44 1146 1
44 1174 1
45 58 1
45 78 1
45 108 1
45 112 1
45 142 1
45 210 1
45 252 1
45 259 1
45 279 1
45 300 1
45 311 1
45 371 1
45 461 1
45 485 1
45 592 1
45 614 1
45 616 1
45 620 1
45 638 1
45 640 1
45 675 1
45 708 1
45 738 1
45 741 1
45 784 1
45 818 1
45 837 1
45 957 1
45 971 1
45 1018 1
45 1032 1
45 1131 1
45 1155 1
46 49 1
46 52 1
46 63 1
46 66 1
46 70 1
46 113 1
46 147 1
46 161 1
46 168 1
46 203 1
46 219 1
46 231 1
46 266 1
46 269 1
46 303 1
46 343 1
46 399 1
46 415 1
46 479 1
46 495 1
46 516 1
46 563 1
46 779 1
46 857 1
46 872 1
46 892 1
46 1089 1
47 48 1
47 64 1
47 88 1
47 136 1
47 137 1
47 170 1
47 260 1
47 279 1
47 384 1
47 555 1
47 560 1
47 706 1
47 791 1
47 802 1
47 835 1
47 894 1
47 908 1
47 938 1
47 956 1
47 1180 1
47 1184 1
48 71 1
48 217 1
48 682 1
48 1106 1
49 87 1
49 92 1
49 528 1
49 566 1
49 710 1
49 734 1
49 965 1
49 999 1
49 1059 1
50 87 1
50 95 1
50 100 1
50 108 1
50 124 1
50 139 1
50 171 1
50 172 1
50 523 1
50 526 1
50 584 1
50 653 1
50 671 1
50 699 1
50 811 1
50 853 1
50 1041 1
51 56 1
51 109 1
51 121 1
51 158 1
51 161 1
51 177 1
51 247 1
51 387 1
51 392 1
51 457 1
51 465 1
51 521 1
51 643 1
51 651 1
51 685 1
51 709 1
51 862 1
51 863 1
51 940 1
51 975 1
51 1014 1
51 1051 1
52 55 1
52 57 1
52 323 1
52 357 1
52 401 1
52 407 1
52 411 1
52 522 1
52 546 1
52 562 1
52 747 1
52 783 1
52 957 1
52 1004 1
53 70 1
53 79 1
53 171 1
53 204 1
53 263 1
53 529 1
53 586 1
53 706 1
54 73 1
54 79 1
54 83 1
54 188 1
54 305 1
54 425 1
54 1040 1
55 71 1
55 73 1
55 93 1
55 99 1
55 131 1
55 137 1
55 138 1
55 193 1
55 198 1
55 214 1
55 241 1
55 243 1
55 254 1
55 297 1
55 347 1
55 371 1
55 383 1
55 416 1
55 512 1
55 522 1
55 584 1
55 593 1
55 648 1
55 674 1
55 801 1
55 867 1
55 896 1
55 927 1
55 1012 1
55 1021 1
55 1099 1
55 1111 1
55 1153 1
55 1179 1
56 111 1
56 476 1
56 523 1
56 643 1
56 792 1
57 73 1
57 101 1
57 117 1
57 119 1
57 126 1
57 134 1
57 137 1
57 138 1
57 140 1
57 176 1
57 242 1
57 269 1
57 290 1
57 330 1
57 339 1
57 345 1
57 402 1
57 492 1
57 513 1
57 535 1
57 561 1
57 585 1
57 642 1
57 732 1
57 759 1
57 781 1
57 972 1
57 1131 1
57 1158 1
58 64 1
58 123 1
58 173 1
58 190 1
58 192 1
58 198 1
58 289 1
58 297 1
58 310 1
58 382 1
58 434 1
58 470 1
58 555 1
58 736 1
58 975 1
58 1049 1
58 1068 1
58 1145 1
59 68 1
59 94 1
59 101 1
59 102 1
59 110 1
59 125 1
59 127 1
59 212 1
59 304 1
59 319 1
59 442 1
59 453 1
59 482 1
59 521 1
59 543 1
59 614 1
59 671 1
59 784 1
59 797 1
59 854 1
59 895 1
59 990 1
59 1025 1
59 1070 1
59 1089 1
60 62 1
60 82 1
60 86 1
60 94 1
60 97 1
60 115 1
60 118 1
60 147 1
60 262 1
60 281 1
60 288 1
60 294 1
60 335 1
60 375 1
60 386 1
60 510 1
60 519 1
60 568 1
60 639 1
60 759 1
60 806 1
60 808 1
60 904 1
60 1181 1
61 65 1
61 92 1
61 132 1
61 176 1
61 196 1
61 219 1
61 221 1
61 440 1
61 482 1
61 546 1
61 574 1
61 602 1
61 720 1
61 775 1
61 975 1
61 1034 1
62 65 1
62 545 1
62 669 1
62 911 1
62 921 1
62 985 1
62 1068 1
63 122 1
63 172 1
63 215 1
63 306 1
63 361 1
63 528 1
63 586 1
63 638 1
63 702 1
63 882 1
63 932 1
63 1096 1
63 1160 1
64 157 1
64 162 1
64 192 1
64 300 1
64 409 1
64 429 1
64 503 1
64 755 1
64 809 1
64 854 1
64 880 1
64 966 1
64 981 1
64 1077 1
65 88 1
65 89 1
65 209 1
65 380 1
65 395 1
65 526 1
65 532 1
65 609 1
65 674 1
65 677 1
65 689 1
65 698 1
65 857 1
65 911 1
66 88 1
66 120 1
66 195 1
66 284 1
66 285 1
66 288 1
66 334 1
66 624 1
66 655 1
66 712 1
66 804 1
66 864 1
66 894 1
66 1061 1
67 136 1
67 180 1
67 190 1
67 228 1
67 277 1
67 575 1
67 844 1
67 893 1
67 956 1
67 970 1
67 1016 1
67 1154 1
68 183 1
68 222 1
68 289 1
68 510 1
68 704 1
68 769 1
68 829 1
68 937 1
68 1001 1
69 127 1
69 142 1
69 156 1
69 177 1
69 216 1
69 260 1
69 286 1
69 329 1
69 452 1
69 499 1
69 635 1
69 732 1
69 741 1
69 840 1
69 1003 1
70 100 1
70 128 1
70 150 1
70 178 1
70 206 1
70 298 1
70 318 1
70 466 1
70 544 1
70 549 1
70 631 1
70 647 1
70 668 1
70 785 1
70 850 1
70 1062 1
70 1095 1
70 1108 1
71 89 1
71 255 1
71 292 1
71 328 1
71 356 1
71 365 1
71 376 1
71 384 1
71 398 1
71 415 1
71 495 1
71 520 1
71 541 1
71 582 1
71 678 1
71 727 1
71 837 1
71 860 1
71 863 1
71 895 1
71 946 1
71 1045 1
71 1060 1
71 1122 1
72 105 1
72 130 1
72 316 1
72 487 1
72 992 1
72 1002 1
72 1008 1
72 1105 1
72 1110 1
73 426 1
74 84 1
74 98 1
74 189 1
74 245 1
74 247 1
74 257 1
74 268 1
74 271 1
74 295 1
74 416 1
74 428 1
74 489 1
74 502 1
74 505 1
74 521 1
74 580 1
74 596 1
74 608 1
74 887 1
74 924 1
74 943 1
74 974 1
74 1022 1
74 1025 1
74 1128 1
74 1129 1
75 107 1
75 150 1
75 175 1
75 217 1
75 270 1
75 276 1
75 280 1
75 308 1
75 375 1
75 424 1
75 458 1
75 504 1
75 529 1
75 561 1
75 667 1
75 673 1
75 680 1
75 772 1
75 787 1
75 827 1
75 922 1
75 993 1
75 1000 1
75 1049 1
75 1052 1
75 1053 1
75 1119 1
76 90 1
76 102 1
76 109 1
76 175 1
76 195 1
76 211 1
76 277 1
76 281 1
76 375 1
76 644 1
76 689 1
76 860 1
77 107 1
77 165 1
77 274 1
77 312 1
77 320 1
77 321 1
77 447 1
77 514 1
77 532 1
77 554 1
77 572 1
77 628 1
77 752 1
77 811 1
77 896 1
78 140 1
78 182 1
78 205 1
78 215 1
78 263 1
78 310 1
78 330 1
78 511 1
78 564 1
78 613 1
78 705 1
78 762 1
78 772 1
78 889 1
78 894 1
78 912 1
78 974 1
78 1101 1
78 1114 1
78 1199 1
79 108 1
79 114 1
79 236 1
79 291 1
79 292 1
79 293 1
79 366 1
79 475 1
79 826 1
79 1153 1
80 309 1
80 337 1
80 553 1
80 574 1
80 619 1
80 660 1
80 802 1
80 943 1
81 123 1
81 126 1
81 150 1
81 197 1
81 250 1
81 329 1
81 469 1
81 552 1
81 707 1
81 917 1
82 160 1
82 250 1
82 251 1
82 330 1
82 353 1
82 401 1
82 437 1
82 438 1
82 450 1
82 582 1
82 622 1
82 697 1
82 933 1
82 1189 1
83 120 1
83 188 1
83 265 1
83 279 1
83 296 1
83 367 1
83 459 1
83 539 1
83 545 1
83 670 1
83 688 1
83 801 1
83 1083 1
83 1088 1
83 1198 1
84 121 1
84 145 1
84 161 1
84 188 1
84 198 1
84 211 1
84 244 1
84 267 1
84 353 1
84 411 1
84 496 1
84 640 1
84 943 1
84 1175 1
85 105 1
85 152 1
85 172 1
85 468 1
85 507 1
85 710 1
85 813 1
85 1054 1
85 1161 1
85 1187 1
86 106 1
86 118 1
86 140 1
86 156 1
86 233 1
86 298 1
86 306 1
86 312 1
86 317 1
86 429 1
86 557 1
86 597 1
86 611 1
86 674 1
86 679 1
86 850 1
86 1110 1
87 97 1
87 122 1
87 212 1
87 299 1
87 395 1
87 619 1
87 715 1
87 797 1
88 122 1
88 242 1
88 435 1
88 558 1
88 695 1
88 791 1
88 811 1
88 888 1
88 1069 1
88 1074 1
89 153 1
89 164 1
89 241 1
89 277 1
89 348 1
89 365 1
89 421 1
89 423 1
89 441 1
89 821 1
89 837 1
89 869 1
89 872 1
89 877 1
89 901 1
89 938 1
89 1118 1
89 1182 1
90 149 1
90 209 1
90 264 1
90 286 1
90 372 1
90 489 1
90 495 1
90 505 1
90 635 1
90 699 1
90 768 1
90 786 1
90 849 1
90 909 1
91 596 1
92 198 1
92 405 1
92 446 1
92 453 1
92 485 1
92 573 1
92 609 1
92 648 1
92 669 1
92 876 1
92 941 1
92 1176 1
92 1191 1
93 113 1
93 176 1
93 285 1
93 320 1
93 337 1
93 393 1
93 441 1
93 542 1
93 565 1
93 571 1
93 832 1
93 923 1
93 965 1
93 1022 1
93 1082 1
93 1087 1
93 1101 1
94 129 1
94 302 1
94 583 1
94 590 1
94 694 1
94 1112 1
94 1151 1
95 203 1
95 258 1
95 419 1
95 448 1
95 625 1
95 630 1
96 100 1
96 155 1
96 356 1
96 377 1
96 680 1
96 916 1
97 112 1
97 180 1
97 230 1
97 254 1
97 282 1
97 468 1
97 486 1
97 758 1
97 779 1
97 786 1
97 789 1
97 1087 1
98 307 1
98 490 1
98 510 1
98 620 1
98 626 1
98 713 1
98 778 1
98 887 1
98 945 1
99 117 1
99 259 1
99 857 1
99 930 1
100 332 1
100 472 1
101 114 1
101 131 1
101 132 1
101 164 1
101 185 1
101 223 1
101 233 1
101 246 1
101 255 1
101 315 1
101 369 1
101 409 1
101 555 1
101 621 1
101 627 1
101 687 1
101 707 1
101 723 1
101 737 1
101 852 1
101 866 1
101 942 1
101 1006 1
101 1007 1
101 1031 1
101 1095 1
102 145 1
102 155 1
102 250 1
102 322 1
102 329 1
102 438 1
102 465 1
102 572 1
102 654 1
102 860 1
103 169 1
103 207 1
103 570 1
103 652 1
103 1023 1
103 1129 1
104 172 1
104 660 1
104 799 1
104 1194 1
105 134 1
105 135 1
105 139 1
105 187 1
105 199 1
105 221 1
105 227 1
105 252 1
105 331 1
105 335 1
105 337 1
105 452 1
105 517 1
105 527 1
105 593 1
105 636 1
105 729 1
105 797 1
105 824 1
105 879 1
105 885 1
105 977 1
105 1103 1
105 1184 1
106 109 1
106 222 1
106 300 1
106 437 1
106 464 1
106 766 1
106 897 1
107 230 1
107 325 1
107 362 1
107 447 1
107 628 1
107 767 1
107 896 1
108 149 1
108 181 1
108 182 1
108 241 1
108 251 1
108 323 1
108 335 1
108 368 1
108 408 1
108 422 1
108 486 1
108 646 1
108 677 1
108 822 1
108 961 1
109 130 1
109 217 1
109 554 1
109 834 1
109 997 1
109 1153 1
110 126 1
110 456 1
110 490 1
111 203 1
111 226 1
111 316 1
111 390 1
111 417 1
111 529 1
111 963 1
111 1011 1
111 1148 1
112 160 1
112 969 1
112 1176 1
113 115 1
113 175 1
113 344 1
113 403 1
113 514 1
113 574 1
113 713 1
113 791 1
113 807 1
113 960 1
113 974 1
114 158 1
114 278 1
114 310 1
114 653 1
114 1026 1
114 1054 1
114 1081 1
114 1137 1
115 116 1
115 200 1
115 235 1
115 290 1
115 434 1
115 448 1
115 478 1
115 585 1
115 696 1
115 721 1
115 724 1
115 908 1
115 943 1
115 1046 1
116 148 1
116 180 1
116 235 1
116 266 1
116 279 1
116 379 1
116 385 1
116 421 1
116 442 1
116 447 1
116 482 1
116 624 1
116 645 1
116 743 1
116 834 1
116 859 1
116 874 1
116 959 1
116 979 1
116 1017 1
116 1030 1
116 1031 1
116 1044 1
116 1114 1
116 1156 1
116 1173 1
116 1174 1
117 146 1
117 173 1
117 220 1
117 227 1
117 300 1
117 301 1
117 408 1
117 428 1
117 433 1
117 500 1
117 612 1
117 634 1
117 646 1
117 813 1
117 1058 1
118 372 1
118 399 1
118 422 1
118 578 1
118 597 1
119 214 1
119 274 1
119 419 1
119 1107 1
120 166 1
120 173 1
120 194 1
120 238 1
120 253 1
120 367 1
120 534 1
120 688 1
120 830 1
120 842 1
120 954 1
121 368 1
121 455 1
121 539 1
121 559 1
121 958 1
121 1127 1
122 151 1
122 480 1
122 1087 1
123 154 1
123 168 1
123 228 1
123 270 1
123 293 1
123 338 1
123 396 1
123 723 1
123 819 1
123 1050 1
123 1066 1
123 1159 1
124 163 1
124 213 1
124 231 1
124 265 1
124 573 1
124 581 1
124 667 1
124 914 1
124 1028 1
124 1075 1
124 1134 1
125 237 1
125 588 1
125 955 1
126 288 1
126 589 1
126 1014 1
126 1172 1
127 202 1
127 237 1
127 543 1
127 789 1
127 822 1
127 1004 1
127 1026 1
127 1143 1
128 179 1
128 266 1
128 336 1
128 550 1
128 675 1
128 686 1
128 742 1
128 842 1
128 913 1
129 427 1
129 430 1
129 613 1
130 412 1
130 469 1
130 478 1
130 566 1
130 626 1
130 771 1
130 1005 1
130 1155 1
131 148 1
131 154 1
131 256 1
131 315 1
131 325 1
131 469 1
131 531 1
131 553 1
131 571 1
131 705 1
131 1008 1
131 1050 1
132 247 1
132 307 1
132 314 1
132 354 1
132 382 1
132 390 1
132 448 1
132 464 1
132 779 1
132 817 1
132 920 1
132 922 1
132 1011 1
133 203 1
133 540 1
133 577 1
133 707 1
133 991 1
133 1119 1
134 471 1
134 548 1
134 886 1
134 1128 1
135 236 1
135 703 1
136 224 1
136 251 1
136 403 1
136 476 1
136 709 1
136 884 1
136 983 1
136 1039 1
136 1092 1
136 1151 1
137 244 1
137 249 1
137 265 1
137 291 1
137 659 1
137 692 1
137 909 1
137 941 1
137 1108 1
137 1192 1
138 157 1
138 261 1
138 297 1
138 475 1
138 730 1
138 799 1
138 801 1
139 292 1
139 378 1
139 383 1
139 619 1
139 852 1
139 933 1
139 1137 1
139 1151 1
140 155 1
140 169 1
140 263 1
140 299 1
140 396 1
140 501 1
140 514 1
140 531 1
140 535 1
140 592 1
140 751 1
140 852 1
140 944 1
140 953 1
140 1022 1
140 1038 1
140 1039 1
140 1093 1
141 142 1
141 178 1
141 202 1
141 238 1
141 451 1
141 772 1
141 833 1
142 156 1
142 157 1
142 174 1
142 224 1
142 233 1
142 262 1
142 293 1
142 328 1
142 418 1
142 592 1
142 691 1
142 832 1
142 1169 1
143 164 1
143 166 1
143 179 1
143 218 1
143 317 1
143 413 1
143 490 1
143 634 1
143 645 1
143 1189 1
144 165 1
144 183 1
144 280 1
144 332 1
144 359 1
145 686 1
145 698 1
145 1061 1
146 224 1
146 379 1
146 591 1
146 674 1
146 762 1
146 847 1
146 1136 1
147 154 1
147 223 1
147 253 1
147 254 1
147 455 1
147 541 1
147 563 1
147 604 1
147 645 1
147 850 1
148 347 1
149 264 1
149 311 1
149 328 1
149 373 1
149 479 1
149 512 1
149 553 1
149 561 1
149 590 1
149 647 1
149 658 1
149 692 1
149 700 1
149 1058 1
150 167 1
150 195 1
150 197 1
150 237 1
150 240 1
150 322 1
150 396 1
151 241 1
151 350 1
151 361 1
151 403 1
151 413 1
151 457 1
151 746 1
151 756 1
151 817 1
151 821 1
151 824 1
151 866 1
151 941 1
151 954 1
151 966 1
151 1109 1
152 178 1
152 226 1
152 234 1
152 235 1
152 240 1
152 331 1
152 381 1
152 464 1
152 508 1
152 688 1
152 728 1
152 765 1
152 852 1
152 864 1
152 873 1
152 877 1
152 890 1
152 921 1
152 995 1
152 1048 1
152 1124 1
152 1200 1
153 201 1
153 662 1
153 845 1
154 598 1
154 937 1
154 973 1
154 1056 1
155 320 1
155 402 1
155 427 1
155 458 1
155 828 1
155 1012 1
156 174 1
156 283 1
156 394 1
156 473 1
156 693 1
156 982 1
156 1157 1
157 187 1
157 204 1
157 225 1
157 339 1
157 407 1
157 408 1
157 506 1
157 649 1
157 662 1
157 754 1
157 1000 1
157 1041 1
157 1078 1
157 1140 1
157 1160 1
157 1183 1
158 213 1
158 294 1
158 683 1
159 163 1
159 333 1
159 360 1
159 365 1
160 618 1
160 720 1
160 788 1
161 230 1
161 453 1
161 649 1
161 803 1
161 891 1
161 1123 1
162 343 1
162 799 1
162 883 1
162 1013 1
162 1051 1
163 275 1
163 280 1
163 297 1
163 333 1
163 388 1
163 446 1
163 496 1
163 577 1
163 611 1
163 617 1
163 786 1
163 926 1
163 1079 1
163 1173 1
164 168 1
164 196 1
164 209 1
164 273 1
164 348 1
164 386 1
164 397 1
164 438 1
164 460 1
164 522 1
164 803 1
164 920 1
164 1033 1
165 385 1
165 533 1
165 986 1
166 179 1
166 189 1
166 216 1
166 257 1
166 326 1
166 364 1
166 459 1
166 478 1
166 617 1
166 654 1
166 705 1
166 769 1
166 800 1
166 839 1
166 955 1
166 1001 1
167 675 1
168 194 1
168 462 1
168 632 1
168 794 1
169 246 1
169 1161 1
170 181 1
170 208 1
170 222 1
170 245 1
170 330 1
170 365 1
170 368 1
170 598 1
170 626 1
170 846 1
170 935 1
171 181 1
171 210 1
171 227 1
171 313 1
171 507 1
171 594 1
172 267 1
172 289 1
172 356 1
172 1042 1
173 181 1
173 190 1
173 209 1
173 351 1
173 622 1
173 665 1
173 1049 1
174 342 1
174 352 1
174 474 1
174 614 1
174 785 1
174 982 1
174 1059 1
175 185 1
175 186 1
175 196 1
175 202 1
175 218 1
175 504 1
175 622 1
175 670 1
175 687 1
175 736 1
175 788 1
175 847 1
175 879 1
176 184 1
176 193 1
176 248 1
176 273 1
176 567 1
176 668 1
176 750 1
177 357 1
177 503 1
177 536 1
177 580 1
178 371 1
178 456 1
178 502 1
178 728 1
178 832 1
178 844 1
178 846 1
178 913 1
178 954 1
179 187 1
179 206 1
179 233 1
179 305 1
179 404 1
179 572 1
179 654 1
179 687 1
180 406 1
180 517 1
180 616 1
180 928 1
180 987 1
180 1074 1
180 1135 1
180 1180 1
181 286 1
181 304 1
181 699 1
181 837 1
181 908 1
181 1079 1
181 1140 1
181 1187 1
182 227 1
182 272 1
182 308 1
182 530 1
182 535 1
182 536 1
182 615 1
182 685 1
182 767 1
182 777 1
182 995 1
182 1013 1
182 1101 1
182 1193 1
183 248 1
183 278 1
183 281 1
183 487 1
183 547 1
183 783 1
184 278 1
184 303 1
184 443 1
184 472 1
184 951 1
185 737 1
186 249 1
186 295 1
186 398 1
186 445 1
186 452 1
186 649 1
186 679 1
186 876 1
186 886 1
187 358 1
187 950 1
188 425 1
188 786 1
189 343 1
189 346 1
189 421 1
189 477 1
189 627 1
189 829 1
189 934 1
190 663 1
190 664 1
190 681 1
190 944 1
190 954 1
190 1158 1
191 1140 1
192 718 1
192 822 1
192 934 1
192 1171 1
193 420 1
193 540 1
193 603 1
193 618 1
193 963 1
193 1158 1
194 225 1
194 1124 1
195 222 1
195 791 1
195 871 1
195 936 1
195 1072 1
195 1130 1
196 207 1
196 449 1
196 694 1
196 1149 1
197 322 1
197 751 1
197 946 1
197 1191 1
198 302 1
198 321 1
198 408 1
198 446 1
198 551 1
198 628 1
198 631 1
198 990 1
198 1179 1
199 299 1
199 405 1
199 500 1
200 257 1
200 274 1
200 327 1
200 513 1
200 636 1
200 981 1
201 331 1
201 455 1
201 767 1
201 815 1
201 972 1
202 306 1
202 405 1
202 617 1
202 890 1
202 1143 1
203 317 1
203 530 1
203 610 1
203 1164 1
204 628 1
204 637 1
204 661 1
204 708 1
204 805 1
205 239 1
205 248 1
205 305 1
205 433 1
205 439 1
205 499 1
205 501 1
205 611 1
205 712 1
205 885 1
206 212 1
206 255 1
206 324 1
206 381 1
206 412 1
206 440 1
206 525 1
206 589 1
206 614 1
206 683 1
206 828 1
206 897 1
206 1083 1
206 1181 1
207 290 1
207 480 1
207 579 1
207 666 1
207 871 1
208 746 1
209 272 1
209 284 1
209 338 1
209 380 1
209 437 1
209 447 1
209 467 1
209 494 1
209 497 1
209 526 1
209 575 1
209 608 1
209 673 1
209 871 1
209 922 1
210 213 1
211 229 1
211 267 1
211 538 1
211 556 1
211 912 1
212 950 1
212 973 1
212 985 1
213 403 1
213 598 1
213 686 1
213 976 1
213 1085 1
214 295 1
214 464 1
214 522 1
214 536 1
214 547 1
214 556 1
214 601 1
214 613 1
214 725 1
214 923 1
214 1115 1
214 1167 1
214 1175 1
215 484 1
215 650 1
215 931 1
215 1038 1
216 667 1
216 1080 1
217 519 1
217 565 1
217 712 1
217 714 1
217 742 1
217 799 1
217 967 1
217 973 1
218 256 1
218 272 1
218 291 1
218 334 1
218 410 1
218 486 1
218 584 1
218 640 1
218 838 1
218 1019 1
218 1189 1
219 228 1
219 270 1
219 696 1
219 706 1
220 319 1
220 340 1
220 348 1
220 360 1
220 612 1
220 658 1
220 800 1
220 905 1
220 960 1
220 1076 1
221 310 1
221 604 1
221 961 1
221 1101 1
222 268 1
222 289 1
222 937 1
223 250 1
223 319 1
223 332 1
223 539 1
223 716 1
223 810 1
223 921 1
224 369 1
224 378 1
224 435 1
224 515 1
224 756 1
224 841 1
224 952 1
225 508 1
225 516 1
225 618 1
225 649 1
225 843 1
225 948 1
225 960 1
225 1080 1
226 448 1
226 1146 1
228 435 1
228 598 1
228 780 1
229 451 1
229 663 1
229 1116 1
229 1126 1
229 1145 1
230 670 1
230 751 1
230 782 1
230 856 1
231 603 1
231 695 1
231 861 1
232 701 1
232 842 1
232 927 1
233 676 1
233 757 1
233 992 1
233 1028 1
234 438 1
234 741 1
235 308 1
235 386 1
235 546 1
235 609 1
235 712 1
235 744 1
235 962 1
235 1126 1
235 1197 1
236 378 1
236 392 1
236 435 1
236 445 1
236 516 1
236 570 1
236 605 1
236 699 1
236 703 1
236 719 1
236 757 1
236 806 1
237 355 1
237 453 1
237 600 1
237 961 1
238 493 1
238 640 1
239 258 1
240 445 1
240 506 1
240 629 1
240 1166 1
241 607 1
241 808 1
241 841 1
241 1118 1
241 1165 1
242 353 1
242 384 1
242 460 1
242 792 1
243 397 1
243 484 1
243 642 1
243 691 1
243 826 1
243 1028 1
243 1094 1
244 288 1
244 613 1
244 800 1
245 609 1
247 261 1
248 430 1
248 775 1
249 576 1
249 775 1
249 870 1
249 1108 1
250 372 1
250 562 1
250 921 1
251 439 1
251 523 1
251 744 1
251 858 1
251 906 1
251 947 1
251 1057 1
252 284 1
252 497 1
252 498 1
252 629 1
252 997 1
252 1025 1
252 1096 1
252 1111 1
253 296 1
253 583 1
253 794 1
254 378 1
254 727 1
255 907 1
255 953 1
255 1056 1
256 304 1
256 400 1
256 582 1
256 996 1
257 268 1
257 393 1
257 440 1
257 880 1
258 760 1
259 332 1
259 343 1
259 388 1
259 412 1
259 607 1
259 1186 1
260 513 1
260 1029 1
260 1098 1
261 836 1
261 977 1
262 417 1
262 428 1
262 1190 1
263 501 1
264 273 1
264 313 1
264 467 1
264 488 1
264 1131 1
265 694 1
265 731 1
265 739 1
265 915 1
265 969 1
265 1125 1
266 336 1
266 341 1
266 349 1
266 577 1
266 624 1
266 821 1
266 1030 1
266 1133 1
267 499 1
267 516 1
267 518 1
267 790 1
267 1047 1
268 427 1
268 580 1
268 730 1
268 740 1
268 780 1
268 1040 1
269 360 1
269 444 1
269 774 1
269 869 1
269 934 1
269 1048 1
269 1064 1
269 1178 1
270 373 1
270 696 1
271 444 1
271 1120 1
272 889 1
272 935 1
273 429 1
273 451 1
273 639 1
273 700 1
273 714 1
273 722 1
273 755 1
273 757 1
273 1102 1
273 1149 1
274 374 1
274 387 1
274 462 1
274 589 1
274 633 1
274 901 1
275 277 1
275 364 1
275 388 1
275 542 1
275 606 1
275 814 1
275 1166 1
275 1171 1
276 409 1
276 739 1
276 821 1
276 958 1
277 405 1
277 421 1
277 450 1
277 1030 1
277 1076 1
278 339 1
278 370 1
278 381 1
278 502 1
278 588 1
278 669 1
278 713 1
278 714 1
278 863 1
278 1067 1
279 301 1
279 560 1
280 333 1
280 363 1
280 617 1
280 721 1
280 776 1
281 354 1
281 370 1
281 441 1
281 476 1
281 515 1
281 579 1
281 899 1
281 967 1
281 1129 1
282 434 1
282 538 1
282 798 1
283 351 1
283 395 1
283 569 1
283 697 1
284 491 1
284 599 1
284 764 1
284 1112 1
285 305 1
285 312 1
285 331 1
285 479 1
285 597 1
285 655 1
285 774 1
286 929 1
287 367 1
288 306 1
288 423 1
288 472 1
288 484 1
288 678 1
288 865 1
289 411 1
290 316 1
290 328 1
290 877 1
290 919 1
290 999 1
290 1097 1
291 461 1
291 504 1
291 544 1
291 606 1
291 829 1
291 856 1
292 376 1
292 384 1
292 399 1
292 528 1
292 666 1
292 715 1
292 1093 1
292 1198 1
293 545 1
293 760 1
293 770 1
293 1107 1
294 345 1
294 364 1
294 450 1
294 463 1
294 646 1
294 855 1
294 1012 1
296 309 1
296 311 1
296 382 1
296 383 1
296 554 1
296 873 1
297 362 1
297 458 1
297 524 1
297 878 1
297 902 1
297 909 1
297 974 1
298 363 1
298 477 1
298 544 1
298 740 1
298 795 1
298 1186 1
299 524 1
299 627 1
299 659 1
299 666 1
299 726 1
299 793 1
299 1194 1
300 302 1
300 346 1
300 389 1
300 801 1
300 936 1
300 1118 1
300 1177 1
301 677 1
301 1032 1
302 352 1
302 711 1
302 1018 1
302 1133 1
303 576 1
304 337 1
304 430 1
304 488 1
304 952 1
305 400 1
305 418 1
305 433 1
305 702 1
305 1100 1
306 475 1
306 493 1
306 1010 1
306 1082 1
307 661 1
308 648 1
308 723 1
308 759 1
308 993 1
309 564 1
309 583 1
309 595 1
309 663 1
309 950 1
309 970 1
310 359 1
310 373 1
310 374 1
311 431 1
311 547 1
311 668 1
311 682 1
311 695 1
311 818 1
311 1040 1
311 1189 1
312 321 1
312 347 1
312 883 1
313 473 1
313 735 1
313 1148 1
314 917 1
315 439 1
315 778 1
315 854 1
316 443 1
316 467 1
316 919 1
317 442 1
317 1041 1
317 1047 1
317 1093 1
317 1152 1
318 354 1
319 650 1
319 776 1
319 922 1
320 460 1
321 682 1
321 724 1
321 731 1
321 748 1
321 875 1
321 1002 1
322 864 1
323 449 1
323 487 1
323 824 1
324 341 1
324 549 1
324 1100 1
324 1163 1
325 356 1
325 379 1
326 491 1
327 425 1
327 600 1
327 835 1
327 866 1
328 587 1
329 380 1
329 770 1
329 795 1
329 927 1
329 1156 1
330 400 1
330 414 1
330 746 1
330 845 1
330 1056 1
330 1134 1
331 461 1
331 668 1
331 940 1
331 951 1
332 939 1
332 949 1
332 1071 1
333 1079 1
334 898 1
334 982 1
334 989 1
334 1054 1
335 1032 1
336 488 1
337 1199 1
338 460 1
338 542 1
338 691 1
338 723 1
338 814 1
339 370 1
339 443 1
339 916 1
339 992 1
339 1149 1
340 524 1
340 766 1
340 787 1
340 902 1
340 969 1
340 1009 1
340 1035 1
340 1060 1
340 1122 1
341 436 1
341 454 1
341 469 1
341 562 1
341 665 1
341 754 1
341 1020 1
341 1160 1
342 425 1
343 517 1
343 537 1
343 547 1
343 651 1
344 781 1
344 1088 1
345 480 1
345 643 1
345 807 1
345 979 1
346 594 1
346 957 1
347 359 1
347 389 1
347 394 1
347 470 1
347 615 1
347 685 1
347 944 1
348 397 1
348 398 1
348 507 1
348 580 1
348 1170 1
348 1181 1
348 1199 1
349 355 1
349 623 1
349 636 1
351 859 1
352 579 1
353 407 1
353 620 1
353 693 1
354 363 1
354 426 1
354 599 1
354 682 1
354 885 1
354 894 1
354 927 1
354 1009 1
355 978 1
355 1112 1
356 529 1
356 655 1
357 373 1
357 395 1
357 418 1
357 528 1
357 1180 1
360 383 1
360 483 1
360 797 1
361 375 1
361 431 1
361 774 1
361 1089 1
362 887 1
362 946 1
362 1154 1
363 606 1
363 1139 1
363 1159 1
364 690 1
364 711 1
364 1042 1
365 655 1
365 743 1
366 391 1
366 457 1
366 573 1
366 575 1
366 844 1
366 1052 1
367 634 1
368 652 1
369 402 1
369 463 1
369 527 1
369 897 1
369 919 1
371 753 1
371 933 1
372 465 1
372 591 1
372 913 1
373 489 1
373 701 1
373 1083 1
373 1085 1
374 427 1
374 659 1
374 1074 1
375 393 1
375 426 1
376 996 1
377 411 1
377 657 1
377 690 1
377 747 1
377 997 1
379 763 1
379 798 1
380 489 1
380 753 1
380 809 1
380 859 1
380 875 1
382 879 1
383 394 1
383 578 1
383 610 1
384 511 1
384 568 1
384 768 1
384 941 1
384 1134 1
385 450 1
386 406 1
386 525 1
386 534 1
386 664 1
386 704 1
386 841 1
386 1058 1
387 521 1
387 602 1
387 633 1
387 665 1
388 492 1
388 881 1
388 965 1
388 1027 1
388 1164 1
390 647 1
390 774 1
390 1065 1
391 533 1
391 644 1
392 511 1
392 601 1
392 644 1
392 763 1
392 1073 1
392 1180 1
393 423 1
393 809 1
393 861 1
393 1116 1
395 629 1
395 779 1
396 525 1
396 904 1
397 642 1
397 715 1
397 816 1
401 420 1
401 481 1
401 784 1
401 1062 1
402 432 1
402 596 1
402 642 1
402 661 1
402 865 1
402 1064 1
402 1094 1
404 606 1
404 641 1
404 697 1
404 872 1
404 1082 1
405 871 1
405 916 1
405 1141 1
406 1162 1
408 491 1
408 586 1
408 746 1
409 439 1
410 494 1
410 541 1
410 654 1
410 660 1
410 833 1
410 1004 1
411 500 1
411 734 1
411 1135 1
412 725 1
413 420 1
413 828 1
414 917 1
414 1067 1
415 449 1
415 454 1
416 506 1
416 596 1
416 677 1
416 761 1
416 811 1
416 925 1
416 1081 1
417 884 1
417 889 1
418 533 1
418 987 1
419 473 1
419 573 1
419 810 1
420 481 1
420 566 1
420 571 1
420 928 1
421 519 1
421 711 1
421 743 1
421 836 1
422 728 1
422 765 1
422 888 1
423 729 1
423 862 1
423 951 1
423 998 1
423 1002 1
423 1095 1
423 1130 1
424 814 1
425 773 1
425 1117 1
426 474 1
426 650 1
426 775 1
426 870 1
426 899 1
426 934 1
426 1097 1
426 1103 1
427 590 1
427 1036 1
428 702 1
428 910 1
428 1154 1
429 497 1
430 496 1
430 697 1
430 765 1
430 851 1
431 739 1
431 971 1
431 1115 1
432 505 1
433 440 1
433 564 1
433 742 1
433 1114 1
433 1123 1
434 555 1
434 727 1
434 926 1
435 588 1
435 910 1
435 956 1
436 816 1
436 990 1
436 1019 1
437 477 1
437 514 1
437 882 1
437 905 1
437 1077 1
439 507 1
439 557 1
439 568 1
439 733 1
440 717 1
441 823 1
441 1176 1
442 631 1
442 830 1
442 949 1
443 760 1
443 803 1
444 748 1
444 749 1
445 455 1
445 930 1
445 1168 1
446 451 1
446 700 1
446 716 1
446 766 1
446 1006 1
446 1071 1
447 470 1
447 517 1
447 537 1
448 477 1
450 855 1
450 970 1
451 509 1
451 809 1
452 527 1
452 816 1
452 1075 1
453 1113 1
453 1168 1
453 1195 1
454 958 1
455 605 1
455 892 1
455 1060 1
456 584 1
456 652 1
456 936 1
456 957 1
457 1142 1
458 533 1
459 715 1
460 530 1
460 656 1
460 664 1
460 678 1
460 747 1
460 778 1
460 818 1
460 1023 1
461 483 1
461 550 1
461 792 1
461 831 1
461 945 1
463 646 1
464 554 1
464 827 1
466 567 1
466 656 1
466 802 1
466 1017 1
466 1127 1
467 1100 1
467 1131 1
468 531 1
468 641 1
469 1158 1
470 1053 1
471 810 1
472 484 1
473 1143 1
474 523 1
474 692 1
474 770 1
474 1038 1
474 1070 1
475 856 1
475 890 1
476 1025 1
476 1175 1
477 728 1
477 805 1
479 560 1
479 989 1
479 1195 1
480 498 1
480 976 1
481 641 1
481 939 1
482 1017 1
482 1055 1
484 684 1
484 946 1
484 991 1
484 1150 1
485 1198 1
486 1106 1
486 1119 1
487 906 1
488 1075 1
489 607 1
490 491 1
490 621 1
490 686 1
490 847 1
491 525 1
491 846 1
492 540 1
492 579 1
492 683 1
493 1011 1
497 1157 1
498 704 1
498 920 1
499 587 1
499 875 1
499 887 1
499 956 1
499 978 1
499 1063 1
500 638 1
501 572 1
501 962 1
502 569 1
502 1061 1
503 536 1
503 1182 1
504 534 1
504 727 1
504 838 1
504 840 1
504 1166 1
504 1192 1
505 559 1
505 1021 1
507 919 1
508 670 1
508 908 1
510 635 1
510 995 1
511 756 1
512 708 1
512 846 1
512 935 1
512 1019 1
513 611 1
513 770 1
515 942 1
516 518 1
516 672 1
516 1016 1
517 569 1
518 810 1
518 906 1
519 576 1
519 873 1
519 880 1
519 1003 1
520 717 1
520 1147 1
522 589 1
522 767 1
522 805 1
522 964 1
524 666 1
524 912 1
525 618 1
525 639 1
525 693 1
525 902 1
525 963 1
525 1024 1
525 1159 1
525 1170 1
525 1183 1
525 1196 1
528 615 1
528 867 1
529 676 1
529 848 1
529 1020 1
529 1090 1
530 549 1
530 743 1
530 997 1
531 615 1
531 777 1
531 882 1
532 681 1
532 1029 1
532 1159 1
532 1195 1
533 673 1
533 734 1
533 883 1
534 708 1
535 553 1
535 988 1
535 1192 1
536 650 1
536 947 1
536 1188 1
537 1085 1
540 857 1
540 972 1
540 1026 1
540 1071 1
540 1132 1
541 657 1
541 676 1
541 703 1
541 720 1
541 757 1
541 773 1
542 858 1
542 1047 1
545 730 1
545 749 1
545 773 1
545 861 1
545 1116 1
547 571 1
547 1021 1
547 1136 1
550 807 1
550 831 1
551 692 1
551 984 1
551 1034 1
551 1169 1
552 825 1
552 1027 1
553 904 1
556 637 1
560 729 1
562 581 1
562 1139 1
563 760 1
563 848 1
565 637 1
565 817 1
565 1027 1
565 1145 1
567 734 1
568 706 1
568 763 1
568 952 1
568 1090 1
568 1104 1
568 1177 1
569 962 1
570 587 1
570 923 1
570 938 1
570 1096 1
570 1157 1
571 936 1
572 869 1
573 782 1
573 1007 1
573 1050 1
574 657 1
574 787 1
574 1034 1
575 651 1
575 1037 1
576 695 1
576 764 1
576 823 1
576 835 1
576 951 1
577 1034 1
578 891 1
579 985 1
579 1061 1
580 658 1
580 752 1
580 844 1
580 878 1
580 924 1
580 1084 1
581 647 1
581 711 1
581 726 1
581 812 1
582 680 1
582 824 1
582 1132 1
583 881 1
584 1033 1
585 739 1
585 752 1
585 930 1
587 875 1
588 796 1
589 738 1
590 1179 1
591 688 1
591 1003 1
591 1069 1
592 836 1
592 1060 1
593 903 1
593 931 1
593 1170 1
594 707 1
597 717 1
597 820 1
598 973 1
599 1063 1
599 1072 1
599 1141 1
599 1186 1
600 690 1
600 756 1
601 800 1
601 1073 1
602 633 1
602 793 1
602 914 1
602 925 1
603 748 1
603 1045 1
606 641 1
606 988 1
607 671 1
608 1084 1
609 744 1
609 858 1
610 966 1
610 1009 1
610 1029 1
612 1031 1
613 653 1
613 819 1
614 678 1
614 683 1
614 820 1
614 880 1
615 731 1
615 741 1
617 817 1
617 905 1
617 987 1
617 1190 1
617 1197 1
618 827 1
618 843 1
618 900 1
618 994 1
620 998 1
622 684 1
622 834 1
622 849 1
622 1177 1
623 827 1
624 755 1
624 763 1
626 1045 1
626 1118 1
627 1007 1
628 983 1
630 1120 1
631 1127 1
633 923 1
633 979 1
633 1103 1
633 1155 1
633 1178 1
634 671 1
634 1036 1
635 876 1
635 915 1
635 1175 1
637 872 1
637 910 1
638 1068 1
640 769 1
640 901 1
640 1110 1
640 1140 1
641 781 1
641 948 1
645 729 1
646 1092 1
647 742 1
649 816 1
649 930 1
649 1178 1
650 652 1
650 891 1
651 944 1
652 698 1
652 968 1
652 1078 1
653 681 1
654 833 1
654 853 1
656 721 1
656 945 1
656 1136 1
657 1104 1
658 868 1
658 928 1
658 1076 1
658 1104 1
658 1154 1
660 672 1
660 721 1
664 673 1
666 955 1
667 840 1
667 993 1
667 1065 1
668 836 1
669 911 1
669 916 1
669 1185 1
670 778 1
671 764 1
673 915 1
674 893 1
675 873 1
675 1117 1
677 693 1
677 847 1
677 1112 1
680 952 1
680 1122 1
680 1132 1
682 709 1
682 976 1
682 1057 1
683 796 1
684 795 1
685 780 1
685 1011 1
685 1139 1
686 1198 1
690 931 1
691 867 1
691 1107 1
693 881 1
694 987 1
694 1015 1
694 1107 1
695 1185 1
695 1194 1
697 813 1
697 839 1
698 968 1
699 701 1
699 740 1
700 1142 1
701 1086 1
702 735 1
702 878 1
702 1185 1
703 812 1
703 959 1
703 1074 1
706 710 1
708 851 1
708 1003 1
712 967 1
713 1071 1
714 771 1
714 807 1
714 870 1
715 820 1
717 1043 1
718 855 1
718 1190 1
719 1020 1
719 1051 1
719 1188 1
720 730 1
721 753 1
721 793 1
721 1109 1
722 964 1
723 884 1
723 900 1
723 1033 1
724 1182 1
725 733 1
725 995 1
726 736 1
726 1160 1
726 1193 1
728 891 1
728 1048 1
728 1193 1
729 862 1
729 907 1
730 1040 1
732 851 1
733 1069 1
734 794 1
735 874 1
735 1108 1
736 965 1
737 862 1
738 1170 1
739 1196 1
740 1115 1
741 744 1
741 947 1
741 993 1
742 1036 1
743 1044 1
743 1137 1
744 1037 1
745 783 1
745 1196 1
747 1109 1
750 1072 1
751 782 1
751 815 1
755 1005 1
756 899 1
758 1105 1
759 876 1
759 1026 1
762 1081 1
763 798 1
763 980 1
763 1073 1
765 1015 1
766 805 1
766 1120 1
767 971 1
767 1145 1
767 1146 1
768 1010 1
768 1052 1
768 1187 1
769 1058 1
769 1155 1
770 1008 1
772 790 1
772 975 1
772 1082 1
774 830 1
774 832 1
774 845 1
774 903 1
775 1172 1
776 868 1
776 980 1
777 977 1
778 1162 1
779 1138 1
781 1047 1
782 831 1
785 1165 1
786 1137 1
789 1002 1
792 991 1
792 1010 1
794 1005 1
796 840 1
796 1005 1
798 970 1
801 1007 1
801 1059 1
803 804 1
804 834 1
805 1152 1
806 1079 1
807 928 1
808 874 1
808 1146 1
810 853 1
810 938 1
811 870 1
811 925 1
811 1000 1
815 1162 1
816 1063 1
817 937 1
818 994 1
818 1169 1
821 893 1
821 1086 1
822 825 1
823 962 1
823 1166 1
824 1055 1
824 1129 1
829 892 1
829 904 1
829 996 1
829 1066 1
829 1094 1
829 1197 1
830 865 1
830 968 1
831 1128 1
833 948 1
833 1199 1
834 986 1
834 1178 1
837 888 1
839 992 1
839 1070 1
840 986 1
840 1084 1
840 1122 1
841 892 1
841 1069 1
841 1168 1
842 939 1
845 899 1
845 1142 1
847 1121 1
848 942 1
850 1015 1
850 1055 1
853 886 1
853 958 1
854 910 1
854 1087 1
858 1121 1
858 1132 1
859 998 1
862 1150 1
868 918 1
870 1044 1
871 1188 1
872 1105 1
875 1124 1
877 985 1
878 1076 1
878 1167 1
879 1097 1
883 903 1
885 1088 1
887 895 1
887 961 1
890 1064 1
892 1068 1
893 981 1
895 1001 1
897 907 1
900 903 1
902 1042 1
902 1091 1
904 929 1
904 1106 1
905 1190 1
906 1144 1
906 1182 1
907 953 1
908 1172 1
909 1127 1
910 1024 1
912 972 1
915 959 1
917 1142 1
918 925 1
918 1130 1
920 1018 1
920 1073 1
921 980 1
924 1012 1
928 968 1
928 978 1
930 994 1
930 1150 1
931 1046 1
935 1043 1
935 1187 1
936 1077 1
936 1135 1
940 1147 1
941 1023 1
943 983 1
945 1114 1
947 1102 1
948 1153 1
955 1109 1
959 971 1
959 1044 1
960 1056 1
963 1021 1
965 1197 1
970 1095 1
971 1174 1
976 1041 1
977 1117 1
978 1113 1
979 980 1
982 1091 1
983 1135 1
999 1171 1
1000 1078 1
1001 1192 1
1002 1094 1
1005 1194 1
1006 1089 1
1012 1039 1
1012 1152 1
1018 1024 1
1020 1064 1
1021 1121 1
1026 1054 1
1026 1077 1
1031 1055 1
1032 1148 1
1033 1133 1
1038 1138 1
1040 1200 1
1044 1125 1
1047 1147 1
1057 1184 1
1060 1168 1
1070 1179 1
1073 1163 1
1077 1126 1
1079 1138 1
1081 1098 1
1083 1181 1
1085 1086 1
1088 1186 1
1090 1113 1
1100 1111 1
1118 1183 1
1125 1174 1
1129 1191 1
1131 1164 1
1134 1171 1
1135 1173 1
1145 1157 1
1159 1169 1
1170 1183 1
