1400 5580 
1 5 1
1 6 1
1 7 1
1 8 1
1 9 1
1 11 1
1 12 1
1 13 1
1 14 1
1 15 1
1 18 1
1 19 1
1 23 1
1 27 1
1 35 1
1 36 1
1 43 1
1 46 1
1 47 1
1 51 1
1 52 1
1 57 1
1 67 1
1 72 1
1 77 1
1 83 1
1 85 1
1 86 1
1 117 1
1 120 1
1 125 1
1 126 1
1 132 1
1 135 1
1 153 1
1 161 1
1 183 1
1 184 1
1 191 1
1 208 1
1 223 1
1 227 1
1 230 1
1 257 1
1 258 1
1 260 1
1 262 1
1 268 1
1 288 1
1 290 1
1 296 1
1 305 1
1 362 1
1 378 1
1 380 1
1 384 1
1 394 1
1 411 1
1 433 1
1 461 1
1 472 1
1 479 1
1 501 1
1 529 1
1 543 1
1 551 1
1 552 1
1 560 1
1 607 1
1 623 1
1 637 1
1 664 1
1 672 1
1 697 1
1 734 1
1 785 1
1 830 1
1 835 1
1 861 1
1 876 1
1 882 1
1 893 1
1 897 1
1 901 1
1 909 1
1 912 1
1 915 1
1 974 1
1 976 1
1 987 1
1 1009 1
1 1012 1
1 1025 1
1 1026 1
1 1028 1
1 1043 1
1 1060 1
1 1072 1
1 1095 1
1 1112 1
1 1120 1
1 1141 1
1 1145 1
1 1155 1
1 1215 1
1 1300 1
1 1320 1
1 1388 1
2 5 1
2 9 1
2 12 1
2 18 1
2 26 1
2 27 1
2 30 1
2 39 1
2 48 1
2 84 1
2 87 1
2 105 1
2 126 1
2 134 1
2 173 1
2 178 1
2 227 1
2 282 1
2 288 1
2 320 1
2 395 1
2 415 1
2 438 1
2 458 1
2 509 1
2 535 1
2 546 1
2 556 1
2 557 1
2 567 1
2 572 1
2 577 1
2 582 1
2 593 1
2 598 1
2 629 1
2 662 1
2 670 1
2 691 1
2 712 1
2 740 1
2 766 1
2 767 1
2 888 1
2 1001 1
2 1038 1
2 1064 1
2 1206 1
2 1214 1
2 1233 1
2 1282 1
2 1361 1
3 5 1
3 6 1
3 7 1
3 8 1
3 9 1
3 10 1
3 13 1
3 15 1
3 22 1
3 25 1
3 26 1
3 34 1
3 37 1
3 61 1
3 83 1
3 90 1
3 95 1
3 107 1
3 121 1
3 148 1
3 187 1
3 190 1
3 195 1
3 201 1
3 219 1
3 234 1
3 262 1
3 290 1
3 295 1
3 310 1
3 317 1
3 329 1
3 334 1
3 378 1
3 381 1
3 415 1
3 428 1
3 519 1
3 529 1
3 551 1
3 566 1
3 683 1
3 776 1
3 902 1
3 907 1
3 935 1
3 953 1
3 985 1
3 1014 1
3 1020 1
3 1021 1
3 1079 1
3 1111 1
3 1138 1
3 1154 1
3 1218 1
3 1222 1
3 1307 1
3 1339 1
3 1374 1
4 5 1
4 6 1
4 7 1
4 8 1
4 9 1
4 10 1
4 20 1
4 22 1
4 26 1
4 27 1
4 28 1
4 30 1
4 31 1
4 34 1
4 36 1
4 39 1
4 42 1
4 44 1
4 48 1
4 52 1
4 57 1
4 58 1
4 60 1
4 62 1
4 65 1
4 78 1
4 80 1
4 81 1
4 89 1
4 94 1
4 101 1
4 128 1
4 135 1
4 142 1
4 143 1
4 147 1
4 149 1
4 151 1
4 155 1
4 165 1
4 181 1
4 189 1
4 214 1
4 221 1
4 246 1
4 257 1
4 264 1
4 273 1
4 280 1
4 308 1
4 311 1
4 314 1
4 319 1
4 332 1
4 360 1
4 366 1
4 378 1
4 379 1
4 382 1
4 390 1
4 396 1
4 400 1
4 404 1
4 411 1
4 446 1
4 472 1
4 494 1
4 500 1
4 506 1
4 512 1
4 515 1
4 524 1
4 527 1
4 532 1
4 536 1
4 549 1
4 554 1
4 576 1
4 601 1
4 603 1
4 604 1
4 634 1
4 638 1
4 652 1
4 656 1
4 668 1
4 669 1
4 673 1
4 688 1
4 699 1
4 703 1
4 704 1
4 711 1
4 720 1
4 724 1
4 790 1
4 811 1
4 828 1
4 850 1
4 852 1
4 853 1
4 876 1
4 895 1
4 951 1
4 982 1
4 984 1
4 1014 1
4 1025 1
4 1043 1
4 1067 1
4 1123 1
4 1140 1
4 1149 1
4 1159 1
4 1164 1
4 1199 1
4 1245 1
4 1250 1
4 1255 1
4 1260 1
4 1282 1
4 1286 1
4 1289 1
4 1329 1
4 1339 1
4 1355 1
4 1365 1
4 1377 1
5 6 1
5 10 1
5 37 1
5 41 1
5 66 1
5 81 1
5 89 1
5 97 1
5 106 1
5 113 1
5 154 1
5 156 1
5 169 1
5 204 1
5 211 1
5 236 1
5 241 1
5 243 1
5 252 1
5 263 1
5 297 1
5 358 1
5 372 1
5 382 1
5 438 1
5 509 1
5 520 1
5 603 1
5 607 1
5 608 1
5 621 1
5 633 1
5 655 1
5 695 1
5 768 1
5 798 1
5 813 1
5 850 1
5 965 1
5 976 1
5 1020 1
5 1059 1
5 1084 1
5 1155 1
5 1234 1
5 1255 1
5 1323 1
6 7 1
6 8 1
6 14 1
6 15 1
6 17 1
6 23 1
6 34 1
6 50 1
6 77 1
6 92 1
6 100 1
6 127 1
6 144 1
6 159 1
6 172 1
6 180 1
6 183 1
6 202 1
6 206 1
6 213 1
6 224 1
6 228 1
6 237 1
6 253 1
6 287 1
6 301 1
6 304 1
6 307 1
6 311 1
6 363 1
6 384 1
6 395 1
6 410 1
6 423 1
6 436 1
6 478 1
6 519 1
6 534 1
6 567 1
6 627 1
6 640 1
6 657 1
6 678 1
6 724 1
6 730 1
6 798 1
6 806 1
6 810 1
6 825 1
6 830 1
6 832 1
6 896 1
6 1065 1
6 1101 1
6 1193 1
6 1211 1
6 1240 1
6 1264 1
6 1272 1
6 1296 1
6 1347 1
6 1362 1
7 10 1
7 11 1
7 12 1
7 14 1
7 16 1
7 21 1
7 24 1
7 26 1
7 32 1
7 35 1
7 38 1
7 46 1
7 57 1
7 75 1
7 77 1
7 96 1
7 98 1
7 100 1
7 104 1
7 108 1
7 139 1
7 140 1
7 155 1
7 158 1
7 160 1
7 162 1
7 166 1
7 169 1
7 182 1
7 200 1
7 205 1
7 218 1
7 220 1
7 236 1
7 250 1
7 265 1
7 269 1
7 294 1
7 309 1
7 333 1
7 380 1
7 381 1
7 383 1
7 413 1
7 417 1
7 441 1
7 442 1
7 462 1
7 485 1
7 504 1
7 538 1
7 564 1
7 623 1
7 654 1
7 684 1
7 701 1
7 752 1
7 761 1
7 767 1
7 804 1
7 814 1
7 836 1
7 839 1
7 881 1
7 954 1
7 1022 1
7 1058 1
7 1074 1
7 1080 1
7 1118 1
7 1119 1
7 1135 1
7 1144 1
7 1160 1
7 1226 1
7 1258 1
7 1271 1
7 1277 1
7 1322 1
7 1325 1
7 1335 1
7 1336 1
8 13 1
8 20 1
8 29 1
8 40 1
8 41 1
8 49 1
8 50 1
8 79 1
8 82 1
8 128 1
8 136 1
8 146 1
8 147 1
8 174 1
8 234 1
8 336 1
8 415 1
8 458 1
8 755 1
8 803 1
8 849 1
8 955 1
8 1089 1
8 1133 1
8 1161 1
8 1346 1
9 11 1
9 12 1
9 15 1
9 16 1
9 19 1
9 22 1
9 25 1
9 29 1
9 31 1
9 33 1
9 35 1
9 36 1
9 37 1
9 38 1
9 49 1
9 53 1
9 54 1
9 63 1
9 68 1
9 73 1
9 91 1
9 120 1
9 131 1
9 136 1
9 139 1
9 145 1
9 154 1
9 158 1
9 162 1
9 190 1
9 213 1
9 242 1
9 249 1
9 265 1
9 276 1
9 283 1
9 287 1
9 299 1
9 304 1
9 321 1
9 332 1
9 344 1
9 376 1
9 393 1
9 397 1
9 400 1
9 401 1
9 406 1
9 408 1
9 423 1
9 441 1
9 453 1
9 462 1
9 466 1
9 473 1
9 482 1
9 490 1
9 509 1
9 529 1
9 537 1
9 542 1
9 552 1
9 569 1
9 596 1
9 616 1
9 627 1
9 644 1
9 653 1
9 662 1
9 680 1
9 681 1
9 714 1
9 732 1
9 741 1
9 753 1
9 756 1
9 782 1
9 832 1
9 856 1
9 906 1
9 925 1
9 961 1
9 1018 1
9 1064 1
9 1096 1
9 1129 1
9 1156 1
9 1172 1
9 1230 1
9 1246 1
9 1274 1
9 1304 1
9 1306 1
9 1363 1
10 11 1
10 13 1
10 14 1
10 17 1
10 18 1
10 23 1
10 30 1
10 40 1
10 51 1
10 56 1
10 57 1
10 59 1
10 72 1
10 82 1
10 85 1
10 89 1
10 92 1
10 97 1
10 110 1
10 111 1
10 159 1
10 164 1
10 166 1
10 168 1
10 192 1
10 221 1
10 225 1
10 235 1
10 247 1
10 253 1
10 275 1
10 295 1
10 300 1
10 323 1
10 340 1
10 364 1
10 370 1
10 403 1
10 407 1
10 447 1
10 449 1
10 454 1
10 461 1
10 503 1
10 527 1
10 542 1
10 565 1
10 575 1
10 597 1
10 628 1
10 647 1
10 666 1
10 678 1
10 737 1
10 750 1
10 806 1
10 883 1
10 895 1
10 977 1
10 991 1
10 1001 1
10 1115 1
10 1186 1
10 1276 1
10 1328 1
10 1348 1
10 1362 1
10 1393 1
11 16 1
11 56 1
11 63 1
11 96 1
11 116 1
11 174 1
11 197 1
11 205 1
11 210 1
11 245 1
11 260 1
11 262 1
11 280 1
11 284 1
11 298 1
11 353 1
11 355 1
11 356 1
11 366 1
11 379 1
11 384 1
11 416 1
11 419 1
11 514 1
11 524 1
11 538 1
11 719 1
11 732 1
11 791 1
11 812 1
11 917 1
11 1281 1
11 1297 1
11 1313 1
11 1378 1
12 33 1
12 38 1
12 65 1
12 93 1
12 160 1
12 269 1
12 283 1
12 294 1
12 360 1
12 414 1
12 466 1
12 546 1
12 573 1
12 619 1
12 653 1
12 655 1
12 873 1
12 941 1
12 1027 1
12 1338 1
13 17 1
13 32 1
13 41 1
13 42 1
13 50 1
13 64 1
13 79 1
13 157 1
13 195 1
13 211 1
13 226 1
13 244 1
13 248 1
13 288 1
13 328 1
13 367 1
13 387 1
13 446 1
13 450 1
13 615 1
13 726 1
13 763 1
13 1002 1
13 1132 1
14 20 1
14 21 1
14 25 1
14 58 1
14 64 1
14 70 1
14 87 1
14 91 1
14 103 1
14 119 1
14 144 1
14 146 1
14 150 1
14 152 1
14 172 1
14 178 1
14 219 1
14 232 1
14 307 1
14 408 1
14 451 1
14 702 1
14 715 1
14 792 1
14 916 1
14 918 1
14 956 1
14 1019 1
14 1033 1
14 1095 1
14 1163 1
14 1269 1
14 1282 1
14 1360 1
14 1368 1
15 16 1
15 17 1
15 21 1
15 23 1
15 24 1
15 29 1
15 31 1
15 32 1
15 49 1
15 94 1
15 117 1
15 128 1
15 146 1
15 157 1
15 158 1
15 168 1
15 173 1
15 244 1
15 253 1
15 276 1
15 278 1
15 292 1
15 297 1
15 326 1
15 327 1
15 347 1
15 437 1
15 525 1
15 526 1
15 574 1
15 738 1
15 762 1
15 771 1
15 835 1
15 880 1
15 949 1
15 1016 1
15 1028 1
15 1053 1
15 1065 1
15 1085 1
15 1108 1
15 1139 1
15 1148 1
15 1222 1
15 1266 1
15 1284 1
16 18 1
16 19 1
16 21 1
16 29 1
16 32 1
16 35 1
16 43 1
16 53 1
16 69 1
16 78 1
16 87 1
16 102 1
16 115 1
16 166 1
16 184 1
16 185 1
16 279 1
16 306 1
16 322 1
16 365 1
16 427 1
16 477 1
16 500 1
16 647 1
16 659 1
16 666 1
16 681 1
16 684 1
16 746 1
16 820 1
16 821 1
16 838 1
16 870 1
16 930 1
16 1036 1
16 1072 1
16 1196 1
16 1197 1
16 1248 1
16 1353 1
16 1392 1
16 1399 1
17 19 1
17 39 1
17 55 1
17 62 1
17 69 1
17 72 1
17 74 1
17 76 1
17 83 1
17 90 1
17 104 1
17 127 1
17 129 1
17 133 1
17 134 1
17 135 1
17 164 1
17 202 1
17 211 1
17 217 1
17 221 1
17 251 1
17 281 1
17 285 1
17 300 1
17 356 1
17 450 1
17 459 1
17 489 1
17 508 1
17 536 1
17 541 1
17 570 1
17 580 1
17 640 1
17 650 1
17 654 1
17 685 1
17 760 1
17 793 1
17 797 1
17 811 1
17 842 1
17 844 1
17 859 1
17 891 1
17 946 1
17 979 1
17 980 1
17 983 1
17 986 1
17 1034 1
17 1099 1
17 1167 1
17 1247 1
17 1299 1
17 1371 1
18 20 1
18 55 1
18 59 1
18 113 1
18 126 1
18 143 1
18 152 1
18 178 1
18 197 1
18 198 1
18 209 1
18 233 1
18 240 1
18 272 1
18 313 1
18 419 1
18 426 1
18 430 1
18 444 1
18 475 1
18 491 1
18 605 1
18 619 1
18 626 1
18 632 1
18 660 1
18 713 1
18 890 1
18 894 1
18 967 1
18 1006 1
18 1026 1
18 1046 1
18 1121 1
18 1145 1
18 1387 1
19 22 1
19 25 1
19 34 1
19 44 1
19 60 1
19 62 1
19 70 1
19 93 1
19 101 1
19 118 1
19 145 1
19 149 1
19 158 1
19 169 1
19 234 1
19 245 1
19 246 1
19 280 1
19 281 1
19 303 1
19 318 1
19 320 1
19 327 1
19 328 1
19 331 1
19 340 1
19 386 1
19 412 1
19 429 1
19 449 1
19 451 1
19 456 1
19 466 1
19 467 1
19 468 1
19 489 1
19 495 1
19 555 1
19 567 1
19 581 1
19 582 1
19 586 1
19 599 1
19 636 1
19 743 1
19 747 1
19 759 1
19 768 1
19 770 1
19 773 1
19 785 1
19 794 1
19 824 1
19 894 1
19 898 1
19 960 1
19 968 1
19 1024 1
19 1051 1
19 1130 1
19 1142 1
19 1157 1
19 1211 1
19 1266 1
19 1346 1
19 1351 1
19 1376 1
20 27 1
20 31 1
20 40 1
20 48 1
20 73 1
20 75 1
20 108 1
20 123 1
20 170 1
20 175 1
20 199 1
20 266 1
20 287 1
20 382 1
20 476 1
20 564 1
20 703 1
20 705 1
20 710 1
20 772 1
20 868 1
20 911 1
20 939 1
20 1220 1
20 1235 1
20 1294 1
20 1295 1
20 1314 1
20 1357 1
20 1358 1
21 24 1
21 30 1
21 47 1
21 61 1
21 74 1
21 77 1
21 80 1
21 91 1
21 212 1
21 243 1
21 272 1
21 337 1
21 361 1
21 389 1
21 424 1
21 454 1
21 471 1
21 532 1
21 597 1
21 858 1
21 875 1
21 981 1
21 1060 1
21 1103 1
21 1200 1
21 1249 1
21 1259 1
21 1312 1
22 24 1
22 28 1
22 43 1
22 58 1
22 86 1
22 101 1
22 112 1
22 125 1
22 130 1
22 176 1
22 215 1
22 248 1
22 279 1
22 283 1
22 295 1
22 339 1
22 350 1
22 357 1
22 373 1
22 398 1
22 406 1
22 407 1
22 451 1
22 457 1
22 483 1
22 497 1
22 584 1
22 625 1
22 653 1
22 659 1
22 709 1
22 718 1
22 741 1
22 745 1
22 777 1
22 805 1
22 827 1
22 833 1
22 834 1
22 904 1
22 1020 1
22 1041 1
22 1096 1
22 1114 1
22 1159 1
22 1221 1
22 1255 1
23 44 1
23 163 1
23 166 1
23 216 1
23 229 1
23 233 1
23 239 1
23 263 1
23 329 1
23 338 1
23 346 1
23 371 1
23 391 1
23 500 1
23 566 1
23 577 1
23 819 1
23 928 1
23 969 1
23 1023 1
23 1082 1
23 1137 1
23 1139 1
23 1261 1
24 45 1
24 53 1
24 94 1
24 100 1
24 109 1
24 193 1
24 206 1
24 277 1
24 296 1
24 334 1
24 385 1
24 417 1
24 434 1
24 438 1
24 456 1
24 514 1
24 616 1
24 638 1
24 639 1
24 706 1
24 869 1
24 904 1
24 970 1
25 28 1
25 33 1
25 46 1
25 54 1
25 67 1
25 69 1
25 74 1
25 78 1
25 79 1
25 80 1
25 81 1
25 90 1
25 110 1
25 120 1
25 129 1
25 130 1
25 150 1
25 152 1
25 165 1
25 167 1
25 191 1
25 205 1
25 223 1
25 224 1
25 231 1
25 236 1
25 248 1
25 249 1
25 250 1
25 252 1
25 258 1
25 265 1
25 274 1
25 291 1
25 308 1
25 313 1
25 325 1
25 331 1
25 342 1
25 348 1
25 358 1
25 359 1
25 368 1
25 399 1
25 417 1
25 418 1
25 420 1
25 455 1
25 476 1
25 486 1
25 496 1
25 511 1
25 516 1
25 522 1
25 562 1
25 565 1
25 571 1
25 589 1
25 664 1
25 686 1
25 690 1
25 700 1
25 755 1
25 763 1
25 784 1
25 790 1
25 792 1
25 863 1
25 912 1
25 934 1
25 948 1
25 955 1
25 965 1
25 969 1
25 993 1
25 1069 1
25 1082 1
25 1091 1
25 1104 1
25 1110 1
25 1117 1
25 1130 1
25 1181 1
25 1186 1
25 1194 1
25 1198 1
25 1229 1
25 1260 1
25 1276 1
25 1289 1
25 1316 1
25 1379 1
26 28 1
26 36 1
26 48 1
26 74 1
26 131 1
26 139 1
26 163 1
26 196 1
26 219 1
26 230 1
26 292 1
26 307 1
26 374 1
26 518 1
26 652 1
26 689 1
26 706 1
26 717 1
26 867 1
26 878 1
26 992 1
26 1062 1
26 1086 1
26 1258 1
26 1319 1
26 1355 1
27 42 1
27 45 1
27 49 1
27 70 1
27 75 1
27 94 1
27 120 1
27 176 1
27 209 1
27 251 1
27 255 1
27 259 1
27 274 1
27 284 1
27 294 1
27 320 1
27 351 1
27 428 1
27 628 1
27 639 1
27 768 1
27 791 1
27 800 1
27 808 1
27 810 1
27 917 1
27 918 1
27 1019 1
27 1023 1
27 1131 1
27 1179 1
27 1195 1
27 1251 1
27 1353 1
28 33 1
28 37 1
28 44 1
28 54 1
28 58 1
28 61 1
28 63 1
28 67 1
28 88 1
28 101 1
28 124 1
28 144 1
28 150 1
28 177 1
28 230 1
28 315 1
28 376 1
28 398 1
28 426 1
28 465 1
28 570 1
28 637 1
28 640 1
28 690 1
28 837 1
28 845 1
28 864 1
28 1019 1
28 1113 1
28 1178 1
28 1210 1
28 1310 1
28 1399 1
29 38 1
29 39 1
29 46 1
29 47 1
29 69 1
29 102 1
29 140 1
29 141 1
29 152 1
29 178 1
29 225 1
29 228 1
29 242 1
29 266 1
29 312 1
29 347 1
29 366 1
29 367 1
29 396 1
29 442 1
29 474 1
29 513 1
29 569 1
29 583 1
29 611 1
29 612 1
29 650 1
29 709 1
29 786 1
29 877 1
29 882 1
29 903 1
29 977 1
29 1110 1
29 1186 1
29 1213 1
29 1249 1
29 1341 1
29 1356 1
30 64 1
30 89 1
30 207 1
30 510 1
30 533 1
30 746 1
30 932 1
30 1010 1
31 40 1
31 61 1
31 75 1
31 119 1
31 228 1
31 238 1
31 239 1
31 302 1
31 340 1
31 354 1
31 355 1
31 405 1
31 447 1
31 561 1
31 716 1
31 720 1
31 932 1
31 976 1
31 1056 1
31 1070 1
31 1202 1
31 1277 1
31 1349 1
32 41 1
32 47 1
32 78 1
32 99 1
32 153 1
32 233 1
32 235 1
32 318 1
32 402 1
32 432 1
32 477 1
32 601 1
32 789 1
32 898 1
32 975 1
32 992 1
32 1004 1
32 1294 1
33 70 1
33 90 1
33 186 1
33 208 1
33 540 1
33 559 1
33 665 1
33 689 1
33 804 1
33 954 1
33 1013 1
33 1196 1
33 1315 1
34 50 1
34 51 1
34 62 1
34 79 1
34 95 1
34 110 1
34 128 1
34 157 1
34 163 1
34 185 1
34 208 1
34 227 1
34 252 1
34 310 1
34 350 1
34 379 1
34 411 1
34 497 1
34 620 1
34 633 1
34 643 1
34 769 1
34 848 1
34 911 1
34 992 1
34 1045 1
34 1109 1
34 1122 1
34 1148 1
34 1175 1
34 1200 1
34 1227 1
34 1274 1
34 1321 1
34 1337 1
35 43 1
35 45 1
35 56 1
35 59 1
35 60 1
35 98 1
35 107 1
35 111 1
35 155 1
35 162 1
35 238 1
35 243 1
35 293 1
35 424 1
35 482 1
35 523 1
35 624 1
35 721 1
35 722 1
35 789 1
35 794 1
35 803 1
35 830 1
35 923 1
35 982 1
35 1159 1
35 1253 1
35 1263 1
35 1270 1
35 1307 1
35 1378 1
36 102 1
36 110 1
36 219 1
36 254 1
36 283 1
36 363 1
36 390 1
36 418 1
36 453 1
36 459 1
36 532 1
36 547 1
36 635 1
36 651 1
36 744 1
36 746 1
36 756 1
36 766 1
36 774 1
36 793 1
36 901 1
36 1027 1
36 1068 1
36 1187 1
36 1306 1
36 1375 1
37 55 1
37 71 1
37 171 1
37 207 1
37 248 1
37 299 1
37 303 1
37 311 1
37 345 1
37 523 1
37 547 1
37 579 1
37 595 1
37 626 1
37 935 1
37 945 1
37 1013 1
37 1112 1
37 1181 1
37 1210 1
38 42 1
38 52 1
38 109 1
38 114 1
38 188 1
38 197 1
38 291 1
38 455 1
38 579 1
38 1189 1
38 1209 1
39 45 1
39 64 1
39 99 1
39 137 1
39 167 1
39 214 1
39 277 1
39 308 1
39 345 1
39 391 1
39 401 1
39 692 1
39 758 1
39 939 1
39 1017 1
39 1174 1
39 1240 1
39 1268 1
39 1364 1
40 72 1
40 86 1
40 95 1
40 112 1
40 138 1
40 149 1
40 150 1
40 161 1
40 170 1
40 179 1
40 210 1
40 263 1
40 316 1
40 347 1
40 383 1
40 407 1
40 584 1
40 614 1
40 650 1
40 668 1
40 673 1
40 701 1
40 739 1
40 813 1
40 823 1
40 892 1
40 1151 1
40 1332 1
40 1338 1
41 53 1
41 84 1
41 118 1
41 132 1
41 161 1
41 168 1
41 170 1
41 264 1
41 282 1
41 326 1
41 333 1
41 340 1
41 349 1
41 439 1
41 443 1
41 480 1
41 645 1
41 676 1
41 699 1
41 846 1
41 995 1
41 1023 1
41 1040 1
41 1105 1
41 1213 1
41 1245 1
41 1250 1
41 1261 1
42 66 1
42 114 1
42 117 1
42 142 1
42 154 1
42 187 1
42 214 1
42 237 1
42 250 1
42 303 1
42 345 1
42 364 1
42 468 1
42 657 1
42 833 1
42 884 1
42 892 1
42 973 1
42 1066 1
42 1168 1
42 1236 1
42 1298 1
43 207 1
43 267 1
43 311 1
43 352 1
43 922 1
43 1136 1
44 51 1
44 76 1
44 123 1
44 204 1
44 297 1
44 308 1
44 405 1
44 476 1
44 562 1
44 787 1
44 888 1
44 919 1
44 1388 1
45 84 1
45 117 1
45 201 1
45 215 1
45 241 1
45 279 1
45 449 1
45 674 1
45 729 1
45 1020 1
45 1074 1
45 1165 1
45 1176 1
45 1180 1
45 1319 1
46 59 1
46 124 1
46 138 1
46 147 1
46 153 1
46 189 1
46 200 1
46 546 1
46 642 1
46 658 1
46 796 1
46 1224 1
47 99 1
47 100 1
47 106 1
47 113 1
47 282 1
47 487 1
47 897 1
47 1189 1
48 60 1
48 87 1
48 108 1
48 201 1
48 257 1
48 335 1
48 371 1
48 397 1
48 452 1
48 651 1
48 715 1
48 804 1
48 887 1
48 942 1
48 989 1
49 55 1
49 65 1
49 71 1
49 114 1
49 118 1
49 266 1
49 271 1
49 285 1
49 293 1
49 314 1
49 328 1
49 425 1
49 538 1
49 549 1
49 568 1
49 578 1
49 625 1
49 752 1
49 801 1
49 998 1
49 1051 1
49 1094 1
49 1152 1
49 1197 1
50 81 1
50 113 1
50 124 1
50 131 1
50 157 1
50 181 1
50 184 1
50 259 1
50 490 1
50 498 1
50 818 1
50 861 1
50 896 1
50 1093 1
50 1116 1
51 52 1
51 54 1
51 68 1
51 76 1
51 88 1
51 112 1
51 125 1
51 133 1
51 143 1
51 151 1
51 177 1
51 282 1
51 347 1
51 359 1
51 463 1
51 503 1
51 615 1
51 675 1
51 781 1
51 788 1
51 799 1
51 851 1
51 883 1
51 912 1
51 970 1
51 1073 1
51 1113 1
51 1130 1
51 1269 1
51 1365 1
51 1372 1
52 141 1
52 222 1
52 305 1
52 316 1
52 368 1
52 543 1
52 714 1
52 889 1
52 999 1
52 1322 1
53 88 1
53 91 1
53 96 1
53 98 1
53 106 1
53 109 1
53 154 1
53 159 1
53 232 1
53 235 1
53 244 1
53 337 1
53 348 1
53 370 1
53 375 1
53 493 1
53 589 1
53 645 1
53 694 1
53 754 1
53 780 1
53 781 1
53 831 1
53 851 1
53 977 1
53 1087 1
53 1238 1
54 56 1
54 66 1
54 68 1
54 73 1
54 82 1
54 85 1
54 105 1
54 115 1
54 136 1
54 187 1
54 232 1
54 306 1
54 343 1
54 357 1
54 393 1
54 414 1
54 421 1
54 437 1
54 506 1
54 544 1
54 551 1
54 573 1
54 619 1
54 759 1
54 761 1
54 833 1
54 980 1
54 1000 1
54 1057 1
54 1104 1
54 1146 1
54 1150 1
54 1285 1
55 186 1
55 231 1
55 487 1
55 775 1
55 878 1
55 893 1
55 945 1
55 963 1
55 1222 1
56 66 1
56 73 1
56 84 1
56 88 1
56 92 1
56 121 1
56 129 1
56 177 1
56 237 1
56 309 1
56 349 1
56 374 1
56 386 1
56 387 1
56 473 1
56 492 1
56 762 1
56 822 1
56 866 1
56 925 1
56 1018 1
56 1019 1
56 1026 1
56 1094 1
56 1107 1
56 1317 1
56 1326 1
57 85 1
57 946 1
57 1034 1
57 1343 1
57 1360 1
58 65 1
58 82 1
58 86 1
58 98 1
58 109 1
58 124 1
58 132 1
58 151 1
58 209 1
58 265 1
58 291 1
58 349 1
58 377 1
58 438 1
58 441 1
58 448 1
58 457 1
58 477 1
58 479 1
58 522 1
58 544 1
58 571 1
58 583 1
58 587 1
58 623 1
58 627 1
58 641 1
58 683 1
58 694 1
58 822 1
58 828 1
58 901 1
58 919 1
58 925 1
58 926 1
58 997 1
58 1077 1
58 1097 1
58 1140 1
58 1231 1
58 1248 1
58 1253 1
58 1285 1
58 1292 1
58 1326 1
58 1390 1
59 76 1
59 103 1
59 129 1
59 146 1
59 147 1
59 172 1
59 176 1
59 192 1
59 454 1
59 475 1
59 640 1
59 676 1
59 738 1
59 739 1
59 748 1
59 776 1
59 780 1
59 877 1
59 1140 1
59 1208 1
59 1242 1
59 1300 1
59 1333 1
60 67 1
60 203 1
60 211 1
60 314 1
60 318 1
60 377 1
60 420 1
60 457 1
60 459 1
60 486 1
60 493 1
60 549 1
60 725 1
60 803 1
60 1093 1
60 1301 1
60 1384 1
61 71 1
61 93 1
61 470 1
61 512 1
61 704 1
61 868 1
62 63 1
62 135 1
62 251 1
62 389 1
62 393 1
62 434 1
62 439 1
62 536 1
62 550 1
62 643 1
62 723 1
62 750 1
62 818 1
62 873 1
62 998 1
62 1246 1
62 1340 1
62 1342 1
63 196 1
63 261 1
63 331 1
63 550 1
63 636 1
63 758 1
63 896 1
63 908 1
64 71 1
64 111 1
64 112 1
64 118 1
64 122 1
64 127 1
64 341 1
64 458 1
64 489 1
64 528 1
64 603 1
64 767 1
64 851 1
64 857 1
64 934 1
64 972 1
64 1170 1
64 1304 1
65 284 1
65 987 1
65 1292 1
65 1382 1
66 68 1
66 93 1
66 95 1
66 119 1
66 204 1
66 240 1
66 354 1
66 357 1
66 392 1
66 401 1
66 467 1
66 472 1
66 473 1
66 633 1
66 655 1
66 673 1
66 997 1
66 1180 1
66 1234 1
66 1242 1
67 115 1
67 122 1
67 270 1
67 1203 1
68 83 1
68 92 1
68 105 1
68 115 1
68 136 1
68 143 1
68 156 1
68 205 1
68 247 1
68 263 1
68 339 1
68 352 1
68 433 1
68 591 1
68 592 1
68 601 1
68 604 1
68 642 1
68 661 1
68 724 1
68 742 1
68 760 1
68 832 1
68 848 1
68 985 1
68 1005 1
68 1085 1
68 1114 1
68 1158 1
68 1214 1
68 1344 1
69 125 1
69 164 1
69 186 1
69 264 1
69 568 1
69 672 1
69 816 1
69 842 1
69 854 1
69 942 1
69 965 1
69 1294 1
69 1387 1
70 160 1
70 171 1
70 175 1
70 180 1
70 316 1
70 421 1
70 450 1
70 545 1
70 613 1
70 807 1
70 1218 1
71 103 1
71 119 1
71 328 1
71 487 1
71 1056 1
72 80 1
72 107 1
72 140 1
72 149 1
72 199 1
72 223 1
72 236 1
72 485 1
72 495 1
72 540 1
72 617 1
72 696 1
72 713 1
72 990 1
72 992 1
72 1051 1
72 1131 1
72 1174 1
73 145 1
73 148 1
73 190 1
73 199 1
73 235 1
73 336 1
73 349 1
73 432 1
73 435 1
73 539 1
73 870 1
73 1085 1
73 1293 1
74 202 1
74 213 1
74 220 1
74 343 1
74 374 1
74 435 1
74 612 1
74 826 1
74 859 1
74 869 1
74 1021 1
74 1086 1
74 1124 1
74 1350 1
75 126 1
75 820 1
76 163 1
76 167 1
76 292 1
76 353 1
76 354 1
76 388 1
76 450 1
76 545 1
76 555 1
76 647 1
76 695 1
76 755 1
76 821 1
76 846 1
76 933 1
76 1118 1
76 1124 1
76 1135 1
77 99 1
77 186 1
77 193 1
77 220 1
77 274 1
77 299 1
77 336 1
77 387 1
77 518 1
77 551 1
77 554 1
77 594 1
77 670 1
77 784 1
77 822 1
77 827 1
77 848 1
77 985 1
77 1088 1
77 1184 1
77 1195 1
77 1201 1
78 130 1
78 138 1
78 148 1
78 165 1
78 194 1
78 203 1
78 298 1
78 306 1
78 413 1
78 414 1
78 518 1
78 528 1
78 720 1
78 735 1
78 1044 1
78 1099 1
78 1283 1
78 1312 1
79 97 1
79 104 1
79 188 1
79 189 1
79 203 1
79 261 1
79 386 1
79 535 1
79 617 1
79 984 1
79 1185 1
79 1281 1
80 111 1
80 333 1
80 507 1
80 748 1
80 920 1
81 137 1
81 142 1
81 287 1
81 295 1
81 302 1
81 319 1
81 345 1
81 361 1
81 378 1
81 399 1
81 478 1
81 565 1
81 649 1
81 665 1
81 674 1
81 728 1
81 751 1
81 815 1
81 860 1
81 950 1
81 996 1
81 1050 1
81 1117 1
81 1180 1
81 1216 1
81 1246 1
81 1391 1
82 114 1
82 137 1
82 272 1
82 291 1
82 359 1
82 469 1
82 483 1
82 487 1
82 506 1
82 559 1
82 726 1
82 837 1
82 972 1
82 1187 1
82 1350 1
83 200 1
83 229 1
83 256 1
83 319 1
83 373 1
83 664 1
83 999 1
84 104 1
84 243 1
84 285 1
84 346 1
84 540 1
84 661 1
84 1376 1
85 138 1
85 140 1
85 177 1
85 260 1
85 306 1
85 335 1
85 341 1
85 468 1
85 591 1
85 622 1
85 668 1
85 677 1
85 780 1
85 846 1
85 861 1
85 926 1
85 1015 1
85 1085 1
85 1120 1
85 1123 1
85 1297 1
85 1343 1
86 132 1
86 256 1
86 372 1
86 582 1
86 658 1
86 816 1
86 846 1
86 899 1
86 903 1
86 910 1
86 1218 1
86 1367 1
87 218 1
87 275 1
87 322 1
87 1335 1
88 141 1
88 391 1
88 436 1
89 108 1
89 171 1
89 317 1
89 335 1
89 515 1
89 569 1
89 722 1
89 731 1
89 1008 1
89 1040 1
89 1199 1
90 116 1
90 133 1
90 162 1
90 586 1
90 658 1
90 688 1
90 727 1
90 1238 1
90 1254 1
90 1352 1
91 97 1
91 105 1
91 221 1
91 491 1
91 527 1
91 595 1
91 1302 1
91 1325 1
92 182 1
92 238 1
92 247 1
92 322 1
92 461 1
92 558 1
92 564 1
92 614 1
92 756 1
92 929 1
92 1081 1
92 1241 1
92 1344 1
93 225 1
93 249 1
93 338 1
93 376 1
93 413 1
93 620 1
93 1030 1
93 1212 1
93 1251 1
94 183 1
94 800 1
94 812 1
94 867 1
94 954 1
94 1101 1
94 1306 1
95 102 1
95 443 1
95 826 1
95 950 1
95 1098 1
96 267 1
96 366 1
96 475 1
96 1185 1
96 1207 1
96 1212 1
97 160 1
97 171 1
97 215 1
97 237 1
97 536 1
97 1234 1
97 1338 1
98 133 1
98 254 1
98 575 1
98 624 1
98 687 1
98 922 1
99 103 1
99 121 1
99 206 1
99 223 1
99 290 1
99 335 1
99 351 1
99 380 1
99 479 1
99 499 1
99 535 1
99 637 1
99 683 1
99 718 1
99 763 1
99 825 1
99 941 1
99 1016 1
99 1061 1
100 107 1
100 116 1
100 156 1
100 324 1
100 332 1
100 618 1
101 173 1
101 616 1
102 181 1
102 390 1
102 476 1
102 856 1
102 913 1
102 1030 1
102 1273 1
103 106 1
103 159 1
103 195 1
103 196 1
103 224 1
103 240 1
103 300 1
103 356 1
103 361 1
103 440 1
103 444 1
103 486 1
103 587 1
103 1033 1
103 1100 1
103 1188 1
103 1364 1
104 404 1
104 630 1
104 678 1
105 127 1
105 176 1
105 184 1
105 208 1
105 210 1
105 302 1
105 317 1
105 386 1
105 418 1
105 422 1
105 535 1
105 541 1
105 544 1
105 546 1
105 613 1
105 631 1
105 632 1
105 958 1
105 969 1
105 1037 1
105 1229 1
106 196 1
106 197 1
106 226 1
106 280 1
106 356 1
106 471 1
106 548 1
106 669 1
106 781 1
106 921 1
106 1075 1
106 1104 1
106 1143 1
106 1189 1
106 1268 1
106 1295 1
107 165 1
107 191 1
107 195 1
107 213 1
107 273 1
107 371 1
107 433 1
107 673 1
107 796 1
107 809 1
107 983 1
107 1331 1
107 1354 1
108 122 1
108 281 1
108 296 1
108 502 1
108 715 1
108 782 1
108 919 1
109 134 1
109 137 1
109 144 1
109 153 1
109 198 1
109 618 1
109 695 1
109 735 1
109 754 1
109 776 1
109 857 1
109 982 1
109 1148 1
109 1330 1
110 116 1
110 122 1
110 173 1
110 174 1
110 192 1
110 217 1
110 257 1
110 313 1
110 338 1
110 353 1
110 464 1
110 534 1
110 541 1
110 578 1
110 593 1
110 631 1
110 690 1
110 932 1
110 1047 1
110 1309 1
110 1316 1
110 1333 1
111 130 1
111 170 1
111 212 1
111 222 1
111 289 1
111 361 1
111 426 1
111 593 1
111 617 1
111 680 1
111 805 1
111 843 1
111 885 1
111 1045 1
111 1146 1
111 1202 1
111 1300 1
111 1393 1
112 358 1
113 121 1
113 123 1
113 131 1
113 148 1
113 167 1
113 206 1
113 207 1
113 246 1
113 267 1
113 279 1
113 395 1
113 410 1
113 497 1
113 547 1
113 642 1
113 677 1
113 708 1
113 753 1
113 787 1
113 794 1
113 1003 1
113 1031 1
113 1047 1
113 1087 1
113 1138 1
113 1185 1
113 1216 1
113 1226 1
113 1278 1
113 1323 1
114 289 1
114 724 1
114 1355 1
115 225 1
115 310 1
115 350 1
115 412 1
115 421 1
115 431 1
115 698 1
115 748 1
115 764 1
115 782 1
115 1078 1
115 1365 1
116 217 1
116 333 1
116 657 1
116 672 1
116 728 1
116 812 1
116 847 1
116 942 1
116 958 1
116 1164 1
116 1366 1
117 210 1
117 342 1
117 656 1
117 809 1
117 829 1
117 1007 1
117 1378 1
118 123 1
118 134 1
118 407 1
118 713 1
118 839 1
118 852 1
118 958 1
118 1035 1
119 307 1
119 362 1
119 507 1
119 524 1
119 854 1
119 895 1
119 940 1
120 141 1
120 216 1
120 344 1
120 359 1
120 714 1
120 1021 1
120 1128 1
120 1204 1
121 156 1
121 175 1
121 296 1
121 322 1
121 415 1
121 422 1
121 434 1
121 515 1
121 530 1
121 716 1
121 786 1
121 1032 1
121 1038 1
121 1251 1
122 200 1
122 269 1
122 343 1
122 452 1
122 465 1
122 484 1
122 608 1
122 698 1
122 704 1
122 789 1
122 814 1
122 838 1
122 897 1
122 948 1
122 983 1
122 1322 1
124 155 1
124 234 1
124 324 1
124 382 1
124 618 1
124 658 1
124 760 1
124 933 1
124 1344 1
125 310 1
125 491 1
125 576 1
125 599 1
125 953 1
125 1036 1
125 1205 1
125 1235 1
126 194 1
126 324 1
126 388 1
126 406 1
126 433 1
126 484 1
126 499 1
126 507 1
126 605 1
126 679 1
126 881 1
126 930 1
126 1100 1
126 1192 1
127 180 1
127 198 1
127 348 1
127 365 1
127 826 1
127 1125 1
127 1274 1
128 268 1
128 309 1
128 774 1
128 833 1
128 927 1
128 973 1
128 1016 1
129 877 1
129 1194 1
129 1249 1
130 626 1
130 715 1
130 959 1
130 1049 1
131 368 1
131 400 1
131 600 1
131 1318 1
132 278 1
132 325 1
132 602 1
132 730 1
132 861 1
132 1109 1
132 1301 1
132 1382 1
133 1209 1
133 1348 1
134 139 1
134 164 1
134 187 1
134 376 1
134 460 1
134 592 1
134 610 1
134 679 1
134 710 1
134 777 1
134 961 1
134 1048 1
134 1076 1
134 1116 1
134 1235 1
135 470 1
135 598 1
135 602 1
135 646 1
135 721 1
135 784 1
135 935 1
135 991 1
135 1126 1
135 1176 1
135 1178 1
135 1208 1
136 254 1
136 352 1
136 413 1
136 501 1
136 701 1
136 775 1
136 845 1
136 954 1
136 1056 1
136 1130 1
136 1245 1
137 505 1
137 528 1
137 936 1
138 209 1
138 277 1
138 312 1
139 151 1
139 179 1
139 181 1
139 218 1
139 270 1
139 492 1
139 556 1
139 596 1
139 625 1
139 680 1
139 878 1
139 1012 1
139 1068 1
139 1106 1
139 1116 1
140 194 1
140 198 1
140 216 1
140 227 1
140 264 1
140 309 1
140 325 1
140 346 1
140 553 1
140 624 1
140 691 1
140 698 1
140 712 1
140 754 1
140 765 1
140 802 1
140 847 1
140 931 1
140 943 1
140 1063 1
140 1272 1
140 1273 1
140 1382 1
141 142 1
141 273 1
141 334 1
141 360 1
141 370 1
141 403 1
141 516 1
141 530 1
141 556 1
141 875 1
141 982 1
141 1136 1
141 1276 1
142 284 1
142 305 1
142 330 1
142 377 1
142 508 1
142 647 1
142 791 1
142 930 1
142 958 1
142 1227 1
142 1240 1
143 161 1
143 183 1
143 185 1
143 231 1
143 298 1
143 337 1
143 463 1
143 632 1
143 1388 1
144 256 1
144 915 1
146 241 1
146 512 1
146 888 1
146 1163 1
146 1369 1
147 175 1
147 188 1
147 189 1
147 222 1
147 913 1
147 937 1
147 1144 1
148 212 1
148 432 1
148 568 1
148 1216 1
150 743 1
150 1049 1
151 387 1
151 731 1
152 193 1
152 506 1
152 1108 1
153 172 1
153 278 1
153 302 1
153 672 1
153 1075 1
153 1255 1
154 199 1
154 739 1
154 835 1
154 995 1
154 998 1
154 1166 1
155 262 1
155 267 1
155 398 1
155 456 1
155 639 1
155 659 1
155 905 1
155 920 1
155 947 1
155 949 1
155 973 1
155 1205 1
155 1369 1
156 239 1
156 268 1
156 481 1
156 873 1
156 999 1
157 168 1
157 202 1
157 256 1
157 301 1
157 471 1
157 597 1
157 777 1
157 916 1
157 1024 1
157 1225 1
157 1241 1
157 1268 1
157 1377 1
158 427 1
158 747 1
158 842 1
159 274 1
159 375 1
159 399 1
159 563 1
159 823 1
159 1265 1
160 215 1
160 971 1
161 179 1
161 312 1
161 315 1
161 464 1
161 552 1
161 682 1
161 707 1
161 911 1
161 1328 1
162 190 1
162 232 1
162 241 1
162 286 1
162 300 1
162 330 1
162 648 1
162 802 1
162 870 1
162 908 1
162 1036 1
162 1084 1
162 1266 1
162 1314 1
162 1320 1
163 192 1
163 585 1
163 660 1
163 664 1
163 813 1
163 996 1
163 1033 1
163 1360 1
163 1366 1
164 395 1
165 194 1
165 321 1
165 352 1
165 1057 1
165 1164 1
166 299 1
166 463 1
166 1102 1
166 1367 1
167 169 1
167 258 1
167 430 1
167 1303 1
167 1317 1
167 1330 1
168 228 1
168 233 1
168 304 1
168 711 1
168 743 1
168 921 1
168 1033 1
168 1339 1
168 1357 1
169 174 1
169 182 1
169 252 1
169 303 1
169 324 1
169 517 1
169 574 1
169 799 1
169 893 1
169 914 1
169 1237 1
169 1248 1
170 429 1
170 893 1
170 993 1
170 1073 1
170 1269 1
171 344 1
171 545 1
171 552 1
171 555 1
171 606 1
171 626 1
171 890 1
171 1073 1
171 1143 1
171 1265 1
172 226 1
172 344 1
172 424 1
172 526 1
172 572 1
172 573 1
172 717 1
172 860 1
172 995 1
172 1010 1
172 1224 1
172 1311 1
173 372 1
173 422 1
173 543 1
173 583 1
173 634 1
173 820 1
173 953 1
173 967 1
173 1059 1
174 341 1
174 430 1
174 600 1
174 870 1
174 1288 1
175 180 1
175 327 1
175 492 1
175 496 1
175 548 1
175 1398 1
176 959 1
177 185 1
177 201 1
177 255 1
177 289 1
177 294 1
177 323 1
177 426 1
177 466 1
177 599 1
177 621 1
177 757 1
177 823 1
177 909 1
177 949 1
177 1002 1
177 1005 1
177 1008 1
177 1031 1
177 1361 1
177 1393 1
178 240 1
178 255 1
178 285 1
178 330 1
178 403 1
178 495 1
178 611 1
178 696 1
178 742 1
178 783 1
178 862 1
178 1055 1
178 1063 1
178 1100 1
178 1101 1
178 1106 1
178 1137 1
178 1275 1
178 1361 1
178 1392 1
179 193 1
179 242 1
179 863 1
179 879 1
180 572 1
180 719 1
180 1101 1
181 182 1
181 239 1
181 251 1
181 409 1
181 418 1
181 511 1
181 590 1
181 594 1
181 608 1
181 628 1
181 734 1
181 778 1
181 799 1
181 843 1
181 855 1
181 944 1
181 1013 1
181 1029 1
181 1231 1
181 1310 1
182 461 1
182 919 1
182 940 1
183 259 1
183 423 1
183 580 1
183 815 1
183 1022 1
183 1025 1
184 562 1
184 610 1
184 682 1
184 952 1
184 1191 1
184 1370 1
185 188 1
185 368 1
185 559 1
185 725 1
185 966 1
186 231 1
186 290 1
186 581 1
186 682 1
186 740 1
186 1175 1
186 1266 1
187 229 1
187 272 1
187 288 1
187 431 1
187 493 1
187 516 1
187 814 1
187 829 1
187 938 1
188 255 1
188 408 1
188 522 1
188 557 1
188 1152 1
188 1252 1
188 1327 1
189 293 1
189 373 1
189 393 1
189 503 1
189 703 1
189 739 1
189 853 1
189 1008 1
189 1298 1
190 191 1
190 224 1
190 259 1
190 337 1
190 365 1
190 398 1
190 424 1
190 453 1
190 459 1
190 572 1
190 1091 1
190 1236 1
190 1305 1
191 342 1
191 396 1
191 439 1
191 442 1
191 668 1
191 687 1
191 733 1
191 749 1
191 778 1
191 905 1
191 950 1
191 1009 1
191 1076 1
191 1082 1
191 1182 1
191 1194 1
191 1331 1
192 238 1
192 247 1
192 261 1
192 364 1
192 428 1
192 602 1
192 932 1
192 989 1
192 1339 1
193 217 1
193 448 1
193 470 1
193 740 1
193 814 1
193 830 1
193 832 1
193 844 1
193 1042 1
193 1199 1
193 1318 1
194 266 1
194 276 1
194 338 1
194 372 1
194 373 1
194 707 1
194 849 1
194 1044 1
195 216 1
195 292 1
195 1247 1
196 203 1
196 260 1
196 273 1
196 362 1
196 385 1
196 416 1
196 419 1
196 553 1
196 579 1
196 590 1
196 748 1
196 842 1
196 921 1
196 1006 1
196 1011 1
196 1100 1
196 1127 1
196 1177 1
197 355 1
197 360 1
197 457 1
197 465 1
197 504 1
197 624 1
197 629 1
197 633 1
197 961 1
197 1006 1
197 1163 1
197 1173 1
198 226 1
198 381 1
198 485 1
198 716 1
198 802 1
198 957 1
199 212 1
199 229 1
199 918 1
199 1018 1
199 1072 1
199 1196 1
200 271 1
200 304 1
200 502 1
200 617 1
200 697 1
200 771 1
200 790 1
200 802 1
201 204 1
201 242 1
201 470 1
201 1039 1
201 1253 1
202 312 1
202 350 1
202 540 1
202 581 1
202 590 1
202 594 1
202 836 1
202 1062 1
202 1167 1
202 1237 1
202 1319 1
203 329 1
203 509 1
203 530 1
203 997 1
204 298 1
204 357 1
204 607 1
204 609 1
204 974 1
204 1220 1
204 1288 1
205 218 1
205 220 1
205 327 1
205 404 1
205 543 1
205 744 1
205 1143 1
205 1309 1
205 1312 1
205 1351 1
207 271 1
207 1031 1
207 1060 1
207 1117 1
208 246 1
208 320 1
208 412 1
208 544 1
208 817 1
208 1264 1
209 214 1
209 286 1
209 339 1
209 367 1
209 423 1
209 800 1
209 1285 1
209 1287 1
209 1327 1
210 516 1
210 733 1
210 1219 1
211 318 1
211 331 1
211 363 1
211 431 1
211 434 1
211 435 1
211 481 1
211 1104 1
211 1138 1
211 1250 1
212 885 1
212 1011 1
213 222 1
213 245 1
213 348 1
213 588 1
213 806 1
213 923 1
213 979 1
213 994 1
213 1053 1
213 1166 1
214 498 1
214 1282 1
214 1297 1
215 261 1
215 405 1
215 504 1
215 533 1
215 646 1
215 689 1
215 1197 1
215 1275 1
216 362 1
216 498 1
217 351 1
217 411 1
217 760 1
217 797 1
217 803 1
217 1206 1
217 1288 1
218 380 1
218 682 1
218 703 1
218 744 1
218 792 1
218 1171 1
219 332 1
219 490 1
219 510 1
219 547 1
219 845 1
219 1004 1
219 1098 1
219 1136 1
219 1173 1
221 244 1
221 326 1
221 606 1
221 841 1
221 853 1
221 864 1
221 938 1
221 1221 1
221 1232 1
221 1256 1
221 1284 1
223 253 1
223 275 1
223 389 1
223 795 1
223 1312 1
224 230 1
224 269 1
224 326 1
224 343 1
224 504 1
224 605 1
224 745 1
224 900 1
224 990 1
224 1028 1
224 1080 1
224 1293 1
225 249 1
225 717 1
225 762 1
225 891 1
225 966 1
225 1044 1
226 286 1
226 293 1
226 429 1
226 445 1
226 581 1
226 1277 1
227 250 1
227 325 1
227 400 1
227 505 1
227 513 1
227 730 1
227 765 1
227 1000 1
227 1141 1
227 1168 1
227 1366 1
228 643 1
228 770 1
228 1328 1
229 480 1
229 500 1
229 501 1
229 514 1
229 734 1
229 909 1
229 993 1
229 1006 1
229 1218 1
229 1221 1
229 1345 1
230 452 1
230 483 1
230 566 1
230 675 1
230 749 1
230 865 1
230 1046 1
231 539 1
231 615 1
231 1040 1
231 1182 1
232 701 1
232 865 1
233 568 1
233 1035 1
234 430 1
234 994 1
234 1252 1
235 245 1
235 270 1
235 697 1
235 709 1
235 1171 1
235 1373 1
236 474 1
236 539 1
236 644 1
236 817 1
236 1243 1
236 1354 1
237 365 1
237 729 1
237 794 1
237 975 1
238 254 1
238 695 1
239 404 1
239 416 1
239 736 1
239 788 1
239 1178 1
240 301 1
240 903 1
240 1155 1
240 1260 1
241 321 1
241 460 1
241 630 1
241 852 1
242 645 1
243 317 1
243 410 1
243 425 1
243 453 1
243 482 1
243 558 1
243 582 1
243 588 1
243 795 1
243 862 1
243 927 1
243 1368 1
244 258 1
244 275 1
244 281 1
244 495 1
244 727 1
244 841 1
244 884 1
244 1153 1
245 277 1
245 403 1
245 410 1
245 448 1
245 467 1
245 560 1
245 841 1
245 849 1
245 875 1
245 1109 1
245 1373 1
246 858 1
247 651 1
247 1150 1
247 1214 1
248 659 1
248 1030 1
249 271 1
249 369 1
249 427 1
249 641 1
249 680 1
249 742 1
249 762 1
249 824 1
249 864 1
249 987 1
249 1399 1
250 595 1
250 796 1
250 1049 1
250 1056 1
250 1183 1
250 1362 1
251 429 1
251 469 1
251 774 1
251 1065 1
251 1340 1
252 523 1
252 1076 1
253 268 1
253 321 1
253 334 1
253 444 1
253 462 1
253 468 1
253 480 1
253 488 1
253 534 1
253 586 1
253 881 1
253 916 1
253 1350 1
254 436 1
254 525 1
254 611 1
254 745 1
254 1373 1
255 381 1
255 679 1
255 707 1
256 276 1
256 634 1
256 1057 1
256 1193 1
257 397 1
257 417 1
257 537 1
257 686 1
257 867 1
257 872 1
257 1022 1
258 270 1
258 297 1
258 420 1
258 428 1
258 443 1
258 510 1
258 591 1
258 692 1
258 816 1
258 1226 1
259 485 1
259 523 1
259 528 1
260 394 1
260 416 1
260 737 1
261 314 1
261 567 1
261 979 1
262 425 1
262 732 1
262 781 1
262 880 1
262 1240 1
262 1329 1
263 719 1
263 1137 1
264 278 1
264 452 1
264 478 1
264 816 1
264 944 1
264 951 1
264 1012 1
265 409 1
265 511 1
266 484 1
266 574 1
266 751 1
266 773 1
266 858 1
267 351 1
267 375 1
267 425 1
267 481 1
267 489 1
267 501 1
267 530 1
267 531 1
267 632 1
267 643 1
267 1062 1
267 1321 1
268 679 1
268 681 1
268 825 1
268 964 1
268 1143 1
268 1228 1
269 305 1
270 496 1
270 557 1
270 716 1
270 757 1
270 827 1
270 882 1
270 933 1
270 943 1
270 1105 1
270 1133 1
271 685 1
271 920 1
271 930 1
272 392 1
272 587 1
272 771 1
272 991 1
272 1011 1
272 1258 1
273 553 1
273 574 1
273 921 1
273 1041 1
273 1213 1
274 315 1
274 354 1
274 390 1
274 406 1
274 437 1
274 446 1
274 570 1
274 642 1
274 772 1
274 1072 1
274 1236 1
275 613 1
275 773 1
275 790 1
275 1195 1
275 1377 1
276 358 1
276 383 1
276 494 1
276 779 1
276 1139 1
276 1347 1
277 323 1
277 710 1
277 1108 1
278 1182 1
278 1201 1
279 289 1
279 952 1
279 1074 1
279 1096 1
280 319 1
280 363 1
280 511 1
280 597 1
280 879 1
280 962 1
280 1149 1
281 396 1
281 859 1
282 402 1
282 431 1
282 481 1
282 505 1
282 538 1
282 569 1
282 711 1
282 1084 1
282 1356 1
282 1395 1
283 286 1
283 397 1
283 445 1
283 600 1
283 1161 1
283 1243 1
283 1351 1
285 521 1
285 583 1
285 836 1
285 1119 1
285 1313 1
286 315 1
286 367 1
286 445 1
286 559 1
286 783 1
286 864 1
286 1121 1
286 1192 1
287 860 1
287 1136 1
288 330 1
289 914 1
289 1029 1
289 1050 1
290 947 1
290 1169 1
290 1217 1
291 451 1
291 464 1
291 520 1
291 558 1
291 614 1
291 801 1
291 1097 1
291 1247 1
292 388 1
292 702 1
292 1069 1
293 369 1
293 458 1
293 661 1
293 1225 1
293 1346 1
294 323 1
294 610 1
294 622 1
294 702 1
294 880 1
294 902 1
294 1223 1
295 370 1
295 462 1
295 477 1
295 553 1
295 641 1
295 1221 1
296 705 1
296 707 1
296 1016 1
296 1392 1
297 409 1
297 620 1
297 667 1
297 699 1
297 722 1
297 798 1
298 301 1
298 735 1
298 1045 1
299 554 1
299 565 1
299 749 1
301 491 1
301 718 1
301 951 1
301 1087 1
301 1239 1
302 388 1
302 531 1
302 577 1
302 1239 1
303 339 1
303 483 1
304 377 1
304 408 1
304 578 1
304 727 1
304 871 1
304 961 1
304 1358 1
305 369 1
306 313 1
307 391 1
307 399 1
307 503 1
307 532 1
307 596 1
308 456 1
308 1375 1
309 517 1
309 683 1
310 329 1
310 394 1
310 519 1
310 692 1
310 865 1
310 904 1
310 1086 1
310 1201 1
310 1205 1
310 1253 1
310 1396 1
311 471 1
311 563 1
311 571 1
311 805 1
311 1082 1
311 1190 1
312 405 1
312 693 1
312 914 1
312 1262 1
313 341 1
313 392 1
313 445 1
313 577 1
313 694 1
313 892 1
313 938 1
313 963 1
313 1048 1
313 1127 1
313 1225 1
313 1398 1
314 355 1
314 369 1
314 440 1
314 834 1
314 1025 1
315 316 1
315 336 1
315 419 1
315 469 1
315 809 1
315 823 1
315 828 1
315 1013 1
315 1048 1
315 1233 1
317 515 1
317 521 1
317 850 1
317 1120 1
318 595 1
318 725 1
318 737 1
319 392 1
319 886 1
319 1036 1
319 1053 1
319 1093 1
319 1232 1
320 580 1
320 749 1
320 966 1
320 1031 1
321 402 1
321 575 1
321 684 1
321 1322 1
322 422 1
322 562 1
322 615 1
322 723 1
323 872 1
323 1308 1
324 677 1
324 843 1
324 1115 1
324 1394 1
325 342 1
325 712 1
325 728 1
325 1170 1
325 1256 1
326 353 1
326 364 1
326 467 1
326 494 1
326 513 1
326 550 1
326 1190 1
326 1230 1
326 1262 1
326 1291 1
327 648 1
327 788 1
327 862 1
328 346 1
328 389 1
328 472 1
328 614 1
328 623 1
329 394 1
329 927 1
329 951 1
329 974 1
329 1003 1
329 1321 1
330 611 1
330 731 1
330 744 1
330 856 1
330 924 1
330 985 1
330 1054 1
330 1123 1
331 686 1
332 576 1
332 693 1
332 705 1
332 735 1
332 1256 1
332 1331 1
333 812 1
333 889 1
334 480 1
334 600 1
334 778 1
334 899 1
335 383 1
335 508 1
336 371 1
336 488 1
336 667 1
337 1068 1
337 1073 1
338 374 1
338 531 1
338 641 1
338 646 1
338 726 1
338 759 1
338 787 1
338 878 1
338 986 1
339 414 1
339 435 1
339 558 1
339 742 1
339 883 1
339 1074 1
339 1124 1
339 1249 1
339 1303 1
339 1341 1
340 441 1
340 496 1
340 704 1
340 1000 1
340 1011 1
340 1071 1
340 1236 1
341 1062 1
342 439 1
342 517 1
342 866 1
343 736 1
344 840 1
344 1017 1
345 613 1
345 1354 1
347 539 1
347 542 1
347 561 1
347 599 1
347 674 1
347 941 1
349 412 1
349 436 1
349 696 1
349 767 1
349 1122 1
349 1327 1
350 620 1
350 981 1
350 1022 1
350 1142 1
350 1256 1
350 1303 1
350 1304 1
350 1368 1
351 512 1
351 563 1
351 766 1
351 875 1
352 609 1
352 697 1
352 863 1
352 1048 1
352 1058 1
352 1400 1
353 492 1
353 502 1
353 690 1
354 1153 1
354 1291 1
355 490 1
355 1202 1
356 636 1
356 665 1
357 579 1
357 675 1
357 866 1
357 1050 1
357 1338 1
358 444 1
358 548 1
358 585 1
358 737 1
359 488 1
359 533 1
359 1066 1
360 675 1
360 1053 1
360 1124 1
361 402 1
361 474 1
361 601 1
361 693 1
361 769 1
362 375 1
362 432 1
362 449 1
362 880 1
362 931 1
362 1154 1
363 385 1
364 649 1
364 989 1
364 1079 1
364 1113 1
364 1291 1
364 1381 1
365 409 1
365 533 1
365 931 1
365 956 1
365 1054 1
366 385 1
366 502 1
366 612 1
366 646 1
366 1344 1
367 829 1
367 913 1
367 1126 1
368 446 1
368 1379 1
369 522 1
369 598 1
369 756 1
369 1177 1
370 521 1
370 1358 1
371 589 1
371 910 1
371 926 1
371 1156 1
371 1176 1
371 1203 1
371 1265 1
372 1381 1
373 401 1
373 1129 1
373 1244 1
374 440 1
374 443 1
374 447 1
374 584 1
374 729 1
374 1160 1
374 1314 1
374 1337 1
375 908 1
375 971 1
375 1077 1
376 497 1
376 1083 1
377 629 1
377 971 1
377 1089 1
377 1241 1
378 750 1
378 761 1
378 887 1
378 1164 1
378 1375 1
379 454 1
379 1057 1
379 1345 1
380 384 1
381 894 1
382 564 1
382 618 1
382 638 1
382 801 1
382 1121 1
382 1138 1
382 1286 1
383 499 1
383 666 1
383 1115 1
383 1329 1
384 610 1
386 478 1
386 622 1
386 1070 1
387 464 1
387 520 1
387 1094 1
387 1272 1
388 1211 1
389 738 1
389 828 1
389 849 1
390 834 1
390 1284 1
391 440 1
391 460 1
391 561 1
391 630 1
391 635 1
391 752 1
391 753 1
391 757 1
391 774 1
391 1052 1
391 1280 1
391 1378 1
392 655 1
392 840 1
392 1170 1
393 662 1
393 761 1
393 1265 1
393 1387 1
394 427 1
394 475 1
394 560 1
394 607 1
394 947 1
394 959 1
394 1007 1
394 1039 1
394 1086 1
395 644 1
395 702 1
396 555 1
396 631 1
397 580 1
397 650 1
397 1352 1
397 1372 1
398 447 1
399 784 1
400 706 1
400 758 1
400 782 1
400 952 1
400 1179 1
400 1263 1
401 585 1
401 726 1
401 1014 1
401 1215 1
401 1244 1
401 1380 1
402 531 1
402 765 1
402 886 1
402 1210 1
402 1308 1
403 561 1
403 906 1
403 948 1
403 1106 1
403 1126 1
403 1191 1
403 1213 1
404 507 1
404 584 1
404 606 1
404 608 1
404 1293 1
405 448 1
405 978 1
406 437 1
406 482 1
406 484 1
406 519 1
406 526 1
406 549 1
406 653 1
406 666 1
409 545 1
409 554 1
409 734 1
409 801 1
410 592 1
410 834 1
410 1043 1
411 421 1
411 455 1
411 469 1
411 525 1
411 768 1
411 917 1
411 936 1
412 587 1
412 590 1
412 638 1
412 818 1
412 937 1
413 593 1
413 1334 1
415 663 1
415 996 1
417 518 1
417 604 1
417 858 1
417 1139 1
417 1278 1
417 1335 1
418 738 1
418 793 1
418 888 1
419 420 1
419 474 1
419 514 1
419 537 1
419 557 1
419 594 1
419 843 1
419 1024 1
421 825 1
421 946 1
421 980 1
422 1334 1
423 521 1
423 660 1
423 988 1
424 1168 1
425 670 1
425 789 1
425 805 1
425 855 1
425 1262 1
427 494 1
427 786 1
427 824 1
427 994 1
427 1207 1
427 1239 1
428 800 1
428 1252 1
428 1261 1
429 609 1
429 912 1
429 1340 1
430 837 1
432 505 1
432 542 1
432 621 1
432 902 1
432 1243 1
433 455 1
435 855 1
435 931 1
435 1094 1
436 488 1
436 526 1
436 634 1
436 665 1
436 795 1
436 929 1
436 1067 1
436 1090 1
436 1114 1
436 1190 1
436 1318 1
436 1382 1
437 1055 1
439 442 1
439 513 1
439 586 1
439 589 1
440 498 1
441 1014 1
441 1166 1
442 510 1
442 575 1
442 708 1
442 725 1
442 986 1
442 1202 1
442 1334 1
442 1386 1
443 1071 1
444 534 1
444 915 1
444 1122 1
445 463 1
445 1359 1
447 686 1
447 1055 1
447 1170 1
448 479 1
448 524 1
448 934 1
448 946 1
449 628 1
449 1347 1
450 667 1
450 1029 1
450 1169 1
450 1217 1
451 913 1
451 1157 1
452 460 1
452 687 1
452 743 1
452 753 1
452 1123 1
454 486 1
454 764 1
454 1270 1
455 747 1
455 795 1
455 1223 1
456 965 1
456 1161 1
457 473 1
457 1169 1
458 886 1
458 1390 1
459 609 1
459 1043 1
459 1115 1
460 1005 1
460 1028 1
460 1102 1
460 1289 1
461 527 1
461 687 1
461 920 1
461 1004 1
461 1400 1
462 465 1
462 499 1
462 1122 1
463 651 1
463 916 1
463 1365 1
466 1107 1
467 645 1
467 868 1
467 962 1
467 988 1
468 939 1
468 955 1
468 1316 1
469 671 1
469 792 1
469 807 1
470 578 1
470 972 1
470 1385 1
471 1191 1
471 1198 1
471 1241 1
472 517 1
472 520 1
472 821 1
472 957 1
472 1276 1
473 785 1
473 1252 1
474 636 1
474 850 1
475 694 1
475 1264 1
476 529 1
476 588 1
476 1386 1
477 1351 1
478 944 1
478 1384 1
479 525 1
479 852 1
481 693 1
481 819 1
481 1090 1
481 1125 1
482 588 1
482 630 1
482 639 1
482 671 1
482 1052 1
482 1396 1
483 798 1
483 1272 1
484 573 1
484 1197 1
485 723 1
486 709 1
486 822 1
486 1390 1
487 508 1
487 612 1
487 656 1
487 1012 1
487 1206 1
488 1296 1
488 1303 1
489 493 1
489 1089 1
490 602 1
490 1132 1
491 548 1
491 733 1
491 914 1
491 975 1
491 1015 1
491 1098 1
491 1174 1
492 625 1
492 1088 1
492 1179 1
493 1131 1
494 556 1
494 576 1
494 712 1
494 841 1
494 1172 1
494 1283 1
495 906 1
495 1157 1
496 605 1
496 708 1
496 1383 1
497 550 1
498 571 1
498 706 1
498 838 1
498 1254 1
498 1257 1
498 1290 1
499 604 1
499 1151 1
500 876 1
500 986 1
500 1009 1
500 1134 1
501 619 1
501 910 1
502 676 1
502 727 1
503 570 1
503 721 1
503 819 1
503 826 1
503 1137 1
504 560 1
504 596 1
504 786 1
504 860 1
504 1081 1
505 537 1
506 929 1
507 940 1
507 964 1
509 853 1
509 956 1
509 977 1
509 1103 1
512 563 1
512 566 1
513 1158 1
514 1329 1
515 1279 1
516 831 1
516 967 1
516 1018 1
516 1077 1
516 1280 1
516 1324 1
517 688 1
518 925 1
518 1002 1
519 898 1
519 1174 1
521 1135 1
521 1242 1
522 732 1
523 962 1
523 1059 1
524 934 1
524 1162 1
525 656 1
525 671 1
525 891 1
525 1269 1
526 622 1
526 714 1
526 857 1
526 910 1
526 1147 1
526 1364 1
527 627 1
527 1302 1
528 654 1
528 1179 1
529 928 1
529 1182 1
531 863 1
533 635 1
533 755 1
533 769 1
533 847 1
533 886 1
533 957 1
533 1287 1
534 1367 1
535 541 1
535 1177 1
535 1220 1
536 809 1
537 711 1
538 648 1
538 872 1
538 1203 1
539 644 1
539 649 1
539 943 1
539 1060 1
540 621 1
540 688 1
540 705 1
540 793 1
540 821 1
540 962 1
540 1038 1
540 1162 1
541 1391 1
542 730 1
543 1308 1
544 585 1
545 877 1
545 879 1
545 1162 1
545 1368 1
547 592 1
547 780 1
547 797 1
547 890 1
547 1091 1
548 598 1
548 831 1
548 967 1
548 1007 1
548 1064 1
548 1144 1
549 741 1
549 871 1
550 1042 1
550 1175 1
550 1246 1
550 1261 1
550 1381 1
551 657 1
551 885 1
551 1110 1
551 1188 1
552 746 1
552 776 1
552 1045 1
552 1066 1
554 1301 1
555 722 1
555 1171 1
556 637 1
556 1065 1
557 1113 1
557 1193 1
558 591 1
558 663 1
558 720 1
558 741 1
558 1111 1
558 1116 1
558 1295 1
558 1336 1
558 1383 1
559 663 1
559 689 1
559 903 1
559 1203 1
559 1242 1
560 616 1
560 681 1
560 1017 1
560 1099 1
560 1325 1
561 674 1
561 1052 1
563 895 1
563 898 1
563 907 1
563 1007 1
563 1160 1
564 764 1
564 1081 1
564 1286 1
565 692 1
565 973 1
566 775 1
566 1309 1
566 1397 1
567 635 1
567 729 1
567 839 1
567 855 1
567 1024 1
567 1041 1
567 1257 1
569 808 1
569 874 1
569 1038 1
570 848 1
570 884 1
570 1078 1
571 1093 1
572 872 1
573 1198 1
574 970 1
574 1370 1
575 684 1
575 745 1
576 775 1
576 990 1
577 937 1
577 938 1
577 1356 1
578 751 1
579 956 1
579 974 1
579 1273 1
580 736 1
580 844 1
581 728 1
581 764 1
581 1231 1
581 1337 1
582 663 1
582 670 1
582 731 1
582 736 1
582 773 1
582 971 1
582 1271 1
582 1354 1
583 777 1
583 1109 1
583 1325 1
584 819 1
584 1248 1
585 603 1
585 978 1
586 661 1
586 1343 1
587 629 1
587 652 1
587 807 1
588 1132 1
588 1307 1
591 1107 1
592 606 1
592 796 1
592 915 1
592 1078 1
593 902 1
593 1280 1
593 1287 1
593 1340 1
593 1341 1
594 831 1
594 1050 1
595 1103 1
595 1259 1
596 945 1
596 1004 1
596 1080 1
597 752 1
597 779 1
597 879 1
597 918 1
598 817 1
598 836 1
599 1235 1
600 933 1
600 1305 1
602 1047 1
603 667 1
603 783 1
603 837 1
604 757 1
604 942 1
605 1306 1
606 631 1
606 648 1
606 990 1
606 1159 1
606 1332 1
607 1268 1
608 718 1
608 1046 1
608 1144 1
609 649 1
609 678 1
609 779 1
609 1194 1
610 1112 1
611 676 1
611 943 1
611 1015 1
611 1181 1
611 1243 1
612 838 1
612 937 1
613 669 1
613 1037 1
613 1208 1
613 1247 1
613 1264 1
614 677 1
614 700 1
614 719 1
614 1078 1
617 881 1
617 889 1
617 1099 1
618 955 1
619 654 1
619 772 1
621 1283 1
622 874 1
622 1181 1
622 1259 1
623 696 1
624 691 1
624 829 1
624 884 1
625 708 1
625 960 1
626 660 1
627 804 1
628 771 1
629 671 1
629 944 1
629 1345 1
629 1363 1
630 685 1
632 1165 1
633 1000 1
633 1201 1
634 899 1
634 1098 1
634 1150 1
635 766 1
636 717 1
636 1111 1
636 1234 1
636 1259 1
636 1333 1
637 685 1
637 733 1
637 862 1
637 941 1
637 968 1
637 975 1
637 1270 1
638 1286 1
640 968 1
641 966 1
642 652 1
642 740 1
642 779 1
642 787 1
642 945 1
642 1091 1
642 1092 1
642 1399 1
643 1008 1
643 1227 1
644 883 1
644 1049 1
646 815 1
646 994 1
646 1010 1
646 1071 1
647 1118 1
648 1156 1
648 1321 1
649 662 1
650 984 1
653 788 1
653 1064 1
653 1145 1
653 1383 1
654 759 1
654 811 1
654 1215 1
655 700 1
656 1391 1
657 989 1
658 1230 1
659 758 1
659 909 1
659 1205 1
660 669 1
660 922 1
660 1034 1
660 1397 1
662 1195 1
663 1129 1
664 936 1
664 1162 1
665 791 1
665 810 1
665 1027 1
665 1318 1
665 1371 1
667 818 1
667 1009 1
669 1037 1
669 1397 1
671 891 1
671 1061 1
672 808 1
672 1169 1
673 981 1
674 691 1
674 865 1
674 868 1
675 808 1
675 859 1
675 876 1
676 815 1
676 1055 1
676 1232 1
677 700 1
677 1037 1
677 1154 1
678 1336 1
679 1149 1
680 1342 1
681 713 1
682 1198 1
682 1317 1
682 1380 1
683 871 1
683 907 1
683 1184 1
685 840 1
685 1001 1
685 1066 1
688 699 1
688 769 1
688 871 1
688 1204 1
689 1061 1
689 1148 1
691 785 1
694 751 1
694 1228 1
695 1324 1
696 698 1
696 1089 1
697 723 1
697 873 1
697 924 1
697 1389 1
697 1400 1
700 772 1
700 950 1
701 854 1
701 1034 1
702 710 1
702 947 1
702 963 1
703 960 1
704 1120 1
704 1204 1
704 1238 1
706 721 1
706 900 1
706 1030 1
706 1157 1
706 1313 1
707 754 1
707 1217 1
708 997 1
708 1278 1
708 1390 1
709 1027 1
710 911 1
711 1142 1
712 896 1
714 924 1
716 1105 1
718 835 1
721 874 1
721 1061 1
721 1178 1
721 1376 1
722 1385 1
723 995 1
724 810 1
724 1183 1
725 765 1
725 1392 1
726 827 1
726 1039 1
726 1134 1
726 1227 1
726 1394 1
727 747 1
727 924 1
727 1237 1
727 1277 1
728 874 1
728 1209 1
728 1231 1
729 807 1
729 1054 1
730 1110 1
731 972 1
733 763 1
734 783 1
734 1395 1
735 1105 1
735 1374 1
736 770 1
736 1001 1
739 750 1
741 1222 1
742 778 1
742 820 1
743 1186 1
744 1058 1
744 1267 1
746 866 1
746 1326 1
747 799 1
750 998 1
750 1079 1
751 984 1
751 1069 1
752 928 1
753 770 1
753 869 1
753 894 1
753 908 1
753 1209 1
753 1393 1
755 1180 1
757 1394 1
758 806 1
761 1067 1
762 1171 1
764 1294 1
767 899 1
767 970 1
767 1244 1
768 856 1
768 887 1
768 917 1
768 1084 1
769 1083 1
769 1193 1
770 824 1
770 1367 1
771 979 1
772 869 1
773 1129 1
773 1324 1
778 817 1
778 1219 1
779 1342 1
780 797 1
780 890 1
780 906 1
780 939 1
780 960 1
780 1119 1
780 1152 1
780 1299 1
781 981 1
781 1017 1
781 1051 1
781 1103 1
782 923 1
782 929 1
782 999 1
783 1088 1
783 1151 1
783 1163 1
784 1146 1
784 1184 1
785 1289 1
786 882 1
787 1223 1
788 1023 1
788 1128 1
789 1102 1
789 1302 1
790 963 1
790 1372 1
790 1384 1
791 845 1
791 1046 1
791 1283 1
791 1342 1
792 813 1
792 1092 1
793 900 1
793 953 1
793 1386 1
794 1323 1
796 1295 1
797 1128 1
797 1145 1
798 811 1
801 854 1
803 1088 1
804 840 1
804 1059 1
804 1133 1
804 1346 1
805 948 1
805 1348 1
807 1187 1
808 1010 1
808 1251 1
809 1300 1
812 1075 1
817 1297 1
818 851 1
818 1032 1
818 1069 1
820 839 1
821 969 1
821 980 1
821 1141 1
821 1275 1
821 1387 1
824 857 1
824 1077 1
826 928 1
826 1032 1
826 1117 1
826 1315 1
827 867 1
827 996 1
827 1153 1
827 1230 1
828 887 1
829 844 1
829 1076 1
829 1199 1
830 952 1
831 847 1
831 905 1
831 1058 1
831 1165 1
834 1167 1
835 892 1
837 901 1
837 1155 1
838 987 1
838 1290 1
838 1305 1
842 1192 1
843 885 1
843 1127 1
844 1003 1
844 1316 1
845 1173 1
845 1207 1
845 1254 1
847 905 1
847 978 1
847 1134 1
850 959 1
850 1352 1
851 1126 1
851 1360 1
852 1356 1
854 1119 1
855 923 1
855 1149 1
855 1271 1
859 1184 1
861 1275 1
861 1290 1
862 1106 1
863 927 1
864 1141 1
864 1191 1
864 1359 1
866 900 1
866 1330 1
867 935 1
869 1361 1
870 1080 1
871 907 1
873 940 1
873 1087 1
873 1210 1
875 1097 1
875 1128 1
875 1298 1
877 1081 1
878 1204 1
881 889 1
881 1373 1
882 957 1
882 1015 1
883 964 1
883 1309 1
884 1153 1
885 1229 1
887 1398 1
889 904 1
889 1262 1
889 1391 1
890 897 1
891 1212 1
892 1395 1
894 1260 1
895 1334 1
897 988 1
897 1133 1
898 922 1
900 1158 1
900 1226 1
900 1349 1
901 1389 1
902 1326 1
902 1386 1
905 968 1
905 1132 1
909 1190 1
909 1293 1
909 1369 1
910 926 1
910 1079 1
910 1298 1
912 1385 1
913 1299 1
914 978 1
914 1063 1
915 1070 1
915 1083 1
916 1035 1
916 1039 1
916 1042 1
917 1279 1
917 1307 1
917 1320 1
919 1097 1
919 1335 1
921 1112 1
923 1090 1
925 949 1
925 1002 1
925 1092 1
926 976 1
927 1035 1
928 983 1
928 1233 1
930 1400 1
931 936 1
931 1075 1
933 1121 1
933 1238 1
933 1258 1
934 1042 1
935 991 1
935 1219 1
937 1005 1
937 1188 1
938 1225 1
939 988 1
940 964 1
951 1167 1
951 1239 1
952 1161 1
952 1263 1
953 1146 1
954 1267 1
954 1311 1
955 993 1
955 1250 1
957 1237 1
957 1245 1
960 1003 1
960 1183 1
963 1118 1
965 1083 1
965 1095 1
965 1233 1
965 1372 1
967 1102 1
968 1160 1
968 1279 1
969 1044 1
971 1114 1
974 1278 1
974 1310 1
978 1374 1
979 1071 1
980 1158 1
980 1223 1
981 1302 1
983 1224 1
984 1092 1
984 1359 1
985 1054 1
985 1135 1
985 1176 1
985 1208 1
985 1374 1
987 1070 1
989 1370 1
989 1385 1
990 1040 1
990 1380 1
991 1067 1
991 1068 1
992 1296 1
993 1142 1
993 1267 1
995 1029 1
995 1166 1
996 1125 1
998 1216 1
998 1311 1
1001 1175 1
1001 1200 1
1001 1304 1
1004 1032 1
1005 1332 1
1006 1131 1
1007 1021 1
1007 1063 1
1007 1333 1
1008 1394 1
1011 1371 1
1016 1047 1
1016 1280 1
1020 1108 1
1021 1026 1
1021 1177 1
1022 1041 1
1022 1052 1
1024 1147 1
1024 1287 1
1025 1095 1
1025 1125 1
1027 1349 1
1028 1187 1
1030 1379 1
1031 1147 1
1033 1134 1
1035 1096 1
1035 1212 1
1035 1270 1
1036 1341 1
1038 1315 1
1039 1154 1
1046 1150 1
1046 1165 1
1049 1362 1
1051 1090 1
1053 1263 1
1055 1284 1
1056 1111 1
1060 1229 1
1060 1244 1
1061 1228 1
1061 1376 1
1062 1107 1
1062 1173 1
1063 1127 1
1063 1172 1
1063 1215 1
1064 1389 1
1066 1140 1
1066 1350 1
1072 1274 1
1073 1296 1
1075 1147 1
1077 1314 1
1077 1317 1
1077 1388 1
1086 1336 1
1086 1353 1
1087 1327 1
1099 1206 1
1099 1301 1
1101 1299 1
1105 1183 1
1105 1192 1
1107 1200 1
1108 1156 1
1109 1370 1
1118 1254 1
1119 1313 1
1121 1308 1
1122 1151 1
1126 1196 1
1128 1271 1
1130 1211 1
1131 1152 1
1135 1389 1
1137 1207 1
1137 1363 1
1137 1375 1
1138 1357 1
1139 1281 1
1139 1328 1
1139 1396 1
1141 1220 1
1143 1369 1
1147 1228 1
1148 1358 1
1149 1219 1
1149 1290 1
1149 1305 1
1149 1384 1
1150 1189 1
1153 1188 1
1153 1291 1
1154 1172 1
1154 1214 1
1154 1379 1
1156 1168 1
1157 1285 1
1159 1224 1
1162 1377 1
1169 1217 1
1169 1383 1
1172 1349 1
1174 1331 1
1176 1185 1
1178 1396 1
1181 1292 1
1183 1273 1
1183 1330 1
1185 1345 1
1186 1232 1
1190 1292 1
1195 1380 1
1200 1281 1
1202 1332 1
1210 1257 1
1216 1398 1
1217 1257 1
1222 1357 1
1233 1315 1
1234 1395 1
1235 1288 1
1236 1348 1
1243 1267 1
1244 1366 1
1245 1347 1
1251 1310 1
1253 1359 1
1256 1352 1
1272 1279 1
1276 1323 1
1277 1353 1
1291 1324 1
1293 1311 1
1296 1337 1
1304 1320 1
1306 1343 1
1309 1381 1
1315 1319 1
1322 1364 1
1334 1355 1
1345 1363 1
1350 1371 1
1369 1397 1
