600 2384 
1 5 1
1 6 1
1 7 1
1 12 1
1 13 1
1 24 1
1 32 1
1 37 1
1 39 1
1 41 1
1 47 1
1 53 1
1 59 1
1 60 1
1 69 1
1 71 1
1 72 1
1 73 1
1 74 1
1 82 1
1 90 1
1 95 1
1 138 1
1 144 1
1 208 1
1 222 1
1 247 1
1 254 1
1 267 1
1 309 1
1 352 1
1 363 1
1 406 1
1 440 1
1 450 1
1 465 1
1 493 1
1 512 1
1 553 1
2 5 1
2 8 1
2 11 1
2 13 1
2 14 1
2 18 1
2 31 1
2 41 1
2 42 1
2 48 1
2 49 1
2 78 1
2 80 1
2 84 1
2 143 1
2 174 1
2 196 1
2 275 1
2 320 1
2 335 1
2 337 1
2 356 1
2 392 1
2 399 1
2 431 1
2 467 1
2 492 1
2 497 1
2 515 1
2 530 1
2 537 1
2 565 1
2 573 1
3 5 1
3 6 1
3 7 1
3 8 1
3 10 1
3 11 1
3 12 1
3 15 1
3 16 1
3 21 1
3 23 1
3 25 1
3 28 1
3 29 1
3 31 1
3 33 1
3 34 1
3 35 1
3 38 1
3 39 1
3 41 1
3 42 1
3 44 1
3 48 1
3 53 1
3 56 1
3 61 1
3 63 1
3 64 1
3 71 1
3 74 1
3 76 1
3 77 1
3 87 1
3 104 1
3 106 1
3 114 1
3 123 1
3 124 1
3 128 1
3 129 1
3 136 1
3 149 1
3 151 1
3 161 1
3 180 1
3 181 1
3 188 1
3 192 1
3 196 1
3 197 1
3 203 1
3 205 1
3 208 1
3 215 1
3 218 1
3 220 1
3 222 1
3 225 1
3 226 1
3 228 1
3 247 1
3 250 1
3 264 1
3 273 1
3 274 1
3 289 1
3 291 1
3 304 1
3 311 1
3 318 1
3 319 1
3 339 1
3 347 1
3 350 1
3 371 1
3 386 1
3 396 1
3 401 1
3 414 1
3 417 1
3 427 1
3 453 1
3 475 1
3 505 1
3 516 1
3 527 1
3 528 1
3 536 1
3 539 1
3 540 1
3 556 1
3 560 1
3 578 1
3 589 1
4 5 1
4 6 1
4 9 1
4 12 1
4 14 1
4 22 1
4 23 1
4 42 1
4 49 1
4 54 1
4 75 1
4 97 1
4 104 1
4 133 1
4 134 1
4 145 1
4 150 1
4 169 1
4 170 1
4 194 1
4 235 1
4 331 1
4 364 1
4 380 1
4 386 1
4 392 1
4 416 1
4 445 1
4 454 1
4 488 1
4 503 1
4 536 1
4 539 1
5 6 1
5 7 1
5 8 1
5 10 1
5 11 1
5 12 1
5 13 1
5 16 1
5 17 1
5 18 1
5 19 1
5 20 1
5 25 1
5 26 1
5 36 1
5 38 1
5 40 1
5 44 1
5 46 1
5 51 1
5 53 1
5 60 1
5 66 1
5 68 1
5 69 1
5 73 1
5 81 1
5 84 1
5 85 1
5 87 1
5 88 1
5 100 1
5 101 1
5 104 1
5 107 1
5 110 1
5 115 1
5 127 1
5 134 1
5 143 1
5 151 1
5 158 1
5 166 1
5 170 1
5 171 1
5 172 1
5 184 1
5 187 1
5 205 1
5 208 1
5 216 1
5 224 1
5 232 1
5 242 1
5 246 1
5 248 1
5 256 1
5 258 1
5 263 1
5 269 1
5 271 1
5 283 1
5 324 1
5 329 1
5 340 1
5 342 1
5 345 1
5 361 1
5 373 1
5 382 1
5 395 1
5 397 1
5 398 1
5 407 1
5 408 1
5 410 1
5 413 1
5 425 1
5 449 1
5 455 1
5 469 1
5 472 1
5 480 1
5 485 1
5 487 1
5 551 1
5 567 1
5 574 1
5 589 1
6 7 1
6 9 1
6 10 1
6 11 1
6 13 1
6 14 1
6 15 1
6 17 1
6 19 1
6 20 1
6 23 1
6 29 1
6 30 1
6 35 1
6 36 1
6 37 1
6 43 1
6 47 1
6 50 1
6 55 1
6 70 1
6 77 1
6 79 1
6 81 1
6 85 1
6 92 1
6 95 1
6 100 1
6 103 1
6 108 1
6 110 1
6 117 1
6 122 1
6 123 1
6 130 1
6 137 1
6 148 1
6 151 1
6 159 1
6 162 1
6 170 1
6 177 1
6 182 1
6 183 1
6 185 1
6 191 1
6 196 1
6 204 1
6 206 1
6 207 1
6 210 1
6 211 1
6 226 1
6 237 1
6 241 1
6 265 1
6 272 1
6 282 1
6 306 1
6 311 1
6 323 1
6 348 1
6 370 1
6 372 1
6 376 1
6 382 1
6 391 1
6 410 1
6 413 1
6 419 1
6 447 1
6 456 1
6 464 1
6 476 1
6 479 1
6 485 1
6 492 1
6 534 1
6 539 1
6 540 1
6 558 1
6 562 1
6 564 1
6 595 1
7 8 1
7 9 1
7 10 1
7 16 1
7 19 1
7 21 1
7 27 1
7 43 1
7 46 1
7 52 1
7 56 1
7 57 1
7 77 1
7 78 1
7 88 1
7 94 1
7 115 1
7 155 1
7 167 1
7 176 1
7 225 1
7 236 1
7 257 1
7 295 1
7 296 1
7 310 1
7 326 1
7 332 1
7 339 1
7 423 1
7 424 1
7 477 1
7 516 1
7 518 1
7 519 1
7 588 1
8 9 1
8 17 1
8 27 1
8 32 1
8 33 1
8 34 1
8 49 1
8 55 1
8 72 1
8 77 1
8 78 1
8 89 1
8 92 1
8 101 1
8 123 1
8 126 1
8 144 1
8 172 1
8 173 1
8 175 1
8 195 1
8 199 1
8 219 1
8 258 1
8 262 1
8 265 1
8 266 1
8 273 1
8 318 1
8 319 1
8 337 1
8 362 1
8 393 1
8 403 1
8 422 1
8 489 1
8 513 1
8 543 1
8 545 1
8 581 1
9 50 1
9 162 1
9 183 1
9 243 1
9 431 1
9 461 1
9 542 1
9 582 1
9 596 1
10 14 1
10 15 1
10 19 1
10 21 1
10 22 1
10 24 1
10 26 1
10 29 1
10 32 1
10 33 1
10 35 1
10 41 1
10 45 1
10 48 1
10 54 1
10 56 1
10 60 1
10 64 1
10 65 1
10 66 1
10 75 1
10 91 1
10 94 1
10 106 1
10 120 1
10 126 1
10 147 1
10 153 1
10 163 1
10 167 1
10 176 1
10 186 1
10 188 1
10 193 1
10 215 1
10 220 1
10 227 1
10 242 1
10 246 1
10 269 1
10 271 1
10 278 1
10 291 1
10 304 1
10 307 1
10 310 1
10 311 1
10 316 1
10 353 1
10 394 1
10 424 1
10 466 1
10 481 1
10 494 1
10 509 1
10 518 1
10 571 1
10 572 1
10 578 1
11 40 1
11 45 1
11 72 1
11 73 1
11 131 1
11 137 1
11 181 1
11 268 1
11 310 1
11 323 1
11 331 1
11 421 1
11 495 1
11 511 1
11 526 1
12 15 1
12 28 1
12 32 1
12 40 1
12 55 1
12 93 1
12 98 1
12 100 1
12 116 1
12 120 1
12 130 1
12 134 1
12 140 1
12 141 1
12 153 1
12 164 1
12 200 1
12 229 1
12 259 1
12 275 1
12 301 1
12 308 1
12 312 1
12 324 1
12 329 1
12 334 1
12 343 1
12 420 1
12 430 1
12 437 1
12 472 1
12 503 1
12 592 1
13 17 1
13 18 1
13 20 1
13 45 1
13 52 1
13 62 1
13 63 1
13 70 1
13 74 1
13 83 1
13 93 1
13 110 1
13 129 1
13 133 1
13 138 1
13 140 1
13 145 1
13 149 1
13 168 1
13 174 1
13 198 1
13 199 1
13 249 1
13 272 1
13 302 1
13 303 1
13 332 1
13 333 1
13 335 1
13 347 1
13 360 1
13 367 1
13 395 1
13 404 1
13 410 1
13 446 1
13 499 1
13 576 1
14 16 1
14 20 1
14 23 1
14 26 1
14 27 1
14 30 1
14 31 1
14 36 1
14 38 1
14 39 1
14 44 1
14 51 1
14 58 1
14 65 1
14 70 1
14 71 1
14 73 1
14 75 1
14 76 1
14 81 1
14 86 1
14 88 1
14 90 1
14 96 1
14 107 1
14 112 1
14 145 1
14 172 1
14 173 1
14 191 1
14 202 1
14 204 1
14 233 1
14 255 1
14 259 1
14 267 1
14 329 1
14 351 1
14 366 1
14 389 1
14 405 1
14 418 1
14 476 1
14 516 1
14 546 1
14 580 1
14 582 1
15 284 1
15 472 1
16 18 1
16 21 1
16 22 1
16 26 1
16 34 1
16 43 1
16 54 1
16 89 1
16 122 1
16 150 1
16 152 1
16 201 1
16 205 1
16 213 1
16 238 1
16 270 1
16 289 1
16 342 1
16 358 1
16 375 1
16 418 1
16 464 1
16 507 1
16 560 1
16 566 1
16 577 1
16 582 1
17 42 1
17 46 1
17 62 1
17 65 1
17 66 1
17 68 1
17 69 1
17 83 1
17 105 1
17 132 1
17 144 1
17 163 1
17 191 1
17 201 1
17 231 1
17 300 1
17 333 1
17 334 1
17 354 1
17 370 1
17 378 1
17 451 1
17 464 1
17 485 1
17 490 1
17 552 1
18 22 1
18 24 1
18 25 1
18 29 1
18 33 1
18 37 1
18 40 1
18 61 1
18 79 1
18 89 1
18 111 1
18 118 1
18 122 1
18 124 1
18 184 1
18 232 1
18 253 1
18 257 1
18 264 1
18 276 1
18 278 1
18 288 1
18 317 1
18 341 1
18 354 1
18 417 1
18 425 1
18 506 1
18 517 1
18 591 1
19 24 1
19 30 1
19 63 1
19 80 1
19 146 1
19 177 1
19 231 1
19 239 1
19 341 1
19 351 1
19 352 1
19 383 1
19 492 1
19 527 1
19 575 1
19 583 1
20 27 1
20 48 1
20 68 1
20 98 1
20 118 1
20 162 1
20 195 1
20 234 1
20 242 1
20 274 1
20 309 1
20 408 1
20 583 1
21 28 1
21 59 1
21 67 1
21 72 1
21 86 1
21 109 1
21 179 1
21 249 1
21 268 1
21 274 1
21 297 1
21 396 1
21 459 1
21 493 1
21 597 1
22 30 1
22 35 1
22 36 1
22 67 1
22 99 1
22 178 1
22 182 1
22 282 1
22 436 1
22 438 1
22 443 1
22 454 1
23 25 1
23 363 1
24 28 1
24 31 1
24 34 1
24 38 1
24 45 1
24 46 1
24 51 1
24 57 1
24 60 1
24 64 1
24 66 1
24 75 1
24 76 1
24 99 1
24 101 1
24 111 1
24 116 1
24 126 1
24 139 1
24 148 1
24 154 1
24 157 1
24 168 1
24 204 1
24 211 1
24 225 1
24 246 1
24 249 1
24 293 1
24 384 1
24 397 1
24 422 1
24 423 1
24 502 1
24 525 1
24 528 1
25 52 1
25 62 1
25 118 1
25 131 1
25 238 1
25 308 1
26 39 1
26 96 1
26 125 1
26 153 1
26 206 1
26 210 1
26 273 1
26 323 1
26 326 1
26 389 1
26 531 1
26 574 1
27 50 1
27 68 1
27 96 1
27 119 1
27 177 1
27 207 1
27 362 1
28 58 1
28 81 1
28 93 1
28 100 1
28 105 1
28 121 1
28 166 1
28 176 1
28 277 1
28 286 1
28 320 1
28 377 1
28 399 1
28 414 1
28 437 1
28 441 1
28 450 1
28 452 1
28 454 1
28 458 1
28 552 1
28 563 1
29 79 1
29 113 1
29 128 1
29 180 1
29 217 1
29 351 1
29 368 1
29 439 1
29 479 1
29 483 1
30 44 1
30 70 1
30 139 1
30 181 1
30 229 1
30 260 1
30 271 1
30 308 1
30 315 1
30 345 1
30 421 1
30 585 1
31 61 1
31 62 1
31 94 1
31 112 1
31 179 1
31 200 1
31 212 1
31 317 1
31 345 1
31 468 1
31 559 1
32 84 1
32 91 1
32 126 1
32 193 1
32 216 1
32 301 1
32 350 1
32 361 1
32 399 1
32 482 1
32 500 1
32 569 1
32 575 1
33 49 1
33 50 1
33 53 1
33 120 1
33 174 1
33 198 1
33 201 1
33 342 1
33 453 1
33 570 1
34 47 1
34 51 1
34 61 1
34 109 1
34 118 1
34 128 1
34 147 1
34 165 1
34 189 1
34 209 1
34 230 1
34 281 1
34 285 1
34 314 1
34 338 1
34 355 1
34 372 1
34 417 1
34 454 1
34 461 1
34 467 1
34 486 1
34 536 1
34 554 1
34 557 1
35 111 1
35 119 1
35 159 1
35 179 1
35 235 1
35 304 1
35 316 1
35 384 1
35 416 1
35 470 1
35 525 1
36 37 1
36 67 1
36 85 1
36 96 1
36 122 1
36 164 1
36 199 1
36 223 1
36 232 1
36 312 1
36 327 1
36 357 1
36 542 1
36 567 1
37 64 1
37 69 1
37 89 1
37 103 1
37 175 1
37 247 1
37 281 1
37 317 1
37 513 1
38 102 1
38 230 1
38 238 1
38 254 1
38 292 1
38 298 1
38 579 1
39 84 1
39 142 1
39 157 1
39 243 1
39 500 1
39 514 1
39 526 1
39 533 1
39 572 1
39 584 1
40 76 1
40 85 1
40 95 1
40 157 1
40 187 1
40 204 1
40 231 1
40 273 1
40 282 1
40 290 1
40 381 1
40 461 1
40 468 1
40 511 1
40 556 1
41 43 1
41 106 1
41 108 1
41 113 1
41 115 1
41 127 1
41 163 1
41 194 1
41 214 1
41 224 1
41 281 1
41 370 1
41 402 1
41 446 1
41 524 1
41 554 1
41 578 1
41 592 1
42 47 1
42 83 1
42 135 1
42 242 1
42 253 1
42 255 1
42 493 1
42 576 1
43 57 1
43 93 1
43 97 1
43 99 1
43 135 1
43 164 1
43 216 1
43 218 1
43 346 1
43 388 1
43 535 1
44 88 1
44 112 1
44 154 1
44 173 1
44 195 1
44 226 1
45 113 1
45 127 1
45 140 1
45 155 1
45 157 1
45 159 1
45 223 1
45 227 1
45 263 1
45 541 1
46 59 1
46 190 1
46 447 1
47 160 1
47 187 1
47 309 1
47 359 1
47 387 1
47 438 1
47 559 1
47 588 1
48 52 1
48 54 1
48 55 1
48 57 1
48 59 1
48 136 1
48 161 1
48 214 1
48 312 1
48 358 1
48 391 1
48 404 1
48 424 1
48 535 1
49 74 1
49 103 1
49 114 1
49 130 1
49 175 1
49 233 1
49 325 1
49 386 1
49 441 1
49 449 1
49 565 1
50 117 1
50 155 1
50 166 1
50 587 1
50 589 1
51 91 1
51 98 1
51 116 1
51 132 1
51 138 1
51 196 1
51 245 1
51 286 1
51 287 1
51 325 1
51 340 1
51 371 1
51 419 1
51 426 1
51 430 1
51 462 1
51 494 1
51 544 1
51 595 1
52 58 1
52 67 1
52 91 1
52 97 1
52 113 1
52 139 1
52 148 1
52 274 1
52 385 1
52 479 1
53 71 1
53 79 1
53 82 1
53 245 1
54 135 1
54 152 1
54 193 1
54 264 1
54 269 1
54 279 1
54 314 1
54 393 1
54 446 1
54 451 1
54 502 1
55 56 1
55 134 1
55 143 1
55 161 1
55 206 1
55 364 1
55 480 1
55 482 1
55 488 1
55 528 1
56 65 1
56 78 1
56 102 1
56 124 1
56 127 1
56 160 1
56 181 1
56 237 1
56 328 1
56 345 1
56 513 1
57 58 1
57 186 1
57 291 1
57 597 1
58 83 1
58 87 1
58 108 1
58 132 1
58 139 1
58 182 1
58 203 1
58 290 1
58 299 1
58 307 1
58 484 1
58 550 1
59 63 1
59 80 1
59 86 1
59 174 1
59 187 1
59 195 1
59 201 1
59 224 1
59 231 1
59 232 1
59 350 1
59 474 1
59 561 1
60 106 1
60 116 1
60 146 1
60 213 1
60 361 1
60 423 1
60 432 1
60 576 1
61 146 1
61 184 1
61 228 1
61 302 1
61 431 1
61 560 1
62 137 1
62 158 1
62 270 1
62 288 1
62 316 1
62 418 1
63 104 1
63 125 1
63 141 1
63 194 1
63 276 1
63 295 1
63 297 1
63 353 1
63 383 1
63 442 1
64 338 1
64 348 1
64 349 1
65 152 1
65 178 1
65 255 1
65 319 1
65 365 1
65 376 1
65 432 1
65 476 1
65 554 1
65 571 1
65 594 1
66 131 1
67 86 1
67 97 1
67 133 1
67 339 1
67 599 1
68 82 1
68 219 1
68 233 1
68 376 1
68 449 1
68 535 1
68 577 1
68 579 1
69 121 1
69 158 1
69 295 1
69 444 1
69 569 1
70 103 1
70 165 1
70 248 1
70 280 1
70 301 1
70 303 1
70 328 1
70 336 1
70 338 1
70 429 1
71 158 1
71 229 1
71 239 1
71 244 1
71 246 1
71 254 1
71 398 1
71 444 1
71 547 1
72 168 1
72 185 1
72 220 1
72 249 1
72 261 1
72 265 1
72 268 1
73 90 1
73 102 1
73 109 1
73 112 1
73 125 1
73 150 1
73 233 1
73 239 1
73 268 1
73 393 1
73 394 1
73 434 1
73 486 1
73 487 1
73 513 1
74 90 1
74 95 1
74 130 1
74 316 1
74 429 1
75 94 1
75 119 1
75 388 1
75 421 1
75 457 1
76 167 1
76 352 1
76 369 1
76 411 1
76 480 1
77 105 1
77 124 1
77 141 1
77 188 1
77 226 1
77 241 1
77 244 1
77 257 1
77 362 1
77 420 1
77 580 1
77 586 1
78 80 1
78 82 1
78 98 1
78 166 1
78 223 1
78 250 1
78 252 1
78 275 1
78 299 1
78 389 1
78 396 1
78 438 1
78 483 1
78 519 1
79 211 1
79 526 1
80 131 1
80 197 1
80 322 1
80 527 1
80 551 1
81 99 1
81 241 1
81 259 1
81 293 1
81 411 1
81 428 1
81 448 1
81 478 1
81 481 1
81 550 1
81 580 1
82 102 1
82 169 1
82 358 1
82 429 1
82 457 1
82 534 1
82 557 1
83 92 1
83 110 1
83 220 1
83 245 1
83 287 1
83 327 1
83 330 1
83 366 1
83 390 1
83 428 1
83 444 1
83 455 1
83 498 1
83 541 1
83 581 1
84 169 1
84 186 1
84 276 1
84 347 1
84 442 1
84 579 1
85 87 1
85 129 1
85 183 1
85 197 1
85 214 1
85 263 1
85 306 1
85 336 1
85 360 1
85 364 1
85 373 1
85 440 1
85 477 1
85 581 1
85 591 1
85 593 1
86 503 1
87 114 1
87 129 1
87 262 1
87 415 1
88 92 1
88 171 1
88 227 1
88 234 1
88 238 1
88 330 1
88 532 1
88 543 1
88 555 1
89 236 1
89 253 1
89 383 1
89 465 1
89 485 1
89 487 1
89 529 1
90 114 1
90 143 1
90 256 1
90 422 1
91 430 1
92 180 1
92 303 1
92 305 1
92 306 1
92 346 1
92 437 1
93 115 1
93 212 1
93 296 1
93 414 1
93 478 1
94 132 1
94 140 1
94 163 1
94 179 1
94 261 1
94 300 1
94 367 1
94 523 1
94 586 1
95 105 1
95 123 1
95 200 1
95 202 1
95 310 1
95 359 1
95 471 1
96 147 1
96 192 1
96 215 1
96 321 1
96 332 1
96 358 1
96 452 1
96 520 1
96 562 1
97 108 1
97 167 1
97 202 1
97 395 1
98 217 1
98 219 1
99 101 1
99 117 1
99 136 1
99 142 1
99 145 1
99 149 1
99 153 1
99 193 1
99 235 1
99 333 1
99 344 1
99 346 1
99 371 1
100 144 1
100 186 1
100 240 1
100 327 1
100 591 1
101 117 1
101 285 1
101 406 1
101 429 1
101 562 1
101 600 1
102 109 1
102 154 1
102 162 1
102 519 1
103 107 1
103 119 1
103 121 1
103 261 1
103 354 1
103 593 1
104 107 1
104 171 1
104 173 1
104 558 1
105 156 1
106 136 1
106 155 1
106 202 1
106 281 1
106 353 1
106 440 1
106 467 1
107 168 1
107 194 1
107 209 1
107 450 1
107 499 1
107 525 1
108 339 1
108 573 1
109 125 1
109 532 1
110 111 1
110 142 1
110 208 1
110 256 1
110 264 1
110 302 1
110 348 1
110 357 1
111 137 1
111 305 1
111 356 1
112 171 1
112 185 1
112 300 1
112 330 1
113 121 1
113 147 1
113 203 1
113 212 1
113 286 1
113 293 1
113 341 1
113 432 1
113 475 1
113 493 1
113 566 1
114 321 1
114 364 1
114 367 1
114 369 1
114 428 1
114 455 1
115 128 1
115 373 1
116 160 1
116 218 1
116 244 1
116 320 1
116 344 1
116 360 1
116 442 1
116 478 1
116 568 1
117 120 1
117 133 1
117 156 1
117 299 1
117 349 1
117 401 1
117 463 1
118 138 1
118 190 1
118 278 1
119 135 1
119 229 1
119 236 1
119 270 1
119 283 1
119 303 1
119 315 1
119 350 1
119 368 1
119 369 1
119 502 1
119 541 1
119 586 1
119 588 1
119 598 1
120 183 1
120 283 1
120 329 1
120 555 1
121 209 1
121 296 1
121 300 1
121 302 1
121 378 1
121 416 1
122 152 1
122 377 1
123 210 1
123 243 1
123 255 1
123 257 1
123 267 1
123 356 1
124 142 1
124 150 1
124 160 1
124 200 1
124 382 1
124 505 1
124 558 1
125 532 1
126 156 1
126 165 1
126 198 1
126 205 1
126 213 1
126 214 1
126 260 1
126 265 1
126 507 1
126 522 1
126 545 1
127 207 1
128 240 1
128 469 1
129 230 1
129 291 1
129 318 1
130 141 1
130 189 1
130 253 1
131 197 1
131 243 1
131 284 1
131 313 1
131 518 1
132 313 1
132 321 1
133 280 1
133 289 1
134 170 1
134 340 1
134 599 1
135 148 1
135 392 1
135 415 1
136 180 1
136 379 1
137 447 1
138 172 1
138 222 1
138 260 1
138 355 1
138 384 1
138 415 1
138 589 1
139 146 1
139 184 1
139 192 1
139 501 1
140 156 1
140 237 1
140 244 1
140 377 1
140 402 1
141 192 1
141 221 1
141 298 1
141 496 1
141 529 1
141 570 1
142 189 1
142 292 1
142 433 1
143 206 1
143 401 1
143 425 1
143 435 1
143 499 1
143 539 1
143 566 1
144 338 1
144 466 1
144 469 1
144 599 1
145 149 1
145 176 1
145 221 1
145 222 1
145 340 1
145 465 1
145 506 1
146 161 1
146 169 1
146 178 1
146 252 1
146 262 1
146 428 1
146 457 1
146 458 1
146 519 1
146 577 1
146 584 1
148 151 1
148 190 1
148 211 1
148 248 1
148 250 1
148 412 1
148 451 1
149 225 1
149 228 1
149 240 1
149 267 1
149 366 1
149 397 1
149 404 1
149 523 1
150 248 1
150 406 1
150 434 1
150 472 1
150 600 1
151 159 1
151 191 1
151 261 1
151 297 1
151 595 1
152 474 1
153 154 1
153 213 1
153 237 1
153 284 1
153 455 1
154 215 1
155 165 1
155 189 1
155 271 1
155 315 1
155 565 1
155 595 1
155 596 1
156 164 1
156 298 1
156 385 1
157 199 1
157 483 1
158 284 1
158 288 1
158 412 1
158 449 1
158 542 1
159 178 1
159 280 1
159 282 1
159 381 1
160 568 1
161 175 1
161 251 1
161 277 1
161 279 1
161 283 1
161 457 1
162 185 1
162 318 1
162 435 1
162 542 1
162 563 1
163 511 1
163 572 1
164 209 1
164 258 1
164 317 1
164 321 1
164 327 1
164 529 1
165 177 1
165 198 1
165 269 1
165 294 1
165 530 1
167 221 1
167 453 1
167 459 1
167 495 1
168 218 1
168 239 1
168 368 1
168 543 1
169 352 1
169 386 1
169 387 1
169 471 1
169 527 1
169 568 1
170 182 1
170 216 1
170 221 1
170 258 1
170 394 1
170 475 1
170 553 1
170 556 1
171 212 1
171 294 1
171 574 1
172 515 1
173 403 1
174 348 1
174 411 1
175 251 1
175 544 1
177 343 1
178 190 1
178 207 1
178 236 1
178 252 1
178 272 1
179 223 1
179 254 1
179 259 1
179 409 1
179 453 1
179 504 1
181 235 1
181 319 1
181 388 1
181 426 1
181 427 1
181 541 1
182 374 1
182 590 1
184 266 1
184 285 1
184 375 1
184 451 1
184 456 1
185 286 1
185 335 1
185 450 1
185 460 1
185 540 1
186 188 1
186 276 1
186 398 1
186 478 1
187 203 1
187 337 1
187 376 1
187 382 1
187 387 1
187 389 1
187 448 1
187 561 1
188 240 1
188 434 1
188 497 1
189 469 1
190 426 1
190 564 1
192 523 1
193 217 1
193 272 1
193 277 1
193 278 1
193 343 1
194 234 1
194 313 1
194 588 1
195 309 1
196 234 1
196 375 1
196 390 1
197 509 1
198 336 1
198 344 1
198 400 1
198 409 1
198 413 1
198 468 1
198 552 1
198 570 1
199 355 1
199 403 1
199 579 1
200 227 1
201 285 1
201 500 1
201 561 1
202 224 1
202 314 1
202 390 1
202 415 1
203 210 1
203 230 1
203 297 1
203 307 1
203 400 1
203 573 1
204 280 1
205 251 1
205 270 1
205 471 1
205 515 1
205 581 1
207 266 1
207 344 1
207 361 1
207 584 1
208 290 1
208 312 1
208 473 1
209 456 1
210 219 1
210 357 1
210 447 1
211 341 1
211 424 1
211 433 1
211 506 1
212 298 1
212 304 1
212 311 1
212 372 1
212 481 1
212 522 1
212 550 1
213 325 1
213 374 1
213 423 1
213 510 1
213 573 1
214 217 1
214 296 1
214 336 1
214 393 1
215 279 1
215 315 1
216 379 1
216 404 1
216 434 1
216 486 1
217 331 1
217 479 1
218 256 1
218 420 1
218 538 1
218 549 1
219 275 1
219 356 1
219 414 1
220 262 1
220 362 1
221 324 1
221 328 1
221 448 1
221 593 1
222 437 1
222 460 1
222 514 1
223 584 1
224 289 1
224 413 1
224 417 1
225 228 1
225 292 1
225 421 1
225 422 1
225 470 1
226 287 1
227 263 1
227 367 1
227 566 1
229 307 1
229 400 1
229 531 1
230 277 1
230 335 1
230 359 1
231 279 1
231 400 1
231 430 1
231 477 1
231 488 1
231 514 1
232 363 1
233 245 1
233 314 1
233 397 1
233 409 1
233 439 1
233 506 1
233 533 1
234 293 1
234 392 1
234 443 1
234 452 1
234 476 1
234 592 1
235 247 1
235 252 1
236 241 1
236 328 1
236 459 1
236 538 1
237 426 1
237 466 1
238 366 1
238 374 1
238 445 1
239 365 1
239 427 1
239 489 1
239 553 1
239 557 1
241 526 1
242 305 1
242 370 1
243 250 1
243 342 1
243 401 1
243 435 1
243 508 1
244 295 1
244 583 1
246 353 1
247 294 1
247 395 1
248 480 1
248 537 1
248 598 1
249 470 1
249 505 1
250 251 1
251 294 1
251 305 1
251 333 1
251 441 1
251 533 1
251 563 1
251 582 1
252 299 1
254 530 1
255 559 1
256 349 1
256 418 1
257 288 1
257 380 1
257 590 1
258 260 1
259 266 1
259 290 1
259 510 1
259 534 1
260 446 1
260 497 1
260 594 1
261 301 1
262 473 1
262 536 1
262 547 1
262 593 1
262 594 1
263 372 1
263 491 1
264 326 1
264 357 1
265 347 1
265 463 1
266 407 1
268 390 1
268 425 1
269 448 1
270 331 1
270 474 1
273 405 1
273 489 1
275 438 1
275 492 1
275 515 1
276 391 1
277 287 1
277 334 1
277 343 1
278 490 1
278 568 1
279 330 1
281 379 1
281 580 1
282 322 1
282 511 1
282 518 1
284 337 1
284 396 1
284 439 1
284 598 1
286 585 1
286 592 1
287 416 1
288 322 1
289 466 1
290 292 1
290 496 1
290 545 1
290 547 1
292 462 1
294 322 1
294 408 1
294 574 1
296 308 1
296 398 1
296 497 1
299 354 1
299 360 1
300 431 1
301 374 1
301 439 1
301 460 1
301 505 1
302 313 1
302 551 1
303 306 1
304 334 1
304 349 1
304 407 1
305 419 1
306 375 1
306 384 1
307 324 1
307 363 1
307 458 1
307 569 1
308 326 1
308 351 1
308 525 1
310 346 1
310 442 1
310 495 1
312 406 1
313 409 1
313 474 1
313 521 1
314 320 1
315 325 1
315 332 1
315 379 1
315 498 1
317 484 1
319 388 1
319 500 1
320 323 1
320 441 1
320 467 1
323 378 1
324 411 1
324 412 1
324 549 1
325 452 1
325 494 1
326 380 1
326 464 1
330 598 1
331 381 1
331 482 1
331 512 1
331 599 1
332 385 1
332 405 1
333 408 1
333 410 1
333 496 1
333 543 1
334 385 1
334 420 1
334 524 1
335 380 1
336 355 1
336 359 1
336 373 1
336 433 1
336 520 1
338 368 1
339 365 1
339 412 1
339 509 1
339 537 1
339 571 1
340 419 1
340 585 1
340 587 1
340 597 1
345 371 1
346 484 1
346 556 1
347 463 1
348 600 1
349 531 1
350 544 1
353 369 1
353 377 1
353 394 1
353 521 1
354 399 1
354 471 1
356 533 1
357 484 1
359 365 1
361 501 1
361 502 1
364 378 1
364 402 1
364 509 1
364 510 1
364 561 1
365 571 1
366 516 1
368 545 1
368 564 1
371 432 1
371 557 1
372 387 1
374 436 1
374 445 1
374 504 1
374 572 1
375 473 1
377 587 1
378 465 1
379 549 1
380 381 1
380 383 1
380 523 1
380 559 1
381 405 1
381 482 1
381 529 1
381 552 1
383 402 1
384 462 1
384 554 1
386 567 1
386 585 1
387 391 1
387 555 1
389 486 1
390 427 1
390 444 1
390 475 1
391 461 1
392 403 1
392 591 1
392 600 1
393 535 1
394 436 1
394 517 1
394 540 1
395 487 1
395 491 1
395 528 1
398 477 1
400 407 1
400 489 1
400 537 1
401 435 1
401 498 1
401 508 1
401 565 1
402 510 1
402 512 1
402 524 1
404 578 1
405 436 1
405 470 1
407 508 1
408 551 1
408 577 1
409 456 1
409 462 1
409 496 1
410 433 1
410 490 1
410 501 1
413 504 1
417 490 1
417 517 1
419 440 1
421 445 1
422 443 1
423 512 1
425 463 1
425 481 1
426 564 1
428 583 1
429 459 1
429 504 1
430 503 1
432 520 1
434 458 1
434 483 1
434 576 1
436 558 1
437 468 1
438 494 1
438 544 1
439 443 1
445 596 1
448 491 1
449 597 1
450 473 1
450 548 1
451 460 1
453 567 1
455 498 1
455 546 1
458 521 1
458 555 1
462 521 1
462 522 1
464 530 1
466 507 1
468 517 1
471 562 1
472 499 1
473 594 1
474 548 1
475 491 1
477 514 1
480 488 1
486 550 1
486 590 1
487 547 1
487 548 1
488 501 1
488 596 1
489 495 1
489 553 1
496 508 1
496 520 1
497 507 1
497 532 1
499 538 1
499 569 1
506 522 1
506 524 1
506 586 1
508 587 1
515 549 1
517 560 1
519 534 1
520 531 1
520 546 1
527 570 1
528 575 1
531 538 1
531 546 1
533 563 1
541 590 1
547 548 1
563 575 1
