900 3584 
1 5 1
1 6 1
1 7 1
1 8 1
1 12 1
1 15 1
1 17 1
1 18 1
1 20 1
1 22 1
1 29 1
1 34 1
1 41 1
1 46 1
1 47 1
1 49 1
1 58 1
1 60 1
1 61 1
1 62 1
1 72 1
1 74 1
1 77 1
1 80 1
1 91 1
1 93 1
1 101 1
1 102 1
1 104 1
1 105 1
1 107 1
1 115 1
1 140 1
1 151 1
1 163 1
1 165 1
1 174 1
1 200 1
1 218 1
1 231 1
1 265 1
1 270 1
1 273 1
1 276 1
1 283 1
1 286 1
1 289 1
1 295 1
1 333 1
1 340 1
1 341 1
1 353 1
1 359 1
1 362 1
1 399 1
1 400 1
1 425 1
1 428 1
1 432 1
1 435 1
1 441 1
1 453 1
1 460 1
1 465 1
1 478 1
1 484 1
1 503 1
1 519 1
1 538 1
1 559 1
1 596 1
1 607 1
1 612 1
1 628 1
1 629 1
1 665 1
1 667 1
1 675 1
1 679 1
1 693 1
1 695 1
1 704 1
1 724 1
1 745 1
1 749 1
1 759 1
1 777 1
1 791 1
1 825 1
1 842 1
1 843 1
1 852 1
1 895 1
1 896 1
1 900 1
2 5 1
2 6 1
2 7 1
2 8 1
2 9 1
2 11 1
2 13 1
2 14 1
2 16 1
2 18 1
2 20 1
2 21 1
2 23 1
2 29 1
2 40 1
2 45 1
2 51 1
2 61 1
2 63 1
2 68 1
2 71 1
2 77 1
2 81 1
2 82 1
2 83 1
2 84 1
2 93 1
2 99 1
2 109 1
2 117 1
2 119 1
2 130 1
2 142 1
2 150 1
2 153 1
2 181 1
2 182 1
2 188 1
2 207 1
2 210 1
2 212 1
2 227 1
2 231 1
2 234 1
2 241 1
2 242 1
2 243 1
2 259 1
2 263 1
2 284 1
2 300 1
2 316 1
2 319 1
2 328 1
2 337 1
2 379 1
2 391 1
2 397 1
2 398 1
2 402 1
2 414 1
2 419 1
2 426 1
2 470 1
2 488 1
2 503 1
2 517 1
2 542 1
2 544 1
2 570 1
2 580 1
2 593 1
2 614 1
2 617 1
2 618 1
2 697 1
2 698 1
2 716 1
2 744 1
2 774 1
2 789 1
2 798 1
2 805 1
2 813 1
2 824 1
2 833 1
2 846 1
2 855 1
2 856 1
2 892 1
3 5 1
3 6 1
3 7 1
3 9 1
3 10 1
3 13 1
3 14 1
3 15 1
3 18 1
3 19 1
3 23 1
3 24 1
3 25 1
3 28 1
3 31 1
3 32 1
3 36 1
3 37 1
3 44 1
3 45 1
3 56 1
3 57 1
3 61 1
3 64 1
3 66 1
3 69 1
3 74 1
3 78 1
3 79 1
3 83 1
3 84 1
3 85 1
3 90 1
3 100 1
3 102 1
3 109 1
3 119 1
3 137 1
3 139 1
3 154 1
3 155 1
3 158 1
3 164 1
3 172 1
3 173 1
3 176 1
3 183 1
3 215 1
3 219 1
3 226 1
3 227 1
3 246 1
3 248 1
3 255 1
3 266 1
3 276 1
3 282 1
3 290 1
3 293 1
3 321 1
3 332 1
3 346 1
3 352 1
3 366 1
3 382 1
3 391 1
3 395 1
3 396 1
3 397 1
3 412 1
3 433 1
3 448 1
3 453 1
3 462 1
3 473 1
3 489 1
3 522 1
3 533 1
3 555 1
3 592 1
3 598 1
3 624 1
3 629 1
3 662 1
3 711 1
3 717 1
3 731 1
3 756 1
3 769 1
3 775 1
3 788 1
3 851 1
3 859 1
4 5 1
4 7 1
4 8 1
4 11 1
4 12 1
4 13 1
4 16 1
4 20 1
4 25 1
4 30 1
4 34 1
4 38 1
4 40 1
4 46 1
4 52 1
4 63 1
4 73 1
4 75 1
4 89 1
4 99 1
4 103 1
4 108 1
4 110 1
4 120 1
4 121 1
4 122 1
4 135 1
4 143 1
4 155 1
4 164 1
4 168 1
4 173 1
4 175 1
4 192 1
4 198 1
4 210 1
4 215 1
4 225 1
4 248 1
4 252 1
4 253 1
4 265 1
4 298 1
4 301 1
4 302 1
4 308 1
4 313 1
4 333 1
4 337 1
4 348 1
4 365 1
4 381 1
4 384 1
4 388 1
4 398 1
4 401 1
4 411 1
4 463 1
4 485 1
4 488 1
4 491 1
4 497 1
4 499 1
4 501 1
4 504 1
4 518 1
4 543 1
4 547 1
4 563 1
4 609 1
4 626 1
4 640 1
4 653 1
4 663 1
4 668 1
4 749 1
4 755 1
4 767 1
4 782 1
4 812 1
4 886 1
5 6 1
5 9 1
5 11 1
5 14 1
5 15 1
5 17 1
5 19 1
5 21 1
5 22 1
5 24 1
5 26 1
5 28 1
5 29 1
5 38 1
5 43 1
5 47 1
5 48 1
5 52 1
5 55 1
5 67 1
5 73 1
5 76 1
5 81 1
5 100 1
5 108 1
5 115 1
5 119 1
5 120 1
5 126 1
5 131 1
5 152 1
5 153 1
5 156 1
5 164 1
5 165 1
5 167 1
5 173 1
5 175 1
5 176 1
5 180 1
5 190 1
5 203 1
5 208 1
5 209 1
5 213 1
5 230 1
5 245 1
5 248 1
5 260 1
5 301 1
5 315 1
5 320 1
5 324 1
5 368 1
5 371 1
5 419 1
5 423 1
5 436 1
5 442 1
5 445 1
5 528 1
5 534 1
5 541 1
5 547 1
5 548 1
5 552 1
5 560 1
5 579 1
5 592 1
5 596 1
5 617 1
5 660 1
5 663 1
5 682 1
5 685 1
5 694 1
5 702 1
5 710 1
5 802 1
5 814 1
5 821 1
5 822 1
5 838 1
5 864 1
5 883 1
6 9 1
6 10 1
6 11 1
6 12 1
6 17 1
6 18 1
6 19 1
6 21 1
6 24 1
6 27 1
6 30 1
6 37 1
6 41 1
6 46 1
6 48 1
6 65 1
6 80 1
6 82 1
6 108 1
6 112 1
6 136 1
6 141 1
6 192 1
6 205 1
6 213 1
6 237 1
6 289 1
6 328 1
6 335 1
6 341 1
6 354 1
6 374 1
6 379 1
6 408 1
6 429 1
6 433 1
6 474 1
6 477 1
6 479 1
6 482 1
6 487 1
6 511 1
6 513 1
6 519 1
6 526 1
6 542 1
6 548 1
6 557 1
6 558 1
6 562 1
6 589 1
6 590 1
6 600 1
6 641 1
6 644 1
6 667 1
6 674 1
6 677 1
6 703 1
6 706 1
6 731 1
6 762 1
6 763 1
6 764 1
6 798 1
6 824 1
6 829 1
6 832 1
6 881 1
7 8 1
7 10 1
7 12 1
7 16 1
7 23 1
7 33 1
7 38 1
7 42 1
7 54 1
7 77 1
7 105 1
7 128 1
7 131 1
7 135 1
7 175 1
7 189 1
7 327 1
7 371 1
7 376 1
7 383 1
7 452 1
7 454 1
7 472 1
7 507 1
7 748 1
7 761 1
7 789 1
8 10 1
8 13 1
8 43 1
8 55 1
8 61 1
8 74 1
8 81 1
8 86 1
8 148 1
8 157 1
8 162 1
8 178 1
8 223 1
8 386 1
8 462 1
8 506 1
8 656 1
8 727 1
8 743 1
8 832 1
9 14 1
9 19 1
9 27 1
9 31 1
9 62 1
9 108 1
9 121 1
9 147 1
9 161 1
9 170 1
9 193 1
9 228 1
9 229 1
9 268 1
9 287 1
9 311 1
9 349 1
9 352 1
9 360 1
9 362 1
9 376 1
9 379 1
9 407 1
9 424 1
9 455 1
9 467 1
9 588 1
9 607 1
9 711 1
9 763 1
9 788 1
9 797 1
10 28 1
10 35 1
10 41 1
10 42 1
10 44 1
10 145 1
10 156 1
10 225 1
10 266 1
10 273 1
10 307 1
10 315 1
10 358 1
10 448 1
10 499 1
10 555 1
10 775 1
10 826 1
10 872 1
11 34 1
11 55 1
11 63 1
11 87 1
11 120 1
11 153 1
11 160 1
11 179 1
11 197 1
11 244 1
11 323 1
11 349 1
11 486 1
11 507 1
11 524 1
11 571 1
11 610 1
11 624 1
11 780 1
11 790 1
11 845 1
11 851 1
12 16 1
12 39 1
12 56 1
12 59 1
12 67 1
12 92 1
12 96 1
12 105 1
12 116 1
12 124 1
12 132 1
12 153 1
12 168 1
12 277 1
12 327 1
12 464 1
12 470 1
12 620 1
12 650 1
12 655 1
12 662 1
12 734 1
12 860 1
13 15 1
13 25 1
13 26 1
13 32 1
13 39 1
13 57 1
13 65 1
13 70 1
13 134 1
13 135 1
13 194 1
13 203 1
13 207 1
13 212 1
13 229 1
13 236 1
13 254 1
13 303 1
13 402 1
13 506 1
13 534 1
13 654 1
13 823 1
14 54 1
14 87 1
14 113 1
14 130 1
14 154 1
14 178 1
14 262 1
14 343 1
14 367 1
14 556 1
14 582 1
14 654 1
14 696 1
15 17 1
15 30 1
15 35 1
15 36 1
15 71 1
15 87 1
15 93 1
15 94 1
15 103 1
15 121 1
15 124 1
15 150 1
15 166 1
15 190 1
15 207 1
15 216 1
15 230 1
15 247 1
15 258 1
15 272 1
15 281 1
15 286 1
15 342 1
15 352 1
15 398 1
15 412 1
15 446 1
15 568 1
15 640 1
15 658 1
15 671 1
15 823 1
15 897 1
16 27 1
16 31 1
16 43 1
16 63 1
16 80 1
16 90 1
16 102 1
16 103 1
16 114 1
16 127 1
16 129 1
16 194 1
16 314 1
16 321 1
16 344 1
16 422 1
16 498 1
16 553 1
16 580 1
16 759 1
16 809 1
17 22 1
17 49 1
17 50 1
17 539 1
17 565 1
17 703 1
17 754 1
18 20 1
18 25 1
18 68 1
18 78 1
18 91 1
18 176 1
18 185 1
18 191 1
18 267 1
18 297 1
18 429 1
18 447 1
18 612 1
18 641 1
18 649 1
19 31 1
19 35 1
19 39 1
19 60 1
19 73 1
19 77 1
19 102 1
19 143 1
19 145 1
19 152 1
19 273 1
19 429 1
19 467 1
19 653 1
19 685 1
19 811 1
19 834 1
20 21 1
20 22 1
20 40 1
20 65 1
20 70 1
20 72 1
20 79 1
20 149 1
20 150 1
20 179 1
20 228 1
20 239 1
20 242 1
20 254 1
20 271 1
20 305 1
20 360 1
20 370 1
20 491 1
20 608 1
20 623 1
20 638 1
20 645 1
20 682 1
20 720 1
20 812 1
20 815 1
20 861 1
21 34 1
21 40 1
21 54 1
21 59 1
21 139 1
21 178 1
21 209 1
21 249 1
21 255 1
21 267 1
21 271 1
21 381 1
21 475 1
21 528 1
21 658 1
21 708 1
21 753 1
21 827 1
21 833 1
21 860 1
22 23 1
22 24 1
22 26 1
22 64 1
22 65 1
22 71 1
22 92 1
22 139 1
22 143 1
22 145 1
22 202 1
22 220 1
22 235 1
22 282 1
22 290 1
22 329 1
22 400 1
22 446 1
22 503 1
22 526 1
22 661 1
22 694 1
22 714 1
22 748 1
22 772 1
22 817 1
22 820 1
22 825 1
23 39 1
23 47 1
23 48 1
23 52 1
23 64 1
23 76 1
23 98 1
23 111 1
23 119 1
23 128 1
23 129 1
23 141 1
23 151 1
23 154 1
23 157 1
23 176 1
23 187 1
23 235 1
23 238 1
23 288 1
23 289 1
23 297 1
23 299 1
23 317 1
23 323 1
23 328 1
23 342 1
23 392 1
23 425 1
23 426 1
23 431 1
23 433 1
23 526 1
23 570 1
23 613 1
23 680 1
23 737 1
23 848 1
23 869 1
23 886 1
23 896 1
23 900 1
24 26 1
24 36 1
24 44 1
24 50 1
24 66 1
24 86 1
24 88 1
24 95 1
24 96 1
24 104 1
24 138 1
24 159 1
24 242 1
24 246 1
24 291 1
24 303 1
24 322 1
24 352 1
24 364 1
24 369 1
24 375 1
24 410 1
24 474 1
24 512 1
24 524 1
24 558 1
24 577 1
24 589 1
24 591 1
24 619 1
24 631 1
24 644 1
24 700 1
24 725 1
24 794 1
24 810 1
24 828 1
25 27 1
25 28 1
25 29 1
25 33 1
25 35 1
25 38 1
25 49 1
25 58 1
25 59 1
25 67 1
25 71 1
25 117 1
25 236 1
25 244 1
25 247 1
25 266 1
25 299 1
25 336 1
25 391 1
25 395 1
25 409 1
25 484 1
25 504 1
25 520 1
25 522 1
25 562 1
25 564 1
25 595 1
25 608 1
25 624 1
25 666 1
25 698 1
25 784 1
26 32 1
26 48 1
26 53 1
26 106 1
26 185 1
26 208 1
26 236 1
26 269 1
26 271 1
26 585 1
26 648 1
26 671 1
26 729 1
26 780 1
26 803 1
26 819 1
26 865 1
27 138 1
27 216 1
27 324 1
27 411 1
27 545 1
27 858 1
27 866 1
28 100 1
28 123 1
28 214 1
28 347 1
28 390 1
28 456 1
28 704 1
28 767 1
28 811 1
28 820 1
28 830 1
29 30 1
29 37 1
29 45 1
29 52 1
29 62 1
29 66 1
29 160 1
29 182 1
29 257 1
29 304 1
29 324 1
29 371 1
29 406 1
29 600 1
29 622 1
29 836 1
29 875 1
30 41 1
30 54 1
30 68 1
30 89 1
30 98 1
30 125 1
30 158 1
30 245 1
30 261 1
30 268 1
30 313 1
30 319 1
30 359 1
30 394 1
30 623 1
30 724 1
30 743 1
30 756 1
30 788 1
30 898 1
31 32 1
31 33 1
31 45 1
31 50 1
31 55 1
31 60 1
31 96 1
31 98 1
31 110 1
31 150 1
31 162 1
31 250 1
31 256 1
31 270 1
31 287 1
31 311 1
31 331 1
31 358 1
31 468 1
31 493 1
31 510 1
31 536 1
31 544 1
31 563 1
31 575 1
31 595 1
31 668 1
31 720 1
31 745 1
31 883 1
32 33 1
32 36 1
32 42 1
32 126 1
32 171 1
32 211 1
32 238 1
32 264 1
32 330 1
32 334 1
32 392 1
32 496 1
32 669 1
32 735 1
32 755 1
32 791 1
33 49 1
33 51 1
33 53 1
33 76 1
33 151 1
33 193 1
33 264 1
33 295 1
33 331 1
33 342 1
33 586 1
33 652 1
33 713 1
33 824 1
34 37 1
34 74 1
34 90 1
34 110 1
34 240 1
34 253 1
34 276 1
34 280 1
34 364 1
34 445 1
34 538 1
34 564 1
34 663 1
34 709 1
34 715 1
34 732 1
34 816 1
34 837 1
34 853 1
34 859 1
34 861 1
34 868 1
34 899 1
35 88 1
35 140 1
35 495 1
35 642 1
35 692 1
35 786 1
35 814 1
35 891 1
36 189 1
36 680 1
37 43 1
37 66 1
37 83 1
37 88 1
37 133 1
37 184 1
37 259 1
37 331 1
37 344 1
37 359 1
37 405 1
37 481 1
37 509 1
37 523 1
37 550 1
37 615 1
37 690 1
37 730 1
37 813 1
37 831 1
38 53 1
38 165 1
38 296 1
38 303 1
38 531 1
38 810 1
38 843 1
39 57 1
39 86 1
39 114 1
39 116 1
39 117 1
39 122 1
39 125 1
39 130 1
39 142 1
39 159 1
39 165 1
39 217 1
39 252 1
39 268 1
39 283 1
39 309 1
39 325 1
39 327 1
39 349 1
39 463 1
39 508 1
39 551 1
39 572 1
39 584 1
39 591 1
39 592 1
39 626 1
39 638 1
39 661 1
39 662 1
39 668 1
39 694 1
39 700 1
39 718 1
39 737 1
39 751 1
39 771 1
39 773 1
39 827 1
39 836 1
39 844 1
39 864 1
39 872 1
40 42 1
40 46 1
40 56 1
40 70 1
40 75 1
40 82 1
40 83 1
40 84 1
40 85 1
40 100 1
40 149 1
40 172 1
40 189 1
40 190 1
40 195 1
40 249 1
40 310 1
40 313 1
40 339 1
40 353 1
40 456 1
40 477 1
40 480 1
40 485 1
40 524 1
40 629 1
40 644 1
40 686 1
40 687 1
40 720 1
41 51 1
41 67 1
41 75 1
41 78 1
41 105 1
41 130 1
41 204 1
41 258 1
41 278 1
41 302 1
41 308 1
41 335 1
41 433 1
41 464 1
41 549 1
41 625 1
41 726 1
42 50 1
42 51 1
42 76 1
42 94 1
42 369 1
42 394 1
42 404 1
42 428 1
42 511 1
42 571 1
42 630 1
42 691 1
43 44 1
43 69 1
43 82 1
43 93 1
43 96 1
43 116 1
43 181 1
43 192 1
43 204 1
43 298 1
43 386 1
43 389 1
43 446 1
43 449 1
43 476 1
43 539 1
43 649 1
43 719 1
44 64 1
44 107 1
44 124 1
44 139 1
44 144 1
44 172 1
44 221 1
44 251 1
44 329 1
44 348 1
44 350 1
44 410 1
44 512 1
44 539 1
44 770 1
45 70 1
45 106 1
45 112 1
45 122 1
45 123 1
45 144 1
45 146 1
45 163 1
45 166 1
45 179 1
45 200 1
45 224 1
45 237 1
45 244 1
45 337 1
45 377 1
45 378 1
45 395 1
45 484 1
45 492 1
45 530 1
45 540 1
45 722 1
45 781 1
45 807 1
45 840 1
45 843 1
46 47 1
46 72 1
46 109 1
46 171 1
46 181 1
46 216 1
46 320 1
46 351 1
46 361 1
46 444 1
46 602 1
46 656 1
46 657 1
46 788 1
46 866 1
46 888 1
47 58 1
47 72 1
47 120 1
47 325 1
47 340 1
47 485 1
47 779 1
48 90 1
48 121 1
48 135 1
48 300 1
48 819 1
48 846 1
49 53 1
49 58 1
49 92 1
49 94 1
49 99 1
49 113 1
49 141 1
49 142 1
49 148 1
49 180 1
49 189 1
49 249 1
49 251 1
49 260 1
49 310 1
49 311 1
49 336 1
49 379 1
49 427 1
49 448 1
49 489 1
49 525 1
49 574 1
49 758 1
49 771 1
49 850 1
49 899 1
50 75 1
50 97 1
50 107 1
50 118 1
50 123 1
50 132 1
50 160 1
50 177 1
50 185 1
50 213 1
50 291 1
50 357 1
50 453 1
50 527 1
50 619 1
50 638 1
50 705 1
50 710 1
50 857 1
50 900 1
51 60 1
51 147 1
51 151 1
51 152 1
51 173 1
51 196 1
51 198 1
51 224 1
51 231 1
51 272 1
51 281 1
51 294 1
51 302 1
51 376 1
51 386 1
51 403 1
51 528 1
51 583 1
51 597 1
51 648 1
51 660 1
51 683 1
51 808 1
51 854 1
51 863 1
51 864 1
51 865 1
51 867 1
52 68 1
52 69 1
52 110 1
52 122 1
52 162 1
52 169 1
52 188 1
52 195 1
52 206 1
52 218 1
52 220 1
52 231 1
52 279 1
52 280 1
52 324 1
52 326 1
52 328 1
52 356 1
52 409 1
52 424 1
52 456 1
52 469 1
52 471 1
52 498 1
52 505 1
52 633 1
52 668 1
52 676 1
52 717 1
52 767 1
52 803 1
52 874 1
53 57 1
53 133 1
53 159 1
53 201 1
53 355 1
53 727 1
53 732 1
53 867 1
54 56 1
54 89 1
54 92 1
54 252 1
54 262 1
54 297 1
54 551 1
54 770 1
55 62 1
55 87 1
55 112 1
55 199 1
55 566 1
55 571 1
56 128 1
56 351 1
56 642 1
56 699 1
56 729 1
57 154 1
57 170 1
57 219 1
57 247 1
57 251 1
57 288 1
57 305 1
57 492 1
57 574 1
57 684 1
57 695 1
57 712 1
57 771 1
58 59 1
58 101 1
58 118 1
58 197 1
58 306 1
58 312 1
58 368 1
58 377 1
58 390 1
58 445 1
58 458 1
58 594 1
58 604 1
58 633 1
58 683 1
58 744 1
58 761 1
58 775 1
58 800 1
58 806 1
58 847 1
58 853 1
58 855 1
58 876 1
59 118 1
59 167 1
59 177 1
59 254 1
59 309 1
59 435 1
59 451 1
59 532 1
59 578 1
59 852 1
59 857 1
60 69 1
60 73 1
60 163 1
60 175 1
60 208 1
60 264 1
60 295 1
60 306 1
60 490 1
60 655 1
60 673 1
60 685 1
60 740 1
60 806 1
60 883 1
60 889 1
61 127 1
61 163 1
61 183 1
62 193 1
62 413 1
63 752 1
63 855 1
65 79 1
65 115 1
65 166 1
65 267 1
65 299 1
65 346 1
65 359 1
65 394 1
65 400 1
65 408 1
65 424 1
65 443 1
65 480 1
65 496 1
65 500 1
65 556 1
65 606 1
65 750 1
65 760 1
65 835 1
65 870 1
65 888 1
66 84 1
66 111 1
66 127 1
66 184 1
66 186 1
66 199 1
66 223 1
66 416 1
66 475 1
66 514 1
66 714 1
66 808 1
66 885 1
67 80 1
67 95 1
67 97 1
67 113 1
67 126 1
67 221 1
67 269 1
67 283 1
67 395 1
67 489 1
67 526 1
67 553 1
67 567 1
67 774 1
67 878 1
68 128 1
68 287 1
68 569 1
68 600 1
68 627 1
68 708 1
68 772 1
68 796 1
68 861 1
69 79 1
69 293 1
69 621 1
69 645 1
69 783 1
69 802 1
70 95 1
70 113 1
70 421 1
70 889 1
71 91 1
71 94 1
71 131 1
71 159 1
71 240 1
71 286 1
71 404 1
71 430 1
71 601 1
71 667 1
71 727 1
72 89 1
72 137 1
72 180 1
72 713 1
73 170 1
73 171 1
73 308 1
73 387 1
73 392 1
73 415 1
73 565 1
73 582 1
73 768 1
74 81 1
74 196 1
74 207 1
74 226 1
74 255 1
74 284 1
74 311 1
74 368 1
74 394 1
74 450 1
74 490 1
74 784 1
75 78 1
75 104 1
75 143 1
75 199 1
75 279 1
75 296 1
75 355 1
75 408 1
75 413 1
75 557 1
75 568 1
75 738 1
75 746 1
75 834 1
75 892 1
76 177 1
76 355 1
76 761 1
76 796 1
76 871 1
77 98 1
77 117 1
77 147 1
77 158 1
77 190 1
77 229 1
77 281 1
77 282 1
77 307 1
77 316 1
77 326 1
77 373 1
77 484 1
77 617 1
77 722 1
77 816 1
77 848 1
77 870 1
77 871 1
78 85 1
78 88 1
78 101 1
78 104 1
78 106 1
78 111 1
78 127 1
78 148 1
78 161 1
78 169 1
78 178 1
78 193 1
78 197 1
78 212 1
78 232 1
78 250 1
78 256 1
78 263 1
78 288 1
78 303 1
78 316 1
78 335 1
78 373 1
78 377 1
78 392 1
78 412 1
78 428 1
78 434 1
78 487 1
78 503 1
78 562 1
78 691 1
78 701 1
78 750 1
78 764 1
78 792 1
78 817 1
78 858 1
78 877 1
79 361 1
79 451 1
80 85 1
80 107 1
80 115 1
80 124 1
80 206 1
80 211 1
80 430 1
80 510 1
80 521 1
80 581 1
80 590 1
80 643 1
80 786 1
80 804 1
80 845 1
80 869 1
81 136 1
81 138 1
81 285 1
81 317 1
81 362 1
81 517 1
81 545 1
81 836 1
81 874 1
82 91 1
82 125 1
82 199 1
82 202 1
82 230 1
82 304 1
82 443 1
82 483 1
82 504 1
82 546 1
82 654 1
82 750 1
82 756 1
83 86 1
83 142 1
83 146 1
83 149 1
83 252 1
83 262 1
83 268 1
83 289 1
83 361 1
83 506 1
83 552 1
83 728 1
83 842 1
83 893 1
83 895 1
84 208 1
84 388 1
84 516 1
84 766 1
85 146 1
85 220 1
85 848 1
86 133 1
86 261 1
86 334 1
86 380 1
86 512 1
86 547 1
86 577 1
86 721 1
86 847 1
87 95 1
87 112 1
87 131 1
87 134 1
87 219 1
87 245 1
87 281 1
87 291 1
87 382 1
87 440 1
87 475 1
87 492 1
87 556 1
87 590 1
87 616 1
87 620 1
87 689 1
87 715 1
87 766 1
87 844 1
87 895 1
88 101 1
88 401 1
88 603 1
89 103 1
89 217 1
89 242 1
89 319 1
89 330 1
89 372 1
89 659 1
89 677 1
89 702 1
89 731 1
89 738 1
89 767 1
89 898 1
91 132 1
91 186 1
91 366 1
91 402 1
91 422 1
91 594 1
91 597 1
91 747 1
91 816 1
92 106 1
92 187 1
92 325 1
92 372 1
92 486 1
92 508 1
92 805 1
93 97 1
93 99 1
93 201 1
93 243 1
93 628 1
93 679 1
93 768 1
94 351 1
95 109 1
95 125 1
95 200 1
95 210 1
95 305 1
95 310 1
95 325 1
95 339 1
95 403 1
95 415 1
95 481 1
95 500 1
95 520 1
95 688 1
95 794 1
95 799 1
96 97 1
96 111 1
96 250 1
96 441 1
96 452 1
96 521 1
96 683 1
96 687 1
96 761 1
96 819 1
97 114 1
97 259 1
97 306 1
97 347 1
97 366 1
97 778 1
98 134 1
98 144 1
98 156 1
98 273 1
98 332 1
98 550 1
98 795 1
98 835 1
99 137 1
99 232 1
99 241 1
99 383 1
99 427 1
99 495 1
99 672 1
99 897 1
100 250 1
100 312 1
100 314 1
100 344 1
100 418 1
100 519 1
100 605 1
100 639 1
101 232 1
101 318 1
101 437 1
101 542 1
101 573 1
101 580 1
101 724 1
101 747 1
101 791 1
102 132 1
102 148 1
102 195 1
102 269 1
102 321 1
102 365 1
102 416 1
102 478 1
102 494 1
102 497 1
102 781 1
102 885 1
103 141 1
103 209 1
103 222 1
103 269 1
103 585 1
103 832 1
104 201 1
104 438 1
104 747 1
105 174 1
105 201 1
105 368 1
105 708 1
106 136 1
106 169 1
106 307 1
106 421 1
106 470 1
106 569 1
106 754 1
106 790 1
106 824 1
106 879 1
107 162 1
107 212 1
107 393 1
107 794 1
108 114 1
108 180 1
108 191 1
108 203 1
108 205 1
108 257 1
108 260 1
108 285 1
108 304 1
108 317 1
108 322 1
108 329 1
108 360 1
108 464 1
108 494 1
108 602 1
108 796 1
108 797 1
109 116 1
109 168 1
109 220 1
109 235 1
109 277 1
109 407 1
109 512 1
109 548 1
109 564 1
109 637 1
110 118 1
110 152 1
110 156 1
110 188 1
110 191 1
110 365 1
110 495 1
110 599 1
110 754 1
110 831 1
111 314 1
111 315 1
111 350 1
111 413 1
111 452 1
111 537 1
111 595 1
111 669 1
111 842 1
112 157 1
112 179 1
112 391 1
112 490 1
112 557 1
112 664 1
112 830 1
113 197 1
114 123 1
114 217 1
114 625 1
114 759 1
115 126 1
115 155 1
115 204 1
115 213 1
115 217 1
115 239 1
115 312 1
115 354 1
115 450 1
115 478 1
115 482 1
115 680 1
115 870 1
116 184 1
116 203 1
116 258 1
116 389 1
116 461 1
116 477 1
116 536 1
116 741 1
117 129 1
117 140 1
117 146 1
117 155 1
117 206 1
117 723 1
117 852 1
118 390 1
118 413 1
118 481 1
118 504 1
119 248 1
119 337 1
119 663 1
119 753 1
119 784 1
120 133 1
120 169 1
120 170 1
120 202 1
120 315 1
120 426 1
120 595 1
120 672 1
120 881 1
120 898 1
121 129 1
121 147 1
121 149 1
121 188 1
121 222 1
121 235 1
121 261 1
121 276 1
121 293 1
121 296 1
121 344 1
121 406 1
121 475 1
121 686 1
121 720 1
122 161 1
122 210 1
122 403 1
122 471 1
122 554 1
122 587 1
122 815 1
122 843 1
123 300 1
123 319 1
123 537 1
123 597 1
123 733 1
123 798 1
123 834 1
124 167 1
124 181 1
124 499 1
124 588 1
124 601 1
124 883 1
125 195 1
125 234 1
125 334 1
125 403 1
125 408 1
125 509 1
125 583 1
125 728 1
126 138 1
126 145 1
126 211 1
126 225 1
126 238 1
126 243 1
126 262 1
126 270 1
126 272 1
126 374 1
126 380 1
126 396 1
126 452 1
126 469 1
126 554 1
126 620 1
126 664 1
126 752 1
126 821 1
126 897 1
127 205 1
127 490 1
127 718 1
128 160 1
128 174 1
128 183 1
128 244 1
128 331 1
128 495 1
128 502 1
128 521 1
128 710 1
128 860 1
129 272 1
129 482 1
129 546 1
129 612 1
129 619 1
129 897 1
129 899 1
130 137 1
130 330 1
130 419 1
130 438 1
130 479 1
130 686 1
130 690 1
130 728 1
131 134 1
131 219 1
131 301 1
131 356 1
131 540 1
131 593 1
131 721 1
131 744 1
132 161 1
132 172 1
132 238 1
132 345 1
132 347 1
132 382 1
132 402 1
132 456 1
132 469 1
132 527 1
132 549 1
132 575 1
132 615 1
133 182 1
133 405 1
133 529 1
133 822 1
134 136 1
134 144 1
134 168 1
134 185 1
134 206 1
134 233 1
134 265 1
134 296 1
134 322 1
134 343 1
134 345 1
134 348 1
134 390 1
134 426 1
134 437 1
134 449 1
134 458 1
134 493 1
134 515 1
134 627 1
134 633 1
134 661 1
134 669 1
134 739 1
135 481 1
136 482 1
136 528 1
136 818 1
137 171 1
137 174 1
137 459 1
137 535 1
137 722 1
138 140 1
138 198 1
138 215 1
138 216 1
138 221 1
138 222 1
138 329 1
138 339 1
138 417 1
138 529 1
138 545 1
138 593 1
139 194 1
139 559 1
139 633 1
140 541 1
140 634 1
141 251 1
141 304 1
141 406 1
141 678 1
141 702 1
141 741 1
141 839 1
142 458 1
142 801 1
143 229 1
143 275 1
143 464 1
144 257 1
144 396 1
144 513 1
144 711 1
145 164 1
145 380 1
146 211 1
146 226 1
146 265 1
146 279 1
146 357 1
146 441 1
146 479 1
146 497 1
146 567 1
146 641 1
146 647 1
146 701 1
146 780 1
146 898 1
147 198 1
147 247 1
147 313 1
147 318 1
147 358 1
147 388 1
147 418 1
147 423 1
147 473 1
147 491 1
147 555 1
147 852 1
147 855 1
148 524 1
148 554 1
148 695 1
148 867 1
149 218 1
149 373 1
149 439 1
149 525 1
149 615 1
150 202 1
150 245 1
150 404 1
150 707 1
151 167 1
151 327 1
151 357 1
151 468 1
151 568 1
151 582 1
151 607 1
151 635 1
152 158 1
152 177 1
152 196 1
152 209 1
152 218 1
152 227 1
152 353 1
152 457 1
152 573 1
152 810 1
152 875 1
153 274 1
153 310 1
153 515 1
154 182 1
154 187 1
154 227 1
154 366 1
154 417 1
154 494 1
154 556 1
154 687 1
154 804 1
155 157 1
155 221 1
155 233 1
155 275 1
155 292 1
155 307 1
155 312 1
155 326 1
155 381 1
155 397 1
155 399 1
155 618 1
155 630 1
155 777 1
155 815 1
155 828 1
157 187 1
157 223 1
157 258 1
157 626 1
157 666 1
157 676 1
157 857 1
158 191 1
158 200 1
158 222 1
158 318 1
158 489 1
158 538 1
158 586 1
158 723 1
158 763 1
158 874 1
159 166 1
159 183 1
159 186 1
159 263 1
159 323 1
159 380 1
159 442 1
159 591 1
159 674 1
159 779 1
159 805 1
159 840 1
159 854 1
160 278 1
160 635 1
160 782 1
161 184 1
162 332 1
162 378 1
162 417 1
162 434 1
163 196 1
163 387 1
163 619 1
163 686 1
164 205 1
164 338 1
164 507 1
164 643 1
164 752 1
164 881 1
165 284 1
165 295 1
165 598 1
165 658 1
166 192 1
166 230 1
166 237 1
166 421 1
166 487 1
166 500 1
166 581 1
166 637 1
166 858 1
168 233 1
168 309 1
168 670 1
169 204 1
169 228 1
169 253 1
169 407 1
169 624 1
169 647 1
169 804 1
170 256 1
170 431 1
170 567 1
170 588 1
170 714 1
171 233 1
171 338 1
171 446 1
171 544 1
171 693 1
171 701 1
171 794 1
171 893 1
172 249 1
172 253 1
172 486 1
172 498 1
172 635 1
172 754 1
173 364 1
173 383 1
173 816 1
174 256 1
174 278 1
174 338 1
174 340 1
174 361 1
174 372 1
174 643 1
175 681 1
175 807 1
176 569 1
177 292 1
177 674 1
177 806 1
178 246 1
178 297 1
178 764 1
178 839 1
179 194 1
179 491 1
179 694 1
179 868 1
180 186 1
180 225 1
180 226 1
180 266 1
180 275 1
180 294 1
180 333 1
180 354 1
180 453 1
181 292 1
182 257 1
182 285 1
182 323 1
182 342 1
182 363 1
182 374 1
182 521 1
182 560 1
182 573 1
183 228 1
183 472 1
184 461 1
184 536 1
184 565 1
184 621 1
184 873 1
185 271 1
185 277 1
185 298 1
185 399 1
185 414 1
186 469 1
186 755 1
187 405 1
187 425 1
187 439 1
187 509 1
187 548 1
187 593 1
187 650 1
187 697 1
187 777 1
187 812 1
187 866 1
188 240 1
188 261 1
188 341 1
188 370 1
188 412 1
188 461 1
188 476 1
188 600 1
188 648 1
188 678 1
188 684 1
189 240 1
189 891 1
190 699 1
191 652 1
191 688 1
191 696 1
192 223 1
192 264 1
192 267 1
192 381 1
192 551 1
192 594 1
192 646 1
193 241 1
193 378 1
193 462 1
193 782 1
194 291 1
194 447 1
194 639 1
195 700 1
197 214 1
197 215 1
197 326 1
197 384 1
197 414 1
197 416 1
197 420 1
197 427 1
197 485 1
197 499 1
197 561 1
197 610 1
197 678 1
197 735 1
197 746 1
197 789 1
197 808 1
197 845 1
197 880 1
198 339 1
198 369 1
198 721 1
198 765 1
200 314 1
200 805 1
201 232 1
201 239 1
201 241 1
202 214 1
202 293 1
202 355 1
202 422 1
202 614 1
202 626 1
202 791 1
202 854 1
203 234 1
203 260 1
203 270 1
203 364 1
203 425 1
203 581 1
203 878 1
204 214 1
204 274 1
204 290 1
204 463 1
204 559 1
205 237 1
205 505 1
207 274 1
207 534 1
207 695 1
208 385 1
208 465 1
208 502 1
208 566 1
208 606 1
208 769 1
208 773 1
208 849 1
209 370 1
209 393 1
209 605 1
210 277 1
210 693 1
210 833 1
211 418 1
212 520 1
212 544 1
212 682 1
212 747 1
213 239 1
213 345 1
213 375 1
213 470 1
214 224 1
214 411 1
214 435 1
214 565 1
214 603 1
214 640 1
214 698 1
214 795 1
215 455 1
215 882 1
216 573 1
217 376 1
217 450 1
217 530 1
217 746 1
217 759 1
217 862 1
218 287 1
218 294 1
218 510 1
218 652 1
218 795 1
219 436 1
219 455 1
219 494 1
219 833 1
220 533 1
220 635 1
220 818 1
221 753 1
222 224 1
222 259 1
222 396 1
222 467 1
222 522 1
222 530 1
222 579 1
222 648 1
222 708 1
222 793 1
223 234 1
223 274 1
223 298 1
223 438 1
223 501 1
223 587 1
223 745 1
224 867 1
225 236 1
225 285 1
225 321 1
225 358 1
225 401 1
225 439 1
225 541 1
225 628 1
225 664 1
225 670 1
225 744 1
225 879 1
226 294 1
226 472 1
226 631 1
227 243 1
227 378 1
228 278 1
228 476 1
228 564 1
228 589 1
228 645 1
228 757 1
228 798 1
228 850 1
229 410 1
229 684 1
229 809 1
230 550 1
230 576 1
230 760 1
231 550 1
231 566 1
232 351 1
233 432 1
233 682 1
233 707 1
233 751 1
234 415 1
234 572 1
234 606 1
235 246 1
235 290 1
235 680 1
236 447 1
236 449 1
236 828 1
237 305 1
237 336 1
238 284 1
238 338 1
238 436 1
238 834 1
239 254 1
239 356 1
239 505 1
239 786 1
239 892 1
240 275 1
240 347 1
240 411 1
240 457 1
240 577 1
240 715 1
240 730 1
240 806 1
241 644 1
241 719 1
241 735 1
242 280 1
242 322 1
242 340 1
242 440 1
242 462 1
242 483 1
242 585 1
242 673 1
242 678 1
243 335 1
243 460 1
243 614 1
243 738 1
244 332 1
245 317 1
245 318 1
245 343 1
245 350 1
245 443 1
245 589 1
245 660 1
245 665 1
245 729 1
246 666 1
247 255 1
247 280 1
247 583 1
247 742 1
247 785 1
248 459 1
248 757 1
249 518 1
250 367 1
250 398 1
250 577 1
250 710 1
250 742 1
250 746 1
250 819 1
251 346 1
251 594 1
251 656 1
251 689 1
252 367 1
252 385 1
252 496 1
252 535 1
253 302 1
253 592 1
253 890 1
255 374 1
255 584 1
255 877 1
256 282 1
257 382 1
257 410 1
257 535 1
258 263 1
258 279 1
258 742 1
259 407 1
259 514 1
259 537 1
259 784 1
259 894 1
260 306 1
260 308 1
260 454 1
260 774 1
260 861 1
261 439 1
261 476 1
262 334 1
263 292 1
263 459 1
263 532 1
263 586 1
263 726 1
263 742 1
263 778 1
263 792 1
263 890 1
264 741 1
265 473 1
265 608 1
265 615 1
265 650 1
265 702 1
265 876 1
266 437 1
267 527 1
267 697 1
268 316 1
268 372 1
268 527 1
268 701 1
269 288 1
269 514 1
269 585 1
270 704 1
271 301 1
271 706 1
271 830 1
271 838 1
271 894 1
272 418 1
273 300 1
274 599 1
275 283 1
275 430 1
275 465 1
275 507 1
275 568 1
275 671 1
275 752 1
275 862 1
276 525 1
277 356 1
277 575 1
277 718 1
279 386 1
279 387 1
279 651 1
280 348 1
280 422 1
280 454 1
280 474 1
280 611 1
280 656 1
282 631 1
282 707 1
282 779 1
282 787 1
282 822 1
283 286 1
283 330 1
283 502 1
283 578 1
283 609 1
283 723 1
284 360 1
284 606 1
284 617 1
284 705 1
285 432 1
285 436 1
285 458 1
285 558 1
285 655 1
286 333 1
286 420 1
286 725 1
286 829 1
287 349 1
288 363 1
288 409 1
288 579 1
289 405 1
289 523 1
289 609 1
289 618 1
289 760 1
289 900 1
290 417 1
291 435 1
291 646 1
292 346 1
292 353 1
292 367 1
292 377 1
292 387 1
292 459 1
292 529 1
292 552 1
292 630 1
292 734 1
292 848 1
292 849 1
293 320 1
293 350 1
293 423 1
293 442 1
293 725 1
293 807 1
294 371 1
294 397 1
294 437 1
294 449 1
294 493 1
294 560 1
294 738 1
295 662 1
296 299 1
296 354 1
296 389 1
296 441 1
296 445 1
296 546 1
296 813 1
296 888 1
297 421 1
297 613 1
297 681 1
297 745 1
297 820 1
298 404 1
298 603 1
298 610 1
298 657 1
298 691 1
298 776 1
299 385 1
299 625 1
300 343 1
300 370 1
300 537 1
300 658 1
300 675 1
301 500 1
301 511 1
301 516 1
301 586 1
301 739 1
301 873 1
302 466 1
303 451 1
303 688 1
304 320 1
305 309 1
305 384 1
306 375 1
306 414 1
306 584 1
306 604 1
306 690 1
307 467 1
307 646 1
307 661 1
308 774 1
309 813 1
310 572 1
311 558 1
312 345 1
312 510 1
312 515 1
312 692 1
312 769 1
312 815 1
313 388 1
314 375 1
314 632 1
314 703 1
314 800 1
315 649 1
315 828 1
316 365 1
316 576 1
316 639 1
317 473 1
318 362 1
318 401 1
318 538 1
320 341 1
321 373 1
321 553 1
321 563 1
321 675 1
321 850 1
322 443 1
322 493 1
322 862 1
323 560 1
323 881 1
324 448 1
324 530 1
324 584 1
325 393 1
325 428 1
325 674 1
325 739 1
326 623 1
326 871 1
327 739 1
327 826 1
328 336 1
328 420 1
328 424 1
328 447 1
328 480 1
328 755 1
328 800 1
328 874 1
329 385 1
329 636 1
329 677 1
329 736 1
329 838 1
329 879 1
330 461 1
330 492 1
330 498 1
330 599 1
331 363 1
332 728 1
333 534 1
333 716 1
335 357 1
335 697 1
335 814 1
337 363 1
337 419 1
337 531 1
337 692 1
337 726 1
338 451 1
339 642 1
339 732 1
340 460 1
340 628 1
340 837 1
341 442 1
341 457 1
341 540 1
341 650 1
342 646 1
344 611 1
344 768 1
345 607 1
345 781 1
346 659 1
346 841 1
347 383 1
347 440 1
347 501 1
347 659 1
347 820 1
349 369 1
349 444 1
349 851 1
350 431 1
350 466 1
350 598 1
350 880 1
351 415 1
351 427 1
351 430 1
351 570 1
351 587 1
352 623 1
352 696 1
352 886 1
353 837 1
355 468 1
355 647 1
356 389 1
356 505 1
358 598 1
358 756 1
358 765 1
359 576 1
361 664 1
361 705 1
363 837 1
364 699 1
365 384 1
365 474 1
365 561 1
365 704 1
366 399 1
366 455 1
366 529 1
366 647 1
366 797 1
367 569 1
368 733 1
368 880 1
369 432 1
369 532 1
369 641 1
369 840 1
372 567 1
372 715 1
373 466 1
373 566 1
374 608 1
375 471 1
376 486 1
376 516 1
377 393 1
377 562 1
377 727 1
378 689 1
379 889 1
383 570 1
383 576 1
383 666 1
384 423 1
384 487 1
384 553 1
384 572 1
384 582 1
384 621 1
384 671 1
384 681 1
385 515 1
386 431 1
386 540 1
386 590 1
386 696 1
387 434 1
388 547 1
388 831 1
389 471 1
389 587 1
389 620 1
390 717 1
390 853 1
391 522 1
392 409 1
392 480 1
392 749 1
394 400 1
394 450 1
394 479 1
394 543 1
394 625 1
395 488 1
395 613 1
395 896 1
397 406 1
397 444 1
397 483 1
397 513 1
397 717 1
397 809 1
398 457 1
398 483 1
398 513 1
398 533 1
398 596 1
398 877 1
399 509 1
399 511 1
399 716 1
399 770 1
400 677 1
400 882 1
401 670 1
404 416 1
404 468 1
404 601 1
404 878 1
405 429 1
405 478 1
405 604 1
405 713 1
405 740 1
406 444 1
408 531 1
408 750 1
409 520 1
410 539 1
410 632 1
410 707 1
411 477 1
411 488 1
411 579 1
411 859 1
414 502 1
414 597 1
414 634 1
414 645 1
415 885 1
416 420 1
416 465 1
417 659 1
418 466 1
418 856 1
419 541 1
419 734 1
420 722 1
420 779 1
420 803 1
420 829 1
421 454 1
421 508 1
421 629 1
422 748 1
422 812 1
423 599 1
424 655 1
425 438 1
425 799 1
425 878 1
426 622 1
426 639 1
428 621 1
428 691 1
429 434 1
429 636 1
429 688 1
430 517 1
430 862 1
431 783 1
432 532 1
432 549 1
433 743 1
435 821 1
436 440 1
436 785 1
436 868 1
437 472 1
437 559 1
437 713 1
437 893 1
440 868 1
441 604 1
441 632 1
441 780 1
441 869 1
442 823 1
444 501 1
444 870 1
445 518 1
445 531 1
446 463 1
446 690 1
446 773 1
447 497 1
447 602 1
447 669 1
447 705 1
447 740 1
448 460 1
449 514 1
449 571 1
449 627 1
449 679 1
449 733 1
449 797 1
450 651 1
451 555 1
451 578 1
451 709 1
451 844 1
452 543 1
455 872 1
456 517 1
456 672 1
458 496 1
458 670 1
458 839 1
459 552 1
460 892 1
464 817 1
465 605 1
465 787 1
466 536 1
467 516 1
470 636 1
470 667 1
470 683 1
470 736 1
471 636 1
473 580 1
473 610 1
473 616 1
473 693 1
473 776 1
473 783 1
473 810 1
473 871 1
474 561 1
474 665 1
475 601 1
475 634 1
475 731 1
479 657 1
479 776 1
479 890 1
483 519 1
484 596 1
485 506 1
485 653 1
485 684 1
486 706 1
487 557 1
488 698 1
489 676 1
490 741 1
491 551 1
491 732 1
492 574 1
492 673 1
492 712 1
493 588 1
493 873 1
495 543 1
497 781 1
498 523 1
499 508 1
500 766 1
500 807 1
500 849 1
501 523 1
501 886 1
505 712 1
506 776 1
507 525 1
507 685 1
507 719 1
507 880 1
508 561 1
508 609 1
508 618 1
508 652 1
508 751 1
508 811 1
509 546 1
510 614 1
510 724 1
512 616 1
513 535 1
513 793 1
515 757 1
516 627 1
517 518 1
517 749 1
517 821 1
517 888 1
518 583 1
518 737 1
519 640 1
519 718 1
520 591 1
521 545 1
521 762 1
522 827 1
522 829 1
522 835 1
523 622 1
523 649 1
523 734 1
524 542 1
524 778 1
525 533 1
525 743 1
525 770 1
526 612 1
527 554 1
528 549 1
528 602 1
528 803 1
532 578 1
532 876 1
534 716 1
535 611 1
539 631 1
540 835 1
540 884 1
540 894 1
541 672 1
541 758 1
543 622 1
543 887 1
544 634 1
544 876 1
545 709 1
547 611 1
547 689 1
547 692 1
547 826 1
548 563 1
549 823 1
549 882 1
550 581 1
550 605 1
550 651 1
550 884 1
550 893 1
553 574 1
553 748 1
553 795 1
553 842 1
555 603 1
556 709 1
556 762 1
556 840 1
557 737 1
561 613 1
561 657 1
561 665 1
561 740 1
561 790 1
562 712 1
563 846 1
564 723 1
564 772 1
565 851 1
567 575 1
569 616 1
569 726 1
569 884 1
569 887 1
570 637 1
570 771 1
570 802 1
571 889 1
575 811 1
578 653 1
578 706 1
581 654 1
581 675 1
581 753 1
581 869 1
584 630 1
584 793 1
585 850 1
586 632 1
590 762 1
592 831 1
595 827 1
597 679 1
597 765 1
599 643 1
599 721 1
601 699 1
602 681 1
603 719 1
603 751 1
603 846 1
605 799 1
605 884 1
606 638 1
611 736 1
611 786 1
612 642 1
612 875 1
613 637 1
613 847 1
617 857 1
620 799 1
621 864 1
622 877 1
625 775 1
627 651 1
627 700 1
630 793 1
630 818 1
630 882 1
631 725 1
635 825 1
637 733 1
638 764 1
639 735 1
639 841 1
640 800 1
642 714 1
645 676 1
648 772 1
651 765 1
652 660 1
652 769 1
655 777 1
655 801 1
659 782 1
660 687 1
663 673 1
665 730 1
666 854 1
667 730 1
670 703 1
670 839 1
671 875 1
672 757 1
672 758 1
675 796 1
675 873 1
678 891 1
679 736 1
682 787 1
684 773 1
684 899 1
689 817 1
691 711 1
693 885 1
694 804 1
695 849 1
696 787 1
696 832 1
699 809 1
701 763 1
702 801 1
706 789 1
706 858 1
706 859 1
710 783 1
721 822 1
723 891 1
725 729 1
730 768 1
732 865 1
734 792 1
734 894 1
735 887 1
736 766 1
736 785 1
737 778 1
744 825 1
745 785 1
746 758 1
749 818 1
750 760 1
750 836 1
754 802 1
759 856 1
762 790 1
770 838 1
780 792 1
786 863 1
789 808 1
797 801 1
798 826 1
800 841 1
801 830 1
802 841 1
806 896 1
810 872 1
812 856 1
813 814 1
814 847 1
828 865 1
829 844 1
829 845 1
830 853 1
833 890 1
854 863 1
855 860 1
862 863 1
862 866 1
864 887 1
865 895 1
867 879 1
