900 3583 
1 5 1
1 7 1
1 11 1
1 19 1
1 37 1
1 60 1
1 114 1
1 125 1
1 147 1
1 182 1
1 206 1
1 218 1
1 227 1
1 243 1
1 342 1
1 416 1
1 495 1
1 506 1
1 513 1
1 538 1
1 542 1
1 588 1
1 597 1
1 662 1
1 747 1
1 797 1
1 820 1
1 881 1
2 5 1
2 6 1
2 9 1
2 10 1
2 15 1
2 22 1
2 30 1
2 31 1
2 32 1
2 33 1
2 34 1
2 36 1
2 39 1
2 47 1
2 57 1
2 61 1
2 66 1
2 68 1
2 72 1
2 78 1
2 86 1
2 114 1
2 123 1
2 137 1
2 141 1
2 142 1
2 167 1
2 188 1
2 193 1
2 195 1
2 199 1
2 200 1
2 231 1
2 236 1
2 253 1
2 260 1
2 267 1
2 271 1
2 315 1
2 341 1
2 398 1
2 400 1
2 412 1
2 413 1
2 429 1
2 495 1
2 511 1
2 519 1
2 533 1
2 539 1
2 541 1
2 544 1
2 567 1
2 572 1
2 675 1
2 684 1
2 689 1
2 707 1
2 716 1
2 768 1
2 799 1
2 826 1
2 849 1
2 862 1
3 5 1
3 6 1
3 13 1
3 16 1
3 29 1
3 34 1
3 56 1
3 59 1
3 93 1
3 115 1
3 156 1
3 180 1
3 233 1
3 248 1
3 256 1
3 260 1
3 264 1
3 276 1
3 307 1
3 421 1
3 428 1
3 455 1
3 466 1
3 517 1
3 621 1
3 676 1
3 689 1
3 732 1
3 772 1
3 847 1
4 5 1
4 6 1
4 7 1
4 8 1
4 9 1
4 69 1
4 71 1
4 72 1
4 90 1
4 95 1
4 113 1
4 166 1
4 209 1
4 265 1
4 291 1
4 298 1
4 309 1
4 333 1
4 369 1
4 394 1
4 420 1
4 490 1
4 706 1
4 710 1
4 750 1
4 778 1
4 805 1
4 859 1
4 888 1
5 6 1
5 7 1
5 8 1
5 9 1
5 10 1
5 12 1
5 13 1
5 15 1
5 16 1
5 18 1
5 19 1
5 21 1
5 22 1
5 24 1
5 27 1
5 31 1
5 32 1
5 37 1
5 39 1
5 42 1
5 44 1
5 45 1
5 47 1
5 48 1
5 49 1
5 52 1
5 53 1
5 57 1
5 64 1
5 81 1
5 83 1
5 84 1
5 88 1
5 91 1
5 97 1
5 99 1
5 119 1
5 121 1
5 122 1
5 125 1
5 128 1
5 131 1
5 135 1
5 144 1
5 162 1
5 166 1
5 177 1
5 181 1
5 190 1
5 191 1
5 197 1
5 200 1
5 202 1
5 207 1
5 208 1
5 212 1
5 236 1
5 243 1
5 244 1
5 245 1
5 259 1
5 261 1
5 263 1
5 265 1
5 279 1
5 300 1
5 310 1
5 313 1
5 316 1
5 320 1
5 327 1
5 328 1
5 338 1
5 340 1
5 360 1
5 371 1
5 393 1
5 436 1
5 444 1
5 452 1
5 459 1
5 480 1
5 486 1
5 489 1
5 491 1
5 505 1
5 507 1
5 531 1
5 538 1
5 549 1
5 553 1
5 579 1
5 582 1
5 607 1
5 611 1
5 628 1
5 633 1
5 654 1
5 657 1
5 699 1
5 708 1
5 796 1
5 809 1
5 823 1
6 7 1
6 8 1
6 9 1
6 10 1
6 11 1
6 14 1
6 17 1
6 21 1
6 28 1
6 29 1
6 35 1
6 36 1
6 38 1
6 41 1
6 50 1
6 52 1
6 62 1
6 77 1
6 85 1
6 87 1
6 93 1
6 100 1
6 103 1
6 136 1
6 169 1
6 178 1
6 187 1
6 190 1
6 197 1
6 198 1
6 207 1
6 211 1
6 225 1
6 246 1
6 256 1
6 274 1
6 313 1
6 329 1
6 342 1
6 362 1
6 364 1
6 372 1
6 379 1
6 384 1
6 386 1
6 391 1
6 409 1
6 447 1
6 453 1
6 462 1
6 468 1
6 487 1
6 501 1
6 507 1
6 521 1
6 522 1
6 551 1
6 575 1
6 628 1
6 632 1
6 636 1
6 639 1
6 661 1
6 664 1
6 683 1
6 729 1
6 735 1
6 760 1
6 806 1
6 817 1
6 871 1
6 873 1
6 899 1
7 8 1
7 10 1
7 11 1
7 12 1
7 20 1
7 26 1
7 28 1
7 30 1
7 45 1
7 58 1
7 62 1
7 72 1
7 73 1
7 86 1
7 87 1
7 95 1
7 96 1
7 98 1
7 104 1
7 106 1
7 134 1
7 136 1
7 148 1
7 153 1
7 165 1
7 170 1
7 192 1
7 197 1
7 303 1
7 306 1
7 309 1
7 310 1
7 325 1
7 331 1
7 345 1
7 346 1
7 371 1
7 376 1
7 387 1
7 389 1
7 397 1
7 407 1
7 423 1
7 433 1
7 516 1
7 555 1
7 596 1
7 651 1
7 655 1
7 674 1
7 705 1
7 706 1
7 729 1
7 759 1
7 760 1
7 782 1
7 784 1
7 789 1
7 802 1
8 12 1
8 14 1
8 17 1
8 20 1
8 25 1
8 31 1
8 43 1
8 49 1
8 55 1
8 56 1
8 66 1
8 108 1
8 139 1
8 149 1
8 211 1
8 230 1
8 240 1
8 245 1
8 261 1
8 287 1
8 405 1
8 442 1
8 509 1
8 512 1
8 528 1
8 551 1
8 559 1
8 591 1
8 714 1
8 830 1
8 881 1
8 882 1
9 12 1
9 13 1
9 14 1
9 15 1
9 18 1
9 25 1
9 26 1
9 41 1
9 47 1
9 66 1
9 68 1
9 71 1
9 77 1
9 79 1
9 97 1
9 100 1
9 110 1
9 113 1
9 117 1
9 128 1
9 129 1
9 150 1
9 154 1
9 164 1
9 171 1
9 172 1
9 182 1
9 189 1
9 194 1
9 218 1
9 224 1
9 236 1
9 250 1
9 269 1
9 273 1
9 282 1
9 298 1
9 314 1
9 330 1
9 345 1
9 346 1
9 357 1
9 390 1
9 396 1
9 399 1
9 428 1
9 448 1
9 461 1
9 482 1
9 486 1
9 525 1
9 531 1
9 562 1
9 571 1
9 574 1
9 577 1
9 588 1
9 589 1
9 592 1
9 613 1
9 710 1
9 786 1
10 11 1
10 14 1
10 16 1
10 18 1
10 21 1
10 22 1
10 23 1
10 24 1
10 25 1
10 26 1
10 27 1
10 29 1
10 34 1
10 38 1
10 40 1
10 43 1
10 44 1
10 45 1
10 46 1
10 54 1
10 57 1
10 59 1
10 60 1
10 65 1
10 66 1
10 72 1
10 75 1
10 77 1
10 82 1
10 83 1
10 87 1
10 92 1
10 94 1
10 96 1
10 98 1
10 101 1
10 103 1
10 111 1
10 112 1
10 115 1
10 118 1
10 125 1
10 126 1
10 136 1
10 142 1
10 143 1
10 160 1
10 161 1
10 163 1
10 168 1
10 169 1
10 170 1
10 171 1
10 176 1
10 183 1
10 184 1
10 217 1
10 219 1
10 222 1
10 231 1
10 237 1
10 252 1
10 263 1
10 267 1
10 277 1
10 280 1
10 285 1
10 289 1
10 291 1
10 295 1
10 312 1
10 323 1
10 330 1
10 331 1
10 332 1
10 333 1
10 357 1
10 367 1
10 382 1
10 415 1
10 423 1
10 425 1
10 429 1
10 437 1
10 441 1
10 447 1
10 450 1
10 461 1
10 478 1
10 479 1
10 496 1
10 500 1
10 501 1
10 503 1
10 505 1
10 512 1
10 519 1
10 522 1
10 546 1
10 550 1
10 576 1
10 582 1
10 584 1
10 608 1
10 610 1
10 611 1
10 612 1
10 613 1
10 618 1
10 633 1
10 644 1
10 654 1
10 655 1
10 662 1
10 673 1
10 684 1
10 685 1
10 690 1
10 694 1
10 720 1
10 740 1
10 741 1
10 756 1
10 771 1
10 775 1
10 790 1
10 794 1
10 820 1
10 839 1
10 841 1
10 886 1
10 900 1
11 13 1
11 15 1
11 35 1
11 38 1
11 64 1
11 70 1
11 100 1
11 113 1
11 122 1
11 126 1
11 129 1
11 137 1
11 140 1
11 151 1
11 164 1
11 217 1
11 318 1
11 337 1
11 348 1
11 364 1
11 375 1
11 378 1
11 518 1
11 523 1
11 527 1
11 609 1
11 624 1
11 640 1
11 649 1
11 675 1
11 685 1
11 692 1
11 795 1
11 820 1
12 18 1
12 20 1
12 90 1
12 127 1
12 285 1
12 319 1
12 329 1
12 433 1
12 743 1
13 17 1
13 20 1
13 21 1
13 23 1
13 25 1
13 26 1
13 32 1
13 36 1
13 51 1
13 52 1
13 61 1
13 65 1
13 67 1
13 69 1
13 74 1
13 80 1
13 81 1
13 109 1
13 112 1
13 118 1
13 124 1
13 133 1
13 139 1
13 141 1
13 144 1
13 152 1
13 183 1
13 202 1
13 231 1
13 247 1
13 249 1
13 254 1
13 280 1
13 282 1
13 300 1
13 311 1
13 344 1
13 347 1
13 372 1
13 391 1
13 401 1
13 402 1
13 418 1
13 517 1
13 530 1
13 531 1
13 556 1
13 557 1
13 561 1
13 587 1
13 655 1
13 665 1
13 718 1
13 724 1
13 769 1
13 774 1
13 822 1
13 837 1
14 17 1
14 19 1
14 22 1
14 27 1
14 33 1
14 40 1
14 45 1
14 48 1
14 61 1
14 75 1
14 107 1
14 179 1
14 181 1
14 184 1
14 203 1
14 261 1
14 269 1
14 300 1
14 366 1
14 368 1
14 374 1
14 389 1
14 399 1
14 434 1
14 461 1
14 486 1
14 496 1
14 593 1
14 672 1
14 683 1
14 687 1
14 810 1
14 854 1
15 16 1
15 19 1
15 30 1
15 33 1
15 35 1
15 42 1
15 54 1
15 73 1
15 76 1
15 93 1
15 95 1
15 97 1
15 116 1
15 121 1
15 131 1
15 138 1
15 140 1
15 149 1
15 153 1
15 155 1
15 195 1
15 204 1
15 209 1
15 251 1
15 269 1
15 286 1
15 294 1
15 305 1
15 311 1
15 331 1
15 345 1
15 354 1
15 375 1
15 404 1
15 409 1
15 417 1
15 525 1
15 548 1
15 632 1
15 635 1
15 652 1
15 666 1
15 670 1
15 698 1
15 711 1
15 721 1
15 726 1
15 761 1
15 771 1
15 805 1
15 887 1
16 27 1
16 37 1
16 52 1
16 120 1
16 154 1
16 199 1
16 217 1
16 221 1
16 252 1
16 268 1
16 295 1
16 368 1
16 454 1
16 541 1
16 554 1
16 651 1
16 720 1
16 794 1
16 863 1
16 890 1
16 896 1
17 39 1
17 79 1
17 104 1
17 162 1
17 221 1
17 270 1
17 365 1
17 373 1
17 526 1
17 591 1
18 50 1
18 56 1
18 118 1
18 133 1
18 138 1
18 151 1
18 398 1
18 405 1
18 425 1
18 615 1
18 642 1
18 774 1
19 35 1
19 40 1
19 46 1
19 60 1
19 63 1
19 75 1
19 98 1
19 101 1
19 102 1
19 104 1
19 109 1
19 129 1
19 187 1
19 190 1
19 208 1
19 242 1
19 255 1
19 274 1
19 338 1
19 425 1
19 522 1
19 580 1
19 594 1
19 724 1
19 858 1
19 871 1
19 897 1
20 23 1
20 24 1
20 28 1
20 32 1
20 53 1
20 58 1
20 64 1
20 80 1
20 99 1
20 151 1
20 163 1
20 165 1
20 205 1
20 249 1
20 315 1
20 323 1
20 336 1
20 371 1
20 377 1
20 406 1
20 432 1
20 493 1
20 658 1
20 680 1
20 734 1
20 755 1
20 872 1
20 874 1
21 29 1
21 43 1
21 149 1
21 303 1
21 352 1
21 362 1
21 391 1
21 469 1
21 552 1
21 608 1
21 615 1
21 660 1
21 687 1
21 783 1
21 792 1
21 890 1
22 23 1
22 84 1
22 119 1
22 239 1
22 253 1
22 264 1
22 303 1
22 307 1
22 339 1
22 556 1
22 648 1
22 742 1
23 24 1
23 31 1
23 67 1
23 79 1
23 85 1
23 147 1
23 157 1
23 167 1
23 239 1
23 297 1
23 344 1
23 355 1
23 413 1
23 459 1
23 469 1
23 534 1
23 543 1
23 663 1
23 713 1
23 733 1
23 757 1
23 778 1
24 28 1
24 41 1
24 46 1
24 68 1
24 70 1
24 108 1
24 112 1
24 131 1
24 140 1
24 145 1
24 150 1
24 210 1
24 224 1
24 272 1
24 328 1
24 347 1
24 349 1
24 351 1
24 380 1
24 408 1
24 447 1
24 559 1
24 621 1
24 696 1
24 754 1
24 791 1
24 818 1
24 834 1
24 841 1
24 846 1
24 855 1
24 861 1
25 34 1
25 42 1
25 46 1
25 50 1
25 99 1
25 133 1
25 159 1
25 166 1
25 172 1
25 212 1
25 252 1
25 318 1
25 354 1
25 430 1
25 510 1
25 536 1
25 557 1
25 577 1
25 622 1
26 47 1
26 53 1
26 55 1
26 67 1
26 71 1
26 94 1
26 101 1
26 104 1
26 106 1
26 109 1
26 139 1
26 156 1
26 157 1
26 158 1
26 159 1
26 174 1
26 182 1
26 198 1
26 220 1
26 284 1
26 305 1
26 337 1
26 356 1
26 370 1
26 417 1
26 471 1
26 500 1
26 540 1
26 541 1
26 615 1
26 737 1
26 739 1
26 769 1
26 783 1
26 787 1
26 878 1
27 51 1
27 63 1
27 73 1
27 122 1
27 140 1
27 141 1
27 160 1
27 367 1
27 376 1
27 431 1
27 451 1
27 475 1
27 530 1
27 540 1
27 549 1
27 605 1
27 716 1
27 727 1
27 804 1
28 30 1
28 43 1
28 49 1
28 62 1
28 74 1
28 103 1
28 154 1
28 210 1
28 221 1
28 250 1
28 311 1
28 320 1
28 377 1
28 380 1
28 439 1
28 614 1
28 641 1
28 731 1
28 746 1
28 768 1
28 813 1
28 832 1
28 883 1
29 41 1
29 51 1
29 85 1
29 99 1
29 102 1
29 103 1
29 108 1
29 116 1
29 130 1
29 138 1
29 175 1
29 178 1
29 195 1
29 323 1
29 325 1
29 365 1
29 379 1
29 381 1
29 403 1
29 429 1
29 493 1
29 515 1
29 537 1
29 548 1
29 560 1
29 639 1
29 766 1
29 871 1
30 40 1
30 54 1
30 56 1
30 60 1
30 88 1
30 189 1
30 213 1
30 216 1
30 281 1
30 290 1
30 382 1
30 568 1
30 598 1
30 675 1
30 723 1
30 735 1
31 59 1
31 78 1
31 174 1
31 200 1
31 226 1
31 250 1
31 482 1
31 589 1
31 725 1
31 749 1
31 830 1
32 33 1
32 36 1
32 37 1
32 48 1
32 53 1
32 68 1
32 75 1
32 82 1
32 89 1
32 95 1
32 105 1
32 110 1
32 111 1
32 124 1
32 163 1
32 178 1
32 191 1
32 198 1
32 209 1
32 210 1
32 233 1
32 296 1
32 321 1
32 353 1
32 434 1
32 467 1
32 504 1
32 578 1
32 592 1
32 668 1
32 856 1
33 38 1
33 39 1
33 42 1
33 44 1
33 54 1
33 63 1
33 70 1
33 76 1
33 84 1
33 87 1
33 93 1
33 96 1
33 97 1
33 107 1
33 109 1
33 113 1
33 120 1
33 125 1
33 143 1
33 146 1
33 149 1
33 153 1
33 157 1
33 174 1
33 185 1
33 187 1
33 194 1
33 215 1
33 227 1
33 241 1
33 281 1
33 283 1
33 286 1
33 287 1
33 299 1
33 318 1
33 324 1
33 336 1
33 399 1
33 492 1
33 585 1
33 637 1
33 653 1
33 677 1
33 743 1
33 797 1
33 813 1
33 876 1
34 82 1
34 100 1
34 273 1
34 426 1
34 590 1
34 645 1
35 61 1
35 91 1
35 227 1
35 265 1
35 312 1
35 428 1
36 67 1
36 81 1
36 148 1
36 155 1
36 186 1
36 212 1
36 228 1
36 251 1
36 283 1
36 308 1
36 335 1
36 357 1
36 393 1
36 514 1
36 790 1
36 833 1
37 69 1
37 105 1
37 114 1
37 152 1
37 180 1
37 237 1
37 239 1
37 316 1
37 503 1
37 663 1
37 761 1
37 829 1
38 50 1
38 58 1
38 85 1
38 147 1
38 218 1
38 292 1
38 410 1
38 489 1
38 601 1
38 669 1
38 710 1
38 802 1
38 879 1
39 48 1
39 142 1
39 227 1
39 271 1
39 645 1
40 44 1
40 63 1
40 71 1
40 83 1
40 91 1
40 127 1
40 128 1
40 172 1
40 186 1
40 192 1
40 201 1
40 382 1
40 422 1
40 435 1
40 494 1
40 559 1
40 636 1
40 704 1
40 732 1
40 738 1
40 891 1
41 74 1
41 105 1
41 106 1
41 131 1
41 202 1
41 229 1
41 245 1
41 275 1
41 319 1
41 329 1
41 330 1
41 390 1
41 484 1
41 563 1
41 683 1
41 738 1
41 806 1
41 828 1
42 51 1
42 81 1
42 90 1
42 155 1
42 158 1
42 186 1
42 212 1
42 243 1
42 356 1
42 362 1
42 711 1
43 62 1
43 84 1
43 88 1
43 92 1
43 123 1
43 126 1
43 173 1
43 234 1
43 245 1
43 296 1
43 341 1
43 561 1
43 574 1
43 614 1
43 677 1
43 697 1
43 705 1
43 717 1
43 830 1
44 49 1
44 73 1
44 132 1
44 142 1
44 187 1
44 204 1
44 335 1
44 392 1
44 575 1
44 745 1
44 833 1
45 101 1
45 329 1
45 400 1
45 491 1
45 568 1
45 573 1
45 744 1
45 754 1
45 846 1
46 242 1
46 268 1
46 624 1
46 781 1
47 292 1
47 314 1
47 380 1
47 413 1
47 527 1
47 787 1
47 790 1
47 791 1
47 899 1
48 76 1
48 86 1
48 132 1
48 184 1
48 246 1
48 355 1
48 378 1
48 571 1
48 602 1
48 697 1
49 285 1
49 407 1
49 570 1
49 882 1
50 92 1
50 156 1
50 201 1
50 206 1
50 220 1
50 298 1
50 327 1
50 361 1
50 371 1
50 437 1
50 460 1
50 463 1
50 485 1
50 600 1
50 680 1
50 740 1
50 746 1
50 837 1
51 55 1
51 58 1
51 360 1
51 378 1
51 536 1
52 65 1
52 457 1
52 514 1
52 751 1
52 777 1
53 90 1
53 92 1
53 135 1
53 185 1
53 229 1
53 238 1
53 277 1
53 306 1
53 352 1
53 409 1
53 436 1
53 477 1
53 534 1
53 622 1
53 656 1
53 666 1
53 741 1
53 762 1
53 786 1
53 845 1
54 55 1
54 64 1
54 153 1
54 161 1
54 193 1
54 215 1
54 225 1
54 290 1
54 323 1
54 424 1
54 426 1
54 434 1
54 470 1
54 480 1
54 526 1
54 578 1
54 625 1
54 671 1
54 722 1
54 822 1
54 823 1
54 868 1
54 877 1
54 879 1
55 57 1
55 59 1
55 135 1
55 177 1
55 204 1
55 211 1
55 255 1
55 524 1
55 698 1
55 760 1
55 768 1
55 849 1
56 70 1
56 89 1
56 115 1
56 117 1
56 134 1
56 135 1
56 159 1
56 160 1
56 170 1
56 203 1
56 205 1
56 251 1
56 291 1
56 306 1
56 355 1
56 373 1
56 407 1
56 464 1
56 498 1
56 504 1
56 509 1
56 534 1
56 547 1
56 560 1
56 579 1
56 607 1
56 646 1
56 706 1
56 707 1
56 823 1
56 831 1
56 858 1
56 880 1
57 69 1
57 76 1
57 77 1
57 110 1
57 128 1
57 194 1
57 196 1
57 201 1
57 266 1
57 268 1
57 286 1
57 305 1
57 342 1
57 356 1
57 358 1
57 427 1
57 451 1
57 481 1
57 548 1
57 569 1
57 640 1
57 645 1
57 736 1
57 744 1
57 887 1
58 80 1
58 94 1
58 111 1
58 114 1
58 116 1
58 134 1
58 296 1
58 317 1
58 319 1
58 392 1
58 452 1
58 680 1
58 763 1
58 764 1
59 130 1
59 206 1
59 226 1
59 257 1
59 272 1
59 406 1
59 597 1
59 894 1
60 145 1
60 319 1
60 748 1
60 770 1
60 804 1
60 838 1
60 873 1
60 896 1
61 139 1
61 181 1
61 210 1
61 235 1
61 237 1
61 283 1
61 290 1
61 305 1
61 461 1
61 511 1
61 586 1
61 588 1
61 729 1
61 791 1
62 74 1
62 89 1
62 112 1
62 246 1
62 339 1
62 613 1
62 682 1
62 745 1
62 748 1
62 858 1
63 124 1
63 146 1
63 353 1
63 458 1
63 553 1
63 566 1
63 583 1
63 758 1
63 879 1
64 65 1
64 82 1
64 117 1
64 146 1
64 173 1
64 179 1
64 202 1
64 437 1
64 650 1
64 660 1
64 668 1
64 726 1
65 78 1
65 173 1
65 220 1
65 388 1
65 509 1
65 612 1
65 622 1
65 670 1
65 723 1
65 780 1
65 801 1
65 818 1
65 875 1
66 513 1
66 525 1
67 78 1
67 102 1
67 120 1
67 144 1
67 308 1
67 465 1
67 484 1
67 516 1
67 544 1
67 551 1
67 609 1
67 623 1
67 667 1
68 129 1
68 132 1
68 144 1
68 165 1
68 181 1
68 401 1
68 484 1
68 514 1
68 536 1
68 658 1
68 748 1
69 137 1
69 138 1
69 266 1
69 282 1
69 299 1
69 478 1
69 511 1
69 548 1
69 550 1
69 624 1
69 819 1
70 132 1
70 248 1
70 300 1
70 381 1
70 562 1
70 664 1
70 691 1
70 706 1
70 779 1
70 810 1
71 83 1
71 98 1
71 120 1
71 156 1
71 176 1
71 188 1
71 193 1
71 205 1
71 226 1
71 264 1
71 284 1
71 345 1
71 368 1
71 394 1
71 414 1
71 454 1
71 465 1
71 621 1
71 648 1
71 658 1
71 718 1
72 80 1
72 155 1
72 175 1
72 248 1
72 285 1
72 301 1
72 310 1
72 334 1
72 344 1
72 349 1
72 366 1
72 367 1
72 375 1
72 566 1
72 617 1
72 633 1
72 890 1
73 130 1
73 234 1
73 252 1
73 270 1
73 302 1
73 360 1
73 425 1
73 554 1
73 627 1
73 671 1
74 215 1
74 217 1
75 118 1
75 185 1
75 188 1
75 308 1
75 351 1
75 353 1
75 379 1
75 396 1
75 470 1
76 79 1
76 89 1
76 146 1
76 167 1
76 196 1
76 267 1
76 338 1
76 406 1
76 476 1
76 508 1
76 552 1
76 569 1
76 573 1
76 591 1
76 661 1
76 803 1
76 828 1
77 86 1
77 106 1
77 127 1
77 179 1
77 385 1
77 408 1
77 422 1
77 424 1
77 457 1
77 462 1
77 545 1
77 750 1
78 110 1
78 116 1
78 123 1
78 191 1
78 224 1
78 331 1
78 424 1
78 477 1
78 659 1
78 684 1
78 735 1
78 756 1
78 851 1
78 878 1
79 130 1
79 213 1
79 216 1
79 334 1
79 388 1
79 614 1
79 686 1
79 855 1
80 107 1
80 119 1
80 385 1
80 452 1
80 499 1
80 885 1
81 253 1
81 254 1
81 414 1
81 424 1
81 642 1
81 715 1
81 859 1
82 88 1
82 91 1
82 167 1
82 302 1
82 596 1
83 96 1
83 263 1
83 415 1
83 446 1
83 478 1
83 698 1
84 176 1
84 209 1
84 233 1
84 276 1
84 287 1
84 352 1
84 412 1
84 515 1
84 561 1
84 604 1
84 609 1
84 758 1
84 762 1
84 793 1
84 837 1
84 857 1
84 872 1
85 108 1
85 152 1
85 179 1
85 226 1
85 275 1
85 358 1
85 385 1
85 418 1
85 528 1
85 606 1
85 625 1
85 652 1
85 767 1
85 796 1
86 102 1
86 407 1
86 685 1
87 251 1
87 269 1
87 472 1
87 524 1
88 257 1
88 302 1
88 325 1
88 396 1
88 492 1
88 776 1
88 787 1
89 335 1
89 629 1
89 782 1
89 824 1
90 361 1
90 400 1
90 566 1
90 588 1
90 600 1
90 810 1
91 223 1
91 247 1
91 254 1
91 293 1
91 446 1
91 857 1
92 206 1
92 462 1
92 488 1
92 570 1
92 583 1
92 744 1
93 94 1
93 117 1
93 222 1
93 242 1
93 314 1
93 708 1
93 800 1
93 819 1
93 850 1
94 115 1
94 127 1
94 196 1
94 208 1
94 288 1
94 420 1
94 456 1
94 554 1
94 565 1
94 572 1
94 764 1
94 835 1
94 850 1
95 123 1
95 151 1
95 388 1
95 490 1
95 571 1
95 572 1
95 623 1
95 715 1
96 152 1
96 162 1
96 183 1
96 203 1
96 229 1
96 566 1
96 643 1
96 668 1
97 133 1
97 220 1
97 638 1
97 695 1
97 786 1
97 814 1
97 824 1
97 869 1
98 174 1
98 350 1
98 532 1
98 758 1
98 788 1
98 860 1
100 111 1
100 137 1
100 145 1
100 168 1
100 171 1
100 201 1
100 203 1
100 225 1
100 232 1
100 240 1
100 263 1
100 313 1
100 326 1
100 347 1
100 359 1
100 374 1
100 383 1
100 467 1
100 483 1
100 495 1
100 502 1
100 513 1
100 521 1
100 656 1
100 728 1
100 827 1
101 189 1
101 200 1
101 283 1
101 387 1
101 592 1
101 749 1
101 781 1
101 785 1
101 794 1
101 815 1
101 887 1
102 105 1
102 107 1
102 216 1
102 320 1
102 456 1
102 460 1
103 121 1
103 171 1
103 237 1
103 294 1
103 364 1
103 419 1
103 464 1
103 486 1
103 507 1
103 658 1
103 770 1
104 364 1
104 599 1
105 121 1
105 161 1
105 175 1
105 180 1
105 214 1
105 348 1
105 396 1
105 438 1
105 444 1
105 485 1
105 524 1
105 535 1
105 544 1
105 810 1
105 850 1
106 165 1
106 422 1
106 595 1
106 866 1
107 126 1
107 168 1
107 175 1
107 182 1
107 395 1
107 700 1
108 150 1
108 190 1
108 357 1
108 704 1
109 119 1
109 158 1
109 159 1
109 169 1
109 183 1
109 257 1
109 277 1
109 307 1
109 347 1
109 363 1
109 401 1
109 430 1
109 481 1
109 488 1
109 537 1
109 629 1
109 689 1
109 736 1
109 741 1
109 863 1
110 327 1
110 477 1
110 582 1
110 723 1
110 811 1
111 294 1
111 343 1
111 531 1
111 802 1
111 892 1
111 893 1
112 279 1
112 417 1
112 603 1
112 612 1
113 213 1
113 265 1
113 408 1
113 426 1
113 458 1
113 479 1
113 503 1
113 508 1
113 674 1
113 750 1
113 865 1
114 218 1
114 244 1
114 250 1
114 316 1
114 490 1
114 599 1
114 634 1
114 653 1
114 672 1
114 709 1
114 720 1
114 733 1
114 772 1
114 812 1
114 849 1
114 867 1
115 122 1
115 196 1
115 253 1
115 259 1
115 304 1
115 389 1
115 458 1
115 498 1
115 514 1
115 520 1
115 535 1
115 583 1
115 752 1
115 842 1
116 166 1
116 214 1
116 235 1
116 349 1
116 416 1
116 475 1
116 546 1
116 721 1
116 730 1
116 742 1
116 878 1
117 143 1
117 193 1
117 223 1
117 365 1
117 460 1
117 463 1
117 483 1
117 510 1
117 545 1
117 639 1
117 705 1
118 124 1
118 288 1
118 338 1
118 421 1
118 719 1
118 726 1
118 792 1
118 821 1
118 874 1
118 892 1
119 186 1
119 240 1
119 274 1
119 288 1
119 441 1
119 521 1
119 607 1
119 665 1
120 143 1
120 229 1
121 199 1
121 267 1
121 523 1
121 641 1
121 770 1
122 238 1
122 266 1
122 328 1
122 341 1
122 362 1
122 366 1
122 374 1
122 537 1
122 560 1
122 617 1
122 647 1
122 715 1
122 745 1
122 823 1
122 826 1
122 884 1
123 148 1
123 262 1
123 650 1
124 197 1
124 214 1
124 550 1
124 578 1
124 594 1
124 602 1
124 696 1
124 774 1
124 814 1
124 854 1
125 154 1
125 157 1
125 208 1
125 255 1
125 326 1
125 343 1
125 363 1
125 431 1
125 495 1
125 618 1
126 246 1
126 302 1
126 344 1
126 472 1
126 585 1
126 801 1
126 833 1
126 839 1
127 184 1
127 219 1
127 456 1
127 459 1
127 501 1
127 652 1
127 687 1
127 719 1
127 816 1
128 136 1
129 601 1
129 764 1
129 795 1
129 864 1
129 883 1
130 134 1
130 297 1
130 303 1
130 322 1
130 686 1
130 886 1
131 589 1
131 772 1
132 224 1
132 335 1
132 351 1
132 365 1
132 412 1
132 484 1
132 619 1
132 667 1
133 148 1
133 262 1
133 430 1
133 565 1
133 638 1
133 804 1
134 145 1
134 337 1
134 369 1
135 172 1
135 177 1
135 185 1
135 222 1
135 284 1
135 289 1
135 292 1
135 339 1
135 381 1
135 383 1
135 460 1
135 463 1
135 473 1
135 512 1
135 532 1
135 622 1
135 643 1
135 655 1
135 660 1
135 815 1
135 837 1
136 233 1
136 258 1
136 512 1
136 522 1
136 544 1
137 141 1
138 147 1
138 158 1
138 221 1
138 317 1
138 556 1
138 683 1
139 598 1
140 173 1
140 192 1
140 318 1
140 384 1
140 397 1
140 519 1
140 549 1
140 775 1
140 777 1
141 178 1
141 359 1
141 411 1
141 560 1
141 670 1
141 866 1
142 207 1
142 414 1
142 644 1
142 781 1
143 900 1
144 377 1
144 543 1
145 337 1
146 150 1
146 164 1
146 168 1
146 199 1
146 264 1
146 315 1
146 664 1
146 665 1
147 235 1
147 256 1
147 290 1
147 403 1
147 473 1
147 542 1
147 546 1
147 672 1
147 681 1
148 160 1
148 162 1
148 163 1
148 292 1
148 297 1
148 334 1
148 348 1
148 355 1
148 388 1
148 394 1
148 399 1
148 404 1
148 405 1
148 475 1
148 529 1
148 536 1
148 602 1
148 607 1
148 610 1
148 626 1
148 730 1
148 799 1
148 825 1
148 892 1
148 894 1
149 238 1
149 287 1
149 316 1
149 317 1
149 454 1
149 471 1
149 487 1
149 540 1
149 552 1
149 573 1
149 668 1
149 865 1
149 891 1
150 373 1
150 443 1
150 462 1
150 649 1
151 195 1
151 243 1
151 247 1
151 272 1
151 404 1
151 473 1
151 705 1
151 737 1
151 890 1
151 894 1
152 231 1
152 473 1
152 506 1
152 517 1
152 646 1
152 753 1
152 773 1
153 170 1
153 188 1
153 677 1
153 722 1
154 176 1
154 254 1
154 286 1
154 354 1
154 363 1
154 415 1
154 699 1
154 704 1
155 438 1
155 523 1
155 862 1
156 161 1
156 180 1
156 219 1
156 239 1
156 350 1
156 453 1
156 466 1
156 577 1
157 164 1
157 324 1
157 416 1
157 594 1
157 749 1
158 261 1
158 556 1
159 307 1
159 647 1
159 694 1
159 798 1
160 482 1
160 788 1
161 194 1
161 214 1
161 230 1
161 232 1
161 244 1
161 262 1
161 326 1
161 370 1
161 496 1
161 598 1
161 784 1
161 852 1
162 204 1
162 466 1
162 745 1
162 828 1
163 284 1
163 333 1
163 454 1
163 533 1
163 539 1
163 739 1
163 799 1
164 169 1
164 192 1
164 225 1
164 248 1
164 271 1
164 289 1
164 515 1
164 562 1
164 757 1
164 822 1
164 885 1
165 453 1
165 505 1
165 603 1
167 882 1
168 324 1
170 191 1
170 259 1
170 309 1
170 412 1
170 491 1
170 570 1
170 605 1
170 692 1
170 722 1
170 867 1
171 177 1
171 216 1
171 487 1
171 502 1
172 241 1
172 485 1
172 510 1
172 694 1
172 875 1
173 317 1
173 397 1
173 438 1
173 468 1
173 480 1
173 508 1
173 630 1
173 690 1
173 766 1
173 809 1
174 211 1
174 449 1
174 464 1
174 842 1
175 697 1
176 321 1
176 367 1
176 387 1
176 708 1
177 257 1
177 597 1
178 278 1
178 761 1
179 219 1
179 230 1
179 234 1
179 244 1
179 278 1
179 279 1
179 402 1
179 418 1
179 440 1
179 537 1
179 624 1
179 649 1
179 693 1
180 230 1
180 441 1
180 549 1
180 575 1
180 704 1
181 235 1
181 255 1
181 351 1
181 368 1
181 440 1
181 507 1
181 525 1
181 563 1
182 332 1
182 360 1
182 547 1
182 839 1
183 241 1
183 401 1
184 574 1
184 819 1
184 821 1
185 189 1
185 301 1
185 489 1
185 844 1
186 215 1
186 228 1
186 260 1
186 332 1
186 411 1
186 441 1
186 644 1
186 657 1
186 780 1
186 783 1
187 421 1
187 456 1
187 584 1
188 315 1
188 432 1
188 516 1
188 623 1
188 669 1
189 321 1
189 322 1
189 443 1
189 659 1
190 293 1
191 833 1
192 258 1
192 304 1
192 691 1
192 779 1
192 845 1
193 258 1
193 681 1
194 325 1
194 350 1
194 408 1
194 520 1
194 817 1
194 867 1
195 420 1
195 564 1
196 198 1
196 205 1
196 289 1
196 427 1
196 535 1
196 643 1
196 713 1
196 729 1
197 271 1
197 792 1
198 306 1
198 418 1
199 207 1
199 213 1
199 232 1
199 274 1
199 356 1
199 393 1
199 513 1
200 242 1
200 606 1
200 840 1
201 228 1
201 431 1
201 475 1
201 502 1
202 330 1
202 340 1
202 369 1
202 451 1
202 776 1
203 232 1
203 455 1
203 497 1
203 611 1
203 634 1
203 656 1
203 673 1
203 678 1
203 689 1
203 748 1
203 780 1
203 791 1
203 813 1
203 839 1
204 400 1
204 431 1
204 604 1
204 654 1
204 657 1
205 258 1
205 282 1
205 468 1
205 551 1
205 600 1
206 275 1
206 564 1
206 725 1
207 270 1
207 340 1
208 281 1
208 288 1
208 429 1
208 439 1
208 443 1
208 807 1
208 821 1
209 336 1
209 430 1
209 450 1
210 592 1
210 808 1
211 222 1
211 223 1
211 249 1
211 326 1
211 361 1
211 386 1
211 392 1
211 465 1
211 497 1
211 521 1
211 638 1
211 813 1
211 848 1
212 272 1
212 309 1
212 385 1
212 435 1
212 459 1
212 498 1
213 228 1
213 402 1
213 411 1
213 444 1
214 295 1
214 314 1
214 474 1
214 717 1
214 893 1
215 291 1
215 294 1
215 301 1
215 304 1
215 488 1
215 497 1
215 666 1
215 824 1
216 392 1
216 449 1
216 687 1
216 778 1
216 834 1
217 238 1
217 376 1
217 384 1
217 648 1
217 717 1
217 852 1
218 223 1
218 343 1
218 630 1
218 664 1
218 702 1
218 831 1
218 866 1
219 280 1
219 432 1
219 449 1
219 482 1
220 241 1
220 375 1
220 394 1
220 674 1
221 301 1
221 328 1
221 596 1
221 635 1
221 725 1
222 334 1
222 339 1
222 847 1
224 279 1
224 493 1
224 632 1
225 426 1
227 234 1
227 240 1
227 249 1
227 262 1
227 268 1
227 278 1
227 299 1
227 342 1
227 442 1
227 444 1
227 491 1
227 492 1
227 516 1
227 609 1
227 649 1
227 688 1
227 696 1
227 728 1
227 827 1
227 851 1
227 870 1
229 390 1
229 457 1
229 670 1
229 721 1
230 236 1
230 247 1
230 278 1
230 322 1
230 646 1
230 695 1
230 789 1
232 361 1
232 768 1
233 280 1
233 445 1
233 503 1
233 523 1
233 593 1
233 886 1
234 561 1
234 827 1
235 256 1
235 712 1
236 369 1
236 765 1
237 276 1
237 297 1
237 312 1
237 437 1
237 439 1
237 539 1
237 757 1
237 807 1
238 771 1
239 471 1
239 494 1
239 894 1
240 489 1
241 586 1
242 298 1
242 322 1
242 358 1
242 640 1
242 681 1
242 797 1
242 798 1
243 281 1
243 409 1
243 646 1
243 669 1
243 679 1
243 769 1
243 770 1
244 273 1
244 348 1
244 838 1
245 340 1
245 376 1
245 469 1
245 520 1
245 533 1
245 722 1
245 760 1
245 762 1
245 804 1
246 273 1
246 321 1
246 416 1
246 446 1
247 293 1
247 295 1
247 397 1
247 405 1
247 419 1
247 730 1
247 883 1
248 259 1
248 260 1
248 324 1
248 359 1
248 657 1
248 832 1
249 299 1
249 582 1
250 359 1
250 472 1
250 701 1
251 266 1
251 553 1
252 277 1
252 311 1
252 492 1
252 650 1
252 805 1
252 835 1
252 863 1
253 707 1
253 769 1
254 583 1
254 724 1
254 876 1
255 270 1
255 354 1
255 576 1
256 296 1
256 386 1
256 667 1
257 643 1
257 751 1
258 442 1
259 432 1
259 842 1
260 389 1
260 773 1
260 850 1
261 885 1
262 310 1
262 413 1
262 481 1
262 581 1
263 419 1
264 304 1
264 327 1
264 383 1
264 384 1
264 497 1
264 540 1
264 832 1
264 864 1
265 308 1
265 701 1
265 710 1
265 868 1
267 557 1
267 641 1
267 843 1
268 275 1
268 312 1
268 767 1
269 445 1
269 734 1
269 831 1
270 378 1
270 554 1
270 695 1
270 777 1
270 856 1
271 467 1
271 570 1
272 350 1
272 381 1
272 420 1
272 673 1
273 530 1
273 579 1
274 276 1
274 320 1
274 501 1
274 836 1
275 435 1
275 509 1
275 861 1
275 884 1
276 387 1
276 555 1
276 620 1
277 435 1
277 632 1
278 542 1
278 563 1
278 709 1
278 724 1
279 448 1
280 504 1
280 700 1
281 372 1
282 541 1
284 352 1
284 487 1
284 576 1
284 858 1
285 506 1
286 293 1
286 346 1
286 618 1
286 738 1
288 518 1
289 440 1
289 799 1
290 559 1
291 469 1
291 864 1
292 436 1
292 438 1
292 452 1
292 520 1
292 529 1
292 627 1
292 628 1
292 653 1
292 699 1
292 721 1
292 829 1
293 876 1
294 562 1
294 662 1
294 829 1
294 897 1
296 332 1
296 740 1
297 313 1
297 386 1
297 391 1
297 568 1
297 715 1
297 859 1
298 474 1
298 485 1
299 533 1
299 543 1
299 552 1
300 599 1
300 647 1
300 675 1
300 779 1
300 868 1
301 346 1
301 545 1
301 577 1
301 603 1
303 547 1
304 449 1
304 574 1
304 703 1
304 752 1
305 395 1
305 703 1
305 900 1
306 349 1
306 436 1
306 571 1
306 884 1
307 370 1
307 481 1
307 490 1
307 500 1
307 558 1
307 697 1
308 771 1
309 343 1
310 749 1
311 457 1
311 563 1
311 565 1
311 587 1
314 717 1
314 752 1
315 373 1
315 619 1
315 854 1
317 467 1
317 508 1
318 366 1
318 502 1
318 635 1
318 656 1
318 824 1
318 885 1
319 764 1
319 851 1
321 855 1
322 358 1
322 422 1
322 532 1
323 529 1
323 610 1
323 718 1
323 727 1
324 439 1
324 500 1
324 546 1
324 733 1
325 447 1
326 787 1
327 433 1
327 480 1
327 640 1
327 789 1
329 336 1
329 532 1
330 517 1
330 828 1
330 884 1
331 341 1
331 353 1
331 395 1
331 567 1
331 636 1
331 669 1
331 847 1
332 471 1
334 608 1
334 637 1
334 758 1
335 712 1
335 777 1
335 795 1
336 564 1
336 631 1
337 410 1
337 505 1
337 573 1
338 410 1
338 421 1
338 792 1
338 862 1
338 876 1
339 415 1
339 709 1
340 428 1
340 451 1
340 476 1
340 700 1
340 853 1
340 854 1
340 896 1
341 374 1
341 379 1
341 433 1
341 445 1
341 450 1
341 455 1
341 483 1
341 604 1
341 826 1
344 370 1
344 404 1
346 363 1
346 555 1
346 590 1
348 504 1
348 759 1
349 496 1
349 534 1
349 615 1
350 528 1
350 754 1
351 714 1
353 527 1
353 543 1
353 613 1
354 446 1
354 448 1
354 476 1
354 477 1
354 499 1
354 518 1
355 630 1
355 647 1
357 623 1
358 763 1
359 893 1
360 377 1
362 372 1
362 499 1
362 519 1
362 553 1
363 453 1
365 410 1
366 403 1
366 529 1
366 661 1
367 380 1
367 479 1
367 855 1
367 860 1
368 383 1
369 611 1
370 767 1
371 585 1
371 716 1
372 530 1
373 390 1
373 569 1
374 423 1
375 455 1
375 617 1
376 423 1
376 707 1
376 816 1
377 468 1
377 731 1
377 752 1
379 510 1
381 382 1
381 402 1
381 478 1
381 494 1
381 528 1
381 547 1
381 631 1
381 642 1
381 734 1
381 736 1
381 807 1
381 835 1
381 889 1
382 591 1
382 642 1
382 720 1
382 811 1
383 443 1
383 470 1
383 511 1
383 679 1
383 800 1
384 631 1
384 836 1
385 393 1
385 395 1
385 406 1
385 463 1
385 598 1
385 679 1
385 691 1
385 776 1
385 826 1
386 398 1
386 419 1
386 572 1
386 808 1
386 870 1
387 816 1
387 878 1
388 498 1
388 702 1
388 812 1
389 398 1
390 603 1
391 781 1
393 741 1
393 790 1
394 472 1
394 474 1
394 587 1
394 674 1
394 783 1
395 403 1
395 427 1
396 524 1
396 793 1
397 601 1
397 626 1
398 483 1
398 579 1
399 411 1
399 442 1
399 695 1
399 714 1
399 880 1
401 526 1
401 595 1
401 645 1
401 784 1
402 414 1
402 474 1
403 488 1
404 825 1
405 811 1
407 586 1
408 458 1
409 849 1
410 601 1
411 417 1
411 518 1
411 718 1
412 450 1
412 605 1
413 614 1
413 648 1
415 464 1
415 621 1
415 827 1
415 844 1
416 699 1
417 762 1
418 427 1
419 584 1
423 440 1
424 678 1
425 476 1
425 581 1
425 606 1
426 711 1
427 434 1
427 470 1
427 686 1
427 899 1
428 445 1
428 466 1
429 575 1
429 620 1
429 757 1
430 465 1
430 829 1
430 846 1
432 680 1
432 845 1
433 608 1
433 754 1
434 693 1
434 767 1
434 871 1
435 448 1
435 652 1
435 793 1
437 580 1
437 587 1
439 506 1
439 877 1
439 897 1
440 558 1
440 616 1
440 627 1
440 851 1
440 896 1
441 565 1
441 602 1
441 848 1
442 688 1
443 679 1
443 684 1
443 800 1
444 682 1
445 494 1
445 776 1
445 782 1
447 595 1
447 596 1
447 612 1
447 747 1
447 880 1
448 479 1
448 634 1
448 690 1
448 693 1
448 889 1
448 898 1
450 545 1
450 817 1
450 830 1
451 731 1
451 798 1
451 882 1
452 499 1
454 825 1
455 581 1
455 590 1
457 831 1
457 859 1
463 725 1
464 581 1
464 629 1
464 843 1
464 852 1
464 900 1
468 557 1
468 818 1
471 800 1
471 821 1
472 626 1
472 881 1
473 616 1
473 678 1
474 728 1
475 527 1
475 627 1
475 667 1
475 686 1
475 737 1
475 875 1
476 538 1
476 542 1
476 593 1
476 597 1
476 618 1
476 728 1
476 750 1
476 898 1
477 755 1
477 865 1
478 734 1
480 634 1
480 662 1
480 872 1
481 580 1
481 595 1
481 605 1
481 808 1
481 864 1
483 841 1
484 569 1
484 617 1
484 671 1
484 698 1
484 766 1
486 580 1
486 630 1
487 633 1
487 857 1
488 784 1
489 716 1
490 535 1
490 660 1
490 691 1
490 703 1
490 713 1
490 753 1
491 493 1
491 616 1
491 822 1
492 576 1
492 702 1
492 773 1
495 558 1
495 733 1
495 889 1
496 515 1
497 743 1
498 586 1
498 590 1
498 665 1
501 637 1
501 846 1
502 677 1
504 682 1
505 696 1
507 785 1
507 793 1
508 812 1
509 526 1
509 785 1
510 538 1
510 872 1
511 620 1
511 676 1
513 585 1
513 637 1
513 692 1
514 794 1
515 739 1
518 626 1
519 567 1
520 550 1
520 631 1
520 860 1
521 844 1
521 880 1
523 625 1
523 853 1
527 568 1
527 897 1
528 726 1
528 796 1
531 644 1
532 555 1
532 654 1
532 765 1
532 847 1
532 870 1
533 539 1
533 589 1
533 628 1
536 616 1
537 663 1
539 743 1
539 840 1
540 815 1
542 564 1
542 719 1
542 803 1
542 812 1
544 809 1
546 761 1
546 889 1
548 558 1
549 778 1
553 567 1
553 735 1
554 671 1
554 702 1
554 738 1
554 759 1
554 844 1
559 578 1
560 703 1
560 801 1
561 604 1
561 747 1
561 888 1
562 789 1
562 795 1
567 842 1
568 788 1
568 857 1
569 600 1
570 838 1
571 663 1
572 639 1
572 808 1
573 661 1
574 891 1
575 599 1
575 619 1
575 659 1
575 841 1
575 887 1
576 863 1
576 883 1
577 584 1
577 619 1
577 650 1
577 775 1
577 819 1
578 594 1
578 676 1
578 868 1
579 610 1
579 782 1
581 606 1
581 801 1
582 719 1
582 744 1
584 620 1
584 690 1
584 712 1
585 635 1
585 692 1
585 709 1
585 753 1
586 736 1
587 834 1
590 625 1
590 806 1
590 807 1
591 732 1
592 593 1
593 651 1
594 742 1
594 747 1
596 786 1
596 802 1
596 805 1
597 641 1
598 685 1
598 806 1
600 742 1
602 708 1
604 682 1
604 711 1
604 888 1
605 636 1
608 713 1
608 775 1
609 832 1
610 746 1
611 673 1
612 836 1
614 723 1
616 765 1
618 727 1
619 688 1
620 681 1
620 796 1
620 895 1
621 659 1
621 678 1
622 701 1
623 638 1
626 629 1
626 862 1
627 653 1
627 676 1
629 840 1
630 755 1
631 891 1
633 809 1
635 798 1
636 693 1
637 672 1
637 797 1
638 701 1
638 895 1
640 874 1
642 848 1
643 773 1
645 651 1
648 815 1
650 727 1
652 688 1
653 836 1
654 766 1
655 737 1
657 666 1
657 732 1
657 755 1
657 865 1
659 740 1
661 751 1
666 700 1
671 811 1
676 785 1
679 756 1
679 759 1
680 866 1
684 714 1
684 730 1
685 712 1
688 746 1
693 694 1
693 756 1
693 780 1
693 825 1
695 814 1
695 856 1
696 869 1
697 874 1
698 853 1
700 843 1
701 788 1
703 739 1
705 753 1
710 731 1
710 751 1
712 772 1
713 774 1
722 763 1
722 879 1
722 895 1
726 779 1
727 835 1
732 895 1
733 861 1
733 899 1
735 803 1
736 803 1
737 875 1
739 898 1
740 818 1
741 852 1
747 814 1
748 860 1
748 893 1
753 888 1
754 763 1
755 838 1
757 869 1
764 765 1
769 843 1
772 892 1
773 873 1
777 820 1
777 848 1
777 853 1
777 856 1
779 877 1
781 834 1
783 869 1
791 861 1
791 877 1
798 898 1
804 840 1
805 845 1
812 817 1
813 816 1
829 870 1
849 881 1
854 886 1
865 867 1
866 873 1
