1000 3983 
1 5 1
1 6 1
1 9 1
1 10 1
1 12 1
1 16 1
1 18 1
1 32 1
1 33 1
1 37 1
1 45 1
1 46 1
1 47 1
1 52 1
1 63 1
1 66 1
1 73 1
1 78 1
1 89 1
1 90 1
1 131 1
1 156 1
1 159 1
1 164 1
1 204 1
1 218 1
1 223 1
1 236 1
1 237 1
1 294 1
1 304 1
1 305 1
1 315 1
1 318 1
1 337 1
1 368 1
1 389 1
1 412 1
1 430 1
1 431 1
1 443 1
1 472 1
1 501 1
1 504 1
1 596 1
1 625 1
1 705 1
1 778 1
1 813 1
1 815 1
1 826 1
1 840 1
1 902 1
1 919 1
1 931 1
2 5 1
2 6 1
2 8 1
2 12 1
2 13 1
2 17 1
2 29 1
2 30 1
2 42 1
2 50 1
2 52 1
2 77 1
2 87 1
2 104 1
2 111 1
2 113 1
2 126 1
2 141 1
2 208 1
2 217 1
2 219 1
2 223 1
2 227 1
2 239 1
2 304 1
2 308 1
2 362 1
2 367 1
2 378 1
2 436 1
2 444 1
2 454 1
2 482 1
2 533 1
2 571 1
2 594 1
2 608 1
2 612 1
2 619 1
2 621 1
2 660 1
2 661 1
2 677 1
2 695 1
2 754 1
2 794 1
2 814 1
2 876 1
2 918 1
2 923 1
2 994 1
3 5 1
3 7 1
3 8 1
3 11 1
3 13 1
3 15 1
3 18 1
3 24 1
3 26 1
3 42 1
3 49 1
3 60 1
3 74 1
3 93 1
3 98 1
3 116 1
3 125 1
3 148 1
3 177 1
3 213 1
3 218 1
3 258 1
3 277 1
3 291 1
3 300 1
3 324 1
3 395 1
3 494 1
3 542 1
3 599 1
3 615 1
3 635 1
3 649 1
3 662 1
3 666 1
3 670 1
3 713 1
3 724 1
3 726 1
3 780 1
3 807 1
3 857 1
3 895 1
3 899 1
3 930 1
3 996 1
4 5 1
4 6 1
4 7 1
4 9 1
4 12 1
4 13 1
4 14 1
4 17 1
4 19 1
4 54 1
4 56 1
4 58 1
4 63 1
4 64 1
4 74 1
4 79 1
4 93 1
4 97 1
4 100 1
4 104 1
4 107 1
4 113 1
4 117 1
4 129 1
4 130 1
4 131 1
4 133 1
4 137 1
4 143 1
4 148 1
4 153 1
4 182 1
4 208 1
4 209 1
4 245 1
4 246 1
4 252 1
4 260 1
4 280 1
4 281 1
4 287 1
4 288 1
4 290 1
4 309 1
4 314 1
4 329 1
4 365 1
4 388 1
4 390 1
4 424 1
4 432 1
4 453 1
4 470 1
4 508 1
4 526 1
4 535 1
4 536 1
4 544 1
4 550 1
4 551 1
4 576 1
4 580 1
4 607 1
4 627 1
4 633 1
4 707 1
4 709 1
4 727 1
4 759 1
4 761 1
4 763 1
4 774 1
4 775 1
4 842 1
4 844 1
4 847 1
4 850 1
4 886 1
4 909 1
4 921 1
4 940 1
5 6 1
5 7 1
5 8 1
5 9 1
5 10 1
5 11 1
5 14 1
5 15 1
5 18 1
5 19 1
5 20 1
5 22 1
5 23 1
5 24 1
5 26 1
5 28 1
5 29 1
5 31 1
5 36 1
5 37 1
5 42 1
5 44 1
5 47 1
5 51 1
5 52 1
5 56 1
5 60 1
5 64 1
5 72 1
5 77 1
5 83 1
5 86 1
5 93 1
5 97 1
5 99 1
5 100 1
5 101 1
5 107 1
5 115 1
5 117 1
5 119 1
5 124 1
5 129 1
5 143 1
5 144 1
5 146 1
5 149 1
5 150 1
5 152 1
5 153 1
5 162 1
5 164 1
5 167 1
5 170 1
5 173 1
5 181 1
5 182 1
5 185 1
5 190 1
5 198 1
5 201 1
5 206 1
5 214 1
5 227 1
5 232 1
5 235 1
5 252 1
5 253 1
5 265 1
5 267 1
5 270 1
5 300 1
5 303 1
5 311 1
5 316 1
5 328 1
5 359 1
5 361 1
5 379 1
5 383 1
5 398 1
5 403 1
5 422 1
5 426 1
5 431 1
5 432 1
5 443 1
5 461 1
5 478 1
5 479 1
5 483 1
5 500 1
5 518 1
5 543 1
5 572 1
5 601 1
5 609 1
5 611 1
5 649 1
5 662 1
5 666 1
5 689 1
5 719 1
5 728 1
5 748 1
5 752 1
5 756 1
5 765 1
5 779 1
5 797 1
5 807 1
5 808 1
5 815 1
5 826 1
5 850 1
5 851 1
5 897 1
5 944 1
5 977 1
5 978 1
6 7 1
6 9 1
6 10 1
6 12 1
6 14 1
6 16 1
6 17 1
6 18 1
6 21 1
6 22 1
6 25 1
6 31 1
6 37 1
6 40 1
6 45 1
6 47 1
6 53 1
6 54 1
6 62 1
6 73 1
6 80 1
6 95 1
6 101 1
6 104 1
6 107 1
6 108 1
6 112 1
6 120 1
6 151 1
6 158 1
6 164 1
6 186 1
6 194 1
6 209 1
6 248 1
6 274 1
6 318 1
6 331 1
6 407 1
6 419 1
6 447 1
6 465 1
6 466 1
6 496 1
6 512 1
6 560 1
6 561 1
6 564 1
6 610 1
6 612 1
6 616 1
6 631 1
6 641 1
6 663 1
6 664 1
6 684 1
6 702 1
6 740 1
6 768 1
6 776 1
6 835 1
6 848 1
6 862 1
6 863 1
6 893 1
6 907 1
6 932 1
7 8 1
7 10 1
7 11 1
7 22 1
7 25 1
7 27 1
7 28 1
7 40 1
7 42 1
7 66 1
7 76 1
7 83 1
7 119 1
7 171 1
7 177 1
7 180 1
7 183 1
7 187 1
7 261 1
7 276 1
7 284 1
7 295 1
7 318 1
7 358 1
7 414 1
7 469 1
7 493 1
7 690 1
7 750 1
7 884 1
7 992 1
8 22 1
8 218 1
8 224 1
8 306 1
8 409 1
8 489 1
8 553 1
8 599 1
8 818 1
8 990 1
9 13 1
9 20 1
9 21 1
9 38 1
9 49 1
9 52 1
9 64 1
9 69 1
9 85 1
9 94 1
9 103 1
9 109 1
9 123 1
9 136 1
9 151 1
9 155 1
9 182 1
9 192 1
9 204 1
9 223 1
9 246 1
9 247 1
9 259 1
9 279 1
9 287 1
9 314 1
9 348 1
9 363 1
9 367 1
9 378 1
9 402 1
9 433 1
9 451 1
9 455 1
9 468 1
9 498 1
9 510 1
9 528 1
9 556 1
9 591 1
9 598 1
9 673 1
9 754 1
9 780 1
9 834 1
9 839 1
9 848 1
9 869 1
9 880 1
9 888 1
9 889 1
9 919 1
10 11 1
10 21 1
10 25 1
10 26 1
10 27 1
10 32 1
10 33 1
10 35 1
10 38 1
10 39 1
10 48 1
10 49 1
10 51 1
10 54 1
10 57 1
10 60 1
10 61 1
10 63 1
10 68 1
10 69 1
10 80 1
10 81 1
10 86 1
10 96 1
10 103 1
10 105 1
10 108 1
10 112 1
10 118 1
10 155 1
10 160 1
10 169 1
10 174 1
10 194 1
10 195 1
10 199 1
10 205 1
10 209 1
10 222 1
10 225 1
10 236 1
10 265 1
10 274 1
10 292 1
10 302 1
10 323 1
10 340 1
10 349 1
10 350 1
10 361 1
10 375 1
10 402 1
10 428 1
10 442 1
10 447 1
10 466 1
10 484 1
10 486 1
10 495 1
10 503 1
10 518 1
10 527 1
10 539 1
10 559 1
10 565 1
10 577 1
10 586 1
10 588 1
10 639 1
10 677 1
10 678 1
10 679 1
10 681 1
10 697 1
10 757 1
10 790 1
10 801 1
10 809 1
10 812 1
10 815 1
10 851 1
10 858 1
10 881 1
10 896 1
10 936 1
10 943 1
10 944 1
10 962 1
11 14 1
11 16 1
11 19 1
11 23 1
11 34 1
11 51 1
11 53 1
11 67 1
11 70 1
11 71 1
11 88 1
11 91 1
11 135 1
11 193 1
11 197 1
11 205 1
11 240 1
11 256 1
11 267 1
11 384 1
11 396 1
11 421 1
11 450 1
11 461 1
11 470 1
11 471 1
11 474 1
11 513 1
11 578 1
11 582 1
11 640 1
11 646 1
11 654 1
11 663 1
11 747 1
11 768 1
11 793 1
11 804 1
11 854 1
11 864 1
11 870 1
11 874 1
11 881 1
11 908 1
11 923 1
12 21 1
12 23 1
12 25 1
12 35 1
12 46 1
12 58 1
12 62 1
12 73 1
12 97 1
12 221 1
12 321 1
12 340 1
12 344 1
12 388 1
12 533 1
12 546 1
12 634 1
12 711 1
12 712 1
12 810 1
12 817 1
12 869 1
12 891 1
12 903 1
12 918 1
12 997 1
13 15 1
13 23 1
13 31 1
13 46 1
13 55 1
13 71 1
13 77 1
13 79 1
13 93 1
13 110 1
13 111 1
13 114 1
13 118 1
13 120 1
13 122 1
13 128 1
13 139 1
13 144 1
13 172 1
13 241 1
13 249 1
13 277 1
13 299 1
13 331 1
13 346 1
13 352 1
13 354 1
13 361 1
13 401 1
13 434 1
13 505 1
13 533 1
13 567 1
13 613 1
13 618 1
13 666 1
13 732 1
13 843 1
13 929 1
13 961 1
13 963 1
13 996 1
14 15 1
14 16 1
14 28 1
14 39 1
14 41 1
14 43 1
14 44 1
14 48 1
14 59 1
14 63 1
14 70 1
14 78 1
14 80 1
14 87 1
14 127 1
14 136 1
14 139 1
14 149 1
14 207 1
14 214 1
14 228 1
14 247 1
14 250 1
14 257 1
14 269 1
14 303 1
14 307 1
14 311 1
14 317 1
14 328 1
14 330 1
14 336 1
14 350 1
14 368 1
14 435 1
14 437 1
14 456 1
14 484 1
14 550 1
14 583 1
14 592 1
14 594 1
14 607 1
14 625 1
14 642 1
14 660 1
14 687 1
14 711 1
14 718 1
14 742 1
14 750 1
14 753 1
14 775 1
14 831 1
14 838 1
14 905 1
14 932 1
14 987 1
15 35 1
15 36 1
15 41 1
15 48 1
15 56 1
15 69 1
15 76 1
15 113 1
15 123 1
15 144 1
15 202 1
15 213 1
15 234 1
15 235 1
15 292 1
15 312 1
15 337 1
15 373 1
15 392 1
15 421 1
15 602 1
15 650 1
15 683 1
15 705 1
15 796 1
15 855 1
15 907 1
15 924 1
15 969 1
15 985 1
16 17 1
16 51 1
16 55 1
16 57 1
16 62 1
16 66 1
16 74 1
16 88 1
16 92 1
16 94 1
16 106 1
16 153 1
16 155 1
16 185 1
16 196 1
16 258 1
16 259 1
16 262 1
16 285 1
16 325 1
16 375 1
16 376 1
16 493 1
16 664 1
16 698 1
16 722 1
16 732 1
16 760 1
16 931 1
17 19 1
17 20 1
17 24 1
17 30 1
17 55 1
17 75 1
17 79 1
17 84 1
17 105 1
17 113 1
17 161 1
17 165 1
17 196 1
17 209 1
17 217 1
17 220 1
17 221 1
17 222 1
17 231 1
17 261 1
17 264 1
17 292 1
17 349 1
17 378 1
17 382 1
17 383 1
17 392 1
17 396 1
17 408 1
17 423 1
17 428 1
17 474 1
17 490 1
17 537 1
17 547 1
17 548 1
17 589 1
17 603 1
17 604 1
17 619 1
17 667 1
17 703 1
17 756 1
17 795 1
17 819 1
17 828 1
17 855 1
17 973 1
18 20 1
18 24 1
18 27 1
18 39 1
18 43 1
18 60 1
18 95 1
18 100 1
18 114 1
18 119 1
18 127 1
18 156 1
18 166 1
18 169 1
18 184 1
18 195 1
18 211 1
18 220 1
18 230 1
18 234 1
18 239 1
18 241 1
18 270 1
18 271 1
18 278 1
18 293 1
18 297 1
18 310 1
18 324 1
18 327 1
18 340 1
18 346 1
18 375 1
18 378 1
18 393 1
18 417 1
18 441 1
18 444 1
18 445 1
18 456 1
18 481 1
18 494 1
18 505 1
18 528 1
18 556 1
18 558 1
18 562 1
18 566 1
18 577 1
18 588 1
18 602 1
18 643 1
18 644 1
18 705 1
18 732 1
18 760 1
18 769 1
18 792 1
18 803 1
18 806 1
18 823 1
18 831 1
18 872 1
18 965 1
18 985 1
19 75 1
19 469 1
19 644 1
19 653 1
19 765 1
20 29 1
20 34 1
20 37 1
20 88 1
20 103 1
20 226 1
20 243 1
20 265 1
20 268 1
20 298 1
20 325 1
20 336 1
20 400 1
20 574 1
20 629 1
20 634 1
20 745 1
20 784 1
20 854 1
21 34 1
21 36 1
21 41 1
21 49 1
21 87 1
21 98 1
21 135 1
21 144 1
21 151 1
21 220 1
21 291 1
21 293 1
21 301 1
21 302 1
21 308 1
21 374 1
21 471 1
21 503 1
21 585 1
21 620 1
21 656 1
21 689 1
21 700 1
21 741 1
21 794 1
21 838 1
21 841 1
21 853 1
21 868 1
21 896 1
21 997 1
22 50 1
22 83 1
22 122 1
22 147 1
22 276 1
22 281 1
22 345 1
22 355 1
22 366 1
22 395 1
22 425 1
22 477 1
22 605 1
22 657 1
22 685 1
22 694 1
22 746 1
22 806 1
22 811 1
22 883 1
23 26 1
23 27 1
23 28 1
23 29 1
23 31 1
23 32 1
23 33 1
23 38 1
23 40 1
23 43 1
23 46 1
23 50 1
23 59 1
23 62 1
23 69 1
23 75 1
23 82 1
23 92 1
23 94 1
23 96 1
23 99 1
23 100 1
23 105 1
23 107 1
23 122 1
23 125 1
23 127 1
23 156 1
23 161 1
23 166 1
23 188 1
23 191 1
23 210 1
23 214 1
23 232 1
23 243 1
23 244 1
23 259 1
23 264 1
23 271 1
23 302 1
23 317 1
23 322 1
23 325 1
23 339 1
23 359 1
23 363 1
23 375 1
23 377 1
23 398 1
23 400 1
23 404 1
23 409 1
23 468 1
23 483 1
23 493 1
23 497 1
23 526 1
23 538 1
23 563 1
23 565 1
23 703 1
23 704 1
23 710 1
23 721 1
23 734 1
23 765 1
23 768 1
23 788 1
23 799 1
23 829 1
23 878 1
23 926 1
23 937 1
23 963 1
24 30 1
24 35 1
24 41 1
24 47 1
24 50 1
24 55 1
24 86 1
24 109 1
24 134 1
24 145 1
24 162 1
24 163 1
24 193 1
24 215 1
24 251 1
24 263 1
24 282 1
24 296 1
24 353 1
24 369 1
24 381 1
24 386 1
24 426 1
24 451 1
24 539 1
24 583 1
24 584 1
24 657 1
24 665 1
24 667 1
24 670 1
24 688 1
24 743 1
24 806 1
24 814 1
24 832 1
24 846 1
24 861 1
24 956 1
25 57 1
25 76 1
25 106 1
25 127 1
25 146 1
25 153 1
25 190 1
25 211 1
25 231 1
25 257 1
25 295 1
25 316 1
25 333 1
25 369 1
25 374 1
25 409 1
25 502 1
25 537 1
25 550 1
25 641 1
25 676 1
25 680 1
25 753 1
25 981 1
26 32 1
26 116 1
26 155 1
26 168 1
26 207 1
26 374 1
26 449 1
26 618 1
26 731 1
26 736 1
26 832 1
26 905 1
26 914 1
27 30 1
27 45 1
27 53 1
27 58 1
27 61 1
27 89 1
27 125 1
27 181 1
27 216 1
27 497 1
27 559 1
27 578 1
27 613 1
27 647 1
27 652 1
27 668 1
27 672 1
27 684 1
27 685 1
27 718 1
27 744 1
27 770 1
27 945 1
27 960 1
27 987 1
28 85 1
28 102 1
28 248 1
28 273 1
28 274 1
28 289 1
28 342 1
28 352 1
28 355 1
28 437 1
28 477 1
28 590 1
28 617 1
28 620 1
28 697 1
28 839 1
29 138 1
29 140 1
29 229 1
29 406 1
29 436 1
29 501 1
29 845 1
29 997 1
30 34 1
30 54 1
30 173 1
30 222 1
30 312 1
30 546 1
30 873 1
30 899 1
30 927 1
30 937 1
30 984 1
31 33 1
31 36 1
31 38 1
31 137 1
31 228 1
31 330 1
31 338 1
31 355 1
31 621 1
31 801 1
31 841 1
32 39 1
32 40 1
32 45 1
32 366 1
32 555 1
32 579 1
32 652 1
32 928 1
32 944 1
33 44 1
33 57 1
33 114 1
33 116 1
33 131 1
33 142 1
33 195 1
33 288 1
33 297 1
33 335 1
33 352 1
33 401 1
33 487 1
33 520 1
33 680 1
33 691 1
33 705 1
33 745 1
33 803 1
34 68 1
34 88 1
34 114 1
34 121 1
34 143 1
34 148 1
34 173 1
34 200 1
34 206 1
34 210 1
34 262 1
34 268 1
34 287 1
34 300 1
34 322 1
34 381 1
34 434 1
34 445 1
34 464 1
34 495 1
34 497 1
34 521 1
34 571 1
34 631 1
34 709 1
34 868 1
34 892 1
34 914 1
34 999 1
35 44 1
35 149 1
35 192 1
35 369 1
35 385 1
35 394 1
35 402 1
35 449 1
35 485 1
35 887 1
35 933 1
36 43 1
36 159 1
36 272 1
36 680 1
36 895 1
36 965 1
37 97 1
37 112 1
37 136 1
37 203 1
37 275 1
37 369 1
37 385 1
37 391 1
37 579 1
37 671 1
37 749 1
37 853 1
37 866 1
37 884 1
37 915 1
37 983 1
38 67 1
38 81 1
38 172 1
38 199 1
38 256 1
38 421 1
38 442 1
38 580 1
38 635 1
38 930 1
39 59 1
39 92 1
39 126 1
39 161 1
39 199 1
39 248 1
39 257 1
39 301 1
39 427 1
39 485 1
39 509 1
39 608 1
39 670 1
39 676 1
39 709 1
39 756 1
39 883 1
39 887 1
40 115 1
40 192 1
40 782 1
40 811 1
40 935 1
41 48 1
41 65 1
41 66 1
41 95 1
41 140 1
41 174 1
41 183 1
41 185 1
41 189 1
41 213 1
41 280 1
41 364 1
41 456 1
41 504 1
41 629 1
41 651 1
41 961 1
42 133 1
42 163 1
42 191 1
42 194 1
42 242 1
42 249 1
42 263 1
42 282 1
42 387 1
42 391 1
42 440 1
42 463 1
42 483 1
42 494 1
42 516 1
42 523 1
42 555 1
42 699 1
42 716 1
42 720 1
42 735 1
42 792 1
42 819 1
42 968 1
42 981 1
43 126 1
43 130 1
43 166 1
43 279 1
43 357 1
43 673 1
43 852 1
43 870 1
44 56 1
44 149 1
44 165 1
44 186 1
44 195 1
44 397 1
44 442 1
44 500 1
44 543 1
44 603 1
44 631 1
44 929 1
45 61 1
45 70 1
45 163 1
45 814 1
46 72 1
46 78 1
46 101 1
46 105 1
46 115 1
46 125 1
46 130 1
46 142 1
46 162 1
46 266 1
46 282 1
46 312 1
46 328 1
46 480 1
46 514 1
46 517 1
46 570 1
46 682 1
46 686 1
46 812 1
47 53 1
47 59 1
47 104 1
47 132 1
47 150 1
47 172 1
47 198 1
47 331 1
47 405 1
47 496 1
47 701 1
47 740 1
47 777 1
47 821 1
47 842 1
47 994 1
48 71 1
48 73 1
48 75 1
48 79 1
48 85 1
48 89 1
48 110 1
48 243 1
48 317 1
48 416 1
48 569 1
48 642 1
48 649 1
48 708 1
48 748 1
49 65 1
49 84 1
49 91 1
49 94 1
49 117 1
49 122 1
49 137 1
49 179 1
49 196 1
49 235 1
49 498 1
49 515 1
49 727 1
49 781 1
49 825 1
50 81 1
50 158 1
50 247 1
50 491 1
50 547 1
51 65 1
51 71 1
51 82 1
51 90 1
51 91 1
51 118 1
51 121 1
51 132 1
51 202 1
51 343 1
51 421 1
51 447 1
51 460 1
51 488 1
51 495 1
51 506 1
51 527 1
51 601 1
51 646 1
51 755 1
51 855 1
51 906 1
52 67 1
52 76 1
52 84 1
52 128 1
52 254 1
52 335 1
52 433 1
52 459 1
52 463 1
52 916 1
52 958 1
53 65 1
53 84 1
53 111 1
53 121 1
53 216 1
53 229 1
53 242 1
53 306 1
53 339 1
53 344 1
53 345 1
53 353 1
53 379 1
53 380 1
53 384 1
53 496 1
53 500 1
53 542 1
53 549 1
53 559 1
53 602 1
53 633 1
53 644 1
53 805 1
53 946 1
53 955 1
54 58 1
54 102 1
54 132 1
54 174 1
54 212 1
54 255 1
54 258 1
54 294 1
54 429 1
54 448 1
54 465 1
54 530 1
54 551 1
54 564 1
54 620 1
54 624 1
54 665 1
54 672 1
54 720 1
54 763 1
54 784 1
54 813 1
54 830 1
54 850 1
55 80 1
55 89 1
55 123 1
55 128 1
55 135 1
55 139 1
55 147 1
55 154 1
55 157 1
55 175 1
55 205 1
55 260 1
55 284 1
55 303 1
55 400 1
55 457 1
55 482 1
55 569 1
55 622 1
55 718 1
55 928 1
55 935 1
55 954 1
56 83 1
56 85 1
56 242 1
56 372 1
56 423 1
56 455 1
56 477 1
56 698 1
56 748 1
57 61 1
57 103 1
57 141 1
57 216 1
57 230 1
57 298 1
57 513 1
57 554 1
57 568 1
57 624 1
57 695 1
57 753 1
58 227 1
58 318 1
58 341 1
58 386 1
58 634 1
58 766 1
58 786 1
59 64 1
59 67 1
59 77 1
59 156 1
59 184 1
59 264 1
59 531 1
59 599 1
59 707 1
59 758 1
59 880 1
59 927 1
59 929 1
60 120 1
60 141 1
60 169 1
60 170 1
60 173 1
60 244 1
60 507 1
60 926 1
61 70 1
61 72 1
61 82 1
61 261 1
61 345 1
61 367 1
61 839 1
62 101 1
62 128 1
62 131 1
62 177 1
62 266 1
62 427 1
62 455 1
62 768 1
63 68 1
63 296 1
63 376 1
63 499 1
63 534 1
63 636 1
63 682 1
63 794 1
63 863 1
63 912 1
64 74 1
64 82 1
64 87 1
64 95 1
64 98 1
64 140 1
64 146 1
64 150 1
64 201 1
64 215 1
64 281 1
64 302 1
64 371 1
64 389 1
64 413 1
64 452 1
64 475 1
64 582 1
64 678 1
64 787 1
64 791 1
64 805 1
64 906 1
64 969 1
65 68 1
65 194 1
65 362 1
65 486 1
65 529 1
65 563 1
65 875 1
65 940 1
66 78 1
66 168 1
66 238 1
66 315 1
66 334 1
66 370 1
66 434 1
66 449 1
66 620 1
66 710 1
67 72 1
67 99 1
67 102 1
67 187 1
67 188 1
67 219 1
67 299 1
67 351 1
67 399 1
67 468 1
67 470 1
67 604 1
67 687 1
67 688 1
67 829 1
67 904 1
67 998 1
68 154 1
68 160 1
68 168 1
68 189 1
68 191 1
68 230 1
68 257 1
68 280 1
68 370 1
68 412 1
68 429 1
68 459 1
68 467 1
68 480 1
68 643 1
68 856 1
68 857 1
68 911 1
68 926 1
69 90 1
69 164 1
69 200 1
69 299 1
69 575 1
69 577 1
69 701 1
69 750 1
69 841 1
69 945 1
69 974 1
70 112 1
70 142 1
70 201 1
70 217 1
70 276 1
70 370 1
70 412 1
70 666 1
70 888 1
71 102 1
71 158 1
71 191 1
71 246 1
71 251 1
71 389 1
71 415 1
71 452 1
71 568 1
71 836 1
71 879 1
71 931 1
72 124 1
72 139 1
72 200 1
72 215 1
72 239 1
72 250 1
72 263 1
72 265 1
72 267 1
72 283 1
72 305 1
72 327 1
72 368 1
72 407 1
72 482 1
72 538 1
72 591 1
72 623 1
72 628 1
72 686 1
72 862 1
72 888 1
73 91 1
73 106 1
73 109 1
73 130 1
73 135 1
73 197 1
73 226 1
73 327 1
73 349 1
73 355 1
73 414 1
73 532 1
73 546 1
73 760 1
73 792 1
73 874 1
73 895 1
73 936 1
73 943 1
74 140 1
74 206 1
74 216 1
74 234 1
74 298 1
74 520 1
74 628 1
74 661 1
74 896 1
75 81 1
75 106 1
75 119 1
75 134 1
75 204 1
75 221 1
75 254 1
75 263 1
75 332 1
75 410 1
75 417 1
75 452 1
75 468 1
75 664 1
75 677 1
75 796 1
75 802 1
75 816 1
75 830 1
75 930 1
76 96 1
76 275 1
76 297 1
76 463 1
76 512 1
76 652 1
76 817 1
76 826 1
76 869 1
77 86 1
77 99 1
77 115 1
77 168 1
77 172 1
77 179 1
77 190 1
77 233 1
77 277 1
77 403 1
77 461 1
77 518 1
77 543 1
77 609 1
77 663 1
77 740 1
77 748 1
77 754 1
77 867 1
77 972 1
78 202 1
78 224 1
78 236 1
78 416 1
78 430 1
78 772 1
78 818 1
79 138 1
79 151 1
79 203 1
79 290 1
79 322 1
79 359 1
79 511 1
79 613 1
79 844 1
79 934 1
80 133 1
80 138 1
80 243 1
80 253 1
80 320 1
80 394 1
80 404 1
80 480 1
80 819 1
81 254 1
81 286 1
81 364 1
81 420 1
81 458 1
81 640 1
81 699 1
81 704 1
82 110 1
82 142 1
82 171 1
82 215 1
82 240 1
82 253 1
82 274 1
82 314 1
82 316 1
82 365 1
82 392 1
82 473 1
82 572 1
82 615 1
82 630 1
82 702 1
83 90 1
83 188 1
83 212 1
83 229 1
83 252 1
83 301 1
83 357 1
83 361 1
83 592 1
84 137 1
84 181 1
84 239 1
84 255 1
84 292 1
84 425 1
84 453 1
84 512 1
84 553 1
84 731 1
85 96 1
85 157 1
85 184 1
85 273 1
85 381 1
85 388 1
85 419 1
85 559 1
85 591 1
85 646 1
85 734 1
85 801 1
85 832 1
86 184 1
86 332 1
86 409 1
86 614 1
86 674 1
86 973 1
87 117 1
87 143 1
87 145 1
87 175 1
87 186 1
87 277 1
87 304 1
87 373 1
87 491 1
87 616 1
87 633 1
87 719 1
87 739 1
87 809 1
88 98 1
88 111 1
88 179 1
88 366 1
88 405 1
88 491 1
88 511 1
88 535 1
88 590 1
88 690 1
88 972 1
89 92 1
89 178 1
89 251 1
89 309 1
89 406 1
89 540 1
89 749 1
89 758 1
89 866 1
89 897 1
89 991 1
90 134 1
90 207 1
90 316 1
90 414 1
90 486 1
90 521 1
91 208 1
91 230 1
91 250 1
91 303 1
91 313 1
91 422 1
91 447 1
91 515 1
91 618 1
91 724 1
91 984 1
92 411 1
93 120 1
93 123 1
93 160 1
93 214 1
93 219 1
93 245 1
93 259 1
93 295 1
93 325 1
93 371 1
93 411 1
93 478 1
93 522 1
93 528 1
93 561 1
93 579 1
93 612 1
93 638 1
93 792 1
93 824 1
93 847 1
93 871 1
93 941 1
93 1000 1
94 379 1
94 416 1
94 531 1
94 662 1
94 673 1
94 731 1
94 874 1
94 889 1
94 986 1
95 189 1
95 217 1
95 237 1
95 285 1
95 439 1
95 521 1
95 523 1
95 544 1
95 548 1
95 604 1
95 799 1
96 150 1
96 157 1
96 380 1
96 413 1
96 584 1
96 884 1
96 994 1
97 176 1
97 208 1
97 222 1
97 283 1
97 357 1
97 399 1
97 410 1
97 422 1
97 454 1
97 473 1
97 481 1
97 587 1
97 667 1
97 712 1
97 735 1
97 798 1
97 865 1
98 109 1
98 152 1
98 187 1
98 197 1
98 201 1
98 237 1
98 337 1
98 383 1
98 526 1
98 614 1
98 840 1
98 885 1
98 999 1
99 118 1
99 327 1
99 487 1
99 791 1
99 845 1
100 110 1
100 116 1
100 238 1
100 285 1
100 365 1
100 399 1
100 435 1
100 592 1
100 733 1
100 854 1
101 134 1
101 193 1
101 360 1
101 380 1
101 382 1
101 394 1
101 458 1
101 490 1
101 556 1
101 616 1
101 722 1
101 727 1
101 900 1
101 944 1
102 247 1
102 347 1
102 449 1
102 498 1
102 513 1
102 542 1
102 592 1
102 648 1
102 783 1
102 933 1
102 948 1
102 962 1
103 129 1
103 659 1
103 912 1
104 124 1
104 152 1
104 233 1
104 272 1
104 300 1
104 377 1
104 638 1
104 654 1
104 707 1
104 789 1
104 813 1
104 920 1
105 108 1
105 161 1
105 267 1
105 570 1
105 582 1
105 687 1
105 699 1
105 706 1
105 989 1
106 108 1
106 136 1
106 175 1
106 273 1
106 291 1
106 329 1
106 825 1
106 967 1
107 147 1
107 158 1
107 187 1
107 366 1
107 377 1
107 406 1
107 411 1
107 424 1
107 436 1
107 445 1
107 457 1
107 508 1
107 524 1
107 611 1
107 734 1
107 777 1
107 842 1
108 121 1
108 166 1
108 183 1
108 186 1
108 348 1
108 517 1
108 834 1
108 876 1
108 938 1
109 132 1
109 148 1
109 336 1
109 407 1
109 659 1
109 723 1
109 758 1
110 124 1
110 145 1
110 180 1
110 255 1
110 283 1
110 319 1
110 511 1
110 558 1
110 669 1
111 126 1
111 332 1
111 364 1
111 372 1
111 393 1
111 428 1
111 520 1
111 780 1
111 849 1
112 193 1
112 288 1
112 386 1
112 387 1
112 636 1
112 661 1
112 825 1
112 983 1
113 133 1
113 170 1
113 253 1
113 342 1
113 404 1
113 572 1
113 650 1
113 746 1
113 775 1
114 206 1
114 627 1
114 992 1
115 376 1
115 641 1
115 650 1
115 700 1
115 909 1
115 935 1
116 177 1
116 231 1
116 235 1
116 256 1
116 333 1
116 509 1
116 569 1
116 654 1
116 823 1
116 998 1
117 320 1
117 911 1
118 138 1
118 152 1
118 424 1
118 914 1
119 251 1
119 324 1
119 645 1
119 656 1
119 867 1
119 990 1
120 129 1
120 159 1
120 167 1
120 188 1
120 431 1
120 759 1
120 977 1
121 147 1
121 180 1
121 220 1
121 229 1
121 372 1
121 674 1
121 707 1
121 755 1
121 949 1
122 176 1
122 183 1
122 382 1
122 483 1
122 511 1
122 738 1
122 770 1
122 834 1
123 180 1
123 567 1
123 606 1
123 642 1
123 649 1
123 822 1
124 141 1
124 165 1
124 224 1
124 308 1
124 354 1
124 423 1
124 431 1
124 499 1
124 506 1
124 590 1
124 621 1
124 739 1
124 843 1
125 202 1
125 241 1
125 988 1
126 160 1
126 280 1
126 351 1
126 479 1
126 522 1
126 537 1
126 577 1
126 589 1
126 623 1
126 740 1
126 783 1
126 843 1
126 966 1
127 391 1
127 427 1
127 698 1
128 360 1
128 368 1
128 544 1
128 638 1
128 669 1
129 185 1
129 321 1
129 417 1
129 570 1
129 573 1
130 171 1
130 197 1
130 299 1
130 345 1
130 630 1
130 702 1
131 145 1
131 162 1
131 171 1
131 246 1
131 249 1
131 296 1
131 307 1
131 353 1
131 401 1
131 426 1
131 464 1
131 519 1
131 658 1
131 686 1
131 837 1
131 906 1
131 963 1
131 964 1
131 977 1
131 991 1
132 439 1
132 605 1
132 618 1
132 672 1
132 742 1
133 178 1
133 275 1
133 599 1
133 646 1
133 820 1
134 420 1
134 877 1
134 980 1
135 146 1
135 510 1
135 552 1
135 744 1
135 932 1
136 279 1
136 405 1
136 418 1
136 489 1
136 938 1
137 154 1
137 278 1
137 296 1
137 326 1
137 859 1
138 272 1
138 279 1
138 313 1
138 351 1
138 374 1
138 446 1
138 526 1
138 566 1
138 925 1
138 971 1
139 347 1
139 438 1
139 584 1
139 808 1
139 889 1
140 376 1
140 499 1
140 529 1
140 655 1
140 1000 1
141 165 1
141 236 1
141 639 1
142 163 1
142 269 1
142 276 1
142 284 1
142 336 1
142 396 1
142 471 1
142 597 1
142 771 1
142 816 1
142 958 1
142 960 1
143 339 1
143 892 1
143 922 1
144 178 1
144 240 1
144 286 1
144 371 1
144 387 1
144 446 1
144 545 1
144 567 1
144 651 1
144 898 1
144 973 1
144 998 1
145 167 1
145 169 1
145 260 1
145 271 1
145 320 1
145 501 1
145 581 1
145 605 1
145 930 1
146 211 1
146 338 1
146 474 1
147 833 1
148 210 1
148 291 1
148 936 1
149 182 1
149 476 1
149 703 1
149 772 1
149 833 1
149 962 1
150 154 1
150 178 1
150 305 1
150 470 1
150 563 1
150 632 1
150 765 1
150 864 1
151 203 1
151 688 1
151 762 1
152 286 1
152 294 1
152 390 1
152 428 1
152 446 1
152 530 1
152 878 1
153 373 1
153 589 1
153 915 1
154 157 1
154 270 1
154 407 1
154 881 1
155 330 1
155 639 1
155 720 1
156 159 1
156 210 1
156 223 1
156 321 1
156 739 1
156 904 1
157 170 1
157 610 1
157 941 1
158 198 1
158 225 1
158 588 1
158 637 1
158 725 1
159 232 1
159 282 1
159 301 1
159 319 1
159 645 1
159 840 1
159 941 1
160 233 1
160 250 1
160 281 1
160 319 1
160 444 1
160 514 1
160 540 1
160 782 1
161 212 1
161 289 1
161 460 1
161 462 1
161 484 1
161 655 1
161 787 1
161 796 1
161 865 1
162 167 1
162 270 1
162 679 1
162 693 1
162 835 1
162 939 1
163 380 1
163 562 1
163 593 1
163 672 1
163 685 1
163 701 1
163 941 1
164 242 1
164 287 1
164 333 1
164 418 1
164 438 1
164 585 1
164 613 1
165 175 1
165 190 1
165 204 1
165 218 1
165 241 1
165 244 1
165 338 1
165 348 1
165 911 1
166 221 1
166 484 1
166 486 1
166 560 1
166 744 1
166 793 1
166 955 1
167 219 1
167 269 1
167 326 1
167 328 1
167 337 1
167 342 1
167 386 1
167 419 1
167 605 1
167 609 1
167 645 1
167 671 1
167 749 1
167 767 1
167 931 1
168 179 1
168 189 1
168 226 1
168 233 1
168 313 1
168 324 1
168 549 1
168 641 1
168 790 1
168 821 1
169 176 1
169 293 1
169 399 1
169 567 1
169 580 1
170 174 1
170 305 1
170 394 1
170 438 1
170 532 1
170 545 1
170 560 1
170 616 1
170 658 1
170 660 1
170 773 1
170 777 1
170 911 1
170 914 1
171 207 1
171 441 1
171 595 1
171 781 1
171 900 1
172 196 1
172 203 1
172 288 1
172 294 1
172 322 1
172 400 1
172 401 1
172 612 1
172 637 1
172 697 1
172 741 1
172 761 1
172 811 1
172 995 1
173 181 1
173 198 1
173 212 1
173 443 1
173 466 1
173 600 1
173 658 1
173 771 1
173 856 1
173 977 1
173 982 1
174 469 1
174 485 1
174 504 1
174 725 1
174 871 1
175 176 1
175 312 1
175 379 1
175 406 1
175 507 1
175 534 1
175 593 1
175 631 1
175 691 1
175 708 1
175 778 1
175 824 1
175 923 1
175 954 1
176 192 1
176 205 1
176 319 1
176 480 1
176 508 1
176 656 1
176 659 1
176 706 1
176 762 1
176 926 1
177 354 1
177 395 1
177 495 1
178 225 1
178 383 1
178 788 1
178 819 1
178 851 1
178 877 1
179 199 1
179 529 1
179 565 1
179 736 1
180 462 1
180 617 1
181 213 1
181 238 1
181 464 1
181 610 1
181 629 1
181 681 1
181 694 1
181 725 1
181 732 1
181 735 1
181 773 1
181 904 1
182 200 1
182 211 1
182 350 1
182 418 1
182 522 1
182 545 1
183 384 1
183 779 1
185 450 1
186 262 1
186 617 1
187 415 1
188 228 1
188 240 1
188 256 1
188 335 1
189 629 1
189 674 1
189 870 1
190 643 1
190 648 1
190 719 1
191 255 1
191 268 1
191 459 1
191 488 1
191 842 1
192 248 1
192 285 1
192 332 1
192 343 1
192 385 1
192 393 1
192 534 1
192 866 1
193 388 1
193 448 1
193 557 1
193 730 1
193 897 1
193 919 1
193 971 1
193 996 1
194 249 1
194 364 1
194 410 1
194 516 1
195 764 1
195 852 1
196 226 1
196 497 1
196 950 1
196 991 1
197 278 1
198 245 1
198 413 1
198 934 1
199 398 1
200 390 1
201 692 1
202 467 1
202 654 1
202 956 1
203 237 1
203 360 1
203 532 1
204 329 1
204 408 1
205 232 1
205 260 1
205 357 1
205 830 1
206 231 1
206 258 1
206 555 1
206 831 1
207 228 1
207 323 1
207 434 1
207 472 1
207 547 1
207 956 1
208 578 1
208 925 1
209 225 1
209 234 1
209 360 1
209 493 1
209 755 1
210 341 1
211 952 1
212 619 1
212 877 1
213 435 1
213 621 1
214 835 1
215 457 1
215 527 1
216 351 1
216 606 1
216 715 1
217 573 1
217 734 1
218 224 1
218 310 1
218 558 1
218 627 1
218 675 1
218 996 1
219 290 1
219 384 1
219 525 1
220 227 1
220 346 1
220 496 1
220 515 1
220 669 1
221 254 1
221 271 1
221 417 1
221 459 1
221 475 1
221 490 1
221 581 1
221 696 1
221 739 1
221 836 1
221 900 1
221 976 1
222 283 1
222 289 1
222 344 1
222 347 1
222 657 1
222 860 1
222 892 1
223 266 1
223 308 1
223 358 1
223 490 1
223 836 1
223 885 1
224 284 1
225 264 1
225 320 1
225 353 1
225 485 1
225 513 1
225 573 1
225 574 1
225 830 1
225 948 1
225 949 1
225 969 1
226 309 1
226 908 1
227 238 1
227 657 1
228 245 1
228 330 1
228 389 1
228 415 1
228 420 1
228 432 1
228 475 1
228 499 1
228 504 1
228 587 1
228 698 1
228 838 1
229 244 1
229 309 1
229 348 1
229 349 1
229 352 1
229 377 1
229 408 1
229 571 1
229 600 1
229 791 1
229 829 1
229 903 1
229 905 1
230 273 1
230 340 1
230 573 1
231 252 1
231 356 1
231 426 1
231 479 1
231 604 1
231 714 1
233 543 1
234 558 1
234 812 1
235 727 1
235 942 1
236 261 1
236 266 1
236 298 1
236 395 1
236 443 1
236 514 1
236 645 1
236 660 1
236 671 1
236 844 1
236 902 1
237 990 1
238 331 1
238 359 1
238 547 1
239 473 1
239 524 1
239 674 1
239 681 1
240 306 1
240 416 1
240 608 1
240 623 1
240 746 1
241 269 1
241 387 1
241 492 1
241 520 1
241 593 1
241 648 1
241 876 1
242 466 1
242 665 1
242 726 1
242 745 1
243 991 1
244 306 1
244 321 1
244 367 1
244 488 1
244 611 1
245 268 1
245 315 1
245 415 1
245 536 1
245 738 1
245 769 1
245 793 1
245 917 1
245 921 1
246 763 1
246 858 1
246 1000 1
247 275 1
247 278 1
247 405 1
247 491 1
247 546 1
247 623 1
247 630 1
247 670 1
247 724 1
247 799 1
249 311 1
249 785 1
249 916 1
250 381 1
250 451 1
250 515 1
250 974 1
251 334 1
251 413 1
251 534 1
251 555 1
251 636 1
251 755 1
251 770 1
252 942 1
253 453 1
253 625 1
253 694 1
253 845 1
253 902 1
253 985 1
254 757 1
254 778 1
254 858 1
255 290 1
255 425 1
256 304 1
256 310 1
256 329 1
256 341 1
256 344 1
256 362 1
256 457 1
256 518 1
256 535 1
256 601 1
256 627 1
256 640 1
256 693 1
256 882 1
257 311 1
257 816 1
258 262 1
258 334 1
258 548 1
258 752 1
259 550 1
259 551 1
260 313 1
260 429 1
260 575 1
260 663 1
260 717 1
260 857 1
261 422 1
261 425 1
261 647 1
261 764 1
261 828 1
262 372 1
262 514 1
262 549 1
262 636 1
262 898 1
262 950 1
263 286 1
263 530 1
263 588 1
264 408 1
264 450 1
264 488 1
264 561 1
264 675 1
264 837 1
264 910 1
264 950 1
264 953 1
265 307 1
265 326 1
265 334 1
265 479 1
265 481 1
265 823 1
266 272 1
266 346 1
266 478 1
266 675 1
266 712 1
266 861 1
266 947 1
267 323 1
267 626 1
267 728 1
267 939 1
268 338 1
268 528 1
268 574 1
268 583 1
268 696 1
268 701 1
269 396 1
269 510 1
269 600 1
270 358 1
270 523 1
270 532 1
270 554 1
270 575 1
270 881 1
271 856 1
272 341 1
272 450 1
272 541 1
273 839 1
273 861 1
274 289 1
274 440 1
274 489 1
274 498 1
274 752 1
274 915 1
274 972 1
275 297 1
275 716 1
275 751 1
276 397 1
276 632 1
276 706 1
278 315 1
279 307 1
279 713 1
279 715 1
280 448 1
280 541 1
280 628 1
281 435 1
281 593 1
281 633 1
281 682 1
281 898 1
282 766 1
282 781 1
282 912 1
283 584 1
284 293 1
284 314 1
284 571 1
284 774 1
284 946 1
285 317 1
285 489 1
285 849 1
285 859 1
285 860 1
286 446 1
286 465 1
286 729 1
287 718 1
287 828 1
288 585 1
288 905 1
288 939 1
289 626 1
289 693 1
289 879 1
292 731 1
292 967 1
293 342 1
293 363 1
293 382 1
293 397 1
293 455 1
293 527 1
293 812 1
293 823 1
293 908 1
294 390 1
294 492 1
294 733 1
294 827 1
295 838 1
296 444 1
296 557 1
296 603 1
296 658 1
297 562 1
297 872 1
298 326 1
298 343 1
298 440 1
298 953 1
299 363 1
299 974 1
300 323 1
300 464 1
300 505 1
300 721 1
300 724 1
301 358 1
301 429 1
301 782 1
301 795 1
301 850 1
302 481 1
302 503 1
302 536 1
302 639 1
302 683 1
302 964 1
303 333 1
303 356 1
303 403 1
303 729 1
303 742 1
304 354 1
304 356 1
304 508 1
304 576 1
304 824 1
304 901 1
305 343 1
305 535 1
305 773 1
305 784 1
306 347 1
306 403 1
306 506 1
306 602 1
306 608 1
306 684 1
307 310 1
307 430 1
307 653 1
307 716 1
308 461 1
309 365 1
309 373 1
309 441 1
309 807 1
309 827 1
309 846 1
310 362 1
310 430 1
310 458 1
310 728 1
310 743 1
310 825 1
310 882 1
310 904 1
312 586 1
313 404 1
313 877 1
314 786 1
315 751 1
315 767 1
316 427 1
316 476 1
316 848 1
317 859 1
318 350 1
318 997 1
319 370 1
319 746 1
319 836 1
320 437 1
320 595 1
320 978 1
321 891 1
322 647 1
322 661 1
322 866 1
322 894 1
322 908 1
324 433 1
324 519 1
324 811 1
325 335 1
325 339 1
325 804 1
327 524 1
328 492 1
328 822 1
328 910 1
328 951 1
331 779 1
331 934 1
332 393 1
332 438 1
332 463 1
332 772 1
333 671 1
333 772 1
333 829 1
334 451 1
334 462 1
334 598 1
334 880 1
334 924 1
335 710 1
335 776 1
336 890 1
337 606 1
337 624 1
337 634 1
338 799 1
338 880 1
340 566 1
340 597 1
340 695 1
341 423 1
341 557 1
342 589 1
344 659 1
344 737 1
345 420 1
345 439 1
345 440 1
345 472 1
345 581 1
345 582 1
345 898 1
346 537 1
346 583 1
346 837 1
346 959 1
348 356 1
348 637 1
348 776 1
349 737 1
350 456 1
350 625 1
351 522 1
351 552 1
351 590 1
351 619 1
351 667 1
351 683 1
351 713 1
351 776 1
351 796 1
351 814 1
352 411 1
352 803 1
352 809 1
352 879 1
352 966 1
353 549 1
353 692 1
353 853 1
354 371 1
354 424 1
354 454 1
354 780 1
355 487 1
355 586 1
355 771 1
356 502 1
356 576 1
357 712 1
357 835 1
359 412 1
359 858 1
359 980 1
360 391 1
361 565 1
361 729 1
361 778 1
361 935 1
362 668 1
363 452 1
363 472 1
363 569 1
363 749 1
363 782 1
363 817 1
363 890 1
363 981 1
364 502 1
364 516 1
364 922 1
365 437 1
365 622 1
365 785 1
365 847 1
365 864 1
366 849 1
368 545 1
368 785 1
368 893 1
368 896 1
369 385 1
369 397 1
369 494 1
369 539 1
369 711 1
369 863 1
369 952 1
370 974 1
371 507 1
371 648 1
372 473 1
372 482 1
373 807 1
374 611 1
374 684 1
374 937 1
374 988 1
376 551 1
376 800 1
377 475 1
377 714 1
378 970 1
379 392 1
379 398 1
379 445 1
379 525 1
379 540 1
379 680 1
379 895 1
379 913 1
379 939 1
380 548 1
380 598 1
380 665 1
380 794 1
381 673 1
382 533 1
382 689 1
382 692 1
382 769 1
383 733 1
384 507 1
385 462 1
385 586 1
385 694 1
386 591 1
386 632 1
386 723 1
386 871 1
386 916 1
387 539 1
387 716 1
387 982 1
388 500 1
388 603 1
388 664 1
388 703 1
388 920 1
388 975 1
390 467 1
390 678 1
390 808 1
391 607 1
391 700 1
391 960 1
392 432 1
392 687 1
393 562 1
393 632 1
393 940 1
394 402 1
394 476 1
394 572 1
395 414 1
395 656 1
395 717 1
396 441 1
396 576 1
399 448 1
399 891 1
402 530 1
404 709 1
405 410 1
405 418 1
405 419 1
405 630 1
405 821 1
406 824 1
406 917 1
408 510 1
408 594 1
409 442 1
409 735 1
409 747 1
409 795 1
409 851 1
409 886 1
410 638 1
410 696 1
411 433 1
411 506 1
411 538 1
411 697 1
412 453 1
412 454 1
412 771 1
412 859 1
412 875 1
412 952 1
412 959 1
412 967 1
413 961 1
414 478 1
414 750 1
415 653 1
415 693 1
415 730 1
416 962 1
417 818 1
418 596 1
418 901 1
419 469 1
419 763 1
419 946 1
420 808 1
421 492 1
421 595 1
421 597 1
421 642 1
422 975 1
423 524 1
423 867 1
428 474 1
428 655 1
428 774 1
428 955 1
429 439 1
429 745 1
430 436 1
430 525 1
431 460 1
431 843 1
431 967 1
432 521 1
432 875 1
432 961 1
433 751 1
434 476 1
434 568 1
435 679 1
436 540 1
436 986 1
437 541 1
437 580 1
437 788 1
437 921 1
438 628 1
438 652 1
439 587 1
439 622 1
439 761 1
441 487 1
441 536 1
441 585 1
441 615 1
441 669 1
441 715 1
442 516 1
442 531 1
442 925 1
442 942 1
443 982 1
445 465 1
445 929 1
445 999 1
446 553 1
446 738 1
447 542 1
447 564 1
448 509 1
448 957 1
448 971 1
449 503 1
449 512 1
449 523 1
449 578 1
449 965 1
450 505 1
451 598 1
453 570 1
453 681 1
454 923 1
455 817 1
456 458 1
456 635 1
456 777 1
457 460 1
458 471 1
458 609 1
459 467 1
460 809 1
461 948 1
462 554 1
463 699 1
463 885 1
464 477 1
464 581 1
464 596 1
464 615 1
464 704 1
464 802 1
464 968 1
467 552 1
467 964 1
467 970 1
469 564 1
469 566 1
470 979 1
471 594 1
471 730 1
471 989 1
472 509 1
473 606 1
473 702 1
473 752 1
474 719 1
474 873 1
475 736 1
476 529 1
476 568 1
476 826 1
476 848 1
476 984 1
477 596 1
479 906 1
480 721 1
481 706 1
481 762 1
482 813 1
486 640 1
486 678 1
487 622 1
487 653 1
487 775 1
487 798 1
488 865 1
491 574 1
492 655 1
492 744 1
492 822 1
493 502 1
493 827 1
494 554 1
494 695 1
495 557 1
495 644 1
495 737 1
495 901 1
497 544 1
497 873 1
498 501 1
498 662 1
499 519 1
499 854 1
500 525 1
500 531 1
501 575 1
501 595 1
502 556 1
502 800 1
503 600 1
504 767 1
505 517 1
505 587 1
505 690 1
506 597 1
506 601 1
507 714 1
507 993 1
509 617 1
509 676 1
510 849 1
510 953 1
511 860 1
511 954 1
513 790 1
514 517 1
514 538 1
514 784 1
515 989 1
516 519 1
516 541 1
516 610 1
516 723 1
516 810 1
516 999 1
519 685 1
519 883 1
519 963 1
522 607 1
522 900 1
523 614 1
523 691 1
523 760 1
525 726 1
525 787 1
525 874 1
526 553 1
526 651 1
527 936 1
528 717 1
529 770 1
530 635 1
531 563 1
531 715 1
533 692 1
533 938 1
533 943 1
534 552 1
537 970 1
540 774 1
540 889 1
540 897 1
541 560 1
541 833 1
541 951 1
542 643 1
542 988 1
545 721 1
545 722 1
545 933 1
546 711 1
546 761 1
546 773 1
546 868 1
547 831 1
547 918 1
548 561 1
548 650 1
548 756 1
548 757 1
549 683 1
549 722 1
549 790 1
550 976 1
551 676 1
551 902 1
553 637 1
553 922 1
557 909 1
557 975 1
557 978 1
558 668 1
558 741 1
558 840 1
558 893 1
559 801 1
559 946 1
560 793 1
560 893 1
560 894 1
560 947 1
561 873 1
561 989 1
562 797 1
565 970 1
566 688 1
567 767 1
567 956 1
568 887 1
570 690 1
570 885 1
571 758 1
571 878 1
571 952 1
572 579 1
572 626 1
572 820 1
572 945 1
573 993 1
576 789 1
576 992 1
577 728 1
577 810 1
577 913 1
577 966 1
578 747 1
578 769 1
578 986 1
579 624 1
579 626 1
579 675 1
579 863 1
580 928 1
583 677 1
583 968 1
584 753 1
584 779 1
584 804 1
586 757 1
587 901 1
591 720 1
592 820 1
592 955 1
593 747 1
594 766 1
595 797 1
598 614 1
598 872 1
602 884 1
602 987 1
604 708 1
604 815 1
604 988 1
604 995 1
607 743 1
609 968 1
610 696 1
610 725 1
611 787 1
612 651 1
613 647 1
613 888 1
614 910 1
615 810 1
615 845 1
616 726 1
616 781 1
617 717 1
617 918 1
619 789 1
619 910 1
619 957 1
622 959 1
624 867 1
624 986 1
626 742 1
626 879 1
627 805 1
627 869 1
628 733 1
628 754 1
628 844 1
628 847 1
629 710 1
630 940 1
632 668 1
632 766 1
633 786 1
635 990 1
636 864 1
636 983 1
636 994 1
639 704 1
639 736 1
639 795 1
639 969 1
639 975 1
642 708 1
642 950 1
645 689 1
645 937 1
645 993 1
647 942 1
648 958 1
649 857 1
649 878 1
650 679 1
650 714 1
653 852 1
655 730 1
655 798 1
656 729 1
659 860 1
660 737 1
660 856 1
662 993 1
664 682 1
665 841 1
665 921 1
667 700 1
668 953 1
670 764 1
670 853 1
671 972 1
672 876 1
673 686 1
673 852 1
675 924 1
677 738 1
680 788 1
682 903 1
683 805 1
684 691 1
684 713 1
684 723 1
684 919 1
685 943 1
685 945 1
685 954 1
688 800 1
689 783 1
689 933 1
690 798 1
691 828 1
695 783 1
696 947 1
696 949 1
697 741 1
697 759 1
697 925 1
699 800 1
699 912 1
704 907 1
705 797 1
705 834 1
705 837 1
706 762 1
707 978 1
709 820 1
712 957 1
716 751 1
718 743 1
719 803 1
721 886 1
725 804 1
732 865 1
737 862 1
739 862 1
742 818 1
742 992 1
743 894 1
746 917 1
748 976 1
749 983 1
750 832 1
751 833 1
752 759 1
752 927 1
754 786 1
754 789 1
754 979 1
757 802 1
758 764 1
758 846 1
759 998 1
762 861 1
764 890 1
765 791 1
772 971 1
774 785 1
774 871 1
774 995 1
776 883 1
777 951 1
778 890 1
784 907 1
785 916 1
785 917 1
786 816 1
786 891 1
788 806 1
788 892 1
788 932 1
792 958 1
793 960 1
795 872 1
800 802 1
802 886 1
802 948 1
803 855 1
804 913 1
804 920 1
804 987 1
807 821 1
807 827 1
809 882 1
810 938 1
811 875 1
811 979 1
813 903 1
814 846 1
814 922 1
817 894 1
819 822 1
822 964 1
824 868 1
824 957 1
825 913 1
829 870 1
834 915 1
839 973 1
853 899 1
853 920 1
854 887 1
856 882 1
857 899 1
863 951 1
863 980 1
871 959 1
873 934 1
882 947 1
883 909 1
894 924 1
896 981 1
901 1000 1
906 966 1
906 984 1
909 980 1
915 949 1
922 927 1
923 928 1
925 965 1
934 985 1
935 976 1
956 995 1
960 979 1
981 982 1
