1000 3984 
1 5 1
1 7 1
1 8 1
1 11 1
1 40 1
1 52 1
1 56 1
1 58 1
1 63 1
1 109 1
1 125 1
1 127 1
1 134 1
1 144 1
1 161 1
1 163 1
1 169 1
1 185 1
1 193 1
1 202 1
1 228 1
1 252 1
1 265 1
1 285 1
1 340 1
1 350 1
1 356 1
1 368 1
1 398 1
1 446 1
1 501 1
1 506 1
1 519 1
1 537 1
1 556 1
1 575 1
1 580 1
1 583 1
1 595 1
1 614 1
1 633 1
1 660 1
1 671 1
1 727 1
1 739 1
1 776 1
1 805 1
1 826 1
1 828 1
1 845 1
1 858 1
1 889 1
1 902 1
1 925 1
1 942 1
1 976 1
1 998 1
2 5 1
2 6 1
2 10 1
2 18 1
2 20 1
2 43 1
2 48 1
2 53 1
2 65 1
2 71 1
2 73 1
2 76 1
2 87 1
2 93 1
2 98 1
2 115 1
2 124 1
2 136 1
2 140 1
2 156 1
2 160 1
2 161 1
2 167 1
2 222 1
2 254 1
2 262 1
2 264 1
2 346 1
2 392 1
2 409 1
2 425 1
2 431 1
2 436 1
2 444 1
2 466 1
2 474 1
2 475 1
2 590 1
2 631 1
2 635 1
2 638 1
2 650 1
2 657 1
2 726 1
2 736 1
2 744 1
2 752 1
2 774 1
2 785 1
2 790 1
2 817 1
2 841 1
2 886 1
2 945 1
2 949 1
2 992 1
3 5 1
3 6 1
3 7 1
3 14 1
3 19 1
3 27 1
3 54 1
3 65 1
3 132 1
3 220 1
3 222 1
3 223 1
3 286 1
3 302 1
3 308 1
3 370 1
3 387 1
3 415 1
3 522 1
3 570 1
3 602 1
3 649 1
3 806 1
3 958 1
4 5 1
4 6 1
4 7 1
4 8 1
4 9 1
4 10 1
4 12 1
4 15 1
4 17 1
4 20 1
4 21 1
4 22 1
4 25 1
4 37 1
4 38 1
4 40 1
4 42 1
4 66 1
4 69 1
4 84 1
4 85 1
4 87 1
4 91 1
4 92 1
4 101 1
4 111 1
4 154 1
4 159 1
4 167 1
4 175 1
4 185 1
4 200 1
4 211 1
4 212 1
4 217 1
4 247 1
4 277 1
4 291 1
4 293 1
4 301 1
4 335 1
4 338 1
4 347 1
4 366 1
4 386 1
4 397 1
4 409 1
4 429 1
4 447 1
4 456 1
4 457 1
4 464 1
4 467 1
4 519 1
4 550 1
4 563 1
4 628 1
4 630 1
4 636 1
4 649 1
4 650 1
4 658 1
4 664 1
4 672 1
4 689 1
4 761 1
4 784 1
4 789 1
4 803 1
4 806 1
4 828 1
4 881 1
4 957 1
4 993 1
5 6 1
5 7 1
5 8 1
5 9 1
5 10 1
5 12 1
5 13 1
5 14 1
5 15 1
5 16 1
5 24 1
5 25 1
5 29 1
5 30 1
5 31 1
5 32 1
5 39 1
5 47 1
5 52 1
5 68 1
5 81 1
5 85 1
5 96 1
5 97 1
5 100 1
5 106 1
5 107 1
5 119 1
5 123 1
5 129 1
5 137 1
5 139 1
5 141 1
5 151 1
5 152 1
5 157 1
5 161 1
5 168 1
5 179 1
5 191 1
5 198 1
5 204 1
5 221 1
5 225 1
5 241 1
5 247 1
5 257 1
5 270 1
5 274 1
5 295 1
5 316 1
5 337 1
5 343 1
5 383 1
5 393 1
5 400 1
5 414 1
5 422 1
5 433 1
5 464 1
5 517 1
5 518 1
5 525 1
5 553 1
5 567 1
5 597 1
5 628 1
5 633 1
5 635 1
5 703 1
5 713 1
5 770 1
5 793 1
5 794 1
5 838 1
5 847 1
5 864 1
5 907 1
5 912 1
5 913 1
5 937 1
5 938 1
5 946 1
5 952 1
5 957 1
5 971 1
5 996 1
6 11 1
6 18 1
6 19 1
6 22 1
6 23 1
6 28 1
6 30 1
6 33 1
6 36 1
6 38 1
6 47 1
6 54 1
6 58 1
6 63 1
6 77 1
6 84 1
6 92 1
6 93 1
6 102 1
6 104 1
6 107 1
6 113 1
6 124 1
6 126 1
6 135 1
6 143 1
6 215 1
6 220 1
6 249 1
6 265 1
6 281 1
6 288 1
6 307 1
6 313 1
6 358 1
6 381 1
6 390 1
6 395 1
6 412 1
6 425 1
6 427 1
6 429 1
6 441 1
6 442 1
6 454 1
6 461 1
6 462 1
6 467 1
6 482 1
6 494 1
6 512 1
6 523 1
6 528 1
6 538 1
6 544 1
6 588 1
6 602 1
6 612 1
6 622 1
6 690 1
6 709 1
6 719 1
6 729 1
6 735 1
6 766 1
6 853 1
6 927 1
6 970 1
6 990 1
7 8 1
7 9 1
7 10 1
7 12 1
7 13 1
7 18 1
7 21 1
7 40 1
7 43 1
7 53 1
7 57 1
7 58 1
7 64 1
7 68 1
7 88 1
7 97 1
7 109 1
7 171 1
7 192 1
7 201 1
7 204 1
7 217 1
7 233 1
7 236 1
7 244 1
7 268 1
7 269 1
7 278 1
7 279 1
7 307 1
7 311 1
7 330 1
7 338 1
7 347 1
7 359 1
7 361 1
7 369 1
7 384 1
7 400 1
7 401 1
7 404 1
7 420 1
7 427 1
7 473 1
7 522 1
7 532 1
7 559 1
7 569 1
7 593 1
7 655 1
7 664 1
7 765 1
7 781 1
7 805 1
7 811 1
7 830 1
7 898 1
7 929 1
7 942 1
8 9 1
8 11 1
8 13 1
8 15 1
8 17 1
8 20 1
8 23 1
8 25 1
8 36 1
8 40 1
8 46 1
8 55 1
8 56 1
8 61 1
8 62 1
8 63 1
8 64 1
8 83 1
8 99 1
8 104 1
8 113 1
8 118 1
8 140 1
8 147 1
8 194 1
8 240 1
8 246 1
8 288 1
8 297 1
8 301 1
8 315 1
8 321 1
8 340 1
8 369 1
8 379 1
8 406 1
8 417 1
8 445 1
8 452 1
8 484 1
8 485 1
8 496 1
8 553 1
8 557 1
8 576 1
8 601 1
8 617 1
8 623 1
8 639 1
8 648 1
8 665 1
8 696 1
8 713 1
8 736 1
8 761 1
8 768 1
8 772 1
8 774 1
8 778 1
8 790 1
8 823 1
8 847 1
8 854 1
8 856 1
8 870 1
8 872 1
8 906 1
9 11 1
9 22 1
9 26 1
9 28 1
9 32 1
9 33 1
9 35 1
9 36 1
9 41 1
9 48 1
9 77 1
9 79 1
9 110 1
9 128 1
9 135 1
9 147 1
9 155 1
9 156 1
9 159 1
9 166 1
9 184 1
9 189 1
9 196 1
9 205 1
9 208 1
9 216 1
9 298 1
9 314 1
9 328 1
9 360 1
9 363 1
9 420 1
9 421 1
9 425 1
9 446 1
9 586 1
9 587 1
9 606 1
9 616 1
9 658 1
9 659 1
9 670 1
9 671 1
9 688 1
9 692 1
9 709 1
9 746 1
9 749 1
9 751 1
9 756 1
9 835 1
9 852 1
9 868 1
9 958 1
9 959 1
9 962 1
9 983 1
10 21 1
10 30 1
10 75 1
10 106 1
10 113 1
10 114 1
10 182 1
10 255 1
10 286 1
10 312 1
10 389 1
10 608 1
10 629 1
10 659 1
10 837 1
11 12 1
11 13 1
11 14 1
11 15 1
11 16 1
11 17 1
11 18 1
11 31 1
11 33 1
11 39 1
11 41 1
11 44 1
11 49 1
11 55 1
11 57 1
11 65 1
11 67 1
11 71 1
11 72 1
11 77 1
11 82 1
11 108 1
11 112 1
11 124 1
11 135 1
11 150 1
11 164 1
11 177 1
11 178 1
11 209 1
11 211 1
11 220 1
11 227 1
11 231 1
11 234 1
11 267 1
11 282 1
11 310 1
11 319 1
11 323 1
11 345 1
11 348 1
11 353 1
11 364 1
11 380 1
11 383 1
11 388 1
11 413 1
11 423 1
11 451 1
11 465 1
11 476 1
11 488 1
11 515 1
11 517 1
11 540 1
11 564 1
11 593 1
11 640 1
11 641 1
11 652 1
11 653 1
11 656 1
11 674 1
11 680 1
11 686 1
11 694 1
11 796 1
11 832 1
11 834 1
11 849 1
11 866 1
11 876 1
11 932 1
11 941 1
11 966 1
11 977 1
11 983 1
11 999 1
12 14 1
12 16 1
12 31 1
12 42 1
12 51 1
12 66 1
12 85 1
12 95 1
12 118 1
12 120 1
12 121 1
12 127 1
12 170 1
12 172 1
12 177 1
12 186 1
12 192 1
12 197 1
12 258 1
12 266 1
12 272 1
12 284 1
12 287 1
12 289 1
12 358 1
12 410 1
12 431 1
12 492 1
12 541 1
12 552 1
12 566 1
12 617 1
12 713 1
12 733 1
12 740 1
12 741 1
12 782 1
12 821 1
12 826 1
12 859 1
12 925 1
12 956 1
12 958 1
13 17 1
13 19 1
13 26 1
13 27 1
13 28 1
13 30 1
13 37 1
13 44 1
13 45 1
13 59 1
13 61 1
13 70 1
13 78 1
13 80 1
13 85 1
13 93 1
13 94 1
13 134 1
13 154 1
13 168 1
13 172 1
13 173 1
13 182 1
13 191 1
13 194 1
13 203 1
13 204 1
13 214 1
13 221 1
13 231 1
13 236 1
13 252 1
13 265 1
13 291 1
13 295 1
13 296 1
13 310 1
13 313 1
13 316 1
13 391 1
13 405 1
13 433 1
13 452 1
13 481 1
13 528 1
13 531 1
13 535 1
13 539 1
13 615 1
13 637 1
13 670 1
13 672 1
13 706 1
13 740 1
13 757 1
13 820 1
13 827 1
13 870 1
13 893 1
13 900 1
13 917 1
14 16 1
14 34 1
14 35 1
14 47 1
14 50 1
14 52 1
14 54 1
14 59 1
14 61 1
14 64 1
14 68 1
14 70 1
14 75 1
14 78 1
14 88 1
14 98 1
14 103 1
14 105 1
14 114 1
14 126 1
14 128 1
14 137 1
14 147 1
14 157 1
14 166 1
14 191 1
14 200 1
14 238 1
14 258 1
14 260 1
14 280 1
14 297 1
14 298 1
14 317 1
14 336 1
14 346 1
14 351 1
14 357 1
14 370 1
14 371 1
14 381 1
14 387 1
14 388 1
14 405 1
14 408 1
14 417 1
14 441 1
14 482 1
14 484 1
14 506 1
14 524 1
14 540 1
14 553 1
14 565 1
14 575 1
14 590 1
14 634 1
14 675 1
14 682 1
14 707 1
14 785 1
14 892 1
14 900 1
14 909 1
14 912 1
14 922 1
14 927 1
15 22 1
15 36 1
15 48 1
15 56 1
15 57 1
15 108 1
15 145 1
15 240 1
15 251 1
15 289 1
15 347 1
15 359 1
15 412 1
15 479 1
15 565 1
15 600 1
15 607 1
15 659 1
15 727 1
15 739 1
15 851 1
15 927 1
16 20 1
16 23 1
16 27 1
16 35 1
16 41 1
16 42 1
16 69 1
16 103 1
16 151 1
16 195 1
16 201 1
16 202 1
16 208 1
16 218 1
16 256 1
16 309 1
16 462 1
16 650 1
16 734 1
16 759 1
16 899 1
17 19 1
17 21 1
17 24 1
17 28 1
17 31 1
17 59 1
17 68 1
17 104 1
17 116 1
17 117 1
17 136 1
17 137 1
17 163 1
17 175 1
17 187 1
17 203 1
17 223 1
17 235 1
17 244 1
17 259 1
17 273 1
17 300 1
17 302 1
17 303 1
17 325 1
17 348 1
17 353 1
17 384 1
17 396 1
17 455 1
17 495 1
17 512 1
17 545 1
17 558 1
17 577 1
17 580 1
17 594 1
17 666 1
17 693 1
17 745 1
17 747 1
17 761 1
17 791 1
17 793 1
17 812 1
17 818 1
17 870 1
17 893 1
17 920 1
17 958 1
17 965 1
17 978 1
18 24 1
18 32 1
18 35 1
18 37 1
18 38 1
18 46 1
18 50 1
18 70 1
18 80 1
18 86 1
18 109 1
18 153 1
18 187 1
18 195 1
18 197 1
18 199 1
18 211 1
18 215 1
18 229 1
18 237 1
18 269 1
18 274 1
18 276 1
18 280 1
18 311 1
18 327 1
18 330 1
18 335 1
18 342 1
18 357 1
18 424 1
18 493 1
18 496 1
18 609 1
18 629 1
18 676 1
18 722 1
18 751 1
18 774 1
18 861 1
18 892 1
18 934 1
18 991 1
19 23 1
19 33 1
19 37 1
19 48 1
19 52 1
19 60 1
19 90 1
19 131 1
19 138 1
19 158 1
19 164 1
19 166 1
19 183 1
19 206 1
19 242 1
19 282 1
19 283 1
19 296 1
19 390 1
19 414 1
19 436 1
19 545 1
19 558 1
19 583 1
19 586 1
19 587 1
19 618 1
19 667 1
19 673 1
19 683 1
19 702 1
19 815 1
19 856 1
19 970 1
20 25 1
20 26 1
20 29 1
20 34 1
20 45 1
20 73 1
20 78 1
20 81 1
20 83 1
20 113 1
20 134 1
20 136 1
20 141 1
20 149 1
20 150 1
20 162 1
20 202 1
20 210 1
20 211 1
20 258 1
20 288 1
20 322 1
20 323 1
20 362 1
20 412 1
20 457 1
20 483 1
20 489 1
20 498 1
20 554 1
20 556 1
20 566 1
20 697 1
20 707 1
20 716 1
20 720 1
20 780 1
20 781 1
20 791 1
20 829 1
20 945 1
20 978 1
21 43 1
21 46 1
21 57 1
21 62 1
21 65 1
21 69 1
21 75 1
21 86 1
21 132 1
21 133 1
21 150 1
21 208 1
21 229 1
21 250 1
21 274 1
21 276 1
21 312 1
21 322 1
21 398 1
21 416 1
21 451 1
21 562 1
21 592 1
21 593 1
21 694 1
21 696 1
21 775 1
21 815 1
21 841 1
21 903 1
21 935 1
21 995 1
22 24 1
22 29 1
22 32 1
22 49 1
22 56 1
22 67 1
22 98 1
22 179 1
22 206 1
22 209 1
22 210 1
22 214 1
22 284 1
22 295 1
22 364 1
22 407 1
22 450 1
22 516 1
22 692 1
22 698 1
22 723 1
22 768 1
22 921 1
22 931 1
22 940 1
23 26 1
23 34 1
23 38 1
23 42 1
23 43 1
23 45 1
23 53 1
23 62 1
23 67 1
23 86 1
23 110 1
23 112 1
23 123 1
23 130 1
23 133 1
23 135 1
23 142 1
23 152 1
23 180 1
23 187 1
23 196 1
23 197 1
23 202 1
23 230 1
23 243 1
23 260 1
23 263 1
23 315 1
23 329 1
23 336 1
23 341 1
23 379 1
23 399 1
23 423 1
23 424 1
23 427 1
23 428 1
23 432 1
23 456 1
23 461 1
23 470 1
23 490 1
23 559 1
23 649 1
23 693 1
23 774 1
23 787 1
23 797 1
23 808 1
23 820 1
23 845 1
23 850 1
23 929 1
23 956 1
24 34 1
24 39 1
24 64 1
24 90 1
24 101 1
24 176 1
24 177 1
24 181 1
24 216 1
24 235 1
24 246 1
24 263 1
24 399 1
24 456 1
24 502 1
25 27 1
25 44 1
25 142 1
25 145 1
25 165 1
25 205 1
25 212 1
25 258 1
25 299 1
25 322 1
25 327 1
25 331 1
25 334 1
25 382 1
25 407 1
25 408 1
25 435 1
25 478 1
25 514 1
25 562 1
25 634 1
25 643 1
25 650 1
25 668 1
25 671 1
25 690 1
25 698 1
25 724 1
25 750 1
25 832 1
25 965 1
25 982 1
26 44 1
26 45 1
26 49 1
26 103 1
26 115 1
26 126 1
26 127 1
26 153 1
26 158 1
26 181 1
26 203 1
26 225 1
26 241 1
26 253 1
26 271 1
26 346 1
26 470 1
26 526 1
26 529 1
26 584 1
26 664 1
26 668 1
26 715 1
26 744 1
26 811 1
26 823 1
26 883 1
26 949 1
26 976 1
27 73 1
27 84 1
27 91 1
27 111 1
27 153 1
27 175 1
27 186 1
27 248 1
27 253 1
27 312 1
27 372 1
27 496 1
27 887 1
27 986 1
28 29 1
28 46 1
28 58 1
28 74 1
28 81 1
28 92 1
28 102 1
28 104 1
28 114 1
28 116 1
28 117 1
28 176 1
28 198 1
28 205 1
28 219 1
28 226 1
28 246 1
28 249 1
28 277 1
28 342 1
28 441 1
28 454 1
28 474 1
28 527 1
28 570 1
28 572 1
28 626 1
28 684 1
28 688 1
28 769 1
28 795 1
28 901 1
28 947 1
28 965 1
29 183 1
29 186 1
29 227 1
29 239 1
29 324 1
29 431 1
29 440 1
29 647 1
29 689 1
29 960 1
30 41 1
30 50 1
30 60 1
30 119 1
30 121 1
30 136 1
30 171 1
30 233 1
30 245 1
30 296 1
30 376 1
30 584 1
30 689 1
30 696 1
30 817 1
30 818 1
30 896 1
31 50 1
31 53 1
31 77 1
31 82 1
31 279 1
31 377 1
31 996 1
32 54 1
32 72 1
32 74 1
32 89 1
32 120 1
32 123 1
32 160 1
32 246 1
32 255 1
32 269 1
32 270 1
32 507 1
32 678 1
32 680 1
32 700 1
32 819 1
32 875 1
32 925 1
32 976 1
33 51 1
33 96 1
33 132 1
33 164 1
33 179 1
33 217 1
33 247 1
33 267 1
33 327 1
33 359 1
33 386 1
33 529 1
33 576 1
33 596 1
33 626 1
33 629 1
33 661 1
33 704 1
33 705 1
33 717 1
33 720 1
33 730 1
33 821 1
33 932 1
34 51 1
34 59 1
34 67 1
34 76 1
34 78 1
34 79 1
34 100 1
34 111 1
34 116 1
34 180 1
34 182 1
34 196 1
34 235 1
34 236 1
34 239 1
34 294 1
34 303 1
34 306 1
34 309 1
34 326 1
34 378 1
34 385 1
34 404 1
34 483 1
34 520 1
34 534 1
34 573 1
34 621 1
34 653 1
34 700 1
34 801 1
34 803 1
34 813 1
34 821 1
34 836 1
35 105 1
35 305 1
36 47 1
36 69 1
36 86 1
36 148 1
36 149 1
36 190 1
36 230 1
36 239 1
36 253 1
36 255 1
36 373 1
36 401 1
36 409 1
36 571 1
36 643 1
36 657 1
36 701 1
36 839 1
36 918 1
36 937 1
36 942 1
37 39 1
37 55 1
37 93 1
37 127 1
37 148 1
37 219 1
37 287 1
37 309 1
37 439 1
37 502 1
37 674 1
37 708 1
37 840 1
38 55 1
38 83 1
38 146 1
38 279 1
38 347 1
38 373 1
38 413 1
38 437 1
38 448 1
38 588 1
38 626 1
38 757 1
38 963 1
38 979 1
38 985 1
39 71 1
39 72 1
39 75 1
39 84 1
39 125 1
39 133 1
39 197 1
39 228 1
39 248 1
39 259 1
39 308 1
39 460 1
39 470 1
39 483 1
39 561 1
39 880 1
39 980 1
40 62 1
40 184 1
40 207 1
40 283 1
40 305 1
40 380 1
40 477 1
40 495 1
40 573 1
40 710 1
40 792 1
40 828 1
40 938 1
41 122 1
41 173 1
41 223 1
41 224 1
41 256 1
41 392 1
41 458 1
41 462 1
41 647 1
41 887 1
41 935 1
42 88 1
42 269 1
42 362 1
42 432 1
42 459 1
42 554 1
42 564 1
42 576 1
42 865 1
43 66 1
43 131 1
43 407 1
43 458 1
43 685 1
43 728 1
43 842 1
43 872 1
43 968 1
44 82 1
44 89 1
44 96 1
44 106 1
44 155 1
44 181 1
44 222 1
44 384 1
44 432 1
44 825 1
44 977 1
45 51 1
45 61 1
45 95 1
45 110 1
45 126 1
45 134 1
45 145 1
45 152 1
45 153 1
45 158 1
45 215 1
45 225 1
45 226 1
45 277 1
45 401 1
45 419 1
45 427 1
45 434 1
45 553 1
45 588 1
45 623 1
45 770 1
45 783 1
45 813 1
45 825 1
45 833 1
45 846 1
45 868 1
46 148 1
46 529 1
46 638 1
46 995 1
47 422 1
48 49 1
48 60 1
48 109 1
48 143 1
48 192 1
48 198 1
48 237 1
48 292 1
48 301 1
48 315 1
48 318 1
48 335 1
48 341 1
48 358 1
48 515 1
48 522 1
48 592 1
48 614 1
48 853 1
48 964 1
49 80 1
49 83 1
49 88 1
49 112 1
49 133 1
49 159 1
49 182 1
49 189 1
49 193 1
49 194 1
49 206 1
49 231 1
49 254 1
49 283 1
49 293 1
49 323 1
49 350 1
49 353 1
49 385 1
49 391 1
49 394 1
49 416 1
49 493 1
49 669 1
49 753 1
49 891 1
49 924 1
50 90 1
50 95 1
50 209 1
50 710 1
50 766 1
50 819 1
50 890 1
50 936 1
50 992 1
51 120 1
51 185 1
51 212 1
51 242 1
51 248 1
51 260 1
51 314 1
51 451 1
51 485 1
51 619 1
51 699 1
51 715 1
51 737 1
51 747 1
51 773 1
52 74 1
52 166 1
52 231 1
52 240 1
52 343 1
52 487 1
52 641 1
52 712 1
53 112 1
53 196 1
53 253 1
53 365 1
53 581 1
53 618 1
53 619 1
53 624 1
53 741 1
53 843 1
54 63 1
54 66 1
54 70 1
54 72 1
54 79 1
54 82 1
54 102 1
54 121 1
54 128 1
54 140 1
54 183 1
54 215 1
54 263 1
54 264 1
54 357 1
54 389 1
54 397 1
54 408 1
54 434 1
54 468 1
54 549 1
54 613 1
54 632 1
54 685 1
54 719 1
54 743 1
54 842 1
54 933 1
55 60 1
55 71 1
55 87 1
55 100 1
55 145 1
55 146 1
55 462 1
55 568 1
55 628 1
55 642 1
55 701 1
55 851 1
55 923 1
56 91 1
56 94 1
56 115 1
56 144 1
56 186 1
56 188 1
56 281 1
56 321 1
56 328 1
56 366 1
56 407 1
56 505 1
56 508 1
56 548 1
56 694 1
56 782 1
56 974 1
57 99 1
57 108 1
57 144 1
57 149 1
57 242 1
57 363 1
57 498 1
57 922 1
58 105 1
58 117 1
58 141 1
58 156 1
58 219 1
58 259 1
58 310 1
58 373 1
58 397 1
58 438 1
58 748 1
58 907 1
58 946 1
59 94 1
59 98 1
59 108 1
59 121 1
59 173 1
59 203 1
59 224 1
59 242 1
59 254 1
59 307 1
59 394 1
59 402 1
59 424 1
59 450 1
59 479 1
59 518 1
59 575 1
59 606 1
59 716 1
59 758 1
59 867 1
59 894 1
59 899 1
59 911 1
59 943 1
59 997 1
60 81 1
60 103 1
60 124 1
60 128 1
60 142 1
60 229 1
60 256 1
60 280 1
60 284 1
60 497 1
60 542 1
60 551 1
60 712 1
60 714 1
60 746 1
60 880 1
60 981 1
61 76 1
61 89 1
61 116 1
61 193 1
61 210 1
61 254 1
61 275 1
61 574 1
61 620 1
61 786 1
61 797 1
61 830 1
61 845 1
61 848 1
61 981 1
62 101 1
62 119 1
62 143 1
62 224 1
62 257 1
62 328 1
62 357 1
62 544 1
62 561 1
62 569 1
62 644 1
62 673 1
63 97 1
63 99 1
63 102 1
63 115 1
63 188 1
63 189 1
63 233 1
63 353 1
63 361 1
63 402 1
63 403 1
63 469 1
63 526 1
63 582 1
63 609 1
63 630 1
63 633 1
63 750 1
63 894 1
63 926 1
64 73 1
64 114 1
64 541 1
64 574 1
64 581 1
64 612 1
64 625 1
64 643 1
64 693 1
64 748 1
64 760 1
64 812 1
64 994 1
65 89 1
65 150 1
65 154 1
65 333 1
65 344 1
65 440 1
65 489 1
65 513 1
65 530 1
65 594 1
65 702 1
66 92 1
66 95 1
66 99 1
66 105 1
66 125 1
66 139 1
66 227 1
66 262 1
66 390 1
66 391 1
66 429 1
66 453 1
66 524 1
66 545 1
66 663 1
66 691 1
67 79 1
67 107 1
67 125 1
67 138 1
67 190 1
67 213 1
67 230 1
67 235 1
67 251 1
67 330 1
67 364 1
67 396 1
67 463 1
67 520 1
67 546 1
67 579 1
67 620 1
67 631 1
67 725 1
67 731 1
67 789 1
67 799 1
67 816 1
67 877 1
67 903 1
67 911 1
67 932 1
67 939 1
67 940 1
67 956 1
67 971 1
67 997 1
67 999 1
68 74 1
68 90 1
68 130 1
68 164 1
68 248 1
68 461 1
68 569 1
68 611 1
68 631 1
68 756 1
68 776 1
68 820 1
68 993 1
69 101 1
69 217 1
69 380 1
69 394 1
69 538 1
69 952 1
70 87 1
70 201 1
70 417 1
70 481 1
70 509 1
70 751 1
70 788 1
71 146 1
71 180 1
71 361 1
71 367 1
71 372 1
71 859 1
71 861 1
71 875 1
72 118 1
72 366 1
72 450 1
72 530 1
72 671 1
72 705 1
72 837 1
73 76 1
73 107 1
73 119 1
73 129 1
73 146 1
73 192 1
73 244 1
73 294 1
73 371 1
73 385 1
73 411 1
73 453 1
73 511 1
73 521 1
73 714 1
73 839 1
73 876 1
73 953 1
73 959 1
73 992 1
74 120 1
74 138 1
74 259 1
74 308 1
74 415 1
74 440 1
74 577 1
74 951 1
75 562 1
75 608 1
75 630 1
75 694 1
75 915 1
75 930 1
76 100 1
76 160 1
76 168 1
76 173 1
76 193 1
76 236 1
76 351 1
76 428 1
76 439 1
76 450 1
76 460 1
76 546 1
76 601 1
76 606 1
76 892 1
77 201 1
77 207 1
77 270 1
77 299 1
77 333 1
77 374 1
77 404 1
77 476 1
77 522 1
77 662 1
77 749 1
77 874 1
78 129 1
78 130 1
78 266 1
78 325 1
78 479 1
78 752 1
79 80 1
79 759 1
79 969 1
80 220 1
80 232 1
80 285 1
80 372 1
80 379 1
80 400 1
80 487 1
80 539 1
80 571 1
80 648 1
80 731 1
80 809 1
80 850 1
80 954 1
81 172 1
81 250 1
81 271 1
81 272 1
81 304 1
81 308 1
81 346 1
81 352 1
81 376 1
81 445 1
81 546 1
81 563 1
81 607 1
81 688 1
81 734 1
81 814 1
81 832 1
81 943 1
81 996 1
82 139 1
82 178 1
82 209 1
82 270 1
82 288 1
82 344 1
82 443 1
82 517 1
82 724 1
82 733 1
82 931 1
82 948 1
83 94 1
83 147 1
83 188 1
83 233 1
83 306 1
83 558 1
83 668 1
83 967 1
83 981 1
84 96 1
84 97 1
84 131 1
84 161 1
84 327 1
84 336 1
84 349 1
84 364 1
84 421 1
84 437 1
84 491 1
84 531 1
84 557 1
84 574 1
84 692 1
84 721 1
84 771 1
84 850 1
84 931 1
84 953 1
85 117 1
85 249 1
85 277 1
85 290 1
85 302 1
85 408 1
85 425 1
85 548 1
85 682 1
85 835 1
86 358 1
86 579 1
86 602 1
86 982 1
86 988 1
87 118 1
87 159 1
87 163 1
87 264 1
87 448 1
87 508 1
87 513 1
87 560 1
87 791 1
87 810 1
87 879 1
87 923 1
88 106 1
88 122 1
88 245 1
88 290 1
88 337 1
88 378 1
88 422 1
88 532 1
89 439 1
89 459 1
89 624 1
89 920 1
90 91 1
90 138 1
90 178 1
90 434 1
90 622 1
90 681 1
90 686 1
90 917 1
90 993 1
91 178 1
91 540 1
91 587 1
91 622 1
91 725 1
91 763 1
91 809 1
91 859 1
91 891 1
91 954 1
92 111 1
92 123 1
92 129 1
92 162 1
92 174 1
92 181 1
92 221 1
92 245 1
92 273 1
92 316 1
92 343 1
92 363 1
92 370 1
92 435 1
92 443 1
92 474 1
92 537 1
92 614 1
92 775 1
92 796 1
92 824 1
92 853 1
92 860 1
92 914 1
92 933 1
92 949 1
93 131 1
93 167 1
93 333 1
93 446 1
93 544 1
94 137 1
94 195 1
94 221 1
94 223 1
94 249 1
94 268 1
94 304 1
94 511 1
94 603 1
94 630 1
94 879 1
94 934 1
94 974 1
95 169 1
95 232 1
95 301 1
95 491 1
95 803 1
95 821 1
96 543 1
97 214 1
97 362 1
97 403 1
97 521 1
97 637 1
97 770 1
98 162 1
98 169 1
98 307 1
98 332 1
98 339 1
98 377 1
98 598 1
99 122 1
99 130 1
99 287 1
99 368 1
99 386 1
99 470 1
99 860 1
100 342 1
100 761 1
101 243 1
101 303 1
101 306 1
101 344 1
101 662 1
102 334 1
102 516 1
102 610 1
102 808 1
103 154 1
103 156 1
103 184 1
103 350 1
103 395 1
103 419 1
103 542 1
103 600 1
103 710 1
103 972 1
103 988 1
104 331 1
104 575 1
104 788 1
104 792 1
104 863 1
104 867 1
105 110 1
105 139 1
105 317 1
105 367 1
105 437 1
105 744 1
105 804 1
105 847 1
105 1000 1
106 738 1
106 946 1
107 504 1
107 678 1
108 122 1
108 149 1
108 155 1
108 174 1
108 219 1
108 478 1
108 586 1
108 605 1
108 795 1
108 955 1
109 234 1
109 265 1
109 418 1
109 451 1
109 566 1
109 599 1
109 623 1
109 635 1
109 935 1
110 132 1
110 158 1
110 326 1
110 396 1
110 646 1
110 846 1
110 930 1
111 170 1
111 377 1
111 411 1
111 712 1
111 865 1
112 140 1
112 189 1
112 493 1
112 520 1
112 640 1
112 662 1
112 801 1
112 896 1
113 213 1
113 292 1
113 297 1
113 484 1
113 692 1
113 722 1
113 824 1
114 243 1
114 257 1
114 268 1
114 375 1
114 467 1
114 510 1
114 718 1
114 730 1
115 332 1
115 360 1
115 390 1
115 541 1
115 589 1
116 151 1
116 179 1
116 260 1
116 340 1
116 379 1
116 410 1
116 428 1
116 567 1
116 601 1
116 686 1
116 770 1
116 860 1
117 342 1
117 395 1
117 414 1
117 469 1
117 849 1
117 892 1
117 944 1
117 957 1
118 464 1
118 646 1
118 685 1
118 697 1
118 826 1
119 212 1
119 278 1
119 319 1
119 490 1
119 721 1
119 776 1
119 926 1
120 143 1
120 170 1
120 174 1
120 214 1
120 337 1
120 500 1
120 905 1
121 148 1
121 199 1
121 227 1
121 266 1
121 431 1
121 665 1
121 676 1
121 731 1
121 744 1
121 879 1
121 922 1
121 948 1
122 142 1
122 218 1
122 261 1
122 275 1
122 349 1
122 455 1
122 866 1
122 914 1
122 955 1
122 978 1
123 144 1
123 155 1
123 190 1
123 300 1
123 467 1
123 713 1
123 735 1
124 814 1
125 354 1
125 411 1
125 555 1
125 623 1
125 662 1
125 844 1
125 885 1
126 207 1
126 381 1
127 152 1
127 176 1
127 250 1
127 252 1
127 590 1
127 640 1
127 749 1
127 875 1
128 151 1
128 279 1
128 354 1
128 356 1
128 384 1
128 420 1
128 596 1
128 723 1
128 755 1
129 435 1
129 490 1
129 847 1
130 157 1
130 213 1
130 299 1
130 317 1
130 386 1
130 388 1
130 807 1
130 883 1
130 943 1
131 329 1
132 171 1
132 200 1
132 238 1
132 290 1
132 318 1
132 636 1
132 898 1
133 349 1
133 927 1
134 141 1
134 199 1
134 616 1
134 786 1
135 523 1
136 281 1
136 419 1
137 561 1
138 205 1
138 267 1
138 438 1
138 578 1
138 763 1
138 946 1
139 168 1
139 232 1
139 255 1
139 352 1
139 356 1
139 551 1
139 577 1
139 670 1
139 678 1
139 701 1
139 707 1
140 213 1
140 619 1
140 852 1
141 165 1
141 237 1
141 283 1
141 319 1
141 413 1
141 417 1
141 418 1
141 426 1
141 560 1
141 632 1
141 656 1
141 669 1
141 724 1
141 758 1
141 802 1
141 939 1
142 157 1
142 228 1
142 302 1
142 389 1
142 444 1
142 549 1
142 695 1
142 703 1
142 977 1
143 162 1
143 188 1
143 292 1
143 378 1
143 465 1
143 624 1
143 855 1
144 171 1
144 174 1
144 177 1
144 282 1
144 340 1
144 445 1
144 453 1
144 459 1
144 485 1
144 503 1
144 707 1
144 767 1
144 979 1
145 165 1
145 169 1
145 534 1
145 812 1
146 176 1
146 395 1
146 460 1
146 677 1
146 701 1
146 703 1
146 728 1
146 918 1
146 938 1
147 160 1
147 180 1
147 198 1
147 311 1
147 326 1
147 385 1
147 405 1
147 412 1
147 486 1
147 565 1
147 598 1
147 919 1
147 954 1
148 208 1
148 478 1
148 577 1
148 918 1
149 477 1
149 572 1
149 677 1
149 985 1
150 216 1
150 234 1
150 369 1
150 375 1
150 468 1
150 513 1
150 612 1
150 667 1
150 684 1
150 798 1
150 916 1
151 232 1
151 471 1
151 756 1
152 226 1
152 331 1
152 592 1
152 615 1
152 874 1
153 195 1
153 222 1
153 244 1
153 319 1
153 599 1
153 873 1
153 877 1
154 200 1
154 505 1
154 588 1
155 572 1
155 579 1
155 924 1
156 519 1
156 790 1
157 262 1
157 293 1
157 304 1
157 449 1
157 599 1
157 794 1
157 874 1
157 950 1
157 988 1
158 836 1
159 349 1
160 229 1
160 332 1
160 370 1
160 460 1
160 597 1
160 678 1
161 163 1
161 170 1
161 190 1
161 228 1
161 261 1
161 387 1
161 492 1
161 617 1
161 695 1
162 256 1
162 388 1
162 406 1
162 639 1
162 903 1
162 919 1
162 994 1
163 165 1
163 172 1
163 184 1
163 325 1
163 492 1
163 523 1
163 538 1
163 600 1
163 608 1
163 703 1
163 780 1
163 834 1
163 888 1
163 970 1
164 167 1
164 365 1
164 436 1
164 704 1
164 974 1
165 674 1
166 247 1
166 250 1
166 382 1
166 469 1
166 520 1
166 625 1
166 695 1
166 873 1
167 447 1
167 533 1
167 555 1
168 945 1
168 986 1
169 175 1
169 239 1
169 241 1
169 251 1
169 286 1
169 305 1
169 374 1
169 471 1
169 494 1
169 564 1
169 639 1
169 652 1
169 660 1
169 793 1
169 871 1
169 888 1
170 261 1
170 371 1
170 852 1
170 964 1
170 987 1
171 187 1
171 238 1
171 280 1
171 305 1
171 532 1
171 539 1
171 697 1
171 832 1
171 921 1
172 185 1
172 238 1
172 365 1
172 375 1
172 679 1
172 886 1
172 896 1
173 263 1
173 291 1
173 303 1
173 391 1
173 496 1
173 613 1
173 746 1
173 843 1
174 204 1
174 207 1
174 329 1
174 352 1
174 567 1
174 645 1
174 814 1
174 831 1
175 199 1
175 560 1
175 824 1
175 981 1
175 991 1
176 304 1
176 324 1
176 740 1
176 783 1
177 252 1
177 494 1
178 393 1
178 571 1
178 893 1
179 218 1
179 276 1
179 411 1
179 476 1
179 525 1
179 764 1
180 584 1
181 725 1
181 779 1
182 183 1
182 382 1
183 368 1
183 433 1
183 558 1
183 571 1
183 831 1
184 191 1
184 285 1
185 300 1
185 314 1
185 317 1
185 320 1
185 330 1
185 356 1
185 420 1
185 447 1
185 527 1
185 537 1
185 944 1
185 967 1
185 975 1
186 324 1
186 464 1
186 487 1
187 443 1
187 557 1
188 583 1
188 861 1
188 967 1
189 194 1
189 350 1
189 361 1
189 404 1
189 567 1
189 718 1
189 772 1
189 778 1
190 289 1
190 591 1
190 620 1
190 717 1
191 241 1
191 281 1
191 284 1
191 531 1
191 704 1
191 732 1
191 784 1
191 928 1
192 234 1
192 332 1
192 336 1
192 430 1
192 979 1
193 210 1
193 323 1
193 376 1
193 521 1
193 525 1
193 543 1
193 646 1
193 777 1
194 338 1
195 271 1
195 635 1
196 627 1
197 268 1
197 857 1
198 276 1
198 442 1
198 444 1
198 510 1
198 519 1
198 848 1
198 939 1
199 237 1
199 381 1
199 477 1
199 563 1
199 627 1
199 647 1
200 331 1
202 243 1
202 289 1
202 320 1
202 339 1
202 355 1
202 508 1
202 514 1
202 708 1
202 721 1
202 748 1
203 206 1
203 562 1
204 313 1
204 405 1
204 421 1
204 432 1
204 445 1
204 742 1
204 743 1
204 777 1
204 833 1
205 216 1
205 218 1
205 272 1
205 275 1
205 345 1
205 472 1
205 487 1
205 705 1
205 805 1
205 853 1
205 873 1
206 225 1
206 313 1
206 367 1
206 413 1
206 549 1
206 565 1
206 654 1
206 680 1
206 856 1
206 964 1
207 291 1
207 321 1
207 335 1
207 488 1
207 684 1
207 919 1
208 403 1
208 414 1
208 864 1
209 465 1
209 755 1
209 785 1
209 864 1
210 240 1
210 383 1
211 251 1
211 477 1
211 504 1
211 616 1
212 621 1
212 675 1
213 224 1
213 389 1
213 515 1
213 661 1
214 311 1
214 426 1
214 488 1
214 936 1
215 226 1
215 230 1
215 261 1
215 548 1
215 611 1
215 833 1
215 869 1
216 282 1
217 437 1
218 272 1
218 278 1
218 296 1
218 421 1
218 452 1
218 456 1
218 743 1
219 665 1
219 930 1
220 286 1
220 396 1
220 547 1
220 616 1
220 675 1
220 779 1
221 309 1
221 334 1
221 354 1
221 415 1
221 510 1
221 512 1
221 530 1
221 591 1
221 654 1
221 691 1
221 698 1
221 753 1
222 489 1
222 993 1
223 257 1
223 338 1
223 475 1
223 498 1
223 950 1
224 720 1
224 729 1
225 312 1
226 444 1
226 657 1
226 893 1
226 908 1
227 245 1
227 266 1
227 271 1
227 274 1
227 278 1
227 329 1
227 568 1
227 700 1
227 705 1
227 818 1
227 858 1
227 904 1
228 324 1
228 360 1
228 552 1
228 596 1
229 365 1
229 598 1
230 295 1
230 399 1
230 518 1
230 778 1
231 802 1
231 819 1
231 913 1
232 262 1
232 410 1
232 536 1
232 754 1
232 922 1
232 960 1
233 306 1
233 369 1
233 441 1
233 602 1
234 833 1
235 368 1
235 771 1
235 773 1
236 618 1
236 797 1
236 862 1
237 515 1
237 683 1
238 557 1
239 293 1
239 298 1
239 442 1
239 536 1
239 547 1
239 637 1
239 717 1
239 986 1
240 264 1
240 318 1
241 829 1
242 290 1
242 298 1
242 351 1
242 399 1
242 490 1
242 524 1
242 535 1
242 595 1
242 619 1
242 656 1
242 699 1
242 708 1
242 797 1
242 865 1
242 984 1
243 267 1
243 651 1
243 673 1
245 273 1
245 531 1
245 533 1
245 666 1
245 747 1
245 916 1
245 989 1
246 580 1
246 687 1
246 722 1
246 762 1
246 1000 1
247 604 1
247 772 1
247 904 1
248 366 1
248 448 1
248 534 1
248 641 1
248 645 1
248 856 1
249 348 1
250 273 1
250 351 1
250 466 1
250 527 1
250 795 1
250 826 1
251 345 1
251 355 1
251 601 1
251 996 1
252 474 1
252 560 1
252 655 1
252 881 1
252 987 1
253 505 1
254 794 1
255 294 1
256 362 1
256 618 1
256 638 1
256 904 1
257 339 1
257 513 1
257 782 1
257 882 1
257 950 1
258 458 1
258 514 1
258 528 1
258 929 1
258 972 1
259 316 1
259 448 1
259 499 1
259 503 1
259 644 1
259 710 1
259 726 1
260 287 1
260 294 1
260 318 1
260 393 1
260 482 1
260 555 1
260 591 1
260 656 1
260 750 1
260 947 1
261 371 1
261 508 1
261 765 1
261 885 1
262 285 1
262 321 1
262 430 1
262 475 1
262 854 1
262 871 1
263 403 1
263 461 1
263 604 1
263 613 1
263 755 1
263 859 1
263 969 1
265 604 1
265 858 1
265 902 1
266 300 1
266 378 1
266 424 1
266 481 1
266 511 1
266 611 1
266 691 1
266 706 1
266 802 1
267 634 1
269 454 1
269 501 1
269 554 1
269 607 1
269 652 1
269 830 1
269 937 1
270 275 1
270 297 1
270 320 1
270 430 1
270 624 1
270 753 1
270 795 1
270 844 1
271 548 1
271 587 1
271 589 1
271 846 1
271 889 1
271 923 1
272 552 1
273 373 1
273 449 1
273 679 1
273 914 1
274 578 1
274 730 1
275 320 1
275 502 1
275 516 1
275 909 1
277 343 1
277 372 1
277 471 1
277 595 1
278 418 1
278 556 1
278 594 1
278 654 1
278 762 1
278 783 1
278 827 1
278 929 1
279 315 1
279 564 1
279 592 1
279 634 1
279 818 1
279 854 1
279 920 1
280 603 1
280 632 1
281 798 1
282 598 1
283 310 1
283 447 1
283 484 1
283 578 1
283 621 1
284 292 1
284 341 1
284 348 1
284 416 1
284 828 1
286 492 1
286 749 1
286 769 1
286 778 1
288 334 1
288 503 1
288 732 1
289 463 1
289 499 1
290 551 1
290 688 1
290 714 1
290 740 1
290 809 1
290 897 1
290 912 1
291 672 1
291 676 1
293 402 1
293 485 1
293 489 1
293 499 1
293 537 1
293 570 1
293 769 1
293 860 1
293 910 1
294 363 1
294 452 1
294 472 1
294 480 1
294 483 1
294 500 1
294 507 1
294 511 1
294 800 1
294 905 1
295 299 1
296 902 1
296 949 1
297 653 1
297 689 1
299 339 1
299 374 1
299 398 1
299 543 1
300 333 1
300 419 1
300 585 1
300 735 1
300 825 1
300 848 1
301 822 1
301 827 1
301 913 1
302 387 1
302 392 1
302 418 1
302 665 1
302 751 1
302 763 1
302 971 1
302 989 1
303 380 1
303 434 1
303 521 1
303 670 1
303 863 1
303 869 1
303 883 1
303 934 1
304 322 1
304 359 1
304 585 1
304 603 1
304 683 1
304 768 1
305 463 1
305 544 1
305 556 1
306 326 1
306 367 1
306 901 1
307 314 1
307 328 1
307 455 1
307 491 1
307 655 1
307 961 1
309 360 1
309 700 1
309 752 1
309 837 1
310 375 1
310 727 1
310 802 1
311 426 1
311 428 1
311 864 1
311 884 1
311 885 1
311 914 1
312 393 1
312 468 1
312 775 1
312 862 1
312 894 1
313 355 1
313 377 1
313 438 1
313 495 1
313 570 1
313 606 1
313 649 1
313 789 1
313 915 1
313 973 1
313 992 1
314 990 1
315 455 1
315 580 1
315 878 1
315 903 1
315 906 1
316 337 1
316 415 1
316 506 1
316 668 1
316 672 1
316 750 1
316 792 1
316 823 1
316 900 1
316 915 1
316 955 1
317 341 1
317 355 1
317 525 1
317 581 1
317 771 1
317 959 1
319 394 1
319 402 1
320 753 1
321 699 1
322 401 1
322 582 1
322 651 1
322 728 1
322 745 1
323 325 1
324 542 1
324 969 1
325 610 1
325 930 1
325 982 1
326 550 1
326 851 1
327 479 1
327 799 1
329 430 1
329 574 1
329 647 1
329 777 1
329 798 1
329 817 1
329 871 1
329 990 1
330 352 1
330 397 1
331 345 1
331 473 1
331 476 1
331 897 1
332 615 1
332 807 1
332 851 1
333 344 1
333 439 1
333 446 1
333 735 1
334 449 1
334 466 1
334 509 1
334 532 1
334 628 1
334 966 1
335 706 1
336 383 1
336 491 1
336 814 1
336 815 1
337 374 1
337 473 1
337 517 1
337 673 1
337 759 1
338 559 1
338 858 1
338 918 1
339 610 1
339 625 1
339 782 1
340 502 1
340 644 1
340 898 1
341 406 1
342 443 1
342 947 1
343 788 1
344 757 1
344 886 1
345 510 1
345 600 1
346 702 1
346 764 1
346 872 1
346 911 1
346 967 1
347 835 1
347 876 1
347 974 1
348 422 1
348 660 1
348 916 1
349 354 1
349 466 1
349 573 1
349 590 1
349 731 1
349 849 1
349 940 1
350 429 1
351 382 1
354 500 1
354 741 1
355 409 1
355 755 1
357 603 1
357 972 1
358 406 1
358 528 1
358 561 1
358 569 1
358 585 1
359 669 1
360 524 1
360 742 1
361 633 1
362 400 1
362 506 1
362 589 1
362 711 1
362 932 1
363 526 1
363 779 1
363 868 1
364 438 1
364 583 1
364 589 1
364 617 1
364 738 1
364 921 1
365 472 1
365 505 1
365 642 1
365 645 1
365 813 1
366 535 1
366 758 1
367 845 1
367 863 1
368 493 1
369 681 1
370 465 1
370 507 1
370 536 1
370 737 1
370 738 1
372 435 1
372 457 1
372 597 1
372 708 1
373 376 1
373 453 1
374 638 1
375 499 1
375 530 1
375 627 1
376 398 1
376 639 1
376 966 1
378 857 1
378 935 1
379 426 1
379 494 1
379 625 1
379 810 1
380 683 1
380 1000 1
381 436 1
381 629 1
381 681 1
382 416 1
382 486 1
382 500 1
382 533 1
383 987 1
384 480 1
384 573 1
385 926 1
386 433 1
386 545 1
386 910 1
387 586 1
388 503 1
388 535 1
388 605 1
388 998 1
389 392 1
389 605 1
389 626 1
389 806 1
390 488 1
390 718 1
390 869 1
390 982 1
391 822 1
392 480 1
392 840 1
392 936 1
393 472 1
393 614 1
393 685 1
394 501 1
394 995 1
395 449 1
397 410 1
397 687 1
397 714 1
399 538 1
399 712 1
399 816 1
400 469 1
400 568 1
401 480 1
401 527 1
401 760 1
401 862 1
401 887 1
401 899 1
402 550 1
403 423 1
403 551 1
403 613 1
403 667 1
403 737 1
404 440 1
404 475 1
404 840 1
404 898 1
404 911 1
405 518 1
405 908 1
406 504 1
407 481 1
407 547 1
407 611 1
408 643 1
408 773 1
408 869 1
409 655 1
409 742 1
410 669 1
410 837 1
411 555 1
411 632 1
411 953 1
412 454 1
412 597 1
412 610 1
412 960 1
413 442 1
413 559 1
413 760 1
413 763 1
413 819 1
413 901 1
413 928 1
415 501 1
415 581 1
415 663 1
415 822 1
416 486 1
416 539 1
418 699 1
420 723 1
421 423 1
421 572 1
421 576 1
421 604 1
421 620 1
421 651 1
421 661 1
421 719 1
422 463 1
422 482 1
422 660 1
422 895 1
422 963 1
423 497 1
423 734 1
424 596 1
424 941 1
428 884 1
428 895 1
429 459 1
429 742 1
430 512 1
430 640 1
430 879 1
431 478 1
431 779 1
433 844 1
433 878 1
433 941 1
434 663 1
434 934 1
435 468 1
435 739 1
435 785 1
435 962 1
436 706 1
436 838 1
436 915 1
437 605 1
437 926 1
437 984 1
438 514 1
438 717 1
438 748 1
438 823 1
441 715 1
442 509 1
442 526 1
442 529 1
442 534 1
442 582 1
445 777 1
445 784 1
446 507 1
446 693 1
446 945 1
447 457 1
447 458 1
447 799 1
448 546 1
448 566 1
448 684 1
449 550 1
451 754 1
451 760 1
451 783 1
451 855 1
453 862 1
454 901 1
455 878 1
455 888 1
456 766 1
457 504 1
457 677 1
457 824 1
458 642 1
458 768 1
459 552 1
459 681 1
460 980 1
461 540 1
461 568 1
462 798 1
463 648 1
463 709 1
464 789 1
464 801 1
466 822 1
467 752 1
468 471 1
468 473 1
468 680 1
468 829 1
468 899 1
468 933 1
469 495 1
469 516 1
470 497 1
470 585 1
470 811 1
470 836 1
470 995 1
473 875 1
473 897 1
475 973 1
476 497 1
476 933 1
478 866 1
479 645 1
479 651 1
479 711 1
479 799 1
479 834 1
479 867 1
479 989 1
480 781 1
481 509 1
481 648 1
481 754 1
482 486 1
482 890 1
483 816 1
483 942 1
484 578 1
484 951 1
485 646 1
485 682 1
485 800 1
486 609 1
487 536 1
488 541 1
488 839 1
489 498 1
489 554 1
489 841 1
489 910 1
489 925 1
493 615 1
493 891 1
493 919 1
494 796 1
494 889 1
495 547 1
495 715 1
496 621 1
496 746 1
496 838 1
497 642 1
498 687 1
498 767 1
500 543 1
500 962 1
501 765 1
503 641 1
503 874 1
504 584 1
507 579 1
508 726 1
509 772 1
509 951 1
510 533 1
512 549 1
512 591 1
512 980 1
513 687 1
513 733 1
513 961 1
513 994 1
514 807 1
515 523 1
515 593 1
515 910 1
516 728 1
516 866 1
517 653 1
517 682 1
517 871 1
517 902 1
518 873 1
519 729 1
519 790 1
520 582 1
521 609 1
523 780 1
526 937 1
527 775 1
527 836 1
527 868 1
527 881 1
528 855 1
529 776 1
532 882 1
533 718 1
534 695 1
534 965 1
536 805 1
536 986 1
537 663 1
539 563 1
539 612 1
539 644 1
540 831 1
541 542 1
542 861 1
546 807 1
546 895 1
547 738 1
547 787 1
547 803 1
547 806 1
548 843 1
551 664 1
551 830 1
551 863 1
552 595 1
553 810 1
553 884 1
554 631 1
554 872 1
556 654 1
556 968 1
558 906 1
558 998 1
559 622 1
559 679 1
560 729 1
561 894 1
562 952 1
563 764 1
564 890 1
565 1000 1
566 848 1
567 657 1
567 923 1
569 840 1
570 636 1
570 720 1
570 968 1
570 973 1
571 809 1
573 813 1
573 838 1
573 908 1
574 767 1
575 607 1
576 730 1
577 812 1
577 886 1
577 900 1
579 599 1
580 754 1
580 762 1
580 792 1
580 842 1
581 766 1
582 745 1
582 758 1
583 594 1
583 804 1
588 627 1
588 897 1
589 841 1
590 697 1
590 719 1
591 698 1
593 727 1
593 921 1
594 666 1
594 820 1
595 704 1
596 652 1
597 675 1
597 690 1
597 846 1
597 882 1
598 702 1
598 817 1
599 739 1
599 796 1
600 666 1
602 659 1
603 852 1
604 658 1
605 608 1
605 998 1
606 762 1
606 951 1
607 677 1
607 870 1
608 734 1
610 877 1
610 938 1
610 963 1
612 709 1
615 661 1
615 696 1
615 736 1
615 786 1
616 711 1
618 800 1
619 787 1
619 889 1
620 825 1
621 636 1
621 905 1
621 907 1
621 975 1
622 767 1
625 686 1
629 757 1
630 690 1
630 691 1
630 936 1
632 637 1
632 794 1
632 816 1
632 849 1
634 920 1
638 679 1
639 773 1
639 908 1
640 658 1
640 732 1
642 909 1
643 743 1
643 804 1
644 975 1
645 741 1
645 834 1
647 674 1
647 736 1
647 780 1
648 786 1
649 865 1
650 989 1
651 721 1
651 745 1
652 985 1
653 787 1
653 857 1
653 878 1
654 722 1
657 716 1
657 980 1
658 732 1
661 676 1
661 724 1
665 667 1
666 916 1
669 909 1
671 759 1
672 733 1
673 978 1
674 725 1
681 917 1
683 804 1
687 788 1
688 756 1
688 839 1
689 844 1
690 991 1
691 939 1
693 854 1
693 867 1
696 723 1
700 716 1
700 944 1
700 987 1
702 977 1
703 711 1
710 726 1
710 876 1
711 781 1
713 961 1
714 907 1
715 747 1
716 963 1
716 979 1
717 831 1
717 970 1
719 764 1
720 737 1
720 827 1
720 883 1
721 801 1
722 857 1
724 835 1
724 885 1
726 843 1
729 842 1
729 890 1
737 905 1
738 880 1
739 962 1
740 896 1
741 784 1
741 928 1
742 952 1
743 906 1
746 765 1
746 793 1
747 771 1
747 881 1
748 994 1
749 769 1
751 815 1
753 880 1
760 800 1
763 882 1
765 855 1
765 888 1
770 943 1
771 931 1
775 808 1
777 928 1
779 917 1
780 791 1
780 808 1
780 964 1
781 810 1
787 811 1
787 891 1
787 948 1
794 941 1
794 950 1
798 884 1
801 887 1
807 895 1
809 954 1
811 948 1
814 829 1
815 973 1
818 956 1
823 976 1
824 924 1
827 983 1
829 944 1
834 850 1
835 947 1
836 972 1
840 999 1
844 904 1
846 877 1
847 940 1
852 959 1
853 997 1
854 913 1
865 984 1
869 969 1
874 955 1
875 957 1
885 912 1
892 960 1
898 985 1
899 953 1
904 961 1
916 924 1
925 966 1
927 999 1
931 984 1
936 991 1
938 983 1
944 975 1
949 968 1
950 988 1
958 971 1
960 990 1
987 997 1
