800 3184 
1 5 1
1 7 1
1 13 1
1 18 1
1 25 1
1 26 1
1 33 1
1 35 1
1 51 1
1 56 1
1 60 1
1 93 1
1 139 1
1 146 1
1 169 1
1 186 1
1 232 1
1 258 1
1 260 1
1 263 1
1 265 1
1 285 1
1 290 1
1 314 1
1 331 1
1 342 1
1 343 1
1 444 1
1 445 1
1 446 1
1 461 1
1 563 1
1 685 1
1 714 1
1 775 1
2 5 1
2 6 1
2 7 1
2 8 1
2 10 1
2 11 1
2 14 1
2 15 1
2 16 1
2 17 1
2 18 1
2 24 1
2 28 1
2 29 1
2 30 1
2 34 1
2 39 1
2 42 1
2 57 1
2 58 1
2 79 1
2 90 1
2 97 1
2 98 1
2 103 1
2 110 1
2 125 1
2 127 1
2 130 1
2 153 1
2 159 1
2 171 1
2 173 1
2 192 1
2 207 1
2 217 1
2 218 1
2 223 1
2 232 1
2 234 1
2 246 1
2 254 1
2 263 1
2 266 1
2 274 1
2 275 1
2 328 1
2 332 1
2 359 1
2 365 1
2 366 1
2 386 1
2 389 1
2 426 1
2 433 1
2 442 1
2 454 1
2 480 1
2 485 1
2 524 1
2 534 1
2 549 1
2 574 1
2 597 1
2 599 1
2 618 1
2 640 1
2 667 1
2 727 1
2 775 1
2 788 1
2 796 1
3 5 1
3 6 1
3 7 1
3 8 1
3 9 1
3 11 1
3 12 1
3 13 1
3 14 1
3 15 1
3 17 1
3 18 1
3 19 1
3 20 1
3 22 1
3 26 1
3 29 1
3 36 1
3 38 1
3 40 1
3 41 1
3 43 1
3 47 1
3 48 1
3 52 1
3 55 1
3 57 1
3 63 1
3 66 1
3 67 1
3 68 1
3 69 1
3 84 1
3 85 1
3 91 1
3 97 1
3 104 1
3 111 1
3 130 1
3 139 1
3 140 1
3 156 1
3 161 1
3 169 1
3 182 1
3 189 1
3 198 1
3 199 1
3 202 1
3 227 1
3 233 1
3 236 1
3 253 1
3 261 1
3 272 1
3 273 1
3 281 1
3 286 1
3 288 1
3 296 1
3 298 1
3 316 1
3 317 1
3 327 1
3 332 1
3 346 1
3 353 1
3 362 1
3 367 1
3 372 1
3 374 1
3 376 1
3 383 1
3 407 1
3 414 1
3 425 1
3 438 1
3 440 1
3 472 1
3 484 1
3 488 1
3 495 1
3 498 1
3 503 1
3 511 1
3 518 1
3 521 1
3 530 1
3 554 1
3 569 1
3 584 1
3 600 1
3 609 1
3 614 1
3 626 1
3 642 1
3 658 1
3 659 1
3 684 1
3 726 1
3 736 1
3 738 1
3 753 1
3 754 1
3 765 1
3 785 1
3 794 1
4 5 1
4 6 1
4 8 1
4 10 1
4 11 1
4 31 1
4 37 1
4 38 1
4 52 1
4 53 1
4 59 1
4 75 1
4 91 1
4 94 1
4 105 1
4 129 1
4 178 1
4 203 1
4 217 1
4 250 1
4 296 1
4 298 1
4 307 1
4 335 1
4 342 1
4 385 1
4 390 1
4 415 1
4 421 1
4 447 1
4 491 1
4 532 1
4 541 1
4 565 1
4 569 1
4 665 1
4 679 1
5 6 1
5 8 1
5 9 1
5 10 1
5 11 1
5 12 1
5 16 1
5 23 1
5 24 1
5 27 1
5 31 1
5 35 1
5 41 1
5 46 1
5 47 1
5 48 1
5 49 1
5 62 1
5 63 1
5 65 1
5 66 1
5 70 1
5 74 1
5 82 1
5 83 1
5 84 1
5 88 1
5 95 1
5 100 1
5 112 1
5 120 1
5 121 1
5 126 1
5 127 1
5 138 1
5 141 1
5 142 1
5 143 1
5 148 1
5 174 1
5 175 1
5 188 1
5 200 1
5 204 1
5 215 1
5 219 1
5 235 1
5 239 1
5 240 1
5 241 1
5 263 1
5 270 1
5 280 1
5 292 1
5 311 1
5 327 1
5 330 1
5 335 1
5 340 1
5 384 1
5 398 1
5 399 1
5 401 1
5 453 1
5 487 1
5 493 1
5 510 1
5 518 1
5 532 1
5 568 1
5 585 1
5 598 1
5 606 1
5 703 1
5 716 1
6 7 1
6 9 1
6 10 1
6 12 1
6 14 1
6 15 1
6 23 1
6 32 1
6 35 1
6 37 1
6 40 1
6 44 1
6 45 1
6 46 1
6 47 1
6 48 1
6 49 1
6 50 1
6 53 1
6 55 1
6 61 1
6 72 1
6 78 1
6 84 1
6 108 1
6 113 1
6 118 1
6 146 1
6 163 1
6 177 1
6 192 1
6 205 1
6 211 1
6 222 1
6 224 1
6 230 1
6 245 1
6 253 1
6 257 1
6 260 1
6 264 1
6 287 1
6 291 1
6 317 1
6 363 1
6 377 1
6 389 1
6 423 1
6 446 1
6 467 1
6 476 1
6 486 1
6 489 1
6 499 1
6 506 1
6 516 1
6 537 1
6 584 1
6 593 1
6 596 1
6 612 1
6 658 1
6 664 1
6 666 1
6 671 1
6 734 1
6 737 1
6 763 1
6 783 1
6 790 1
7 9 1
7 20 1
7 25 1
7 30 1
7 31 1
7 46 1
7 50 1
7 58 1
7 88 1
7 105 1
7 121 1
7 140 1
7 175 1
7 202 1
7 290 1
7 359 1
7 436 1
7 441 1
7 495 1
7 549 1
7 613 1
7 684 1
7 696 1
7 728 1
8 14 1
8 16 1
8 17 1
8 21 1
8 24 1
8 37 1
8 40 1
8 54 1
8 57 1
8 67 1
8 85 1
8 93 1
8 130 1
8 132 1
8 147 1
8 157 1
8 182 1
8 188 1
8 209 1
8 238 1
8 259 1
8 271 1
8 275 1
8 279 1
8 293 1
8 297 1
8 308 1
8 327 1
8 422 1
8 423 1
8 445 1
8 463 1
8 464 1
8 474 1
8 475 1
8 487 1
8 510 1
8 536 1
8 538 1
8 543 1
8 589 1
8 658 1
8 669 1
8 674 1
8 720 1
8 732 1
8 777 1
8 779 1
8 792 1
8 799 1
9 12 1
9 13 1
9 30 1
9 31 1
9 32 1
9 39 1
9 58 1
9 62 1
9 67 1
9 92 1
9 102 1
9 112 1
9 119 1
9 127 1
9 131 1
9 151 1
9 187 1
9 196 1
9 199 1
9 220 1
9 224 1
9 227 1
9 255 1
9 259 1
9 310 1
9 339 1
9 363 1
9 380 1
9 404 1
9 437 1
9 452 1
9 547 1
9 577 1
9 606 1
9 634 1
9 641 1
9 656 1
10 13 1
10 15 1
10 18 1
10 29 1
10 36 1
10 37 1
10 42 1
10 50 1
10 56 1
10 61 1
10 68 1
10 75 1
10 79 1
10 89 1
10 94 1
10 104 1
10 106 1
10 130 1
10 132 1
10 141 1
10 143 1
10 145 1
10 146 1
10 152 1
10 153 1
10 160 1
10 162 1
10 174 1
10 181 1
10 225 1
10 240 1
10 241 1
10 256 1
10 259 1
10 274 1
10 278 1
10 295 1
10 304 1
10 384 1
10 395 1
10 415 1
10 428 1
10 443 1
10 449 1
10 464 1
10 492 1
10 521 1
10 539 1
10 629 1
10 635 1
10 641 1
10 644 1
10 653 1
10 676 1
10 698 1
10 703 1
10 704 1
10 729 1
10 734 1
10 769 1
11 17 1
11 19 1
11 22 1
11 25 1
11 42 1
11 49 1
11 71 1
11 74 1
11 84 1
11 86 1
11 90 1
11 95 1
11 101 1
11 118 1
11 129 1
11 134 1
11 152 1
11 161 1
11 183 1
11 228 1
11 280 1
11 313 1
11 336 1
11 354 1
11 382 1
11 444 1
11 447 1
11 468 1
11 485 1
11 495 1
11 500 1
11 508 1
11 516 1
11 534 1
11 552 1
11 577 1
11 621 1
11 659 1
11 671 1
11 742 1
11 755 1
11 762 1
12 19 1
12 62 1
12 136 1
12 137 1
12 141 1
12 156 1
12 183 1
12 232 1
12 258 1
12 378 1
12 656 1
12 722 1
12 737 1
13 16 1
13 21 1
13 28 1
13 53 1
13 54 1
13 96 1
13 98 1
13 120 1
13 133 1
13 142 1
13 171 1
13 185 1
13 198 1
13 206 1
13 237 1
13 388 1
13 406 1
13 489 1
13 620 1
14 19 1
14 44 1
14 59 1
14 65 1
14 73 1
14 110 1
14 125 1
14 144 1
14 158 1
14 195 1
14 221 1
14 251 1
14 254 1
14 266 1
14 296 1
14 397 1
14 399 1
14 415 1
14 416 1
14 422 1
14 448 1
14 450 1
14 465 1
14 502 1
14 545 1
14 607 1
14 632 1
14 638 1
14 692 1
15 20 1
15 44 1
15 51 1
15 62 1
15 66 1
15 72 1
15 89 1
15 99 1
15 122 1
15 175 1
15 211 1
15 218 1
15 285 1
15 325 1
15 386 1
15 390 1
15 448 1
15 451 1
15 458 1
15 493 1
15 512 1
15 535 1
15 626 1
15 629 1
15 655 1
15 702 1
15 710 1
15 740 1
15 766 1
15 795 1
16 21 1
16 23 1
16 26 1
16 27 1
16 32 1
16 34 1
16 36 1
16 38 1
16 44 1
16 51 1
16 54 1
16 74 1
16 110 1
16 119 1
16 138 1
16 144 1
16 184 1
16 205 1
16 231 1
16 252 1
16 260 1
16 299 1
16 301 1
16 304 1
16 309 1
16 318 1
16 337 1
16 345 1
16 348 1
16 352 1
16 398 1
16 434 1
16 440 1
16 452 1
16 472 1
16 521 1
16 522 1
16 541 1
16 603 1
16 643 1
16 665 1
16 705 1
16 764 1
17 28 1
17 43 1
17 52 1
17 92 1
17 118 1
17 207 1
17 497 1
17 595 1
17 732 1
18 22 1
18 24 1
18 33 1
18 42 1
18 71 1
18 76 1
18 81 1
18 110 1
18 111 1
18 116 1
18 132 1
18 135 1
18 137 1
18 201 1
18 244 1
18 250 1
18 351 1
18 361 1
18 385 1
18 405 1
18 483 1
18 504 1
18 525 1
18 532 1
18 579 1
18 622 1
18 730 1
18 786 1
19 20 1
19 21 1
19 25 1
19 27 1
19 29 1
19 34 1
19 35 1
19 36 1
19 45 1
19 54 1
19 64 1
19 67 1
19 77 1
19 120 1
19 149 1
19 166 1
19 173 1
19 197 1
19 210 1
19 284 1
19 339 1
19 401 1
19 403 1
19 414 1
19 435 1
19 530 1
19 554 1
19 657 1
19 668 1
19 716 1
19 774 1
19 782 1
19 798 1
20 41 1
20 46 1
20 77 1
20 148 1
20 172 1
20 183 1
20 329 1
20 447 1
20 490 1
20 523 1
20 582 1
20 598 1
20 620 1
20 689 1
20 741 1
20 785 1
21 22 1
21 23 1
21 28 1
21 30 1
21 48 1
21 60 1
21 107 1
21 115 1
21 129 1
21 150 1
21 161 1
21 185 1
21 187 1
21 224 1
21 240 1
21 243 1
21 265 1
21 270 1
21 274 1
21 279 1
21 289 1
21 299 1
21 314 1
21 340 1
21 423 1
21 439 1
21 441 1
21 455 1
21 517 1
21 519 1
21 581 1
21 610 1
21 615 1
21 621 1
21 652 1
21 682 1
21 743 1
21 768 1
21 781 1
21 799 1
22 26 1
22 33 1
22 52 1
22 64 1
22 90 1
22 116 1
22 154 1
22 167 1
22 193 1
22 202 1
22 282 1
22 323 1
22 332 1
22 373 1
22 382 1
22 468 1
22 502 1
22 606 1
22 696 1
22 729 1
22 749 1
22 773 1
23 27 1
23 34 1
23 43 1
23 60 1
23 83 1
23 225 1
23 247 1
23 249 1
23 403 1
23 480 1
23 489 1
23 717 1
24 55 1
24 72 1
24 78 1
24 101 1
24 106 1
24 124 1
24 160 1
24 190 1
24 213 1
24 285 1
24 355 1
24 359 1
24 396 1
24 408 1
24 454 1
24 484 1
24 679 1
24 696 1
24 718 1
24 755 1
25 32 1
25 45 1
25 47 1
25 65 1
25 76 1
25 80 1
25 123 1
25 134 1
25 150 1
25 163 1
25 222 1
25 228 1
25 252 1
25 301 1
25 317 1
25 336 1
25 354 1
25 374 1
25 411 1
25 439 1
25 469 1
25 475 1
25 559 1
25 646 1
25 647 1
25 653 1
25 675 1
25 749 1
25 775 1
26 33 1
26 61 1
26 69 1
26 80 1
26 90 1
26 100 1
26 109 1
26 128 1
26 133 1
26 184 1
26 194 1
26 214 1
26 244 1
26 268 1
26 305 1
26 340 1
26 348 1
26 396 1
26 408 1
26 436 1
26 499 1
26 561 1
26 603 1
26 713 1
27 40 1
27 69 1
27 79 1
27 82 1
27 117 1
27 126 1
27 136 1
27 144 1
27 188 1
27 191 1
27 221 1
27 284 1
27 474 1
27 476 1
27 553 1
27 676 1
27 686 1
27 757 1
27 765 1
28 39 1
28 50 1
28 53 1
28 59 1
28 64 1
28 81 1
28 95 1
28 105 1
28 112 1
28 155 1
28 157 1
28 165 1
28 166 1
28 168 1
28 179 1
28 189 1
28 208 1
28 212 1
28 215 1
28 249 1
28 272 1
28 273 1
28 324 1
28 460 1
28 490 1
28 491 1
28 511 1
28 538 1
28 567 1
28 572 1
28 578 1
28 592 1
28 612 1
28 625 1
28 653 1
28 692 1
28 702 1
28 719 1
28 781 1
29 38 1
29 56 1
29 78 1
29 89 1
29 119 1
29 155 1
29 208 1
29 238 1
29 536 1
29 724 1
29 761 1
30 59 1
30 86 1
30 139 1
30 192 1
30 229 1
30 318 1
30 455 1
30 523 1
30 577 1
30 619 1
30 759 1
30 772 1
31 51 1
31 63 1
31 68 1
31 92 1
31 184 1
31 421 1
31 626 1
32 56 1
32 87 1
32 116 1
32 147 1
32 149 1
32 272 1
32 313 1
32 439 1
32 600 1
32 677 1
32 725 1
32 732 1
32 756 1
32 779 1
33 45 1
33 70 1
33 87 1
33 102 1
33 114 1
33 168 1
33 170 1
33 432 1
33 440 1
33 443 1
33 579 1
33 702 1
34 39 1
34 41 1
34 61 1
34 65 1
34 88 1
34 112 1
34 117 1
34 125 1
34 134 1
34 146 1
34 196 1
34 207 1
34 292 1
34 293 1
34 349 1
34 359 1
34 368 1
34 575 1
34 619 1
34 630 1
34 662 1
34 783 1
35 60 1
35 115 1
35 131 1
35 164 1
35 174 1
35 221 1
35 253 1
35 295 1
35 410 1
35 412 1
35 496 1
35 553 1
35 616 1
35 739 1
36 131 1
36 181 1
36 219 1
36 223 1
36 237 1
36 347 1
36 394 1
36 421 1
36 492 1
36 593 1
36 659 1
36 737 1
36 797 1
37 71 1
37 108 1
37 114 1
37 129 1
37 162 1
37 165 1
37 190 1
37 200 1
37 213 1
37 246 1
37 275 1
37 330 1
37 345 1
37 426 1
37 535 1
37 566 1
37 655 1
37 750 1
38 68 1
38 71 1
38 77 1
38 94 1
38 135 1
38 145 1
38 154 1
38 157 1
38 193 1
38 236 1
38 241 1
38 320 1
38 386 1
38 398 1
38 446 1
38 453 1
38 464 1
38 476 1
38 498 1
38 513 1
38 521 1
38 544 1
38 621 1
38 654 1
38 701 1
38 734 1
39 43 1
39 80 1
39 81 1
39 91 1
39 154 1
39 180 1
39 411 1
39 416 1
39 425 1
39 560 1
40 87 1
40 99 1
40 109 1
40 147 1
40 156 1
40 178 1
40 220 1
40 222 1
40 342 1
40 392 1
40 442 1
40 454 1
40 473 1
40 635 1
40 656 1
40 762 1
40 778 1
40 780 1
41 58 1
41 100 1
41 104 1
41 107 1
41 150 1
41 153 1
41 226 1
41 331 1
41 627 1
41 660 1
42 49 1
42 66 1
42 114 1
42 203 1
42 251 1
42 283 1
42 318 1
42 472 1
42 565 1
42 673 1
43 57 1
43 91 1
43 92 1
43 113 1
43 122 1
43 123 1
43 124 1
43 209 1
43 267 1
43 322 1
43 345 1
43 368 1
43 422 1
43 465 1
43 471 1
43 511 1
43 546 1
43 549 1
43 643 1
43 680 1
43 717 1
43 728 1
44 63 1
44 76 1
44 302 1
44 315 1
44 366 1
44 408 1
45 85 1
45 132 1
45 294 1
45 397 1
45 416 1
45 453 1
45 502 1
45 526 1
45 586 1
45 650 1
45 669 1
45 702 1
45 761 1
46 101 1
46 117 1
46 149 1
46 163 1
46 341 1
46 432 1
47 93 1
47 96 1
47 150 1
47 288 1
47 347 1
47 477 1
47 770 1
48 125 1
48 152 1
48 226 1
48 251 1
48 270 1
48 378 1
48 506 1
48 583 1
49 76 1
49 93 1
49 102 1
49 103 1
49 114 1
49 128 1
49 194 1
49 366 1
49 534 1
49 617 1
49 631 1
49 775 1
50 108 1
50 151 1
50 189 1
50 210 1
50 216 1
50 299 1
50 438 1
50 514 1
50 647 1
51 55 1
51 605 1
51 617 1
51 742 1
52 274 1
53 94 1
53 136 1
53 143 1
53 147 1
53 289 1
53 294 1
53 324 1
53 401 1
53 403 1
53 555 1
53 576 1
53 585 1
53 687 1
53 695 1
53 707 1
53 769 1
53 790 1
54 82 1
54 121 1
54 190 1
54 208 1
55 79 1
55 97 1
55 105 1
55 158 1
55 167 1
55 198 1
55 213 1
55 450 1
55 568 1
55 649 1
55 742 1
55 758 1
56 64 1
56 75 1
56 106 1
56 122 1
56 126 1
56 135 1
56 169 1
56 183 1
56 191 1
56 244 1
56 286 1
56 322 1
56 389 1
56 399 1
56 414 1
56 440 1
56 459 1
56 463 1
56 644 1
57 70 1
57 101 1
57 194 1
57 225 1
57 276 1
57 358 1
57 432 1
57 493 1
57 568 1
57 617 1
57 743 1
58 87 1
58 89 1
58 176 1
58 213 1
58 224 1
58 253 1
58 459 1
58 541 1
58 574 1
58 591 1
58 599 1
58 666 1
58 772 1
58 791 1
59 139 1
59 148 1
59 226 1
59 269 1
59 304 1
59 353 1
59 376 1
59 384 1
59 509 1
59 573 1
59 613 1
59 633 1
59 638 1
59 713 1
59 784 1
60 83 1
60 85 1
60 115 1
60 247 1
60 298 1
60 379 1
60 425 1
60 444 1
60 480 1
60 631 1
60 698 1
61 264 1
61 337 1
61 494 1
61 671 1
61 698 1
61 736 1
61 772 1
62 86 1
62 141 1
62 209 1
63 73 1
63 119 1
63 124 1
63 172 1
63 727 1
64 346 1
64 349 1
64 357 1
64 574 1
64 710 1
65 88 1
65 176 1
65 185 1
65 517 1
65 612 1
65 701 1
65 707 1
66 185 1
66 305 1
66 344 1
66 406 1
66 431 1
66 443 1
66 779 1
67 69 1
67 73 1
67 83 1
67 96 1
67 117 1
67 123 1
67 208 1
67 218 1
67 248 1
67 273 1
67 474 1
67 563 1
67 718 1
68 70 1
68 160 1
69 72 1
69 204 1
69 278 1
69 312 1
69 392 1
69 533 1
70 186 1
70 254 1
70 363 1
70 430 1
70 457 1
70 469 1
71 167 1
71 230 1
71 320 1
71 325 1
71 358 1
71 391 1
71 475 1
71 514 1
71 595 1
71 621 1
71 664 1
71 672 1
71 728 1
72 73 1
72 77 1
72 86 1
72 95 1
72 177 1
72 197 1
72 203 1
72 308 1
72 352 1
72 357 1
72 379 1
72 571 1
72 578 1
72 589 1
72 706 1
72 712 1
72 776 1
72 792 1
73 74 1
73 75 1
73 80 1
73 102 1
73 103 1
73 162 1
73 164 1
73 180 1
73 201 1
73 225 1
73 231 1
73 273 1
73 394 1
73 405 1
73 491 1
73 510 1
73 542 1
73 591 1
73 620 1
73 668 1
74 118 1
74 122 1
74 168 1
74 187 1
74 197 1
74 262 1
74 341 1
74 356 1
74 365 1
74 392 1
74 457 1
74 549 1
74 697 1
74 773 1
75 78 1
75 159 1
75 237 1
75 242 1
75 258 1
75 293 1
75 309 1
75 351 1
75 402 1
75 503 1
75 603 1
75 655 1
76 81 1
76 136 1
76 155 1
76 312 1
76 315 1
76 327 1
76 328 1
76 375 1
76 407 1
76 417 1
76 565 1
76 575 1
76 773 1
77 82 1
77 219 1
77 390 1
77 450 1
77 651 1
78 99 1
78 258 1
78 356 1
78 685 1
79 97 1
79 249 1
79 331 1
79 406 1
79 639 1
80 159 1
80 167 1
80 184 1
80 217 1
80 308 1
80 360 1
80 418 1
80 473 1
80 507 1
80 594 1
80 611 1
80 751 1
81 133 1
81 345 1
81 407 1
81 516 1
81 746 1
81 793 1
82 98 1
82 128 1
82 216 1
82 221 1
82 333 1
82 777 1
83 227 1
83 324 1
83 362 1
83 380 1
83 409 1
83 525 1
83 586 1
83 588 1
83 604 1
84 153 1
84 159 1
84 219 1
84 223 1
84 301 1
84 311 1
84 318 1
84 420 1
84 430 1
84 581 1
84 586 1
84 618 1
84 723 1
84 746 1
85 124 1
85 215 1
85 326 1
85 602 1
86 116 1
86 343 1
86 508 1
86 740 1
87 576 1
88 227 1
88 262 1
88 280 1
89 104 1
89 218 1
89 305 1
89 310 1
89 346 1
89 353 1
89 424 1
89 513 1
89 543 1
89 592 1
89 771 1
90 212 1
90 251 1
90 352 1
90 354 1
90 363 1
90 379 1
90 431 1
90 568 1
90 664 1
91 163 1
91 242 1
91 302 1
91 436 1
91 736 1
91 780 1
92 108 1
92 166 1
92 181 1
92 243 1
92 329 1
92 330 1
92 338 1
92 395 1
92 542 1
92 573 1
93 99 1
93 103 1
93 151 1
93 375 1
93 538 1
93 616 1
93 763 1
94 106 1
94 109 1
94 137 1
94 164 1
94 181 1
94 200 1
94 280 1
94 297 1
94 344 1
94 350 1
94 351 1
94 364 1
94 369 1
94 370 1
94 378 1
94 410 1
94 528 1
94 555 1
94 592 1
94 597 1
94 639 1
94 694 1
94 747 1
95 96 1
95 145 1
95 161 1
95 195 1
95 211 1
95 229 1
95 335 1
95 362 1
95 450 1
95 518 1
95 527 1
95 564 1
95 569 1
95 692 1
96 107 1
96 179 1
96 669 1
96 673 1
97 98 1
97 100 1
97 160 1
97 409 1
97 480 1
97 539 1
97 631 1
98 138 1
98 171 1
98 365 1
98 461 1
98 579 1
98 629 1
98 636 1
98 678 1
98 712 1
98 768 1
99 109 1
99 113 1
99 151 1
99 174 1
99 310 1
99 311 1
99 459 1
99 562 1
99 657 1
99 683 1
99 731 1
100 179 1
100 231 1
100 512 1
100 562 1
101 169 1
101 194 1
101 201 1
101 256 1
101 281 1
101 282 1
101 330 1
101 360 1
101 783 1
102 128 1
102 229 1
102 231 1
102 239 1
102 602 1
102 631 1
103 172 1
103 192 1
103 279 1
103 285 1
103 479 1
103 540 1
103 680 1
103 704 1
103 750 1
103 752 1
103 761 1
104 168 1
104 193 1
104 296 1
104 298 1
104 307 1
104 314 1
104 372 1
104 513 1
104 642 1
104 711 1
105 154 1
105 189 1
105 723 1
106 107 1
106 111 1
106 113 1
106 120 1
106 135 1
106 271 1
106 300 1
106 308 1
106 323 1
106 353 1
106 449 1
106 501 1
106 679 1
106 695 1
106 707 1
106 730 1
107 140 1
107 191 1
107 199 1
107 289 1
107 352 1
107 426 1
107 520 1
108 180 1
108 252 1
108 293 1
108 435 1
108 526 1
109 111 1
109 137 1
109 188 1
109 216 1
109 220 1
109 366 1
109 478 1
110 115 1
110 246 1
110 351 1
110 467 1
111 324 1
111 412 1
111 459 1
111 780 1
112 126 1
112 195 1
112 245 1
112 263 1
112 279 1
112 356 1
112 384 1
112 395 1
112 411 1
112 509 1
112 536 1
112 547 1
112 693 1
112 740 1
112 764 1
113 123 1
113 182 1
113 320 1
113 432 1
113 455 1
113 572 1
113 604 1
113 609 1
113 637 1
113 640 1
113 756 1
113 776 1
114 165 1
114 171 1
114 172 1
114 176 1
114 178 1
114 242 1
114 357 1
114 371 1
114 405 1
114 501 1
114 514 1
114 557 1
114 652 1
114 660 1
114 706 1
114 788 1
115 127 1
115 247 1
115 344 1
115 428 1
115 523 1
115 623 1
115 646 1
115 668 1
115 766 1
116 370 1
116 449 1
116 712 1
117 157 1
117 305 1
117 385 1
117 507 1
117 552 1
117 580 1
117 739 1
118 121 1
118 497 1
119 155 1
119 158 1
119 196 1
119 665 1
119 681 1
120 350 1
120 413 1
120 690 1
121 149 1
121 170 1
121 210 1
121 234 1
121 235 1
121 349 1
121 358 1
121 388 1
121 558 1
121 652 1
122 138 1
122 287 1
122 311 1
122 371 1
122 399 1
122 457 1
122 751 1
123 215 1
123 216 1
123 264 1
123 284 1
123 288 1
123 595 1
123 615 1
123 741 1
124 142 1
124 148 1
124 156 1
124 170 1
124 244 1
124 271 1
124 437 1
124 725 1
125 276 1
125 299 1
125 387 1
125 515 1
126 145 1
126 165 1
126 209 1
126 267 1
126 283 1
126 301 1
126 540 1
126 608 1
126 782 1
127 133 1
127 334 1
127 338 1
127 522 1
127 558 1
127 582 1
127 691 1
128 195 1
128 237 1
128 248 1
128 292 1
128 443 1
128 460 1
128 564 1
128 745 1
128 762 1
129 158 1
129 233 1
129 272 1
129 334 1
129 470 1
129 744 1
130 131 1
130 134 1
130 143 1
130 179 1
130 202 1
130 206 1
130 230 1
130 260 1
130 321 1
130 326 1
130 441 1
130 493 1
130 504 1
130 529 1
130 542 1
130 614 1
130 681 1
130 726 1
131 166 1
131 291 1
131 326 1
131 524 1
131 563 1
132 142 1
132 210 1
132 223 1
132 255 1
132 294 1
132 302 1
132 400 1
132 426 1
132 463 1
132 469 1
132 501 1
132 508 1
132 590 1
132 787 1
133 332 1
133 391 1
133 478 1
133 689 1
134 214 1
134 250 1
134 317 1
134 386 1
134 414 1
134 434 1
134 552 1
135 203 1
135 374 1
135 530 1
135 596 1
135 629 1
135 778 1
136 197 1
136 226 1
136 264 1
136 300 1
136 307 1
136 356 1
136 460 1
136 592 1
137 162 1
137 170 1
137 206 1
137 306 1
137 357 1
137 361 1
137 431 1
137 547 1
137 678 1
137 687 1
138 140 1
138 396 1
138 545 1
138 599 1
139 196 1
139 322 1
139 423 1
139 490 1
139 500 1
140 222 1
140 479 1
140 508 1
141 316 1
142 204 1
142 306 1
142 340 1
142 580 1
142 663 1
143 144 1
143 164 1
143 309 1
143 383 1
144 178 1
144 211 1
144 267 1
144 555 1
145 186 1
145 407 1
145 467 1
145 515 1
145 566 1
145 620 1
145 659 1
145 745 1
146 198 1
146 798 1
147 261 1
147 302 1
147 347 1
147 506 1
147 720 1
147 731 1
147 768 1
148 152 1
148 319 1
148 402 1
148 451 1
148 551 1
149 177 1
149 364 1
150 214 1
150 287 1
150 292 1
150 434 1
150 583 1
150 598 1
150 752 1
151 186 1
151 368 1
152 205 1
152 245 1
152 291 1
152 500 1
152 733 1
153 173 1
153 180 1
153 282 1
153 306 1
153 361 1
153 375 1
153 377 1
153 393 1
153 527 1
153 561 1
153 608 1
153 721 1
154 176 1
154 238 1
154 371 1
154 391 1
154 519 1
154 547 1
155 173 1
155 220 1
155 333 1
155 368 1
155 420 1
155 550 1
155 710 1
155 715 1
155 795 1
156 199 1
156 236 1
156 266 1
156 288 1
156 417 1
156 746 1
156 787 1
157 241 1
157 243 1
157 408 1
157 572 1
157 701 1
158 470 1
158 645 1
159 193 1
159 303 1
159 334 1
159 385 1
159 484 1
159 544 1
159 748 1
160 255 1
160 413 1
160 650 1
160 662 1
160 693 1
161 175 1
161 217 1
161 228 1
161 236 1
161 240 1
161 247 1
161 261 1
161 275 1
161 456 1
161 553 1
161 627 1
161 784 1
162 206 1
162 333 1
162 608 1
162 616 1
162 632 1
162 747 1
162 769 1
163 341 1
163 548 1
163 567 1
164 177 1
164 182 1
164 780 1
164 789 1
165 207 1
165 242 1
165 269 1
166 243 1
166 266 1
166 661 1
167 328 1
167 364 1
167 370 1
167 413 1
167 477 1
167 505 1
167 604 1
167 670 1
167 749 1
168 369 1
168 401 1
168 466 1
168 684 1
168 786 1
169 281 1
169 382 1
169 413 1
169 541 1
169 634 1
169 662 1
170 248 1
170 267 1
170 283 1
170 424 1
170 767 1
171 233 1
171 257 1
171 270 1
171 271 1
171 277 1
171 439 1
171 622 1
171 681 1
172 205 1
172 230 1
172 304 1
172 309 1
172 453 1
172 613 1
172 666 1
172 785 1
173 316 1
173 336 1
173 708 1
174 594 1
174 761 1
175 204 1
176 358 1
176 625 1
176 637 1
176 663 1
177 289 1
177 389 1
177 533 1
177 619 1
177 652 1
177 714 1
177 735 1
177 760 1
178 232 1
178 233 1
178 234 1
178 294 1
178 373 1
178 478 1
178 483 1
178 587 1
178 590 1
178 635 1
178 703 1
178 787 1
178 788 1
179 212 1
179 278 1
179 708 1
179 791 1
180 187 1
180 190 1
180 191 1
180 212 1
180 246 1
180 268 1
180 282 1
180 312 1
180 429 1
180 448 1
180 499 1
180 539 1
180 540 1
180 605 1
180 736 1
180 790 1
181 201 1
181 262 1
181 525 1
182 257 1
182 433 1
183 710 1
184 499 1
184 553 1
184 689 1
185 214 1
185 488 1
185 512 1
185 665 1
186 239 1
186 259 1
186 290 1
186 316 1
186 372 1
186 595 1
186 784 1
187 256 1
187 418 1
187 429 1
187 492 1
187 610 1
188 200 1
188 239 1
188 460 1
188 485 1
188 532 1
190 252 1
190 265 1
190 300 1
191 255 1
191 315 1
191 319 1
191 383 1
191 412 1
191 454 1
191 569 1
191 628 1
191 645 1
191 661 1
191 789 1
192 235 1
192 297 1
192 404 1
192 593 1
193 262 1
193 281 1
193 321 1
193 323 1
193 337 1
193 343 1
193 377 1
193 494 1
193 694 1
194 250 1
194 713 1
195 328 1
195 347 1
195 617 1
195 641 1
195 667 1
196 307 1
196 362 1
196 374 1
196 633 1
197 235 1
197 365 1
197 417 1
197 550 1
197 684 1
197 753 1
198 303 1
198 343 1
198 429 1
198 444 1
198 466 1
198 468 1
198 798 1
199 321 1
199 420 1
200 248 1
202 514 1
203 268 1
203 319 1
203 449 1
203 533 1
203 674 1
203 718 1
203 799 1
204 229 1
204 325 1
204 376 1
204 402 1
204 473 1
204 506 1
204 525 1
204 537 1
204 559 1
204 591 1
204 648 1
204 706 1
205 670 1
206 589 1
207 430 1
207 529 1
207 610 1
209 228 1
209 344 1
209 487 1
209 699 1
210 482 1
210 483 1
210 607 1
210 648 1
210 682 1
210 707 1
211 269 1
211 284 1
211 287 1
211 329 1
211 404 1
211 531 1
212 257 1
212 369 1
212 574 1
212 635 1
213 245 1
213 335 1
213 488 1
213 791 1
214 268 1
214 303 1
214 632 1
215 474 1
215 655 1
216 254 1
216 411 1
216 633 1
217 533 1
217 561 1
217 667 1
217 687 1
218 705 1
219 315 1
219 367 1
219 393 1
219 400 1
219 437 1
219 462 1
219 494 1
219 534 1
219 674 1
219 678 1
219 719 1
220 416 1
220 435 1
220 507 1
221 372 1
221 528 1
221 675 1
221 749 1
222 238 1
222 276 1
222 295 1
222 466 1
222 471 1
222 472 1
222 624 1
222 636 1
222 649 1
224 249 1
224 498 1
224 523 1
224 605 1
224 628 1
226 269 1
226 286 1
226 800 1
227 234 1
227 277 1
227 341 1
227 348 1
227 380 1
227 418 1
227 452 1
227 552 1
228 700 1
229 500 1
229 559 1
229 576 1
230 276 1
230 337 1
230 438 1
230 622 1
230 685 1
231 283 1
231 360 1
231 540 1
231 666 1
232 461 1
232 596 1
233 427 1
233 467 1
233 639 1
233 670 1
233 738 1
234 256 1
234 277 1
234 321 1
234 465 1
234 556 1
235 297 1
235 676 1
236 333 1
236 342 1
236 397 1
236 491 1
236 786 1
237 419 1
238 295 1
239 355 1
239 409 1
239 465 1
239 469 1
240 265 1
240 632 1
241 564 1
241 735 1
242 425 1
242 638 1
242 724 1
242 777 1
243 261 1
244 367 1
244 381 1
244 382 1
244 543 1
245 615 1
245 618 1
245 769 1
247 346 1
247 464 1
247 535 1
247 545 1
247 675 1
248 585 1
248 755 1
249 394 1
249 420 1
249 434 1
249 442 1
249 505 1
249 583 1
249 637 1
249 797 1
251 354 1
251 369 1
251 604 1
252 306 1
252 370 1
253 338 1
253 417 1
253 582 1
253 639 1
253 726 1
253 730 1
254 383 1
254 394 1
254 397 1
254 482 1
255 277 1
255 312 1
255 349 1
255 557 1
255 601 1
255 685 1
257 584 1
257 597 1
257 688 1
258 435 1
258 458 1
258 583 1
259 350 1
260 542 1
262 323 1
262 456 1
262 722 1
264 300 1
264 628 1
265 481 1
266 371 1
266 484 1
267 322 1
267 495 1
267 570 1
267 578 1
268 319 1
268 338 1
268 419 1
268 526 1
268 596 1
269 429 1
269 577 1
270 291 1
270 314 1
270 373 1
270 406 1
270 462 1
270 607 1
270 687 1
271 286 1
271 290 1
271 361 1
271 524 1
271 557 1
271 616 1
271 725 1
272 421 1
273 278 1
274 476 1
274 530 1
274 566 1
274 599 1
274 762 1
275 571 1
275 758 1
277 520 1
277 551 1
279 740 1
279 758 1
281 325 1
281 447 1
282 378 1
282 404 1
282 419 1
282 587 1
282 770 1
282 798 1
283 310 1
283 422 1
283 644 1
283 771 1
284 313 1
284 501 1
284 593 1
284 605 1
284 715 1
284 757 1
285 473 1
285 496 1
285 766 1
286 313 1
286 367 1
286 445 1
286 497 1
286 634 1
286 744 1
287 481 1
287 600 1
287 662 1
288 424 1
290 741 1
291 303 1
291 334 1
291 400 1
291 402 1
291 509 1
291 527 1
291 646 1
291 671 1
291 729 1
291 773 1
291 800 1
292 326 1
292 457 1
292 461 1
292 551 1
292 560 1
292 651 1
292 745 1
293 381 1
293 448 1
293 520 1
293 548 1
293 694 1
294 393 1
294 699 1
295 392 1
295 517 1
295 692 1
296 587 1
297 554 1
297 699 1
297 732 1
298 331 1
299 387 1
299 691 1
300 424 1
300 442 1
300 470 1
300 485 1
300 716 1
301 436 1
301 471 1
301 535 1
302 400 1
302 468 1
302 496 1
302 517 1
302 550 1
302 719 1
303 418 1
303 515 1
303 789 1
304 355 1
304 646 1
304 658 1
304 669 1
304 747 1
305 329 1
305 630 1
305 793 1
307 388 1
307 661 1
307 715 1
308 513 1
308 578 1
310 339 1
310 387 1
310 516 1
311 320 1
311 503 1
311 515 1
312 505 1
312 576 1
313 380 1
313 427 1
313 571 1
314 360 1
314 379 1
314 483 1
314 581 1
314 642 1
314 708 1
314 717 1
315 487 1
316 456 1
316 528 1
316 711 1
316 714 1
316 799 1
317 567 1
318 336 1
318 438 1
318 554 1
318 746 1
319 565 1
321 546 1
322 348 1
322 373 1
323 415 1
324 462 1
324 636 1
326 350 1
326 355 1
326 393 1
326 488 1
327 656 1
328 667 1
328 711 1
330 339 1
331 452 1
331 590 1
332 496 1
332 649 1
333 522 1
336 557 1
336 624 1
336 651 1
337 395 1
337 494 1
337 611 1
338 683 1
339 520 1
341 560 1
341 791 1
342 364 1
342 600 1
342 763 1
342 778 1
342 785 1
342 796 1
343 387 1
343 556 1
343 700 1
343 709 1
343 794 1
344 428 1
344 433 1
344 776 1
345 375 1
345 412 1
345 477 1
345 609 1
345 660 1
345 715 1
347 695 1
348 680 1
350 624 1
350 765 1
351 512 1
352 782 1
353 627 1
354 498 1
354 688 1
354 722 1
355 376 1
355 477 1
355 544 1
355 751 1
355 756 1
357 409 1
357 433 1
357 558 1
359 584 1
359 630 1
361 377 1
361 410 1
361 560 1
361 721 1
362 437 1
362 518 1
363 431 1
364 510 1
364 647 1
364 752 1
365 388 1
365 481 1
365 529 1
365 570 1
365 668 1
365 737 1
365 763 1
365 765 1
366 703 1
367 381 1
367 456 1
367 618 1
368 610 1
369 486 1
369 598 1
370 398 1
371 405 1
371 594 1
371 767 1
372 390 1
372 428 1
372 754 1
373 478 1
373 800 1
374 502 1
374 752 1
376 396 1
376 463 1
376 590 1
376 611 1
376 686 1
377 511 1
377 546 1
377 682 1
377 721 1
378 381 1
379 486 1
380 602 1
381 640 1
382 455 1
384 519 1
386 573 1
386 675 1
386 714 1
386 733 1
388 410 1
388 470 1
388 580 1
388 609 1
389 486 1
389 619 1
390 391 1
392 427 1
394 797 1
395 582 1
396 403 1
396 531 1
396 790 1
398 430 1
398 720 1
399 492 1
402 558 1
402 795 1
403 637 1
403 708 1
404 419 1
404 794 1
405 446 1
409 482 1
410 451 1
410 738 1
411 509 1
411 538 1
411 683 1
412 572 1
412 792 1
413 479 1
413 607 1
415 531 1
415 754 1
416 575 1
417 556 1
418 427 1
418 441 1
418 458 1
418 602 1
418 622 1
418 744 1
419 489 1
419 519 1
420 586 1
422 479 1
422 623 1
422 770 1
423 445 1
423 507 1
423 709 1
426 597 1
426 767 1
427 555 1
427 676 1
428 729 1
429 466 1
430 458 1
430 529 1
430 548 1
430 556 1
430 654 1
430 697 1
431 490 1
431 642 1
431 767 1
432 482 1
432 527 1
433 640 1
434 504 1
434 566 1
435 475 1
436 471 1
436 551 1
436 661 1
437 462 1
438 680 1
438 777 1
439 683 1
440 755 1
440 786 1
443 451 1
443 650 1
443 792 1
444 531 1
444 693 1
444 705 1
445 536 1
445 591 1
449 735 1
450 673 1
451 546 1
451 579 1
451 696 1
451 700 1
452 630 1
454 571 1
454 753 1
455 544 1
456 688 1
456 719 1
457 641 1
457 747 1
457 776 1
459 481 1
459 648 1
459 731 1
460 731 1
462 693 1
463 561 1
463 585 1
464 545 1
466 636 1
466 734 1
467 704 1
470 716 1
470 748 1
472 528 1
473 562 1
473 663 1
474 562 1
474 649 1
475 611 1
475 764 1
476 672 1
477 505 1
477 682 1
478 524 1
478 728 1
478 759 1
478 774 1
481 690 1
482 751 1
485 503 1
485 504 1
490 550 1
492 697 1
492 713 1
493 497 1
493 657 1
494 653 1
495 537 1
496 663 1
496 691 1
497 623 1
497 686 1
497 733 1
498 570 1
498 625 1
498 654 1
499 651 1
500 793 1
501 705 1
504 648 1
505 526 1
506 601 1
506 650 1
506 674 1
507 580 1
507 606 1
510 638 1
510 781 1
512 722 1
514 756 1
514 788 1
515 522 1
515 690 1
518 645 1
519 543 1
519 587 1
519 771 1
521 588 1
521 647 1
523 679 1
525 575 1
526 539 1
529 570 1
529 612 1
529 797 1
532 711 1
532 781 1
533 594 1
533 750 1
534 537 1
534 559 1
534 589 1
534 760 1
535 615 1
535 727 1
538 581 1
538 720 1
539 588 1
539 677 1
539 699 1
539 764 1
540 567 1
542 548 1
543 614 1
543 690 1
544 608 1
544 633 1
545 603 1
545 757 1
546 564 1
546 644 1
546 664 1
546 706 1
546 723 1
546 743 1
547 614 1
550 673 1
555 573 1
555 796 1
560 563 1
562 588 1
562 701 1
563 796 1
564 601 1
566 721 1
567 709 1
569 733 1
569 742 1
569 770 1
570 625 1
572 758 1
573 750 1
575 741 1
577 748 1
577 789 1
578 709 1
581 634 1
581 697 1
581 717 1
581 794 1
583 628 1
583 643 1
583 691 1
584 695 1
584 700 1
586 643 1
586 727 1
587 787 1
591 689 1
591 774 1
593 626 1
595 624 1
598 601 1
603 757 1
605 613 1
605 654 1
605 694 1
608 672 1
609 657 1
609 760 1
613 627 1
616 681 1
617 795 1
620 623 1
621 688 1
624 772 1
628 645 1
628 686 1
635 712 1
636 672 1
636 677 1
637 748 1
640 759 1
641 782 1
642 735 1
644 723 1
647 660 1
647 677 1
649 783 1
651 726 1
653 670 1
653 793 1
655 774 1
661 745 1
664 744 1
665 724 1
670 724 1
670 738 1
670 771 1
671 678 1
679 730 1
679 784 1
684 698 1
684 766 1
692 753 1
700 704 1
700 725 1
701 718 1
703 760 1
706 743 1
710 759 1
718 754 1
719 739 1
720 779 1
722 778 1
724 739 1
749 800 1
763 768 1
