800 3183 
1 5 1
1 6 1
1 7 1
1 8 1
1 9 1
1 10 1
1 12 1
1 13 1
1 14 1
1 20 1
1 21 1
1 22 1
1 25 1
1 32 1
1 34 1
1 35 1
1 37 1
1 38 1
1 44 1
1 52 1
1 59 1
1 61 1
1 63 1
1 69 1
1 70 1
1 72 1
1 76 1
1 77 1
1 78 1
1 82 1
1 86 1
1 89 1
1 90 1
1 92 1
1 94 1
1 98 1
1 100 1
1 103 1
1 105 1
1 112 1
1 120 1
1 122 1
1 123 1
1 125 1
1 137 1
1 139 1
1 141 1
1 143 1
1 144 1
1 146 1
1 147 1
1 152 1
1 165 1
1 185 1
1 186 1
1 189 1
1 194 1
1 197 1
1 200 1
1 207 1
1 208 1
1 237 1
1 246 1
1 251 1
1 254 1
1 258 1
1 263 1
1 270 1
1 276 1
1 282 1
1 288 1
1 296 1
1 302 1
1 313 1
1 316 1
1 325 1
1 332 1
1 334 1
1 337 1
1 342 1
1 355 1
1 370 1
1 378 1
1 397 1
1 399 1
1 401 1
1 410 1
1 431 1
1 452 1
1 456 1
1 457 1
1 477 1
1 478 1
1 484 1
1 494 1
1 515 1
1 537 1
1 560 1
1 564 1
1 573 1
1 591 1
1 610 1
1 613 1
1 616 1
1 642 1
1 645 1
1 656 1
1 664 1
1 746 1
1 775 1
1 776 1
1 782 1
1 783 1
2 5 1
2 6 1
2 7 1
2 10 1
2 12 1
2 13 1
2 15 1
2 21 1
2 23 1
2 26 1
2 27 1
2 30 1
2 32 1
2 39 1
2 44 1
2 47 1
2 49 1
2 53 1
2 56 1
2 57 1
2 60 1
2 65 1
2 68 1
2 78 1
2 95 1
2 108 1
2 119 1
2 134 1
2 136 1
2 150 1
2 160 1
2 161 1
2 202 1
2 205 1
2 207 1
2 214 1
2 219 1
2 240 1
2 241 1
2 246 1
2 286 1
2 291 1
2 296 1
2 339 1
2 372 1
2 377 1
2 387 1
2 390 1
2 400 1
2 426 1
2 453 1
2 476 1
2 493 1
2 499 1
2 508 1
2 521 1
2 544 1
2 564 1
2 571 1
2 608 1
2 612 1
2 631 1
2 642 1
2 651 1
2 681 1
2 685 1
2 717 1
2 779 1
3 5 1
3 12 1
3 14 1
3 17 1
3 23 1
3 28 1
3 35 1
3 39 1
3 72 1
3 161 1
3 172 1
3 174 1
3 191 1
3 305 1
3 416 1
3 424 1
3 455 1
3 462 1
3 463 1
3 502 1
3 519 1
3 658 1
3 699 1
3 729 1
3 735 1
4 5 1
4 6 1
4 8 1
4 9 1
4 13 1
4 19 1
4 25 1
4 28 1
4 33 1
4 36 1
4 39 1
4 44 1
4 45 1
4 62 1
4 67 1
4 69 1
4 75 1
4 92 1
4 97 1
4 135 1
4 137 1
4 142 1
4 169 1
4 173 1
4 182 1
4 226 1
4 238 1
4 241 1
4 243 1
4 260 1
4 270 1
4 273 1
4 294 1
4 297 1
4 300 1
4 303 1
4 368 1
4 388 1
4 392 1
4 398 1
4 409 1
4 410 1
4 417 1
4 442 1
4 459 1
4 468 1
4 522 1
4 570 1
4 579 1
4 593 1
4 596 1
4 666 1
4 688 1
4 713 1
4 725 1
4 745 1
4 759 1
5 6 1
5 7 1
5 9 1
5 13 1
5 18 1
5 21 1
5 27 1
5 29 1
5 31 1
5 35 1
5 51 1
5 97 1
5 111 1
5 124 1
5 140 1
5 141 1
5 143 1
5 176 1
5 181 1
5 198 1
5 206 1
5 238 1
5 247 1
5 271 1
5 285 1
5 289 1
5 294 1
5 323 1
5 330 1
5 349 1
5 357 1
5 371 1
5 380 1
5 409 1
5 412 1
5 475 1
5 498 1
5 501 1
5 540 1
5 624 1
5 628 1
5 647 1
5 712 1
5 715 1
5 736 1
5 740 1
5 766 1
5 774 1
5 787 1
6 7 1
6 8 1
6 9 1
6 10 1
6 11 1
6 17 1
6 18 1
6 24 1
6 27 1
6 31 1
6 34 1
6 43 1
6 51 1
6 53 1
6 56 1
6 57 1
6 59 1
6 60 1
6 62 1
6 64 1
6 76 1
6 79 1
6 81 1
6 82 1
6 88 1
6 89 1
6 98 1
6 110 1
6 111 1
6 120 1
6 130 1
6 139 1
6 140 1
6 142 1
6 144 1
6 149 1
6 154 1
6 157 1
6 159 1
6 164 1
6 166 1
6 167 1
6 175 1
6 182 1
6 184 1
6 185 1
6 190 1
6 199 1
6 202 1
6 223 1
6 224 1
6 240 1
6 245 1
6 248 1
6 255 1
6 279 1
6 283 1
6 287 1
6 288 1
6 290 1
6 301 1
6 305 1
6 337 1
6 339 1
6 341 1
6 343 1
6 344 1
6 352 1
6 356 1
6 364 1
6 378 1
6 382 1
6 404 1
6 417 1
6 431 1
6 447 1
6 458 1
6 468 1
6 493 1
6 528 1
6 536 1
6 553 1
6 576 1
6 577 1
6 593 1
6 595 1
6 606 1
6 611 1
6 633 1
6 636 1
6 641 1
6 648 1
6 663 1
6 665 1
6 671 1
6 673 1
6 701 1
6 707 1
6 711 1
6 719 1
6 726 1
6 728 1
6 752 1
6 797 1
6 799 1
7 8 1
7 10 1
7 11 1
7 15 1
7 16 1
7 17 1
7 18 1
7 20 1
7 24 1
7 29 1
7 32 1
7 38 1
7 41 1
7 43 1
7 49 1
7 56 1
7 62 1
7 66 1
7 70 1
7 85 1
7 94 1
7 95 1
7 98 1
7 107 1
7 148 1
7 158 1
7 165 1
7 174 1
7 187 1
7 190 1
7 192 1
7 212 1
7 228 1
7 241 1
7 252 1
7 261 1
7 293 1
7 299 1
7 338 1
7 355 1
7 358 1
7 362 1
7 373 1
7 379 1
7 408 1
7 417 1
7 425 1
7 432 1
7 441 1
7 446 1
7 447 1
7 458 1
7 459 1
7 465 1
7 496 1
7 499 1
7 504 1
7 516 1
7 555 1
7 583 1
7 594 1
7 598 1
7 606 1
7 608 1
7 629 1
7 632 1
7 633 1
7 653 1
7 656 1
7 678 1
7 682 1
7 711 1
7 712 1
7 714 1
7 716 1
7 727 1
7 732 1
7 739 1
7 748 1
7 750 1
8 11 1
8 19 1
8 23 1
8 28 1
8 30 1
8 33 1
8 41 1
8 63 1
8 76 1
8 83 1
8 87 1
8 103 1
8 126 1
8 127 1
8 134 1
8 139 1
8 162 1
8 171 1
8 192 1
8 199 1
8 200 1
8 222 1
8 276 1
8 277 1
8 281 1
8 292 1
8 300 1
8 394 1
8 425 1
8 433 1
8 444 1
8 449 1
8 453 1
8 456 1
8 460 1
8 468 1
8 561 1
8 565 1
8 581 1
8 598 1
8 660 1
8 662 1
8 687 1
8 800 1
9 11 1
9 15 1
9 26 1
9 29 1
9 34 1
9 35 1
9 41 1
9 52 1
9 64 1
9 70 1
9 77 1
9 82 1
9 85 1
9 90 1
9 99 1
9 101 1
9 110 1
9 118 1
9 123 1
9 126 1
9 170 1
9 225 1
9 269 1
9 347 1
9 348 1
9 454 1
9 516 1
9 614 1
9 688 1
9 752 1
10 12 1
10 14 1
10 15 1
10 16 1
10 17 1
10 19 1
10 25 1
10 30 1
10 32 1
10 36 1
10 40 1
10 42 1
10 44 1
10 54 1
10 59 1
10 73 1
10 75 1
10 85 1
10 90 1
10 93 1
10 94 1
10 95 1
10 101 1
10 114 1
10 121 1
10 123 1
10 125 1
10 139 1
10 151 1
10 169 1
10 173 1
10 179 1
10 187 1
10 194 1
10 209 1
10 219 1
10 220 1
10 267 1
10 271 1
10 282 1
10 305 1
10 316 1
10 335 1
10 337 1
10 353 1
10 354 1
10 357 1
10 363 1
10 388 1
10 391 1
10 398 1
10 412 1
10 422 1
10 464 1
10 469 1
10 476 1
10 485 1
10 523 1
10 534 1
10 545 1
10 573 1
10 587 1
10 590 1
10 595 1
10 602 1
10 607 1
10 613 1
10 635 1
10 664 1
10 780 1
11 14 1
11 16 1
11 18 1
11 21 1
11 23 1
11 25 1
11 28 1
11 30 1
11 37 1
11 39 1
11 42 1
11 48 1
11 60 1
11 61 1
11 66 1
11 73 1
11 77 1
11 96 1
11 104 1
11 107 1
11 112 1
11 116 1
11 132 1
11 166 1
11 177 1
11 195 1
11 212 1
11 217 1
11 221 1
11 242 1
11 245 1
11 253 1
11 278 1
11 300 1
11 311 1
11 318 1
11 319 1
11 336 1
11 359 1
11 364 1
11 375 1
11 403 1
11 411 1
11 462 1
11 463 1
11 472 1
11 479 1
11 495 1
11 508 1
11 561 1
11 562 1
11 578 1
11 617 1
11 689 1
11 717 1
11 754 1
11 755 1
11 759 1
12 19 1
12 22 1
12 24 1
12 46 1
12 71 1
12 76 1
12 113 1
12 125 1
12 157 1
12 189 1
12 218 1
12 344 1
12 359 1
12 412 1
12 423 1
12 523 1
12 571 1
12 572 1
12 578 1
12 600 1
12 604 1
12 629 1
12 661 1
12 736 1
12 738 1
12 763 1
13 20 1
13 24 1
13 27 1
13 31 1
13 33 1
13 37 1
13 49 1
13 51 1
13 54 1
13 71 1
13 74 1
13 89 1
13 94 1
13 110 1
13 122 1
13 141 1
13 164 1
13 182 1
13 185 1
13 201 1
13 222 1
13 232 1
13 236 1
13 243 1
13 278 1
13 294 1
13 299 1
13 307 1
13 330 1
13 341 1
13 357 1
13 381 1
13 471 1
13 497 1
13 572 1
13 581 1
13 640 1
13 654 1
13 696 1
14 42 1
14 67 1
14 69 1
14 87 1
14 111 1
14 116 1
14 149 1
14 151 1
14 152 1
14 171 1
14 227 1
14 263 1
14 340 1
14 379 1
14 397 1
14 406 1
14 422 1
14 448 1
14 598 1
14 638 1
14 683 1
14 777 1
15 16 1
15 26 1
15 63 1
15 65 1
15 133 1
15 135 1
15 136 1
15 161 1
15 184 1
15 197 1
15 203 1
15 315 1
15 324 1
15 434 1
15 493 1
15 506 1
15 547 1
15 550 1
15 566 1
15 603 1
16 50 1
16 53 1
16 250 1
16 625 1
17 22 1
17 266 1
17 279 1
17 356 1
17 410 1
17 553 1
17 618 1
18 73 1
18 96 1
18 129 1
18 134 1
18 136 1
18 155 1
18 157 1
18 168 1
18 188 1
18 204 1
18 275 1
18 285 1
18 321 1
18 328 1
18 343 1
18 347 1
18 374 1
18 444 1
18 554 1
18 575 1
18 585 1
18 686 1
18 695 1
18 781 1
19 20 1
19 131 1
19 132 1
19 138 1
19 177 1
19 218 1
19 311 1
19 312 1
19 342 1
19 362 1
19 402 1
19 413 1
19 515 1
19 520 1
19 597 1
19 699 1
19 706 1
19 753 1
20 47 1
20 54 1
20 83 1
20 100 1
20 154 1
20 165 1
20 186 1
20 197 1
20 209 1
20 217 1
20 335 1
20 338 1
20 350 1
20 480 1
20 672 1
21 22 1
21 45 1
21 47 1
21 48 1
21 57 1
21 106 1
21 129 1
21 233 1
21 255 1
21 264 1
21 281 1
21 292 1
21 323 1
21 339 1
21 401 1
21 445 1
21 454 1
21 460 1
21 467 1
21 492 1
21 685 1
21 721 1
21 732 1
21 736 1
22 29 1
22 36 1
22 38 1
22 46 1
22 102 1
22 103 1
22 127 1
22 128 1
22 130 1
22 131 1
22 160 1
22 173 1
22 175 1
22 208 1
22 212 1
22 228 1
22 235 1
22 251 1
22 268 1
22 277 1
22 316 1
22 317 1
22 333 1
22 335 1
22 345 1
22 357 1
22 366 1
22 381 1
22 424 1
22 429 1
22 445 1
22 453 1
22 466 1
22 481 1
22 516 1
22 553 1
22 556 1
22 584 1
22 596 1
22 608 1
22 618 1
22 646 1
22 677 1
22 678 1
22 723 1
22 749 1
22 754 1
23 33 1
23 41 1
23 79 1
23 87 1
23 153 1
23 188 1
23 318 1
23 394 1
23 411 1
23 416 1
23 574 1
23 686 1
23 728 1
24 26 1
24 43 1
24 46 1
24 47 1
24 49 1
24 50 1
24 52 1
24 59 1
24 71 1
24 80 1
24 81 1
24 100 1
24 102 1
24 133 1
24 149 1
24 151 1
24 154 1
24 164 1
24 167 1
24 173 1
24 174 1
24 177 1
24 204 1
24 207 1
24 211 1
24 221 1
24 230 1
24 234 1
24 246 1
24 257 1
24 258 1
24 264 1
24 270 1
24 293 1
24 324 1
24 328 1
24 333 1
24 363 1
24 371 1
24 375 1
24 412 1
24 416 1
24 418 1
24 439 1
24 442 1
24 458 1
24 463 1
24 467 1
24 483 1
24 488 1
24 504 1
24 551 1
24 589 1
24 591 1
24 594 1
24 616 1
24 622 1
24 627 1
24 636 1
24 669 1
24 692 1
24 694 1
24 697 1
24 702 1
24 713 1
25 31 1
25 50 1
25 65 1
25 134 1
25 150 1
25 153 1
25 165 1
25 324 1
25 395 1
25 427 1
26 154 1
26 227 1
26 391 1
26 732 1
26 742 1
26 744 1
27 56 1
27 78 1
27 115 1
27 138 1
27 143 1
27 147 1
27 163 1
27 233 1
27 236 1
27 286 1
27 297 1
27 310 1
27 334 1
27 386 1
27 389 1
27 394 1
27 405 1
27 654 1
27 690 1
27 703 1
28 40 1
28 121 1
28 133 1
28 163 1
28 193 1
28 215 1
28 229 1
28 327 1
28 383 1
28 397 1
28 405 1
28 572 1
28 692 1
28 722 1
29 37 1
29 38 1
29 40 1
29 45 1
29 69 1
29 108 1
29 164 1
29 191 1
29 228 1
29 249 1
29 285 1
29 341 1
29 538 1
29 568 1
29 610 1
29 661 1
29 663 1
29 681 1
29 715 1
29 797 1
30 34 1
30 52 1
30 61 1
30 75 1
30 86 1
30 92 1
30 96 1
30 99 1
30 101 1
30 140 1
30 168 1
30 236 1
30 237 1
30 265 1
30 324 1
30 329 1
30 332 1
30 552 1
30 605 1
30 647 1
30 700 1
30 724 1
30 785 1
31 72 1
31 132 1
31 143 1
31 144 1
31 153 1
31 215 1
31 291 1
31 338 1
31 565 1
32 36 1
32 67 1
32 317 1
32 366 1
32 554 1
33 123 1
33 197 1
33 384 1
33 767 1
34 51 1
34 58 1
34 68 1
34 105 1
34 199 1
34 223 1
34 237 1
34 293 1
34 400 1
34 439 1
34 584 1
34 667 1
34 687 1
34 702 1
34 727 1
34 772 1
35 46 1
35 85 1
35 93 1
35 117 1
35 121 1
35 162 1
35 249 1
35 256 1
35 275 1
35 289 1
35 426 1
35 506 1
35 525 1
35 542 1
35 659 1
35 676 1
35 710 1
36 40 1
36 42 1
36 55 1
36 84 1
36 90 1
36 124 1
36 172 1
36 181 1
36 184 1
36 188 1
36 190 1
36 214 1
36 219 1
36 228 1
36 232 1
36 236 1
36 278 1
36 389 1
36 395 1
36 396 1
36 402 1
36 414 1
36 482 1
36 498 1
36 518 1
36 522 1
36 539 1
36 541 1
36 587 1
36 652 1
36 687 1
36 726 1
36 755 1
36 781 1
37 137 1
37 179 1
37 254 1
37 271 1
37 301 1
37 353 1
37 377 1
37 418 1
37 545 1
37 552 1
37 565 1
38 53 1
38 67 1
38 112 1
38 127 1
38 160 1
38 283 1
38 302 1
38 346 1
38 396 1
38 473 1
38 483 1
38 502 1
38 601 1
38 628 1
39 45 1
39 400 1
39 535 1
40 48 1
40 50 1
40 62 1
40 79 1
40 81 1
40 84 1
40 107 1
40 144 1
40 152 1
40 153 1
40 159 1
40 170 1
40 209 1
40 260 1
40 287 1
40 296 1
40 313 1
40 331 1
40 352 1
40 434 1
40 449 1
40 540 1
40 546 1
40 604 1
40 619 1
40 627 1
40 679 1
40 752 1
40 754 1
40 775 1
40 779 1
41 43 1
41 48 1
41 68 1
41 84 1
41 87 1
41 98 1
41 142 1
41 147 1
41 156 1
41 170 1
41 179 1
41 241 1
41 253 1
41 302 1
41 304 1
41 314 1
41 317 1
41 328 1
41 365 1
41 385 1
41 497 1
41 666 1
41 678 1
41 767 1
41 769 1
41 774 1
42 58 1
42 113 1
42 116 1
42 270 1
42 311 1
42 544 1
42 616 1
42 796 1
43 82 1
43 142 1
43 148 1
43 297 1
43 336 1
43 365 1
43 420 1
43 444 1
43 495 1
43 562 1
43 783 1
44 55 1
44 61 1
44 79 1
44 91 1
44 104 1
44 114 1
44 118 1
44 120 1
44 135 1
44 155 1
44 174 1
44 226 1
44 234 1
44 255 1
44 310 1
44 315 1
44 352 1
44 378 1
44 403 1
44 429 1
44 509 1
44 523 1
44 532 1
44 560 1
44 578 1
44 586 1
45 55 1
45 84 1
45 124 1
45 180 1
45 354 1
45 409 1
45 486 1
45 497 1
45 500 1
45 538 1
45 548 1
45 573 1
45 588 1
45 691 1
45 703 1
45 755 1
45 790 1
46 93 1
46 115 1
46 122 1
46 145 1
46 193 1
46 274 1
46 340 1
46 363 1
47 73 1
47 89 1
47 110 1
47 118 1
47 184 1
47 249 1
47 530 1
48 235 1
48 262 1
49 66 1
49 68 1
49 71 1
49 97 1
49 113 1
49 167 1
49 207 1
49 248 1
49 440 1
49 447 1
49 451 1
49 474 1
49 498 1
49 512 1
49 561 1
49 653 1
49 660 1
49 683 1
49 740 1
49 768 1
50 55 1
50 60 1
50 64 1
50 83 1
50 106 1
50 108 1
50 120 1
50 135 1
50 216 1
50 265 1
50 269 1
50 280 1
50 303 1
50 416 1
50 441 1
50 466 1
50 475 1
50 541 1
50 566 1
50 568 1
50 590 1
50 603 1
50 650 1
50 701 1
50 715 1
50 723 1
50 770 1
50 786 1
50 788 1
51 54 1
51 284 1
51 327 1
51 460 1
51 480 1
51 535 1
51 544 1
51 567 1
51 593 1
51 650 1
51 652 1
51 738 1
52 57 1
52 63 1
52 80 1
52 99 1
52 138 1
52 166 1
52 205 1
52 220 1
52 334 1
52 381 1
52 485 1
52 489 1
52 513 1
52 619 1
52 689 1
52 786 1
53 138 1
53 175 1
53 260 1
53 342 1
53 524 1
54 92 1
54 115 1
54 122 1
54 257 1
54 615 1
54 773 1
55 58 1
55 70 1
55 130 1
55 377 1
55 430 1
55 448 1
55 615 1
55 675 1
55 753 1
55 794 1
56 99 1
56 191 1
56 216 1
56 268 1
56 368 1
57 58 1
57 157 1
57 213 1
57 233 1
57 328 1
57 496 1
57 499 1
58 225 1
58 291 1
59 65 1
59 102 1
59 126 1
59 131 1
59 137 1
59 206 1
59 230 1
59 254 1
59 320 1
59 367 1
59 471 1
59 518 1
59 536 1
59 654 1
59 690 1
59 789 1
60 78 1
60 80 1
60 345 1
60 382 1
60 411 1
60 413 1
60 618 1
60 670 1
60 768 1
60 792 1
61 66 1
61 105 1
61 175 1
61 242 1
61 309 1
61 372 1
61 577 1
61 686 1
61 688 1
61 729 1
62 81 1
62 86 1
62 96 1
62 104 1
62 187 1
62 247 1
62 306 1
62 350 1
62 353 1
62 390 1
62 406 1
62 414 1
62 445 1
62 464 1
62 472 1
62 637 1
62 639 1
62 701 1
63 64 1
63 72 1
63 91 1
63 199 1
63 253 1
63 290 1
63 306 1
63 356 1
63 407 1
63 478 1
63 485 1
63 527 1
63 599 1
63 612 1
63 630 1
63 637 1
63 638 1
64 215 1
64 296 1
64 518 1
64 691 1
65 88 1
65 224 1
65 326 1
65 543 1
66 91 1
66 117 1
66 305 1
66 352 1
66 358 1
66 361 1
66 549 1
66 655 1
66 735 1
66 778 1
67 97 1
67 186 1
67 442 1
67 644 1
68 104 1
68 119 1
68 136 1
68 320 1
68 360 1
68 424 1
68 505 1
68 563 1
68 604 1
68 664 1
69 74 1
69 119 1
69 124 1
69 182 1
69 267 1
69 404 1
69 492 1
69 598 1
69 677 1
69 772 1
70 74 1
70 75 1
70 100 1
70 198 1
70 214 1
70 227 1
70 235 1
70 267 1
70 293 1
70 348 1
70 435 1
70 492 1
70 545 1
70 653 1
70 791 1
71 77 1
71 106 1
71 127 1
71 178 1
71 196 1
71 212 1
71 222 1
71 676 1
71 730 1
72 74 1
72 80 1
72 162 1
72 208 1
72 218 1
72 385 1
72 486 1
72 762 1
73 105 1
73 155 1
73 158 1
73 250 1
73 380 1
73 393 1
73 503 1
73 727 1
73 772 1
74 481 1
75 83 1
75 146 1
75 159 1
75 192 1
75 222 1
75 242 1
75 469 1
75 650 1
75 674 1
75 711 1
75 779 1
75 782 1
75 799 1
76 95 1
76 103 1
76 108 1
76 109 1
76 113 1
76 125 1
76 155 1
76 180 1
76 194 1
76 221 1
76 247 1
76 263 1
76 327 1
76 342 1
76 346 1
76 376 1
76 401 1
76 443 1
76 451 1
76 494 1
76 561 1
76 600 1
76 638 1
76 685 1
76 706 1
76 751 1
76 756 1
76 777 1
77 206 1
77 315 1
77 344 1
77 739 1
77 791 1
78 129 1
78 194 1
78 213 1
78 239 1
78 419 1
78 767 1
79 146 1
79 198 1
79 493 1
79 649 1
79 743 1
80 196 1
80 260 1
80 325 1
80 382 1
80 749 1
81 210 1
81 299 1
81 771 1
82 86 1
82 88 1
82 101 1
82 102 1
82 111 1
82 114 1
82 115 1
82 131 1
82 156 1
82 191 1
82 263 1
82 370 1
82 462 1
82 511 1
82 517 1
82 575 1
82 632 1
82 680 1
82 706 1
82 728 1
82 731 1
83 178 1
83 211 1
83 298 1
83 311 1
83 368 1
83 402 1
83 413 1
83 538 1
83 614 1
83 739 1
83 782 1
84 147 1
84 150 1
84 163 1
84 178 1
84 179 1
84 180 1
84 201 1
84 288 1
84 353 1
84 423 1
84 627 1
84 665 1
84 672 1
84 732 1
84 755 1
85 117 1
85 126 1
85 310 1
85 421 1
85 532 1
85 694 1
85 722 1
85 724 1
86 159 1
86 234 1
86 275 1
86 304 1
87 168 1
87 195 1
87 404 1
87 537 1
87 631 1
88 91 1
88 220 1
88 362 1
88 498 1
88 729 1
88 764 1
89 262 1
89 382 1
89 436 1
89 537 1
90 243 1
90 370 1
90 541 1
90 688 1
91 93 1
91 185 1
91 331 1
92 121 1
92 129 1
92 274 1
92 284 1
92 385 1
92 431 1
92 510 1
92 721 1
93 198 1
93 206 1
93 219 1
93 237 1
93 256 1
93 282 1
93 608 1
93 718 1
93 721 1
94 133 1
94 200 1
94 298 1
94 437 1
94 534 1
94 671 1
95 169 1
95 272 1
95 283 1
95 421 1
95 480 1
95 546 1
95 700 1
96 106 1
96 107 1
96 130 1
96 150 1
96 291 1
96 436 1
96 734 1
97 160 1
97 178 1
97 211 1
97 443 1
97 487 1
97 762 1
98 109 1
98 114 1
98 128 1
98 140 1
98 156 1
98 322 1
98 415 1
98 555 1
98 622 1
98 695 1
98 742 1
99 269 1
99 421 1
99 481 1
99 510 1
99 513 1
99 532 1
99 576 1
99 582 1
99 614 1
99 764 1
100 109 1
100 146 1
100 152 1
100 167 1
100 171 1
100 258 1
100 496 1
100 677 1
100 772 1
101 183 1
101 208 1
101 218 1
101 274 1
101 298 1
101 592 1
102 118 1
102 161 1
102 252 1
102 277 1
102 287 1
102 548 1
102 604 1
102 660 1
102 771 1
103 128 1
103 148 1
103 250 1
103 284 1
103 438 1
103 592 1
103 605 1
104 223 1
104 224 1
104 226 1
104 231 1
104 234 1
104 315 1
104 486 1
104 587 1
104 658 1
104 706 1
104 722 1
105 116 1
105 231 1
105 309 1
105 569 1
105 746 1
106 117 1
106 308 1
106 640 1
107 112 1
107 128 1
107 266 1
107 273 1
107 354 1
107 383 1
107 392 1
107 440 1
107 587 1
107 612 1
107 651 1
107 740 1
107 749 1
108 109 1
108 171 1
108 605 1
108 642 1
108 747 1
109 319 1
109 403 1
109 441 1
109 609 1
109 625 1
109 689 1
110 119 1
110 203 1
110 381 1
110 456 1
110 596 1
110 640 1
110 719 1
111 132 1
111 141 1
111 251 1
111 326 1
111 501 1
111 516 1
112 158 1
112 231 1
112 266 1
112 405 1
112 423 1
112 515 1
112 531 1
112 784 1
113 176 1
113 211 1
113 229 1
113 436 1
113 505 1
113 558 1
113 663 1
113 756 1
114 145 1
114 240 1
114 310 1
114 753 1
115 156 1
115 280 1
115 509 1
115 591 1
116 149 1
116 151 1
116 233 1
116 235 1
116 271 1
116 367 1
116 420 1
116 615 1
116 675 1
117 308 1
117 325 1
117 437 1
117 581 1
117 600 1
118 268 1
118 517 1
118 560 1
118 785 1
119 196 1
119 244 1
119 321 1
119 473 1
119 490 1
119 512 1
119 562 1
119 585 1
119 639 1
120 309 1
120 329 1
121 221 1
121 278 1
121 295 1
121 320 1
121 360 1
121 391 1
121 469 1
121 550 1
121 635 1
121 679 1
122 145 1
122 176 1
122 262 1
122 292 1
122 423 1
122 439 1
122 506 1
122 554 1
122 616 1
122 628 1
122 681 1
122 777 1
122 793 1
123 181 1
123 273 1
123 309 1
123 318 1
123 449 1
123 556 1
123 620 1
123 689 1
123 789 1
124 418 1
124 435 1
124 686 1
124 795 1
125 259 1
125 264 1
125 379 1
125 649 1
125 702 1
125 777 1
126 183 1
126 190 1
126 272 1
126 464 1
126 466 1
126 519 1
126 556 1
126 570 1
126 601 1
126 711 1
126 736 1
126 743 1
127 196 1
127 250 1
127 734 1
128 148 1
128 295 1
128 299 1
128 427 1
128 629 1
128 657 1
128 674 1
128 708 1
128 791 1
129 457 1
129 491 1
129 528 1
129 766 1
130 180 1
130 467 1
130 530 1
130 644 1
131 170 1
131 193 1
131 491 1
132 220 1
132 244 1
132 272 1
132 283 1
132 284 1
132 479 1
132 504 1
132 540 1
132 609 1
133 188 1
133 195 1
133 214 1
133 275 1
133 306 1
133 308 1
133 397 1
133 408 1
133 427 1
133 430 1
133 513 1
133 568 1
133 600 1
133 626 1
133 648 1
133 730 1
133 795 1
134 145 1
134 166 1
134 335 1
135 339 1
135 398 1
135 461 1
135 497 1
136 158 1
136 216 1
136 331 1
136 388 1
136 444 1
137 204 1
137 210 1
137 248 1
137 331 1
137 376 1
137 425 1
137 539 1
137 566 1
137 580 1
137 730 1
137 760 1
137 784 1
138 168 1
138 195 1
138 256 1
138 257 1
138 333 1
138 529 1
138 699 1
139 323 1
140 176 1
140 177 1
140 181 1
140 347 1
140 392 1
140 606 1
140 680 1
140 747 1
140 783 1
140 796 1
141 172 1
141 394 1
141 399 1
141 548 1
141 714 1
141 725 1
142 162 1
142 408 1
142 467 1
142 511 1
142 647 1
142 749 1
143 203 1
143 662 1
144 223 1
144 347 1
144 428 1
144 451 1
144 535 1
144 547 1
145 210 1
145 226 1
145 383 1
145 489 1
145 629 1
146 748 1
146 798 1
147 163 1
147 286 1
147 389 1
147 617 1
147 622 1
148 316 1
148 348 1
148 575 1
148 691 1
148 744 1
149 183 1
149 248 1
149 258 1
149 371 1
149 454 1
149 590 1
149 758 1
150 259 1
150 273 1
150 409 1
150 419 1
150 490 1
150 695 1
150 776 1
151 238 1
151 542 1
151 757 1
152 297 1
152 303 1
152 405 1
153 313 1
153 477 1
154 238 1
154 264 1
155 217 1
155 376 1
155 380 1
155 402 1
155 520 1
155 674 1
156 186 1
156 213 1
156 322 1
156 386 1
156 415 1
156 579 1
156 652 1
156 786 1
157 205 1
157 225 1
157 424 1
157 759 1
158 267 1
158 626 1
158 661 1
158 773 1
159 169 1
159 216 1
159 285 1
159 312 1
159 387 1
159 393 1
159 434 1
159 478 1
159 521 1
159 529 1
159 596 1
159 723 1
159 762 1
160 230 1
160 426 1
161 192 1
161 279 1
161 418 1
161 472 1
161 554 1
161 738 1
161 799 1
162 245 1
162 374 1
162 433 1
162 528 1
163 204 1
163 261 1
164 213 1
164 356 1
164 619 1
165 239 1
165 455 1
165 557 1
165 724 1
166 246 1
166 252 1
166 261 1
166 280 1
166 304 1
166 334 1
166 372 1
166 393 1
166 479 1
166 526 1
166 546 1
166 558 1
166 578 1
166 692 1
166 785 1
167 287 1
167 332 1
167 557 1
167 657 1
167 766 1
168 172 1
168 205 1
168 274 1
168 277 1
168 499 1
169 200 1
169 256 1
169 262 1
169 427 1
170 189 1
170 193 1
170 229 1
170 239 1
170 249 1
170 392 1
170 512 1
171 183 1
171 380 1
171 746 1
172 368 1
172 545 1
174 399 1
174 668 1
174 768 1
175 225 1
175 280 1
175 345 1
175 496 1
175 693 1
176 374 1
176 495 1
177 217 1
177 318 1
177 319 1
177 507 1
177 607 1
178 641 1
179 282 1
179 314 1
179 367 1
179 378 1
179 439 1
179 549 1
179 579 1
180 187 1
180 327 1
180 354 1
180 659 1
180 668 1
180 771 1
181 189 1
181 288 1
182 201 1
182 243 1
182 301 1
182 428 1
182 459 1
182 471 1
182 649 1
183 433 1
184 201 1
184 230 1
184 269 1
184 487 1
184 549 1
184 705 1
185 231 1
185 307 1
185 470 1
185 486 1
185 504 1
185 540 1
185 613 1
186 240 1
186 255 1
186 261 1
186 290 1
186 302 1
186 484 1
186 563 1
186 565 1
186 586 1
186 713 1
187 202 1
188 209 1
188 375 1
188 534 1
188 639 1
189 239 1
189 292 1
189 321 1
189 400 1
190 487 1
190 597 1
191 341 1
191 351 1
191 401 1
191 457 1
191 500 1
192 257 1
192 361 1
192 650 1
192 669 1
192 690 1
193 373 1
194 242 1
194 251 1
194 377 1
194 539 1
194 620 1
194 651 1
195 202 1
195 244 1
195 484 1
195 514 1
195 716 1
196 500 1
196 643 1
196 671 1
198 272 1
198 349 1
198 384 1
198 524 1
198 599 1
198 750 1
199 276 1
199 351 1
199 607 1
200 295 1
200 445 1
201 203 1
201 551 1
201 579 1
201 626 1
201 691 1
202 301 1
202 514 1
202 572 1
202 775 1
203 765 1
203 797 1
204 336 1
204 396 1
204 404 1
205 224 1
205 294 1
205 312 1
205 450 1
205 465 1
205 478 1
205 489 1
205 733 1
205 794 1
206 229 1
206 247 1
206 254 1
206 322 1
206 349 1
206 542 1
206 574 1
207 210 1
208 370 1
211 281 1
211 558 1
211 559 1
212 232 1
212 317 1
212 443 1
212 725 1
212 759 1
213 215 1
213 329 1
213 407 1
213 599 1
213 672 1
214 227 1
214 276 1
214 472 1
214 544 1
215 696 1
216 266 1
216 525 1
216 550 1
216 687 1
216 733 1
217 244 1
217 344 1
217 422 1
217 507 1
217 510 1
217 580 1
218 245 1
218 307 1
218 468 1
219 253 1
219 492 1
219 742 1
220 350 1
220 360 1
221 589 1
221 746 1
222 323 1
222 631 1
224 745 1
225 407 1
225 425 1
225 710 1
225 712 1
226 232 1
226 655 1
226 757 1
227 332 1
227 437 1
227 473 1
227 526 1
227 543 1
228 259 1
228 361 1
228 366 1
228 371 1
228 664 1
228 757 1
230 314 1
230 389 1
230 514 1
231 333 1
231 741 1
233 286 1
233 289 1
233 569 1
234 306 1
234 349 1
234 531 1
234 532 1
234 575 1
234 734 1
235 313 1
235 376 1
235 391 1
236 321 1
236 474 1
236 788 1
237 720 1
238 414 1
239 265 1
239 491 1
239 634 1
239 637 1
239 655 1
240 432 1
240 563 1
241 642 1
242 259 1
242 265 1
242 442 1
242 533 1
242 792 1
243 343 1
243 683 1
243 796 1
244 426 1
244 443 1
244 526 1
244 731 1
245 279 1
245 396 1
245 483 1
245 484 1
245 494 1
245 525 1
245 581 1
245 668 1
246 252 1
247 329 1
247 435 1
247 502 1
249 609 1
250 308 1
250 340 1
251 523 1
251 778 1
253 438 1
253 743 1
254 623 1
254 643 1
254 717 1
254 733 1
255 307 1
255 507 1
256 420 1
257 320 1
257 583 1
257 680 1
257 745 1
258 417 1
258 461 1
258 520 1
258 559 1
258 567 1
258 618 1
258 673 1
259 340 1
259 351 1
259 395 1
259 569 1
259 647 1
259 737 1
260 428 1
261 304 1
261 388 1
261 479 1
262 358 1
262 470 1
263 491 1
264 295 1
264 387 1
265 659 1
265 671 1
265 709 1
266 355 1
266 365 1
266 525 1
267 268 1
267 546 1
267 766 1
268 607 1
268 762 1
269 361 1
269 395 1
269 503 1
270 289 1
270 482 1
270 542 1
270 785 1
271 475 1
272 290 1
272 384 1
272 524 1
272 796 1
273 455 1
273 773 1
274 298 1
274 330 1
274 337 1
274 366 1
274 458 1
274 482 1
276 281 1
276 312 1
276 576 1
276 621 1
276 670 1
277 365 1
277 461 1
277 622 1
277 799 1
278 314 1
278 360 1
278 675 1
278 704 1
278 792 1
280 345 1
280 346 1
280 466 1
280 541 1
280 551 1
280 580 1
280 627 1
280 655 1
281 453 1
281 568 1
281 631 1
281 670 1
281 756 1
282 457 1
284 350 1
284 469 1
284 683 1
285 319 1
285 410 1
285 534 1
286 330 1
286 372 1
286 406 1
286 611 1
287 547 1
287 635 1
287 773 1
288 510 1
288 635 1
289 322 1
289 659 1
289 797 1
290 346 1
290 432 1
290 527 1
290 560 1
290 574 1
290 698 1
291 435 1
291 634 1
292 517 1
292 720 1
292 758 1
292 761 1
294 300 1
294 336 1
294 509 1
296 792 1
297 303 1
297 325 1
297 456 1
299 326 1
299 351 1
299 485 1
299 495 1
299 707 1
299 730 1
299 780 1
300 408 1
300 489 1
300 509 1
300 609 1
301 704 1
302 436 1
303 387 1
305 593 1
305 735 1
306 364 1
306 430 1
306 474 1
306 537 1
306 634 1
307 369 1
307 562 1
307 612 1
308 407 1
308 625 1
309 668 1
309 693 1
310 390 1
310 447 1
310 574 1
311 338 1
311 363 1
311 373 1
311 383 1
311 480 1
311 741 1
311 769 1
311 779 1
312 438 1
312 605 1
313 386 1
313 433 1
313 744 1
314 652 1
315 358 1
315 508 1
315 697 1
316 348 1
316 429 1
316 571 1
316 626 1
316 794 1
317 406 1
317 420 1
317 502 1
317 559 1
317 644 1
318 413 1
318 630 1
318 638 1
320 521 1
322 373 1
322 760 1
324 326 1
324 411 1
325 763 1
325 798 1
327 760 1
328 488 1
329 367 1
330 482 1
330 577 1
330 641 1
332 440 1
332 724 1
333 390 1
333 531 1
333 672 1
334 437 1
334 503 1
336 464 1
336 775 1
337 551 1
337 567 1
337 620 1
337 682 1
337 735 1
338 530 1
338 719 1
339 621 1
339 673 1
340 399 1
340 403 1
340 449 1
340 529 1
340 793 1
341 446 1
341 474 1
341 617 1
342 343 1
342 429 1
342 446 1
342 738 1
342 787 1
343 501 1
343 592 1
344 451 1
345 359 1
345 375 1
345 379 1
345 422 1
346 359 1
346 517 1
347 415 1
347 446 1
347 503 1
347 584 1
348 415 1
348 585 1
349 369 1
350 355 1
350 374 1
350 455 1
350 461 1
350 571 1
351 431 1
351 459 1
351 475 1
351 543 1
351 588 1
351 694 1
351 707 1
351 740 1
352 751 1
353 364 1
353 369 1
353 625 1
354 385 1
354 649 1
355 470 1
355 511 1
355 667 1
356 513 1
356 576 1
357 522 1
358 682 1
359 386 1
360 362 1
362 450 1
362 651 1
362 723 1
362 800 1
363 761 1
364 500 1
366 369 1
366 553 1
367 693 1
369 522 1
369 533 1
370 477 1
370 548 1
371 555 1
372 632 1
373 611 1
374 462 1
374 633 1
375 393 1
375 533 1
375 676 1
375 761 1
376 538 1
377 384 1
377 644 1
377 793 1
378 432 1
378 434 1
378 460 1
378 506 1
378 590 1
378 697 1
379 448 1
379 527 1
379 610 1
379 667 1
379 712 1
379 800 1
380 441 1
380 518 1
380 583 1
380 603 1
381 414 1
381 645 1
382 398 1
382 428 1
382 476 1
382 591 1
383 676 1
384 557 1
384 646 1
386 419 1
387 550 1
389 501 1
389 521 1
390 602 1
390 630 1
391 758 1
392 448 1
392 519 1
392 643 1
392 694 1
393 790 1
394 452 1
395 511 1
395 539 1
396 452 1
397 450 1
398 430 1
398 440 1
399 657 1
400 421 1
400 582 1
402 471 1
402 557 1
403 769 1
404 684 1
405 465 1
405 536 1
405 720 1
405 742 1
405 798 1
407 452 1
407 476 1
407 566 1
407 621 1
407 764 1
407 789 1
408 614 1
409 419 1
409 695 1
409 737 1
411 648 1
412 463 1
412 624 1
413 595 1
414 438 1
414 563 1
415 470 1
415 584 1
415 623 1
415 721 1
416 505 1
417 547 1
419 520 1
419 645 1
419 698 1
419 703 1
419 788 1
420 526 1
420 594 1
420 640 1
421 488 1
422 524 1
422 674 1
423 450 1
424 589 1
426 589 1
428 487 1
430 488 1
430 637 1
430 667 1
430 737 1
432 597 1
432 669 1
432 678 1
433 673 1
434 580 1
436 490 1
436 636 1
437 774 1
438 454 1
439 620 1
439 681 1
439 685 1
439 728 1
440 662 1
441 577 1
441 745 1
441 788 1
444 602 1
444 734 1
444 778 1
444 781 1
445 514 1
445 528 1
445 592 1
445 595 1
446 704 1
447 519 1
448 477 1
449 465 1
450 543 1
450 630 1
450 666 1
451 512 1
451 606 1
453 646 1
453 701 1
455 704 1
456 481 1
456 505 1
456 549 1
459 536 1
459 569 1
460 483 1
460 597 1
464 613 1
465 718 1
466 473 1
466 633 1
466 679 1
468 530 1
468 564 1
469 583 1
470 535 1
470 718 1
470 720 1
472 515 1
474 665 1
475 615 1
476 636 1
476 747 1
477 494 1
477 707 1
479 705 1
479 770 1
481 490 1
483 726 1
486 623 1
486 632 1
486 641 1
486 679 1
488 663 1
489 508 1
489 646 1
491 774 1
492 552 1
492 555 1
492 684 1
492 725 1
492 737 1
492 790 1
493 556 1
493 603 1
493 733 1
494 531 1
494 700 1
495 559 1
496 588 1
496 717 1
498 611 1
498 621 1
498 714 1
499 564 1
501 507 1
501 558 1
501 770 1
502 665 1
505 529 1
505 714 1
505 731 1
506 684 1
506 778 1
509 643 1
510 675 1
510 702 1
511 570 1
513 658 1
513 705 1
513 795 1
514 527 1
515 533 1
515 599 1
515 727 1
515 784 1
516 776 1
517 570 1
519 750 1
522 698 1
525 758 1
527 698 1
528 761 1
529 677 1
531 573 1
532 586 1
532 752 1
534 586 1
535 634 1
539 696 1
540 624 1
542 567 1
542 602 1
543 716 1
546 693 1
547 750 1
548 684 1
548 709 1
549 601 1
550 710 1
550 763 1
550 787 1
551 552 1
551 708 1
553 588 1
553 623 1
555 594 1
555 780 1
555 782 1
556 700 1
561 582 1
561 617 1
561 654 1
561 658 1
562 582 1
566 624 1
566 764 1
567 585 1
571 716 1
571 722 1
572 705 1
573 765 1
580 754 1
586 657 1
586 703 1
587 697 1
588 790 1
590 768 1
592 610 1
592 748 1
596 692 1
597 709 1
597 741 1
598 601 1
598 639 1
598 656 1
602 670 1
604 780 1
605 763 1
606 662 1
606 669 1
607 751 1
608 741 1
609 682 1
612 690 1
613 765 1
615 648 1
615 653 1
616 713 1
617 709 1
618 619 1
621 794 1
623 628 1
623 699 1
625 661 1
625 800 1
626 710 1
626 757 1
627 656 1
633 645 1
634 767 1
634 798 1
642 696 1
644 666 1
649 753 1
650 719 1
657 660 1
663 786 1
665 781 1
669 744 1
669 769 1
670 708 1
673 765 1
674 680 1
674 715 1
674 795 1
676 760 1
680 731 1
684 756 1
685 729 1
686 726 1
687 776 1
687 791 1
697 751 1
698 708 1
700 739 1
700 784 1
700 789 1
705 770 1
709 793 1
716 718 1
722 747 1
728 771 1
731 787 1
733 783 1
735 748 1
736 743 1
