200 2954 
1 9 1
1 11 1
1 20 1
1 22 1
1 27 1
1 28 1
1 38 1
1 47 1
1 83 1
1 96 1
1 98 1
1 103 1
1 119 1
1 124 1
1 131 1
1 141 1
1 148 1
1 149 1
1 156 1
1 157 1
1 167 1
1 171 1
1 178 1
1 185 1
2 8 1
2 14 1
2 19 1
2 42 1
2 45 1
2 53 1
2 56 1
2 65 1
2 68 1
2 78 1
2 80 1
2 82 1
2 95 1
2 131 1
2 134 1
2 136 1
2 143 1
2 145 1
2 152 1
2 160 1
2 161 1
2 167 1
2 179 1
2 180 1
2 185 1
2 189 1
2 190 1
2 194 1
2 199 1
2 200 1
3 12 1
3 19 1
3 26 1
3 29 1
3 39 1
3 51 1
3 54 1
3 55 1
3 61 1
3 82 1
3 99 1
3 101 1
3 113 1
3 116 1
3 122 1
3 130 1
3 135 1
3 138 1
3 146 1
3 155 1
3 193 1
3 199 1
4 9 1
4 19 1
4 21 1
4 38 1
4 55 1
4 56 1
4 58 1
4 63 1
4 69 1
4 83 1
4 92 1
4 93 1
4 118 1
4 122 1
4 125 1
4 127 1
4 134 1
4 152 1
4 154 1
4 158 1
4 161 1
4 163 1
4 164 1
4 177 1
4 183 1
4 186 1
4 196 1
4 197 1
4 199 1
5 6 1
5 8 1
5 13 1
5 18 1
5 23 1
5 26 1
5 44 1
5 46 1
5 54 1
5 60 1
5 72 1
5 75 1
5 87 1
5 97 1
5 102 1
5 108 1
5 123 1
5 129 1
5 132 1
5 135 1
5 144 1
5 147 1
5 148 1
5 150 1
5 152 1
5 162 1
5 169 1
5 170 1
5 174 1
5 177 1
5 179 1
5 186 1
6 9 1
6 10 1
6 14 1
6 28 1
6 34 1
6 35 1
6 37 1
6 39 1
6 45 1
6 48 1
6 51 1
6 55 1
6 58 1
6 61 1
6 68 1
6 83 1
6 85 1
6 92 1
6 96 1
6 101 1
6 104 1
6 111 1
6 121 1
6 132 1
6 140 1
6 144 1
6 148 1
6 149 1
6 151 1
6 163 1
6 165 1
6 166 1
6 169 1
6 188 1
6 191 1
6 192 1
6 200 1
7 14 1
7 21 1
7 38 1
7 43 1
7 45 1
7 48 1
7 51 1
7 56 1
7 60 1
7 72 1
7 76 1
7 77 1
7 85 1
7 86 1
7 96 1
7 101 1
7 109 1
7 127 1
7 129 1
7 138 1
7 143 1
7 146 1
7 159 1
7 164 1
7 165 1
7 170 1
7 171 1
7 174 1
7 179 1
7 180 1
7 186 1
7 189 1
8 18 1
8 21 1
8 27 1
8 32 1
8 34 1
8 36 1
8 46 1
8 49 1
8 54 1
8 60 1
8 70 1
8 72 1
8 78 1
8 83 1
8 94 1
8 98 1
8 102 1
8 104 1
8 108 1
8 111 1
8 139 1
8 149 1
8 153 1
8 159 1
8 172 1
8 175 1
8 177 1
8 191 1
8 195 1
8 199 1
9 27 1
9 31 1
9 35 1
9 37 1
9 52 1
9 57 1
9 67 1
9 73 1
9 77 1
9 81 1
9 90 1
9 94 1
9 103 1
9 120 1
9 138 1
9 141 1
9 162 1
9 164 1
9 167 1
9 174 1
9 176 1
9 179 1
9 185 1
9 189 1
9 192 1
10 15 1
10 18 1
10 20 1
10 21 1
10 23 1
10 29 1
10 32 1
10 34 1
10 39 1
10 44 1
10 52 1
10 57 1
10 66 1
10 67 1
10 70 1
10 71 1
10 78 1
10 81 1
10 88 1
10 98 1
10 101 1
10 107 1
10 113 1
10 116 1
10 118 1
10 127 1
10 135 1
10 138 1
10 141 1
10 148 1
10 149 1
10 167 1
10 179 1
11 13 1
11 14 1
11 19 1
11 24 1
11 25 1
11 29 1
11 32 1
11 39 1
11 40 1
11 75 1
11 81 1
11 89 1
11 95 1
11 97 1
11 98 1
11 102 1
11 116 1
11 120 1
11 127 1
11 128 1
11 137 1
11 139 1
11 150 1
11 172 1
11 180 1
11 188 1
12 14 1
12 17 1
12 26 1
12 32 1
12 34 1
12 35 1
12 43 1
12 53 1
12 58 1
12 61 1
12 68 1
12 82 1
12 89 1
12 97 1
12 98 1
12 116 1
12 123 1
12 126 1
12 152 1
12 153 1
12 156 1
12 159 1
12 166 1
12 180 1
13 20 1
13 22 1
13 26 1
13 27 1
13 51 1
13 69 1
13 70 1
13 71 1
13 72 1
13 102 1
13 106 1
13 107 1
13 108 1
13 113 1
13 114 1
13 131 1
13 143 1
13 144 1
13 145 1
13 148 1
13 149 1
13 163 1
13 165 1
13 167 1
13 174 1
13 182 1
13 196 1
13 198 1
14 17 1
14 26 1
14 46 1
14 58 1
14 61 1
14 64 1
14 79 1
14 81 1
14 97 1
14 109 1
14 121 1
14 135 1
14 136 1
14 141 1
14 143 1
14 144 1
14 148 1
14 169 1
14 178 1
14 183 1
14 188 1
14 189 1
14 191 1
14 192 1
15 21 1
15 24 1
15 31 1
15 33 1
15 36 1
15 38 1
15 44 1
15 45 1
15 48 1
15 54 1
15 55 1
15 60 1
15 71 1
15 72 1
15 75 1
15 84 1
15 99 1
15 105 1
15 117 1
15 132 1
15 133 1
15 138 1
15 148 1
15 150 1
15 165 1
15 168 1
15 169 1
15 171 1
15 172 1
15 181 1
15 189 1
15 198 1
16 17 1
16 18 1
16 20 1
16 46 1
16 50 1
16 51 1
16 52 1
16 65 1
16 72 1
16 80 1
16 92 1
16 94 1
16 104 1
16 106 1
16 118 1
16 124 1
16 131 1
16 132 1
16 143 1
16 147 1
16 151 1
16 154 1
16 156 1
16 157 1
16 160 1
16 169 1
16 170 1
16 176 1
16 184 1
16 197 1
17 21 1
17 35 1
17 39 1
17 45 1
17 49 1
17 52 1
17 54 1
17 56 1
17 60 1
17 65 1
17 68 1
17 73 1
17 76 1
17 86 1
17 116 1
17 119 1
17 123 1
17 126 1
17 129 1
17 131 1
17 148 1
17 153 1
17 154 1
17 156 1
17 164 1
17 168 1
17 182 1
17 184 1
17 186 1
17 189 1
17 192 1
17 199 1
17 200 1
18 24 1
18 30 1
18 32 1
18 33 1
18 34 1
18 37 1
18 38 1
18 40 1
18 53 1
18 82 1
18 92 1
18 94 1
18 99 1
18 107 1
18 111 1
18 120 1
18 121 1
18 131 1
18 150 1
18 152 1
18 164 1
18 168 1
18 186 1
18 189 1
18 199 1
18 200 1
19 38 1
19 43 1
19 44 1
19 62 1
19 70 1
19 84 1
19 92 1
19 103 1
19 130 1
19 133 1
19 135 1
19 141 1
19 144 1
19 147 1
19 149 1
19 151 1
19 158 1
19 164 1
19 165 1
19 166 1
19 176 1
19 180 1
19 193 1
20 28 1
20 33 1
20 36 1
20 38 1
20 59 1
20 65 1
20 68 1
20 73 1
20 97 1
20 100 1
20 105 1
20 123 1
20 140 1
20 147 1
20 150 1
20 159 1
20 163 1
20 167 1
20 168 1
20 172 1
20 177 1
20 188 1
20 190 1
20 194 1
20 195 1
21 25 1
21 30 1
21 55 1
21 58 1
21 63 1
21 66 1
21 70 1
21 78 1
21 80 1
21 89 1
21 100 1
21 104 1
21 105 1
21 120 1
21 132 1
21 137 1
21 154 1
21 156 1
21 161 1
21 168 1
21 169 1
21 175 1
21 179 1
21 190 1
21 194 1
21 200 1
22 29 1
22 57 1
22 62 1
22 72 1
22 112 1
22 120 1
22 134 1
22 148 1
22 150 1
22 165 1
22 177 1
22 187 1
23 29 1
23 32 1
23 37 1
23 52 1
23 59 1
23 68 1
23 81 1
23 100 1
23 102 1
23 108 1
23 111 1
23 113 1
23 126 1
23 129 1
23 132 1
23 157 1
23 164 1
23 176 1
23 178 1
23 180 1
23 187 1
23 189 1
23 190 1
24 31 1
24 33 1
24 36 1
24 38 1
24 43 1
24 49 1
24 52 1
24 56 1
24 66 1
24 69 1
24 73 1
24 75 1
24 80 1
24 88 1
24 91 1
24 93 1
24 94 1
24 95 1
24 102 1
24 116 1
24 117 1
24 124 1
24 127 1
24 129 1
24 136 1
24 143 1
24 153 1
24 173 1
24 182 1
24 184 1
24 186 1
25 39 1
25 42 1
25 52 1
25 53 1
25 54 1
25 60 1
25 68 1
25 74 1
25 83 1
25 84 1
25 85 1
25 93 1
25 94 1
25 107 1
25 137 1
25 148 1
25 161 1
25 166 1
25 167 1
25 174 1
25 177 1
25 182 1
25 185 1
25 187 1
25 188 1
25 196 1
25 199 1
26 29 1
26 32 1
26 36 1
26 40 1
26 41 1
26 42 1
26 46 1
26 56 1
26 60 1
26 81 1
26 93 1
26 98 1
26 102 1
26 103 1
26 106 1
26 108 1
26 121 1
26 141 1
26 143 1
26 146 1
26 155 1
26 180 1
26 181 1
26 186 1
27 39 1
27 41 1
27 49 1
27 51 1
27 62 1
27 65 1
27 68 1
27 74 1
27 91 1
27 93 1
27 99 1
27 100 1
27 123 1
27 132 1
27 134 1
27 139 1
27 141 1
27 144 1
27 153 1
27 162 1
27 185 1
27 186 1
27 198 1
28 32 1
28 35 1
28 59 1
28 60 1
28 70 1
28 73 1
28 74 1
28 77 1
28 86 1
28 89 1
28 94 1
28 96 1
28 102 1
28 118 1
28 123 1
28 127 1
28 135 1
28 139 1
28 146 1
28 149 1
28 152 1
28 156 1
28 167 1
28 170 1
28 172 1
28 173 1
28 195 1
28 197 1
29 33 1
29 34 1
29 44 1
29 46 1
29 58 1
29 67 1
29 83 1
29 85 1
29 97 1
29 99 1
29 105 1
29 109 1
29 112 1
29 116 1
29 120 1
29 123 1
29 126 1
29 131 1
29 136 1
29 148 1
29 154 1
29 158 1
29 159 1
29 165 1
29 167 1
29 169 1
29 170 1
29 171 1
29 172 1
29 173 1
29 176 1
29 185 1
29 186 1
29 193 1
29 196 1
29 200 1
30 43 1
30 45 1
30 56 1
30 62 1
30 68 1
30 77 1
30 88 1
30 89 1
30 94 1
30 101 1
30 106 1
30 110 1
30 117 1
30 128 1
30 135 1
30 136 1
30 155 1
30 174 1
30 182 1
30 183 1
30 187 1
30 193 1
30 196 1
30 197 1
31 46 1
31 50 1
31 52 1
31 54 1
31 57 1
31 67 1
31 74 1
31 76 1
31 83 1
31 118 1
31 135 1
31 141 1
31 142 1
31 144 1
31 156 1
31 161 1
31 162 1
31 181 1
31 199 1
32 39 1
32 45 1
32 57 1
32 60 1
32 91 1
32 98 1
32 110 1
32 118 1
32 161 1
32 170 1
32 171 1
32 191 1
32 193 1
32 198 1
33 35 1
33 42 1
33 62 1
33 67 1
33 73 1
33 74 1
33 78 1
33 85 1
33 87 1
33 93 1
33 100 1
33 126 1
33 129 1
33 157 1
33 165 1
33 167 1
33 171 1
33 174 1
33 179 1
33 180 1
33 187 1
33 197 1
33 199 1
34 42 1
34 56 1
34 57 1
34 58 1
34 59 1
34 75 1
34 82 1
34 90 1
34 93 1
34 97 1
34 101 1
34 104 1
34 107 1
34 108 1
34 114 1
34 116 1
34 129 1
34 130 1
34 134 1
34 147 1
34 156 1
34 170 1
34 173 1
34 185 1
34 197 1
34 199 1
35 42 1
35 45 1
35 58 1
35 63 1
35 64 1
35 70 1
35 85 1
35 87 1
35 101 1
35 114 1
35 117 1
35 119 1
35 131 1
35 132 1
35 156 1
35 158 1
35 160 1
35 171 1
35 172 1
35 174 1
35 177 1
35 180 1
35 187 1
35 192 1
35 193 1
35 194 1
36 42 1
36 63 1
36 82 1
36 89 1
36 101 1
36 105 1
36 116 1
36 137 1
36 148 1
36 155 1
36 159 1
36 163 1
36 177 1
36 178 1
36 182 1
36 189 1
36 197 1
36 200 1
37 43 1
37 46 1
37 47 1
37 51 1
37 53 1
37 66 1
37 81 1
37 100 1
37 101 1
37 103 1
37 106 1
37 108 1
37 109 1
37 119 1
37 121 1
37 139 1
37 142 1
37 169 1
37 185 1
37 187 1
37 191 1
37 198 1
37 200 1
38 59 1
38 62 1
38 78 1
38 84 1
38 88 1
38 96 1
38 97 1
38 103 1
38 115 1
38 116 1
38 124 1
38 130 1
38 134 1
38 140 1
38 144 1
38 145 1
38 152 1
38 160 1
38 163 1
38 169 1
38 170 1
38 172 1
38 174 1
38 193 1
39 48 1
39 52 1
39 60 1
39 66 1
39 76 1
39 81 1
39 83 1
39 94 1
39 96 1
39 100 1
39 105 1
39 106 1
39 109 1
39 117 1
39 119 1
39 125 1
39 130 1
39 137 1
39 143 1
39 154 1
39 158 1
39 165 1
39 169 1
39 172 1
39 175 1
39 180 1
39 184 1
39 185 1
39 187 1
39 188 1
39 195 1
39 200 1
40 44 1
40 45 1
40 53 1
40 56 1
40 60 1
40 62 1
40 65 1
40 67 1
40 68 1
40 74 1
40 79 1
40 94 1
40 100 1
40 123 1
40 133 1
40 148 1
40 149 1
40 170 1
40 175 1
40 180 1
41 42 1
41 47 1
41 52 1
41 61 1
41 64 1
41 65 1
41 69 1
41 71 1
41 74 1
41 89 1
41 94 1
41 97 1
41 106 1
41 107 1
41 114 1
41 115 1
41 145 1
41 147 1
41 168 1
41 173 1
41 177 1
41 187 1
42 43 1
42 54 1
42 64 1
42 85 1
42 90 1
42 100 1
42 102 1
42 132 1
42 147 1
42 163 1
42 167 1
42 171 1
42 173 1
42 179 1
42 200 1
43 64 1
43 70 1
43 74 1
43 81 1
43 84 1
43 94 1
43 102 1
43 113 1
43 115 1
43 129 1
43 130 1
43 134 1
43 135 1
43 136 1
43 139 1
43 140 1
43 141 1
43 145 1
43 149 1
43 164 1
43 176 1
43 180 1
43 186 1
43 188 1
44 47 1
44 48 1
44 55 1
44 61 1
44 64 1
44 66 1
44 68 1
44 81 1
44 89 1
44 103 1
44 108 1
44 118 1
44 123 1
44 135 1
44 142 1
44 147 1
44 150 1
44 160 1
44 172 1
44 179 1
44 186 1
44 198 1
45 49 1
45 51 1
45 52 1
45 53 1
45 58 1
45 65 1
45 72 1
45 87 1
45 101 1
45 111 1
45 116 1
45 130 1
45 146 1
45 151 1
45 152 1
45 162 1
45 165 1
45 169 1
45 170 1
45 172 1
45 180 1
45 191 1
45 192 1
45 194 1
46 62 1
46 68 1
46 69 1
46 73 1
46 74 1
46 85 1
46 87 1
46 95 1
46 111 1
46 119 1
46 123 1
46 126 1
46 127 1
46 133 1
46 137 1
46 140 1
46 146 1
46 150 1
46 157 1
46 158 1
46 162 1
46 180 1
46 184 1
46 191 1
46 192 1
47 48 1
47 52 1
47 53 1
47 64 1
47 72 1
47 74 1
47 88 1
47 92 1
47 102 1
47 106 1
47 116 1
47 127 1
47 128 1
47 132 1
47 147 1
47 148 1
47 155 1
47 162 1
47 166 1
47 168 1
47 180 1
47 185 1
47 192 1
47 197 1
48 53 1
48 59 1
48 68 1
48 84 1
48 90 1
48 100 1
48 102 1
48 121 1
48 122 1
48 132 1
48 148 1
48 153 1
48 159 1
48 166 1
48 177 1
48 186 1
48 192 1
48 199 1
49 64 1
49 66 1
49 69 1
49 72 1
49 74 1
49 78 1
49 79 1
49 107 1
49 110 1
49 113 1
49 126 1
49 127 1
49 135 1
49 138 1
49 141 1
49 154 1
49 157 1
49 159 1
49 165 1
49 173 1
49 174 1
49 179 1
49 190 1
49 196 1
50 53 1
50 63 1
50 76 1
50 87 1
50 106 1
50 118 1
50 131 1
50 133 1
50 142 1
50 153 1
50 154 1
50 175 1
50 190 1
50 198 1
51 56 1
51 64 1
51 72 1
51 83 1
51 92 1
51 93 1
51 96 1
51 98 1
51 100 1
51 109 1
51 112 1
51 114 1
51 118 1
51 123 1
51 134 1
51 149 1
51 156 1
51 167 1
51 176 1
51 178 1
51 179 1
51 180 1
51 181 1
51 192 1
51 194 1
52 54 1
52 58 1
52 79 1
52 82 1
52 88 1
52 92 1
52 99 1
52 112 1
52 113 1
52 121 1
52 135 1
52 138 1
52 148 1
52 150 1
52 153 1
52 155 1
52 179 1
52 185 1
52 186 1
52 187 1
52 189 1
52 192 1
53 54 1
53 57 1
53 71 1
53 90 1
53 97 1
53 105 1
53 134 1
53 138 1
53 139 1
53 166 1
53 167 1
53 172 1
53 179 1
53 182 1
53 188 1
53 199 1
54 65 1
54 71 1
54 74 1
54 76 1
54 78 1
54 86 1
54 101 1
54 112 1
54 126 1
54 127 1
54 128 1
54 136 1
54 138 1
54 145 1
54 150 1
54 158 1
54 160 1
54 163 1
54 164 1
54 194 1
54 196 1
55 57 1
55 59 1
55 61 1
55 69 1
55 70 1
55 75 1
55 81 1
55 82 1
55 85 1
55 124 1
55 127 1
55 131 1
55 133 1
55 135 1
55 136 1
55 148 1
55 155 1
55 169 1
55 171 1
55 184 1
55 191 1
56 63 1
56 69 1
56 76 1
56 85 1
56 89 1
56 107 1
56 113 1
56 119 1
56 124 1
56 129 1
56 147 1
56 159 1
56 162 1
56 167 1
56 176 1
56 180 1
56 185 1
56 186 1
56 194 1
56 195 1
56 197 1
56 200 1
57 58 1
57 61 1
57 62 1
57 65 1
57 71 1
57 72 1
57 77 1
57 92 1
57 112 1
57 114 1
57 115 1
57 119 1
57 121 1
57 128 1
57 137 1
57 146 1
57 152 1
57 159 1
57 172 1
57 174 1
57 178 1
57 186 1
57 187 1
57 197 1
57 199 1
57 200 1
58 59 1
58 60 1
58 68 1
58 71 1
58 75 1
58 76 1
58 96 1
58 119 1
58 122 1
58 130 1
58 153 1
58 154 1
58 167 1
58 169 1
58 171 1
58 174 1
58 177 1
58 181 1
58 187 1
58 188 1
58 200 1
59 63 1
59 65 1
59 74 1
59 86 1
59 91 1
59 99 1
59 102 1
59 103 1
59 107 1
59 114 1
59 116 1
59 123 1
59 133 1
59 144 1
59 148 1
59 155 1
59 169 1
59 184 1
59 188 1
59 191 1
60 65 1
60 74 1
60 81 1
60 84 1
60 107 1
60 112 1
60 117 1
60 126 1
60 129 1
60 132 1
60 142 1
60 158 1
60 166 1
60 176 1
60 185 1
60 186 1
60 187 1
60 194 1
60 200 1
61 73 1
61 83 1
61 84 1
61 88 1
61 99 1
61 100 1
61 125 1
61 126 1
61 141 1
61 151 1
61 154 1
61 155 1
61 156 1
61 157 1
61 159 1
61 164 1
61 171 1
61 174 1
61 191 1
61 199 1
62 64 1
62 80 1
62 84 1
62 86 1
62 89 1
62 92 1
62 100 1
62 106 1
62 134 1
62 140 1
62 143 1
62 146 1
62 151 1
62 152 1
62 158 1
62 172 1
62 180 1
62 189 1
62 195 1
62 198 1
62 199 1
63 68 1
63 86 1
63 98 1
63 102 1
63 106 1
63 108 1
63 111 1
63 117 1
63 123 1
63 125 1
63 129 1
63 130 1
63 140 1
63 144 1
63 152 1
63 160 1
63 163 1
63 170 1
63 178 1
63 179 1
63 183 1
63 188 1
63 190 1
63 193 1
64 65 1
64 66 1
64 68 1
64 83 1
64 92 1
64 97 1
64 107 1
64 110 1
64 111 1
64 117 1
64 121 1
64 128 1
64 131 1
64 133 1
64 152 1
64 158 1
64 159 1
64 165 1
64 178 1
64 188 1
64 192 1
64 200 1
65 66 1
65 68 1
65 71 1
65 83 1
65 93 1
65 101 1
65 115 1
65 119 1
65 123 1
65 127 1
65 131 1
65 132 1
65 142 1
65 146 1
65 147 1
65 148 1
65 153 1
65 166 1
65 168 1
65 169 1
65 187 1
65 189 1
65 198 1
65 200 1
66 67 1
66 69 1
66 75 1
66 84 1
66 99 1
66 102 1
66 103 1
66 107 1
66 108 1
66 112 1
66 113 1
66 114 1
66 122 1
66 141 1
66 152 1
66 155 1
66 157 1
66 166 1
66 168 1
66 175 1
66 186 1
66 198 1
67 68 1
67 79 1
67 81 1
67 84 1
67 86 1
67 98 1
67 102 1
67 109 1
67 114 1
67 123 1
67 124 1
67 127 1
67 129 1
67 133 1
67 146 1
67 147 1
67 148 1
67 155 1
67 167 1
67 170 1
67 173 1
67 186 1
67 187 1
67 194 1
67 197 1
67 198 1
68 79 1
68 103 1
68 105 1
68 107 1
68 122 1
68 127 1
68 138 1
68 149 1
68 159 1
68 162 1
68 163 1
68 165 1
68 167 1
68 174 1
68 177 1
68 180 1
68 182 1
68 185 1
68 193 1
69 76 1
69 77 1
69 83 1
69 89 1
69 96 1
69 99 1
69 108 1
69 120 1
69 128 1
69 133 1
69 137 1
69 144 1
69 148 1
69 156 1
69 166 1
69 174 1
69 181 1
69 183 1
69 187 1
69 190 1
69 194 1
69 196 1
70 74 1
70 75 1
70 76 1
70 79 1
70 88 1
70 91 1
70 92 1
70 94 1
70 98 1
70 101 1
70 103 1
70 109 1
70 129 1
70 132 1
70 159 1
70 162 1
70 166 1
70 167 1
70 169 1
70 170 1
70 179 1
70 185 1
70 188 1
70 192 1
70 198 1
71 83 1
71 88 1
71 92 1
71 97 1
71 99 1
71 109 1
71 113 1
71 143 1
71 144 1
71 154 1
71 166 1
71 169 1
71 172 1
71 175 1
71 184 1
71 190 1
71 199 1
71 200 1
72 74 1
72 101 1
72 107 1
72 118 1
72 122 1
72 138 1
72 147 1
72 156 1
72 159 1
72 167 1
72 184 1
72 192 1
73 84 1
73 91 1
73 102 1
73 104 1
73 105 1
73 106 1
73 107 1
73 108 1
73 110 1
73 113 1
73 117 1
73 146 1
73 160 1
73 161 1
73 163 1
73 169 1
73 173 1
73 177 1
73 178 1
73 180 1
73 194 1
73 195 1
74 78 1
74 82 1
74 97 1
74 98 1
74 101 1
74 106 1
74 111 1
74 121 1
74 127 1
74 129 1
74 132 1
74 144 1
74 146 1
74 149 1
74 150 1
74 156 1
74 158 1
74 162 1
74 170 1
74 177 1
74 197 1
74 199 1
75 81 1
75 92 1
75 102 1
75 106 1
75 107 1
75 108 1
75 109 1
75 114 1
75 119 1
75 136 1
75 154 1
75 157 1
75 160 1
75 163 1
75 166 1
75 167 1
75 196 1
75 200 1
76 86 1
76 91 1
76 97 1
76 102 1
76 111 1
76 115 1
76 122 1
76 128 1
76 141 1
76 145 1
76 146 1
76 148 1
76 149 1
76 163 1
76 166 1
76 168 1
76 175 1
76 185 1
77 89 1
77 93 1
77 117 1
77 125 1
77 133 1
77 137 1
77 156 1
77 158 1
77 159 1
77 168 1
77 171 1
77 172 1
77 180 1
77 193 1
77 197 1
77 198 1
77 199 1
78 93 1
78 95 1
78 96 1
78 100 1
78 101 1
78 106 1
78 113 1
78 116 1
78 119 1
78 140 1
78 141 1
78 143 1
78 150 1
78 158 1
78 162 1
78 163 1
78 164 1
78 172 1
78 177 1
78 184 1
78 191 1
78 196 1
78 199 1
79 81 1
79 89 1
79 94 1
79 104 1
79 110 1
79 117 1
79 126 1
79 153 1
79 160 1
79 168 1
79 170 1
79 175 1
79 177 1
79 186 1
79 189 1
80 82 1
80 104 1
80 106 1
80 110 1
80 123 1
80 131 1
80 136 1
80 138 1
80 152 1
80 162 1
80 174 1
80 178 1
80 180 1
80 184 1
80 185 1
80 187 1
80 191 1
80 193 1
81 86 1
81 90 1
81 97 1
81 100 1
81 107 1
81 123 1
81 128 1
81 137 1
81 139 1
81 141 1
81 151 1
81 182 1
81 183 1
81 184 1
81 193 1
81 194 1
81 197 1
82 85 1
82 95 1
82 96 1
82 119 1
82 125 1
82 129 1
82 142 1
82 144 1
82 145 1
82 155 1
82 162 1
82 173 1
82 178 1
82 181 1
82 185 1
82 191 1
82 198 1
83 84 1
83 90 1
83 96 1
83 99 1
83 102 1
83 103 1
83 111 1
83 118 1
83 121 1
83 123 1
83 127 1
83 128 1
83 134 1
83 142 1
83 149 1
83 152 1
83 153 1
83 160 1
83 174 1
83 175 1
83 177 1
83 179 1
83 182 1
83 185 1
83 195 1
84 97 1
84 99 1
84 103 1
84 105 1
84 106 1
84 109 1
84 111 1
84 115 1
84 117 1
84 123 1
84 127 1
84 132 1
84 133 1
84 136 1
84 141 1
84 145 1
84 147 1
84 152 1
84 154 1
84 162 1
84 163 1
84 168 1
84 170 1
84 171 1
84 178 1
84 183 1
84 193 1
85 87 1
85 88 1
85 91 1
85 92 1
85 108 1
85 110 1
85 120 1
85 121 1
85 123 1
85 129 1
85 130 1
85 132 1
85 136 1
85 140 1
85 146 1
85 150 1
85 153 1
85 162 1
85 164 1
85 176 1
85 181 1
85 187 1
85 191 1
85 198 1
85 199 1
86 87 1
86 88 1
86 95 1
86 121 1
86 127 1
86 128 1
86 150 1
86 158 1
86 174 1
86 180 1
86 182 1
86 187 1
86 194 1
86 196 1
87 90 1
87 91 1
87 104 1
87 106 1
87 119 1
87 127 1
87 129 1
87 142 1
87 146 1
87 150 1
87 165 1
87 178 1
87 192 1
88 91 1
88 103 1
88 108 1
88 111 1
88 118 1
88 122 1
88 126 1
88 130 1
88 132 1
88 134 1
88 137 1
88 156 1
88 160 1
88 164 1
88 166 1
88 168 1
88 178 1
88 179 1
88 181 1
88 194 1
89 114 1
89 115 1
89 116 1
89 118 1
89 135 1
89 137 1
89 141 1
89 145 1
89 160 1
89 170 1
89 173 1
89 192 1
89 193 1
89 194 1
89 198 1
90 96 1
90 98 1
90 105 1
90 109 1
90 112 1
90 118 1
90 122 1
90 124 1
90 133 1
90 138 1
90 142 1
90 150 1
90 158 1
90 161 1
90 167 1
90 172 1
90 178 1
90 184 1
90 185 1
90 191 1
91 97 1
91 109 1
91 110 1
91 116 1
91 120 1
91 123 1
91 129 1
91 136 1
91 137 1
91 138 1
91 142 1
91 143 1
91 147 1
91 149 1
91 163 1
91 197 1
92 95 1
92 100 1
92 101 1
92 105 1
92 108 1
92 110 1
92 111 1
92 117 1
92 118 1
92 126 1
92 134 1
92 137 1
92 157 1
92 158 1
92 172 1
92 184 1
92 189 1
92 192 1
92 195 1
92 197 1
93 99 1
93 102 1
93 108 1
93 117 1
93 129 1
93 143 1
93 163 1
93 173 1
93 177 1
93 182 1
93 191 1
93 195 1
93 200 1
94 104 1
94 112 1
94 119 1
94 122 1
94 129 1
94 130 1
94 133 1
94 151 1
94 164 1
94 166 1
94 171 1
94 178 1
94 182 1
94 189 1
94 197 1
95 97 1
95 100 1
95 103 1
95 106 1
95 124 1
95 128 1
95 143 1
95 150 1
95 151 1
95 176 1
95 177 1
95 187 1
95 190 1
95 193 1
96 98 1
96 110 1
96 119 1
96 120 1
96 126 1
96 134 1
96 138 1
96 140 1
96 144 1
96 148 1
96 165 1
96 166 1
96 168 1
96 181 1
96 183 1
96 192 1
96 196 1
96 200 1
97 117 1
97 125 1
97 127 1
97 142 1
97 144 1
97 157 1
97 167 1
97 176 1
97 178 1
97 179 1
97 193 1
98 99 1
98 100 1
98 110 1
98 119 1
98 125 1
98 135 1
98 136 1
98 152 1
98 153 1
98 157 1
98 162 1
98 168 1
98 172 1
98 180 1
98 188 1
98 194 1
98 197 1
99 109 1
99 115 1
99 119 1
99 128 1
99 132 1
99 133 1
99 139 1
99 145 1
99 147 1
99 167 1
99 169 1
99 171 1
99 175 1
99 178 1
99 181 1
99 198 1
100 104 1
100 114 1
100 115 1
100 122 1
100 124 1
100 132 1
100 138 1
100 147 1
100 154 1
100 159 1
100 166 1
100 183 1
100 195 1
101 109 1
101 120 1
101 126 1
101 129 1
101 138 1
101 141 1
101 144 1
101 145 1
101 150 1
101 163 1
101 164 1
101 193 1
102 104 1
102 108 1
102 116 1
102 120 1
102 122 1
102 126 1
102 128 1
102 130 1
102 141 1
102 142 1
102 150 1
102 153 1
102 154 1
102 159 1
102 165 1
102 169 1
102 183 1
102 185 1
102 196 1
102 198 1
103 106 1
103 141 1
103 143 1
103 144 1
103 160 1
103 168 1
103 169 1
103 172 1
103 177 1
103 197 1
103 200 1
104 117 1
104 119 1
104 124 1
104 126 1
104 128 1
104 129 1
104 134 1
104 136 1
104 143 1
104 149 1
104 153 1
104 159 1
104 166 1
104 169 1
104 178 1
104 186 1
104 198 1
104 199 1
105 108 1
105 109 1
105 122 1
105 125 1
105 130 1
105 140 1
105 148 1
105 160 1
105 174 1
105 177 1
105 185 1
105 186 1
105 188 1
105 195 1
105 197 1
105 200 1
106 107 1
106 113 1
106 118 1
106 119 1
106 120 1
106 143 1
106 154 1
106 155 1
106 164 1
106 169 1
106 180 1
106 194 1
106 199 1
107 112 1
107 114 1
107 117 1
107 122 1
107 126 1
107 134 1
107 136 1
107 138 1
107 144 1
107 149 1
107 163 1
107 167 1
107 168 1
107 169 1
107 181 1
107 183 1
108 112 1
108 126 1
108 132 1
108 134 1
108 139 1
108 148 1
108 149 1
108 165 1
108 171 1
108 174 1
108 177 1
108 181 1
108 186 1
108 190 1
108 194 1
109 117 1
109 119 1
109 128 1
109 135 1
109 140 1
109 141 1
109 143 1
109 150 1
109 155 1
109 166 1
109 167 1
109 168 1
109 179 1
109 183 1
109 185 1
109 188 1
109 196 1
110 114 1
110 118 1
110 128 1
110 132 1
110 136 1
110 142 1
110 150 1
110 169 1
110 172 1
110 176 1
110 177 1
110 185 1
110 187 1
111 120 1
111 121 1
111 125 1
111 136 1
111 138 1
111 141 1
111 142 1
111 144 1
111 152 1
111 158 1
111 161 1
111 168 1
111 170 1
111 171 1
111 190 1
111 192 1
111 198 1
112 117 1
112 120 1
112 135 1
112 142 1
112 143 1
112 149 1
112 150 1
112 163 1
112 170 1
112 185 1
112 188 1
112 196 1
112 199 1
113 132 1
113 154 1
113 162 1
113 195 1
113 196 1
114 117 1
114 121 1
114 124 1
114 125 1
114 133 1
114 134 1
114 138 1
114 147 1
114 165 1
114 168 1
114 187 1
114 191 1
115 119 1
115 139 1
115 163 1
115 169 1
115 174 1
115 175 1
115 177 1
115 182 1
115 184 1
115 186 1
115 187 1
115 188 1
115 199 1
115 200 1
116 122 1
116 131 1
116 137 1
116 141 1
116 148 1
116 149 1
116 160 1
116 165 1
116 168 1
116 182 1
116 186 1
116 194 1
116 197 1
117 120 1
117 122 1
117 125 1
117 132 1
117 146 1
117 149 1
117 152 1
117 181 1
117 191 1
118 124 1
118 129 1
118 130 1
118 131 1
118 136 1
118 142 1
118 145 1
118 149 1
118 150 1
118 151 1
118 156 1
118 157 1
118 170 1
118 173 1
118 184 1
118 191 1
118 195 1
119 122 1
119 128 1
119 136 1
119 142 1
119 146 1
119 148 1
119 149 1
119 150 1
119 151 1
119 155 1
119 159 1
119 166 1
119 168 1
119 171 1
119 182 1
119 192 1
119 197 1
120 130 1
120 131 1
120 140 1
120 151 1
120 155 1
120 158 1
120 174 1
120 176 1
120 179 1
120 182 1
120 186 1
120 188 1
120 192 1
121 125 1
121 129 1
121 135 1
121 143 1
121 145 1
121 149 1
121 151 1
121 160 1
121 191 1
121 192 1
121 196 1
122 127 1
122 128 1
122 129 1
122 131 1
122 138 1
122 148 1
122 151 1
122 162 1
122 167 1
122 174 1
122 176 1
122 178 1
122 182 1
122 185 1
122 186 1
122 194 1
123 126 1
123 137 1
123 138 1
123 146 1
123 151 1
123 160 1
123 162 1
123 168 1
123 171 1
123 175 1
123 181 1
123 188 1
123 199 1
124 125 1
124 141 1
124 150 1
124 167 1
124 172 1
124 179 1
124 183 1
124 187 1
124 188 1
124 198 1
125 128 1
125 130 1
125 131 1
125 135 1
125 137 1
125 140 1
125 152 1
125 158 1
125 173 1
125 186 1
125 188 1
125 189 1
125 190 1
125 192 1
125 200 1
126 131 1
126 138 1
126 139 1
126 142 1
126 150 1
126 153 1
126 159 1
126 166 1
126 170 1
126 184 1
126 186 1
126 189 1
126 192 1
126 193 1
127 137 1
127 156 1
127 158 1
127 163 1
127 167 1
127 171 1
127 173 1
127 177 1
127 178 1
127 180 1
127 196 1
127 198 1
128 135 1
128 165 1
128 179 1
128 182 1
129 153 1
129 155 1
129 169 1
129 185 1
129 194 1
129 195 1
129 198 1
130 133 1
130 145 1
130 150 1
130 166 1
130 170 1
130 180 1
130 192 1
130 193 1
130 196 1
130 199 1
131 139 1
131 146 1
131 158 1
131 159 1
131 165 1
131 168 1
131 183 1
131 195 1
131 199 1
132 138 1
132 143 1
132 146 1
132 151 1
132 153 1
132 162 1
132 174 1
132 175 1
132 179 1
132 185 1
132 187 1
132 192 1
133 139 1
133 141 1
133 142 1
133 152 1
133 160 1
133 165 1
133 168 1
133 170 1
133 180 1
133 183 1
133 200 1
134 145 1
134 149 1
134 159 1
134 170 1
134 177 1
134 185 1
134 187 1
135 158 1
135 159 1
135 160 1
135 161 1
135 168 1
135 175 1
135 182 1
135 183 1
135 198 1
136 137 1
136 139 1
136 140 1
136 143 1
136 156 1
136 159 1
136 173 1
136 179 1
136 183 1
137 143 1
137 144 1
137 146 1
137 148 1
137 156 1
137 158 1
137 160 1
137 164 1
137 186 1
137 198 1
138 142 1
138 158 1
138 160 1
138 163 1
138 164 1
138 169 1
138 170 1
138 171 1
138 173 1
138 192 1
138 196 1
139 140 1
139 150 1
139 153 1
139 156 1
139 157 1
139 160 1
139 170 1
139 173 1
139 181 1
139 189 1
140 142 1
140 150 1
140 151 1
140 158 1
140 159 1
140 160 1
140 161 1
140 185 1
140 195 1
140 198 1
140 199 1
141 152 1
141 162 1
141 172 1
141 177 1
142 144 1
142 166 1
142 172 1
142 173 1
142 182 1
142 184 1
142 186 1
142 197 1
143 159 1
143 174 1
143 178 1
143 181 1
143 182 1
143 198 1
144 145 1
144 148 1
144 151 1
144 159 1
144 163 1
144 166 1
144 171 1
144 177 1
144 187 1
144 188 1
144 189 1
144 194 1
145 146 1
145 149 1
145 150 1
145 151 1
145 152 1
145 154 1
145 157 1
145 162 1
145 165 1
145 167 1
145 170 1
145 173 1
145 174 1
145 176 1
145 184 1
145 192 1
145 197 1
145 199 1
146 149 1
146 153 1
146 155 1
146 167 1
146 184 1
146 186 1
146 193 1
147 149 1
147 155 1
147 156 1
147 164 1
147 166 1
147 174 1
147 175 1
147 177 1
147 193 1
147 199 1
148 151 1
148 176 1
148 187 1
148 197 1
149 165 1
149 178 1
149 181 1
149 184 1
149 189 1
149 192 1
150 155 1
150 158 1
150 171 1
150 173 1
150 175 1
150 182 1
150 183 1
150 189 1
150 200 1
151 159 1
151 188 1
151 200 1
152 161 1
152 164 1
152 167 1
152 185 1
152 191 1
152 192 1
152 194 1
153 160 1
153 166 1
153 168 1
153 179 1
153 183 1
153 195 1
153 198 1
154 168 1
154 170 1
154 189 1
154 195 1
155 165 1
155 168 1
155 171 1
155 188 1
155 191 1
155 192 1
156 158 1
156 167 1
156 176 1
156 189 1
156 193 1
157 159 1
157 163 1
157 168 1
157 170 1
157 171 1
157 177 1
157 180 1
157 185 1
158 177 1
158 179 1
158 182 1
158 194 1
159 166 1
159 171 1
159 178 1
159 179 1
159 180 1
159 187 1
159 188 1
159 190 1
159 196 1
160 166 1
160 175 1
160 180 1
160 191 1
160 192 1
161 173 1
161 185 1
161 200 1
162 178 1
162 196 1
162 198 1
164 167 1
164 175 1
164 191 1
164 197 1
165 178 1
165 188 1
165 189 1
165 190 1
165 200 1
166 171 1
166 174 1
166 181 1
166 182 1
166 188 1
166 200 1
167 175 1
167 179 1
167 183 1
167 184 1
167 189 1
168 172 1
168 173 1
168 178 1
168 183 1
168 195 1
168 200 1
170 192 1
171 176 1
171 182 1
171 187 1
171 197 1
172 179 1
172 187 1
172 189 1
172 190 1
173 180 1
173 194 1
173 196 1
173 198 1
174 176 1
174 180 1
174 196 1
175 178 1
175 196 1
175 197 1
176 180 1
177 179 1
177 183 1
177 188 1
177 190 1
177 198 1
178 181 1
178 190 1
178 199 1
179 183 1
179 187 1
179 189 1
179 197 1
179 198 1
180 182 1
180 190 1
180 198 1
181 184 1
182 195 1
183 189 1
183 192 1
183 194 1
183 195 1
184 192 1
184 193 1
184 196 1
184 198 1
185 186 1
185 190 1
185 194 1
186 193 1
186 198 1
187 190 1
187 191 1
188 193 1
188 198 1
188 200 1
190 191 1
190 199 1
191 195 1
193 195 1
194 195 1
194 196 1
194 200 1
197 198 1
198 199 1
