200 3068 
1 7 1
1 9 1
1 10 1
1 22 1
1 40 1
1 42 1
1 44 1
1 46 1
1 51 1
1 52 1
1 54 1
1 55 1
1 57 1
1 61 1
1 66 1
1 68 1
1 72 1
1 73 1
1 80 1
1 83 1
1 84 1
1 88 1
1 92 1
1 97 1
1 99 1
1 106 1
1 107 1
1 110 1
1 123 1
1 130 1
1 134 1
1 135 1
1 139 1
1 140 1
1 144 1
1 149 1
1 154 1
1 159 1
1 170 1
1 177 1
1 186 1
1 198 1
2 4 1
2 5 1
2 11 1
2 13 1
2 23 1
2 31 1
2 41 1
2 62 1
2 65 1
2 72 1
2 73 1
2 86 1
2 92 1
2 93 1
2 95 1
2 96 1
2 99 1
2 127 1
2 136 1
2 159 1
2 166 1
2 169 1
2 173 1
2 175 1
2 177 1
2 178 1
2 187 1
3 10 1
3 16 1
3 18 1
3 27 1
3 32 1
3 33 1
3 41 1
3 49 1
3 51 1
3 56 1
3 69 1
3 72 1
3 77 1
3 79 1
3 88 1
3 92 1
3 94 1
3 100 1
3 108 1
3 115 1
3 116 1
3 133 1
3 135 1
3 149 1
3 157 1
3 164 1
3 178 1
3 180 1
3 183 1
3 184 1
4 8 1
4 16 1
4 21 1
4 23 1
4 25 1
4 30 1
4 39 1
4 47 1
4 49 1
4 59 1
4 62 1
4 68 1
4 69 1
4 79 1
4 93 1
4 97 1
4 103 1
4 112 1
4 116 1
4 118 1
4 129 1
4 134 1
4 142 1
4 146 1
4 152 1
4 156 1
4 160 1
4 162 1
4 168 1
4 185 1
4 194 1
4 196 1
5 10 1
5 29 1
5 30 1
5 32 1
5 33 1
5 43 1
5 46 1
5 49 1
5 53 1
5 70 1
5 73 1
5 75 1
5 104 1
5 109 1
5 115 1
5 117 1
5 118 1
5 123 1
5 128 1
5 140 1
5 141 1
5 149 1
5 150 1
5 154 1
5 157 1
5 163 1
5 165 1
5 166 1
5 179 1
5 185 1
5 187 1
6 16 1
6 19 1
6 26 1
6 27 1
6 28 1
6 32 1
6 37 1
6 39 1
6 42 1
6 58 1
6 59 1
6 64 1
6 69 1
6 70 1
6 74 1
6 80 1
6 105 1
6 106 1
6 113 1
6 114 1
6 116 1
6 144 1
6 145 1
6 146 1
6 169 1
6 172 1
6 174 1
6 177 1
6 179 1
6 185 1
6 195 1
6 199 1
7 18 1
7 24 1
7 34 1
7 36 1
7 42 1
7 48 1
7 59 1
7 63 1
7 78 1
7 81 1
7 82 1
7 89 1
7 91 1
7 92 1
7 93 1
7 103 1
7 117 1
7 119 1
7 124 1
7 133 1
7 134 1
7 135 1
7 142 1
7 143 1
7 146 1
7 151 1
7 160 1
7 164 1
7 173 1
7 181 1
7 182 1
7 188 1
7 193 1
8 9 1
8 15 1
8 21 1
8 22 1
8 34 1
8 38 1
8 43 1
8 46 1
8 55 1
8 75 1
8 79 1
8 87 1
8 88 1
8 91 1
8 92 1
8 108 1
8 109 1
8 112 1
8 121 1
8 125 1
8 129 1
8 130 1
8 139 1
8 141 1
8 150 1
8 153 1
8 155 1
8 169 1
8 171 1
8 173 1
8 190 1
9 11 1
9 12 1
9 14 1
9 19 1
9 27 1
9 38 1
9 51 1
9 56 1
9 60 1
9 63 1
9 65 1
9 75 1
9 78 1
9 91 1
9 100 1
9 114 1
9 119 1
9 123 1
9 127 1
9 135 1
9 136 1
9 137 1
9 147 1
9 152 1
9 161 1
9 167 1
9 169 1
9 170 1
9 171 1
9 181 1
9 184 1
9 188 1
9 191 1
9 196 1
9 198 1
9 200 1
10 13 1
10 14 1
10 15 1
10 16 1
10 22 1
10 34 1
10 35 1
10 38 1
10 39 1
10 43 1
10 50 1
10 55 1
10 59 1
10 67 1
10 77 1
10 82 1
10 90 1
10 93 1
10 115 1
10 119 1
10 120 1
10 123 1
10 135 1
10 149 1
10 154 1
10 166 1
10 172 1
10 185 1
10 186 1
10 192 1
11 16 1
11 22 1
11 25 1
11 28 1
11 29 1
11 35 1
11 41 1
11 42 1
11 45 1
11 54 1
11 61 1
11 62 1
11 67 1
11 73 1
11 74 1
11 75 1
11 77 1
11 78 1
11 83 1
11 84 1
11 93 1
11 97 1
11 99 1
11 105 1
11 107 1
11 118 1
11 129 1
11 134 1
11 135 1
11 138 1
11 144 1
11 159 1
11 165 1
11 172 1
11 178 1
11 180 1
11 183 1
11 195 1
12 21 1
12 22 1
12 30 1
12 38 1
12 40 1
12 43 1
12 46 1
12 52 1
12 56 1
12 62 1
12 63 1
12 81 1
12 82 1
12 85 1
12 90 1
12 97 1
12 106 1
12 108 1
12 117 1
12 118 1
12 120 1
12 122 1
12 126 1
12 130 1
12 173 1
12 176 1
12 180 1
12 183 1
12 187 1
12 194 1
12 196 1
12 198 1
13 15 1
13 20 1
13 21 1
13 22 1
13 40 1
13 50 1
13 52 1
13 54 1
13 55 1
13 59 1
13 65 1
13 69 1
13 74 1
13 85 1
13 90 1
13 92 1
13 95 1
13 98 1
13 99 1
13 101 1
13 102 1
13 112 1
13 118 1
13 121 1
13 130 1
13 131 1
13 133 1
13 141 1
13 145 1
13 152 1
13 154 1
13 158 1
13 167 1
13 170 1
13 173 1
13 176 1
13 185 1
13 189 1
13 192 1
14 16 1
14 21 1
14 25 1
14 31 1
14 33 1
14 37 1
14 39 1
14 40 1
14 42 1
14 43 1
14 44 1
14 48 1
14 57 1
14 63 1
14 65 1
14 80 1
14 88 1
14 92 1
14 98 1
14 101 1
14 104 1
14 116 1
14 133 1
14 134 1
14 136 1
14 148 1
14 150 1
14 166 1
14 168 1
14 188 1
14 192 1
15 23 1
15 24 1
15 34 1
15 39 1
15 48 1
15 55 1
15 56 1
15 58 1
15 73 1
15 78 1
15 94 1
15 102 1
15 104 1
15 112 1
15 117 1
15 125 1
15 136 1
15 145 1
15 146 1
15 151 1
15 157 1
15 158 1
15 164 1
15 165 1
15 168 1
15 169 1
15 174 1
15 177 1
15 186 1
15 189 1
15 192 1
16 20 1
16 26 1
16 31 1
16 35 1
16 54 1
16 57 1
16 60 1
16 62 1
16 72 1
16 74 1
16 89 1
16 92 1
16 97 1
16 100 1
16 109 1
16 110 1
16 112 1
16 115 1
16 144 1
16 150 1
16 155 1
16 165 1
16 170 1
16 172 1
16 175 1
16 181 1
16 186 1
16 194 1
16 196 1
17 19 1
17 25 1
17 46 1
17 50 1
17 54 1
17 63 1
17 69 1
17 73 1
17 83 1
17 84 1
17 92 1
17 101 1
17 111 1
17 122 1
17 132 1
17 140 1
17 145 1
17 164 1
17 178 1
17 197 1
17 198 1
17 200 1
18 19 1
18 36 1
18 41 1
18 45 1
18 47 1
18 51 1
18 57 1
18 60 1
18 66 1
18 75 1
18 80 1
18 91 1
18 98 1
18 99 1
18 115 1
18 116 1
18 119 1
18 135 1
18 144 1
18 148 1
18 158 1
18 176 1
18 187 1
18 188 1
18 190 1
19 22 1
19 24 1
19 33 1
19 47 1
19 57 1
19 62 1
19 66 1
19 70 1
19 83 1
19 90 1
19 94 1
19 98 1
19 99 1
19 106 1
19 128 1
19 137 1
19 140 1
19 142 1
19 151 1
19 163 1
19 165 1
19 172 1
19 174 1
19 176 1
19 179 1
19 182 1
19 195 1
19 198 1
20 23 1
20 27 1
20 50 1
20 59 1
20 65 1
20 73 1
20 74 1
20 77 1
20 81 1
20 88 1
20 95 1
20 100 1
20 103 1
20 105 1
20 120 1
20 122 1
20 123 1
20 125 1
20 128 1
20 137 1
20 144 1
20 153 1
20 166 1
20 167 1
20 169 1
20 173 1
20 188 1
20 191 1
20 193 1
21 24 1
21 27 1
21 34 1
21 35 1
21 58 1
21 68 1
21 72 1
21 79 1
21 80 1
21 109 1
21 112 1
21 118 1
21 119 1
21 125 1
21 126 1
21 129 1
21 131 1
21 133 1
21 146 1
21 147 1
21 150 1
21 153 1
21 156 1
21 162 1
21 173 1
21 175 1
21 193 1
21 194 1
21 195 1
22 23 1
22 28 1
22 29 1
22 35 1
22 42 1
22 48 1
22 61 1
22 78 1
22 83 1
22 109 1
22 114 1
22 115 1
22 125 1
22 129 1
22 131 1
22 142 1
22 152 1
22 175 1
22 179 1
22 182 1
22 185 1
22 190 1
22 197 1
23 40 1
23 45 1
23 66 1
23 68 1
23 80 1
23 82 1
23 85 1
23 88 1
23 95 1
23 96 1
23 104 1
23 107 1
23 110 1
23 112 1
23 113 1
23 124 1
23 150 1
23 152 1
23 165 1
23 190 1
23 191 1
24 25 1
24 29 1
24 31 1
24 32 1
24 33 1
24 39 1
24 42 1
24 45 1
24 46 1
24 61 1
24 63 1
24 66 1
24 67 1
24 72 1
24 75 1
24 76 1
24 81 1
24 89 1
24 92 1
24 95 1
24 106 1
24 115 1
24 122 1
24 136 1
24 137 1
24 149 1
24 151 1
24 152 1
24 160 1
24 162 1
24 190 1
24 193 1
25 35 1
25 40 1
25 67 1
25 76 1
25 82 1
25 89 1
25 96 1
25 100 1
25 111 1
25 143 1
25 145 1
25 147 1
25 157 1
25 169 1
25 180 1
25 190 1
25 200 1
26 33 1
26 34 1
26 60 1
26 76 1
26 81 1
26 85 1
26 118 1
26 142 1
26 172 1
26 177 1
26 178 1
26 182 1
26 188 1
26 191 1
26 195 1
26 199 1
27 30 1
27 31 1
27 34 1
27 45 1
27 46 1
27 48 1
27 49 1
27 50 1
27 54 1
27 61 1
27 62 1
27 66 1
27 70 1
27 82 1
27 86 1
27 90 1
27 91 1
27 97 1
27 104 1
27 123 1
27 136 1
27 142 1
27 149 1
27 150 1
27 155 1
27 168 1
27 172 1
27 175 1
27 181 1
27 185 1
27 186 1
27 187 1
27 194 1
28 33 1
28 35 1
28 39 1
28 46 1
28 48 1
28 53 1
28 66 1
28 69 1
28 79 1
28 90 1
28 93 1
28 94 1
28 99 1
28 112 1
28 126 1
28 132 1
28 135 1
28 137 1
28 143 1
28 152 1
28 154 1
28 174 1
28 178 1
28 199 1
29 32 1
29 49 1
29 57 1
29 63 1
29 69 1
29 87 1
29 88 1
29 92 1
29 95 1
29 96 1
29 103 1
29 111 1
29 115 1
29 128 1
29 134 1
29 138 1
29 139 1
29 145 1
29 146 1
29 147 1
29 148 1
29 151 1
29 157 1
29 160 1
29 169 1
29 171 1
29 176 1
29 183 1
29 189 1
29 191 1
29 193 1
29 199 1
30 31 1
30 32 1
30 33 1
30 42 1
30 48 1
30 53 1
30 56 1
30 61 1
30 64 1
30 80 1
30 81 1
30 84 1
30 88 1
30 89 1
30 92 1
30 105 1
30 113 1
30 121 1
30 124 1
30 129 1
30 131 1
30 133 1
30 152 1
30 167 1
30 169 1
30 176 1
30 188 1
30 194 1
30 198 1
31 33 1
31 35 1
31 40 1
31 52 1
31 55 1
31 62 1
31 65 1
31 66 1
31 69 1
31 72 1
31 82 1
31 84 1
31 85 1
31 95 1
31 98 1
31 100 1
31 105 1
31 107 1
31 115 1
31 117 1
31 124 1
31 126 1
31 134 1
31 140 1
31 141 1
31 149 1
31 155 1
31 164 1
31 165 1
31 188 1
31 189 1
31 198 1
31 200 1
32 34 1
32 37 1
32 38 1
32 44 1
32 48 1
32 51 1
32 54 1
32 69 1
32 72 1
32 76 1
32 93 1
32 97 1
32 98 1
32 102 1
32 104 1
32 106 1
32 110 1
32 120 1
32 121 1
32 123 1
32 128 1
32 131 1
32 133 1
32 134 1
32 143 1
32 144 1
32 145 1
32 161 1
32 167 1
32 170 1
32 177 1
32 187 1
32 191 1
33 38 1
33 43 1
33 52 1
33 57 1
33 60 1
33 72 1
33 84 1
33 97 1
33 113 1
33 116 1
33 117 1
33 132 1
33 159 1
33 166 1
33 167 1
33 179 1
33 181 1
34 45 1
34 46 1
34 55 1
34 72 1
34 78 1
34 85 1
34 86 1
34 90 1
34 103 1
34 106 1
34 109 1
34 116 1
34 117 1
34 119 1
34 138 1
34 139 1
34 147 1
34 158 1
34 176 1
34 178 1
34 182 1
34 185 1
34 194 1
34 197 1
35 51 1
35 62 1
35 64 1
35 68 1
35 73 1
35 81 1
35 88 1
35 89 1
35 90 1
35 96 1
35 100 1
35 104 1
35 112 1
35 117 1
35 121 1
35 123 1
35 129 1
35 133 1
35 149 1
35 150 1
35 152 1
35 165 1
35 168 1
35 178 1
35 180 1
35 189 1
35 196 1
35 197 1
36 40 1
36 49 1
36 55 1
36 61 1
36 64 1
36 84 1
36 95 1
36 99 1
36 116 1
36 133 1
36 145 1
36 149 1
36 152 1
36 190 1
36 197 1
36 200 1
37 39 1
37 49 1
37 59 1
37 66 1
37 68 1
37 76 1
37 77 1
37 78 1
37 84 1
37 95 1
37 96 1
37 104 1
37 105 1
37 119 1
37 120 1
37 123 1
37 124 1
37 125 1
37 129 1
37 132 1
37 133 1
37 140 1
37 142 1
37 146 1
37 154 1
37 166 1
37 168 1
37 170 1
37 179 1
38 43 1
38 50 1
38 51 1
38 63 1
38 68 1
38 78 1
38 84 1
38 87 1
38 117 1
38 128 1
38 134 1
38 138 1
38 145 1
38 155 1
38 165 1
38 185 1
38 191 1
39 44 1
39 51 1
39 66 1
39 83 1
39 85 1
39 88 1
39 89 1
39 93 1
39 106 1
39 110 1
39 114 1
39 116 1
39 119 1
39 131 1
39 132 1
39 136 1
39 142 1
39 157 1
39 168 1
39 169 1
39 174 1
39 193 1
39 196 1
39 197 1
40 43 1
40 45 1
40 55 1
40 56 1
40 61 1
40 63 1
40 69 1
40 70 1
40 82 1
40 93 1
40 103 1
40 118 1
40 122 1
40 130 1
40 132 1
40 146 1
40 147 1
40 149 1
40 151 1
40 158 1
40 162 1
40 172 1
40 177 1
40 189 1
40 192 1
40 193 1
40 200 1
41 45 1
41 56 1
41 64 1
41 68 1
41 81 1
41 88 1
41 107 1
41 108 1
41 118 1
41 124 1
41 128 1
41 131 1
41 132 1
41 134 1
41 136 1
41 138 1
41 151 1
41 165 1
41 167 1
41 177 1
41 182 1
41 184 1
41 189 1
41 191 1
41 193 1
41 198 1
42 45 1
42 49 1
42 50 1
42 57 1
42 61 1
42 68 1
42 71 1
42 72 1
42 90 1
42 93 1
42 100 1
42 101 1
42 107 1
42 110 1
42 118 1
42 125 1
42 130 1
42 154 1
42 162 1
42 169 1
42 183 1
43 50 1
43 60 1
43 69 1
43 70 1
43 78 1
43 82 1
43 85 1
43 88 1
43 102 1
43 107 1
43 110 1
43 119 1
43 127 1
43 136 1
43 138 1
43 150 1
43 153 1
43 154 1
43 156 1
43 161 1
43 172 1
43 179 1
43 189 1
43 199 1
44 57 1
44 70 1
44 72 1
44 73 1
44 81 1
44 86 1
44 93 1
44 94 1
44 95 1
44 108 1
44 109 1
44 112 1
44 115 1
44 117 1
44 123 1
44 134 1
44 145 1
44 147 1
44 160 1
44 165 1
44 172 1
44 177 1
44 182 1
44 189 1
44 196 1
45 47 1
45 53 1
45 56 1
45 60 1
45 65 1
45 69 1
45 78 1
45 87 1
45 91 1
45 100 1
45 104 1
45 118 1
45 126 1
45 138 1
45 141 1
45 149 1
45 160 1
45 164 1
45 170 1
45 171 1
45 181 1
45 185 1
45 186 1
45 195 1
45 199 1
46 50 1
46 73 1
46 76 1
46 78 1
46 88 1
46 90 1
46 93 1
46 99 1
46 130 1
46 135 1
46 137 1
46 147 1
46 148 1
46 161 1
46 168 1
46 173 1
46 181 1
46 193 1
47 59 1
47 69 1
47 96 1
47 101 1
47 106 1
47 112 1
47 117 1
47 130 1
47 131 1
47 132 1
47 135 1
47 141 1
47 147 1
47 151 1
47 153 1
47 160 1
47 161 1
47 162 1
47 163 1
47 164 1
47 178 1
47 181 1
47 182 1
47 183 1
47 187 1
47 190 1
48 55 1
48 71 1
48 83 1
48 98 1
48 115 1
48 122 1
48 131 1
48 134 1
48 149 1
48 159 1
48 165 1
48 184 1
48 199 1
48 200 1
49 56 1
49 69 1
49 72 1
49 89 1
49 95 1
49 103 1
49 106 1
49 108 1
49 117 1
49 124 1
49 126 1
49 144 1
49 161 1
49 164 1
49 176 1
49 180 1
49 197 1
50 51 1
50 59 1
50 73 1
50 90 1
50 94 1
50 110 1
50 120 1
50 126 1
50 132 1
50 134 1
50 145 1
50 152 1
50 158 1
50 172 1
50 173 1
50 181 1
50 197 1
50 200 1
51 54 1
51 56 1
51 67 1
51 76 1
51 96 1
51 98 1
51 100 1
51 107 1
51 110 1
51 111 1
51 114 1
51 120 1
51 134 1
51 136 1
51 139 1
51 147 1
51 151 1
51 152 1
51 155 1
51 163 1
51 167 1
51 187 1
51 199 1
52 53 1
52 54 1
52 61 1
52 70 1
52 73 1
52 84 1
52 93 1
52 96 1
52 105 1
52 108 1
52 112 1
52 116 1
52 121 1
52 136 1
52 141 1
52 144 1
52 150 1
52 157 1
52 169 1
52 170 1
53 54 1
53 59 1
53 63 1
53 79 1
53 81 1
53 85 1
53 86 1
53 94 1
53 101 1
53 103 1
53 115 1
53 130 1
53 131 1
53 139 1
53 163 1
53 169 1
53 180 1
53 188 1
53 194 1
53 197 1
53 199 1
54 58 1
54 59 1
54 71 1
54 77 1
54 79 1
54 92 1
54 93 1
54 99 1
54 108 1
54 126 1
54 127 1
54 129 1
54 133 1
54 135 1
54 137 1
54 143 1
54 151 1
54 153 1
54 154 1
54 165 1
54 176 1
54 186 1
55 65 1
55 71 1
55 79 1
55 82 1
55 87 1
55 98 1
55 101 1
55 102 1
55 106 1
55 116 1
55 131 1
55 143 1
55 145 1
55 148 1
55 153 1
55 160 1
55 161 1
55 170 1
55 175 1
55 176 1
56 57 1
56 75 1
56 77 1
56 85 1
56 88 1
56 89 1
56 91 1
56 92 1
56 96 1
56 104 1
56 115 1
56 116 1
56 143 1
56 152 1
56 153 1
56 157 1
56 161 1
56 163 1
56 168 1
56 171 1
57 66 1
57 71 1
57 79 1
57 87 1
57 105 1
57 106 1
57 108 1
57 122 1
57 126 1
57 132 1
57 139 1
57 140 1
57 148 1
57 162 1
57 163 1
57 168 1
57 171 1
57 173 1
57 178 1
57 179 1
57 186 1
58 66 1
58 70 1
58 73 1
58 93 1
58 123 1
58 147 1
58 157 1
58 160 1
58 167 1
58 180 1
58 189 1
58 194 1
58 197 1
59 81 1
59 85 1
59 91 1
59 116 1
59 136 1
59 141 1
59 152 1
59 156 1
59 157 1
59 161 1
59 170 1
59 172 1
59 178 1
59 183 1
59 192 1
59 198 1
60 61 1
60 65 1
60 69 1
60 83 1
60 86 1
60 94 1
60 102 1
60 104 1
60 127 1
60 132 1
60 138 1
60 139 1
60 149 1
60 152 1
60 161 1
60 165 1
60 174 1
60 182 1
60 184 1
60 190 1
60 194 1
60 196 1
60 200 1
61 85 1
61 90 1
61 99 1
61 104 1
61 107 1
61 115 1
61 116 1
61 124 1
61 147 1
61 154 1
61 160 1
61 164 1
61 173 1
61 175 1
61 176 1
61 183 1
61 185 1
61 193 1
62 66 1
62 71 1
62 73 1
62 74 1
62 78 1
62 88 1
62 104 1
62 113 1
62 126 1
62 139 1
62 140 1
62 156 1
62 160 1
62 170 1
62 172 1
62 179 1
62 185 1
63 64 1
63 74 1
63 77 1
63 90 1
63 94 1
63 100 1
63 111 1
63 113 1
63 115 1
63 122 1
63 126 1
63 129 1
63 142 1
63 146 1
63 148 1
63 166 1
63 170 1
63 184 1
63 185 1
63 188 1
63 190 1
63 200 1
64 65 1
64 83 1
64 84 1
64 91 1
64 94 1
64 99 1
64 109 1
64 112 1
64 114 1
64 116 1
64 124 1
64 132 1
64 139 1
64 162 1
64 170 1
64 174 1
64 185 1
64 193 1
65 66 1
65 73 1
65 86 1
65 88 1
65 94 1
65 96 1
65 97 1
65 104 1
65 115 1
65 116 1
65 117 1
65 122 1
65 124 1
65 127 1
65 133 1
65 135 1
65 138 1
65 145 1
65 150 1
65 151 1
65 152 1
65 160 1
65 161 1
65 178 1
65 191 1
65 195 1
66 67 1
66 70 1
66 79 1
66 82 1
66 83 1
66 93 1
66 95 1
66 103 1
66 116 1
66 119 1
66 122 1
66 123 1
66 125 1
66 140 1
66 147 1
66 165 1
66 174 1
66 181 1
66 183 1
66 184 1
66 190 1
66 200 1
67 69 1
67 74 1
67 78 1
67 79 1
67 83 1
67 88 1
67 91 1
67 93 1
67 103 1
67 109 1
67 110 1
67 113 1
67 123 1
67 129 1
67 131 1
67 145 1
67 174 1
67 175 1
67 183 1
67 191 1
67 193 1
67 198 1
67 200 1
68 71 1
68 78 1
68 83 1
68 84 1
68 89 1
68 92 1
68 102 1
68 111 1
68 115 1
68 121 1
68 124 1
68 126 1
68 129 1
68 133 1
68 137 1
68 138 1
68 145 1
68 147 1
68 150 1
68 157 1
69 86 1
69 89 1
69 92 1
69 93 1
69 98 1
69 102 1
69 110 1
69 115 1
69 133 1
69 140 1
69 145 1
69 146 1
69 154 1
69 161 1
69 165 1
69 166 1
69 168 1
69 171 1
69 188 1
69 192 1
69 195 1
69 198 1
69 199 1
70 75 1
70 82 1
70 99 1
70 111 1
70 114 1
70 116 1
70 118 1
70 119 1
70 124 1
70 133 1
70 134 1
70 135 1
70 144 1
70 147 1
70 149 1
70 154 1
70 157 1
70 164 1
70 166 1
70 167 1
70 177 1
70 188 1
70 196 1
70 199 1
71 82 1
71 84 1
71 86 1
71 103 1
71 106 1
71 110 1
71 124 1
71 128 1
71 132 1
71 136 1
71 151 1
71 154 1
71 180 1
71 181 1
71 184 1
71 187 1
72 84 1
72 88 1
72 104 1
72 107 1
72 108 1
72 127 1
72 137 1
72 139 1
72 140 1
72 141 1
72 142 1
72 155 1
72 159 1
72 162 1
72 165 1
72 191 1
72 194 1
72 199 1
73 84 1
73 87 1
73 88 1
73 102 1
73 109 1
73 121 1
73 125 1
73 128 1
73 132 1
73 135 1
73 144 1
73 146 1
73 152 1
73 157 1
73 165 1
73 168 1
73 179 1
73 181 1
73 188 1
73 193 1
73 195 1
74 75 1
74 80 1
74 89 1
74 99 1
74 105 1
74 107 1
74 120 1
74 135 1
74 143 1
74 150 1
74 151 1
74 153 1
74 155 1
74 159 1
74 168 1
74 169 1
74 173 1
74 175 1
74 176 1
74 180 1
74 182 1
74 184 1
74 185 1
74 188 1
74 192 1
74 193 1
74 199 1
75 76 1
75 77 1
75 81 1
75 84 1
75 99 1
75 116 1
75 120 1
75 125 1
75 137 1
75 139 1
75 142 1
75 154 1
75 169 1
75 170 1
75 176 1
75 177 1
75 180 1
75 189 1
75 197 1
76 77 1
76 81 1
76 95 1
76 102 1
76 104 1
76 107 1
76 108 1
76 109 1
76 120 1
76 128 1
76 134 1
76 136 1
76 150 1
76 159 1
76 161 1
76 173 1
76 178 1
76 180 1
76 187 1
76 191 1
76 197 1
76 198 1
77 91 1
77 94 1
77 98 1
77 103 1
77 104 1
77 107 1
77 111 1
77 116 1
77 121 1
77 132 1
77 141 1
77 159 1
77 160 1
77 161 1
77 173 1
77 174 1
77 177 1
77 181 1
77 184 1
77 188 1
77 189 1
77 192 1
78 79 1
78 80 1
78 87 1
78 90 1
78 94 1
78 99 1
78 100 1
78 124 1
78 127 1
78 135 1
78 136 1
78 142 1
78 143 1
78 145 1
78 152 1
78 153 1
78 157 1
78 158 1
78 162 1
78 169 1
78 186 1
78 188 1
78 193 1
78 200 1
79 99 1
79 100 1
79 145 1
79 148 1
79 154 1
79 155 1
79 161 1
79 162 1
79 164 1
79 173 1
79 174 1
79 182 1
79 183 1
79 188 1
79 191 1
80 84 1
80 92 1
80 93 1
80 99 1
80 102 1
80 115 1
80 122 1
80 124 1
80 127 1
80 130 1
80 156 1
80 159 1
80 169 1
80 185 1
80 189 1
80 191 1
80 192 1
80 194 1
81 84 1
81 91 1
81 92 1
81 102 1
81 118 1
81 120 1
81 122 1
81 134 1
81 152 1
81 154 1
81 160 1
81 165 1
81 169 1
81 171 1
81 175 1
81 176 1
81 177 1
81 185 1
81 193 1
82 83 1
82 88 1
82 91 1
82 96 1
82 113 1
82 119 1
82 128 1
82 137 1
82 147 1
82 150 1
82 155 1
82 167 1
82 174 1
82 181 1
82 187 1
82 193 1
82 194 1
83 85 1
83 90 1
83 95 1
83 115 1
83 119 1
83 121 1
83 123 1
83 132 1
83 136 1
83 145 1
83 149 1
83 160 1
83 171 1
83 180 1
83 185 1
83 191 1
83 193 1
83 197 1
84 86 1
84 87 1
84 104 1
84 105 1
84 110 1
84 112 1
84 114 1
84 120 1
84 132 1
84 137 1
84 140 1
84 144 1
84 152 1
84 159 1
84 164 1
84 178 1
84 179 1
84 190 1
84 196 1
84 197 1
84 199 1
85 87 1
85 88 1
85 112 1
85 118 1
85 121 1
85 130 1
85 135 1
85 137 1
85 163 1
85 164 1
85 165 1
85 172 1
85 177 1
85 182 1
85 196 1
86 91 1
86 95 1
86 97 1
86 104 1
86 106 1
86 108 1
86 126 1
86 128 1
86 141 1
86 155 1
86 163 1
86 179 1
86 189 1
86 190 1
86 197 1
86 199 1
87 93 1
87 94 1
87 96 1
87 104 1
87 112 1
87 123 1
87 125 1
87 127 1
87 138 1
87 140 1
87 142 1
87 145 1
87 146 1
87 154 1
87 163 1
87 166 1
87 167 1
87 172 1
87 185 1
87 188 1
88 94 1
88 95 1
88 98 1
88 99 1
88 102 1
88 110 1
88 112 1
88 123 1
88 126 1
88 128 1
88 130 1
88 137 1
88 146 1
88 147 1
88 149 1
88 155 1
88 164 1
88 175 1
88 177 1
88 181 1
88 186 1
88 189 1
89 93 1
89 95 1
89 98 1
89 105 1
89 117 1
89 123 1
89 133 1
89 136 1
89 147 1
89 158 1
89 163 1
89 165 1
89 171 1
89 177 1
89 187 1
90 103 1
90 104 1
90 114 1
90 121 1
90 127 1
90 134 1
90 135 1
90 139 1
90 145 1
90 149 1
90 151 1
90 156 1
90 171 1
90 174 1
90 178 1
90 179 1
90 188 1
91 100 1
91 116 1
91 120 1
91 125 1
91 129 1
91 140 1
91 148 1
91 149 1
91 154 1
91 160 1
91 163 1
91 166 1
91 168 1
91 171 1
91 175 1
91 178 1
91 181 1
92 98 1
92 99 1
92 100 1
92 101 1
92 111 1
92 122 1
92 123 1
92 125 1
92 141 1
92 143 1
92 145 1
92 156 1
92 159 1
92 167 1
92 173 1
92 185 1
92 188 1
92 200 1
93 94 1
93 103 1
93 131 1
93 132 1
93 136 1
93 137 1
93 147 1
93 157 1
93 162 1
93 167 1
93 173 1
93 176 1
93 179 1
93 191 1
93 192 1
94 118 1
94 123 1
94 124 1
94 130 1
94 131 1
94 146 1
94 147 1
94 148 1
94 149 1
94 152 1
94 162 1
94 165 1
94 171 1
94 174 1
94 175 1
94 189 1
95 99 1
95 103 1
95 106 1
95 109 1
95 113 1
95 123 1
95 125 1
95 132 1
95 145 1
95 148 1
95 150 1
95 158 1
95 164 1
95 169 1
95 173 1
95 175 1
95 186 1
95 190 1
95 191 1
95 197 1
96 97 1
96 100 1
96 104 1
96 105 1
96 109 1
96 110 1
96 141 1
96 148 1
96 150 1
96 151 1
96 153 1
96 154 1
96 156 1
96 171 1
96 174 1
97 101 1
97 107 1
97 113 1
97 114 1
97 115 1
97 122 1
97 124 1
97 126 1
97 128 1
97 133 1
97 142 1
97 150 1
97 170 1
97 175 1
97 176 1
97 192 1
98 102 1
98 105 1
98 106 1
98 108 1
98 116 1
98 122 1
98 130 1
98 154 1
98 162 1
98 168 1
98 174 1
98 175 1
98 179 1
98 180 1
98 184 1
98 185 1
98 188 1
98 194 1
99 115 1
99 121 1
99 129 1
99 131 1
99 142 1
99 146 1
99 149 1
99 157 1
99 160 1
99 171 1
99 173 1
99 177 1
99 194 1
99 199 1
100 101 1
100 109 1
100 110 1
100 122 1
100 123 1
100 131 1
100 132 1
100 141 1
100 147 1
100 149 1
100 153 1
100 156 1
100 174 1
100 175 1
100 190 1
100 192 1
100 200 1
101 105 1
101 111 1
101 125 1
101 130 1
101 138 1
101 139 1
101 145 1
101 153 1
101 162 1
101 170 1
101 183 1
102 107 1
102 123 1
102 127 1
102 134 1
102 138 1
102 140 1
102 141 1
102 150 1
102 151 1
102 153 1
102 168 1
102 174 1
102 182 1
102 191 1
102 193 1
102 200 1
103 111 1
103 140 1
103 144 1
103 168 1
103 172 1
103 174 1
103 178 1
103 182 1
103 189 1
103 190 1
103 199 1
103 200 1
104 106 1
104 118 1
104 160 1
104 165 1
104 171 1
104 186 1
104 187 1
104 188 1
104 189 1
104 191 1
104 193 1
105 106 1
105 116 1
105 121 1
105 122 1
105 129 1
105 134 1
105 135 1
105 140 1
105 142 1
105 149 1
105 166 1
105 167 1
105 170 1
105 173 1
105 174 1
105 184 1
105 188 1
105 189 1
105 193 1
105 200 1
106 111 1
106 119 1
106 120 1
106 128 1
106 141 1
106 142 1
106 151 1
106 158 1
106 159 1
106 187 1
106 194 1
107 113 1
107 114 1
107 117 1
107 118 1
107 121 1
107 128 1
107 130 1
107 139 1
107 149 1
107 152 1
107 157 1
107 160 1
107 168 1
107 169 1
107 170 1
107 183 1
107 188 1
107 189 1
107 194 1
108 121 1
108 137 1
108 152 1
108 154 1
108 167 1
108 173 1
108 179 1
108 187 1
108 192 1
108 193 1
108 196 1
109 113 1
109 120 1
109 121 1
109 128 1
109 141 1
109 144 1
109 148 1
109 149 1
109 169 1
109 175 1
109 189 1
109 193 1
109 194 1
109 195 1
109 200 1
110 111 1
110 114 1
110 115 1
110 138 1
110 146 1
110 152 1
110 156 1
110 167 1
110 172 1
110 176 1
111 129 1
111 152 1
111 154 1
111 166 1
111 167 1
111 176 1
111 182 1
111 200 1
112 114 1
112 116 1
112 120 1
112 125 1
112 137 1
112 139 1
112 143 1
112 144 1
112 146 1
112 155 1
112 156 1
112 159 1
112 162 1
112 165 1
112 167 1
112 178 1
112 193 1
112 195 1
112 197 1
112 199 1
113 116 1
113 123 1
113 131 1
113 133 1
113 134 1
113 135 1
113 139 1
113 143 1
113 154 1
113 158 1
113 167 1
113 169 1
113 172 1
113 174 1
113 179 1
113 187 1
114 118 1
114 122 1
114 126 1
114 130 1
114 135 1
114 143 1
114 145 1
114 151 1
114 152 1
114 153 1
114 158 1
114 162 1
114 165 1
114 172 1
114 173 1
114 177 1
114 190 1
114 195 1
115 116 1
115 117 1
115 119 1
115 140 1
115 142 1
115 143 1
115 145 1
115 152 1
115 162 1
115 173 1
115 174 1
115 176 1
115 183 1
115 196 1
116 130 1
116 133 1
116 135 1
116 139 1
116 145 1
116 165 1
116 184 1
116 185 1
116 186 1
116 188 1
116 191 1
116 195 1
117 122 1
117 123 1
117 133 1
117 138 1
117 155 1
117 156 1
117 158 1
117 164 1
117 170 1
117 172 1
117 183 1
118 124 1
118 130 1
118 142 1
118 161 1
118 166 1
118 180 1
118 189 1
118 193 1
118 194 1
118 195 1
119 121 1
119 124 1
119 134 1
119 137 1
119 140 1
119 157 1
119 158 1
119 171 1
119 176 1
119 181 1
119 183 1
119 194 1
119 197 1
119 199 1
119 200 1
120 121 1
120 125 1
120 127 1
120 131 1
120 144 1
120 146 1
120 152 1
120 170 1
120 172 1
120 179 1
120 189 1
120 193 1
120 196 1
120 200 1
121 140 1
121 146 1
121 147 1
121 154 1
121 157 1
121 159 1
121 170 1
121 171 1
121 173 1
121 189 1
122 123 1
122 132 1
122 141 1
122 143 1
122 146 1
122 156 1
122 172 1
123 125 1
123 137 1
123 142 1
123 143 1
123 149 1
123 161 1
123 162 1
123 165 1
123 168 1
123 171 1
123 188 1
123 190 1
123 197 1
123 199 1
124 130 1
124 135 1
124 136 1
124 144 1
124 162 1
124 167 1
124 173 1
124 175 1
124 180 1
124 183 1
124 188 1
124 198 1
125 139 1
125 144 1
125 150 1
125 157 1
125 164 1
125 172 1
125 190 1
125 192 1
125 194 1
126 132 1
126 141 1
126 144 1
126 162 1
126 167 1
126 168 1
126 180 1
126 183 1
126 184 1
126 196 1
126 197 1
127 142 1
127 149 1
127 154 1
127 160 1
127 163 1
127 166 1
127 168 1
127 170 1
127 171 1
127 183 1
128 132 1
128 134 1
128 136 1
128 139 1
128 145 1
128 150 1
128 151 1
128 154 1
128 159 1
128 162 1
128 167 1
128 168 1
128 170 1
128 188 1
128 190 1
128 193 1
128 199 1
129 139 1
129 141 1
129 152 1
129 153 1
129 161 1
129 163 1
129 167 1
129 171 1
129 181 1
129 188 1
129 194 1
129 197 1
129 199 1
130 131 1
130 150 1
130 151 1
130 159 1
130 167 1
130 168 1
130 175 1
130 197 1
130 200 1
131 139 1
131 140 1
131 159 1
131 161 1
131 164 1
131 167 1
131 173 1
131 191 1
131 195 1
131 197 1
132 134 1
132 152 1
132 160 1
132 168 1
132 179 1
132 181 1
132 188 1
132 194 1
132 198 1
133 135 1
133 142 1
133 147 1
133 162 1
133 176 1
133 178 1
134 142 1
134 143 1
134 146 1
134 150 1
134 155 1
134 160 1
134 161 1
134 163 1
134 174 1
134 175 1
134 185 1
134 189 1
134 190 1
134 199 1
135 136 1
135 138 1
135 141 1
135 144 1
135 145 1
135 149 1
135 166 1
135 171 1
135 173 1
135 178 1
135 185 1
135 186 1
135 192 1
135 194 1
136 137 1
136 143 1
136 149 1
136 151 1
136 162 1
136 164 1
136 166 1
136 179 1
136 193 1
136 197 1
136 198 1
137 144 1
137 148 1
137 152 1
137 162 1
137 163 1
137 166 1
137 167 1
137 187 1
138 150 1
138 151 1
138 155 1
138 157 1
138 158 1
138 161 1
138 164 1
138 175 1
138 181 1
138 184 1
138 189 1
138 190 1
138 199 1
139 156 1
139 162 1
139 164 1
139 170 1
139 172 1
139 175 1
139 177 1
139 178 1
139 179 1
139 183 1
139 185 1
139 190 1
139 194 1
139 198 1
140 145 1
140 148 1
140 151 1
140 163 1
140 165 1
140 168 1
140 173 1
140 185 1
140 195 1
141 148 1
141 159 1
141 163 1
141 173 1
142 148 1
142 150 1
142 153 1
142 161 1
142 182 1
142 190 1
143 147 1
143 156 1
143 164 1
143 167 1
143 172 1
143 180 1
143 185 1
143 186 1
143 188 1
143 191 1
143 193 1
143 197 1
144 151 1
144 157 1
144 162 1
144 163 1
144 166 1
144 167 1
144 176 1
144 177 1
144 189 1
144 192 1
144 194 1
144 200 1
145 146 1
145 154 1
145 158 1
145 162 1
145 164 1
145 166 1
145 171 1
145 173 1
145 187 1
145 190 1
145 191 1
145 192 1
145 194 1
145 195 1
146 148 1
146 153 1
146 155 1
146 185 1
146 189 1
146 196 1
147 150 1
147 154 1
147 156 1
147 159 1
147 167 1
147 174 1
147 178 1
147 183 1
147 195 1
148 150 1
148 152 1
148 158 1
148 163 1
148 173 1
148 179 1
148 181 1
148 183 1
148 185 1
148 189 1
148 191 1
149 155 1
149 159 1
149 174 1
149 176 1
149 179 1
149 180 1
149 181 1
149 190 1
149 195 1
150 158 1
150 160 1
150 162 1
150 164 1
150 181 1
150 188 1
150 190 1
150 195 1
150 196 1
151 164 1
151 177 1
151 180 1
151 182 1
151 185 1
151 187 1
151 191 1
151 196 1
151 197 1
151 199 1
152 157 1
152 159 1
152 162 1
152 164 1
152 170 1
152 171 1
152 180 1
152 184 1
152 192 1
152 196 1
152 199 1
153 163 1
153 178 1
153 179 1
153 187 1
153 195 1
153 198 1
154 161 1
154 179 1
154 180 1
154 188 1
154 191 1
154 198 1
155 157 1
155 164 1
155 165 1
155 188 1
155 198 1
155 199 1
156 157 1
156 164 1
156 165 1
156 171 1
156 184 1
156 186 1
156 188 1
156 199 1
157 160 1
157 162 1
157 173 1
157 183 1
157 185 1
158 162 1
158 164 1
158 191 1
158 195 1
158 198 1
159 169 1
159 190 1
160 165 1
160 197 1
161 169 1
161 170 1
161 177 1
161 183 1
162 163 1
162 166 1
162 167 1
162 178 1
162 183 1
163 166 1
163 170 1
163 190 1
164 171 1
164 184 1
165 167 1
165 168 1
165 177 1
165 178 1
165 187 1
165 188 1
165 192 1
165 193 1
165 194 1
166 175 1
166 180 1
166 184 1
166 191 1
166 192 1
166 198 1
167 181 1
167 182 1
167 183 1
167 188 1
167 194 1
168 177 1
168 185 1
168 189 1
168 199 1
169 183 1
169 184 1
169 186 1
169 194 1
169 199 1
170 172 1
170 173 1
170 175 1
171 181 1
171 182 1
171 183 1
171 185 1
171 199 1
172 184 1
172 188 1
172 189 1
172 198 1
173 177 1
173 182 1
173 183 1
173 186 1
173 189 1
173 193 1
173 200 1
174 176 1
174 178 1
174 187 1
174 194 1
175 176 1
175 179 1
175 186 1
175 188 1
175 191 1
176 180 1
176 195 1
176 199 1
177 198 1
177 200 1
178 185 1
178 186 1
178 200 1
179 199 1
180 182 1
180 192 1
180 196 1
180 197 1
180 200 1
181 185 1
181 192 1
181 195 1
181 196 1
181 198 1
182 199 1
183 189 1
183 195 1
184 185 1
184 187 1
184 194 1
185 190 1
186 199 1
187 193 1
187 196 1
187 197 1
187 198 1
188 189 1
188 191 1
188 195 1
188 199 1
190 192 1
190 197 1
190 198 1
192 194 1
192 198 1
192 200 1
194 198 1
195 198 1
196 197 1
