1000 3984 
1 5 1
1 6 1
1 7 1
1 8 1
1 10 1
1 11 1
1 12 1
1 17 1
1 18 1
1 22 1
1 24 1
1 25 1
1 31 1
1 40 1
1 41 1
1 43 1
1 49 1
1 61 1
1 74 1
1 91 1
1 104 1
1 115 1
1 121 1
1 125 1
1 128 1
1 130 1
1 149 1
1 156 1
1 160 1
1 172 1
1 178 1
1 186 1
1 190 1
1 213 1
1 236 1
1 239 1
1 244 1
1 248 1
1 262 1
1 264 1
1 278 1
1 331 1
1 337 1
1 344 1
1 351 1
1 356 1
1 357 1
1 415 1
1 445 1
1 452 1
1 467 1
1 490 1
1 501 1
1 511 1
1 521 1
1 560 1
1 618 1
1 731 1
1 733 1
1 752 1
1 761 1
1 794 1
1 810 1
1 838 1
1 867 1
1 892 1
1 915 1
1 925 1
1 948 1
1 952 1
1 954 1
1 965 1
2 5 1
2 6 1
2 8 1
2 10 1
2 11 1
2 13 1
2 20 1
2 32 1
2 44 1
2 62 1
2 82 1
2 83 1
2 89 1
2 90 1
2 92 1
2 134 1
2 149 1
2 161 1
2 171 1
2 202 1
2 207 1
2 231 1
2 238 1
2 267 1
2 268 1
2 280 1
2 295 1
2 306 1
2 315 1
2 326 1
2 334 1
2 369 1
2 381 1
2 384 1
2 426 1
2 442 1
2 445 1
2 455 1
2 456 1
2 499 1
2 542 1
2 560 1
2 574 1
2 583 1
2 584 1
2 602 1
2 641 1
2 651 1
2 663 1
2 763 1
2 769 1
2 776 1
2 787 1
2 803 1
2 847 1
2 867 1
2 889 1
2 961 1
2 968 1
3 5 1
3 7 1
3 11 1
3 13 1
3 19 1
3 25 1
3 30 1
3 44 1
3 47 1
3 56 1
3 66 1
3 70 1
3 77 1
3 78 1
3 80 1
3 81 1
3 119 1
3 130 1
3 140 1
3 147 1
3 151 1
3 174 1
3 178 1
3 183 1
3 189 1
3 209 1
3 216 1
3 220 1
3 222 1
3 231 1
3 239 1
3 240 1
3 246 1
3 255 1
3 256 1
3 264 1
3 265 1
3 266 1
3 286 1
3 305 1
3 312 1
3 346 1
3 399 1
3 410 1
3 418 1
3 420 1
3 438 1
3 504 1
3 523 1
3 536 1
3 585 1
3 597 1
3 701 1
3 732 1
3 733 1
3 740 1
3 807 1
3 813 1
3 827 1
3 840 1
3 881 1
3 902 1
4 5 1
4 6 1
4 7 1
4 10 1
4 11 1
4 13 1
4 20 1
4 24 1
4 33 1
4 36 1
4 37 1
4 44 1
4 46 1
4 47 1
4 70 1
4 75 1
4 76 1
4 81 1
4 91 1
4 114 1
4 116 1
4 124 1
4 129 1
4 135 1
4 136 1
4 152 1
4 157 1
4 159 1
4 194 1
4 197 1
4 199 1
4 201 1
4 209 1
4 222 1
4 236 1
4 255 1
4 257 1
4 260 1
4 279 1
4 329 1
4 342 1
4 352 1
4 363 1
4 369 1
4 370 1
4 446 1
4 458 1
4 466 1
4 467 1
4 470 1
4 502 1
4 513 1
4 531 1
4 533 1
4 557 1
4 637 1
4 644 1
4 663 1
4 680 1
4 700 1
4 745 1
4 751 1
4 759 1
4 784 1
4 860 1
4 892 1
4 903 1
4 932 1
4 942 1
4 972 1
4 980 1
5 6 1
5 8 1
5 9 1
5 10 1
5 12 1
5 16 1
5 25 1
5 29 1
5 32 1
5 36 1
5 43 1
5 53 1
5 58 1
5 59 1
5 66 1
5 70 1
5 86 1
5 93 1
5 96 1
5 97 1
5 103 1
5 105 1
5 108 1
5 113 1
5 136 1
5 142 1
5 146 1
5 154 1
5 173 1
5 187 1
5 189 1
5 201 1
5 204 1
5 206 1
5 219 1
5 225 1
5 239 1
5 264 1
5 278 1
5 298 1
5 304 1
5 326 1
5 355 1
5 359 1
5 369 1
5 374 1
5 393 1
5 397 1
5 403 1
5 418 1
5 462 1
5 507 1
5 514 1
5 515 1
5 526 1
5 555 1
5 569 1
5 573 1
5 586 1
5 702 1
5 709 1
5 717 1
5 741 1
5 786 1
5 848 1
5 855 1
5 871 1
5 876 1
5 897 1
5 923 1
5 946 1
5 984 1
5 993 1
6 7 1
6 9 1
6 12 1
6 16 1
6 19 1
6 21 1
6 22 1
6 27 1
6 42 1
6 50 1
6 59 1
6 60 1
6 78 1
6 86 1
6 99 1
6 120 1
6 184 1
6 192 1
6 203 1
6 220 1
6 224 1
6 273 1
6 320 1
6 348 1
6 354 1
6 356 1
6 403 1
6 455 1
6 457 1
6 460 1
6 469 1
6 500 1
6 507 1
6 518 1
6 521 1
6 524 1
6 562 1
6 572 1
6 585 1
6 605 1
6 638 1
6 699 1
6 726 1
6 741 1
6 762 1
6 768 1
6 781 1
6 822 1
6 843 1
6 874 1
6 910 1
6 916 1
6 932 1
6 944 1
6 974 1
6 975 1
7 8 1
7 9 1
7 13 1
7 14 1
7 15 1
7 16 1
7 17 1
7 19 1
7 20 1
7 21 1
7 22 1
7 23 1
7 27 1
7 29 1
7 37 1
7 40 1
7 53 1
7 56 1
7 58 1
7 63 1
7 74 1
7 83 1
7 86 1
7 90 1
7 94 1
7 117 1
7 120 1
7 142 1
7 145 1
7 148 1
7 157 1
7 168 1
7 181 1
7 187 1
7 188 1
7 212 1
7 234 1
7 240 1
7 252 1
7 259 1
7 265 1
7 267 1
7 269 1
7 275 1
7 279 1
7 324 1
7 339 1
7 346 1
7 360 1
7 364 1
7 366 1
7 392 1
7 395 1
7 396 1
7 398 1
7 408 1
7 417 1
7 424 1
7 458 1
7 474 1
7 475 1
7 491 1
7 494 1
7 497 1
7 540 1
7 572 1
7 582 1
7 592 1
7 594 1
7 619 1
7 633 1
7 634 1
7 664 1
7 675 1
7 703 1
7 709 1
7 713 1
7 743 1
7 747 1
7 791 1
7 818 1
7 845 1
7 853 1
7 862 1
7 867 1
7 869 1
7 936 1
7 948 1
7 949 1
7 953 1
7 998 1
8 9 1
8 14 1
8 21 1
8 22 1
8 24 1
8 28 1
8 33 1
8 35 1
8 49 1
8 62 1
8 63 1
8 65 1
8 70 1
8 73 1
8 87 1
8 102 1
8 109 1
8 110 1
8 112 1
8 125 1
8 126 1
8 166 1
8 179 1
8 200 1
8 204 1
8 229 1
8 230 1
8 233 1
8 235 1
8 258 1
8 287 1
8 304 1
8 323 1
8 324 1
8 337 1
8 361 1
8 456 1
8 475 1
8 476 1
8 539 1
8 540 1
8 560 1
8 575 1
8 581 1
8 624 1
8 627 1
8 646 1
8 668 1
8 732 1
8 738 1
8 744 1
8 755 1
8 844 1
8 982 1
9 14 1
9 15 1
9 16 1
9 20 1
9 21 1
9 28 1
9 39 1
9 44 1
9 46 1
9 52 1
9 54 1
9 64 1
9 65 1
9 75 1
9 108 1
9 162 1
9 165 1
9 168 1
9 174 1
9 240 1
9 292 1
9 303 1
9 331 1
9 347 1
9 377 1
9 387 1
9 443 1
9 508 1
9 512 1
9 600 1
9 681 1
9 712 1
9 782 1
9 792 1
9 806 1
9 822 1
9 838 1
9 873 1
9 900 1
9 906 1
9 960 1
10 18 1
10 24 1
10 29 1
10 33 1
10 40 1
10 48 1
10 54 1
10 64 1
10 65 1
10 108 1
10 109 1
10 111 1
10 112 1
10 114 1
10 130 1
10 133 1
10 143 1
10 146 1
10 161 1
10 213 1
10 274 1
10 302 1
10 328 1
10 336 1
10 347 1
10 422 1
10 475 1
10 480 1
10 492 1
10 508 1
10 544 1
10 547 1
10 555 1
10 662 1
10 664 1
10 718 1
10 765 1
10 921 1
10 941 1
10 964 1
10 994 1
10 1000 1
11 12 1
11 17 1
11 34 1
11 42 1
11 45 1
11 84 1
11 88 1
11 109 1
11 115 1
11 121 1
11 201 1
11 219 1
11 294 1
11 350 1
11 370 1
11 382 1
11 590 1
11 750 1
11 911 1
12 14 1
12 15 1
12 18 1
12 25 1
12 26 1
12 27 1
12 50 1
12 51 1
12 58 1
12 84 1
12 116 1
12 117 1
12 139 1
12 145 1
12 153 1
12 164 1
12 184 1
12 186 1
12 201 1
12 202 1
12 215 1
12 224 1
12 253 1
12 298 1
12 326 1
12 397 1
12 398 1
12 407 1
12 428 1
12 443 1
12 463 1
12 471 1
12 474 1
12 553 1
12 570 1
12 619 1
12 630 1
12 655 1
12 670 1
12 686 1
12 713 1
12 717 1
12 783 1
12 800 1
12 838 1
12 842 1
12 912 1
13 18 1
13 35 1
13 37 1
13 47 1
13 71 1
13 73 1
13 79 1
13 82 1
13 126 1
13 128 1
13 133 1
13 137 1
13 148 1
13 150 1
13 155 1
13 156 1
13 157 1
13 180 1
13 183 1
13 200 1
13 207 1
13 249 1
13 288 1
13 320 1
13 387 1
13 400 1
13 426 1
13 509 1
13 541 1
13 549 1
13 561 1
13 607 1
13 609 1
13 620 1
13 644 1
13 690 1
13 766 1
13 795 1
13 869 1
13 915 1
13 921 1
13 944 1
14 15 1
14 23 1
14 38 1
14 40 1
14 56 1
14 57 1
14 149 1
14 198 1
14 206 1
14 291 1
14 381 1
14 392 1
14 426 1
14 443 1
14 473 1
14 509 1
14 739 1
14 775 1
14 844 1
14 967 1
15 17 1
15 30 1
15 36 1
15 37 1
15 53 1
15 79 1
15 103 1
15 141 1
15 146 1
15 210 1
15 258 1
15 276 1
15 354 1
15 370 1
15 392 1
15 395 1
15 436 1
15 521 1
15 625 1
15 769 1
15 924 1
15 962 1
15 980 1
16 55 1
16 110 1
16 149 1
16 179 1
16 198 1
16 318 1
16 348 1
16 355 1
16 385 1
16 401 1
16 423 1
16 462 1
16 529 1
16 560 1
16 773 1
16 794 1
16 889 1
16 902 1
17 30 1
17 51 1
17 60 1
17 82 1
17 126 1
17 139 1
17 166 1
17 188 1
17 300 1
17 332 1
17 417 1
17 437 1
17 532 1
17 535 1
17 622 1
17 650 1
17 750 1
17 769 1
17 835 1
18 19 1
18 28 1
18 51 1
18 53 1
18 60 1
18 73 1
18 83 1
18 98 1
18 112 1
18 150 1
18 157 1
18 176 1
18 178 1
18 236 1
18 281 1
18 287 1
18 325 1
18 353 1
18 368 1
18 394 1
18 410 1
18 484 1
18 490 1
18 554 1
18 805 1
18 893 1
19 23 1
19 26 1
19 29 1
19 45 1
19 48 1
19 61 1
19 62 1
19 80 1
19 81 1
19 106 1
19 158 1
19 178 1
19 255 1
19 260 1
19 323 1
19 639 1
19 707 1
19 802 1
19 916 1
20 26 1
20 31 1
20 39 1
20 42 1
20 43 1
20 47 1
20 56 1
20 66 1
20 74 1
20 78 1
20 86 1
20 102 1
20 103 1
20 123 1
20 138 1
20 185 1
20 189 1
20 199 1
20 254 1
20 263 1
20 284 1
20 314 1
20 338 1
20 352 1
20 365 1
20 366 1
20 407 1
20 428 1
20 432 1
20 477 1
20 478 1
20 496 1
20 546 1
20 567 1
20 621 1
20 627 1
20 636 1
20 650 1
20 656 1
20 702 1
20 759 1
20 765 1
20 779 1
20 787 1
20 813 1
20 817 1
20 894 1
20 913 1
20 932 1
20 954 1
20 996 1
21 23 1
21 71 1
21 85 1
21 95 1
21 164 1
21 170 1
21 196 1
21 449 1
21 493 1
21 762 1
21 834 1
22 30 1
22 41 1
22 45 1
22 108 1
22 160 1
22 172 1
22 175 1
22 189 1
22 216 1
22 223 1
22 318 1
22 342 1
22 350 1
22 361 1
22 469 1
22 481 1
22 524 1
22 531 1
22 699 1
22 722 1
22 726 1
22 858 1
23 31 1
23 55 1
23 84 1
23 85 1
23 119 1
23 130 1
23 131 1
23 134 1
23 414 1
23 489 1
23 530 1
23 575 1
23 819 1
23 862 1
23 902 1
24 28 1
24 31 1
24 42 1
24 43 1
24 66 1
24 72 1
24 85 1
24 90 1
24 91 1
24 92 1
24 117 1
24 208 1
24 238 1
24 283 1
24 319 1
24 391 1
24 405 1
24 505 1
24 511 1
24 599 1
24 612 1
24 671 1
24 755 1
24 837 1
24 928 1
25 26 1
25 27 1
25 32 1
25 34 1
25 38 1
25 72 1
25 94 1
25 107 1
25 122 1
25 182 1
25 233 1
25 292 1
25 310 1
25 334 1
25 348 1
25 381 1
25 477 1
25 557 1
25 853 1
26 41 1
26 54 1
26 55 1
26 127 1
26 304 1
26 324 1
26 344 1
26 367 1
26 406 1
26 446 1
26 541 1
26 676 1
26 852 1
26 983 1
27 48 1
27 107 1
27 206 1
27 241 1
27 252 1
27 311 1
27 362 1
27 363 1
27 487 1
27 500 1
27 516 1
27 596 1
27 640 1
27 695 1
27 968 1
27 969 1
27 971 1
28 33 1
28 34 1
28 35 1
28 36 1
28 38 1
28 39 1
28 61 1
28 64 1
28 67 1
28 68 1
28 69 1
28 71 1
28 75 1
28 77 1
28 82 1
28 91 1
28 95 1
28 98 1
28 106 1
28 132 1
28 143 1
28 146 1
28 154 1
28 169 1
28 171 1
28 173 1
28 175 1
28 200 1
28 268 1
28 271 1
28 276 1
28 305 1
28 339 1
28 342 1
28 361 1
28 369 1
28 390 1
28 396 1
28 421 1
28 429 1
28 482 1
28 485 1
28 500 1
28 508 1
28 530 1
28 588 1
28 601 1
28 620 1
28 631 1
28 651 1
28 668 1
28 681 1
28 726 1
28 727 1
28 749 1
28 767 1
28 788 1
28 801 1
28 815 1
28 817 1
28 827 1
28 833 1
28 844 1
28 846 1
28 849 1
28 858 1
28 981 1
29 32 1
29 35 1
29 129 1
29 276 1
29 372 1
29 383 1
29 405 1
29 422 1
29 467 1
29 510 1
29 551 1
29 578 1
29 655 1
29 837 1
29 857 1
29 865 1
30 34 1
30 39 1
30 93 1
30 101 1
30 120 1
30 132 1
30 141 1
30 177 1
30 208 1
30 331 1
30 512 1
30 545 1
30 647 1
30 718 1
30 724 1
30 829 1
30 985 1
31 49 1
31 90 1
31 105 1
31 123 1
31 162 1
31 192 1
31 214 1
31 247 1
31 255 1
31 337 1
31 347 1
31 503 1
31 644 1
31 671 1
31 715 1
31 883 1
32 85 1
32 87 1
32 104 1
32 116 1
32 186 1
32 233 1
32 409 1
32 557 1
32 722 1
32 853 1
33 48 1
33 55 1
33 118 1
33 122 1
33 180 1
33 200 1
33 223 1
33 320 1
33 326 1
33 388 1
33 465 1
33 492 1
33 591 1
33 608 1
33 610 1
33 625 1
33 738 1
33 747 1
33 763 1
33 871 1
34 89 1
34 121 1
34 169 1
34 212 1
34 225 1
34 258 1
34 372 1
34 437 1
34 888 1
35 52 1
35 64 1
35 194 1
35 243 1
35 306 1
35 307 1
35 333 1
35 448 1
35 476 1
35 510 1
35 551 1
35 555 1
35 606 1
35 666 1
35 772 1
35 861 1
36 63 1
36 79 1
36 96 1
36 224 1
36 274 1
36 332 1
36 464 1
36 495 1
36 706 1
36 778 1
36 798 1
36 884 1
36 893 1
36 988 1
37 38 1
37 45 1
37 124 1
37 173 1
37 254 1
37 304 1
37 319 1
37 340 1
37 347 1
37 358 1
37 403 1
37 593 1
37 675 1
37 676 1
37 742 1
37 800 1
37 929 1
38 61 1
38 65 1
38 87 1
38 99 1
38 132 1
38 199 1
38 233 1
38 434 1
38 754 1
38 849 1
39 57 1
39 59 1
39 100 1
39 106 1
39 138 1
39 164 1
39 191 1
39 253 1
39 293 1
39 322 1
39 386 1
39 393 1
39 430 1
39 432 1
39 532 1
39 655 1
39 697 1
39 740 1
39 765 1
39 935 1
39 973 1
40 41 1
40 50 1
40 80 1
40 87 1
40 120 1
40 160 1
40 190 1
40 196 1
40 217 1
40 232 1
40 360 1
40 399 1
40 433 1
40 440 1
40 534 1
40 593 1
40 605 1
40 652 1
40 660 1
40 669 1
40 678 1
40 777 1
40 857 1
40 904 1
40 908 1
40 957 1
41 46 1
41 50 1
41 97 1
41 101 1
41 160 1
41 187 1
41 196 1
41 270 1
41 301 1
41 419 1
41 439 1
41 459 1
41 471 1
41 485 1
41 515 1
41 539 1
41 562 1
41 568 1
41 732 1
41 739 1
41 830 1
41 845 1
41 950 1
42 46 1
42 49 1
42 52 1
42 60 1
42 63 1
42 67 1
42 75 1
42 80 1
42 96 1
42 99 1
42 117 1
42 144 1
42 158 1
42 163 1
42 166 1
42 194 1
42 196 1
42 197 1
42 202 1
42 205 1
42 211 1
42 222 1
42 236 1
42 242 1
42 247 1
42 248 1
42 263 1
42 300 1
42 316 1
42 317 1
42 328 1
42 352 1
42 360 1
42 372 1
42 377 1
42 411 1
42 444 1
42 481 1
42 483 1
42 486 1
42 514 1
42 520 1
42 543 1
42 579 1
42 604 1
42 650 1
42 680 1
42 738 1
42 751 1
42 786 1
42 804 1
42 805 1
42 841 1
42 869 1
42 910 1
42 913 1
42 945 1
42 956 1
42 973 1
42 987 1
43 67 1
43 81 1
43 114 1
43 171 1
43 210 1
43 253 1
43 286 1
43 301 1
43 324 1
43 349 1
43 375 1
43 700 1
43 842 1
43 900 1
43 951 1
44 69 1
44 145 1
44 162 1
44 180 1
44 192 1
44 198 1
44 245 1
44 251 1
44 293 1
44 307 1
44 333 1
44 373 1
44 378 1
44 385 1
44 519 1
44 779 1
44 813 1
44 856 1
45 51 1
45 52 1
45 57 1
45 62 1
45 76 1
45 99 1
45 122 1
45 172 1
45 174 1
45 181 1
45 191 1
45 199 1
45 213 1
45 234 1
45 241 1
45 296 1
45 330 1
45 517 1
45 556 1
45 581 1
45 611 1
45 615 1
45 649 1
45 658 1
45 689 1
45 723 1
45 854 1
45 931 1
45 942 1
45 961 1
45 987 1
46 69 1
46 89 1
46 110 1
46 155 1
46 218 1
46 329 1
46 506 1
46 643 1
46 654 1
46 717 1
46 771 1
47 72 1
47 119 1
47 209 1
47 210 1
47 259 1
47 270 1
47 353 1
47 514 1
48 165 1
48 226 1
48 440 1
48 465 1
49 67 1
49 92 1
49 97 1
49 119 1
49 156 1
49 195 1
49 222 1
49 277 1
49 447 1
49 467 1
49 543 1
49 563 1
49 581 1
49 590 1
49 605 1
49 631 1
49 709 1
49 725 1
49 837 1
49 860 1
49 927 1
50 111 1
50 219 1
50 274 1
50 329 1
50 351 1
50 455 1
50 470 1
50 473 1
50 522 1
50 635 1
50 670 1
50 964 1
51 57 1
51 58 1
51 77 1
51 98 1
51 153 1
51 170 1
51 182 1
51 212 1
51 345 1
51 368 1
51 438 1
51 518 1
51 536 1
51 538 1
51 589 1
51 632 1
51 691 1
51 715 1
51 729 1
51 904 1
51 939 1
51 980 1
51 989 1
51 991 1
52 78 1
52 95 1
52 242 1
52 262 1
52 290 1
52 450 1
52 895 1
53 54 1
53 59 1
53 105 1
53 111 1
53 158 1
53 202 1
53 210 1
53 227 1
53 243 1
53 249 1
53 279 1
53 281 1
53 317 1
53 376 1
53 437 1
53 472 1
53 679 1
53 692 1
53 782 1
53 812 1
53 821 1
53 822 1
53 861 1
53 872 1
53 901 1
53 907 1
53 944 1
54 608 1
54 643 1
54 695 1
55 135 1
55 179 1
55 404 1
55 841 1
55 914 1
55 917 1
56 152 1
56 166 1
56 167 1
56 176 1
56 185 1
56 219 1
56 223 1
56 238 1
56 282 1
56 283 1
56 289 1
56 343 1
56 393 1
56 457 1
56 599 1
56 624 1
56 652 1
56 716 1
56 761 1
56 784 1
56 816 1
56 820 1
56 888 1
57 98 1
57 100 1
57 109 1
57 127 1
57 140 1
57 151 1
57 186 1
57 310 1
57 312 1
57 338 1
57 421 1
57 494 1
57 513 1
57 540 1
57 630 1
57 638 1
57 681 1
57 713 1
57 783 1
57 791 1
58 71 1
58 101 1
58 139 1
58 217 1
58 309 1
58 509 1
58 571 1
58 579 1
58 670 1
59 68 1
59 73 1
59 74 1
59 208 1
59 265 1
59 580 1
59 582 1
59 633 1
60 376 1
60 452 1
60 683 1
60 955 1
61 68 1
61 181 1
61 204 1
61 356 1
61 404 1
61 414 1
61 488 1
61 495 1
61 533 1
61 595 1
61 711 1
61 796 1
61 800 1
61 950 1
61 983 1
62 137 1
62 148 1
62 249 1
62 388 1
62 531 1
62 600 1
62 615 1
62 618 1
62 740 1
62 747 1
62 831 1
62 866 1
63 113 1
63 829 1
64 155 1
64 161 1
64 252 1
64 341 1
64 344 1
64 380 1
64 391 1
64 438 1
64 592 1
64 681 1
64 758 1
65 76 1
65 94 1
65 271 1
65 354 1
65 367 1
65 459 1
65 557 1
65 667 1
65 692 1
65 697 1
65 940 1
66 69 1
66 118 1
66 124 1
66 129 1
66 147 1
66 165 1
66 208 1
66 261 1
66 297 1
66 301 1
66 308 1
66 342 1
66 363 1
66 410 1
66 497 1
66 524 1
66 577 1
66 607 1
66 656 1
66 679 1
66 728 1
66 808 1
66 851 1
66 866 1
66 972 1
66 979 1
66 992 1
67 68 1
67 106 1
67 144 1
67 338 1
67 466 1
67 480 1
67 547 1
67 578 1
67 611 1
67 728 1
67 787 1
67 936 1
68 77 1
68 83 1
68 127 1
68 193 1
68 211 1
68 227 1
68 302 1
68 422 1
68 577 1
68 588 1
68 603 1
68 612 1
68 690 1
68 826 1
69 93 1
69 184 1
69 488 1
69 528 1
69 872 1
70 72 1
70 100 1
70 104 1
70 121 1
70 132 1
70 135 1
70 138 1
70 182 1
70 209 1
70 215 1
70 228 1
70 262 1
70 291 1
70 330 1
70 335 1
70 370 1
70 375 1
70 387 1
70 399 1
70 454 1
70 474 1
70 657 1
70 693 1
70 758 1
70 854 1
70 870 1
70 952 1
70 972 1
70 989 1
71 84 1
71 134 1
71 226 1
71 269 1
71 276 1
71 290 1
71 309 1
71 570 1
71 623 1
71 646 1
71 710 1
71 746 1
71 901 1
72 110 1
72 113 1
72 142 1
72 191 1
72 218 1
72 244 1
72 279 1
72 281 1
72 364 1
72 452 1
72 513 1
72 590 1
72 649 1
72 673 1
72 680 1
72 773 1
72 803 1
72 813 1
72 898 1
73 138 1
73 164 1
73 206 1
73 221 1
73 240 1
73 315 1
73 432 1
73 545 1
73 578 1
74 76 1
74 89 1
74 95 1
74 131 1
74 177 1
74 293 1
74 647 1
75 88 1
75 188 1
75 230 1
75 354 1
75 672 1
75 696 1
75 810 1
76 93 1
76 118 1
76 788 1
77 102 1
77 107 1
77 194 1
77 332 1
77 406 1
77 434 1
77 559 1
77 595 1
77 757 1
77 901 1
77 903 1
78 79 1
78 88 1
78 136 1
78 168 1
78 260 1
78 274 1
78 280 1
78 282 1
78 285 1
78 310 1
78 335 1
78 415 1
78 419 1
78 441 1
78 558 1
78 771 1
78 876 1
78 924 1
78 975 1
78 992 1
78 997 1
79 111 1
79 172 1
79 218 1
79 251 1
79 259 1
79 278 1
79 305 1
79 373 1
79 395 1
79 523 1
79 606 1
80 113 1
80 126 1
80 215 1
80 393 1
80 420 1
80 484 1
80 489 1
80 543 1
80 574 1
80 645 1
80 697 1
80 861 1
80 891 1
81 100 1
81 124 1
81 163 1
81 169 1
81 224 1
81 298 1
81 468 1
81 505 1
81 572 1
81 659 1
81 825 1
82 288 1
82 301 1
82 627 1
82 669 1
82 927 1
82 985 1
83 136 1
83 190 1
83 478 1
83 590 1
83 906 1
83 968 1
84 118 1
84 409 1
84 539 1
84 912 1
85 107 1
85 183 1
85 191 1
85 216 1
85 225 1
85 226 1
85 285 1
85 302 1
85 343 1
85 400 1
85 685 1
85 856 1
86 88 1
86 152 1
86 243 1
86 450 1
86 552 1
86 561 1
86 617 1
86 661 1
86 785 1
86 803 1
86 947 1
86 981 1
87 96 1
87 227 1
87 229 1
87 297 1
87 373 1
87 442 1
87 849 1
88 159 1
88 228 1
88 482 1
88 546 1
88 552 1
88 634 1
88 728 1
88 799 1
88 824 1
89 94 1
89 97 1
89 116 1
89 137 1
89 141 1
89 156 1
89 284 1
89 309 1
89 313 1
89 320 1
89 340 1
89 390 1
89 539 1
89 608 1
89 665 1
89 855 1
89 869 1
89 922 1
89 930 1
90 92 1
90 105 1
90 150 1
90 250 1
90 291 1
90 335 1
90 345 1
90 384 1
90 398 1
90 475 1
90 499 1
90 559 1
90 584 1
90 641 1
90 686 1
90 780 1
90 870 1
90 985 1
90 988 1
91 101 1
91 167 1
91 294 1
91 544 1
91 929 1
92 847 1
92 908 1
93 266 1
93 448 1
93 456 1
93 669 1
94 722 1
94 778 1
94 781 1
95 123 1
95 245 1
95 418 1
95 435 1
95 453 1
95 460 1
95 702 1
96 272 1
96 343 1
96 561 1
96 899 1
97 102 1
97 168 1
97 330 1
97 744 1
97 760 1
97 868 1
98 114 1
98 167 1
98 310 1
98 620 1
98 959 1
99 112 1
99 137 1
99 215 1
99 241 1
99 469 1
99 618 1
99 625 1
99 852 1
100 104 1
100 115 1
100 133 1
100 141 1
100 143 1
100 151 1
100 163 1
100 169 1
100 214 1
100 239 1
100 300 1
100 302 1
100 312 1
100 319 1
100 396 1
100 454 1
100 478 1
100 487 1
100 528 1
100 576 1
100 597 1
100 603 1
100 638 1
100 684 1
100 687 1
100 697 1
100 708 1
100 731 1
100 870 1
100 899 1
100 906 1
100 930 1
100 948 1
100 997 1
101 133 1
101 139 1
101 195 1
101 246 1
101 299 1
101 314 1
101 359 1
101 381 1
101 419 1
101 521 1
101 678 1
101 907 1
102 103 1
102 134 1
102 195 1
102 230 1
102 271 1
102 322 1
102 379 1
102 389 1
102 391 1
102 400 1
102 417 1
102 419 1
102 439 1
102 483 1
102 573 1
102 583 1
102 593 1
102 607 1
102 632 1
102 664 1
102 721 1
102 829 1
102 850 1
102 878 1
102 913 1
103 153 1
103 241 1
103 295 1
104 135 1
104 230 1
104 431 1
104 472 1
104 493 1
104 698 1
104 733 1
104 881 1
104 896 1
104 978 1
105 323 1
105 384 1
105 416 1
105 504 1
105 531 1
105 705 1
105 723 1
105 764 1
105 766 1
105 889 1
105 958 1
106 161 1
106 275 1
106 567 1
106 591 1
107 212 1
107 263 1
107 382 1
107 443 1
107 525 1
107 627 1
107 965 1
108 144 1
108 150 1
108 473 1
108 497 1
108 570 1
108 792 1
108 808 1
109 115 1
109 140 1
109 289 1
109 375 1
109 441 1
109 451 1
109 495 1
109 501 1
109 682 1
109 703 1
109 911 1
109 957 1
109 964 1
110 125 1
110 290 1
110 460 1
110 549 1
110 566 1
110 788 1
110 877 1
111 154 1
111 237 1
111 268 1
111 325 1
111 364 1
111 434 1
111 566 1
111 708 1
111 926 1
112 129 1
112 143 1
112 308 1
112 364 1
112 407 1
113 128 1
113 179 1
113 242 1
113 259 1
113 510 1
113 580 1
113 710 1
113 744 1
113 950 1
114 257 1
114 556 1
114 687 1
115 123 1
115 128 1
115 131 1
115 170 1
115 176 1
115 185 1
115 216 1
115 319 1
115 377 1
115 383 1
115 506 1
115 801 1
116 177 1
116 246 1
116 253 1
116 313 1
116 434 1
116 565 1
116 644 1
116 666 1
116 841 1
116 959 1
117 140 1
117 217 1
117 635 1
117 938 1
118 122 1
118 214 1
118 220 1
118 234 1
118 461 1
118 659 1
118 756 1
119 176 1
119 177 1
119 183 1
119 266 1
119 280 1
119 357 1
119 517 1
119 634 1
119 702 1
119 864 1
120 144 1
120 494 1
120 633 1
120 721 1
121 147 1
121 165 1
121 185 1
121 229 1
121 383 1
121 610 1
121 632 1
121 701 1
121 967 1
122 205 1
122 228 1
122 348 1
122 436 1
122 613 1
123 147 1
123 159 1
123 248 1
123 313 1
123 367 1
123 373 1
123 491 1
123 537 1
123 747 1
123 884 1
124 125 1
124 192 1
124 247 1
124 254 1
124 258 1
124 440 1
124 470 1
124 665 1
124 749 1
125 798 1
125 821 1
126 127 1
126 198 1
126 238 1
126 316 1
126 493 1
126 683 1
126 757 1
126 835 1
126 855 1
127 145 1
127 151 1
127 180 1
127 267 1
127 280 1
127 288 1
127 315 1
127 329 1
127 350 1
127 365 1
127 404 1
127 415 1
127 463 1
127 515 1
127 653 1
127 820 1
127 899 1
127 951 1
128 131 1
128 548 1
128 786 1
128 977 1
129 235 1
129 289 1
129 375 1
129 640 1
130 153 1
130 225 1
130 614 1
130 648 1
130 770 1
130 930 1
131 211 1
131 248 1
131 266 1
131 423 1
131 530 1
131 535 1
131 614 1
131 623 1
131 746 1
131 759 1
131 845 1
131 920 1
131 966 1
131 998 1
132 142 1
132 175 1
132 221 1
132 336 1
132 366 1
132 638 1
132 719 1
132 798 1
133 399 1
133 404 1
133 881 1
133 968 1
134 424 1
134 815 1
135 154 1
135 237 1
135 282 1
135 387 1
135 431 1
135 841 1
135 850 1
136 296 1
136 318 1
136 343 1
136 506 1
136 565 1
136 584 1
136 649 1
136 689 1
136 710 1
136 905 1
137 284 1
137 308 1
137 451 1
137 529 1
137 685 1
138 204 1
138 211 1
138 691 1
138 824 1
139 152 1
139 159 1
139 163 1
139 499 1
139 995 1
140 173 1
140 232 1
140 263 1
140 451 1
140 680 1
141 171 1
141 193 1
141 349 1
141 359 1
141 541 1
141 558 1
141 626 1
141 639 1
141 736 1
141 785 1
142 269 1
142 743 1
142 750 1
143 155 1
143 203 1
143 277 1
143 341 1
143 367 1
143 368 1
143 437 1
143 512 1
143 552 1
143 570 1
143 637 1
143 676 1
143 701 1
143 710 1
143 865 1
143 877 1
144 148 1
144 170 1
144 175 1
144 243 1
144 408 1
144 790 1
144 896 1
145 743 1
145 915 1
146 261 1
146 469 1
146 617 1
146 874 1
146 986 1
147 484 1
147 511 1
147 654 1
147 714 1
147 736 1
148 181 1
148 250 1
148 317 1
148 752 1
148 840 1
148 866 1
148 955 1
148 991 1
149 254 1
149 287 1
149 776 1
149 814 1
150 162 1
150 167 1
150 514 1
150 648 1
150 798 1
151 193 1
151 285 1
151 401 1
151 485 1
151 544 1
151 573 1
151 823 1
151 870 1
152 563 1
152 622 1
152 672 1
152 737 1
153 247 1
153 357 1
153 382 1
153 385 1
153 386 1
153 770 1
153 928 1
154 244 1
154 288 1
154 384 1
154 519 1
154 657 1
155 188 1
155 314 1
155 321 1
155 465 1
156 203 1
156 250 1
156 275 1
156 454 1
156 465 1
156 596 1
156 705 1
156 711 1
156 753 1
156 778 1
156 793 1
156 934 1
156 965 1
157 158 1
157 703 1
157 823 1
157 862 1
157 957 1
157 994 1
158 245 1
158 325 1
158 372 1
158 589 1
158 864 1
159 182 1
159 859 1
160 245 1
160 352 1
160 459 1
161 195 1
161 290 1
161 294 1
161 344 1
161 350 1
161 446 1
161 746 1
161 751 1
161 771 1
161 977 1
162 244 1
162 272 1
163 291 1
163 388 1
163 542 1
163 564 1
163 886 1
164 249 1
164 371 1
164 385 1
164 541 1
164 602 1
164 662 1
164 718 1
164 935 1
164 995 1
165 174 1
165 184 1
165 234 1
165 251 1
165 289 1
165 374 1
165 397 1
165 525 1
165 571 1
165 849 1
165 953 1
165 999 1
166 793 1
167 187 1
167 296 1
167 448 1
167 583 1
167 648 1
167 801 1
168 193 1
168 218 1
168 646 1
168 668 1
168 850 1
168 938 1
169 197 1
169 421 1
169 786 1
169 810 1
169 818 1
170 203 1
170 271 1
170 275 1
170 322 1
170 395 1
170 520 1
170 554 1
170 945 1
171 197 1
171 227 1
171 315 1
171 795 1
171 897 1
171 980 1
172 217 1
172 235 1
172 335 1
172 390 1
172 442 1
172 564 1
172 684 1
172 790 1
173 250 1
173 262 1
173 281 1
173 362 1
173 408 1
173 552 1
173 611 1
173 749 1
173 847 1
173 979 1
174 632 1
175 261 1
175 341 1
175 420 1
175 421 1
175 536 1
175 743 1
175 852 1
176 260 1
176 490 1
176 936 1
177 190 1
177 313 1
177 504 1
177 718 1
177 999 1
178 220 1
178 231 1
178 334 1
178 363 1
178 444 1
178 567 1
178 828 1
178 922 1
179 362 1
179 607 1
179 781 1
179 784 1
180 424 1
180 499 1
180 502 1
180 550 1
180 629 1
180 642 1
180 814 1
180 898 1
180 931 1
181 229 1
181 299 1
181 498 1
182 205 1
182 318 1
182 360 1
182 405 1
182 948 1
183 231 1
183 307 1
183 830 1
183 864 1
183 933 1
184 299 1
184 316 1
184 481 1
184 811 1
186 226 1
186 330 1
186 379 1
186 389 1
186 425 1
186 431 1
187 221 1
187 270 1
187 272 1
187 283 1
187 346 1
187 454 1
187 496 1
188 312 1
188 674 1
189 232 1
189 237 1
189 309 1
189 325 1
189 414 1
189 479 1
189 587 1
189 833 1
190 277 1
190 427 1
190 970 1
191 221 1
191 261 1
191 405 1
191 598 1
191 628 1
191 704 1
191 939 1
191 976 1
192 207 1
192 299 1
192 331 1
192 349 1
192 406 1
192 426 1
192 435 1
192 524 1
192 528 1
192 555 1
192 579 1
192 834 1
192 885 1
193 246 1
193 615 1
193 892 1
194 268 1
194 305 1
194 380 1
194 444 1
194 513 1
194 617 1
194 696 1
194 897 1
194 938 1
194 947 1
194 954 1
195 214 1
195 237 1
195 296 1
195 333 1
195 463 1
195 653 1
195 750 1
196 207 1
196 303 1
196 445 1
196 468 1
196 501 1
196 730 1
196 834 1
196 858 1
196 910 1
196 991 1
197 306 1
197 447 1
197 629 1
197 810 1
197 865 1
197 991 1
198 257 1
198 327 1
198 498 1
198 545 1
198 692 1
198 698 1
198 826 1
199 337 1
199 623 1
199 754 1
199 762 1
199 874 1
199 918 1
199 954 1
200 205 1
200 377 1
200 441 1
200 568 1
200 947 1
201 569 1
202 242 1
202 457 1
203 413 1
203 597 1
203 816 1
204 269 1
204 396 1
204 648 1
204 693 1
204 974 1
205 213 1
205 228 1
205 256 1
205 522 1
206 277 1
206 300 1
206 308 1
206 321 1
206 327 1
206 336 1
206 341 1
206 572 1
206 667 1
206 761 1
206 840 1
206 911 1
206 966 1
207 589 1
207 934 1
207 965 1
208 378 1
209 921 1
210 273 1
210 793 1
210 924 1
211 232 1
211 412 1
211 449 1
211 458 1
211 953 1
212 223 1
212 366 1
212 423 1
212 485 1
212 548 1
212 599 1
212 766 1
213 256 1
213 311 1
213 323 1
213 376 1
213 486 1
213 519 1
213 520 1
213 887 1
213 969 1
214 527 1
214 609 1
214 721 1
214 824 1
214 828 1
214 857 1
215 235 1
215 317 1
215 386 1
215 546 1
215 803 1
216 345 1
216 658 1
216 808 1
216 812 1
216 899 1
217 397 1
217 424 1
217 719 1
217 728 1
218 412 1
218 452 1
219 295 1
219 776 1
220 273 1
220 479 1
220 828 1
221 252 1
221 278 1
221 339 1
221 554 1
221 667 1
221 724 1
221 819 1
221 859 1
221 960 1
222 576 1
223 483 1
223 820 1
223 836 1
224 390 1
224 476 1
224 498 1
224 943 1
224 955 1
224 962 1
226 581 1
227 264 1
227 327 1
227 353 1
227 361 1
227 379 1
227 466 1
227 517 1
227 650 1
227 661 1
227 678 1
227 691 1
227 723 1
227 726 1
227 811 1
227 835 1
227 839 1
227 939 1
228 401 1
228 495 1
229 256 1
229 351 1
229 374 1
229 491 1
229 565 1
229 741 1
229 787 1
230 414 1
230 427 1
230 496 1
230 562 1
230 900 1
231 257 1
231 306 1
231 307 1
231 767 1
232 598 1
232 690 1
232 795 1
233 295 1
233 339 1
233 556 1
233 609 1
233 738 1
233 770 1
233 919 1
234 283 1
234 464 1
234 496 1
234 516 1
234 604 1
234 687 1
234 730 1
235 294 1
235 336 1
235 407 1
235 425 1
235 488 1
235 569 1
235 596 1
235 731 1
235 812 1
235 864 1
235 887 1
235 937 1
235 960 1
236 332 1
236 446 1
237 267 1
237 569 1
238 272 1
238 599 1
238 621 1
238 984 1
239 293 1
239 357 1
239 418 1
239 520 1
239 643 1
239 734 1
239 780 1
240 365 1
240 413 1
240 464 1
240 537 1
240 567 1
240 586 1
240 645 1
240 654 1
240 674 1
240 1000 1
241 444 1
241 501 1
241 549 1
241 577 1
242 411 1
242 574 1
242 637 1
242 716 1
242 807 1
242 875 1
242 907 1
242 933 1
243 791 1
244 733 1
245 532 1
245 540 1
246 282 1
246 441 1
246 456 1
246 863 1
247 286 1
247 406 1
247 438 1
247 474 1
247 671 1
249 297 1
249 358 1
249 614 1
249 978 1
250 251 1
250 359 1
250 727 1
251 265 1
251 472 1
251 727 1
251 904 1
251 956 1
252 287 1
252 578 1
252 595 1
252 626 1
252 748 1
252 880 1
253 415 1
253 450 1
253 635 1
253 818 1
254 284 1
254 285 1
254 472 1
254 591 1
254 796 1
255 684 1
255 860 1
255 886 1
256 311 1
256 328 1
256 709 1
257 368 1
257 775 1
257 780 1
257 989 1
258 292 1
258 768 1
258 845 1
258 881 1
259 416 1
259 734 1
259 885 1
259 946 1
260 582 1
260 764 1
260 792 1
261 430 1
261 947 1
262 371 1
262 379 1
262 430 1
262 487 1
262 527 1
262 640 1
262 729 1
262 818 1
263 334 1
263 480 1
263 546 1
263 694 1
263 999 1
264 401 1
264 949 1
265 270 1
265 450 1
265 466 1
265 553 1
265 568 1
265 604 1
265 700 1
265 731 1
265 811 1
265 945 1
266 316 1
266 328 1
266 478 1
266 481 1
266 714 1
266 958 1
267 382 1
267 502 1
267 851 1
267 963 1
268 327 1
268 435 1
268 658 1
268 677 1
269 273 1
269 509 1
269 566 1
269 576 1
270 321 1
270 453 1
270 553 1
270 653 1
270 843 1
270 992 1
271 402 1
271 613 1
271 854 1
272 430 1
272 461 1
272 748 1
272 816 1
273 371 1
273 993 1
274 449 1
274 941 1
275 778 1
276 314 1
276 585 1
277 412 1
277 428 1
277 527 1
277 547 1
277 566 1
277 631 1
277 970 1
278 286 1
278 345 1
278 351 1
278 392 1
278 423 1
278 526 1
278 629 1
278 659 1
278 757 1
278 789 1
278 876 1
278 918 1
278 985 1
279 729 1
279 802 1
280 420 1
280 934 1
281 378 1
281 394 1
281 422 1
281 529 1
281 564 1
282 376 1
282 471 1
282 585 1
282 752 1
282 839 1
282 917 1
282 931 1
283 303 1
283 449 1
283 516 1
283 618 1
283 790 1
284 298 1
284 413 1
284 688 1
284 729 1
284 977 1
285 610 1
285 639 1
285 688 1
285 689 1
285 792 1
285 862 1
285 983 1
286 297 1
286 601 1
287 538 1
287 640 1
287 925 1
288 962 1
289 292 1
289 374 1
289 417 1
289 453 1
290 682 1
290 896 1
290 897 1
290 970 1
291 303 1
291 523 1
291 559 1
291 714 1
291 725 1
291 889 1
291 926 1
291 996 1
292 338 1
292 558 1
292 592 1
292 617 1
292 628 1
293 321 1
293 355 1
293 809 1
294 355 1
294 929 1
295 494 1
295 532 1
295 645 1
297 358 1
298 322 1
298 659 1
298 752 1
298 959 1
299 746 1
300 831 1
300 963 1
301 416 1
301 440 1
301 526 1
301 851 1
302 636 1
303 340 1
303 386 1
303 621 1
305 333 1
305 433 1
305 455 1
305 542 1
305 819 1
306 380 1
306 391 1
306 550 1
306 616 1
306 619 1
306 667 1
307 311 1
307 353 1
307 735 1
307 914 1
309 349 1
309 431 1
309 447 1
309 600 1
309 820 1
309 833 1
309 836 1
309 928 1
309 993 1
310 819 1
311 574 1
311 931 1
312 675 1
313 340 1
314 708 1
315 742 1
316 433 1
316 677 1
316 707 1
317 411 1
318 346 1
318 713 1
319 356 1
319 388 1
320 402 1
320 625 1
321 736 1
321 880 1
321 966 1
322 677 1
322 735 1
324 628 1
324 694 1
324 912 1
324 978 1
324 986 1
325 383 1
325 588 1
325 594 1
325 689 1
325 756 1
326 660 1
329 565 1
329 575 1
329 758 1
329 914 1
330 573 1
330 677 1
330 843 1
331 416 1
332 508 1
332 522 1
332 832 1
333 664 1
333 930 1
334 435 1
334 563 1
334 789 1
334 831 1
334 922 1
335 358 1
335 403 1
335 461 1
335 653 1
335 777 1
336 425 1
337 879 1
338 782 1
338 821 1
338 918 1
339 527 1
340 436 1
340 503 1
340 535 1
340 605 1
340 826 1
340 832 1
341 365 1
341 908 1
342 378 1
342 551 1
342 604 1
343 362 1
343 868 1
344 542 1
345 427 1
345 764 1
345 839 1
345 940 1
346 480 1
346 584 1
347 619 1
348 394 1
348 613 1
348 742 1
349 656 1
349 715 1
350 511 1
350 579 1
350 593 1
350 715 1
350 808 1
350 999 1
351 380 1
351 408 1
351 629 1
351 789 1
351 804 1
353 432 1
353 827 1
354 436 1
354 459 1
354 460 1
354 671 1
354 825 1
354 978 1
355 451 1
355 682 1
355 952 1
356 402 1
356 711 1
357 928 1
358 601 1
358 824 1
358 835 1
359 464 1
359 550 1
359 804 1
359 990 1
360 716 1
360 893 1
361 371 1
361 492 1
361 922 1
362 781 1
363 941 1
364 694 1
364 769 1
364 843 1
365 389 1
365 600 1
366 409 1
366 877 1
367 412 1
367 476 1
367 934 1
368 538 1
368 594 1
368 875 1
369 429 1
369 442 1
369 482 1
369 616 1
369 647 1
369 806 1
369 986 1
370 411 1
370 554 1
370 672 1
370 696 1
370 972 1
371 518 1
371 543 1
371 848 1
372 479 1
372 510 1
372 533 1
372 646 1
373 410 1
373 753 1
373 846 1
373 895 1
374 507 1
374 631 1
374 801 1
375 982 1
376 394 1
376 398 1
376 544 1
376 562 1
377 525 1
377 704 1
378 564 1
379 470 1
379 506 1
379 683 1
381 409 1
381 679 1
383 463 1
384 683 1
384 739 1
385 427 1
385 602 1
385 658 1
385 748 1
386 389 1
386 400 1
386 402 1
386 468 1
386 505 1
386 537 1
386 616 1
386 621 1
386 720 1
386 758 1
386 759 1
386 886 1
386 917 1
386 929 1
386 936 1
387 458 1
387 486 1
387 766 1
387 879 1
387 988 1
388 755 1
388 874 1
389 484 1
389 800 1
390 704 1
390 831 1
390 884 1
390 993 1
391 712 1
391 736 1
391 774 1
392 445 1
392 462 1
392 492 1
392 598 1
392 707 1
392 807 1
393 413 1
393 515 1
393 526 1
393 533 1
393 582 1
394 595 1
395 425 1
397 457 1
397 519 1
398 447 1
398 477 1
398 523 1
398 534 1
398 603 1
398 809 1
399 588 1
399 657 1
401 639 1
401 695 1
401 722 1
402 827 1
402 871 1
402 882 1
404 448 1
404 601 1
407 672 1
407 705 1
407 850 1
407 907 1
408 502 1
408 700 1
409 592 1
409 698 1
410 602 1
410 762 1
410 773 1
411 428 1
411 483 1
411 517 1
411 563 1
411 793 1
411 909 1
411 959 1
412 549 1
413 488 1
413 603 1
413 642 1
413 1000 1
414 749 1
415 433 1
415 453 1
415 550 1
415 809 1
415 901 1
416 626 1
416 714 1
417 429 1
417 858 1
418 479 1
418 606 1
418 649 1
418 656 1
418 670 1
418 780 1
418 838 1
419 429 1
419 660 1
419 963 1
420 489 1
420 688 1
420 946 1
420 949 1
420 956 1
420 982 1
421 522 1
421 537 1
421 872 1
422 471 1
422 834 1
423 699 1
423 927 1
425 641 1
426 528 1
426 616 1
426 657 1
427 661 1
427 900 1
428 547 1
428 622 1
429 439 1
429 503 1
429 642 1
429 742 1
430 461 1
430 724 1
430 891 1
431 633 1
431 832 1
432 678 1
432 692 1
433 516 1
433 529 1
434 468 1
434 482 1
434 761 1
434 952 1
435 439 1
435 641 1
435 666 1
435 740 1
435 851 1
437 512 1
437 685 1
438 487 1
438 518 1
438 575 1
438 687 1
439 553 1
439 559 1
439 975 1
441 561 1
441 568 1
441 624 1
441 634 1
441 760 1
441 983 1
442 525 1
442 673 1
443 719 1
444 580 1
444 893 1
445 594 1
446 498 1
446 757 1
447 598 1
447 774 1
448 774 1
449 462 1
449 741 1
450 635 1
450 895 1
451 486 1
451 878 1
451 911 1
452 960 1
453 489 1
453 490 1
453 491 1
453 655 1
453 669 1
453 695 1
453 882 1
454 935 1
454 990 1
455 890 1
456 538 1
456 721 1
456 783 1
456 969 1
457 688 1
457 987 1
459 745 1
459 829 1
461 503 1
461 652 1
461 871 1
463 497 1
463 500 1
463 534 1
464 551 1
464 732 1
465 477 1
465 612 1
465 686 1
465 777 1
465 840 1
466 734 1
466 745 1
467 473 1
467 534 1
467 626 1
467 865 1
467 920 1
469 703 1
471 651 1
471 706 1
472 751 1
472 832 1
473 580 1
473 614 1
473 636 1
473 690 1
474 696 1
476 622 1
476 962 1
477 505 1
477 805 1
477 873 1
477 995 1
478 504 1
478 535 1
479 676 1
479 814 1
480 596 1
480 919 1
481 958 1
483 530 1
483 558 1
483 694 1
483 854 1
483 885 1
483 973 1
483 982 1
484 493 1
484 545 1
484 707 1
484 805 1
484 971 1
488 796 1
489 767 1
489 806 1
491 691 1
491 894 1
492 536 1
492 717 1
492 763 1
492 789 1
492 797 1
493 737 1
493 782 1
494 611 1
494 724 1
494 976 1
494 989 1
495 647 1
495 817 1
495 860 1
495 908 1
496 630 1
496 981 1
497 548 1
497 660 1
497 996 1
498 556 1
498 583 1
498 597 1
498 615 1
498 768 1
498 888 1
498 951 1
498 955 1
499 797 1
500 706 1
500 878 1
500 910 1
500 966 1
501 987 1
502 507 1
502 642 1
503 548 1
503 940 1
507 666 1
507 913 1
508 708 1
510 682 1
510 807 1
510 875 1
510 891 1
512 873 1
512 916 1
514 576 1
514 587 1
514 898 1
515 586 1
515 833 1
515 855 1
517 645 1
517 938 1
518 586 1
518 613 1
518 628 1
520 587 1
520 662 1
520 842 1
521 730 1
521 879 1
523 942 1
524 624 1
524 856 1
525 571 1
526 587 1
526 711 1
526 768 1
527 589 1
527 609 1
528 712 1
528 735 1
529 794 1
530 765 1
531 665 1
531 723 1
531 975 1
533 904 1
534 896 1
535 571 1
535 883 1
536 630 1
536 693 1
536 763 1
537 673 1
539 748 1
540 775 1
541 727 1
542 772 1
543 636 1
543 996 1
544 663 1
546 620 1
546 799 1
548 668 1
549 847 1
549 920 1
550 577 1
550 846 1
550 994 1
551 756 1
553 892 1
554 773 1
554 779 1
554 863 1
555 720 1
556 753 1
556 760 1
557 923 1
558 706 1
558 823 1
559 654 1
564 712 1
565 606 1
565 754 1
565 822 1
566 720 1
566 880 1
567 591 1
567 686 1
571 950 1
573 623 1
573 651 1
573 853 1
575 652 1
576 610 1
576 744 1
577 612 1
578 637 1
578 699 1
578 753 1
578 817 1
578 880 1
580 735 1
581 661 1
581 888 1
585 720 1
585 971 1
587 760 1
588 704 1
589 662 1
589 791 1
591 739 1
593 812 1
599 939 1
599 986 1
601 608 1
601 924 1
609 719 1
609 770 1
609 784 1
609 815 1
609 883 1
610 643 1
610 674 1
610 701 1
610 967 1
611 754 1
613 673 1
618 887 1
620 675 1
620 799 1
620 984 1
621 674 1
621 788 1
622 665 1
622 764 1
623 891 1
624 814 1
625 942 1
626 802 1
626 872 1
627 772 1
628 886 1
628 925 1
630 663 1
633 730 1
633 825 1
633 876 1
634 771 1
634 777 1
634 867 1
635 921 1
638 725 1
638 774 1
638 967 1
640 698 1
640 941 1
647 890 1
648 767 1
648 790 1
649 693 1
651 809 1
651 919 1
654 919 1
656 785 1
656 903 1
657 684 1
660 734 1
660 997 1
661 863 1
662 882 1
662 902 1
664 705 1
666 685 1
666 796 1
668 679 1
669 785 1
673 868 1
674 909 1
678 945 1
681 806 1
681 873 1
682 737 1
685 844 1
685 848 1
687 868 1
688 852 1
690 951 1
691 882 1
693 905 1
695 811 1
697 909 1
701 794 1
704 920 1
706 842 1
708 990 1
709 716 1
710 745 1
711 937 1
712 725 1
714 979 1
715 799 1
716 846 1
716 998 1
719 815 1
721 825 1
721 943 1
723 926 1
726 737 1
728 755 1
729 830 1
729 914 1
729 974 1
730 879 1
731 859 1
732 895 1
734 997 1
735 969 1
736 816 1
737 772 1
737 915 1
741 802 1
741 932 1
743 836 1
744 923 1
747 756 1
747 797 1
748 783 1
748 973 1
749 971 1
753 992 1
756 776 1
756 909 1
756 961 1
757 775 1
757 898 1
758 828 1
763 779 1
763 797 1
764 856 1
771 885 1
772 861 1
772 866 1
774 961 1
780 916 1
782 878 1
785 795 1
785 918 1
785 998 1
788 857 1
788 894 1
789 804 1
790 963 1
790 995 1
798 821 1
798 906 1
803 943 1
804 905 1
804 917 1
809 837 1
810 823 1
815 883 1
819 830 1
820 859 1
821 826 1
826 903 1
827 875 1
827 953 1
827 984 1
830 839 1
833 836 1
833 905 1
833 925 1
833 957 1
835 958 1
837 944 1
842 912 1
843 933 1
844 848 1
846 994 1
849 940 1
851 863 1
851 884 1
851 933 1
852 927 1
859 923 1
864 887 1
864 890 1
864 949 1
867 877 1
867 890 1
867 894 1
868 943 1
868 964 1
872 956 1
873 937 1
879 946 1
884 988 1
888 977 1
892 970 1
907 926 1
909 935 1
912 937 1
914 974 1
915 976 1
931 979 1
944 990 1
953 1000 1
960 976 1
978 981 1
