1300 5184 
1 5 1
1 6 1
1 7 1
1 10 1
1 13 1
1 18 1
1 29 1
1 56 1
1 57 1
1 66 1
1 68 1
1 89 1
1 185 1
1 206 1
1 216 1
1 225 1
1 227 1
1 272 1
1 273 1
1 310 1
1 342 1
1 358 1
1 377 1
1 385 1
1 466 1
1 522 1
1 564 1
1 583 1
1 617 1
1 699 1
1 751 1
1 792 1
1 896 1
1 899 1
1 978 1
1 1054 1
1 1060 1
1 1203 1
2 5 1
2 11 1
2 14 1
2 15 1
2 16 1
2 31 1
2 38 1
2 39 1
2 41 1
2 42 1
2 112 1
2 118 1
2 151 1
2 187 1
2 190 1
2 196 1
2 212 1
2 242 1
2 285 1
2 290 1
2 298 1
2 308 1
2 334 1
2 369 1
2 427 1
2 448 1
2 477 1
2 536 1
2 538 1
2 571 1
2 573 1
2 597 1
2 635 1
2 697 1
2 723 1
2 773 1
2 800 1
2 829 1
2 899 1
2 928 1
2 948 1
2 993 1
2 998 1
2 1006 1
2 1042 1
2 1122 1
2 1295 1
3 5 1
3 6 1
3 8 1
3 9 1
3 15 1
3 20 1
3 21 1
3 23 1
3 26 1
3 32 1
3 35 1
3 40 1
3 60 1
3 64 1
3 69 1
3 70 1
3 74 1
3 93 1
3 114 1
3 116 1
3 118 1
3 130 1
3 140 1
3 152 1
3 154 1
3 158 1
3 164 1
3 170 1
3 203 1
3 273 1
3 288 1
3 325 1
3 363 1
3 382 1
3 405 1
3 407 1
3 419 1
3 425 1
3 445 1
3 452 1
3 462 1
3 464 1
3 468 1
3 487 1
3 488 1
3 499 1
3 555 1
3 594 1
3 603 1
3 607 1
3 609 1
3 655 1
3 681 1
3 706 1
3 739 1
3 754 1
3 758 1
3 818 1
3 845 1
3 875 1
3 916 1
3 953 1
3 973 1
3 975 1
3 1035 1
3 1046 1
3 1095 1
3 1107 1
3 1195 1
3 1287 1
4 5 1
4 6 1
4 7 1
4 8 1
4 10 1
4 11 1
4 13 1
4 14 1
4 15 1
4 16 1
4 27 1
4 29 1
4 60 1
4 61 1
4 63 1
4 66 1
4 69 1
4 79 1
4 83 1
4 102 1
4 126 1
4 156 1
4 157 1
4 173 1
4 186 1
4 205 1
4 242 1
4 250 1
4 266 1
4 284 1
4 301 1
4 313 1
4 327 1
4 355 1
4 364 1
4 393 1
4 438 1
4 450 1
4 456 1
4 472 1
4 479 1
4 491 1
4 511 1
4 517 1
4 569 1
4 611 1
4 617 1
4 692 1
4 693 1
4 728 1
4 760 1
4 761 1
4 806 1
4 833 1
4 850 1
4 860 1
4 876 1
4 908 1
4 959 1
4 970 1
4 986 1
4 1066 1
4 1156 1
4 1163 1
4 1167 1
4 1187 1
4 1213 1
4 1292 1
5 6 1
5 7 1
5 9 1
5 10 1
5 11 1
5 12 1
5 16 1
5 17 1
5 18 1
5 19 1
5 20 1
5 23 1
5 24 1
5 30 1
5 31 1
5 32 1
5 34 1
5 35 1
5 40 1
5 56 1
5 62 1
5 65 1
5 80 1
5 81 1
5 90 1
5 103 1
5 116 1
5 121 1
5 124 1
5 128 1
5 133 1
5 140 1
5 146 1
5 151 1
5 170 1
5 171 1
5 182 1
5 191 1
5 201 1
5 206 1
5 217 1
5 219 1
5 236 1
5 267 1
5 287 1
5 295 1
5 307 1
5 308 1
5 345 1
5 347 1
5 351 1
5 366 1
5 379 1
5 385 1
5 404 1
5 417 1
5 429 1
5 438 1
5 452 1
5 472 1
5 483 1
5 508 1
5 521 1
5 537 1
5 549 1
5 557 1
5 558 1
5 577 1
5 638 1
5 641 1
5 683 1
5 689 1
5 704 1
5 708 1
5 716 1
5 728 1
5 730 1
5 737 1
5 774 1
5 778 1
5 817 1
5 867 1
5 886 1
5 897 1
5 907 1
5 914 1
5 919 1
5 932 1
5 940 1
5 954 1
5 983 1
5 1032 1
5 1063 1
5 1078 1
5 1105 1
5 1108 1
5 1123 1
5 1153 1
5 1176 1
5 1183 1
5 1184 1
5 1185 1
5 1189 1
5 1239 1
5 1253 1
5 1293 1
6 7 1
6 8 1
6 10 1
6 13 1
6 19 1
6 22 1
6 46 1
6 52 1
6 67 1
6 68 1
6 71 1
6 77 1
6 85 1
6 113 1
6 121 1
6 123 1
6 145 1
6 150 1
6 160 1
6 183 1
6 206 1
6 210 1
6 215 1
6 253 1
6 262 1
6 295 1
6 302 1
6 327 1
6 341 1
6 348 1
6 354 1
6 356 1
6 376 1
6 416 1
6 422 1
6 429 1
6 436 1
6 447 1
6 575 1
6 597 1
6 685 1
6 756 1
6 760 1
6 804 1
6 848 1
6 881 1
6 940 1
6 945 1
6 964 1
6 994 1
6 1013 1
6 1024 1
6 1104 1
6 1107 1
6 1117 1
6 1160 1
6 1192 1
6 1212 1
6 1248 1
7 8 1
7 9 1
7 14 1
7 17 1
7 21 1
7 25 1
7 37 1
7 46 1
7 53 1
7 62 1
7 74 1
7 79 1
7 86 1
7 90 1
7 92 1
7 99 1
7 100 1
7 114 1
7 127 1
7 169 1
7 191 1
7 219 1
7 233 1
7 264 1
7 332 1
7 333 1
7 335 1
7 383 1
7 437 1
7 516 1
7 565 1
7 605 1
7 639 1
7 703 1
7 733 1
7 766 1
7 819 1
7 880 1
7 979 1
7 982 1
7 1033 1
7 1045 1
7 1074 1
7 1106 1
7 1240 1
7 1265 1
8 9 1
8 11 1
8 12 1
8 27 1
8 30 1
8 42 1
8 43 1
8 50 1
8 61 1
8 73 1
8 125 1
8 241 1
8 273 1
8 306 1
8 337 1
8 380 1
8 427 1
8 493 1
8 498 1
8 544 1
8 582 1
8 633 1
8 651 1
8 666 1
8 687 1
8 763 1
8 856 1
8 874 1
8 897 1
8 997 1
8 999 1
8 1061 1
8 1145 1
8 1247 1
8 1294 1
9 12 1
9 15 1
9 17 1
9 18 1
9 48 1
9 56 1
9 57 1
9 72 1
9 78 1
9 82 1
9 98 1
9 108 1
9 115 1
9 131 1
9 173 1
9 188 1
9 193 1
9 194 1
9 200 1
9 212 1
9 218 1
9 230 1
9 233 1
9 251 1
9 254 1
9 286 1
9 324 1
9 378 1
9 459 1
9 479 1
9 487 1
9 495 1
9 515 1
9 532 1
9 539 1
9 570 1
9 585 1
9 722 1
9 728 1
9 758 1
9 759 1
9 763 1
9 770 1
9 783 1
9 819 1
9 829 1
9 863 1
9 888 1
9 903 1
9 910 1
9 926 1
9 940 1
9 1007 1
9 1008 1
9 1056 1
9 1065 1
9 1074 1
9 1260 1
9 1289 1
9 1290 1
10 12 1
10 22 1
10 23 1
10 30 1
10 33 1
10 38 1
10 45 1
10 46 1
10 47 1
10 50 1
10 55 1
10 63 1
10 67 1
10 72 1
10 85 1
10 86 1
10 110 1
10 124 1
10 141 1
10 162 1
10 183 1
10 203 1
10 221 1
10 258 1
10 267 1
10 275 1
10 285 1
10 288 1
10 294 1
10 316 1
10 353 1
10 368 1
10 373 1
10 426 1
10 435 1
10 456 1
10 458 1
10 480 1
10 503 1
10 512 1
10 619 1
10 654 1
10 678 1
10 717 1
10 766 1
10 790 1
10 822 1
10 883 1
10 919 1
10 922 1
10 930 1
10 959 1
10 1017 1
10 1056 1
10 1098 1
10 1152 1
10 1169 1
11 16 1
11 17 1
11 19 1
11 71 1
11 82 1
11 103 1
11 129 1
11 177 1
11 186 1
11 217 1
11 234 1
11 261 1
11 292 1
11 307 1
11 314 1
11 327 1
11 364 1
11 411 1
11 539 1
11 598 1
11 607 1
11 609 1
11 726 1
11 820 1
11 836 1
11 894 1
11 924 1
11 941 1
11 944 1
11 997 1
11 1078 1
11 1083 1
11 1245 1
11 1252 1
12 13 1
12 27 1
12 33 1
12 39 1
12 48 1
12 52 1
12 55 1
12 58 1
12 74 1
12 81 1
12 94 1
12 97 1
12 101 1
12 156 1
12 158 1
12 175 1
12 178 1
12 207 1
12 210 1
12 300 1
12 340 1
12 373 1
12 374 1
12 420 1
12 470 1
12 477 1
12 485 1
12 550 1
12 580 1
12 594 1
12 604 1
12 639 1
12 645 1
12 654 1
12 661 1
12 745 1
12 746 1
12 776 1
12 781 1
12 906 1
12 950 1
12 986 1
12 1052 1
12 1117 1
12 1126 1
12 1149 1
12 1188 1
12 1233 1
12 1280 1
13 14 1
13 20 1
13 21 1
13 34 1
13 36 1
13 45 1
13 47 1
13 67 1
13 68 1
13 76 1
13 103 1
13 134 1
13 142 1
13 145 1
13 154 1
13 166 1
13 188 1
13 204 1
13 220 1
13 238 1
13 304 1
13 309 1
13 314 1
13 321 1
13 395 1
13 422 1
13 434 1
13 464 1
13 520 1
13 522 1
13 541 1
13 563 1
13 570 1
13 588 1
13 603 1
13 625 1
13 646 1
13 698 1
13 742 1
13 756 1
13 770 1
13 773 1
13 833 1
13 895 1
13 984 1
13 1034 1
13 1036 1
13 1073 1
13 1087 1
13 1260 1
14 18 1
14 20 1
14 22 1
14 26 1
14 32 1
14 38 1
14 39 1
14 54 1
14 58 1
14 61 1
14 64 1
14 70 1
14 74 1
14 78 1
14 79 1
14 88 1
14 91 1
14 92 1
14 93 1
14 94 1
14 99 1
14 105 1
14 111 1
14 133 1
14 152 1
14 153 1
14 161 1
14 171 1
14 197 1
14 205 1
14 209 1
14 211 1
14 323 1
14 324 1
14 329 1
14 350 1
14 367 1
14 398 1
14 435 1
14 440 1
14 468 1
14 497 1
14 498 1
14 504 1
14 515 1
14 526 1
14 564 1
14 579 1
14 634 1
14 708 1
14 729 1
14 758 1
14 780 1
14 794 1
14 798 1
14 862 1
14 911 1
14 912 1
14 933 1
14 934 1
14 962 1
14 979 1
14 980 1
14 982 1
14 1078 1
14 1106 1
14 1124 1
14 1126 1
14 1131 1
14 1260 1
15 98 1
15 159 1
15 165 1
15 180 1
15 194 1
15 198 1
15 227 1
15 255 1
15 262 1
15 271 1
15 284 1
15 467 1
15 559 1
15 578 1
15 602 1
15 666 1
15 679 1
15 783 1
15 834 1
15 924 1
15 969 1
15 1116 1
15 1222 1
16 19 1
16 25 1
16 28 1
16 44 1
16 48 1
16 50 1
16 53 1
16 55 1
16 63 1
16 69 1
16 71 1
16 141 1
16 164 1
16 302 1
16 383 1
16 545 1
16 607 1
16 629 1
16 735 1
16 782 1
16 810 1
16 934 1
16 1012 1
16 1050 1
16 1289 1
17 21 1
17 33 1
17 41 1
17 43 1
17 88 1
17 94 1
17 115 1
17 118 1
17 149 1
17 161 1
17 213 1
17 228 1
17 239 1
17 256 1
17 275 1
17 282 1
17 315 1
17 329 1
17 406 1
17 473 1
17 500 1
17 613 1
17 633 1
17 676 1
17 753 1
17 762 1
17 768 1
17 806 1
17 874 1
17 902 1
17 966 1
17 981 1
17 993 1
17 1066 1
17 1112 1
17 1122 1
17 1141 1
17 1150 1
17 1187 1
17 1224 1
17 1280 1
18 24 1
18 27 1
18 43 1
18 55 1
18 57 1
18 59 1
18 68 1
18 73 1
18 93 1
18 102 1
18 115 1
18 119 1
18 122 1
18 142 1
18 216 1
18 233 1
18 280 1
18 293 1
18 318 1
18 324 1
18 337 1
18 379 1
18 394 1
18 397 1
18 493 1
18 496 1
18 497 1
18 568 1
18 602 1
18 618 1
18 628 1
18 645 1
18 663 1
18 664 1
18 705 1
18 750 1
18 828 1
18 921 1
18 926 1
18 961 1
18 1003 1
18 1040 1
18 1171 1
18 1181 1
18 1220 1
19 24 1
19 28 1
19 45 1
19 47 1
19 51 1
19 63 1
19 78 1
19 135 1
19 148 1
19 166 1
19 235 1
19 270 1
19 275 1
19 315 1
19 338 1
19 396 1
19 409 1
19 432 1
19 463 1
19 507 1
19 612 1
19 712 1
19 715 1
19 817 1
19 833 1
19 1073 1
19 1129 1
19 1289 1
20 23 1
20 24 1
20 25 1
20 31 1
20 34 1
20 37 1
20 49 1
20 70 1
20 118 1
20 170 1
20 171 1
20 197 1
20 198 1
20 199 1
20 214 1
20 221 1
20 247 1
20 406 1
20 412 1
20 461 1
20 476 1
20 513 1
20 522 1
20 592 1
20 630 1
20 632 1
20 635 1
20 671 1
20 719 1
20 738 1
20 834 1
20 839 1
20 857 1
20 894 1
20 972 1
20 991 1
20 1008 1
20 1016 1
20 1017 1
20 1072 1
20 1082 1
20 1113 1
20 1137 1
20 1142 1
20 1176 1
20 1237 1
20 1277 1
20 1278 1
20 1286 1
20 1292 1
21 22 1
21 26 1
21 29 1
21 31 1
21 33 1
21 76 1
21 84 1
21 102 1
21 106 1
21 115 1
21 117 1
21 138 1
21 144 1
21 147 1
21 176 1
21 188 1
21 191 1
21 193 1
21 210 1
21 233 1
21 250 1
21 292 1
21 321 1
21 381 1
21 396 1
21 435 1
21 453 1
21 486 1
21 531 1
21 534 1
21 551 1
21 566 1
21 571 1
21 581 1
21 613 1
21 641 1
21 715 1
21 742 1
21 822 1
21 873 1
21 979 1
21 1043 1
21 1132 1
21 1134 1
21 1191 1
21 1273 1
22 29 1
22 30 1
22 51 1
22 70 1
22 72 1
22 76 1
22 85 1
22 107 1
22 113 1
22 116 1
22 166 1
22 182 1
22 183 1
22 193 1
22 196 1
22 211 1
22 216 1
22 246 1
22 248 1
22 255 1
22 266 1
22 278 1
22 280 1
22 281 1
22 293 1
22 347 1
22 362 1
22 371 1
22 379 1
22 432 1
22 437 1
22 439 1
22 441 1
22 445 1
22 448 1
22 471 1
22 531 1
22 537 1
22 622 1
22 634 1
22 638 1
22 639 1
22 645 1
22 648 1
22 693 1
22 727 1
22 742 1
22 759 1
22 763 1
22 791 1
22 794 1
22 808 1
22 854 1
22 923 1
22 929 1
22 957 1
22 989 1
22 1005 1
22 1095 1
22 1109 1
22 1132 1
22 1138 1
22 1201 1
22 1211 1
22 1218 1
22 1231 1
23 36 1
23 62 1
23 90 1
23 97 1
23 105 1
23 130 1
23 143 1
23 201 1
23 235 1
23 320 1
23 342 1
23 417 1
23 1184 1
23 1251 1
24 25 1
24 26 1
24 28 1
24 32 1
24 43 1
24 84 1
24 87 1
24 98 1
24 105 1
24 120 1
24 145 1
24 238 1
24 241 1
24 246 1
24 257 1
24 306 1
24 363 1
24 385 1
24 455 1
24 474 1
24 663 1
24 696 1
24 731 1
24 787 1
24 1025 1
25 80 1
25 91 1
25 110 1
25 126 1
25 131 1
25 132 1
25 146 1
25 179 1
25 276 1
25 286 1
25 332 1
25 349 1
25 409 1
25 454 1
25 463 1
25 521 1
25 595 1
25 735 1
25 971 1
25 1080 1
25 1154 1
25 1161 1
25 1249 1
26 28 1
26 37 1
26 40 1
26 53 1
26 54 1
26 75 1
26 104 1
26 107 1
26 167 1
26 178 1
26 180 1
26 253 1
26 257 1
26 263 1
26 291 1
26 346 1
26 405 1
26 420 1
26 517 1
26 523 1
26 524 1
26 559 1
26 653 1
26 757 1
26 815 1
26 859 1
26 861 1
26 911 1
26 914 1
26 983 1
26 1100 1
26 1199 1
26 1223 1
27 824 1
27 1214 1
28 35 1
28 40 1
28 41 1
28 47 1
28 59 1
28 135 1
28 169 1
28 174 1
28 177 1
28 181 1
28 202 1
28 210 1
28 214 1
28 234 1
28 245 1
28 256 1
28 271 1
28 312 1
28 313 1
28 330 1
28 331 1
28 352 1
28 375 1
28 503 1
28 524 1
28 525 1
28 549 1
28 553 1
28 559 1
28 579 1
28 612 1
28 635 1
28 644 1
28 660 1
28 675 1
28 691 1
28 695 1
28 723 1
28 726 1
28 754 1
28 767 1
28 777 1
28 808 1
28 868 1
28 922 1
28 965 1
28 1040 1
28 1041 1
28 1091 1
28 1100 1
28 1102 1
28 1140 1
28 1142 1
28 1188 1
28 1216 1
28 1255 1
28 1298 1
29 35 1
29 37 1
29 75 1
29 93 1
29 127 1
29 470 1
29 583 1
29 761 1
29 1241 1
29 1244 1
29 1295 1
30 34 1
30 46 1
30 49 1
30 50 1
30 51 1
30 52 1
30 58 1
30 65 1
30 66 1
30 76 1
30 95 1
30 117 1
30 152 1
30 164 1
30 179 1
30 241 1
30 284 1
30 307 1
30 333 1
30 365 1
30 413 1
30 446 1
30 462 1
30 470 1
30 483 1
30 546 1
30 552 1
30 568 1
30 647 1
30 684 1
30 694 1
30 707 1
30 772 1
30 804 1
30 819 1
30 824 1
30 849 1
30 850 1
30 919 1
30 986 1
30 989 1
30 1016 1
30 1029 1
30 1039 1
30 1063 1
30 1090 1
30 1109 1
30 1202 1
30 1210 1
30 1216 1
30 1236 1
31 36 1
31 82 1
31 95 1
31 128 1
31 143 1
31 249 1
31 262 1
31 270 1
31 286 1
31 346 1
31 416 1
31 534 1
31 541 1
31 542 1
31 554 1
31 863 1
31 1157 1
31 1198 1
32 39 1
32 125 1
32 173 1
32 405 1
32 871 1
32 1151 1
32 1170 1
32 1256 1
33 41 1
33 42 1
33 44 1
33 57 1
33 59 1
33 64 1
33 104 1
33 139 1
33 300 1
33 301 1
33 318 1
33 365 1
33 370 1
33 610 1
33 952 1
33 1127 1
33 1218 1
33 1275 1
34 56 1
34 103 1
34 318 1
34 755 1
34 982 1
35 36 1
35 150 1
35 224 1
35 305 1
35 331 1
35 380 1
35 413 1
35 501 1
35 583 1
35 623 1
35 624 1
35 631 1
35 1014 1
35 1114 1
35 1237 1
35 1300 1
36 38 1
36 42 1
36 73 1
36 96 1
36 101 1
36 226 1
36 278 1
36 294 1
36 308 1
36 326 1
36 377 1
36 615 1
36 662 1
36 692 1
36 710 1
36 758 1
36 812 1
36 1012 1
36 1180 1
37 49 1
37 86 1
37 128 1
37 147 1
37 264 1
37 310 1
37 349 1
37 368 1
37 412 1
37 426 1
37 578 1
37 588 1
37 625 1
37 653 1
37 655 1
37 663 1
37 786 1
37 834 1
37 879 1
37 1254 1
38 51 1
38 65 1
38 83 1
38 87 1
38 108 1
38 113 1
38 125 1
38 189 1
38 192 1
38 267 1
38 304 1
38 346 1
38 432 1
38 530 1
38 614 1
38 622 1
38 643 1
38 658 1
38 824 1
38 904 1
38 987 1
38 1193 1
39 80 1
39 201 1
39 251 1
39 360 1
39 550 1
39 875 1
39 1030 1
39 1068 1
39 1273 1
40 45 1
40 135 1
40 143 1
40 149 1
40 176 1
40 241 1
40 252 1
40 283 1
40 309 1
40 358 1
40 379 1
40 444 1
40 500 1
40 505 1
40 510 1
40 543 1
40 568 1
40 615 1
40 628 1
40 662 1
40 667 1
40 927 1
40 977 1
41 44 1
41 60 1
41 75 1
41 192 1
41 665 1
41 686 1
41 774 1
41 795 1
41 851 1
41 910 1
41 1102 1
41 1150 1
41 1176 1
41 1257 1
42 44 1
42 49 1
42 54 1
42 77 1
42 83 1
42 133 1
42 168 1
42 174 1
42 177 1
42 209 1
42 222 1
42 227 1
42 232 1
42 258 1
42 269 1
42 294 1
42 384 1
42 392 1
42 403 1
42 414 1
42 454 1
42 490 1
42 528 1
42 595 1
42 652 1
42 677 1
42 811 1
42 825 1
42 951 1
42 1132 1
42 1183 1
42 1243 1
42 1262 1
43 53 1
43 80 1
43 92 1
43 102 1
43 111 1
43 113 1
43 124 1
43 132 1
43 143 1
43 159 1
43 162 1
43 277 1
43 281 1
43 309 1
43 322 1
43 332 1
43 336 1
43 408 1
43 465 1
43 509 1
43 615 1
43 655 1
43 673 1
43 720 1
43 778 1
43 785 1
43 877 1
43 900 1
44 64 1
44 86 1
44 89 1
44 96 1
44 137 1
44 151 1
44 156 1
44 169 1
44 243 1
44 254 1
44 299 1
44 302 1
44 380 1
44 451 1
44 467 1
44 488 1
44 625 1
44 661 1
44 702 1
44 740 1
44 956 1
44 1089 1
44 1097 1
44 1128 1
45 84 1
45 136 1
45 194 1
45 221 1
45 301 1
45 316 1
45 368 1
45 414 1
45 535 1
45 571 1
45 586 1
45 681 1
45 895 1
45 1077 1
45 1087 1
45 1226 1
45 1243 1
46 52 1
46 107 1
46 120 1
46 176 1
46 235 1
46 465 1
46 852 1
46 854 1
46 887 1
46 1067 1
46 1100 1
46 1131 1
47 48 1
47 104 1
47 149 1
47 250 1
47 255 1
47 321 1
47 378 1
47 386 1
47 664 1
47 941 1
47 1205 1
47 1212 1
48 59 1
48 78 1
48 106 1
48 120 1
48 121 1
48 126 1
48 146 1
48 185 1
48 220 1
48 223 1
48 224 1
48 278 1
48 280 1
48 281 1
48 289 1
48 353 1
48 368 1
48 388 1
48 391 1
48 546 1
48 642 1
48 651 1
48 769 1
48 873 1
48 1079 1
48 1201 1
48 1202 1
48 1274 1
49 67 1
49 81 1
49 96 1
49 136 1
49 163 1
49 228 1
49 268 1
49 355 1
49 363 1
49 401 1
49 440 1
49 501 1
49 608 1
49 692 1
49 770 1
49 792 1
49 825 1
49 827 1
49 884 1
49 893 1
49 1058 1
49 1093 1
49 1117 1
50 66 1
50 71 1
50 94 1
50 101 1
50 137 1
50 140 1
50 180 1
50 224 1
50 299 1
50 375 1
50 391 1
50 409 1
50 418 1
50 425 1
50 458 1
50 464 1
50 589 1
50 629 1
50 648 1
50 688 1
50 809 1
50 974 1
50 1034 1
50 1048 1
50 1065 1
50 1082 1
50 1089 1
50 1153 1
50 1160 1
50 1197 1
50 1269 1
50 1285 1
50 1298 1
51 58 1
51 72 1
51 135 1
51 165 1
51 220 1
51 340 1
51 361 1
51 427 1
51 478 1
51 710 1
51 740 1
51 1024 1
51 1108 1
52 77 1
52 90 1
52 107 1
52 116 1
52 160 1
52 167 1
52 195 1
52 199 1
52 214 1
52 232 1
52 404 1
52 410 1
52 413 1
52 422 1
52 434 1
52 560 1
52 563 1
52 580 1
52 585 1
52 604 1
52 617 1
52 672 1
52 864 1
52 892 1
52 1055 1
52 1095 1
52 1096 1
52 1108 1
52 1128 1
52 1130 1
53 54 1
53 91 1
53 105 1
53 106 1
53 122 1
53 128 1
53 256 1
53 319 1
53 338 1
53 401 1
53 630 1
54 179 1
54 196 1
54 254 1
54 261 1
54 384 1
54 387 1
54 456 1
54 461 1
54 498 1
54 514 1
54 519 1
54 538 1
54 591 1
54 625 1
54 640 1
54 691 1
54 706 1
54 806 1
54 919 1
54 1038 1
54 1062 1
54 1120 1
54 1270 1
55 62 1
55 114 1
55 203 1
55 245 1
55 302 1
55 326 1
55 382 1
55 408 1
55 433 1
55 486 1
55 602 1
55 709 1
55 869 1
55 1179 1
55 1208 1
55 1235 1
56 60 1
56 61 1
56 73 1
56 77 1
56 87 1
56 100 1
56 131 1
56 136 1
56 202 1
56 252 1
56 295 1
56 647 1
56 652 1
56 858 1
56 860 1
56 961 1
56 999 1
56 1183 1
56 1223 1
56 1235 1
57 81 1
57 99 1
57 142 1
57 219 1
57 247 1
57 276 1
57 362 1
57 496 1
57 505 1
57 547 1
57 605 1
57 608 1
57 663 1
57 721 1
57 960 1
57 976 1
57 1001 1
57 1047 1
57 1067 1
57 1095 1
57 1123 1
57 1133 1
57 1198 1
58 75 1
58 92 1
58 95 1
58 112 1
58 152 1
58 155 1
58 184 1
58 200 1
58 234 1
58 253 1
58 285 1
58 311 1
58 322 1
58 323 1
58 376 1
58 427 1
58 528 1
58 573 1
58 746 1
58 757 1
58 888 1
58 1061 1
58 1140 1
58 1222 1
58 1249 1
58 1290 1
59 101 1
59 174 1
59 208 1
59 228 1
59 330 1
59 532 1
59 613 1
59 637 1
59 757 1
59 953 1
59 1003 1
59 1036 1
59 1057 1
59 1088 1
59 1142 1
59 1204 1
60 79 1
60 185 1
60 237 1
60 264 1
60 348 1
60 352 1
60 357 1
60 374 1
60 384 1
60 391 1
60 438 1
60 460 1
60 538 1
60 632 1
60 646 1
60 684 1
60 847 1
60 1173 1
61 110 1
61 184 1
61 221 1
61 262 1
61 283 1
61 371 1
61 530 1
61 651 1
61 787 1
61 795 1
61 955 1
61 1168 1
61 1267 1
62 125 1
62 148 1
62 174 1
62 175 1
62 178 1
62 200 1
62 276 1
62 282 1
62 303 1
62 316 1
62 329 1
62 330 1
62 366 1
62 393 1
62 402 1
62 450 1
62 453 1
62 457 1
62 504 1
62 506 1
62 558 1
62 660 1
62 699 1
62 711 1
62 741 1
62 772 1
62 851 1
62 863 1
62 900 1
62 947 1
62 1134 1
62 1245 1
62 1262 1
62 1269 1
63 65 1
63 119 1
63 138 1
63 150 1
63 165 1
63 197 1
63 225 1
63 278 1
63 290 1
63 305 1
63 389 1
63 407 1
63 449 1
63 457 1
63 537 1
63 552 1
63 634 1
63 673 1
63 779 1
63 829 1
63 831 1
63 884 1
63 904 1
63 941 1
63 976 1
63 1021 1
63 1053 1
63 1253 1
64 89 1
64 98 1
64 345 1
64 687 1
65 104 1
65 119 1
65 149 1
65 155 1
65 186 1
65 245 1
65 352 1
65 472 1
65 536 1
65 552 1
65 740 1
65 851 1
65 972 1
66 328 1
66 360 1
66 390 1
66 580 1
66 614 1
66 628 1
66 963 1
66 1158 1
66 1210 1
66 1277 1
66 1296 1
67 69 1
67 89 1
67 109 1
67 117 1
67 249 1
67 291 1
67 347 1
67 468 1
67 728 1
67 732 1
67 790 1
67 813 1
67 855 1
67 904 1
67 1188 1
67 1246 1
68 82 1
68 129 1
68 225 1
68 240 1
68 318 1
68 389 1
68 398 1
68 422 1
68 438 1
68 461 1
68 520 1
68 525 1
68 584 1
68 661 1
68 705 1
68 748 1
68 764 1
68 778 1
68 793 1
68 905 1
68 947 1
68 998 1
68 1103 1
68 1181 1
68 1246 1
69 187 1
69 198 1
69 239 1
69 277 1
69 371 1
69 462 1
69 535 1
69 724 1
69 727 1
69 1058 1
69 1166 1
69 1192 1
70 146 1
70 164 1
70 222 1
70 228 1
70 416 1
70 685 1
70 707 1
70 738 1
70 1077 1
71 150 1
71 168 1
71 622 1
71 632 1
71 798 1
71 915 1
71 942 1
72 112 1
72 121 1
72 148 1
72 172 1
72 238 1
72 273 1
72 297 1
72 335 1
72 551 1
72 794 1
72 829 1
72 950 1
72 1103 1
72 1185 1
72 1219 1
73 91 1
73 177 1
73 192 1
73 441 1
73 488 1
73 587 1
73 715 1
74 83 1
74 85 1
74 137 1
74 144 1
74 260 1
74 300 1
74 310 1
74 343 1
74 387 1
74 430 1
74 492 1
74 708 1
74 732 1
74 802 1
74 822 1
74 866 1
74 946 1
74 1070 1
74 1096 1
74 1097 1
74 1163 1
74 1244 1
74 1300 1
75 130 1
75 184 1
75 202 1
75 219 1
75 412 1
75 518 1
75 546 1
75 726 1
75 730 1
75 746 1
75 1005 1
75 1205 1
76 87 1
76 147 1
76 270 1
76 274 1
76 316 1
76 317 1
76 508 1
76 577 1
76 893 1
76 1163 1
77 100 1
77 168 1
77 229 1
77 231 1
77 247 1
77 1112 1
77 1274 1
78 160 1
78 229 1
78 610 1
78 626 1
78 694 1
78 889 1
79 127 1
79 291 1
79 574 1
79 620 1
79 621 1
79 755 1
79 790 1
79 808 1
79 945 1
79 987 1
79 1032 1
79 1162 1
80 97 1
80 110 1
80 124 1
80 136 1
80 167 1
80 244 1
80 250 1
80 334 1
80 377 1
80 443 1
80 460 1
80 539 1
80 542 1
80 545 1
80 576 1
80 587 1
80 737 1
80 891 1
80 898 1
80 1019 1
80 1051 1
80 1124 1
80 1213 1
81 175 1
81 198 1
81 398 1
81 450 1
81 489 1
81 672 1
81 816 1
81 825 1
81 833 1
81 882 1
81 902 1
81 907 1
81 912 1
81 932 1
82 84 1
82 88 1
82 109 1
82 173 1
82 186 1
82 195 1
82 220 1
82 223 1
82 277 1
82 320 1
82 334 1
82 394 1
82 461 1
82 473 1
82 575 1
82 580 1
82 733 1
82 1014 1
82 1033 1
82 1058 1
82 1121 1
82 1177 1
82 1212 1
83 108 1
83 268 1
83 284 1
83 299 1
83 375 1
83 528 1
83 540 1
83 550 1
83 680 1
83 717 1
83 969 1
83 1101 1
84 95 1
84 109 1
84 119 1
84 120 1
84 139 1
84 204 1
84 226 1
84 260 1
84 265 1
84 339 1
84 469 1
84 536 1
84 574 1
84 726 1
84 751 1
84 798 1
84 826 1
84 1094 1
84 1159 1
84 1254 1
84 1259 1
85 88 1
85 117 1
85 154 1
85 204 1
85 342 1
85 456 1
85 500 1
85 545 1
85 584 1
85 649 1
85 772 1
85 876 1
85 1057 1
86 114 1
86 240 1
86 269 1
86 367 1
86 502 1
86 601 1
86 606 1
86 735 1
86 739 1
86 782 1
86 868 1
86 872 1
86 926 1
86 953 1
86 1158 1
86 1278 1
87 147 1
87 157 1
87 286 1
87 592 1
87 700 1
87 891 1
87 1249 1
88 106 1
88 112 1
88 123 1
88 169 1
88 208 1
88 289 1
88 339 1
88 344 1
88 353 1
88 425 1
88 449 1
88 457 1
88 494 1
88 495 1
88 561 1
88 680 1
88 693 1
88 782 1
88 836 1
88 917 1
88 964 1
88 965 1
88 1052 1
88 1071 1
88 1154 1
88 1207 1
89 99 1
89 218 1
89 270 1
89 315 1
89 386 1
89 554 1
89 633 1
89 637 1
89 677 1
89 813 1
89 831 1
89 858 1
89 871 1
89 1049 1
89 1107 1
90 184 1
90 346 1
90 516 1
91 134 1
91 201 1
91 348 1
91 446 1
91 548 1
91 619 1
92 159 1
92 168 1
92 226 1
92 594 1
92 729 1
92 823 1
92 938 1
92 1139 1
93 96 1
93 156 1
93 203 1
93 204 1
93 214 1
93 246 1
93 736 1
93 791 1
93 973 1
94 97 1
94 111 1
94 131 1
94 133 1
94 142 1
94 162 1
94 163 1
94 223 1
94 230 1
94 349 1
94 378 1
94 406 1
94 436 1
94 479 1
94 512 1
94 529 1
94 766 1
94 796 1
94 797 1
94 1187 1
94 1268 1
95 100 1
95 145 1
95 236 1
95 351 1
95 404 1
95 727 1
95 730 1
95 733 1
95 823 1
95 859 1
95 1080 1
95 1104 1
95 1117 1
96 163 1
96 190 1
96 361 1
96 556 1
96 572 1
97 111 1
97 122 1
97 132 1
97 154 1
97 185 1
97 208 1
97 526 1
97 542 1
97 608 1
97 658 1
97 773 1
97 906 1
97 1081 1
98 108 1
98 122 1
98 161 1
98 193 1
98 251 1
98 259 1
98 279 1
98 295 1
98 397 1
98 419 1
98 458 1
98 485 1
98 489 1
98 634 1
98 762 1
98 882 1
98 885 1
98 909 1
98 918 1
98 963 1
98 1164 1
98 1166 1
98 1275 1
100 139 1
100 140 1
100 170 1
100 478 1
100 486 1
100 637 1
100 694 1
101 123 1
101 230 1
101 260 1
101 268 1
101 358 1
101 426 1
101 509 1
101 567 1
101 745 1
101 899 1
101 933 1
101 1137 1
101 1151 1
102 157 1
102 237 1
102 421 1
102 810 1
102 961 1
103 153 1
103 157 1
103 215 1
103 258 1
103 415 1
103 424 1
103 489 1
103 596 1
104 187 1
104 344 1
104 423 1
104 466 1
104 467 1
104 684 1
104 816 1
105 130 1
105 148 1
105 231 1
105 327 1
105 351 1
105 364 1
105 454 1
105 894 1
105 1027 1
105 1206 1
106 109 1
106 129 1
106 134 1
106 322 1
106 392 1
106 418 1
106 424 1
106 520 1
106 582 1
106 595 1
106 682 1
106 698 1
106 765 1
106 820 1
106 826 1
106 1128 1
106 1293 1
107 266 1
107 755 1
108 212 1
108 367 1
108 717 1
108 1153 1
108 1167 1
108 1203 1
108 1291 1
109 127 1
109 178 1
109 195 1
109 229 1
109 373 1
109 390 1
109 548 1
109 1179 1
110 126 1
110 132 1
110 160 1
110 322 1
110 395 1
110 700 1
110 900 1
110 1213 1
110 1297 1
111 159 1
111 208 1
111 539 1
111 764 1
112 235 1
112 507 1
112 669 1
113 188 1
113 206 1
113 244 1
113 305 1
113 355 1
113 360 1
113 851 1
113 1086 1
113 1194 1
113 1232 1
114 123 1
114 232 1
114 237 1
114 248 1
114 332 1
114 674 1
114 750 1
114 801 1
114 843 1
114 1125 1
114 1206 1
114 1255 1
115 376 1
115 432 1
115 501 1
115 508 1
115 1009 1
115 1112 1
115 1187 1
116 141 1
116 153 1
116 166 1
116 183 1
116 230 1
116 283 1
116 296 1
116 349 1
116 503 1
116 525 1
116 724 1
116 781 1
116 930 1
117 180 1
117 222 1
117 707 1
117 994 1
118 129 1
118 151 1
118 234 1
118 669 1
118 845 1
118 912 1
118 1119 1
118 1144 1
119 187 1
119 226 1
119 381 1
119 455 1
119 541 1
119 830 1
119 1099 1
119 1101 1
120 141 1
120 268 1
120 320 1
120 516 1
120 604 1
120 1127 1
121 238 1
121 440 1
121 714 1
121 1053 1
122 134 1
122 137 1
122 189 1
122 205 1
122 267 1
122 455 1
122 690 1
122 737 1
123 279 1
123 412 1
123 533 1
123 653 1
123 807 1
123 957 1
123 1037 1
124 523 1
124 637 1
124 664 1
124 905 1
124 1126 1
124 1150 1
125 207 1
125 211 1
125 519 1
125 1125 1
126 181 1
126 470 1
126 484 1
126 642 1
126 667 1
126 909 1
126 1115 1
126 1156 1
127 138 1
127 144 1
127 195 1
127 248 1
127 390 1
127 417 1
127 465 1
127 540 1
127 701 1
127 707 1
127 752 1
127 1018 1
127 1279 1
128 686 1
128 763 1
129 153 1
129 218 1
129 251 1
129 282 1
129 340 1
129 414 1
129 494 1
129 767 1
129 793 1
129 810 1
129 877 1
129 1041 1
129 1077 1
129 1116 1
129 1268 1
130 172 1
130 323 1
130 372 1
130 439 1
130 476 1
130 789 1
130 864 1
131 138 1
131 155 1
131 315 1
131 399 1
131 647 1
131 718 1
131 991 1
131 1089 1
131 1204 1
132 158 1
132 189 1
132 190 1
132 331 1
132 436 1
132 697 1
132 1032 1
133 162 1
133 290 1
133 443 1
133 753 1
133 831 1
134 428 1
134 618 1
134 656 1
134 798 1
134 1116 1
135 139 1
135 191 1
135 568 1
135 574 1
135 701 1
135 965 1
136 370 1
136 521 1
136 631 1
136 648 1
136 832 1
136 877 1
136 988 1
137 144 1
137 283 1
137 296 1
137 328 1
137 492 1
137 498 1
137 523 1
137 551 1
137 565 1
137 662 1
137 722 1
137 820 1
137 923 1
137 1042 1
137 1048 1
138 205 1
138 213 1
138 223 1
138 225 1
138 232 1
138 303 1
138 324 1
138 442 1
138 513 1
138 649 1
138 673 1
138 718 1
138 720 1
138 931 1
138 989 1
138 990 1
138 1098 1
138 1122 1
138 1175 1
138 1216 1
138 1229 1
139 664 1
139 686 1
139 1111 1
140 328 1
140 336 1
140 354 1
140 473 1
140 582 1
140 598 1
140 645 1
140 688 1
140 786 1
140 951 1
140 1023 1
140 1235 1
141 359 1
141 384 1
141 441 1
142 340 1
142 361 1
142 410 1
142 419 1
142 440 1
142 511 1
142 731 1
142 757 1
142 915 1
142 1004 1
142 1080 1
142 1129 1
143 350 1
143 371 1
143 416 1
143 455 1
143 600 1
143 626 1
143 662 1
143 708 1
143 713 1
143 799 1
143 1247 1
144 249 1
144 359 1
144 436 1
144 955 1
144 1004 1
145 224 1
145 326 1
145 446 1
145 490 1
145 774 1
145 902 1
145 974 1
145 1261 1
145 1288 1
146 171 1
146 317 1
146 331 1
146 527 1
146 661 1
146 727 1
146 842 1
146 1062 1
147 239 1
147 356 1
147 475 1
147 951 1
147 1134 1
147 1274 1
148 298 1
148 430 1
148 584 1
148 942 1
148 1241 1
149 158 1
149 167 1
149 202 1
149 231 1
149 239 1
149 271 1
149 522 1
149 890 1
149 924 1
149 927 1
149 1041 1
149 1136 1
149 1299 1
150 229 1
150 272 1
150 351 1
150 374 1
150 376 1
150 402 1
150 434 1
150 468 1
150 937 1
150 990 1
151 165 1
151 179 1
151 189 1
151 319 1
151 335 1
151 343 1
151 400 1
151 509 1
151 560 1
151 603 1
151 709 1
151 848 1
151 1002 1
152 291 1
152 336 1
152 362 1
152 396 1
152 767 1
152 888 1
152 956 1
153 199 1
153 215 1
153 218 1
153 428 1
153 449 1
153 489 1
153 500 1
153 547 1
153 550 1
153 740 1
153 852 1
153 883 1
153 886 1
154 155 1
154 190 1
154 265 1
154 296 1
154 356 1
154 398 1
154 400 1
154 614 1
154 782 1
154 788 1
154 805 1
154 1156 1
155 243 1
155 369 1
155 636 1
155 787 1
155 963 1
155 1194 1
155 1214 1
155 1282 1
156 287 1
156 319 1
156 361 1
156 978 1
156 1184 1
156 1259 1
157 333 1
157 507 1
157 569 1
158 161 1
158 217 1
158 255 1
158 274 1
158 483 1
158 629 1
158 668 1
158 1284 1
159 231 1
159 410 1
160 176 1
160 279 1
160 311 1
160 392 1
160 835 1
160 1251 1
161 172 1
161 192 1
161 357 1
161 367 1
161 421 1
161 485 1
161 521 1
161 526 1
161 581 1
161 694 1
161 791 1
161 844 1
161 909 1
161 946 1
161 954 1
161 1050 1
161 1186 1
161 1227 1
161 1252 1
162 163 1
162 172 1
162 227 1
162 257 1
162 602 1
162 695 1
162 715 1
162 837 1
162 1113 1
163 339 1
163 1049 1
164 182 1
164 240 1
164 1086 1
165 194 1
165 213 1
165 253 1
165 338 1
165 378 1
165 469 1
165 613 1
165 649 1
165 693 1
165 783 1
165 971 1
165 997 1
166 175 1
166 199 1
166 299 1
166 532 1
166 814 1
166 865 1
166 1066 1
166 1242 1
166 1247 1
167 181 1
167 237 1
167 298 1
167 450 1
167 548 1
167 646 1
167 948 1
167 1146 1
167 1282 1
168 207 1
168 244 1
168 263 1
168 325 1
168 586 1
168 598 1
168 675 1
168 843 1
168 1287 1
169 252 1
169 314 1
169 359 1
169 490 1
169 499 1
169 523 1
169 593 1
169 731 1
169 765 1
169 812 1
169 970 1
169 995 1
169 1132 1
169 1199 1
170 249 1
170 514 1
170 683 1
170 879 1
170 917 1
170 929 1
170 985 1
170 1090 1
171 279 1
171 369 1
171 370 1
171 627 1
172 181 1
172 282 1
172 374 1
172 524 1
172 654 1
172 734 1
172 844 1
172 881 1
172 907 1
172 1162 1
172 1193 1
172 1209 1
173 665 1
173 828 1
173 935 1
173 1092 1
174 182 1
174 217 1
174 246 1
174 312 1
174 1277 1
175 212 1
175 252 1
175 399 1
175 411 1
175 706 1
175 792 1
175 903 1
175 1019 1
175 1133 1
177 393 1
177 1002 1
178 303 1
179 196 1
179 256 1
179 287 1
179 323 1
179 366 1
179 433 1
179 437 1
179 448 1
179 475 1
179 480 1
179 514 1
179 560 1
179 619 1
179 682 1
179 716 1
179 806 1
179 809 1
179 905 1
179 910 1
179 914 1
179 1054 1
179 1148 1
179 1198 1
180 306 1
180 668 1
180 684 1
180 855 1
181 263 1
181 524 1
181 866 1
181 920 1
181 929 1
181 1037 1
181 1196 1
182 1241 1
183 650 1
183 653 1
183 690 1
183 835 1
183 964 1
183 1063 1
184 289 1
184 341 1
184 481 1
184 487 1
184 549 1
184 638 1
184 648 1
184 978 1
184 1266 1
185 263 1
185 280 1
185 303 1
185 317 1
185 369 1
185 491 1
185 622 1
185 714 1
185 809 1
185 873 1
185 921 1
185 1173 1
185 1195 1
186 431 1
186 536 1
186 915 1
186 943 1
186 1069 1
187 197 1
187 261 1
187 380 1
187 403 1
187 410 1
187 460 1
187 784 1
187 883 1
187 1078 1
187 1126 1
187 1171 1
187 1228 1
187 1255 1
188 207 1
188 244 1
188 287 1
188 312 1
188 313 1
188 392 1
188 453 1
188 527 1
188 544 1
188 771 1
188 814 1
188 836 1
188 918 1
189 670 1
189 1015 1
190 242 1
190 259 1
190 549 1
190 626 1
190 1129 1
191 259 1
191 277 1
191 293 1
191 330 1
191 373 1
191 403 1
191 425 1
191 578 1
191 722 1
191 852 1
191 908 1
191 915 1
192 215 1
192 258 1
192 510 1
192 556 1
192 880 1
192 985 1
192 987 1
192 1013 1
192 1224 1
192 1272 1
193 200 1
193 312 1
193 587 1
193 674 1
193 689 1
193 996 1
193 1023 1
194 486 1
194 531 1
194 759 1
194 800 1
194 1225 1
195 213 1
195 285 1
195 388 1
195 553 1
195 601 1
195 813 1
195 1043 1
195 1119 1
195 1251 1
196 506 1
196 948 1
196 1104 1
196 1288 1
197 209 1
197 337 1
197 339 1
197 620 1
197 713 1
197 913 1
197 914 1
197 916 1
197 1264 1
198 254 1
198 297 1
198 415 1
198 502 1
198 527 1
198 578 1
198 735 1
198 846 1
198 962 1
198 1036 1
199 788 1
199 1045 1
200 236 1
200 479 1
200 839 1
201 721 1
201 922 1
201 934 1
201 981 1
201 1033 1
201 1168 1
202 236 1
202 319 1
202 545 1
202 736 1
202 1215 1
203 216 1
203 569 1
203 608 1
203 678 1
203 1027 1
203 1090 1
203 1102 1
203 1180 1
204 338 1
204 491 1
204 501 1
204 569 1
204 724 1
204 725 1
204 895 1
204 1060 1
204 1215 1
205 276 1
205 442 1
205 481 1
205 548 1
205 590 1
205 732 1
205 944 1
205 1050 1
205 1188 1
206 209 1
206 240 1
206 534 1
206 556 1
206 703 1
206 928 1
206 931 1
206 939 1
206 1237 1
206 1253 1
206 1264 1
207 211 1
207 243 1
207 511 1
207 561 1
207 675 1
207 867 1
207 1105 1
207 1221 1
208 301 1
208 421 1
208 428 1
208 561 1
208 1282 1
209 222 1
209 274 1
209 292 1
209 400 1
209 474 1
209 544 1
209 733 1
209 874 1
209 996 1
209 1112 1
209 1166 1
210 264 1
210 269 1
210 309 1
210 775 1
210 780 1
211 723 1
211 780 1
211 896 1
211 988 1
211 1028 1
212 281 1
212 444 1
212 460 1
212 640 1
212 652 1
212 916 1
212 1110 1
212 1183 1
213 265 1
213 275 1
213 311 1
213 471 1
213 808 1
214 785 1
215 245 1
215 408 1
215 881 1
215 920 1
215 1007 1
215 1024 1
215 1034 1
215 1066 1
215 1111 1
215 1118 1
217 347 1
217 976 1
217 1057 1
217 1258 1
218 383 1
218 407 1
218 423 1
218 482 1
218 543 1
218 718 1
218 994 1
218 1030 1
218 1033 1
218 1124 1
218 1162 1
219 271 1
219 272 1
219 586 1
219 612 1
219 1199 1
219 1256 1
220 269 1
220 722 1
220 811 1
220 1130 1
220 1144 1
220 1258 1
221 313 1
221 924 1
221 1243 1
222 292 1
223 623 1
223 1177 1
223 1178 1
223 1201 1
223 1256 1
224 289 1
224 418 1
224 779 1
224 1219 1
225 247 1
225 265 1
225 512 1
225 584 1
225 590 1
225 777 1
225 1011 1
225 1054 1
225 1178 1
226 300 1
226 480 1
226 620 1
226 713 1
227 445 1
227 551 1
227 765 1
227 895 1
227 992 1
227 1036 1
227 1113 1
227 1218 1
227 1240 1
228 243 1
228 274 1
228 552 1
228 776 1
228 819 1
228 1089 1
229 290 1
229 306 1
229 353 1
229 451 1
229 761 1
229 832 1
229 925 1
229 1092 1
230 242 1
230 260 1
230 494 1
230 690 1
230 834 1
230 956 1
230 1155 1
230 1217 1
231 272 1
232 507 1
232 595 1
232 1185 1
233 293 1
233 391 1
233 442 1
233 462 1
233 533 1
233 617 1
233 920 1
233 947 1
233 1028 1
234 341 1
234 394 1
234 747 1
234 869 1
234 1005 1
235 336 1
236 483 1
236 802 1
236 906 1
237 248 1
237 329 1
237 356 1
237 477 1
237 832 1
237 837 1
237 903 1
237 968 1
237 1047 1
237 1146 1
237 1207 1
237 1244 1
238 288 1
238 350 1
238 357 1
238 431 1
238 1155 1
239 408 1
239 796 1
239 1121 1
241 325 1
241 576 1
241 589 1
241 599 1
241 748 1
241 1211 1
242 259 1
242 1266 1
243 305 1
243 676 1
244 304 1
244 529 1
244 623 1
244 943 1
244 954 1
244 1093 1
246 257 1
246 344 1
246 389 1
246 443 1
246 491 1
246 1151 1
247 532 1
247 589 1
247 1064 1
247 1068 1
248 519 1
248 540 1
248 561 1
248 606 1
248 719 1
248 759 1
248 840 1
248 885 1
248 889 1
248 1127 1
248 1151 1
248 1223 1
248 1279 1
249 477 1
250 266 1
250 362 1
250 418 1
250 458 1
250 478 1
250 531 1
250 609 1
250 696 1
250 876 1
250 1085 1
251 696 1
251 704 1
252 297 1
252 345 1
252 357 1
252 359 1
253 484 1
253 1137 1
253 1146 1
254 307 1
254 433 1
254 718 1
254 1171 1
254 1180 1
255 850 1
256 598 1
256 1164 1
256 1297 1
257 261 1
257 354 1
257 678 1
257 850 1
257 885 1
257 1029 1
257 1264 1
258 325 1
258 375 1
258 385 1
258 606 1
258 652 1
258 890 1
258 985 1
258 1010 1
258 1041 1
258 1092 1
258 1139 1
258 1148 1
258 1196 1
259 370 1
259 488 1
259 504 1
259 630 1
259 752 1
259 768 1
259 1007 1
259 1022 1
259 1143 1
260 326 1
260 443 1
260 560 1
260 1082 1
260 1227 1
261 514 1
261 799 1
262 314 1
262 597 1
262 752 1
262 846 1
263 358 1
263 388 1
263 393 1
263 439 1
263 465 1
263 716 1
263 884 1
263 888 1
263 893 1
263 960 1
263 1206 1
263 1243 1
264 294 1
264 383 1
264 599 1
264 703 1
264 734 1
264 1193 1
264 1286 1
265 614 1
266 308 1
266 364 1
266 402 1
266 497 1
266 513 1
266 556 1
266 683 1
266 745 1
266 966 1
266 1000 1
266 1010 1
266 1139 1
266 1264 1
268 453 1
268 472 1
268 529 1
268 643 1
268 658 1
268 771 1
268 1159 1
268 1250 1
269 296 1
269 609 1
269 721 1
269 786 1
269 1101 1
269 1133 1
269 1155 1
270 562 1
271 1023 1
272 831 1
272 1128 1
272 1160 1
273 355 1
273 1110 1
275 360 1
275 945 1
276 699 1
276 749 1
277 310 1
277 365 1
277 405 1
277 437 1
277 474 1
277 495 1
278 390 1
278 496 1
278 660 1
278 755 1
278 807 1
278 923 1
278 927 1
278 1244 1
278 1260 1
278 1290 1
279 431 1
280 297 1
280 444 1
280 506 1
280 700 1
280 832 1
281 415 1
281 459 1
281 627 1
281 1012 1
281 1189 1
282 320 1
282 366 1
282 382 1
282 670 1
282 752 1
282 865 1
282 949 1
282 1015 1
282 1293 1
283 400 1
283 506 1
284 298 1
284 475 1
284 636 1
284 969 1
284 1004 1
284 1006 1
284 1077 1
284 1261 1
285 288 1
285 1039 1
286 342 1
286 555 1
286 816 1
286 821 1
286 982 1
287 589 1
287 795 1
287 879 1
287 1070 1
287 1167 1
288 430 1
290 1280 1
291 484 1
291 720 1
291 916 1
292 600 1
292 624 1
292 775 1
293 702 1
294 311 1
294 411 1
294 423 1
294 562 1
294 576 1
294 825 1
294 840 1
294 949 1
294 975 1
294 1030 1
294 1111 1
295 466 1
295 714 1
295 816 1
296 503 1
296 546 1
296 656 1
296 729 1
296 781 1
296 815 1
296 923 1
297 431 1
297 570 1
297 817 1
297 865 1
297 1073 1
298 304 1
298 459 1
298 1238 1
298 1294 1
299 451 1
299 848 1
300 344 1
300 372 1
300 557 1
300 616 1
301 592 1
301 669 1
301 744 1
302 382 1
302 601 1
302 849 1
302 857 1
302 968 1
303 415 1
303 473 1
303 610 1
303 1001 1
303 1019 1
303 1225 1
304 821 1
305 333 1
305 607 1
305 872 1
305 1191 1
305 1220 1
306 414 1
306 474 1
307 343 1
307 441 1
307 444 1
307 487 1
307 543 1
307 657 1
307 724 1
307 787 1
307 974 1
307 1164 1
307 1289 1
308 317 1
308 420 1
308 1250 1
309 352 1
309 452 1
309 519 1
309 1217 1
310 448 1
310 949 1
310 992 1
310 1011 1
311 328 1
311 610 1
311 698 1
311 988 1
311 1079 1
311 1277 1
312 457 1
312 657 1
312 744 1
312 934 1
312 981 1
312 1006 1
312 1291 1
313 413 1
313 492 1
313 502 1
313 599 1
313 605 1
313 840 1
313 861 1
313 954 1
314 423 1
314 464 1
314 712 1
314 769 1
314 791 1
314 870 1
314 898 1
314 1252 1
315 321 1
315 345 1
315 492 1
315 587 1
315 592 1
315 683 1
315 801 1
315 902 1
315 1239 1
316 395 1
317 343 1
317 564 1
317 821 1
317 854 1
317 869 1
317 1170 1
317 1246 1
318 499 1
318 618 1
318 780 1
318 804 1
318 852 1
318 1042 1
319 341 1
319 396 1
319 518 1
319 581 1
319 583 1
319 596 1
319 680 1
319 745 1
319 753 1
319 1056 1
320 372 1
320 381 1
320 406 1
320 590 1
320 827 1
320 1065 1
321 395 1
321 739 1
321 853 1
321 984 1
321 1034 1
321 1148 1
321 1258 1
322 738 1
323 439 1
323 641 1
323 719 1
324 337 1
324 528 1
324 600 1
324 756 1
324 962 1
324 1234 1
324 1239 1
325 467 1
325 751 1
326 502 1
326 525 1
326 984 1
327 657 1
327 706 1
327 871 1
327 912 1
327 1083 1
327 1195 1
328 350 1
328 697 1
329 334 1
329 407 1
329 1208 1
330 649 1
330 677 1
330 1215 1
330 1285 1
331 335 1
331 420 1
331 510 1
331 1157 1
331 1281 1
332 377 1
332 478 1
332 650 1
332 660 1
332 873 1
332 939 1
332 1105 1
333 428 1
333 533 1
333 606 1
333 789 1
333 1020 1
334 817 1
334 862 1
334 876 1
334 1287 1
335 381 1
335 596 1
335 957 1
336 537 1
336 665 1
337 668 1
337 705 1
338 593 1
338 1138 1
339 475 1
339 800 1
339 1279 1
340 394 1
340 563 1
340 681 1
340 975 1
340 1174 1
340 1230 1
340 1282 1
341 399 1
341 447 1
341 485 1
341 671 1
341 1141 1
341 1169 1
341 1205 1
341 1229 1
342 535 1
342 577 1
342 803 1
342 811 1
342 897 1
342 1064 1
343 363 1
343 387 1
343 517 1
343 527 1
343 866 1
344 348 1
344 372 1
344 925 1
344 1186 1
345 433 1
345 505 1
345 636 1
345 692 1
345 696 1
345 887 1
346 572 1
346 671 1
347 417 1
347 493 1
347 509 1
347 624 1
347 820 1
348 365 1
348 401 1
348 429 1
349 354 1
349 495 1
349 766 1
349 993 1
349 995 1
349 1218 1
350 802 1
351 593 1
351 673 1
351 911 1
351 968 1
352 497 1
352 805 1
354 623 1
355 386 1
356 656 1
357 447 1
357 449 1
357 476 1
357 496 1
357 504 1
357 538 1
357 1215 1
357 1229 1
357 1249 1
358 686 1
358 704 1
358 935 1
359 667 1
360 388 1
360 430 1
360 542 1
360 626 1
360 856 1
360 892 1
360 1210 1
360 1257 1
360 1273 1
361 386 1
361 387 1
361 471 1
362 421 1
362 582 1
362 750 1
362 932 1
362 1009 1
362 1191 1
362 1231 1
363 389 1
363 643 1
363 854 1
363 1049 1
363 1081 1
363 1198 1
364 409 1
364 534 1
364 547 1
364 669 1
364 846 1
364 1021 1
364 1269 1
365 401 1
366 429 1
366 566 1
366 841 1
367 1174 1
368 469 1
368 611 1
368 880 1
368 882 1
368 913 1
368 955 1
368 1009 1
368 1154 1
368 1233 1
368 1284 1
369 865 1
370 710 1
370 857 1
371 471 1
371 596 1
371 659 1
371 670 1
371 807 1
371 953 1
371 1165 1
371 1168 1
371 1276 1
372 576 1
372 903 1
372 1021 1
373 725 1
373 842 1
374 435 1
374 515 1
374 543 1
374 554 1
374 830 1
374 1038 1
374 1075 1
374 1190 1
374 1246 1
374 1266 1
375 404 1
375 424 1
375 701 1
377 575 1
378 447 1
378 476 1
378 481 1
378 518 1
378 573 1
378 659 1
378 671 1
378 796 1
378 875 1
378 1026 1
378 1258 1
379 397 1
379 685 1
379 743 1
379 1143 1
380 397 1
380 980 1
381 399 1
381 579 1
381 1228 1
382 411 1
382 1269 1
383 403 1
383 631 1
383 647 1
383 731 1
383 805 1
383 889 1
385 567 1
385 616 1
385 1044 1
385 1123 1
388 402 1
388 553 1
388 682 1
388 744 1
388 771 1
388 896 1
388 930 1
388 978 1
388 991 1
389 1081 1
390 995 1
391 493 1
391 858 1
391 1013 1
391 1230 1
392 713 1
392 1090 1
393 451 1
393 466 1
393 1127 1
394 559 1
394 572 1
394 581 1
394 871 1
395 804 1
396 743 1
397 1144 1
397 1242 1
398 672 1
399 860 1
399 861 1
400 970 1
400 1039 1
401 424 1
401 838 1
402 442 1
402 517 1
402 591 1
402 1029 1
403 564 1
403 633 1
403 675 1
403 868 1
404 789 1
405 463 1
405 1236 1
405 1271 1
406 990 1
407 445 1
407 544 1
407 734 1
407 1296 1
408 459 1
408 620 1
408 856 1
409 419 1
409 518 1
409 741 1
410 605 1
410 644 1
410 1043 1
410 1226 1
411 426 1
411 1145 1
412 730 1
412 736 1
412 1299 1
413 1013 1
413 1219 1
413 1287 1
414 484 1
414 558 1
414 632 1
414 1283 1
415 1049 1
416 463 1
416 1082 1
416 1242 1
417 535 1
417 1265 1
418 562 1
418 1027 1
418 1098 1
419 687 1
419 811 1
419 967 1
419 1163 1
420 452 1
420 983 1
421 616 1
423 508 1
423 657 1
423 805 1
423 1169 1
425 681 1
425 1004 1
425 1231 1
426 562 1
426 702 1
426 764 1
426 803 1
426 807 1
426 1044 1
427 938 1
427 1115 1
428 446 1
428 530 1
428 717 1
428 742 1
428 768 1
428 1010 1
429 515 1
429 566 1
429 593 1
429 815 1
429 1184 1
429 1194 1
430 454 1
430 1189 1
430 1266 1
431 570 1
431 688 1
432 980 1
432 1214 1
433 434 1
433 656 1
434 563 1
434 1298 1
435 513 1
435 612 1
435 616 1
435 631 1
435 641 1
435 775 1
435 792 1
435 793 1
435 830 1
435 838 1
435 913 1
435 1197 1
436 714 1
436 966 1
436 977 1
437 567 1
437 890 1
437 943 1
438 480 1
438 1068 1
439 573 1
439 670 1
439 841 1
440 481 1
440 511 1
440 878 1
441 575 1
441 935 1
441 936 1
441 1023 1
442 739 1
442 942 1
443 482 1
443 1054 1
444 597 1
444 810 1
444 1147 1
445 788 1
445 965 1
446 786 1
447 676 1
447 679 1
447 751 1
447 942 1
448 674 1
448 1200 1
449 779 1
449 794 1
449 853 1
450 588 1
450 756 1
450 1025 1
450 1076 1
450 1179 1
450 1206 1
451 844 1
452 499 1
452 565 1
452 1217 1
453 529 1
453 1016 1
453 1224 1
454 512 1
454 558 1
454 668 1
454 709 1
454 952 1
454 1001 1
454 1024 1
454 1189 1
454 1234 1
455 769 1
455 830 1
456 968 1
457 469 1
457 1144 1
457 1167 1
458 494 1
459 520 1
459 574 1
459 790 1
460 640 1
460 1152 1
461 600 1
461 799 1
461 1259 1
462 553 1
462 636 1
463 918 1
464 586 1
464 644 1
464 701 1
465 767 1
465 802 1
465 939 1
466 577 1
466 795 1
466 868 1
467 1075 1
468 963 1
468 1295 1
469 557 1
469 760 1
469 1067 1
472 482 1
473 749 1
473 877 1
473 1031 1
474 540 1
474 827 1
474 879 1
474 1053 1
474 1064 1
474 1120 1
475 646 1
475 962 1
475 1029 1
476 482 1
476 490 1
476 567 1
476 621 1
476 691 1
476 723 1
476 1002 1
476 1031 1
476 1040 1
476 1175 1
477 736 1
477 906 1
477 1147 1
477 1261 1
478 565 1
478 666 1
478 710 1
478 762 1
478 1263 1
479 838 1
479 959 1
479 1114 1
479 1133 1
479 1161 1
479 1223 1
480 678 1
480 764 1
480 812 1
480 1186 1
481 1190 1
482 958 1
482 1074 1
482 1076 1
483 747 1
483 845 1
484 611 1
484 627 1
484 958 1
485 776 1
485 950 1
485 1052 1
486 585 1
486 747 1
488 599 1
488 967 1
489 571 1
490 611 1
490 748 1
490 976 1
490 977 1
490 1261 1
491 505 1
491 1045 1
492 650 1
492 938 1
492 1071 1
492 1250 1
493 705 1
494 818 1
494 1093 1
494 1180 1
495 516 1
495 555 1
495 618 1
495 946 1
495 956 1
495 1053 1
497 855 1
498 928 1
500 526 1
500 628 1
500 989 1
500 1226 1
500 1293 1
501 824 1
502 815 1
502 1015 1
502 1232 1
503 510 1
503 601 1
503 627 1
503 644 1
503 712 1
503 777 1
503 797 1
503 826 1
503 1017 1
503 1075 1
504 594 1
504 667 1
504 768 1
504 886 1
504 1014 1
505 842 1
505 846 1
505 878 1
505 1100 1
505 1221 1
505 1298 1
506 803 1
507 698 1
507 1114 1
509 547 1
509 579 1
510 590 1
512 572 1
512 654 1
512 709 1
512 801 1
512 847 1
512 1026 1
512 1051 1
512 1073 1
512 1179 1
512 1257 1
512 1274 1
513 629 1
513 843 1
514 676 1
515 1157 1
517 566 1
517 630 1
517 999 1
518 530 1
518 554 1
518 778 1
518 1170 1
522 860 1
522 1136 1
522 1141 1
524 658 1
526 702 1
526 744 1
526 785 1
526 813 1
526 821 1
526 936 1
526 951 1
526 961 1
527 585 1
527 699 1
527 737 1
528 1098 1
528 1123 1
528 1195 1
529 638 1
529 1050 1
530 986 1
530 1022 1
530 1140 1
531 557 1
532 533 1
532 659 1
532 743 1
532 988 1
532 1278 1
533 541 1
533 1046 1
534 901 1
534 931 1
534 1079 1
534 1191 1
536 555 1
536 679 1
536 1226 1
537 881 1
538 853 1
539 1124 1
540 734 1
540 1200 1
541 682 1
541 867 1
542 588 1
542 643 1
542 856 1
542 913 1
542 1022 1
543 604 1
543 650 1
543 680 1
543 695 1
543 872 1
543 973 1
544 1122 1
545 908 1
545 1012 1
545 1061 1
546 655 1
546 918 1
546 1021 1
546 1143 1
547 853 1
548 1120 1
549 814 1
549 1048 1
549 1251 1
550 1022 1
550 1164 1
551 635 1
551 898 1
551 1037 1
551 1091 1
551 1092 1
552 883 1
552 1099 1
552 1103 1
555 591 1
555 603 1
556 689 1
556 738 1
556 948 1
557 754 1
557 917 1
557 1071 1
558 695 1
558 765 1
558 858 1
558 932 1
558 950 1
558 1178 1
558 1229 1
558 1281 1
559 901 1
561 624 1
561 1213 1
562 841 1
562 863 1
562 1081 1
563 691 1
563 784 1
563 1103 1
565 928 1
565 1020 1
566 621 1
566 666 1
566 841 1
566 875 1
566 1102 1
566 1194 1
567 1152 1
570 844 1
571 803 1
571 984 1
571 1233 1
571 1295 1
572 690 1
572 849 1
572 991 1
572 1025 1
572 1069 1
572 1076 1
572 1202 1
575 996 1
576 917 1
577 771 1
578 591 1
578 747 1
578 933 1
578 1014 1
578 1057 1
578 1106 1
578 1238 1
579 839 1
581 1069 1
581 1097 1
582 651 1
582 1046 1
584 1059 1
585 732 1
585 754 1
585 1230 1
586 621 1
586 977 1
586 1196 1
588 842 1
588 845 1
588 1182 1
590 721 1
590 741 1
590 750 1
590 1035 1
591 639 1
591 1238 1
593 947 1
595 823 1
595 900 1
596 642 1
596 659 1
597 998 1
597 1300 1
598 828 1
598 1052 1
599 967 1
600 960 1
600 1120 1
601 688 1
601 704 1
601 712 1
601 936 1
602 679 1
602 1094 1
603 619 1
604 1136 1
604 1263 1
606 640 1
606 901 1
606 946 1
608 1119 1
609 1101 1
609 1265 1
610 889 1
610 1119 1
611 746 1
611 1003 1
612 729 1
613 1016 1
613 1143 1
614 615 1
615 930 1
615 1038 1
615 1161 1
615 1265 1
616 779 1
617 1135 1
617 1300 1
618 689 1
618 711 1
618 907 1
619 642 1
619 687 1
619 809 1
619 1026 1
620 1139 1
622 753 1
622 1038 1
622 1097 1
626 1106 1
627 725 1
627 784 1
629 719 1
631 994 1
632 665 1
632 1055 1
633 711 1
633 878 1
634 1272 1
635 929 1
635 1236 1
636 969 1
638 800 1
641 793 1
641 870 1
641 1044 1
641 1207 1
642 1166 1
643 672 1
643 848 1
645 937 1
645 1084 1
647 774 1
647 1248 1
648 700 1
648 925 1
648 1299 1
650 797 1
652 697 1
652 892 1
654 749 1
655 970 1
655 1018 1
655 1020 1
657 685 1
657 1039 1
658 784 1
658 941 1
658 1280 1
658 1285 1
659 785 1
659 796 1
659 952 1
659 1063 1
659 1169 1
659 1177 1
660 725 1
660 859 1
660 872 1
660 1219 1
662 891 1
663 720 1
663 1032 1
663 1067 1
663 1085 1
665 674 1
665 1070 1
667 901 1
667 938 1
670 958 1
671 908 1
672 748 1
672 1240 1
675 777 1
675 971 1
675 998 1
675 1002 1
676 677 1
676 823 1
677 896 1
677 1069 1
677 1110 1
678 1147 1
678 1284 1
679 703 1
680 993 1
681 835 1
682 1104 1
683 776 1
684 1214 1
687 939 1
690 837 1
690 937 1
690 996 1
691 1000 1
691 1105 1
693 716 1
693 857 1
694 775 1
694 1172 1
698 964 1
699 749 1
699 839 1
700 760 1
700 920 1
700 937 1
700 1182 1
703 743 1
703 979 1
703 1220 1
705 789 1
705 893 1
706 897 1
706 1028 1
706 1055 1
707 818 1
707 1040 1
708 801 1
708 822 1
708 1199 1
708 1209 1
708 1276 1
709 711 1
709 1059 1
709 1236 1
710 762 1
711 1200 1
712 828 1
712 870 1
713 960 1
714 874 1
714 1207 1
715 869 1
715 882 1
715 1153 1
715 1254 1
716 1075 1
717 1010 1
717 1099 1
718 966 1
718 1204 1
720 847 1
721 1008 1
721 1121 1
721 1156 1
721 1262 1
723 975 1
725 1177 1
727 859 1
728 1070 1
729 741 1
729 1000 1
732 761 1
732 980 1
733 866 1
736 935 1
737 936 1
737 1299 1
738 799 1
739 921 1
739 1270 1
741 933 1
741 1060 1
743 1116 1
743 1281 1
744 944 1
745 773 1
746 769 1
746 1263 1
747 1086 1
749 814 1
749 1094 1
750 1062 1
751 1228 1
752 770 1
752 921 1
752 922 1
752 1091 1
753 772 1
753 861 1
754 1008 1
754 1047 1
754 1080 1
757 1086 1
759 827 1
759 1220 1
759 1279 1
762 797 1
763 783 1
763 1224 1
765 952 1
765 1001 1
765 1159 1
765 1292 1
766 957 1
766 1003 1
767 788 1
767 1042 1
768 898 1
769 870 1
770 1150 1
770 1225 1
771 884 1
772 878 1
772 985 1
773 781 1
773 812 1
773 974 1
773 1173 1
774 927 1
774 1061 1
775 1059 1
776 1233 1
777 818 1
777 1006 1
778 843 1
778 1058 1
778 1135 1
782 1290 1
783 1046 1
785 1154 1
787 1011 1
787 1059 1
787 1135 1
788 826 1
788 958 1
788 1130 1
788 1168 1
788 1283 1
789 867 1
790 905 1
791 855 1
791 1056 1
795 891 1
795 1085 1
795 1125 1
796 864 1
796 1234 1
797 1172 1
798 1253 1
799 1190 1
800 836 1
800 1109 1
800 1186 1
802 1222 1
803 949 1
803 1185 1
803 1267 1
804 835 1
805 973 1
805 1140 1
805 1291 1
807 1044 1
808 1211 1
809 925 1
810 838 1
811 837 1
811 849 1
811 862 1
811 909 1
812 1019 1
814 886 1
815 847 1
815 997 1
815 1068 1
816 864 1
817 862 1
818 894 1
818 1028 1
821 885 1
821 1088 1
821 1297 1
826 1211 1
831 892 1
831 1035 1
833 840 1
833 1294 1
834 910 1
835 926 1
835 1149 1
836 890 1
837 899 1
837 1047 1
837 1134 1
838 1072 1
839 880 1
839 1173 1
839 1238 1
840 1158 1
840 1208 1
842 990 1
842 1182 1
842 1234 1
844 1093 1
844 1113 1
846 1225 1
847 967 1
847 1182 1
847 1193 1
849 1175 1
849 1254 1
850 1273 1
852 887 1
852 945 1
853 1138 1
853 1209 1
855 1205 1
858 1278 1
861 931 1
861 1005 1
861 1030 1
861 1094 1
861 1108 1
861 1115 1
861 1131 1
862 959 1
862 1286 1
865 944 1
865 1074 1
865 1212 1
866 1146 1
867 1165 1
867 1221 1
868 911 1
871 1129 1
871 1239 1
872 1231 1
873 1175 1
873 1228 1
874 887 1
874 1145 1
875 1037 1
879 1026 1
880 971 1
880 1149 1
882 1031 1
882 1256 1
884 1202 1
885 1088 1
888 1208 1
888 1250 1
888 1255 1
890 1060 1
890 1079 1
893 1018 1
897 904 1
897 1015 1
897 1281 1
898 972 1
901 1107 1
902 1043 1
903 983 1
903 1062 1
904 1159 1
904 1190 1
904 1276 1
906 972 1
906 1109 1
906 1147 1
906 1288 1
912 995 1
912 1000 1
912 1157 1
913 1197 1
914 940 1
914 1051 1
914 1114 1
917 992 1
920 943 1
921 1017 1
923 1085 1
924 1035 1
924 1181 1
924 1263 1
927 1025 1
929 999 1
930 1262 1
931 1237 1
931 1292 1
933 987 1
934 1242 1
939 1064 1
939 1204 1
941 1009 1
941 1111 1
942 955 1
944 1031 1
946 1011 1
947 981 1
950 1071 1
950 1192 1
957 992 1
958 1235 1
958 1268 1
962 1227 1
963 1145 1
968 1131 1
968 1232 1
974 1083 1
974 1138 1
975 1087 1
975 1096 1
976 1165 1
976 1272 1
976 1275 1
977 1271 1
978 1088 1
978 1118 1
978 1141 1
986 1130 1
986 1271 1
987 1221 1
988 1007 1
988 1020 1
988 1110 1
988 1165 1
990 1174 1
990 1196 1
993 1084 1
995 1087 1
996 1084 1
1000 1027 1
1001 1091 1
1001 1217 1
1002 1241 1
1004 1083 1
1004 1272 1
1009 1181 1
1011 1135 1
1011 1252 1
1015 1065 1
1015 1099 1
1016 1018 1
1016 1276 1
1019 1216 1
1019 1283 1
1020 1072 1
1020 1170 1
1022 1176 1
1023 1048 1
1025 1076 1
1026 1051 1
1026 1072 1
1035 1045 1
1036 1245 1
1038 1171 1
1040 1084 1
1040 1125 1
1041 1148 1
1042 1121 1
1042 1136 1
1051 1172 1
1052 1055 1
1053 1118 1
1056 1267 1
1057 1142 1
1058 1288 1
1060 1209 1
1063 1115 1
1067 1197 1
1068 1200 1
1070 1296 1
1071 1158 1
1075 1240 1
1080 1160 1
1086 1247 1
1087 1096 1
1087 1203 1
1088 1232 1
1101 1155 1
1111 1118 1
1112 1149 1
1112 1222 1
1114 1161 1
1114 1210 1
1114 1297 1
1117 1285 1
1130 1137 1
1131 1268 1
1133 1162 1
1134 1152 1
1134 1245 1
1134 1248 1
1137 1178 1
1138 1259 1
1140 1172 1
1141 1174 1
1145 1296 1
1150 1192 1
1153 1286 1
1157 1283 1
1167 1270 1
1172 1201 1
1172 1291 1
1179 1203 1
1180 1227 1
1215 1230 1
1225 1257 1
1233 1284 1
1235 1275 1
1236 1248 1
1238 1270 1
1248 1267 1
1257 1271 1
1258 1294 1
