200 784 
1 5 1
1 6 1
1 7 1
1 9 1
1 13 1
1 14 1
1 21 1
1 24 1
1 25 1
1 27 1
1 37 1
1 38 1
1 40 1
1 41 1
1 42 1
1 43 1
1 45 1
1 50 1
1 60 1
1 61 1
1 66 1
1 67 1
1 74 1
1 81 1
1 108 1
1 111 1
1 139 1
1 152 1
1 154 1
1 161 1
1 173 1
1 178 1
1 181 1
1 190 1
2 5 1
2 6 1
2 9 1
2 10 1
2 17 1
2 20 1
2 21 1
2 22 1
2 33 1
2 47 1
2 48 1
2 62 1
2 65 1
2 73 1
2 124 1
2 128 1
3 5 1
3 6 1
3 7 1
3 8 1
3 11 1
3 13 1
3 16 1
3 17 1
3 24 1
3 34 1
3 44 1
3 47 1
3 49 1
3 53 1
3 54 1
3 55 1
3 56 1
3 68 1
3 75 1
3 76 1
3 79 1
3 93 1
3 94 1
3 95 1
3 96 1
3 125 1
3 127 1
3 138 1
3 145 1
3 146 1
3 148 1
3 170 1
3 187 1
3 200 1
4 5 1
4 6 1
4 10 1
4 13 1
4 15 1
4 19 1
4 20 1
4 21 1
4 23 1
4 28 1
4 41 1
4 45 1
4 46 1
4 47 1
4 48 1
4 50 1
4 51 1
4 61 1
4 63 1
4 71 1
4 74 1
4 81 1
4 83 1
4 91 1
4 95 1
4 100 1
4 123 1
4 124 1
4 129 1
4 136 1
4 137 1
4 147 1
4 150 1
4 159 1
4 169 1
4 176 1
4 179 1
4 185 1
5 7 1
5 8 1
5 9 1
5 11 1
5 12 1
5 15 1
5 16 1
5 17 1
5 19 1
5 30 1
5 32 1
5 33 1
5 49 1
5 53 1
5 56 1
5 60 1
5 67 1
5 69 1
5 71 1
5 91 1
5 113 1
5 156 1
5 163 1
5 172 1
5 177 1
5 197 1
6 7 1
6 8 1
6 9 1
6 10 1
6 16 1
6 28 1
6 29 1
6 33 1
6 36 1
6 40 1
6 58 1
6 79 1
6 82 1
6 83 1
6 86 1
6 103 1
6 114 1
6 116 1
6 136 1
6 146 1
6 153 1
6 169 1
6 181 1
6 184 1
6 196 1
7 8 1
7 10 1
7 11 1
7 14 1
7 20 1
7 23 1
7 30 1
7 33 1
7 35 1
7 48 1
7 54 1
7 60 1
7 77 1
7 91 1
7 98 1
7 107 1
7 111 1
7 113 1
7 114 1
7 115 1
7 166 1
7 171 1
7 195 1
8 11 1
8 12 1
8 14 1
8 18 1
8 25 1
8 26 1
8 38 1
8 41 1
8 44 1
8 57 1
8 61 1
8 62 1
8 73 1
8 95 1
8 122 1
8 124 1
8 126 1
8 144 1
8 149 1
8 151 1
8 152 1
8 165 1
8 166 1
8 189 1
9 15 1
9 18 1
9 19 1
9 29 1
9 30 1
9 31 1
9 35 1
9 36 1
9 39 1
9 53 1
9 60 1
9 62 1
9 68 1
9 89 1
9 102 1
9 106 1
9 122 1
9 133 1
9 140 1
9 142 1
9 145 1
9 149 1
9 160 1
9 174 1
9 179 1
9 199 1
10 12 1
10 13 1
10 14 1
10 19 1
10 25 1
10 70 1
10 79 1
10 88 1
10 96 1
10 102 1
10 159 1
10 193 1
11 12 1
11 16 1
11 17 1
11 20 1
11 23 1
11 26 1
11 27 1
11 35 1
11 39 1
11 44 1
11 52 1
11 63 1
11 65 1
11 76 1
11 78 1
11 90 1
11 97 1
11 98 1
11 110 1
11 119 1
11 123 1
11 134 1
11 143 1
11 156 1
11 177 1
11 185 1
12 15 1
12 18 1
12 21 1
12 22 1
12 27 1
12 30 1
12 31 1
12 32 1
12 56 1
12 78 1
12 100 1
12 106 1
12 108 1
12 120 1
12 138 1
12 156 1
12 171 1
12 173 1
12 180 1
12 188 1
13 24 1
13 32 1
13 34 1
13 52 1
13 87 1
13 143 1
13 145 1
13 150 1
13 166 1
13 185 1
14 18 1
14 39 1
14 80 1
14 117 1
14 157 1
14 165 1
14 184 1
15 22 1
15 35 1
15 52 1
15 57 1
15 67 1
15 70 1
15 73 1
15 92 1
15 101 1
16 24 1
16 29 1
16 32 1
16 37 1
16 46 1
16 64 1
16 74 1
16 80 1
16 92 1
16 104 1
16 112 1
16 116 1
16 119 1
16 121 1
16 143 1
16 148 1
16 150 1
16 161 1
17 22 1
17 29 1
17 37 1
17 39 1
17 42 1
17 54 1
17 81 1
17 82 1
17 106 1
17 167 1
17 168 1
18 43 1
18 44 1
18 45 1
18 59 1
18 89 1
19 36 1
19 48 1
19 61 1
19 144 1
19 178 1
19 196 1
20 25 1
20 27 1
20 51 1
20 74 1
20 75 1
20 79 1
20 142 1
20 195 1
21 23 1
21 28 1
21 34 1
21 55 1
21 59 1
21 68 1
21 75 1
21 100 1
21 101 1
21 104 1
21 114 1
21 118 1
21 121 1
21 159 1
22 26 1
22 164 1
23 38 1
23 41 1
23 65 1
23 90 1
23 120 1
23 138 1
23 150 1
23 151 1
24 26 1
24 63 1
24 66 1
24 82 1
24 124 1
24 157 1
24 171 1
25 31 1
25 36 1
25 64 1
25 71 1
25 86 1
25 102 1
25 104 1
25 162 1
25 195 1
26 28 1
26 31 1
26 38 1
26 58 1
26 63 1
26 87 1
26 91 1
26 121 1
26 166 1
26 172 1
26 191 1
27 34 1
27 50 1
27 85 1
27 125 1
28 43 1
28 58 1
28 117 1
28 122 1
28 161 1
29 46 1
29 106 1
30 59 1
30 96 1
31 53 1
31 58 1
31 97 1
31 126 1
32 72 1
32 78 1
32 119 1
32 168 1
32 183 1
32 195 1
33 37 1
33 52 1
33 71 1
33 77 1
33 80 1
33 101 1
33 113 1
33 153 1
33 171 1
33 181 1
33 191 1
33 194 1
34 40 1
34 42 1
34 54 1
34 56 1
34 65 1
34 66 1
34 69 1
34 70 1
34 72 1
34 76 1
34 77 1
34 80 1
34 85 1
34 94 1
34 110 1
34 112 1
34 120 1
34 126 1
34 131 1
34 137 1
34 180 1
34 193 1
35 40 1
35 43 1
35 67 1
35 76 1
35 90 1
35 93 1
35 117 1
35 123 1
35 134 1
35 143 1
35 147 1
35 164 1
35 174 1
35 187 1
35 190 1
36 50 1
36 57 1
36 89 1
36 118 1
36 135 1
36 139 1
36 144 1
36 186 1
36 197 1
37 47 1
37 84 1
37 114 1
37 146 1
37 160 1
37 167 1
38 42 1
38 104 1
38 111 1
38 148 1
38 152 1
38 198 1
39 55 1
39 64 1
39 72 1
39 75 1
39 112 1
39 147 1
39 149 1
39 186 1
40 81 1
40 95 1
40 107 1
40 115 1
40 162 1
41 49 1
41 68 1
41 116 1
41 165 1
41 175 1
41 177 1
42 45 1
42 49 1
42 135 1
42 174 1
43 112 1
43 177 1
44 46 1
44 51 1
44 142 1
45 72 1
45 83 1
45 86 1
45 88 1
45 121 1
45 132 1
45 154 1
45 163 1
45 172 1
46 194 1
47 51 1
47 87 1
47 103 1
47 127 1
48 55 1
48 70 1
48 84 1
48 88 1
48 99 1
48 158 1
48 175 1
49 94 1
49 115 1
49 129 1
49 168 1
50 87 1
50 90 1
50 167 1
50 176 1
50 191 1
51 66 1
51 172 1
52 69 1
52 145 1
52 192 1
52 197 1
53 64 1
53 86 1
53 94 1
53 99 1
53 132 1
53 157 1
53 161 1
53 198 1
54 83 1
54 85 1
54 97 1
54 102 1
54 130 1
54 134 1
55 59 1
55 73 1
55 105 1
55 131 1
55 141 1
55 185 1
56 57 1
56 69 1
56 82 1
56 107 1
56 126 1
56 140 1
57 84 1
57 93 1
57 133 1
57 156 1
57 165 1
57 169 1
57 173 1
57 182 1
57 184 1
57 196 1
58 184 1
59 92 1
59 103 1
59 128 1
59 135 1
59 194 1
60 118 1
60 136 1
60 154 1
60 175 1
61 62 1
61 78 1
64 89 1
64 159 1
65 110 1
65 113 1
66 97 1
66 157 1
67 93 1
67 98 1
67 127 1
68 111 1
68 127 1
69 117 1
70 84 1
70 96 1
70 128 1
70 131 1
70 175 1
71 88 1
71 154 1
72 141 1
74 131 1
75 77 1
75 103 1
75 105 1
75 109 1
75 130 1
75 178 1
76 99 1
76 108 1
76 129 1
76 130 1
76 135 1
77 92 1
77 169 1
78 105 1
79 85 1
79 109 1
79 186 1
80 158 1
81 122 1
81 137 1
82 100 1
82 105 1
83 162 1
84 101 1
84 163 1
84 199 1
85 120 1
85 170 1
85 183 1
87 99 1
87 116 1
90 132 1
90 134 1
90 149 1
90 188 1
90 196 1
92 148 1
92 164 1
92 170 1
92 183 1
93 107 1
93 109 1
93 137 1
94 98 1
94 188 1
94 200 1
97 118 1
97 128 1
97 139 1
98 151 1
98 180 1
98 199 1
99 108 1
99 129 1
101 133 1
101 146 1
101 167 1
102 132 1
104 136 1
104 139 1
105 109 1
105 140 1
106 189 1
107 147 1
108 110 1
108 115 1
109 151 1
110 138 1
111 125 1
111 133 1
112 187 1
113 188 1
113 190 1
113 194 1
115 119 1
115 155 1
116 160 1
116 198 1
117 144 1
117 160 1
117 183 1
118 123 1
118 152 1
119 153 1
119 176 1
121 125 1
121 200 1
122 130 1
122 168 1
122 199 1
124 141 1
125 158 1
125 192 1
126 140 1
127 158 1
128 181 1
128 192 1
130 142 1
130 155 1
130 197 1
131 179 1
133 200 1
134 141 1
134 174 1
135 153 1
135 192 1
136 155 1
136 173 1
139 187 1
140 164 1
145 176 1
147 178 1
147 180 1
147 182 1
149 170 1
150 193 1
152 155 1
152 182 1
154 163 1
157 182 1
158 162 1
158 193 1
168 198 1
170 186 1
174 179 1
179 191 1
184 189 1
185 189 1
188 190 1
