800 3183 
1 5 1
1 6 1
1 7 1
1 9 1
1 10 1
1 13 1
1 19 1
1 22 1
1 23 1
1 27 1
1 29 1
1 30 1
1 32 1
1 34 1
1 36 1
1 38 1
1 39 1
1 47 1
1 48 1
1 58 1
1 68 1
1 70 1
1 74 1
1 77 1
1 83 1
1 99 1
1 100 1
1 109 1
1 114 1
1 126 1
1 131 1
1 137 1
1 151 1
1 159 1
1 161 1
1 183 1
1 188 1
1 191 1
1 205 1
1 209 1
1 211 1
1 239 1
1 241 1
1 247 1
1 248 1
1 249 1
1 254 1
1 262 1
1 277 1
1 308 1
1 333 1
1 342 1
1 350 1
1 375 1
1 381 1
1 387 1
1 389 1
1 400 1
1 407 1
1 413 1
1 416 1
1 434 1
1 436 1
1 439 1
1 443 1
1 461 1
1 484 1
1 488 1
1 493 1
1 502 1
1 513 1
1 518 1
1 534 1
1 536 1
1 580 1
1 582 1
1 596 1
1 598 1
1 603 1
1 609 1
1 614 1
1 617 1
1 655 1
1 663 1
1 674 1
1 688 1
1 694 1
1 717 1
1 731 1
1 785 1
2 5 1
2 6 1
2 7 1
2 9 1
2 12 1
2 14 1
2 15 1
2 25 1
2 28 1
2 31 1
2 36 1
2 37 1
2 44 1
2 47 1
2 53 1
2 54 1
2 64 1
2 67 1
2 73 1
2 74 1
2 76 1
2 78 1
2 89 1
2 92 1
2 98 1
2 122 1
2 128 1
2 129 1
2 145 1
2 156 1
2 158 1
2 165 1
2 187 1
2 193 1
2 259 1
2 284 1
2 310 1
2 313 1
2 315 1
2 324 1
2 332 1
2 335 1
2 341 1
2 365 1
2 369 1
2 372 1
2 388 1
2 390 1
2 398 1
2 419 1
2 424 1
2 440 1
2 444 1
2 445 1
2 467 1
2 489 1
2 494 1
2 561 1
2 600 1
2 622 1
2 643 1
2 654 1
2 660 1
2 682 1
2 713 1
2 725 1
2 759 1
2 781 1
2 797 1
3 5 1
3 6 1
3 8 1
3 12 1
3 78 1
3 123 1
3 202 1
3 225 1
3 226 1
3 272 1
3 302 1
3 324 1
3 389 1
3 417 1
3 428 1
3 432 1
3 487 1
3 566 1
3 589 1
3 687 1
3 727 1
3 757 1
3 771 1
3 777 1
4 5 1
4 8 1
4 9 1
4 10 1
4 16 1
4 20 1
4 22 1
4 38 1
4 50 1
4 63 1
4 82 1
4 87 1
4 93 1
4 114 1
4 122 1
4 127 1
4 134 1
4 142 1
4 194 1
4 207 1
4 239 1
4 240 1
4 257 1
4 260 1
4 274 1
4 331 1
4 352 1
4 356 1
4 404 1
4 425 1
4 479 1
4 555 1
4 563 1
4 649 1
4 700 1
4 721 1
4 737 1
4 747 1
5 6 1
5 7 1
5 9 1
5 10 1
5 12 1
5 14 1
5 15 1
5 17 1
5 25 1
5 27 1
5 28 1
5 35 1
5 39 1
5 46 1
5 52 1
5 53 1
5 62 1
5 70 1
5 76 1
5 81 1
5 84 1
5 103 1
5 104 1
5 113 1
5 120 1
5 129 1
5 155 1
5 166 1
5 176 1
5 185 1
5 193 1
5 200 1
5 202 1
5 204 1
5 215 1
5 266 1
5 283 1
5 287 1
5 305 1
5 313 1
5 318 1
5 319 1
5 328 1
5 338 1
5 352 1
5 382 1
5 391 1
5 417 1
5 437 1
5 445 1
5 469 1
5 510 1
5 545 1
5 571 1
5 623 1
5 652 1
5 684 1
5 706 1
5 722 1
5 769 1
5 772 1
5 791 1
5 793 1
6 7 1
6 8 1
6 11 1
6 26 1
6 34 1
6 64 1
6 65 1
6 67 1
6 71 1
6 74 1
6 77 1
6 82 1
6 85 1
6 88 1
6 91 1
6 94 1
6 97 1
6 104 1
6 105 1
6 118 1
6 132 1
6 143 1
6 153 1
6 160 1
6 166 1
6 172 1
6 173 1
6 174 1
6 181 1
6 197 1
6 218 1
6 223 1
6 227 1
6 234 1
6 248 1
6 250 1
6 261 1
6 305 1
6 334 1
6 349 1
6 366 1
6 368 1
6 416 1
6 422 1
6 426 1
6 444 1
6 558 1
6 602 1
6 635 1
6 667 1
6 680 1
6 748 1
6 787 1
7 8 1
7 10 1
7 11 1
7 13 1
7 15 1
7 17 1
7 19 1
7 20 1
7 26 1
7 30 1
7 31 1
7 34 1
7 36 1
7 42 1
7 47 1
7 51 1
7 53 1
7 61 1
7 77 1
7 79 1
7 80 1
7 94 1
7 101 1
7 103 1
7 109 1
7 110 1
7 111 1
7 124 1
7 137 1
7 150 1
7 174 1
7 182 1
7 186 1
7 196 1
7 230 1
7 252 1
7 262 1
7 265 1
7 266 1
7 270 1
7 298 1
7 304 1
7 305 1
7 309 1
7 319 1
7 344 1
7 366 1
7 375 1
7 401 1
7 423 1
7 431 1
7 442 1
7 450 1
7 456 1
7 480 1
7 499 1
7 533 1
7 539 1
7 556 1
7 588 1
7 608 1
7 631 1
7 640 1
7 646 1
7 659 1
7 684 1
7 699 1
7 706 1
7 710 1
7 716 1
7 742 1
7 781 1
7 787 1
7 790 1
7 794 1
7 796 1
8 11 1
8 13 1
8 18 1
8 21 1
8 29 1
8 31 1
8 33 1
8 42 1
8 43 1
8 53 1
8 65 1
8 96 1
8 116 1
8 117 1
8 118 1
8 134 1
8 150 1
8 163 1
8 185 1
8 223 1
8 226 1
8 233 1
8 241 1
8 303 1
8 340 1
8 383 1
8 402 1
8 418 1
8 531 1
8 577 1
8 586 1
8 599 1
8 675 1
8 679 1
8 691 1
8 750 1
9 11 1
9 12 1
9 14 1
9 15 1
9 16 1
9 21 1
9 22 1
9 24 1
9 27 1
9 31 1
9 32 1
9 34 1
9 43 1
9 49 1
9 51 1
9 52 1
9 55 1
9 57 1
9 63 1
9 89 1
9 116 1
9 146 1
9 150 1
9 158 1
9 159 1
9 170 1
9 189 1
9 195 1
9 200 1
9 204 1
9 213 1
9 214 1
9 218 1
9 285 1
9 290 1
9 292 1
9 293 1
9 375 1
9 387 1
9 389 1
9 393 1
9 407 1
9 428 1
9 433 1
9 487 1
9 490 1
9 499 1
9 549 1
9 550 1
9 593 1
9 602 1
9 632 1
9 647 1
9 683 1
9 694 1
9 752 1
9 759 1
10 17 1
10 18 1
10 19 1
10 22 1
10 24 1
10 30 1
10 35 1
10 39 1
10 43 1
10 45 1
10 48 1
10 49 1
10 50 1
10 56 1
10 60 1
10 63 1
10 70 1
10 74 1
10 81 1
10 82 1
10 83 1
10 95 1
10 96 1
10 102 1
10 126 1
10 135 1
10 144 1
10 147 1
10 155 1
10 158 1
10 173 1
10 181 1
10 184 1
10 186 1
10 192 1
10 205 1
10 208 1
10 218 1
10 219 1
10 221 1
10 225 1
10 228 1
10 239 1
10 245 1
10 252 1
10 263 1
10 271 1
10 272 1
10 278 1
10 283 1
10 286 1
10 288 1
10 311 1
10 319 1
10 331 1
10 362 1
10 369 1
10 389 1
10 392 1
10 396 1
10 400 1
10 418 1
10 421 1
10 424 1
10 438 1
10 447 1
10 460 1
10 467 1
10 476 1
10 477 1
10 478 1
10 481 1
10 482 1
10 496 1
10 530 1
10 542 1
10 561 1
10 581 1
10 585 1
10 635 1
10 638 1
10 641 1
10 651 1
10 677 1
10 712 1
10 719 1
10 725 1
10 732 1
10 742 1
10 746 1
10 774 1
10 777 1
10 795 1
11 16 1
11 41 1
11 58 1
11 100 1
11 119 1
11 137 1
11 149 1
11 234 1
11 264 1
11 284 1
11 339 1
11 482 1
11 488 1
11 577 1
11 614 1
11 788 1
12 13 1
12 14 1
12 16 1
12 18 1
12 23 1
12 26 1
12 28 1
12 29 1
12 30 1
12 40 1
12 46 1
12 51 1
12 61 1
12 101 1
12 104 1
12 107 1
12 136 1
12 142 1
12 144 1
12 154 1
12 155 1
12 168 1
12 171 1
12 197 1
12 201 1
12 207 1
12 212 1
12 232 1
12 236 1
12 245 1
12 253 1
12 255 1
12 259 1
12 269 1
12 301 1
12 311 1
12 343 1
12 392 1
12 397 1
12 478 1
12 483 1
12 549 1
12 626 1
12 633 1
12 648 1
12 658 1
12 659 1
12 660 1
12 673 1
12 684 1
12 706 1
12 718 1
12 736 1
13 17 1
13 21 1
13 148 1
13 176 1
13 198 1
13 204 1
13 219 1
13 222 1
13 242 1
13 255 1
13 268 1
13 289 1
13 357 1
13 383 1
13 498 1
13 556 1
13 610 1
13 636 1
14 18 1
14 20 1
14 25 1
14 33 1
14 43 1
14 44 1
14 45 1
14 48 1
14 57 1
14 80 1
14 86 1
14 92 1
14 95 1
14 99 1
14 103 1
14 105 1
14 118 1
14 123 1
14 155 1
14 160 1
14 167 1
14 181 1
14 205 1
14 229 1
14 239 1
14 257 1
14 259 1
14 263 1
14 275 1
14 286 1
14 312 1
14 411 1
14 455 1
14 456 1
14 466 1
14 476 1
14 511 1
14 512 1
14 535 1
14 551 1
14 584 1
14 600 1
14 621 1
14 630 1
14 632 1
14 720 1
14 795 1
15 19 1
15 20 1
15 21 1
15 37 1
15 56 1
15 73 1
15 96 1
15 102 1
15 111 1
15 115 1
15 128 1
15 143 1
15 166 1
15 224 1
15 245 1
15 258 1
15 323 1
15 345 1
15 346 1
15 362 1
15 364 1
15 388 1
15 395 1
15 405 1
15 415 1
15 429 1
15 443 1
15 465 1
15 496 1
15 504 1
15 506 1
15 507 1
15 513 1
15 520 1
15 534 1
15 579 1
15 604 1
15 617 1
15 632 1
15 766 1
16 24 1
16 25 1
16 26 1
16 40 1
16 86 1
16 94 1
16 100 1
16 105 1
16 140 1
16 141 1
16 162 1
16 184 1
16 195 1
16 356 1
16 525 1
16 569 1
16 702 1
16 788 1
17 67 1
17 107 1
17 152 1
17 318 1
17 340 1
17 498 1
17 507 1
17 587 1
17 646 1
17 654 1
17 661 1
17 693 1
17 786 1
18 41 1
18 80 1
18 117 1
18 164 1
18 199 1
18 215 1
18 269 1
18 317 1
18 580 1
18 668 1
18 674 1
18 736 1
19 23 1
19 27 1
19 29 1
19 35 1
19 40 1
19 44 1
19 76 1
19 93 1
19 111 1
19 115 1
19 125 1
19 128 1
19 133 1
19 135 1
19 138 1
19 154 1
19 170 1
19 180 1
19 209 1
19 232 1
19 296 1
19 318 1
19 325 1
19 327 1
19 338 1
19 350 1
19 365 1
19 404 1
19 405 1
19 406 1
19 409 1
19 410 1
19 414 1
19 427 1
19 444 1
19 459 1
19 523 1
19 580 1
19 599 1
19 634 1
19 672 1
19 675 1
19 677 1
19 686 1
19 704 1
19 721 1
19 735 1
19 768 1
20 23 1
20 50 1
20 113 1
20 139 1
20 442 1
20 518 1
20 529 1
20 540 1
20 552 1
20 553 1
20 730 1
21 35 1
21 52 1
21 62 1
21 65 1
21 70 1
21 71 1
21 92 1
21 97 1
21 103 1
21 114 1
21 121 1
21 123 1
21 127 1
21 133 1
21 134 1
21 165 1
21 174 1
21 178 1
21 188 1
21 190 1
21 219 1
21 251 1
21 256 1
21 347 1
21 404 1
21 421 1
21 505 1
21 506 1
21 536 1
21 547 1
21 570 1
21 625 1
21 637 1
21 647 1
21 679 1
21 764 1
22 24 1
22 41 1
22 45 1
22 72 1
22 83 1
22 201 1
22 308 1
22 322 1
22 395 1
22 447 1
22 515 1
22 627 1
22 667 1
22 708 1
23 54 1
23 167 1
23 205 1
23 251 1
23 306 1
23 308 1
23 384 1
23 465 1
23 466 1
23 512 1
23 551 1
23 625 1
23 695 1
23 760 1
23 798 1
24 33 1
24 51 1
24 120 1
24 140 1
24 151 1
24 235 1
24 326 1
24 346 1
24 413 1
24 562 1
24 590 1
24 634 1
24 773 1
25 28 1
25 47 1
25 72 1
25 75 1
25 125 1
25 186 1
25 194 1
25 256 1
25 260 1
25 291 1
25 322 1
25 340 1
25 521 1
25 525 1
25 585 1
25 640 1
25 650 1
25 761 1
25 764 1
25 765 1
25 793 1
26 36 1
26 57 1
26 59 1
26 110 1
26 114 1
26 130 1
26 139 1
26 145 1
26 153 1
26 171 1
26 176 1
26 215 1
26 217 1
26 228 1
26 255 1
26 315 1
26 337 1
26 351 1
26 354 1
26 396 1
26 429 1
26 437 1
26 457 1
26 472 1
26 532 1
26 767 1
26 798 1
27 33 1
27 38 1
27 41 1
27 44 1
27 49 1
27 80 1
27 97 1
27 122 1
27 131 1
27 156 1
27 169 1
27 187 1
27 220 1
27 221 1
27 251 1
27 277 1
27 286 1
27 338 1
27 366 1
27 384 1
27 387 1
27 419 1
27 495 1
27 568 1
27 745 1
27 783 1
27 796 1
28 39 1
28 46 1
28 180 1
28 246 1
28 388 1
28 767 1
29 32 1
29 40 1
29 42 1
29 68 1
29 83 1
29 96 1
29 211 1
29 244 1
29 255 1
29 306 1
29 460 1
29 484 1
29 664 1
29 753 1
30 32 1
30 50 1
30 61 1
30 68 1
30 89 1
30 91 1
30 95 1
30 105 1
30 109 1
30 124 1
30 129 1
30 130 1
30 133 1
30 137 1
30 157 1
30 161 1
30 172 1
30 182 1
30 267 1
30 268 1
30 283 1
30 284 1
30 302 1
30 316 1
30 320 1
30 362 1
30 399 1
30 458 1
30 501 1
30 504 1
30 510 1
30 551 1
30 578 1
30 639 1
30 650 1
30 653 1
30 659 1
30 677 1
30 722 1
30 733 1
30 789 1
31 37 1
31 60 1
31 62 1
31 75 1
31 119 1
31 190 1
31 273 1
31 292 1
31 295 1
31 300 1
31 370 1
31 395 1
31 432 1
31 447 1
31 468 1
31 532 1
31 663 1
31 682 1
31 760 1
32 60 1
32 177 1
32 435 1
32 549 1
32 610 1
32 685 1
33 38 1
33 46 1
33 55 1
33 71 1
33 108 1
33 112 1
33 183 1
33 190 1
33 193 1
33 198 1
33 208 1
33 241 1
33 252 1
33 268 1
33 325 1
33 351 1
33 378 1
33 380 1
33 440 1
33 528 1
33 539 1
33 579 1
33 607 1
33 645 1
33 653 1
33 675 1
33 754 1
34 55 1
34 79 1
34 99 1
34 127 1
34 132 1
34 141 1
34 148 1
34 177 1
34 196 1
34 209 1
34 237 1
34 411 1
34 448 1
34 591 1
35 66 1
35 78 1
35 224 1
35 250 1
35 275 1
35 343 1
35 537 1
35 567 1
35 608 1
36 37 1
36 64 1
36 69 1
36 236 1
36 367 1
37 73 1
37 98 1
37 172 1
37 197 1
37 264 1
37 339 1
37 431 1
37 441 1
37 665 1
37 775 1
38 55 1
38 85 1
38 100 1
38 108 1
38 130 1
38 163 1
38 189 1
38 240 1
38 265 1
38 304 1
38 370 1
38 384 1
38 403 1
38 412 1
38 471 1
38 531 1
38 620 1
38 720 1
38 727 1
38 758 1
39 42 1
39 45 1
39 56 1
39 81 1
39 82 1
39 84 1
39 108 1
39 117 1
39 228 1
39 237 1
39 422 1
39 457 1
39 479 1
39 552 1
39 612 1
39 776 1
40 57 1
40 59 1
40 88 1
40 145 1
40 321 1
40 352 1
40 480 1
40 533 1
40 555 1
40 557 1
40 627 1
40 740 1
41 58 1
41 62 1
41 64 1
41 72 1
41 122 1
41 123 1
41 133 1
41 175 1
41 220 1
41 288 1
41 357 1
41 414 1
41 457 1
41 488 1
41 493 1
41 529 1
41 570 1
41 752 1
42 48 1
42 54 1
42 160 1
42 691 1
43 109 1
43 111 1
43 136 1
43 157 1
43 169 1
43 481 1
43 571 1
43 585 1
43 617 1
43 641 1
43 693 1
43 757 1
44 102 1
44 112 1
44 179 1
44 183 1
44 214 1
44 240 1
44 350 1
44 361 1
44 420 1
44 472 1
44 517 1
44 710 1
44 714 1
44 734 1
45 54 1
45 68 1
45 129 1
45 165 1
45 244 1
45 247 1
45 256 1
45 437 1
45 448 1
45 459 1
45 491 1
45 519 1
45 603 1
45 697 1
45 784 1
45 787 1
46 59 1
46 91 1
46 208 1
46 210 1
46 248 1
46 280 1
46 281 1
46 313 1
46 323 1
46 369 1
46 376 1
46 382 1
46 393 1
46 528 1
46 640 1
46 689 1
46 699 1
46 753 1
46 754 1
47 49 1
47 56 1
47 86 1
47 90 1
47 189 1
47 191 1
47 235 1
47 252 1
47 264 1
47 317 1
47 395 1
47 455 1
47 458 1
47 460 1
47 477 1
47 493 1
47 517 1
47 610 1
47 627 1
47 631 1
47 656 1
47 694 1
47 713 1
47 778 1
48 208 1
48 266 1
48 267 1
48 301 1
48 703 1
48 776 1
49 152 1
49 233 1
49 316 1
49 498 1
50 106 1
50 318 1
50 400 1
50 604 1
51 52 1
51 59 1
51 72 1
51 135 1
51 180 1
51 201 1
51 283 1
51 478 1
51 485 1
51 534 1
51 536 1
51 633 1
51 700 1
52 89 1
52 91 1
52 108 1
52 120 1
52 121 1
52 141 1
52 175 1
52 179 1
52 235 1
52 266 1
52 279 1
52 348 1
52 367 1
52 530 1
52 538 1
52 544 1
52 562 1
52 611 1
52 617 1
52 638 1
52 650 1
52 665 1
52 678 1
52 724 1
52 746 1
52 772 1
52 773 1
52 799 1
53 58 1
53 63 1
53 75 1
53 175 1
53 229 1
53 429 1
53 573 1
53 688 1
54 60 1
54 85 1
54 92 1
54 106 1
54 157 1
54 290 1
54 449 1
54 517 1
55 150 1
55 373 1
55 434 1
55 728 1
56 87 1
56 125 1
56 149 1
56 167 1
56 233 1
56 518 1
56 540 1
56 599 1
56 687 1
56 724 1
57 79 1
57 86 1
57 202 1
57 207 1
57 275 1
57 293 1
57 332 1
57 412 1
57 515 1
57 555 1
57 700 1
58 61 1
58 69 1
58 73 1
58 84 1
58 143 1
58 181 1
58 247 1
58 307 1
58 363 1
58 430 1
58 431 1
58 529 1
58 554 1
58 619 1
58 718 1
58 722 1
58 746 1
59 71 1
59 76 1
59 119 1
59 120 1
59 423 1
60 238 1
60 521 1
60 792 1
61 65 1
61 66 1
61 67 1
61 88 1
61 95 1
61 99 1
61 104 1
61 124 1
61 140 1
61 148 1
61 149 1
61 151 1
61 158 1
61 180 1
61 194 1
61 199 1
61 215 1
61 240 1
61 254 1
61 257 1
61 279 1
61 285 1
61 299 1
61 344 1
61 370 1
61 374 1
61 377 1
61 410 1
61 421 1
61 447 1
61 513 1
61 577 1
61 582 1
61 592 1
61 731 1
61 759 1
61 764 1
61 783 1
62 112 1
62 117 1
62 287 1
62 330 1
62 371 1
62 723 1
62 762 1
63 77 1
63 79 1
63 364 1
63 386 1
63 420 1
63 436 1
63 451 1
63 468 1
63 626 1
64 69 1
64 75 1
64 116 1
64 216 1
64 272 1
64 370 1
64 454 1
64 735 1
65 66 1
65 138 1
65 300 1
65 372 1
65 458 1
66 78 1
66 107 1
66 173 1
66 497 1
66 553 1
66 672 1
66 707 1
66 775 1
67 81 1
68 69 1
68 274 1
68 297 1
68 530 1
68 624 1
68 628 1
68 754 1
69 90 1
69 93 1
69 106 1
69 164 1
69 182 1
69 191 1
69 199 1
69 265 1
69 337 1
69 567 1
69 644 1
69 674 1
69 715 1
69 754 1
69 758 1
70 88 1
70 90 1
70 110 1
70 145 1
70 154 1
70 192 1
70 214 1
70 220 1
70 230 1
70 294 1
70 322 1
70 324 1
70 383 1
70 405 1
70 430 1
70 451 1
70 523 1
70 548 1
70 583 1
70 598 1
70 604 1
70 642 1
70 655 1
70 689 1
70 755 1
71 163 1
71 174 1
71 200 1
71 402 1
71 716 1
72 126 1
72 171 1
72 453 1
72 510 1
72 787 1
73 102 1
73 144 1
73 244 1
73 312 1
73 474 1
73 668 1
74 84 1
74 113 1
74 148 1
74 206 1
74 221 1
74 226 1
74 237 1
74 270 1
74 333 1
74 446 1
74 534 1
74 690 1
74 701 1
74 719 1
75 101 1
75 131 1
75 141 1
75 168 1
75 201 1
75 309 1
75 486 1
75 639 1
75 673 1
76 85 1
76 93 1
76 134 1
76 154 1
76 169 1
76 179 1
76 187 1
76 190 1
76 243 1
76 335 1
76 342 1
76 344 1
76 353 1
76 359 1
76 371 1
76 385 1
76 396 1
76 397 1
76 439 1
76 460 1
76 491 1
76 503 1
76 508 1
76 510 1
76 522 1
76 556 1
76 564 1
76 690 1
76 705 1
76 777 1
77 101 1
77 119 1
77 168 1
77 360 1
77 419 1
77 625 1
77 782 1
78 156 1
78 287 1
78 786 1
79 151 1
79 260 1
79 279 1
79 291 1
79 341 1
79 596 1
79 613 1
80 221 1
80 371 1
80 427 1
80 482 1
80 582 1
81 98 1
81 116 1
81 132 1
81 243 1
81 368 1
81 415 1
81 573 1
81 595 1
81 711 1
82 390 1
82 569 1
82 669 1
82 699 1
82 781 1
82 798 1
83 87 1
83 97 1
83 106 1
83 115 1
83 131 1
83 142 1
83 149 1
83 162 1
83 173 1
83 207 1
83 249 1
83 263 1
83 320 1
83 334 1
83 418 1
83 462 1
83 512 1
83 519 1
83 524 1
83 548 1
83 730 1
83 749 1
84 94 1
84 126 1
84 162 1
84 256 1
84 355 1
84 514 1
84 641 1
84 711 1
85 476 1
85 503 1
86 87 1
86 98 1
86 217 1
86 244 1
86 261 1
86 298 1
86 378 1
86 405 1
86 513 1
86 584 1
86 591 1
86 724 1
86 776 1
87 121 1
87 212 1
87 557 1
87 636 1
87 724 1
87 777 1
88 90 1
88 107 1
88 112 1
88 135 1
88 152 1
88 225 1
88 281 1
88 290 1
88 437 1
88 500 1
88 568 1
89 139 1
89 229 1
89 284 1
89 297 1
89 379 1
89 480 1
89 482 1
89 533 1
89 728 1
89 732 1
90 159 1
90 184 1
90 213 1
90 269 1
90 296 1
90 374 1
90 398 1
90 474 1
90 545 1
90 549 1
90 553 1
90 583 1
90 604 1
90 624 1
90 644 1
90 679 1
90 708 1
91 115 1
91 161 1
91 214 1
91 310 1
91 354 1
91 438 1
91 557 1
91 657 1
92 164 1
92 185 1
92 203 1
92 212 1
92 250 1
92 302 1
92 391 1
92 452 1
92 649 1
93 682 1
93 731 1
94 359 1
95 170 1
95 278 1
96 124 1
96 466 1
97 136 1
97 146 1
97 219 1
97 242 1
97 408 1
97 419 1
97 464 1
97 468 1
97 474 1
97 509 1
97 529 1
97 683 1
97 719 1
98 118 1
98 316 1
98 457 1
98 537 1
98 594 1
98 608 1
99 305 1
100 121 1
100 238 1
100 361 1
100 425 1
100 642 1
101 110 1
101 168 1
101 177 1
101 228 1
101 390 1
101 521 1
101 572 1
101 628 1
101 660 1
101 770 1
101 782 1
102 136 1
102 144 1
102 200 1
102 203 1
102 212 1
102 223 1
102 231 1
102 245 1
102 355 1
102 379 1
102 382 1
102 409 1
102 448 1
102 486 1
102 574 1
102 650 1
102 676 1
102 734 1
102 738 1
103 210 1
103 273 1
103 566 1
104 113 1
104 194 1
104 417 1
104 662 1
105 231 1
105 234 1
105 267 1
105 335 1
105 339 1
105 422 1
105 452 1
105 524 1
105 607 1
106 128 1
106 164 1
106 330 1
106 429 1
106 434 1
106 480 1
106 552 1
106 559 1
106 703 1
107 152 1
107 160 1
107 234 1
107 355 1
107 373 1
107 402 1
107 583 1
107 769 1
108 139 1
108 281 1
108 387 1
108 709 1
108 726 1
109 146 1
109 157 1
109 167 1
109 578 1
110 412 1
110 625 1
110 663 1
111 143 1
111 146 1
111 203 1
111 360 1
111 376 1
111 406 1
111 489 1
111 537 1
111 565 1
111 579 1
111 598 1
111 622 1
111 669 1
111 721 1
111 798 1
112 197 1
112 282 1
112 315 1
112 335 1
112 739 1
112 768 1
113 138 1
113 159 1
113 230 1
113 253 1
113 446 1
113 505 1
113 547 1
113 558 1
113 702 1
113 764 1
114 147 1
114 153 1
114 189 1
114 404 1
114 440 1
114 475 1
114 682 1
115 161 1
115 210 1
115 508 1
116 236 1
116 314 1
116 346 1
116 392 1
116 521 1
116 528 1
117 142 1
117 274 1
117 436 1
117 452 1
117 499 1
117 511 1
117 543 1
117 739 1
117 790 1
117 797 1
118 130 1
118 147 1
118 175 1
118 196 1
118 227 1
118 254 1
118 314 1
118 336 1
118 349 1
118 411 1
118 538 1
118 602 1
118 661 1
118 666 1
118 680 1
118 771 1
118 786 1
119 410 1
119 541 1
120 140 1
120 342 1
120 428 1
120 563 1
120 678 1
120 792 1
121 125 1
121 176 1
121 359 1
121 738 1
122 156 1
122 169 1
122 192 1
122 216 1
122 246 1
122 253 1
122 280 1
122 342 1
122 347 1
122 367 1
122 391 1
122 450 1
122 492 1
122 575 1
122 691 1
122 766 1
123 280 1
123 329 1
123 408 1
123 526 1
123 671 1
123 731 1
124 162 1
124 315 1
124 653 1
124 705 1
124 712 1
125 127 1
125 165 1
125 401 1
125 546 1
125 788 1
126 507 1
126 692 1
127 170 1
127 637 1
128 138 1
128 177 1
128 222 1
128 558 1
128 623 1
128 788 1
129 461 1
129 472 1
129 483 1
130 216 1
130 268 1
130 332 1
130 336 1
130 458 1
130 466 1
130 492 1
130 503 1
130 570 1
130 704 1
130 707 1
130 716 1
131 132 1
132 209 1
132 251 1
132 303 1
132 376 1
132 439 1
133 246 1
133 701 1
134 312 1
134 356 1
134 522 1
134 524 1
135 453 1
135 616 1
136 147 1
136 153 1
136 163 1
136 171 1
136 184 1
136 242 1
136 316 1
137 178 1
137 182 1
137 602 1
137 607 1
137 712 1
137 783 1
139 780 1
140 265 1
141 595 1
141 671 1
142 229 1
142 231 1
142 306 1
142 416 1
142 477 1
142 497 1
142 499 1
142 584 1
142 618 1
142 658 1
142 700 1
142 766 1
143 217 1
143 578 1
143 737 1
144 232 1
144 554 1
144 631 1
145 198 1
145 276 1
145 309 1
145 332 1
145 533 1
145 713 1
145 762 1
146 172 1
146 204 1
146 211 1
146 222 1
146 225 1
146 329 1
146 336 1
146 369 1
146 465 1
146 483 1
146 629 1
147 296 1
147 433 1
147 797 1
148 412 1
149 237 1
149 258 1
149 348 1
149 463 1
150 385 1
150 433 1
150 698 1
150 756 1
151 166 1
151 572 1
152 289 1
152 323 1
152 362 1
152 398 1
152 587 1
152 656 1
153 768 1
154 191 1
154 329 1
154 635 1
154 741 1
155 379 1
155 760 1
156 192 1
156 279 1
156 435 1
156 516 1
156 539 1
157 423 1
157 541 1
157 557 1
157 605 1
157 631 1
157 698 1
158 343 1
158 509 1
159 224 1
159 278 1
160 178 1
160 183 1
160 188 1
160 213 1
160 217 1
160 242 1
160 299 1
160 306 1
160 365 1
160 407 1
160 413 1
160 520 1
160 524 1
160 540 1
160 572 1
160 606 1
160 613 1
161 248 1
161 249 1
161 351 1
162 185 1
162 223 1
162 227 1
162 319 1
162 339 1
162 420 1
162 572 1
162 762 1
163 326 1
163 597 1
163 737 1
164 463 1
165 271 1
165 328 1
166 373 1
166 639 1
166 653 1
166 720 1
167 396 1
167 403 1
167 454 1
167 728 1
168 241 1
168 330 1
168 729 1
169 187 1
169 364 1
169 649 1
169 687 1
170 276 1
170 298 1
170 326 1
170 558 1
170 575 1
170 752 1
171 213 1
171 230 1
171 261 1
171 272 1
171 307 1
171 325 1
171 483 1
171 543 1
171 683 1
171 717 1
172 179 1
172 188 1
172 273 1
172 307 1
172 317 1
173 195 1
173 206 1
173 287 1
173 353 1
173 394 1
173 406 1
173 526 1
173 556 1
174 210 1
174 235 1
175 262 1
175 361 1
175 386 1
175 666 1
175 738 1
176 178 1
176 195 1
176 196 1
176 198 1
176 274 1
176 341 1
176 345 1
176 554 1
176 648 1
176 669 1
176 679 1
176 771 1
177 211 1
177 320 1
177 380 1
177 621 1
177 709 1
178 186 1
178 220 1
178 247 1
178 328 1
178 378 1
178 478 1
178 531 1
178 597 1
179 300 1
179 789 1
180 231 1
180 374 1
180 568 1
180 587 1
180 651 1
180 793 1
181 232 1
181 258 1
181 363 1
181 421 1
181 490 1
181 643 1
182 307 1
182 516 1
183 203 1
183 222 1
183 261 1
183 504 1
183 531 1
183 544 1
183 756 1
185 199 1
185 206 1
185 314 1
185 391 1
185 492 1
185 592 1
186 193 1
186 282 1
186 293 1
186 337 1
186 413 1
186 464 1
186 481 1
186 484 1
186 733 1
186 744 1
187 709 1
188 227 1
188 236 1
188 281 1
188 321 1
188 340 1
188 357 1
188 365 1
188 368 1
188 593 1
188 715 1
189 352 1
189 548 1
189 660 1
189 695 1
190 262 1
190 331 1
190 464 1
190 496 1
190 525 1
190 543 1
190 713 1
191 402 1
191 489 1
193 206 1
193 224 1
193 243 1
193 270 1
193 343 1
193 566 1
193 657 1
193 676 1
194 257 1
194 519 1
195 275 1
195 295 1
195 346 1
195 486 1
195 767 1
196 254 1
196 471 1
197 202 1
197 226 1
197 253 1
197 264 1
197 377 1
197 398 1
197 433 1
197 593 1
197 662 1
197 782 1
198 277 1
198 492 1
198 559 1
198 686 1
199 292 1
199 411 1
199 414 1
199 485 1
199 668 1
200 246 1
200 290 1
200 294 1
200 687 1
201 598 1
203 304 1
203 544 1
204 338 1
204 401 1
204 606 1
205 218 1
205 233 1
205 291 1
205 312 1
205 360 1
205 535 1
205 580 1
205 606 1
205 621 1
205 772 1
206 351 1
206 601 1
206 654 1
207 271 1
207 282 1
208 238 1
209 276 1
209 574 1
210 353 1
210 443 1
210 726 1
211 267 1
211 277 1
211 298 1
211 358 1
211 381 1
211 453 1
211 628 1
212 356 1
212 407 1
212 431 1
212 542 1
212 544 1
212 593 1
212 620 1
212 664 1
212 750 1
212 761 1
212 800 1
213 216 1
213 249 1
213 359 1
213 393 1
213 441 1
213 525 1
213 553 1
213 672 1
214 500 1
214 616 1
215 614 1
217 238 1
217 271 1
218 270 1
219 289 1
219 297 1
219 313 1
219 424 1
219 570 1
219 636 1
219 736 1
219 748 1
220 488 1
221 399 1
221 565 1
221 745 1
222 498 1
223 286 1
223 376 1
223 545 1
223 574 1
224 250 1
224 301 1
224 350 1
224 448 1
224 584 1
224 789 1
224 799 1
226 295 1
226 299 1
226 311 1
226 634 1
226 745 1
227 258 1
227 297 1
227 345 1
227 368 1
227 415 1
227 428 1
227 473 1
228 259 1
228 276 1
228 288 1
228 464 1
228 473 1
229 337 1
229 375 1
229 379 1
229 571 1
230 725 1
230 793 1
231 541 1
232 363 1
232 504 1
232 563 1
233 427 1
233 703 1
233 741 1
234 303 1
234 673 1
236 243 1
236 285 1
236 743 1
237 294 1
237 325 1
239 435 1
239 439 1
239 757 1
240 454 1
241 260 1
241 280 1
241 302 1
241 327 1
241 358 1
241 374 1
241 403 1
241 489 1
241 503 1
241 518 1
241 535 1
241 605 1
241 785 1
242 295 1
242 603 1
243 657 1
244 278 1
244 364 1
244 394 1
244 399 1
244 599 1
244 611 1
246 263 1
246 282 1
246 609 1
246 767 1
247 303 1
247 310 1
247 317 1
247 485 1
247 567 1
247 600 1
247 615 1
247 718 1
249 334 1
249 360 1
249 490 1
249 771 1
250 535 1
250 648 1
250 716 1
251 763 1
252 323 1
252 581 1
253 560 1
254 300 1
254 321 1
254 333 1
254 449 1
254 702 1
254 795 1
255 438 1
256 273 1
256 426 1
256 540 1
256 591 1
257 296 1
257 358 1
257 667 1
257 695 1
257 696 1
258 348 1
258 408 1
258 589 1
259 309 1
260 449 1
261 347 1
261 620 1
261 751 1
262 285 1
262 331 1
262 471 1
262 509 1
262 550 1
262 564 1
262 635 1
262 662 1
264 381 1
264 646 1
265 327 1
265 685 1
266 354 1
266 446 1
266 450 1
266 565 1
266 778 1
267 348 1
268 269 1
268 320 1
268 757 1
269 336 1
270 344 1
270 494 1
271 516 1
272 467 1
273 292 1
273 423 1
273 424 1
273 564 1
273 681 1
274 291 1
274 462 1
274 587 1
274 753 1
275 609 1
276 345 1
276 497 1
276 566 1
276 595 1
276 735 1
276 774 1
277 425 1
278 794 1
279 299 1
279 308 1
279 383 1
279 500 1
280 289 1
280 304 1
280 366 1
280 372 1
280 454 1
280 543 1
280 578 1
281 293 1
282 301 1
282 311 1
283 288 1
283 321 1
284 527 1
284 752 1
284 778 1
287 341 1
288 409 1
289 399 1
290 310 1
290 329 1
290 526 1
291 327 1
291 349 1
291 632 1
292 294 1
292 462 1
292 751 1
292 791 1
293 401 1
293 743 1
295 314 1
295 349 1
295 371 1
295 386 1
295 393 1
295 681 1
295 786 1
296 355 1
296 440 1
296 444 1
296 468 1
296 715 1
297 644 1
297 727 1
298 333 1
298 626 1
299 649 1
299 668 1
299 698 1
300 385 1
300 608 1
300 618 1
300 696 1
300 717 1
302 607 1
303 347 1
303 461 1
303 622 1
303 667 1
304 322 1
304 334 1
308 467 1
308 469 1
308 479 1
308 520 1
308 696 1
309 501 1
309 729 1
309 758 1
310 567 1
310 695 1
311 324 1
311 436 1
311 511 1
311 645 1
312 594 1
313 358 1
313 658 1
313 729 1
314 328 1
314 515 1
315 357 1
315 690 1
315 708 1
315 744 1
315 749 1
316 361 1
316 367 1
316 426 1
316 438 1
316 481 1
316 487 1
316 496 1
316 559 1
316 614 1
316 671 1
316 784 1
317 330 1
317 435 1
318 326 1
318 394 1
318 484 1
319 451 1
319 551 1
319 692 1
319 707 1
319 717 1
320 390 1
321 418 1
321 693 1
321 712 1
321 751 1
324 495 1
324 647 1
324 740 1
324 792 1
325 569 1
326 456 1
326 527 1
326 561 1
326 644 1
326 743 1
327 384 1
327 520 1
328 706 1
328 770 1
329 353 1
329 737 1
330 493 1
330 756 1
331 408 1
332 377 1
334 426 1
335 373 1
335 500 1
336 469 1
336 497 1
336 561 1
336 613 1
336 670 1
337 656 1
337 789 1
338 354 1
338 363 1
338 380 1
338 403 1
338 430 1
338 502 1
338 571 1
338 606 1
340 381 1
340 597 1
341 372 1
341 723 1
341 730 1
341 779 1
342 573 1
343 432 1
344 611 1
344 646 1
344 732 1
346 406 1
346 579 1
346 583 1
346 714 1
347 648 1
347 680 1
347 701 1
348 453 1
348 456 1
349 425 1
349 538 1
349 575 1
350 394 1
351 645 1
352 784 1
353 385 1
353 726 1
353 748 1
353 773 1
354 380 1
354 397 1
354 445 1
354 451 1
354 560 1
354 601 1
354 689 1
355 449 1
355 450 1
355 501 1
355 591 1
355 765 1
356 378 1
356 574 1
356 576 1
356 711 1
357 382 1
357 471 1
357 586 1
357 595 1
357 727 1
358 626 1
359 397 1
359 420 1
359 441 1
360 550 1
360 624 1
361 417 1
362 515 1
364 386 1
364 409 1
364 552 1
364 705 1
364 714 1
365 542 1
366 779 1
367 629 1
367 651 1
368 392 1
368 422 1
368 616 1
368 619 1
369 415 1
369 758 1
370 470 1
371 427 1
371 432 1
371 711 1
372 505 1
372 522 1
372 655 1
372 744 1
373 388 1
373 434 1
373 452 1
373 550 1
373 562 1
373 629 1
373 751 1
374 377 1
374 430 1
375 537 1
375 538 1
375 779 1
377 506 1
378 414 1
378 704 1
378 765 1
379 600 1
380 542 1
380 547 1
381 791 1
383 470 1
383 475 1
383 494 1
383 705 1
385 462 1
385 528 1
387 495 1
387 509 1
388 601 1
389 400 1
389 576 1
390 532 1
390 638 1
390 661 1
391 517 1
391 685 1
392 546 1
392 780 1
394 743 1
394 763 1
394 780 1
395 446 1
395 473 1
395 742 1
397 546 1
400 416 1
401 410 1
401 485 1
401 624 1
401 773 1
402 461 1
403 725 1
403 745 1
404 472 1
404 670 1
405 783 1
406 665 1
407 465 1
407 473 1
408 459 1
408 605 1
409 494 1
410 463 1
410 585 1
412 455 1
412 459 1
412 476 1
412 539 1
412 577 1
412 634 1
413 443 1
413 639 1
414 502 1
415 547 1
416 475 1
416 514 1
416 735 1
416 742 1
416 775 1
417 441 1
417 442 1
417 469 1
417 470 1
417 545 1
417 569 1
417 643 1
418 470 1
418 590 1
419 736 1
420 495 1
420 576 1
420 676 1
421 672 1
421 688 1
422 670 1
423 475 1
424 562 1
424 747 1
424 755 1
425 665 1
426 618 1
426 780 1
427 621 1
427 628 1
427 686 1
428 563 1
428 601 1
429 502 1
429 620 1
429 666 1
430 527 1
430 686 1
431 512 1
431 514 1
431 704 1
431 730 1
433 442 1
433 596 1
434 622 1
435 763 1
436 770 1
437 586 1
437 740 1
438 445 1
438 479 1
438 530 1
438 564 1
438 647 1
439 734 1
439 749 1
441 487 1
441 652 1
441 769 1
443 455 1
443 511 1
445 548 1
446 491 1
446 707 1
447 615 1
447 723 1
447 778 1
449 474 1
449 527 1
449 685 1
449 750 1
450 523 1
450 565 1
452 463 1
452 507 1
452 560 1
452 655 1
460 501 1
460 508 1
460 568 1
460 759 1
461 623 1
463 739 1
464 519 1
468 592 1
472 514 1
473 477 1
473 588 1
473 642 1
473 746 1
476 554 1
476 581 1
476 588 1
476 610 1
477 642 1
478 486 1
478 522 1
478 526 1
478 688 1
479 732 1
480 523 1
481 749 1
483 581 1
483 656 1
485 490 1
486 491 1
487 508 1
488 559 1
488 597 1
488 756 1
490 633 1
490 640 1
490 659 1
493 505 1
493 516 1
493 657 1
494 693 1
497 774 1
498 506 1
498 536 1
498 696 1
501 760 1
503 555 1
507 560 1
508 590 1
508 592 1
510 590 1
510 615 1
511 576 1
511 692 1
511 776 1
513 575 1
513 645 1
513 676 1
513 741 1
514 588 1
515 729 1
515 785 1
516 546 1
516 766 1
518 674 1
521 664 1
522 573 1
522 633 1
525 541 1
525 589 1
526 619 1
526 671 1
527 637 1
527 658 1
527 675 1
527 755 1
529 532 1
529 636 1
529 697 1
530 615 1
532 613 1
532 666 1
533 694 1
534 612 1
534 663 1
536 670 1
541 609 1
541 638 1
542 664 1
544 594 1
544 692 1
545 630 1
545 643 1
545 733 1
545 794 1
547 627 1
548 689 1
549 630 1
549 678 1
552 582 1
554 589 1
554 661 1
555 768 1
556 596 1
558 726 1
559 680 1
564 611 1
565 708 1
565 720 1
567 618 1
567 623 1
569 594 1
571 616 1
571 641 1
571 769 1
572 753 1
572 762 1
573 605 1
574 748 1
578 612 1
580 612 1
581 603 1
584 586 1
584 652 1
584 684 1
584 733 1
587 791 1
588 652 1
588 697 1
589 715 1
589 761 1
590 740 1
590 800 1
592 678 1
593 782 1
594 637 1
594 698 1
597 629 1
597 795 1
602 669 1
603 790 1
604 721 1
604 744 1
605 723 1
607 702 1
609 681 1
610 697 1
611 619 1
612 703 1
613 651 1
617 630 1
622 739 1
624 794 1
624 799 1
625 775 1
628 774 1
635 734 1
640 772 1
645 673 1
645 792 1
646 683 1
647 722 1
649 662 1
649 747 1
650 738 1
651 654 1
660 719 1
662 770 1
665 763 1
668 800 1
669 699 1
671 677 1
674 681 1
674 690 1
676 701 1
679 728 1
683 710 1
684 747 1
685 691 1
692 718 1
698 765 1
702 710 1
705 714 1
706 709 1
710 761 1
711 779 1
718 741 1
729 785 1
733 750 1
734 755 1
744 796 1
747 784 1
752 800 1
761 781 1
762 790 1
762 799 1
777 797 1
792 796 1
