700 2784 
1 5 1
1 6 1
1 9 1
1 11 1
1 13 1
1 14 1
1 17 1
1 18 1
1 23 1
1 26 1
1 35 1
1 37 1
1 45 1
1 46 1
1 47 1
1 62 1
1 64 1
1 72 1
1 73 1
1 83 1
1 91 1
1 96 1
1 98 1
1 104 1
1 105 1
1 106 1
1 109 1
1 120 1
1 123 1
1 125 1
1 172 1
1 175 1
1 199 1
1 200 1
1 227 1
1 268 1
1 301 1
1 351 1
1 381 1
1 395 1
1 412 1
1 423 1
1 427 1
1 446 1
1 465 1
1 489 1
1 500 1
1 502 1
1 505 1
1 537 1
1 541 1
1 557 1
1 560 1
1 567 1
1 615 1
1 629 1
1 654 1
1 665 1
1 693 1
1 700 1
2 5 1
2 6 1
2 7 1
2 8 1
2 10 1
2 11 1
2 12 1
2 13 1
2 14 1
2 15 1
2 19 1
2 24 1
2 29 1
2 38 1
2 39 1
2 42 1
2 50 1
2 53 1
2 54 1
2 66 1
2 70 1
2 71 1
2 75 1
2 78 1
2 79 1
2 83 1
2 85 1
2 88 1
2 93 1
2 101 1
2 103 1
2 105 1
2 106 1
2 108 1
2 111 1
2 122 1
2 126 1
2 137 1
2 143 1
2 148 1
2 166 1
2 179 1
2 181 1
2 188 1
2 202 1
2 206 1
2 207 1
2 218 1
2 224 1
2 226 1
2 234 1
2 238 1
2 239 1
2 246 1
2 260 1
2 263 1
2 270 1
2 275 1
2 278 1
2 297 1
2 304 1
2 305 1
2 314 1
2 332 1
2 334 1
2 341 1
2 347 1
2 356 1
2 362 1
2 389 1
2 396 1
2 413 1
2 414 1
2 420 1
2 428 1
2 429 1
2 439 1
2 449 1
2 469 1
2 474 1
2 496 1
2 503 1
2 522 1
2 525 1
2 533 1
2 539 1
2 544 1
2 547 1
2 549 1
2 552 1
2 559 1
2 571 1
2 573 1
2 579 1
2 588 1
2 610 1
2 630 1
2 650 1
2 658 1
2 668 1
2 696 1
2 698 1
2 700 1
3 5 1
3 9 1
3 14 1
3 21 1
3 22 1
3 24 1
3 26 1
3 30 1
3 87 1
3 102 1
3 118 1
3 130 1
3 134 1
3 135 1
3 139 1
3 140 1
3 141 1
3 147 1
3 151 1
3 163 1
3 167 1
3 168 1
3 171 1
3 172 1
3 240 1
3 258 1
3 265 1
3 307 1
3 319 1
3 374 1
3 382 1
3 429 1
3 444 1
3 450 1
3 467 1
3 487 1
3 506 1
3 551 1
3 584 1
3 601 1
3 666 1
4 5 1
4 6 1
4 7 1
4 8 1
4 10 1
4 11 1
4 15 1
4 17 1
4 21 1
4 32 1
4 34 1
4 41 1
4 49 1
4 59 1
4 60 1
4 63 1
4 73 1
4 94 1
4 98 1
4 157 1
4 160 1
4 180 1
4 186 1
4 200 1
4 217 1
4 228 1
4 251 1
4 273 1
4 287 1
4 293 1
4 298 1
4 322 1
4 335 1
4 344 1
4 345 1
4 359 1
4 379 1
4 386 1
4 396 1
4 425 1
4 484 1
4 491 1
4 495 1
4 500 1
4 510 1
4 560 1
4 566 1
4 574 1
4 585 1
4 632 1
4 689 1
5 6 1
5 7 1
5 8 1
5 9 1
5 10 1
5 14 1
5 17 1
5 18 1
5 20 1
5 23 1
5 24 1
5 27 1
5 28 1
5 33 1
5 37 1
5 38 1
5 40 1
5 41 1
5 44 1
5 48 1
5 50 1
5 55 1
5 68 1
5 73 1
5 86 1
5 88 1
5 110 1
5 127 1
5 139 1
5 149 1
5 155 1
5 169 1
5 178 1
5 186 1
5 194 1
5 208 1
5 212 1
5 233 1
5 247 1
5 251 1
5 255 1
5 259 1
5 261 1
5 264 1
5 265 1
5 287 1
5 322 1
5 327 1
5 328 1
5 333 1
5 359 1
5 377 1
5 394 1
5 434 1
5 440 1
5 442 1
5 448 1
5 468 1
5 485 1
5 499 1
5 507 1
5 513 1
5 522 1
5 530 1
5 535 1
5 549 1
5 587 1
5 589 1
5 607 1
5 609 1
5 649 1
5 678 1
5 691 1
6 7 1
6 8 1
6 11 1
6 16 1
6 27 1
6 31 1
6 33 1
6 43 1
6 46 1
6 54 1
6 61 1
6 63 1
6 65 1
6 69 1
6 74 1
6 76 1
6 77 1
6 87 1
6 93 1
6 99 1
6 100 1
6 103 1
6 107 1
6 108 1
6 110 1
6 112 1
6 113 1
6 126 1
6 136 1
6 144 1
6 145 1
6 146 1
6 150 1
6 152 1
6 153 1
6 182 1
6 194 1
6 203 1
6 213 1
6 218 1
6 236 1
6 242 1
6 244 1
6 246 1
6 250 1
6 255 1
6 288 1
6 289 1
6 310 1
6 316 1
6 330 1
6 357 1
6 360 1
6 368 1
6 390 1
6 409 1
6 410 1
6 455 1
6 465 1
6 482 1
6 485 1
6 493 1
6 496 1
6 501 1
6 507 1
6 547 1
6 551 1
6 624 1
6 630 1
6 679 1
7 9 1
7 12 1
7 13 1
7 42 1
7 59 1
7 91 1
7 154 1
7 210 1
7 216 1
7 217 1
7 221 1
7 245 1
7 270 1
7 296 1
7 344 1
7 369 1
7 505 1
7 556 1
7 695 1
8 16 1
8 27 1
8 63 1
8 69 1
8 84 1
8 89 1
8 184 1
8 245 1
8 278 1
8 285 1
8 358 1
8 385 1
8 412 1
8 415 1
8 486 1
8 670 1
8 678 1
9 10 1
9 12 1
9 13 1
9 16 1
9 21 1
9 22 1
9 25 1
9 28 1
9 34 1
9 36 1
9 37 1
9 43 1
9 44 1
9 51 1
9 53 1
9 55 1
9 57 1
9 58 1
9 62 1
9 63 1
9 70 1
9 87 1
9 90 1
9 97 1
9 102 1
9 109 1
9 111 1
9 128 1
9 131 1
9 133 1
9 154 1
9 155 1
9 156 1
9 166 1
9 174 1
9 176 1
9 181 1
9 183 1
9 220 1
9 222 1
9 225 1
9 248 1
9 261 1
9 271 1
9 275 1
9 283 1
9 291 1
9 294 1
9 305 1
9 310 1
9 311 1
9 325 1
9 329 1
9 356 1
9 359 1
9 364 1
9 378 1
9 397 1
9 403 1
9 409 1
9 419 1
9 420 1
9 424 1
9 451 1
9 453 1
9 470 1
9 488 1
9 490 1
9 529 1
9 532 1
9 553 1
9 555 1
9 561 1
9 572 1
9 575 1
9 582 1
9 590 1
9 596 1
9 609 1
9 635 1
9 637 1
9 639 1
9 666 1
9 691 1
9 696 1
10 12 1
10 19 1
10 20 1
10 26 1
10 27 1
10 29 1
10 31 1
10 41 1
10 46 1
10 48 1
10 57 1
10 62 1
10 82 1
10 104 1
10 113 1
10 121 1
10 123 1
10 129 1
10 155 1
10 168 1
10 169 1
10 174 1
10 187 1
10 191 1
10 221 1
10 229 1
10 231 1
10 254 1
10 266 1
10 292 1
10 312 1
10 338 1
10 348 1
10 375 1
10 401 1
10 405 1
10 427 1
10 430 1
10 440 1
10 444 1
10 454 1
10 461 1
10 498 1
10 515 1
10 517 1
10 531 1
10 540 1
10 546 1
10 551 1
10 586 1
10 607 1
10 674 1
11 15 1
11 16 1
11 18 1
11 20 1
11 21 1
11 31 1
11 42 1
11 51 1
11 84 1
11 85 1
11 93 1
11 95 1
11 148 1
11 149 1
11 162 1
11 229 1
11 328 1
11 341 1
11 360 1
11 374 1
11 395 1
11 401 1
11 414 1
11 487 1
11 588 1
11 653 1
12 19 1
12 23 1
12 79 1
12 99 1
12 100 1
12 110 1
12 116 1
12 146 1
12 158 1
12 203 1
12 207 1
12 249 1
12 424 1
12 442 1
12 537 1
12 631 1
12 700 1
13 22 1
13 29 1
13 34 1
13 38 1
13 39 1
13 40 1
13 51 1
13 57 1
13 58 1
13 60 1
13 94 1
13 95 1
13 97 1
13 120 1
13 128 1
13 129 1
13 183 1
13 186 1
13 201 1
13 204 1
13 217 1
13 224 1
13 249 1
13 260 1
13 280 1
13 282 1
13 297 1
13 308 1
13 317 1
13 335 1
13 338 1
13 342 1
13 391 1
13 396 1
13 482 1
13 512 1
13 547 1
13 591 1
13 608 1
13 646 1
13 662 1
13 693 1
14 15 1
14 31 1
14 32 1
14 33 1
14 42 1
14 52 1
14 54 1
14 72 1
14 78 1
14 102 1
14 116 1
14 144 1
14 154 1
14 215 1
14 273 1
14 349 1
14 384 1
14 403 1
14 405 1
14 434 1
14 436 1
14 469 1
14 559 1
14 663 1
15 17 1
15 18 1
15 20 1
15 25 1
15 67 1
15 83 1
15 100 1
15 132 1
15 133 1
15 162 1
15 260 1
15 262 1
15 283 1
15 309 1
15 458 1
15 459 1
15 488 1
15 542 1
15 559 1
15 589 1
16 28 1
16 60 1
16 72 1
16 194 1
16 197 1
16 259 1
16 282 1
16 422 1
16 463 1
16 603 1
17 23 1
17 69 1
17 76 1
17 91 1
17 106 1
17 212 1
17 286 1
17 325 1
17 352 1
17 357 1
17 413 1
17 429 1
17 435 1
17 441 1
17 452 1
17 498 1
17 533 1
17 593 1
17 600 1
18 19 1
18 32 1
18 96 1
18 159 1
18 174 1
18 245 1
18 389 1
18 535 1
19 35 1
19 56 1
19 57 1
19 59 1
19 74 1
19 106 1
19 110 1
19 111 1
19 116 1
19 158 1
19 170 1
19 188 1
19 236 1
19 313 1
19 323 1
19 328 1
19 337 1
19 361 1
19 371 1
19 400 1
19 509 1
19 535 1
19 553 1
19 620 1
19 638 1
20 22 1
20 24 1
20 25 1
20 28 1
20 36 1
20 43 1
20 44 1
20 55 1
20 62 1
20 65 1
20 68 1
20 74 1
20 78 1
20 84 1
20 103 1
20 112 1
20 123 1
20 137 1
20 139 1
20 142 1
20 160 1
20 169 1
20 175 1
20 197 1
20 210 1
20 281 1
20 284 1
20 298 1
20 299 1
20 306 1
20 330 1
20 335 1
20 365 1
20 373 1
20 381 1
20 443 1
20 466 1
20 470 1
20 476 1
20 494 1
20 501 1
20 529 1
20 530 1
20 531 1
20 559 1
20 580 1
20 586 1
20 596 1
20 602 1
20 605 1
20 611 1
20 622 1
20 635 1
20 642 1
20 648 1
20 650 1
21 29 1
21 30 1
21 61 1
21 66 1
21 86 1
21 93 1
21 114 1
21 124 1
21 128 1
21 136 1
21 156 1
21 165 1
21 210 1
21 233 1
21 252 1
21 290 1
21 294 1
21 317 1
21 331 1
21 357 1
21 468 1
21 488 1
21 501 1
21 549 1
21 563 1
21 565 1
21 607 1
21 681 1
22 26 1
22 48 1
22 66 1
22 77 1
22 108 1
22 117 1
22 119 1
22 184 1
22 190 1
22 224 1
22 229 1
22 235 1
22 274 1
22 352 1
22 361 1
22 417 1
22 470 1
22 514 1
22 547 1
22 562 1
22 591 1
22 600 1
22 612 1
22 641 1
22 699 1
23 25 1
23 38 1
23 40 1
23 45 1
23 49 1
23 52 1
23 104 1
23 130 1
23 140 1
23 152 1
23 213 1
23 222 1
23 252 1
23 283 1
23 302 1
23 317 1
23 373 1
23 387 1
23 456 1
23 495 1
23 521 1
23 523 1
23 556 1
23 685 1
24 36 1
24 51 1
24 64 1
24 111 1
24 145 1
24 175 1
24 193 1
24 234 1
24 248 1
24 337 1
24 433 1
24 435 1
24 436 1
24 439 1
24 472 1
25 46 1
25 89 1
25 99 1
25 109 1
25 121 1
25 122 1
25 174 1
25 217 1
25 241 1
25 280 1
25 351 1
25 361 1
25 399 1
25 406 1
25 409 1
25 410 1
25 443 1
25 462 1
25 490 1
25 492 1
25 548 1
25 555 1
25 613 1
26 30 1
26 33 1
26 45 1
26 53 1
26 56 1
26 61 1
26 64 1
26 71 1
26 81 1
26 104 1
26 114 1
26 131 1
26 134 1
26 180 1
26 189 1
26 202 1
26 307 1
26 352 1
26 430 1
26 487 1
26 515 1
26 528 1
26 546 1
26 561 1
26 586 1
26 595 1
26 607 1
26 609 1
26 613 1
26 638 1
26 684 1
27 43 1
27 45 1
27 52 1
27 56 1
27 92 1
27 143 1
27 166 1
27 167 1
27 173 1
27 201 1
27 221 1
27 240 1
27 333 1
27 336 1
27 355 1
27 427 1
27 521 1
27 551 1
27 629 1
27 661 1
27 677 1
28 35 1
28 37 1
28 49 1
28 54 1
28 65 1
28 97 1
28 130 1
28 163 1
28 179 1
28 180 1
28 208 1
28 219 1
28 263 1
28 321 1
28 407 1
28 441 1
28 442 1
28 489 1
28 568 1
28 570 1
28 575 1
28 611 1
28 612 1
28 615 1
28 616 1
28 644 1
29 30 1
29 32 1
29 64 1
29 65 1
29 88 1
29 162 1
29 164 1
29 184 1
29 199 1
29 235 1
29 263 1
29 319 1
29 321 1
29 377 1
29 381 1
29 405 1
29 447 1
29 494 1
29 504 1
29 550 1
29 585 1
29 691 1
30 47 1
30 237 1
30 239 1
30 378 1
30 484 1
30 590 1
30 643 1
30 645 1
30 652 1
30 685 1
31 35 1
31 36 1
31 58 1
31 59 1
31 60 1
31 84 1
31 91 1
31 132 1
31 190 1
31 195 1
31 203 1
31 204 1
31 241 1
31 244 1
31 281 1
31 303 1
31 356 1
31 373 1
31 385 1
31 400 1
31 422 1
31 468 1
31 471 1
31 521 1
31 598 1
32 117 1
32 147 1
32 159 1
32 197 1
32 366 1
32 370 1
33 34 1
33 39 1
33 132 1
33 199 1
33 200 1
33 271 1
33 328 1
33 343 1
33 358 1
34 48 1
34 53 1
34 67 1
34 76 1
34 92 1
34 142 1
34 153 1
34 204 1
34 230 1
34 242 1
34 264 1
34 386 1
34 501 1
34 552 1
34 571 1
34 590 1
34 643 1
34 678 1
34 686 1
35 39 1
35 41 1
35 55 1
35 61 1
35 73 1
35 164 1
35 339 1
35 397 1
35 483 1
35 569 1
35 599 1
36 50 1
36 67 1
36 70 1
36 75 1
36 77 1
36 141 1
36 220 1
36 329 1
36 351 1
36 373 1
36 393 1
36 528 1
36 572 1
36 583 1
36 628 1
36 657 1
37 105 1
37 113 1
37 159 1
37 240 1
37 313 1
37 338 1
37 548 1
37 557 1
37 674 1
38 40 1
38 44 1
38 82 1
38 87 1
38 126 1
38 147 1
38 161 1
38 164 1
38 183 1
38 205 1
38 206 1
38 215 1
38 320 1
38 680 1
39 70 1
39 86 1
39 89 1
39 90 1
39 98 1
39 118 1
39 130 1
39 153 1
39 170 1
39 193 1
39 233 1
39 243 1
39 266 1
39 292 1
39 300 1
39 332 1
39 333 1
39 397 1
39 422 1
39 477 1
39 524 1
39 630 1
39 637 1
39 643 1
39 667 1
40 47 1
40 49 1
40 50 1
40 77 1
40 82 1
40 144 1
40 156 1
40 181 1
40 191 1
40 206 1
40 218 1
40 222 1
40 233 1
40 267 1
40 276 1
40 315 1
40 391 1
40 402 1
40 459 1
40 638 1
41 47 1
41 52 1
41 116 1
41 119 1
41 151 1
41 237 1
41 314 1
41 540 1
42 639 1
43 86 1
43 115 1
43 134 1
43 179 1
43 182 1
43 579 1
43 648 1
44 207 1
44 286 1
44 424 1
44 466 1
44 502 1
44 599 1
44 651 1
44 671 1
45 56 1
45 94 1
45 158 1
45 416 1
45 440 1
45 621 1
46 69 1
46 187 1
46 202 1
46 385 1
47 232 1
47 281 1
47 379 1
47 448 1
47 674 1
48 81 1
48 142 1
48 143 1
48 176 1
48 218 1
48 244 1
48 272 1
48 288 1
48 406 1
48 441 1
48 458 1
48 476 1
48 478 1
48 492 1
48 539 1
48 597 1
48 599 1
48 617 1
48 638 1
49 68 1
49 276 1
49 419 1
49 457 1
49 544 1
50 68 1
50 88 1
50 89 1
50 92 1
50 171 1
50 416 1
50 423 1
50 474 1
50 531 1
50 606 1
50 636 1
51 96 1
51 115 1
51 119 1
51 120 1
51 162 1
51 165 1
51 168 1
51 180 1
51 191 1
51 211 1
51 214 1
51 254 1
51 284 1
51 472 1
51 613 1
51 635 1
51 665 1
52 58 1
52 85 1
52 214 1
52 247 1
52 677 1
52 679 1
53 76 1
53 129 1
53 138 1
53 305 1
53 453 1
53 687 1
54 75 1
54 189 1
54 192 1
54 321 1
54 354 1
54 375 1
54 392 1
54 443 1
54 516 1
54 570 1
54 691 1
55 153 1
55 201 1
55 306 1
55 364 1
55 476 1
55 483 1
55 534 1
55 595 1
55 613 1
55 618 1
55 623 1
56 66 1
56 71 1
56 176 1
56 382 1
57 221 1
57 310 1
57 362 1
57 398 1
57 416 1
57 673 1
58 121 1
58 257 1
58 290 1
58 302 1
58 572 1
58 602 1
58 664 1
59 71 1
59 102 1
59 133 1
59 145 1
59 239 1
59 408 1
59 410 1
60 79 1
60 80 1
60 107 1
60 124 1
60 135 1
60 163 1
60 168 1
60 197 1
60 216 1
60 270 1
60 336 1
60 368 1
60 369 1
60 447 1
60 469 1
60 518 1
60 573 1
60 622 1
60 647 1
60 688 1
61 148 1
61 205 1
61 288 1
61 451 1
61 479 1
61 695 1
62 80 1
62 99 1
62 117 1
62 154 1
62 157 1
62 209 1
62 365 1
62 387 1
62 401 1
62 404 1
62 439 1
62 504 1
62 570 1
62 577 1
62 580 1
62 620 1
63 107 1
63 112 1
63 171 1
63 183 1
63 367 1
63 491 1
64 67 1
64 75 1
64 92 1
64 114 1
64 124 1
64 135 1
64 157 1
64 173 1
64 224 1
64 229 1
64 287 1
64 314 1
64 326 1
64 390 1
64 495 1
64 539 1
64 560 1
64 649 1
65 78 1
65 80 1
65 81 1
65 97 1
65 150 1
65 209 1
65 242 1
65 243 1
65 249 1
65 264 1
65 279 1
65 283 1
65 372 1
65 380 1
65 411 1
65 421 1
65 530 1
65 566 1
65 582 1
66 103 1
66 308 1
66 383 1
66 460 1
66 646 1
67 90 1
67 332 1
67 380 1
67 625 1
68 349 1
68 526 1
68 623 1
69 79 1
69 83 1
69 124 1
69 131 1
69 135 1
69 136 1
69 142 1
69 173 1
69 253 1
69 262 1
69 291 1
69 313 1
69 438 1
69 523 1
69 568 1
69 600 1
69 663 1
70 72 1
70 74 1
70 81 1
70 113 1
70 138 1
70 150 1
70 206 1
70 225 1
70 242 1
70 454 1
70 487 1
70 561 1
70 612 1
71 167 1
71 237 1
71 250 1
71 315 1
71 522 1
71 554 1
72 85 1
72 98 1
72 115 1
72 127 1
72 148 1
72 177 1
72 241 1
72 285 1
72 306 1
72 322 1
72 331 1
72 367 1
72 404 1
72 406 1
72 439 1
72 519 1
72 672 1
73 82 1
73 100 1
73 256 1
73 295 1
73 298 1
73 339 1
73 348 1
73 508 1
73 564 1
73 598 1
73 627 1
73 641 1
74 90 1
74 140 1
74 143 1
74 289 1
74 325 1
74 437 1
74 557 1
74 590 1
74 601 1
75 131 1
75 647 1
76 157 1
76 200 1
76 205 1
76 300 1
77 119 1
77 136 1
77 411 1
77 428 1
77 473 1
77 507 1
77 513 1
77 529 1
77 558 1
78 80 1
78 101 1
78 109 1
78 243 1
78 245 1
78 248 1
78 511 1
78 665 1
78 683 1
79 278 1
79 280 1
79 573 1
80 141 1
80 156 1
80 165 1
80 264 1
80 388 1
80 475 1
81 159 1
81 189 1
81 195 1
81 202 1
81 268 1
81 293 1
81 294 1
81 316 1
81 330 1
81 340 1
81 344 1
81 353 1
81 378 1
81 413 1
82 96 1
82 234 1
82 268 1
82 511 1
82 558 1
83 121 1
83 219 1
83 223 1
83 334 1
83 345 1
83 480 1
83 525 1
83 565 1
84 137 1
84 146 1
84 216 1
84 320 1
84 360 1
84 408 1
84 596 1
84 688 1
85 95 1
85 272 1
86 152 1
86 437 1
87 155 1
87 199 1
87 499 1
87 505 1
87 578 1
87 673 1
88 118 1
88 161 1
88 215 1
88 312 1
89 94 1
89 187 1
89 333 1
89 347 1
89 418 1
89 486 1
89 498 1
89 546 1
89 594 1
89 628 1
89 657 1
89 674 1
90 101 1
90 122 1
90 127 1
90 161 1
90 177 1
90 181 1
90 182 1
90 188 1
90 193 1
90 222 1
90 249 1
90 259 1
90 265 1
90 279 1
90 353 1
90 388 1
90 432 1
90 506 1
90 622 1
90 662 1
90 666 1
90 684 1
91 95 1
91 117 1
91 139 1
91 177 1
91 238 1
91 303 1
91 404 1
91 460 1
91 463 1
91 610 1
91 670 1
92 277 1
92 321 1
92 324 1
92 363 1
92 474 1
92 639 1
92 661 1
93 101 1
93 250 1
93 385 1
94 129 1
94 134 1
94 138 1
94 170 1
94 230 1
94 281 1
94 299 1
94 567 1
95 341 1
96 185 1
96 286 1
96 362 1
96 380 1
97 146 1
97 369 1
97 507 1
98 127 1
98 150 1
98 173 1
98 213 1
98 232 1
98 300 1
98 327 1
98 390 1
98 394 1
98 491 1
98 492 1
99 105 1
99 212 1
99 258 1
99 304 1
99 376 1
99 431 1
99 541 1
99 569 1
99 596 1
99 603 1
100 266 1
100 368 1
101 198 1
101 548 1
102 114 1
102 138 1
102 318 1
102 393 1
102 657 1
103 107 1
103 108 1
103 122 1
103 147 1
103 178 1
103 228 1
103 244 1
103 274 1
103 296 1
103 308 1
103 324 1
103 458 1
103 554 1
103 560 1
103 623 1
103 629 1
104 149 1
104 210 1
104 326 1
104 382 1
105 125 1
105 269 1
105 277 1
105 310 1
105 438 1
105 463 1
105 668 1
106 112 1
106 118 1
106 176 1
106 284 1
106 326 1
106 345 1
106 350 1
106 379 1
106 380 1
106 430 1
106 437 1
106 475 1
106 483 1
106 508 1
106 543 1
106 640 1
106 664 1
107 192 1
107 420 1
107 515 1
107 653 1
108 167 1
108 326 1
108 450 1
108 524 1
108 656 1
109 207 1
109 367 1
109 411 1
110 125 1
110 251 1
110 261 1
110 302 1
110 327 1
111 115 1
111 126 1
111 158 1
111 211 1
111 253 1
111 268 1
111 354 1
111 418 1
111 479 1
111 550 1
112 133 1
112 185 1
112 284 1
112 449 1
112 533 1
113 128 1
113 198 1
113 293 1
113 357 1
113 477 1
113 543 1
113 575 1
113 684 1
114 163 1
114 276 1
114 325 1
114 368 1
114 500 1
114 535 1
114 604 1
114 670 1
114 681 1
115 120 1
115 190 1
115 227 1
115 231 1
115 277 1
115 309 1
115 411 1
115 689 1
116 125 1
116 184 1
116 196 1
116 223 1
117 123 1
117 137 1
117 398 1
117 455 1
117 497 1
117 555 1
117 642 1
117 669 1
117 692 1
118 425 1
118 555 1
118 682 1
119 166 1
119 396 1
120 190 1
120 309 1
120 481 1
121 235 1
121 292 1
121 298 1
121 520 1
121 690 1
122 160 1
122 219 1
122 348 1
122 350 1
122 363 1
122 393 1
122 433 1
122 450 1
122 472 1
122 527 1
122 636 1
123 187 1
123 209 1
123 270 1
123 297 1
123 316 1
123 398 1
124 141 1
124 201 1
124 305 1
124 346 1
124 431 1
124 532 1
124 550 1
124 608 1
124 678 1
125 219 1
125 386 1
125 398 1
125 568 1
126 226 1
126 241 1
126 409 1
126 428 1
126 660 1
126 669 1
127 152 1
127 252 1
127 374 1
127 683 1
128 132 1
128 145 1
128 220 1
128 297 1
128 342 1
128 350 1
128 369 1
128 433 1
128 502 1
128 545 1
128 611 1
128 614 1
128 697 1
129 179 1
129 230 1
129 464 1
129 521 1
130 213 1
130 267 1
130 339 1
130 630 1
130 645 1
131 191 1
131 237 1
131 345 1
131 593 1
132 172 1
132 178 1
132 231 1
132 335 1
132 337 1
132 499 1
133 160 1
133 177 1
133 182 1
133 282 1
133 304 1
133 443 1
133 479 1
133 511 1
133 566 1
133 671 1
133 699 1
134 576 1
134 685 1
135 140 1
135 151 1
135 390 1
135 422 1
136 477 1
136 481 1
137 144 1
137 151 1
137 169 1
137 194 1
137 211 1
137 288 1
137 370 1
137 458 1
137 505 1
137 508 1
137 532 1
137 676 1
137 698 1
138 209 1
138 306 1
138 415 1
139 239 1
139 343 1
139 418 1
139 454 1
139 482 1
139 533 1
139 588 1
139 615 1
140 185 1
140 186 1
140 228 1
140 465 1
141 240 1
141 253 1
141 254 1
141 267 1
141 375 1
141 459 1
141 467 1
141 654 1
141 659 1
142 192 1
142 247 1
142 251 1
142 252 1
142 253 1
142 355 1
142 378 1
143 225 1
143 624 1
143 690 1
144 193 1
144 196 1
144 317 1
144 402 1
144 429 1
144 462 1
144 511 1
144 578 1
144 631 1
146 161 1
146 312 1
146 334 1
146 367 1
146 408 1
146 455 1
146 494 1
146 509 1
146 639 1
147 178 1
147 185 1
147 196 1
147 215 1
147 225 1
147 308 1
147 324 1
147 327 1
147 423 1
147 593 1
147 625 1
147 655 1
147 656 1
147 675 1
147 686 1
148 149 1
148 164 1
148 276 1
148 307 1
148 341 1
148 503 1
148 571 1
148 653 1
149 172 1
149 257 1
149 697 1
150 260 1
150 307 1
150 320 1
150 397 1
150 526 1
150 538 1
151 216 1
151 430 1
152 189 1
152 365 1
152 399 1
152 444 1
152 524 1
153 296 1
153 300 1
153 545 1
153 694 1
154 428 1
154 445 1
154 648 1
155 170 1
155 248 1
155 279 1
155 402 1
155 426 1
155 448 1
155 514 1
155 532 1
155 567 1
156 204 1
156 214 1
156 371 1
156 426 1
156 461 1
156 553 1
157 175 1
157 223 1
157 465 1
158 226 1
158 392 1
158 431 1
158 617 1
159 322 1
159 331 1
159 366 1
159 552 1
159 583 1
160 363 1
160 497 1
160 654 1
161 188 1
161 230 1
161 299 1
161 301 1
161 370 1
161 395 1
162 269 1
162 274 1
162 318 1
162 578 1
163 235 1
163 258 1
163 273 1
163 371 1
163 434 1
163 459 1
163 652 1
164 165 1
164 198 1
164 476 1
165 236 1
165 285 1
165 303 1
165 643 1
165 695 1
166 629 1
167 265 1
167 526 1
168 171 1
168 311 1
168 682 1
169 282 1
169 293 1
169 309 1
169 456 1
169 580 1
169 676 1
170 220 1
170 258 1
170 610 1
171 262 1
171 266 1
171 343 1
171 621 1
172 272 1
172 299 1
173 676 1
174 591 1
177 228 1
177 438 1
177 569 1
178 196 1
178 231 1
178 504 1
178 518 1
178 526 1
178 550 1
178 585 1
178 611 1
179 205 1
179 214 1
179 466 1
179 497 1
179 633 1
180 208 1
180 269 1
180 332 1
180 420 1
180 431 1
180 514 1
180 524 1
180 576 1
180 582 1
180 655 1
181 234 1
181 372 1
181 663 1
182 198 1
182 203 1
182 414 1
182 626 1
183 238 1
183 304 1
183 388 1
183 516 1
183 646 1
183 660 1
184 275 1
184 277 1
184 315 1
184 318 1
184 324 1
184 358 1
184 393 1
184 447 1
184 453 1
184 464 1
184 509 1
184 543 1
185 195 1
185 295 1
185 448 1
185 485 1
185 542 1
185 686 1
186 212 1
186 232 1
186 269 1
186 311 1
186 314 1
186 680 1
187 290 1
188 192 1
188 208 1
188 211 1
188 407 1
188 480 1
188 542 1
188 545 1
188 556 1
188 577 1
188 604 1
189 256 1
189 294 1
189 301 1
189 323 1
189 346 1
189 363 1
190 195 1
190 436 1
190 568 1
191 352 1
191 365 1
191 394 1
191 412 1
191 536 1
192 226 1
192 435 1
192 471 1
192 598 1
193 295 1
193 381 1
193 419 1
193 446 1
193 594 1
194 227 1
194 361 1
194 520 1
194 619 1
195 362 1
196 295 1
196 347 1
196 384 1
196 482 1
197 278 1
197 364 1
197 577 1
197 644 1
198 256 1
198 471 1
199 372 1
200 238 1
200 433 1
200 584 1
202 350 1
203 261 1
203 494 1
203 525 1
204 263 1
204 316 1
205 348 1
205 407 1
205 513 1
205 527 1
205 537 1
205 563 1
205 672 1
206 257 1
206 329 1
206 651 1
206 668 1
207 267 1
207 391 1
207 407 1
207 461 1
207 519 1
207 581 1
208 254 1
208 274 1
208 318 1
208 641 1
208 697 1
209 246 1
209 255 1
209 286 1
209 354 1
209 372 1
210 479 1
213 232 1
213 331 1
213 618 1
214 223 1
214 383 1
215 392 1
215 457 1
215 484 1
215 558 1
215 581 1
216 236 1
216 291 1
216 387 1
216 402 1
216 486 1
216 667 1
217 679 1
219 255 1
219 289 1
219 334 1
219 538 1
219 543 1
219 545 1
219 565 1
219 624 1
220 280 1
220 315 1
220 441 1
220 698 1
221 227 1
221 337 1
221 634 1
222 259 1
222 360 1
222 392 1
222 424 1
222 631 1
222 667 1
223 313 1
223 525 1
223 586 1
223 632 1
225 354 1
226 243 1
226 323 1
226 394 1
227 247 1
227 660 1
228 344 1
228 473 1
229 256 1
229 517 1
229 654 1
229 655 1
230 272 1
230 410 1
230 427 1
230 527 1
230 681 1
231 446 1
231 512 1
232 250 1
232 262 1
233 651 1
234 671 1
235 347 1
235 377 1
235 446 1
236 291 1
236 432 1
236 489 1
236 606 1
237 246 1
237 510 1
238 421 1
239 339 1
239 342 1
239 343 1
239 472 1
239 541 1
240 477 1
240 597 1
241 364 1
241 599 1
242 271 1
242 414 1
242 480 1
242 519 1
243 587 1
245 338 1
246 510 1
247 355 1
247 633 1
248 257 1
248 285 1
248 287 1
248 404 1
248 697 1
249 351 1
249 438 1
250 319 1
251 336 1
251 388 1
251 683 1
252 417 1
252 423 1
252 681 1
253 405 1
253 416 1
253 418 1
253 509 1
253 604 1
254 383 1
254 437 1
254 516 1
254 534 1
255 389 1
255 442 1
257 303 1
257 395 1
257 478 1
257 619 1
257 649 1
258 271 1
258 342 1
258 353 1
258 497 1
259 581 1
259 650 1
259 666 1
261 273 1
261 356 1
261 460 1
261 619 1
262 302 1
262 358 1
262 473 1
262 493 1
263 340 1
263 432 1
263 449 1
264 279 1
266 292 1
267 311 1
269 562 1
270 536 1
270 606 1
271 376 1
271 583 1
272 275 1
272 527 1
272 556 1
272 610 1
273 565 1
273 646 1
274 312 1
274 399 1
274 641 1
275 289 1
275 626 1
275 637 1
275 675 1
276 500 1
277 552 1
278 296 1
278 301 1
278 376 1
278 518 1
278 627 1
278 632 1
280 323 1
281 426 1
284 319 1
284 320 1
284 366 1
284 616 1
284 658 1
284 699 1
286 340 1
286 680 1
286 684 1
287 290 1
287 589 1
287 656 1
287 692 1
288 541 1
289 440 1
289 496 1
289 645 1
289 662 1
291 425 1
293 519 1
295 353 1
295 379 1
295 389 1
296 329 1
296 384 1
296 484 1
296 614 1
296 620 1
297 387 1
297 548 1
298 627 1
299 349 1
301 349 1
301 445 1
301 616 1
301 651 1
302 475 1
302 609 1
302 683 1
303 589 1
303 595 1
304 374 1
305 456 1
305 615 1
306 447 1
307 330 1
308 686 1
309 580 1
311 594 1
312 336 1
314 375 1
314 471 1
314 687 1
316 403 1
316 625 1
316 673 1
317 640 1
319 340 1
319 355 1
319 633 1
321 486 1
321 603 1
322 452 1
322 591 1
323 346 1
323 391 1
323 445 1
324 366 1
324 544 1
324 675 1
326 384 1
327 506 1
328 371 1
328 528 1
329 464 1
330 386 1
330 406 1
330 569 1
336 499 1
336 688 1
338 376 1
338 415 1
338 537 1
338 544 1
338 665 1
339 517 1
339 592 1
340 633 1
341 346 1
341 456 1
341 460 1
341 495 1
341 554 1
341 587 1
343 359 1
343 644 1
343 700 1
346 445 1
346 493 1
346 604 1
347 616 1
348 377 1
349 413 1
349 498 1
349 563 1
350 370 1
350 564 1
350 619 1
350 634 1
353 383 1
353 475 1
355 417 1
355 605 1
356 454 1
356 648 1
356 679 1
356 690 1
358 515 1
361 426 1
361 529 1
362 412 1
362 419 1
362 563 1
363 503 1
364 417 1
364 513 1
364 600 1
366 432 1
367 408 1
367 538 1
367 696 1
369 469 1
369 573 1
370 382 1
370 530 1
371 608 1
371 620 1
372 663 1
373 562 1
373 583 1
376 415 1
376 481 1
377 523 1
378 452 1
378 491 1
379 574 1
379 689 1
380 520 1
383 462 1
384 483 1
385 399 1
386 451 1
386 461 1
386 512 1
387 401 1
387 421 1
387 462 1
387 510 1
387 517 1
387 540 1
388 660 1
389 400 1
389 564 1
389 677 1
390 455 1
390 485 1
390 694 1
392 564 1
393 558 1
393 657 1
395 464 1
395 512 1
395 575 1
395 579 1
395 593 1
395 614 1
396 400 1
397 481 1
397 518 1
398 463 1
398 557 1
399 603 1
399 642 1
401 403 1
401 474 1
401 602 1
401 662 1
403 434 1
403 520 1
405 614 1
406 473 1
408 670 1
410 449 1
410 451 1
410 452 1
410 574 1
411 601 1
411 626 1
411 656 1
412 435 1
412 534 1
412 536 1
412 584 1
414 693 1
415 453 1
417 425 1
417 626 1
418 421 1
418 516 1
419 690 1
420 617 1
420 696 1
423 606 1
425 594 1
425 668 1
426 457 1
426 647 1
428 496 1
429 562 1
429 634 1
430 457 1
430 466 1
430 467 1
430 478 1
431 506 1
431 685 1
433 436 1
433 450 1
433 584 1
435 546 1
437 444 1
437 534 1
437 642 1
439 694 1
440 636 1
441 538 1
442 488 1
442 490 1
442 561 1
442 659 1
443 570 1
443 653 1
443 673 1
446 492 1
446 493 1
446 671 1
447 553 1
449 592 1
451 480 1
451 522 1
451 574 1
451 592 1
451 652 1
452 468 1
455 531 1
457 503 1
458 467 1
458 579 1
460 635 1
461 640 1
462 597 1
464 490 1
467 645 1
468 470 1
468 576 1
468 692 1
469 539 1
470 478 1
470 514 1
472 502 1
473 508 1
473 523 1
474 540 1
474 576 1
474 644 1
476 504 1
481 536 1
481 621 1
482 680 1
485 694 1
487 489 1
488 554 1
488 631 1
489 588 1
489 658 1
490 572 1
490 632 1
498 598 1
499 676 1
500 624 1
503 549 1
503 585 1
503 605 1
508 677 1
509 659 1
511 528 1
513 623 1
513 675 1
516 595 1
516 664 1
516 682 1
518 689 1
519 581 1
520 602 1
524 582 1
525 571 1
529 622 1
530 542 1
530 667 1
531 661 1
534 664 1
538 682 1
540 636 1
541 649 1
543 628 1
543 640 1
545 688 1
548 577 1
551 628 1
552 567 1
557 627 1
558 687 1
559 652 1
560 566 1
564 587 1
564 634 1
564 661 1
567 658 1
567 659 1
569 621 1
570 608 1
572 578 1
573 693 1
574 650 1
579 672 1
582 655 1
583 612 1
585 618 1
587 698 1
589 592 1
589 597 1
590 601 1
591 605 1
592 625 1
600 617 1
606 618 1
608 647 1
626 637 1
635 669 1
635 672 1
641 687 1
643 695 1
662 669 1
678 692 1
692 699 1
