40 144 
1 5 1
1 6 1
1 9 1
1 12 1
1 13 1
1 16 1
1 17 1
1 26 1
1 30 1
1 32 1
1 37 1
1 39 1
2 5 1
2 6 1
2 8 1
2 28 1
2 37 1
3 5 1
3 6 1
3 7 1
3 8 1
3 9 1
3 10 1
3 11 1
3 13 1
3 14 1
3 15 1
3 16 1
3 20 1
3 26 1
3 29 1
3 31 1
3 35 1
3 40 1
4 5 1
4 7 1
4 8 1
4 13 1
4 21 1
4 27 1
5 6 1
5 7 1
5 10 1
5 12 1
5 17 1
5 20 1
5 21 1
5 23 1
5 25 1
5 27 1
5 37 1
6 7 1
6 8 1
6 11 1
6 12 1
6 15 1
6 17 1
6 18 1
6 23 1
6 30 1
6 34 1
6 35 1
6 39 1
7 9 1
7 10 1
7 11 1
7 14 1
8 9 1
8 10 1
8 13 1
8 14 1
8 22 1
8 31 1
9 11 1
9 19 1
9 25 1
9 33 1
9 35 1
9 36 1
9 40 1
10 12 1
10 16 1
10 19 1
10 22 1
10 31 1
10 32 1
11 15 1
11 17 1
11 18 1
11 20 1
11 22 1
11 23 1
11 24 1
11 27 1
11 28 1
11 39 1
11 40 1
12 21 1
12 24 1
12 25 1
13 14 1
13 15 1
13 20 1
13 33 1
14 28 1
14 36 1
15 16 1
15 18 1
15 23 1
15 24 1
15 27 1
15 30 1
15 33 1
15 34 1
15 37 1
15 38 1
15 39 1
16 19 1
16 29 1
16 30 1
16 32 1
16 34 1
17 18 1
17 19 1
17 21 1
17 29 1
18 25 1
18 31 1
18 34 1
19 22 1
19 32 1
20 26 1
22 29 1
22 33 1
23 24 1
23 26 1
23 28 1
23 38 1
24 40 1
25 36 1
28 36 1
32 35 1
32 38 1
34 38 1
