800 3183 
1 5 1
1 6 1
1 7 1
1 14 1
1 15 1
1 20 1
1 22 1
1 30 1
1 32 1
1 39 1
1 46 1
1 55 1
1 57 1
1 62 1
1 66 1
1 67 1
1 69 1
1 73 1
1 78 1
1 89 1
1 96 1
1 101 1
1 103 1
1 113 1
1 125 1
1 127 1
1 128 1
1 163 1
1 173 1
1 180 1
1 194 1
1 212 1
1 229 1
1 234 1
1 242 1
1 249 1
1 252 1
1 257 1
1 263 1
1 265 1
1 317 1
1 328 1
1 379 1
1 386 1
1 399 1
1 405 1
1 422 1
1 449 1
1 460 1
1 475 1
1 477 1
1 491 1
1 498 1
1 517 1
1 520 1
1 559 1
1 570 1
1 571 1
1 600 1
1 612 1
1 636 1
1 661 1
1 669 1
1 685 1
1 746 1
1 766 1
1 773 1
2 5 1
2 6 1
2 7 1
2 8 1
2 10 1
2 11 1
2 14 1
2 15 1
2 17 1
2 19 1
2 20 1
2 21 1
2 24 1
2 28 1
2 40 1
2 42 1
2 44 1
2 63 1
2 74 1
2 77 1
2 82 1
2 91 1
2 94 1
2 96 1
2 97 1
2 98 1
2 130 1
2 138 1
2 140 1
2 171 1
2 172 1
2 173 1
2 180 1
2 186 1
2 203 1
2 227 1
2 231 1
2 236 1
2 248 1
2 268 1
2 270 1
2 281 1
2 283 1
2 291 1
2 304 1
2 307 1
2 310 1
2 320 1
2 330 1
2 356 1
2 359 1
2 360 1
2 406 1
2 450 1
2 461 1
2 483 1
2 484 1
2 504 1
2 520 1
2 538 1
2 558 1
2 581 1
2 586 1
2 613 1
2 638 1
2 647 1
2 648 1
2 659 1
2 691 1
2 692 1
2 732 1
2 739 1
2 747 1
3 5 1
3 8 1
3 9 1
3 19 1
3 23 1
3 30 1
3 32 1
3 33 1
3 39 1
3 46 1
3 47 1
3 49 1
3 64 1
3 67 1
3 88 1
3 93 1
3 114 1
3 130 1
3 159 1
3 179 1
3 182 1
3 183 1
3 185 1
3 187 1
3 193 1
3 210 1
3 217 1
3 235 1
3 256 1
3 270 1
3 287 1
3 289 1
3 293 1
3 303 1
3 335 1
3 336 1
3 345 1
3 350 1
3 358 1
3 362 1
3 398 1
3 446 1
3 459 1
3 464 1
3 466 1
3 513 1
3 519 1
3 551 1
3 556 1
3 577 1
3 579 1
3 582 1
3 588 1
3 597 1
3 602 1
3 619 1
3 624 1
3 662 1
3 669 1
3 675 1
3 688 1
3 724 1
3 759 1
3 765 1
4 5 1
4 6 1
4 10 1
4 11 1
4 13 1
4 14 1
4 21 1
4 43 1
4 44 1
4 47 1
4 52 1
4 64 1
4 148 1
4 165 1
4 167 1
4 192 1
4 198 1
4 230 1
4 240 1
4 313 1
4 346 1
4 382 1
4 394 1
4 408 1
4 421 1
4 441 1
4 469 1
4 503 1
4 547 1
4 563 1
4 579 1
4 594 1
4 656 1
4 670 1
4 672 1
4 738 1
5 6 1
5 7 1
5 8 1
5 11 1
5 12 1
5 16 1
5 17 1
5 37 1
5 41 1
5 51 1
5 85 1
5 110 1
5 118 1
5 170 1
5 184 1
5 222 1
5 232 1
5 250 1
5 266 1
5 318 1
5 321 1
5 374 1
5 430 1
5 529 1
5 556 1
5 618 1
5 706 1
5 707 1
5 742 1
6 7 1
6 9 1
6 19 1
6 25 1
6 36 1
6 43 1
6 52 1
6 53 1
6 54 1
6 60 1
6 101 1
6 107 1
6 109 1
6 117 1
6 118 1
6 119 1
6 129 1
6 133 1
6 146 1
6 147 1
6 148 1
6 150 1
6 177 1
6 178 1
6 205 1
6 206 1
6 212 1
6 240 1
6 244 1
6 247 1
6 261 1
6 266 1
6 273 1
6 286 1
6 323 1
6 371 1
6 391 1
6 397 1
6 421 1
6 462 1
6 519 1
6 548 1
6 571 1
6 586 1
6 655 1
6 674 1
6 719 1
6 727 1
6 751 1
6 767 1
6 792 1
7 8 1
7 9 1
7 10 1
7 14 1
7 18 1
7 19 1
7 22 1
7 24 1
7 34 1
7 40 1
7 42 1
7 44 1
7 45 1
7 59 1
7 88 1
7 95 1
7 116 1
7 133 1
7 152 1
7 155 1
7 163 1
7 171 1
7 184 1
7 196 1
7 197 1
7 217 1
7 226 1
7 233 1
7 239 1
7 251 1
7 267 1
7 306 1
7 326 1
7 383 1
7 407 1
7 443 1
7 474 1
7 511 1
7 538 1
7 549 1
7 562 1
7 622 1
7 642 1
7 664 1
7 695 1
7 745 1
7 782 1
8 9 1
8 12 1
8 16 1
8 18 1
8 20 1
8 23 1
8 26 1
8 34 1
8 35 1
8 37 1
8 42 1
8 49 1
8 55 1
8 60 1
8 61 1
8 67 1
8 71 1
8 77 1
8 85 1
8 92 1
8 106 1
8 120 1
8 133 1
8 147 1
8 149 1
8 158 1
8 162 1
8 175 1
8 227 1
8 237 1
8 243 1
8 258 1
8 284 1
8 296 1
8 300 1
8 325 1
8 333 1
8 345 1
8 372 1
8 384 1
8 404 1
8 425 1
8 444 1
8 483 1
8 518 1
8 527 1
8 551 1
8 552 1
8 554 1
8 565 1
8 610 1
8 658 1
8 659 1
8 686 1
8 715 1
8 760 1
8 799 1
9 10 1
9 11 1
9 12 1
9 13 1
9 22 1
9 27 1
9 41 1
9 48 1
9 50 1
9 51 1
9 53 1
9 58 1
9 63 1
9 74 1
9 76 1
9 77 1
9 78 1
9 81 1
9 96 1
9 98 1
9 108 1
9 109 1
9 112 1
9 121 1
9 122 1
9 139 1
9 144 1
9 168 1
9 172 1
9 174 1
9 189 1
9 201 1
9 205 1
9 207 1
9 218 1
9 221 1
9 225 1
9 236 1
9 243 1
9 246 1
9 257 1
9 262 1
9 267 1
9 276 1
9 293 1
9 299 1
9 305 1
9 307 1
9 319 1
9 375 1
9 381 1
9 387 1
9 401 1
9 416 1
9 426 1
9 427 1
9 452 1
9 459 1
9 465 1
9 486 1
9 490 1
9 517 1
9 540 1
9 566 1
9 587 1
9 618 1
9 625 1
9 649 1
9 666 1
9 683 1
9 693 1
9 715 1
9 724 1
9 749 1
9 750 1
9 761 1
10 12 1
10 13 1
10 18 1
10 23 1
10 24 1
10 25 1
10 28 1
10 38 1
10 45 1
10 46 1
10 72 1
10 100 1
10 137 1
10 142 1
10 152 1
10 156 1
10 164 1
10 179 1
10 194 1
10 223 1
10 230 1
10 237 1
10 280 1
10 419 1
10 443 1
10 469 1
10 471 1
10 518 1
10 545 1
10 604 1
10 722 1
10 737 1
11 15 1
11 26 1
11 31 1
11 59 1
11 76 1
11 112 1
11 138 1
11 142 1
11 162 1
11 249 1
11 280 1
11 285 1
11 286 1
11 302 1
11 402 1
11 540 1
11 544 1
11 563 1
11 785 1
12 13 1
12 20 1
12 27 1
12 29 1
12 52 1
12 62 1
12 71 1
12 74 1
12 81 1
12 96 1
12 110 1
12 123 1
12 134 1
12 136 1
12 145 1
12 157 1
12 212 1
12 223 1
12 252 1
12 290 1
12 322 1
12 324 1
12 325 1
12 334 1
12 349 1
12 388 1
12 488 1
12 525 1
12 548 1
12 570 1
12 576 1
12 588 1
12 590 1
12 623 1
12 739 1
12 744 1
12 790 1
13 16 1
13 21 1
13 26 1
13 30 1
13 38 1
13 41 1
13 44 1
13 46 1
13 73 1
13 83 1
13 94 1
13 141 1
13 147 1
13 169 1
13 170 1
13 177 1
13 182 1
13 190 1
13 201 1
13 203 1
13 255 1
13 278 1
13 298 1
13 312 1
13 334 1
13 380 1
13 384 1
13 422 1
13 431 1
13 597 1
13 603 1
13 633 1
13 646 1
13 667 1
13 683 1
13 763 1
14 15 1
14 18 1
14 56 1
14 59 1
14 93 1
14 101 1
14 105 1
14 113 1
14 119 1
14 172 1
14 236 1
14 277 1
14 360 1
14 405 1
14 478 1
14 535 1
14 724 1
14 731 1
14 796 1
15 16 1
15 17 1
15 22 1
15 30 1
15 32 1
15 33 1
15 39 1
15 40 1
15 43 1
15 55 1
15 56 1
15 59 1
15 75 1
15 80 1
15 81 1
15 83 1
15 87 1
15 91 1
15 92 1
15 114 1
15 118 1
15 129 1
15 132 1
15 139 1
15 140 1
15 154 1
15 181 1
15 195 1
15 200 1
15 204 1
15 214 1
15 248 1
15 253 1
15 262 1
15 324 1
15 332 1
15 334 1
15 360 1
15 375 1
15 416 1
15 418 1
15 433 1
15 448 1
15 473 1
15 490 1
15 502 1
15 535 1
15 546 1
15 569 1
15 591 1
15 619 1
15 630 1
15 644 1
15 721 1
15 746 1
15 750 1
15 756 1
15 787 1
16 17 1
16 24 1
16 25 1
16 28 1
16 36 1
16 42 1
16 50 1
16 68 1
16 120 1
16 143 1
16 144 1
16 159 1
16 163 1
16 168 1
16 182 1
16 192 1
16 232 1
16 241 1
16 254 1
16 337 1
16 533 1
16 584 1
16 606 1
16 774 1
16 788 1
17 23 1
17 29 1
17 34 1
17 69 1
17 72 1
17 91 1
17 105 1
17 111 1
17 117 1
17 224 1
17 231 1
17 311 1
17 335 1
17 373 1
17 417 1
17 420 1
17 447 1
17 458 1
17 480 1
17 512 1
17 555 1
17 557 1
17 562 1
17 564 1
17 606 1
17 716 1
17 735 1
17 753 1
17 754 1
17 790 1
18 29 1
18 66 1
18 152 1
18 156 1
18 221 1
18 235 1
18 339 1
18 358 1
18 389 1
18 424 1
18 492 1
18 493 1
18 507 1
18 609 1
18 628 1
18 643 1
18 648 1
18 654 1
18 684 1
19 35 1
19 47 1
19 57 1
19 97 1
19 107 1
19 124 1
19 130 1
19 132 1
19 135 1
19 138 1
19 158 1
19 174 1
19 190 1
19 199 1
19 209 1
19 244 1
19 265 1
19 270 1
19 346 1
19 350 1
19 357 1
19 367 1
19 441 1
19 515 1
19 549 1
19 552 1
19 629 1
20 21 1
20 26 1
20 27 1
20 31 1
20 37 1
20 38 1
20 43 1
20 49 1
20 51 1
20 55 1
20 56 1
20 58 1
20 64 1
20 65 1
20 71 1
20 78 1
20 89 1
20 90 1
20 104 1
20 108 1
20 117 1
20 120 1
20 128 1
20 146 1
20 149 1
20 150 1
20 154 1
20 160 1
20 175 1
20 193 1
20 208 1
20 214 1
20 216 1
20 232 1
20 237 1
20 252 1
20 254 1
20 293 1
20 370 1
20 377 1
20 392 1
20 425 1
20 430 1
20 432 1
20 434 1
20 437 1
20 441 1
20 470 1
20 471 1
20 481 1
20 554 1
20 564 1
20 681 1
20 687 1
20 688 1
20 693 1
20 730 1
20 735 1
20 779 1
21 28 1
21 29 1
21 31 1
21 38 1
21 49 1
21 65 1
21 72 1
21 80 1
21 86 1
21 94 1
21 95 1
21 124 1
21 139 1
21 144 1
21 153 1
21 154 1
21 293 1
21 301 1
21 310 1
21 358 1
21 388 1
21 426 1
21 435 1
21 562 1
21 645 1
21 656 1
21 704 1
21 705 1
21 710 1
21 726 1
21 728 1
21 749 1
21 761 1
22 200 1
22 209 1
22 229 1
22 238 1
22 324 1
22 378 1
22 633 1
23 25 1
23 35 1
23 47 1
23 87 1
23 158 1
23 196 1
23 225 1
23 258 1
23 359 1
23 396 1
23 412 1
23 489 1
23 554 1
23 580 1
23 681 1
23 697 1
23 791 1
24 27 1
24 34 1
24 36 1
24 37 1
24 61 1
24 65 1
24 97 1
24 104 1
24 110 1
24 158 1
24 339 1
24 345 1
24 522 1
24 744 1
24 765 1
25 33 1
25 45 1
25 51 1
25 86 1
25 243 1
25 338 1
25 354 1
25 361 1
25 457 1
25 478 1
26 33 1
26 48 1
26 50 1
26 78 1
26 84 1
26 142 1
26 188 1
26 296 1
26 330 1
26 384 1
26 405 1
26 452 1
26 453 1
26 558 1
26 623 1
26 645 1
26 656 1
26 687 1
26 741 1
26 782 1
27 95 1
27 259 1
27 272 1
27 322 1
27 565 1
27 575 1
27 686 1
27 718 1
28 32 1
28 54 1
28 68 1
28 75 1
28 76 1
28 84 1
28 148 1
28 159 1
28 207 1
28 209 1
28 219 1
28 243 1
28 250 1
28 251 1
28 272 1
28 284 1
28 285 1
28 298 1
28 328 1
28 332 1
28 368 1
28 396 1
28 464 1
28 505 1
28 538 1
28 541 1
28 599 1
28 601 1
28 612 1
28 666 1
28 725 1
29 31 1
29 53 1
29 207 1
29 355 1
29 455 1
29 475 1
29 482 1
29 560 1
29 653 1
30 45 1
30 61 1
30 68 1
30 79 1
30 85 1
30 99 1
30 114 1
30 125 1
30 126 1
30 131 1
30 151 1
30 177 1
30 283 1
30 289 1
30 304 1
30 307 1
30 320 1
30 366 1
30 401 1
30 447 1
30 461 1
30 492 1
30 622 1
30 655 1
30 772 1
31 40 1
31 136 1
31 141 1
31 156 1
31 196 1
31 202 1
31 228 1
31 241 1
31 316 1
31 434 1
31 480 1
31 497 1
31 566 1
31 597 1
32 36 1
32 98 1
32 122 1
32 204 1
32 217 1
32 546 1
32 572 1
32 691 1
32 725 1
33 35 1
33 41 1
33 48 1
33 111 1
33 264 1
33 302 1
33 486 1
33 565 1
33 568 1
33 608 1
33 651 1
33 731 1
34 184 1
34 418 1
34 636 1
35 72 1
35 85 1
35 102 1
35 112 1
35 137 1
35 162 1
35 210 1
35 255 1
35 268 1
35 331 1
35 336 1
35 352 1
35 371 1
35 423 1
35 514 1
35 614 1
35 659 1
35 686 1
35 752 1
35 769 1
35 784 1
36 349 1
36 379 1
36 587 1
36 607 1
37 39 1
37 48 1
37 73 1
37 181 1
37 220 1
37 318 1
37 351 1
37 407 1
37 457 1
37 510 1
37 699 1
38 58 1
38 99 1
38 114 1
38 136 1
38 156 1
38 242 1
38 381 1
38 433 1
38 438 1
38 525 1
38 583 1
38 596 1
38 738 1
38 794 1
39 60 1
39 66 1
39 75 1
39 84 1
39 119 1
39 122 1
39 127 1
39 140 1
39 197 1
39 218 1
39 226 1
39 290 1
39 326 1
39 350 1
39 353 1
39 370 1
39 372 1
39 423 1
39 528 1
39 542 1
39 544 1
39 575 1
39 595 1
39 597 1
39 619 1
39 649 1
39 729 1
39 766 1
40 50 1
40 53 1
40 61 1
40 70 1
40 76 1
40 77 1
40 84 1
40 102 1
40 107 1
40 121 1
40 141 1
40 146 1
40 172 1
40 204 1
40 211 1
40 214 1
40 217 1
40 225 1
40 279 1
40 283 1
40 338 1
40 355 1
40 365 1
40 436 1
40 499 1
40 528 1
40 568 1
40 698 1
40 726 1
40 733 1
40 737 1
40 778 1
40 799 1
41 54 1
41 66 1
41 106 1
41 138 1
41 168 1
41 240 1
41 376 1
41 467 1
41 522 1
41 598 1
41 601 1
41 665 1
41 753 1
41 756 1
42 103 1
42 190 1
42 419 1
42 487 1
42 537 1
42 556 1
42 616 1
42 660 1
42 665 1
42 666 1
42 675 1
42 745 1
42 759 1
43 54 1
43 315 1
43 606 1
44 52 1
44 58 1
44 64 1
44 92 1
44 128 1
44 134 1
44 166 1
44 209 1
44 245 1
44 257 1
44 394 1
44 424 1
44 491 1
44 495 1
44 557 1
44 589 1
44 615 1
45 57 1
45 60 1
45 62 1
45 169 1
45 191 1
45 193 1
45 280 1
45 329 1
45 469 1
46 67 1
46 186 1
46 216 1
46 219 1
46 222 1
46 224 1
46 230 1
46 242 1
46 271 1
46 308 1
46 323 1
46 380 1
46 400 1
46 451 1
46 496 1
46 510 1
46 568 1
46 590 1
46 622 1
46 630 1
46 758 1
47 57 1
47 132 1
47 219 1
47 479 1
47 578 1
47 611 1
47 614 1
47 793 1
48 83 1
48 99 1
48 123 1
48 137 1
48 153 1
48 161 1
48 219 1
48 277 1
48 295 1
48 311 1
48 425 1
48 435 1
48 455 1
48 456 1
48 491 1
48 496 1
48 570 1
48 599 1
48 631 1
48 743 1
48 777 1
48 795 1
49 65 1
49 70 1
49 151 1
49 255 1
49 261 1
49 390 1
49 408 1
49 457 1
49 657 1
49 680 1
49 773 1
49 784 1
50 80 1
50 108 1
50 157 1
50 185 1
50 208 1
50 315 1
50 354 1
50 380 1
50 398 1
50 406 1
50 497 1
50 503 1
50 523 1
50 633 1
50 760 1
51 80 1
51 150 1
51 167 1
51 206 1
51 238 1
51 265 1
51 266 1
51 275 1
51 332 1
51 347 1
51 458 1
51 467 1
51 529 1
51 644 1
51 761 1
52 75 1
52 81 1
52 101 1
52 106 1
52 116 1
52 121 1
52 122 1
52 187 1
52 264 1
52 275 1
52 303 1
52 340 1
52 341 1
52 392 1
52 401 1
52 440 1
52 465 1
52 513 1
52 628 1
52 646 1
52 740 1
52 765 1
52 767 1
53 56 1
53 68 1
53 70 1
53 87 1
53 100 1
53 131 1
53 143 1
53 166 1
53 173 1
53 185 1
53 192 1
53 194 1
53 309 1
53 346 1
53 375 1
53 376 1
53 454 1
53 472 1
53 476 1
53 477 1
53 561 1
53 570 1
53 635 1
53 775 1
54 62 1
54 74 1
54 105 1
54 143 1
54 205 1
54 241 1
54 247 1
54 260 1
54 287 1
54 296 1
54 347 1
54 365 1
54 624 1
54 705 1
55 215 1
55 245 1
55 362 1
56 86 1
56 90 1
56 93 1
56 170 1
56 174 1
56 180 1
56 181 1
56 235 1
56 241 1
56 253 1
56 371 1
56 379 1
56 486 1
57 69 1
57 123 1
57 124 1
57 129 1
57 221 1
57 267 1
57 296 1
57 399 1
57 407 1
57 434 1
57 602 1
57 658 1
57 679 1
58 63 1
58 82 1
58 92 1
58 98 1
58 115 1
58 126 1
58 183 1
58 203 1
58 294 1
58 295 1
58 313 1
58 368 1
58 405 1
58 517 1
58 569 1
58 577 1
58 596 1
58 619 1
58 728 1
59 63 1
59 69 1
59 93 1
59 102 1
59 140 1
59 141 1
59 249 1
59 393 1
59 442 1
59 667 1
60 73 1
60 79 1
60 91 1
60 226 1
60 239 1
60 261 1
60 278 1
60 411 1
60 437 1
60 527 1
60 702 1
61 97 1
61 113 1
61 115 1
61 125 1
61 188 1
61 222 1
61 240 1
61 292 1
61 299 1
61 315 1
61 347 1
61 393 1
61 446 1
61 451 1
61 579 1
61 613 1
61 692 1
61 721 1
61 776 1
62 71 1
62 131 1
62 135 1
62 167 1
62 191 1
62 211 1
62 246 1
62 258 1
62 410 1
62 526 1
62 700 1
62 751 1
62 770 1
63 83 1
63 119 1
63 153 1
63 204 1
63 227 1
63 233 1
63 291 1
63 343 1
63 373 1
63 485 1
63 556 1
63 594 1
63 620 1
63 733 1
63 748 1
63 758 1
63 794 1
64 70 1
64 99 1
64 125 1
64 167 1
64 195 1
64 216 1
64 288 1
64 292 1
64 346 1
64 438 1
64 449 1
64 456 1
64 557 1
64 722 1
64 785 1
65 86 1
65 88 1
65 112 1
65 121 1
65 142 1
65 166 1
65 184 1
65 208 1
65 321 1
65 326 1
65 333 1
65 356 1
65 362 1
65 363 1
65 385 1
65 402 1
65 416 1
65 431 1
65 589 1
65 649 1
65 665 1
65 692 1
65 713 1
65 718 1
65 798 1
66 82 1
66 100 1
66 192 1
66 298 1
66 403 1
66 501 1
66 509 1
66 589 1
66 662 1
66 682 1
66 691 1
67 82 1
67 87 1
67 134 1
67 137 1
67 144 1
67 161 1
67 166 1
67 354 1
67 363 1
67 437 1
67 558 1
67 590 1
67 591 1
67 598 1
67 618 1
67 634 1
67 688 1
67 727 1
67 743 1
67 792 1
68 79 1
68 88 1
68 109 1
68 111 1
68 131 1
68 134 1
68 146 1
68 149 1
68 176 1
68 186 1
68 218 1
68 231 1
68 234 1
68 254 1
68 256 1
68 331 1
68 364 1
68 368 1
68 501 1
68 553 1
68 565 1
68 643 1
68 658 1
68 725 1
68 735 1
68 773 1
69 89 1
69 191 1
69 202 1
69 246 1
69 593 1
69 673 1
70 115 1
70 176 1
70 259 1
70 267 1
70 269 1
70 323 1
70 409 1
70 415 1
70 664 1
70 711 1
70 780 1
71 150 1
71 301 1
71 335 1
71 652 1
72 116 1
72 123 1
72 129 1
72 189 1
72 244 1
72 522 1
72 585 1
72 668 1
73 197 1
73 228 1
73 395 1
73 537 1
73 628 1
73 777 1
75 100 1
75 109 1
75 124 1
75 181 1
75 207 1
75 251 1
75 284 1
75 298 1
75 319 1
75 357 1
75 382 1
75 394 1
75 409 1
75 563 1
75 646 1
76 79 1
76 229 1
76 527 1
76 587 1
76 732 1
77 103 1
77 136 1
77 176 1
77 263 1
77 328 1
77 383 1
77 415 1
77 470 1
77 704 1
78 189 1
78 260 1
78 370 1
78 414 1
78 632 1
78 724 1
78 768 1
79 215 1
79 301 1
79 342 1
79 439 1
79 537 1
79 684 1
80 95 1
80 162 1
80 188 1
80 476 1
80 603 1
80 779 1
80 781 1
81 113 1
81 187 1
81 368 1
81 440 1
81 450 1
81 569 1
81 779 1
82 160 1
82 260 1
82 488 1
82 790 1
83 202 1
83 273 1
83 387 1
83 415 1
83 510 1
83 637 1
84 102 1
84 106 1
84 135 1
84 157 1
84 279 1
84 353 1
84 395 1
84 424 1
84 508 1
84 511 1
84 548 1
84 687 1
85 318 1
85 357 1
85 422 1
85 771 1
85 794 1
86 90 1
86 104 1
86 164 1
86 194 1
86 289 1
86 449 1
86 531 1
87 89 1
87 169 1
87 637 1
88 103 1
88 371 1
88 387 1
88 498 1
88 507 1
88 553 1
89 90 1
89 151 1
89 210 1
89 232 1
89 245 1
89 349 1
89 438 1
89 492 1
89 546 1
89 593 1
89 604 1
89 627 1
89 786 1
89 797 1
90 117 1
90 148 1
90 153 1
90 201 1
90 280 1
90 335 1
90 420 1
90 453 1
90 758 1
91 94 1
91 111 1
91 195 1
91 247 1
91 269 1
91 351 1
91 386 1
91 657 1
91 663 1
91 671 1
91 713 1
91 753 1
91 796 1
92 130 1
92 205 1
92 285 1
92 288 1
92 513 1
92 645 1
92 696 1
92 723 1
93 132 1
93 154 1
93 242 1
93 468 1
93 679 1
94 104 1
94 133 1
95 107 1
95 325 1
95 530 1
95 642 1
96 110 1
96 171 1
96 175 1
96 325 1
96 602 1
96 719 1
96 756 1
97 108 1
97 262 1
97 270 1
97 278 1
97 322 1
97 472 1
97 577 1
97 585 1
97 641 1
97 663 1
97 673 1
97 723 1
97 752 1
97 777 1
98 145 1
98 173 1
98 228 1
98 388 1
98 622 1
99 208 1
99 404 1
99 491 1
99 539 1
100 116 1
100 118 1
100 250 1
100 269 1
100 295 1
100 609 1
100 705 1
100 800 1
101 105 1
101 127 1
101 239 1
101 367 1
101 520 1
102 222 1
102 343 1
102 353 1
102 355 1
102 639 1
103 344 1
103 736 1
104 180 1
104 305 1
104 431 1
104 476 1
104 580 1
104 614 1
104 755 1
105 161 1
105 212 1
105 213 1
105 227 1
105 297 1
105 300 1
105 308 1
105 314 1
105 320 1
105 331 1
105 413 1
105 535 1
105 694 1
105 721 1
106 115 1
106 126 1
106 178 1
106 179 1
106 213 1
106 276 1
106 465 1
106 479 1
106 654 1
107 484 1
108 290 1
108 355 1
108 378 1
108 521 1
108 559 1
108 603 1
109 185 1
109 229 1
109 261 1
109 340 1
109 457 1
109 483 1
109 726 1
110 375 1
110 509 1
110 524 1
110 610 1
110 639 1
110 668 1
110 784 1
111 155 1
111 165 1
111 336 1
111 609 1
111 644 1
111 786 1
112 233 1
112 271 1
112 314 1
112 377 1
112 426 1
112 463 1
112 471 1
112 548 1
112 563 1
112 665 1
112 682 1
112 694 1
112 739 1
112 759 1
112 768 1
112 775 1
113 203 1
113 455 1
114 309 1
115 175 1
115 723 1
116 149 1
116 151 1
116 309 1
116 316 1
116 372 1
116 480 1
116 508 1
116 702 1
116 790 1
116 793 1
117 120 1
117 143 1
117 453 1
117 494 1
117 519 1
117 547 1
117 557 1
117 579 1
117 783 1
118 198 1
118 555 1
118 793 1
119 164 1
119 706 1
119 795 1
120 128 1
120 163 1
120 191 1
120 305 1
120 312 1
120 656 1
121 376 1
121 378 1
121 667 1
122 127 1
122 220 1
122 224 1
122 271 1
122 409 1
122 493 1
122 498 1
122 516 1
122 531 1
122 719 1
123 126 1
123 135 1
123 159 1
123 238 1
123 253 1
123 262 1
123 397 1
123 533 1
123 640 1
123 683 1
123 752 1
123 795 1
124 155 1
124 161 1
124 428 1
124 465 1
124 482 1
125 145 1
125 174 1
125 275 1
125 404 1
125 406 1
125 459 1
125 621 1
126 145 1
126 291 1
126 294 1
126 304 1
126 363 1
126 429 1
126 519 1
126 528 1
126 539 1
127 224 1
127 467 1
127 505 1
128 183 1
128 260 1
128 266 1
128 342 1
128 632 1
128 709 1
129 214 1
129 321 1
129 560 1
129 660 1
129 759 1
130 420 1
130 592 1
130 630 1
130 687 1
130 789 1
131 585 1
131 797 1
132 165 1
132 178 1
132 374 1
132 410 1
132 461 1
132 593 1
132 637 1
132 697 1
133 197 1
133 431 1
133 524 1
133 533 1
133 650 1
133 695 1
134 139 1
134 169 1
134 199 1
134 271 1
134 274 1
134 329 1
134 677 1
134 767 1
134 798 1
135 147 1
135 165 1
135 201 1
135 250 1
135 274 1
135 330 1
135 333 1
135 463 1
135 527 1
135 616 1
136 313 1
137 177 1
137 178 1
137 215 1
137 230 1
137 255 1
137 359 1
137 445 1
137 516 1
137 581 1
137 679 1
137 714 1
138 265 1
138 379 1
138 399 1
138 487 1
138 654 1
138 698 1
139 449 1
139 493 1
140 176 1
140 276 1
140 425 1
140 677 1
140 739 1
141 183 1
141 398 1
141 550 1
141 578 1
141 683 1
142 555 1
142 729 1
143 157 1
143 245 1
143 364 1
143 538 1
143 562 1
143 630 1
143 686 1
143 714 1
143 786 1
144 221 1
144 307 1
144 311 1
144 403 1
144 428 1
144 446 1
144 451 1
144 666 1
144 711 1
145 313 1
145 386 1
145 701 1
146 164 1
146 206 1
146 370 1
146 399 1
146 413 1
146 429 1
146 496 1
146 536 1
146 617 1
147 152 1
147 160 1
147 220 1
147 244 1
147 273 1
147 282 1
147 343 1
147 479 1
147 626 1
147 633 1
147 730 1
149 462 1
149 490 1
149 657 1
150 430 1
150 575 1
150 697 1
150 722 1
150 734 1
151 213 1
151 256 1
151 366 1
151 500 1
151 585 1
151 796 1
152 155 1
152 282 1
152 492 1
153 168 1
153 193 1
153 251 1
153 303 1
153 312 1
153 358 1
154 339 1
154 433 1
154 712 1
155 171 1
155 190 1
155 195 1
155 299 1
155 338 1
155 385 1
156 316 1
156 334 1
156 353 1
156 432 1
156 571 1
157 247 1
157 395 1
157 398 1
157 462 1
157 765 1
158 160 1
158 170 1
158 186 1
158 198 1
158 348 1
158 397 1
158 413 1
158 648 1
158 675 1
159 356 1
159 372 1
159 408 1
160 235 1
160 526 1
160 543 1
161 187 1
161 234 1
161 292 1
161 612 1
161 653 1
161 703 1
162 210 1
162 215 1
162 237 1
162 239 1
162 268 1
162 336 1
162 344 1
162 369 1
162 443 1
162 444 1
162 481 1
162 576 1
163 189 1
163 281 1
163 304 1
163 339 1
163 463 1
163 583 1
163 629 1
163 771 1
163 777 1
163 788 1
164 200 1
164 367 1
164 453 1
164 517 1
164 532 1
164 640 1
164 652 1
164 721 1
165 318 1
165 412 1
165 494 1
165 518 1
165 530 1
165 543 1
165 608 1
165 618 1
165 742 1
166 198 1
166 249 1
166 283 1
166 350 1
166 356 1
166 357 1
166 416 1
166 559 1
166 582 1
166 584 1
166 676 1
166 693 1
166 717 1
167 281 1
167 326 1
167 327 1
167 360 1
167 489 1
167 571 1
168 337 1
168 351 1
168 448 1
169 188 1
169 264 1
169 316 1
169 362 1
169 518 1
169 615 1
169 717 1
169 767 1
170 573 1
170 715 1
171 277 1
172 199 1
172 202 1
172 454 1
172 789 1
173 390 1
174 233 1
174 256 1
174 385 1
174 440 1
174 444 1
174 495 1
174 526 1
174 547 1
174 716 1
175 182 1
175 223 1
175 363 1
175 661 1
176 277 1
176 412 1
177 348 1
177 737 1
178 179 1
178 213 1
178 330 1
178 359 1
178 366 1
178 374 1
178 411 1
178 423 1
180 218 1
180 322 1
180 523 1
180 525 1
181 206 1
181 591 1
181 614 1
182 211 1
182 248 1
182 274 1
182 319 1
182 424 1
183 211 1
183 341 1
183 711 1
184 733 1
185 464 1
185 498 1
185 708 1
186 259 1
186 531 1
186 532 1
187 234 1
187 300 1
187 327 1
187 341 1
187 454 1
187 480 1
187 611 1
187 644 1
187 707 1
188 223 1
188 263 1
188 377 1
189 312 1
189 507 1
189 769 1
190 380 1
191 196 1
191 278 1
191 327 1
191 442 1
191 550 1
191 655 1
192 276 1
192 279 1
192 754 1
192 774 1
193 365 1
193 621 1
194 282 1
194 352 1
194 396 1
194 566 1
195 200 1
195 228 1
195 306 1
195 317 1
195 653 1
195 689 1
195 712 1
195 744 1
195 787 1
196 199 1
196 269 1
196 377 1
196 389 1
196 472 1
196 474 1
196 521 1
196 634 1
196 676 1
196 728 1
197 470 1
197 488 1
197 607 1
197 720 1
198 547 1
198 648 1
199 516 1
199 535 1
200 220 1
200 364 1
200 450 1
200 505 1
200 506 1
200 672 1
201 226 1
201 273 1
201 302 1
201 417 1
202 367 1
202 581 1
202 709 1
203 248 1
203 264 1
203 766 1
204 297 1
204 303 1
204 354 1
204 414 1
204 442 1
204 748 1
205 216 1
205 287 1
205 400 1
205 412 1
205 427 1
205 434 1
205 452 1
205 468 1
205 478 1
205 513 1
206 344 1
206 704 1
206 740 1
207 349 1
207 466 1
207 674 1
207 729 1
208 231 1
208 383 1
208 474 1
209 287 1
209 288 1
209 305 1
209 329 1
209 342 1
210 225 1
210 582 1
210 611 1
210 728 1
211 299 1
211 341 1
211 440 1
213 437 1
213 475 1
213 496 1
215 301 1
215 433 1
215 661 1
215 783 1
216 236 1
216 274 1
216 285 1
216 297 1
216 315 1
216 345 1
216 459 1
217 426 1
217 508 1
217 576 1
217 792 1
218 246 1
218 374 1
218 516 1
218 523 1
218 676 1
218 678 1
218 705 1
219 526 1
219 582 1
220 332 1
220 389 1
220 601 1
220 621 1
221 295 1
221 444 1
221 536 1
221 646 1
222 272 1
222 286 1
222 753 1
223 258 1
223 308 1
223 638 1
224 328 1
224 347 1
224 675 1
225 288 1
225 450 1
225 660 1
225 662 1
226 340 1
226 391 1
226 392 1
226 495 1
226 511 1
226 629 1
226 707 1
228 333 1
228 394 1
228 410 1
228 504 1
228 577 1
228 638 1
229 340 1
229 381 1
229 404 1
229 652 1
229 703 1
230 252 1
230 382 1
230 564 1
230 747 1
231 286 1
231 323 1
231 427 1
231 445 1
232 667 1
233 310 1
233 560 1
233 703 1
234 238 1
234 344 1
234 419 1
234 574 1
235 254 1
235 259 1
235 351 1
235 376 1
235 594 1
235 772 1
236 311 1
236 391 1
237 429 1
237 506 1
237 688 1
238 253 1
238 429 1
238 502 1
238 561 1
238 600 1
238 640 1
238 654 1
239 257 1
239 292 1
239 520 1
240 314 1
240 320 1
240 382 1
241 441 1
241 567 1
242 381 1
242 397 1
242 460 1
242 575 1
242 593 1
242 685 1
242 780 1
243 331 1
243 373 1
243 605 1
244 343 1
245 268 1
245 297 1
246 291 1
246 393 1
246 671 1
247 485 1
247 521 1
247 534 1
247 606 1
247 617 1
247 725 1
249 284 1
249 717 1
249 745 1
251 542 1
251 605 1
251 754 1
252 391 1
252 545 1
252 776 1
253 272 1
253 559 1
254 448 1
254 506 1
254 645 1
255 263 1
255 309 1
255 598 1
256 361 1
256 716 1
257 294 1
257 348 1
257 378 1
257 436 1
257 462 1
257 569 1
257 651 1
257 685 1
257 751 1
257 784 1
258 420 1
258 435 1
259 442 1
259 584 1
259 588 1
259 691 1
259 722 1
260 568 1
260 595 1
261 366 1
261 494 1
262 383 1
262 400 1
262 674 1
262 736 1
263 427 1
263 655 1
263 732 1
264 599 1
264 641 1
265 499 1
266 275 1
267 768 1
268 365 1
268 714 1
268 789 1
269 290 1
269 369 1
269 627 1
270 302 1
270 663 1
272 321 1
272 352 1
272 361 1
273 279 1
273 281 1
273 338 1
273 352 1
273 439 1
273 501 1
274 306 1
274 337 1
274 418 1
274 503 1
274 626 1
274 738 1
275 439 1
276 294 1
276 327 1
276 549 1
276 550 1
276 573 1
277 342 1
278 282 1
280 508 1
280 657 1
281 317 1
281 539 1
281 774 1
281 775 1
282 421 1
282 594 1
283 384 1
284 607 1
284 625 1
285 534 1
285 660 1
286 289 1
287 400 1
287 460 1
287 587 1
287 678 1
287 689 1
287 710 1
287 769 1
288 317 1
288 411 1
288 499 1
288 539 1
288 743 1
288 755 1
289 677 1
290 364 1
290 432 1
290 485 1
290 730 1
290 757 1
290 791 1
291 536 1
292 388 1
292 501 1
292 505 1
293 300 1
294 337 1
294 369 1
295 443 1
295 561 1
295 635 1
296 308 1
296 310 1
296 314 1
296 373 1
296 477 1
296 542 1
298 745 1
299 306 1
299 674 1
300 319 1
300 348 1
300 468 1
301 482 1
301 698 1
301 746 1
302 413 1
302 445 1
302 497 1
302 786 1
304 500 1
304 504 1
305 671 1
307 369 1
307 474 1
307 514 1
307 578 1
307 650 1
307 663 1
307 742 1
307 750 1
307 776 1
307 785 1
308 699 1
311 324 1
311 393 1
311 403 1
311 466 1
311 524 1
311 549 1
311 590 1
311 608 1
311 701 1
312 445 1
312 537 1
312 561 1
312 596 1
312 610 1
313 402 1
314 417 1
314 540 1
314 567 1
314 740 1
314 766 1
315 523 1
315 552 1
315 641 1
316 419 1
316 489 1
316 512 1
316 583 1
316 733 1
316 783 1
317 456 1
317 588 1
319 502 1
321 541 1
321 583 1
321 659 1
321 670 1
322 329 1
322 509 1
322 534 1
322 718 1
323 551 1
325 455 1
325 463 1
325 487 1
325 662 1
326 395 1
326 636 1
327 475 1
327 761 1
328 773 1
330 410 1
330 567 1
330 706 1
331 418 1
331 448 1
331 456 1
331 521 1
331 528 1
331 532 1
331 631 1
331 634 1
331 677 1
332 698 1
333 631 1
334 736 1
335 390 1
335 702 1
336 482 1
336 696 1
336 710 1
337 361 1
337 417 1
337 489 1
337 768 1
337 788 1
339 484 1
339 573 1
339 598 1
339 734 1
340 446 1
340 507 1
340 627 1
340 770 1
341 386 1
341 396 1
341 471 1
341 650 1
343 540 1
344 554 1
347 727 1
350 387 1
350 473 1
350 486 1
350 504 1
350 586 1
350 719 1
350 760 1
350 795 1
351 390 1
351 392 1
351 636 1
351 671 1
352 430 1
353 560 1
354 436 1
358 481 1
359 414 1
359 595 1
360 670 1
360 703 1
361 409 1
361 572 1
362 385 1
362 661 1
363 402 1
364 479 1
364 690 1
365 414 1
365 436 1
365 532 1
366 407 1
366 543 1
367 432 1
367 466 1
367 473 1
367 700 1
368 723 1
368 743 1
369 478 1
369 643 1
370 798 1
371 750 1
372 639 1
372 682 1
373 542 1
373 620 1
374 389 1
374 515 1
375 421 1
375 715 1
376 493 1
378 586 1
378 799 1
379 642 1
380 406 1
380 503 1
381 428 1
381 488 1
381 541 1
382 411 1
382 494 1
382 740 1
385 495 1
386 774 1
389 635 1
390 551 1
391 584 1
391 696 1
391 757 1
392 408 1
393 469 1
393 599 1
393 747 1
394 553 1
394 706 1
394 799 1
396 460 1
396 592 1
396 609 1
397 403 1
397 591 1
397 634 1
397 668 1
397 797 1
398 422 1
398 461 1
398 481 1
398 529 1
398 762 1
399 401 1
400 515 1
400 541 1
400 613 1
400 673 1
401 451 1
401 632 1
402 435 1
403 428 1
403 610 1
403 624 1
403 653 1
403 689 1
404 464 1
404 529 1
405 454 1
405 580 1
405 612 1
407 574 1
407 596 1
408 601 1
409 415 1
409 682 1
409 741 1
410 467 1
410 558 1
411 439 1
412 423 1
413 611 1
413 716 1
414 512 1
414 649 1
415 600 1
416 447 1
416 468 1
417 487 1
417 530 1
417 676 1
418 473 1
418 628 1
420 458 1
420 484 1
420 581 1
420 600 1
420 616 1
420 762 1
421 509 1
421 607 1
421 679 1
421 749 1
422 617 1
424 695 1
426 592 1
426 605 1
427 447 1
427 452 1
427 485 1
427 791 1
428 438 1
428 616 1
428 623 1
428 624 1
429 555 1
429 631 1
429 742 1
432 533 1
434 500 1
434 514 1
435 483 1
436 476 1
436 545 1
436 574 1
436 756 1
437 576 1
437 778 1
438 615 1
438 642 1
439 470 1
439 477 1
439 500 1
439 566 1
439 603 1
439 638 1
439 678 1
441 595 1
443 490 1
445 567 1
445 626 1
445 780 1
448 531 1
449 525 1
451 664 1
451 701 1
451 757 1
452 578 1
452 681 1
453 510 1
453 712 1
453 791 1
455 681 1
456 497 1
456 650 1
456 700 1
457 472 1
457 621 1
459 550 1
459 669 1
459 749 1
460 506 1
460 553 1
460 763 1
460 787 1
461 732 1
462 544 1
462 589 1
462 798 1
464 710 1
465 708 1
466 713 1
467 552 1
467 708 1
469 546 1
469 694 1
470 782 1
473 499 1
475 641 1
477 704 1
478 620 1
479 502 1
479 545 1
479 637 1
481 727 1
481 729 1
481 746 1
481 772 1
484 652 1
485 512 1
487 731 1
488 623 1
488 718 1
490 680 1
490 689 1
490 714 1
493 511 1
493 524 1
493 770 1
494 735 1
495 514 1
495 534 1
500 712 1
501 572 1
502 515 1
503 522 1
504 709 1
505 651 1
505 701 1
506 604 1
506 647 1
507 604 1
507 696 1
508 741 1
511 639 1
513 625 1
514 580 1
514 783 1
516 762 1
517 626 1
517 640 1
517 664 1
517 668 1
518 530 1
518 544 1
519 536 1
519 543 1
519 702 1
520 771 1
521 764 1
522 651 1
522 690 1
522 699 1
523 695 1
525 573 1
525 643 1
525 709 1
525 794 1
526 690 1
527 564 1
528 673 1
528 680 1
529 730 1
531 627 1
531 672 1
531 747 1
533 731 1
537 635 1
539 574 1
539 717 1
545 613 1
547 658 1
548 625 1
550 793 1
551 647 1
552 615 1
552 629 1
556 755 1
557 684 1
558 741 1
559 680 1
559 694 1
563 785 1
564 690 1
564 734 1
564 800 1
567 758 1
568 693 1
569 572 1
569 605 1
569 763 1
570 762 1
578 770 1
579 602 1
579 620 1
579 711 1
581 592 1
593 669 1
593 763 1
594 608 1
594 672 1
596 720 1
596 781 1
597 678 1
597 720 1
597 748 1
600 734 1
609 684 1
609 697 1
609 788 1
611 744 1
613 617 1
613 751 1
613 752 1
618 736 1
618 769 1
619 797 1
620 713 1
623 647 1
625 755 1
628 632 1
630 707 1
630 789 1
633 726 1
633 737 1
638 670 1
638 700 1
640 771 1
643 708 1
644 775 1
645 692 1
649 754 1
651 685 1
658 781 1
669 764 1
674 720 1
681 787 1
690 760 1
690 796 1
694 699 1
694 772 1
694 780 1
707 757 1
709 779 1
713 748 1
721 778 1
724 764 1
725 738 1
729 800 1
731 800 1
732 792 1
737 764 1
742 776 1
744 778 1
748 782 1
757 781 1
