100 382 
1 5 1
1 12 1
1 13 1
1 16 1
1 19 1
1 55 1
1 81 1
1 88 1
2 5 1
2 6 1
2 7 1
2 8 1
2 9 1
2 15 1
2 25 1
2 32 1
2 36 1
2 43 1
2 50 1
2 61 1
2 65 1
2 68 1
2 71 1
2 77 1
2 79 1
2 88 1
2 92 1
3 5 1
3 6 1
3 7 1
3 10 1
3 15 1
3 16 1
3 17 1
3 20 1
3 29 1
3 31 1
3 38 1
3 39 1
3 45 1
3 49 1
3 52 1
3 53 1
3 56 1
3 59 1
3 78 1
3 84 1
3 97 1
4 5 1
4 6 1
4 7 1
4 9 1
4 11 1
4 17 1
4 23 1
4 24 1
4 31 1
4 41 1
4 54 1
4 57 1
4 62 1
4 85 1
4 93 1
4 99 1
5 6 1
5 7 1
5 8 1
5 9 1
5 10 1
5 11 1
5 12 1
5 13 1
5 14 1
5 15 1
5 20 1
5 23 1
5 24 1
5 26 1
5 28 1
5 29 1
5 30 1
5 33 1
5 34 1
5 35 1
5 36 1
5 37 1
5 40 1
5 41 1
5 42 1
5 45 1
5 47 1
5 48 1
5 60 1
5 61 1
5 63 1
5 83 1
5 85 1
5 86 1
5 89 1
5 90 1
5 93 1
5 94 1
5 95 1
5 100 1
6 8 1
6 10 1
6 11 1
6 13 1
6 14 1
6 20 1
6 22 1
6 27 1
6 30 1
6 69 1
6 70 1
6 76 1
6 78 1
6 83 1
7 8 1
7 9 1
7 11 1
7 13 1
7 18 1
7 19 1
7 34 1
7 38 1
7 40 1
7 41 1
7 45 1
7 46 1
7 56 1
7 62 1
7 72 1
7 73 1
8 14 1
8 21 1
8 46 1
8 60 1
9 10 1
9 12 1
9 16 1
9 17 1
9 19 1
9 21 1
9 33 1
9 39 1
9 42 1
9 51 1
9 56 1
9 61 1
9 69 1
10 12 1
10 18 1
10 26 1
10 27 1
10 28 1
10 33 1
10 37 1
10 43 1
10 44 1
10 51 1
10 52 1
10 56 1
10 58 1
10 59 1
10 67 1
10 71 1
10 73 1
10 78 1
10 80 1
10 87 1
10 96 1
10 99 1
11 18 1
11 23 1
11 29 1
11 33 1
11 57 1
11 62 1
11 95 1
11 98 1
12 14 1
12 26 1
12 27 1
12 38 1
12 43 1
12 55 1
12 60 1
12 65 1
12 70 1
12 89 1
13 16 1
13 18 1
13 25 1
13 44 1
13 48 1
13 53 1
13 73 1
13 75 1
13 76 1
13 78 1
13 81 1
13 97 1
14 17 1
14 21 1
14 22 1
14 24 1
14 25 1
14 26 1
14 30 1
14 31 1
14 35 1
14 36 1
14 51 1
14 54 1
14 68 1
14 69 1
14 70 1
14 72 1
14 90 1
14 92 1
14 96 1
15 20 1
15 32 1
15 49 1
15 55 1
15 68 1
15 98 1
16 91 1
17 19 1
17 21 1
17 27 1
17 32 1
17 40 1
17 42 1
17 49 1
17 50 1
17 59 1
17 67 1
17 80 1
17 81 1
17 85 1
17 90 1
18 22 1
18 28 1
18 44 1
18 88 1
19 39 1
19 45 1
19 55 1
19 82 1
20 22 1
20 48 1
20 64 1
20 75 1
21 23 1
21 46 1
21 64 1
22 24 1
22 79 1
22 89 1
23 25 1
23 40 1
23 42 1
23 44 1
23 49 1
23 53 1
23 60 1
23 63 1
23 66 1
23 95 1
24 32 1
24 54 1
24 71 1
24 86 1
25 36 1
25 39 1
25 43 1
25 47 1
26 29 1
26 31 1
26 34 1
26 37 1
26 52 1
26 63 1
26 65 1
26 73 1
26 76 1
26 94 1
27 28 1
27 57 1
27 72 1
28 80 1
28 97 1
29 30 1
29 35 1
29 53 1
29 64 1
29 65 1
29 67 1
29 92 1
30 66 1
30 68 1
31 35 1
31 82 1
31 83 1
31 86 1
31 91 1
32 41 1
32 89 1
33 38 1
33 47 1
33 50 1
33 62 1
34 37 1
34 66 1
34 84 1
35 75 1
35 98 1
36 52 1
36 57 1
37 46 1
37 48 1
37 58 1
37 84 1
38 51 1
38 72 1
39 77 1
40 99 1
42 47 1
42 50 1
42 93 1
42 98 1
42 100 1
43 96 1
44 59 1
44 81 1
44 87 1
45 61 1
46 74 1
47 58 1
47 63 1
47 82 1
48 66 1
48 74 1
48 75 1
50 84 1
51 80 1
51 83 1
51 100 1
52 54 1
52 58 1
55 64 1
55 77 1
55 92 1
56 77 1
56 88 1
57 74 1
58 67 1
58 70 1
58 86 1
58 87 1
59 79 1
59 85 1
59 93 1
59 94 1
61 69 1
61 100 1
62 74 1
63 76 1
63 87 1
63 97 1
64 71 1
70 90 1
71 94 1
74 91 1
76 82 1
77 79 1
78 96 1
85 95 1
85 99 1
89 91 1
