1400 5582 
1 5 1
1 8 1
1 10 1
1 12 1
1 32 1
1 82 1
1 86 1
1 148 1
1 158 1
1 202 1
1 259 1
1 270 1
1 325 1
1 361 1
1 403 1
1 437 1
1 470 1
1 510 1
1 731 1
1 774 1
1 851 1
1 882 1
1 942 1
1 990 1
1 1032 1
1 1086 1
1 1141 1
1 1354 1
1 1400 1
2 5 1
2 6 1
2 7 1
2 9 1
2 13 1
2 15 1
2 16 1
2 22 1
2 29 1
2 30 1
2 31 1
2 33 1
2 39 1
2 40 1
2 50 1
2 57 1
2 66 1
2 68 1
2 89 1
2 103 1
2 125 1
2 146 1
2 173 1
2 176 1
2 208 1
2 241 1
2 256 1
2 280 1
2 294 1
2 300 1
2 316 1
2 328 1
2 385 1
2 414 1
2 459 1
2 464 1
2 473 1
2 481 1
2 490 1
2 494 1
2 539 1
2 590 1
2 592 1
2 595 1
2 599 1
2 655 1
2 712 1
2 729 1
2 774 1
2 807 1
2 865 1
2 934 1
2 949 1
2 953 1
2 979 1
2 1072 1
2 1085 1
2 1122 1
2 1193 1
2 1236 1
2 1305 1
2 1364 1
2 1384 1
3 5 1
3 6 1
3 7 1
3 10 1
3 11 1
3 13 1
3 34 1
3 40 1
3 46 1
3 69 1
3 90 1
3 121 1
3 190 1
3 202 1
3 214 1
3 222 1
3 252 1
3 278 1
3 279 1
3 470 1
3 568 1
3 618 1
3 639 1
3 684 1
3 708 1
3 779 1
3 1054 1
3 1070 1
3 1155 1
3 1156 1
3 1179 1
3 1234 1
4 5 1
4 6 1
4 7 1
4 8 1
4 9 1
4 11 1
4 12 1
4 18 1
4 20 1
4 30 1
4 32 1
4 96 1
4 124 1
4 144 1
4 157 1
4 161 1
4 194 1
4 195 1
4 199 1
4 200 1
4 203 1
4 207 1
4 249 1
4 250 1
4 282 1
4 290 1
4 321 1
4 342 1
4 381 1
4 387 1
4 390 1
4 419 1
4 428 1
4 508 1
4 512 1
4 529 1
4 545 1
4 562 1
4 581 1
4 605 1
4 619 1
4 647 1
4 657 1
4 673 1
4 697 1
4 787 1
4 797 1
4 837 1
4 869 1
4 871 1
4 917 1
4 939 1
4 940 1
4 976 1
4 1013 1
4 1036 1
4 1049 1
4 1121 1
4 1178 1
4 1187 1
4 1215 1
4 1360 1
4 1385 1
5 6 1
5 7 1
5 8 1
5 9 1
5 10 1
5 11 1
5 12 1
5 14 1
5 16 1
5 18 1
5 20 1
5 21 1
5 22 1
5 23 1
5 25 1
5 26 1
5 27 1
5 28 1
5 34 1
5 37 1
5 40 1
5 41 1
5 44 1
5 53 1
5 54 1
5 57 1
5 58 1
5 71 1
5 73 1
5 75 1
5 80 1
5 86 1
5 96 1
5 100 1
5 102 1
5 105 1
5 106 1
5 107 1
5 112 1
5 113 1
5 114 1
5 118 1
5 119 1
5 120 1
5 130 1
5 134 1
5 135 1
5 151 1
5 156 1
5 161 1
5 164 1
5 173 1
5 181 1
5 184 1
5 192 1
5 193 1
5 195 1
5 211 1
5 214 1
5 217 1
5 220 1
5 238 1
5 245 1
5 250 1
5 258 1
5 277 1
5 286 1
5 316 1
5 322 1
5 330 1
5 337 1
5 361 1
5 369 1
5 387 1
5 396 1
5 400 1
5 410 1
5 441 1
5 469 1
5 470 1
5 486 1
5 487 1
5 509 1
5 516 1
5 519 1
5 532 1
5 557 1
5 569 1
5 573 1
5 598 1
5 604 1
5 611 1
5 613 1
5 615 1
5 617 1
5 687 1
5 690 1
5 698 1
5 702 1
5 710 1
5 716 1
5 723 1
5 725 1
5 741 1
5 742 1
5 746 1
5 755 1
5 757 1
5 759 1
5 769 1
5 799 1
5 807 1
5 827 1
5 844 1
5 845 1
5 850 1
5 862 1
5 868 1
5 881 1
5 887 1
5 897 1
5 900 1
5 903 1
5 907 1
5 920 1
5 956 1
5 985 1
5 991 1
5 1025 1
5 1027 1
5 1028 1
5 1038 1
5 1046 1
5 1096 1
5 1105 1
5 1118 1
5 1133 1
5 1149 1
5 1150 1
5 1154 1
5 1197 1
5 1202 1
5 1220 1
5 1287 1
5 1294 1
5 1357 1
5 1374 1
5 1384 1
5 1398 1
6 9 1
6 11 1
6 13 1
6 24 1
6 30 1
6 35 1
6 40 1
6 43 1
6 55 1
6 58 1
6 61 1
6 71 1
6 72 1
6 73 1
6 81 1
6 85 1
6 88 1
6 103 1
6 117 1
6 126 1
6 140 1
6 152 1
6 183 1
6 187 1
6 193 1
6 203 1
6 219 1
6 231 1
6 263 1
6 264 1
6 296 1
6 302 1
6 306 1
6 313 1
6 355 1
6 413 1
6 476 1
6 485 1
6 536 1
6 583 1
6 592 1
6 625 1
6 640 1
6 645 1
6 647 1
6 656 1
6 688 1
6 725 1
6 735 1
6 738 1
6 747 1
6 768 1
6 782 1
6 793 1
6 821 1
6 837 1
6 884 1
6 894 1
6 940 1
6 946 1
6 958 1
6 989 1
6 1097 1
6 1134 1
6 1219 1
6 1227 1
6 1238 1
6 1262 1
6 1328 1
6 1340 1
6 1348 1
6 1359 1
6 1380 1
7 8 1
7 17 1
7 23 1
7 35 1
7 42 1
7 69 1
7 94 1
7 125 1
7 143 1
7 165 1
7 166 1
7 171 1
7 176 1
7 255 1
7 323 1
7 342 1
7 356 1
7 359 1
7 366 1
7 438 1
7 443 1
7 459 1
7 526 1
7 583 1
7 620 1
7 664 1
7 676 1
7 696 1
7 782 1
7 802 1
7 822 1
7 831 1
7 846 1
7 847 1
7 880 1
7 978 1
7 988 1
7 1210 1
7 1233 1
7 1255 1
7 1295 1
7 1394 1
8 10 1
8 14 1
8 15 1
8 25 1
8 26 1
8 29 1
8 44 1
8 48 1
8 49 1
8 83 1
8 87 1
8 91 1
8 120 1
8 178 1
8 245 1
8 280 1
8 291 1
8 373 1
8 458 1
8 518 1
8 520 1
8 563 1
8 564 1
8 567 1
8 598 1
8 615 1
8 616 1
8 631 1
8 648 1
8 774 1
8 776 1
8 866 1
8 1060 1
8 1137 1
8 1179 1
8 1261 1
8 1279 1
8 1344 1
8 1346 1
9 13 1
9 14 1
9 15 1
9 16 1
9 21 1
9 27 1
9 35 1
9 38 1
9 47 1
9 49 1
9 64 1
9 68 1
9 85 1
9 125 1
9 150 1
9 163 1
9 191 1
9 227 1
9 228 1
9 241 1
9 247 1
9 256 1
9 257 1
9 384 1
9 415 1
9 538 1
9 637 1
9 656 1
9 731 1
9 747 1
9 779 1
9 827 1
9 857 1
9 892 1
9 909 1
9 985 1
9 1127 1
9 1202 1
9 1308 1
9 1350 1
10 14 1
10 39 1
10 51 1
10 53 1
10 54 1
10 60 1
10 67 1
10 82 1
10 92 1
10 139 1
10 147 1
10 154 1
10 157 1
10 176 1
10 180 1
10 248 1
10 298 1
10 311 1
10 312 1
10 317 1
10 318 1
10 352 1
10 380 1
10 444 1
10 453 1
10 469 1
10 576 1
10 584 1
10 634 1
10 690 1
10 698 1
10 709 1
10 750 1
10 752 1
10 822 1
10 829 1
10 874 1
10 966 1
10 998 1
10 1000 1
10 1053 1
10 1123 1
10 1130 1
10 1131 1
10 1168 1
10 1177 1
10 1267 1
10 1334 1
10 1349 1
11 12 1
11 19 1
11 22 1
11 27 1
11 31 1
11 32 1
11 36 1
11 43 1
11 46 1
11 50 1
11 58 1
11 66 1
11 70 1
11 80 1
11 87 1
11 93 1
11 99 1
11 106 1
11 107 1
11 119 1
11 122 1
11 166 1
11 175 1
11 186 1
11 196 1
11 206 1
11 237 1
11 251 1
11 282 1
11 303 1
11 331 1
11 366 1
11 371 1
11 374 1
11 415 1
11 447 1
11 463 1
11 474 1
11 487 1
11 507 1
11 548 1
11 577 1
11 581 1
11 583 1
11 584 1
11 586 1
11 612 1
11 616 1
11 623 1
11 629 1
11 649 1
11 661 1
11 713 1
11 716 1
11 793 1
11 841 1
11 894 1
11 897 1
11 905 1
11 912 1
11 944 1
11 946 1
11 971 1
11 973 1
11 1029 1
11 1035 1
11 1039 1
11 1042 1
11 1060 1
11 1074 1
11 1080 1
11 1117 1
11 1152 1
11 1227 1
11 1243 1
11 1246 1
11 1300 1
11 1327 1
11 1343 1
11 1362 1
12 16 1
12 93 1
12 98 1
12 102 1
12 147 1
12 169 1
12 170 1
12 405 1
12 502 1
12 811 1
12 857 1
12 975 1
12 1304 1
12 1371 1
13 17 1
13 19 1
13 20 1
13 22 1
13 23 1
13 30 1
13 37 1
13 43 1
13 45 1
13 47 1
13 56 1
13 58 1
13 60 1
13 62 1
13 72 1
13 111 1
13 165 1
13 183 1
13 216 1
13 239 1
13 240 1
13 267 1
13 319 1
13 332 1
13 376 1
13 412 1
13 440 1
13 461 1
13 482 1
13 494 1
13 531 1
13 551 1
13 557 1
13 603 1
13 604 1
13 743 1
13 781 1
13 877 1
13 881 1
13 902 1
13 969 1
13 988 1
13 995 1
13 1022 1
13 1033 1
13 1146 1
13 1148 1
13 1177 1
13 1273 1
13 1283 1
13 1284 1
13 1293 1
13 1328 1
13 1339 1
13 1388 1
13 1390 1
14 15 1
14 17 1
14 21 1
14 24 1
14 25 1
14 29 1
14 51 1
14 55 1
14 57 1
14 64 1
14 68 1
14 74 1
14 78 1
14 103 1
14 172 1
14 219 1
14 229 1
14 272 1
14 273 1
14 275 1
14 308 1
14 313 1
14 322 1
14 335 1
14 336 1
14 338 1
14 356 1
14 361 1
14 362 1
14 365 1
14 372 1
14 374 1
14 389 1
14 428 1
14 433 1
14 500 1
14 528 1
14 533 1
14 551 1
14 607 1
14 641 1
14 678 1
14 679 1
14 703 1
14 741 1
14 792 1
14 818 1
14 848 1
14 869 1
14 910 1
14 936 1
14 972 1
14 986 1
14 1014 1
14 1016 1
14 1026 1
14 1029 1
14 1034 1
14 1051 1
14 1087 1
14 1091 1
14 1103 1
14 1238 1
14 1276 1
14 1286 1
14 1332 1
15 18 1
15 36 1
15 65 1
15 105 1
15 106 1
15 322 1
15 375 1
15 503 1
15 680 1
15 746 1
15 880 1
15 890 1
15 921 1
15 1107 1
15 1228 1
16 17 1
16 18 1
16 19 1
16 25 1
16 26 1
16 27 1
16 33 1
16 34 1
16 75 1
16 85 1
16 89 1
16 97 1
16 98 1
16 109 1
16 115 1
16 134 1
16 148 1
16 155 1
16 179 1
16 184 1
16 218 1
16 232 1
16 236 1
16 275 1
16 305 1
16 315 1
16 364 1
16 382 1
16 407 1
16 427 1
16 437 1
16 484 1
16 503 1
16 528 1
16 542 1
16 558 1
16 564 1
16 637 1
16 666 1
16 669 1
16 702 1
16 726 1
16 783 1
16 845 1
16 847 1
16 962 1
16 994 1
16 996 1
16 998 1
16 1067 1
16 1071 1
16 1147 1
16 1151 1
16 1168 1
16 1173 1
16 1212 1
16 1246 1
16 1393 1
17 19 1
17 74 1
17 92 1
17 130 1
17 155 1
17 247 1
17 309 1
17 346 1
17 358 1
17 617 1
17 745 1
17 910 1
18 20 1
18 21 1
18 23 1
18 24 1
18 28 1
18 33 1
18 39 1
18 42 1
18 45 1
18 48 1
18 52 1
18 68 1
18 69 1
18 86 1
18 99 1
18 100 1
18 127 1
18 137 1
18 139 1
18 141 1
18 185 1
18 192 1
18 193 1
18 200 1
18 203 1
18 243 1
18 269 1
18 286 1
18 300 1
18 332 1
18 346 1
18 354 1
18 363 1
18 366 1
18 367 1
18 392 1
18 404 1
18 436 1
18 450 1
18 464 1
18 475 1
18 486 1
18 488 1
18 494 1
18 514 1
18 559 1
18 577 1
18 582 1
18 679 1
18 753 1
18 819 1
18 849 1
18 859 1
18 873 1
18 982 1
18 1035 1
18 1078 1
18 1115 1
18 1134 1
18 1155 1
18 1278 1
18 1288 1
18 1329 1
18 1331 1
18 1341 1
18 1357 1
18 1380 1
19 36 1
19 37 1
19 50 1
19 61 1
19 62 1
19 70 1
19 77 1
19 95 1
19 97 1
19 113 1
19 122 1
19 144 1
19 145 1
19 148 1
19 159 1
19 177 1
19 178 1
19 205 1
19 234 1
19 235 1
19 284 1
19 294 1
19 301 1
19 313 1
19 320 1
19 345 1
19 377 1
19 397 1
19 416 1
19 439 1
19 541 1
19 553 1
19 597 1
19 625 1
19 669 1
19 677 1
19 698 1
19 701 1
19 751 1
19 757 1
19 775 1
19 818 1
19 836 1
19 858 1
19 981 1
19 1020 1
19 1258 1
19 1283 1
19 1306 1
19 1392 1
20 24 1
20 74 1
20 94 1
20 104 1
20 186 1
20 228 1
20 238 1
20 307 1
20 609 1
20 1114 1
20 1184 1
20 1278 1
20 1360 1
21 31 1
21 33 1
21 34 1
21 38 1
21 67 1
21 104 1
21 171 1
21 178 1
21 254 1
21 257 1
21 286 1
21 388 1
21 560 1
21 686 1
21 703 1
21 744 1
21 770 1
21 776 1
21 808 1
21 824 1
21 861 1
21 935 1
21 948 1
21 977 1
21 1054 1
21 1095 1
21 1187 1
21 1198 1
21 1199 1
21 1386 1
22 28 1
22 38 1
22 52 1
22 59 1
22 78 1
22 110 1
22 111 1
22 116 1
22 118 1
22 119 1
22 177 1
22 199 1
22 243 1
22 246 1
22 287 1
22 350 1
22 362 1
22 390 1
22 591 1
22 724 1
22 730 1
22 866 1
22 1056 1
22 1092 1
22 1130 1
22 1209 1
22 1238 1
22 1261 1
22 1270 1
23 32 1
23 43 1
23 49 1
23 63 1
23 112 1
23 129 1
23 143 1
23 152 1
23 183 1
23 213 1
23 417 1
23 422 1
23 452 1
23 482 1
23 489 1
23 579 1
23 590 1
23 608 1
23 686 1
23 695 1
23 821 1
23 829 1
23 895 1
23 1198 1
23 1298 1
24 26 1
24 42 1
24 47 1
24 56 1
24 83 1
24 84 1
24 94 1
24 95 1
24 107 1
24 126 1
24 169 1
24 186 1
24 234 1
24 288 1
24 327 1
24 333 1
24 347 1
24 466 1
24 570 1
24 582 1
24 731 1
24 832 1
24 868 1
24 962 1
24 1303 1
24 1304 1
24 1307 1
25 46 1
25 76 1
25 78 1
25 88 1
25 187 1
25 223 1
25 229 1
25 325 1
25 361 1
25 584 1
25 623 1
25 626 1
25 685 1
25 931 1
25 1184 1
25 1274 1
25 1350 1
25 1395 1
26 60 1
26 62 1
26 73 1
26 89 1
26 111 1
26 136 1
26 150 1
26 204 1
26 209 1
26 451 1
26 585 1
26 622 1
26 728 1
26 748 1
26 879 1
26 1107 1
27 28 1
27 29 1
27 47 1
27 49 1
27 52 1
27 63 1
27 77 1
27 116 1
27 125 1
27 143 1
27 200 1
27 279 1
27 315 1
27 382 1
27 413 1
27 544 1
27 638 1
27 641 1
27 684 1
27 842 1
27 1098 1
27 1100 1
27 1136 1
28 63 1
28 109 1
28 110 1
28 120 1
28 190 1
28 292 1
28 343 1
28 371 1
28 389 1
28 410 1
28 447 1
28 480 1
28 492 1
28 535 1
28 559 1
28 568 1
28 654 1
28 730 1
28 806 1
28 938 1
28 993 1
28 1087 1
28 1113 1
28 1181 1
28 1329 1
28 1399 1
29 35 1
29 44 1
29 132 1
29 136 1
29 142 1
29 182 1
29 258 1
29 305 1
29 340 1
29 370 1
29 417 1
29 580 1
29 707 1
29 740 1
29 860 1
29 934 1
29 1013 1
29 1093 1
29 1141 1
29 1210 1
29 1282 1
29 1318 1
30 31 1
30 37 1
30 46 1
30 54 1
30 55 1
30 65 1
30 81 1
30 92 1
30 97 1
30 101 1
30 114 1
30 123 1
30 128 1
30 138 1
30 162 1
30 216 1
30 221 1
30 222 1
30 238 1
30 239 1
30 249 1
30 269 1
30 284 1
30 314 1
30 341 1
30 384 1
30 400 1
30 415 1
30 446 1
30 483 1
30 494 1
30 515 1
30 564 1
30 593 1
30 646 1
30 688 1
30 712 1
30 810 1
30 814 1
30 820 1
30 936 1
30 938 1
30 985 1
30 994 1
30 1008 1
30 1033 1
30 1058 1
30 1114 1
30 1127 1
30 1182 1
30 1183 1
30 1366 1
30 1368 1
30 1398 1
31 36 1
31 41 1
31 54 1
31 77 1
31 101 1
31 109 1
31 146 1
31 165 1
31 196 1
31 198 1
31 273 1
31 274 1
31 347 1
31 369 1
31 373 1
31 411 1
31 433 1
31 647 1
31 658 1
31 790 1
31 797 1
31 812 1
31 914 1
31 1047 1
31 1063 1
31 1113 1
31 1146 1
31 1148 1
31 1153 1
31 1181 1
31 1251 1
31 1254 1
31 1265 1
31 1286 1
32 42 1
32 55 1
32 59 1
32 66 1
32 90 1
32 101 1
32 158 1
32 192 1
32 468 1
32 800 1
32 808 1
32 822 1
32 933 1
32 957 1
32 978 1
33 39 1
33 44 1
33 50 1
33 73 1
33 75 1
33 79 1
33 90 1
33 94 1
33 95 1
33 98 1
33 108 1
33 115 1
33 117 1
33 132 1
33 139 1
33 144 1
33 159 1
33 161 1
33 168 1
33 194 1
33 205 1
33 210 1
33 212 1
33 218 1
33 220 1
33 221 1
33 233 1
33 248 1
33 266 1
33 283 1
33 291 1
33 300 1
33 318 1
33 326 1
33 327 1
33 372 1
33 405 1
33 428 1
33 499 1
33 512 1
33 517 1
33 521 1
33 556 1
33 559 1
33 566 1
33 610 1
33 613 1
33 630 1
33 661 1
33 670 1
33 672 1
33 677 1
33 686 1
33 714 1
33 760 1
33 769 1
33 777 1
33 802 1
33 870 1
33 871 1
33 881 1
33 882 1
33 897 1
33 900 1
33 939 1
33 955 1
33 979 1
33 1019 1
33 1050 1
33 1053 1
33 1057 1
33 1059 1
33 1094 1
33 1105 1
33 1117 1
33 1181 1
33 1188 1
33 1192 1
33 1195 1
33 1203 1
33 1205 1
33 1229 1
33 1246 1
33 1269 1
33 1327 1
34 45 1
34 59 1
34 61 1
34 67 1
34 71 1
34 76 1
34 102 1
34 105 1
34 107 1
34 110 1
34 135 1
34 140 1
34 142 1
34 151 1
34 167 1
34 170 1
34 172 1
34 242 1
34 245 1
34 255 1
34 432 1
34 568 1
34 618 1
34 685 1
34 693 1
34 719 1
34 750 1
34 820 1
34 851 1
34 871 1
34 879 1
34 896 1
34 1173 1
34 1211 1
34 1243 1
34 1244 1
34 1319 1
34 1387 1
34 1390 1
35 38 1
35 41 1
35 48 1
35 80 1
35 115 1
35 126 1
35 163 1
35 169 1
35 225 1
35 227 1
35 319 1
35 321 1
35 323 1
35 423 1
35 432 1
35 451 1
35 468 1
35 485 1
35 545 1
35 581 1
35 595 1
35 600 1
35 792 1
35 802 1
35 809 1
35 853 1
35 878 1
35 959 1
35 1140 1
35 1370 1
35 1396 1
36 117 1
36 253 1
36 285 1
36 387 1
36 416 1
36 555 1
36 773 1
36 781 1
36 1120 1
37 80 1
37 101 1
37 104 1
37 120 1
37 197 1
37 208 1
37 249 1
37 253 1
37 258 1
37 495 1
37 569 1
37 610 1
37 705 1
37 709 1
37 938 1
37 959 1
37 1038 1
37 1302 1
38 48 1
38 56 1
38 91 1
38 122 1
38 276 1
38 410 1
38 474 1
38 476 1
38 543 1
38 633 1
38 863 1
38 1286 1
38 1296 1
38 1325 1
38 1363 1
39 51 1
39 65 1
39 88 1
39 90 1
39 98 1
39 149 1
39 152 1
39 187 1
39 217 1
39 239 1
39 251 1
39 301 1
39 323 1
39 414 1
39 435 1
39 503 1
39 560 1
39 631 1
39 659 1
39 699 1
39 709 1
39 723 1
39 737 1
39 801 1
39 864 1
39 1008 1
39 1050 1
39 1076 1
39 1152 1
39 1330 1
40 41 1
40 57 1
40 100 1
40 117 1
40 121 1
40 137 1
40 248 1
40 259 1
40 289 1
40 333 1
40 348 1
40 420 1
40 463 1
40 608 1
40 624 1
40 661 1
40 733 1
40 883 1
40 896 1
40 1010 1
40 1267 1
40 1328 1
41 72 1
41 82 1
41 88 1
41 99 1
41 116 1
41 133 1
41 223 1
41 267 1
41 346 1
41 380 1
41 397 1
41 491 1
41 751 1
41 780 1
41 810 1
41 857 1
41 1057 1
41 1071 1
41 1106 1
41 1276 1
42 234 1
42 262 1
42 290 1
42 429 1
42 524 1
42 677 1
42 837 1
42 875 1
42 916 1
42 1275 1
43 45 1
43 67 1
43 81 1
43 99 1
43 127 1
43 138 1
43 141 1
43 149 1
43 175 1
43 274 1
43 298 1
43 312 1
43 341 1
43 357 1
43 441 1
43 472 1
43 473 1
43 483 1
43 590 1
43 606 1
43 653 1
43 735 1
43 748 1
43 816 1
43 892 1
43 974 1
43 1022 1
43 1060 1
43 1112 1
43 1148 1
43 1190 1
43 1222 1
43 1270 1
43 1272 1
43 1314 1
44 70 1
44 157 1
44 514 1
44 515 1
44 660 1
44 713 1
45 51 1
45 53 1
45 129 1
45 211 1
45 223 1
45 226 1
45 240 1
45 261 1
45 272 1
45 280 1
45 315 1
45 355 1
45 380 1
45 391 1
45 492 1
45 532 1
45 537 1
45 544 1
45 584 1
45 588 1
45 605 1
45 665 1
45 895 1
45 1129 1
45 1142 1
45 1190 1
45 1228 1
45 1306 1
46 76 1
46 140 1
46 155 1
46 164 1
46 179 1
46 224 1
46 240 1
46 334 1
46 399 1
46 405 1
46 448 1
46 480 1
46 485 1
46 519 1
46 539 1
46 606 1
46 636 1
46 813 1
46 888 1
47 53 1
47 62 1
47 82 1
47 84 1
47 97 1
47 112 1
47 114 1
47 123 1
47 129 1
47 167 1
47 184 1
47 185 1
47 186 1
47 189 1
47 268 1
47 315 1
47 319 1
47 340 1
47 374 1
47 434 1
47 497 1
47 518 1
47 539 1
47 556 1
47 566 1
47 567 1
47 572 1
47 642 1
47 756 1
47 913 1
47 927 1
47 970 1
47 1135 1
47 1230 1
47 1328 1
48 69 1
48 84 1
48 156 1
48 190 1
48 467 1
48 530 1
48 569 1
48 743 1
48 805 1
48 806 1
48 902 1
48 947 1
48 1099 1
48 1170 1
48 1196 1
49 63 1
49 93 1
49 228 1
49 279 1
49 520 1
49 578 1
49 655 1
49 779 1
49 1136 1
49 1237 1
49 1308 1
50 66 1
50 75 1
50 118 1
50 128 1
50 150 1
50 162 1
50 172 1
50 209 1
50 350 1
50 355 1
50 364 1
50 383 1
50 406 1
50 422 1
50 506 1
50 512 1
50 546 1
50 603 1
50 788 1
50 1096 1
50 1279 1
50 1320 1
50 1323 1
50 1363 1
51 52 1
51 56 1
51 59 1
51 60 1
51 61 1
51 166 1
51 178 1
51 191 1
51 217 1
51 226 1
51 228 1
51 237 1
51 262 1
51 344 1
51 352 1
51 372 1
51 413 1
51 435 1
51 457 1
51 478 1
51 483 1
51 491 1
51 495 1
51 552 1
51 553 1
51 574 1
51 644 1
51 710 1
51 718 1
51 727 1
51 740 1
51 815 1
51 823 1
51 839 1
51 855 1
51 1031 1
51 1037 1
51 1077 1
51 1090 1
51 1112 1
51 1154 1
51 1157 1
51 1171 1
51 1226 1
51 1266 1
51 1324 1
51 1340 1
52 64 1
52 89 1
52 115 1
52 137 1
52 145 1
52 292 1
52 297 1
52 301 1
52 328 1
52 367 1
52 445 1
52 502 1
52 522 1
52 622 1
52 683 1
52 834 1
52 906 1
52 948 1
52 997 1
52 1137 1
52 1289 1
52 1304 1
52 1354 1
52 1396 1
53 79 1
53 162 1
53 280 1
53 408 1
53 600 1
53 642 1
53 687 1
53 843 1
53 988 1
53 1320 1
54 154 1
54 187 1
54 246 1
54 260 1
54 375 1
54 388 1
54 435 1
54 574 1
54 699 1
54 755 1
54 841 1
54 1061 1
54 1127 1
54 1155 1
55 76 1
55 79 1
55 108 1
55 142 1
55 146 1
55 156 1
55 208 1
55 215 1
55 222 1
55 284 1
55 293 1
55 297 1
55 312 1
55 352 1
55 390 1
55 425 1
55 444 1
55 466 1
55 468 1
55 676 1
55 708 1
55 729 1
55 767 1
55 1182 1
55 1185 1
55 1233 1
55 1248 1
56 96 1
56 128 1
56 181 1
56 216 1
56 391 1
56 599 1
56 740 1
56 954 1
56 1298 1
56 1299 1
57 65 1
57 436 1
57 491 1
57 559 1
57 865 1
57 1011 1
57 1126 1
57 1281 1
57 1336 1
58 72 1
58 108 1
58 171 1
58 242 1
58 292 1
58 301 1
58 384 1
58 474 1
58 660 1
58 923 1
58 1058 1
58 1279 1
59 79 1
59 511 1
59 528 1
59 1012 1
59 1271 1
60 108 1
60 153 1
60 168 1
60 223 1
60 230 1
60 254 1
60 272 1
60 377 1
60 403 1
60 481 1
60 493 1
60 515 1
60 558 1
60 831 1
60 980 1
60 1220 1
61 167 1
61 184 1
61 203 1
61 358 1
61 477 1
61 591 1
61 747 1
61 1220 1
62 64 1
62 87 1
62 91 1
62 160 1
62 190 1
62 205 1
62 207 1
62 211 1
62 309 1
62 337 1
62 372 1
62 421 1
62 445 1
62 472 1
62 754 1
62 774 1
62 938 1
62 1169 1
62 1219 1
63 71 1
63 95 1
63 106 1
63 124 1
63 269 1
63 293 1
63 346 1
63 371 1
63 409 1
63 483 1
63 535 1
63 800 1
63 813 1
63 861 1
63 930 1
63 1185 1
63 1345 1
63 1383 1
64 81 1
64 92 1
64 103 1
64 160 1
64 180 1
64 204 1
64 205 1
64 226 1
64 270 1
64 285 1
64 329 1
64 353 1
64 479 1
64 521 1
64 550 1
64 575 1
64 614 1
64 628 1
64 650 1
64 667 1
64 679 1
64 724 1
64 785 1
64 826 1
64 830 1
64 919 1
64 1041 1
64 1052 1
64 1133 1
64 1173 1
64 1204 1
64 1389 1
65 122 1
65 123 1
65 130 1
65 131 1
65 163 1
65 164 1
65 266 1
65 360 1
65 369 1
65 399 1
65 423 1
65 482 1
65 497 1
65 612 1
65 650 1
65 678 1
65 691 1
65 805 1
65 890 1
65 911 1
65 966 1
65 968 1
65 1039 1
65 1122 1
65 1169 1
65 1205 1
65 1235 1
66 70 1
66 77 1
66 112 1
66 153 1
66 171 1
66 294 1
66 436 1
66 482 1
66 608 1
66 629 1
66 632 1
66 650 1
66 833 1
66 852 1
66 887 1
66 891 1
66 903 1
66 904 1
66 983 1
66 1186 1
66 1392 1
67 105 1
67 109 1
67 160 1
67 164 1
67 198 1
67 244 1
67 263 1
67 288 1
67 356 1
67 420 1
67 425 1
67 449 1
67 471 1
67 493 1
67 516 1
67 523 1
67 542 1
67 603 1
67 651 1
67 686 1
67 730 1
67 896 1
67 989 1
67 1138 1
67 1188 1
67 1192 1
67 1209 1
67 1257 1
68 137 1
68 215 1
68 336 1
68 428 1
68 719 1
68 1306 1
69 84 1
69 113 1
69 133 1
69 249 1
69 261 1
69 268 1
69 307 1
69 333 1
69 408 1
69 434 1
69 454 1
69 606 1
69 620 1
69 682 1
69 705 1
69 720 1
69 849 1
69 886 1
69 945 1
69 976 1
69 1085 1
69 1094 1
69 1170 1
69 1235 1
69 1391 1
70 114 1
70 124 1
70 147 1
70 151 1
70 181 1
70 359 1
70 418 1
70 479 1
70 523 1
70 794 1
70 1032 1
70 1155 1
70 1342 1
70 1351 1
71 83 1
71 587 1
71 797 1
71 930 1
71 1204 1
71 1376 1
72 74 1
72 78 1
72 87 1
72 110 1
72 119 1
72 264 1
72 339 1
72 354 1
72 415 1
72 964 1
72 1004 1
72 1042 1
72 1118 1
72 1343 1
73 213 1
73 220 1
73 284 1
73 296 1
73 385 1
73 484 1
73 527 1
73 553 1
73 622 1
73 638 1
73 736 1
73 908 1
73 998 1
73 1059 1
73 1277 1
73 1385 1
74 146 1
74 179 1
74 250 1
74 274 1
74 327 1
74 368 1
74 400 1
74 541 1
74 976 1
74 1132 1
74 1214 1
75 154 1
75 630 1
75 883 1
76 329 1
76 504 1
76 1043 1
77 102 1
77 116 1
77 225 1
77 374 1
77 836 1
77 960 1
77 998 1
77 1103 1
77 1218 1
78 523 1
78 575 1
78 597 1
78 899 1
78 999 1
78 1193 1
78 1387 1
79 156 1
79 162 1
79 224 1
79 351 1
80 193 1
80 195 1
80 231 1
80 282 1
80 381 1
80 395 1
80 484 1
80 675 1
80 783 1
80 884 1
80 924 1
80 962 1
80 971 1
81 83 1
81 113 1
81 138 1
81 243 1
81 256 1
81 289 1
81 296 1
81 320 1
81 394 1
81 470 1
81 499 1
81 649 1
81 727 1
81 985 1
81 1046 1
81 1289 1
82 85 1
82 134 1
82 204 1
82 214 1
82 232 1
82 323 1
82 640 1
82 653 1
82 1081 1
82 1103 1
82 1223 1
82 1281 1
82 1305 1
83 128 1
83 129 1
83 131 1
83 138 1
83 158 1
83 175 1
83 185 1
83 188 1
83 218 1
83 341 1
83 381 1
83 534 1
83 562 1
83 578 1
83 623 1
83 635 1
83 696 1
83 870 1
83 890 1
83 893 1
83 946 1
83 1016 1
83 1031 1
83 1157 1
83 1240 1
83 1287 1
83 1381 1
84 121 1
84 170 1
84 182 1
84 407 1
84 818 1
84 866 1
85 247 1
85 299 1
85 329 1
85 450 1
85 588 1
85 694 1
85 963 1
85 1335 1
85 1375 1
85 1389 1
86 96 1
86 100 1
86 111 1
86 148 1
86 153 1
86 287 1
86 412 1
86 471 1
86 513 1
86 761 1
86 803 1
86 1079 1
86 1280 1
87 133 1
87 206 1
87 308 1
87 455 1
87 513 1
87 602 1
87 840 1
88 126 1
88 255 1
88 277 1
88 835 1
88 1076 1
88 1371 1
89 142 1
89 180 1
89 368 1
89 398 1
89 421 1
89 431 1
89 643 1
89 648 1
89 708 1
89 723 1
89 773 1
89 820 1
89 832 1
89 1088 1
90 91 1
90 212 1
90 230 1
90 244 1
90 307 1
90 610 1
90 644 1
90 645 1
90 658 1
90 749 1
90 785 1
90 1139 1
90 1193 1
91 225 1
91 309 1
91 498 1
91 786 1
91 1012 1
91 1225 1
92 93 1
92 328 1
92 468 1
92 731 1
92 806 1
92 1110 1
92 1195 1
92 1386 1
93 588 1
93 705 1
93 910 1
94 224 1
94 236 1
94 246 1
94 322 1
94 395 1
94 427 1
94 487 1
94 563 1
94 621 1
94 668 1
94 763 1
94 803 1
94 875 1
94 883 1
94 971 1
94 1000 1
94 1121 1
94 1234 1
95 118 1
95 145 1
95 201 1
95 282 1
95 292 1
95 701 1
96 123 1
96 196 1
96 250 1
96 424 1
96 1028 1
96 1150 1
96 1270 1
97 177 1
97 273 1
97 324 1
97 823 1
97 840 1
98 124 1
98 221 1
98 236 1
98 293 1
98 317 1
98 393 1
98 438 1
98 663 1
98 1024 1
98 1169 1
98 1358 1
99 130 1
99 141 1
99 235 1
99 426 1
99 457 1
99 586 1
99 611 1
99 675 1
99 744 1
99 879 1
99 908 1
99 1191 1
99 1253 1
100 206 1
100 248 1
100 276 1
100 285 1
100 297 1
100 306 1
100 329 1
100 334 1
100 555 1
100 571 1
100 664 1
100 778 1
100 808 1
100 832 1
100 925 1
100 1212 1
100 1240 1
100 1290 1
101 104 1
101 127 1
101 424 1
101 425 1
101 432 1
101 646 1
101 706 1
101 782 1
101 845 1
101 914 1
101 1132 1
101 1213 1
101 1373 1
102 140 1
102 219 1
102 227 1
102 304 1
102 310 1
102 340 1
102 403 1
102 496 1
102 1158 1
102 1210 1
102 1294 1
103 242 1
103 260 1
103 446 1
103 621 1
103 631 1
103 637 1
103 721 1
103 851 1
103 859 1
103 1174 1
103 1241 1
104 160 1
104 173 1
104 213 1
104 359 1
104 445 1
104 508 1
104 513 1
104 703 1
104 784 1
104 790 1
104 796 1
104 844 1
104 937 1
104 1031 1
104 1048 1
104 1280 1
104 1325 1
105 135 1
105 168 1
105 383 1
105 943 1
106 121 1
106 152 1
106 157 1
106 192 1
106 238 1
106 382 1
106 535 1
106 602 1
106 633 1
106 641 1
106 877 1
106 909 1
106 994 1
106 1021 1
106 1145 1
106 1224 1
106 1340 1
106 1379 1
107 127 1
107 139 1
107 174 1
107 212 1
107 229 1
107 281 1
107 293 1
107 310 1
107 340 1
107 368 1
107 379 1
107 430 1
107 442 1
107 452 1
107 456 1
107 537 1
107 573 1
107 715 1
107 738 1
107 860 1
107 899 1
107 918 1
107 922 1
107 1034 1
107 1134 1
107 1230 1
107 1231 1
107 1366 1
107 1389 1
108 185 1
108 216 1
108 226 1
108 259 1
108 360 1
108 385 1
108 492 1
108 598 1
108 721 1
108 900 1
108 979 1
109 173 1
109 258 1
109 266 1
109 337 1
109 496 1
109 799 1
109 828 1
109 966 1
109 1090 1
109 1383 1
109 1398 1
110 500 1
110 657 1
110 1073 1
110 1104 1
111 281 1
111 536 1
111 711 1
111 1026 1
111 1271 1
112 134 1
112 149 1
112 155 1
112 179 1
112 229 1
112 255 1
112 349 1
112 421 1
112 714 1
112 855 1
112 1347 1
112 1387 1
113 133 1
113 182 1
113 198 1
113 350 1
113 365 1
113 378 1
113 385 1
113 397 1
113 406 1
113 419 1
113 527 1
113 611 1
113 620 1
113 664 1
113 666 1
113 668 1
113 694 1
113 726 1
113 746 1
113 773 1
113 778 1
113 814 1
113 975 1
113 999 1
113 1056 1
113 1074 1
113 1124 1
113 1125 1
113 1145 1
113 1266 1
113 1315 1
113 1317 1
113 1363 1
114 175 1
114 271 1
114 418 1
114 519 1
114 601 1
114 629 1
114 771 1
114 970 1
114 1072 1
114 1115 1
115 149 1
115 150 1
115 206 1
115 261 1
115 287 1
115 308 1
115 321 1
115 344 1
115 465 1
115 599 1
115 806 1
115 939 1
115 992 1
115 1160 1
115 1271 1
116 199 1
116 202 1
116 303 1
116 345 1
116 473 1
116 618 1
116 670 1
116 870 1
116 943 1
116 1063 1
116 1102 1
116 1111 1
116 1144 1
116 1172 1
116 1391 1
117 143 1
117 224 1
117 351 1
117 707 1
117 1258 1
118 141 1
118 145 1
118 283 1
118 289 1
118 800 1
118 989 1
118 1377 1
119 176 1
119 236 1
119 264 1
119 376 1
119 808 1
119 920 1
119 1309 1
119 1313 1
121 161 1
121 174 1
121 253 1
121 271 1
121 295 1
121 376 1
121 400 1
121 619 1
121 680 1
121 699 1
121 811 1
121 874 1
121 1215 1
122 189 1
122 343 1
122 451 1
122 457 1
122 505 1
122 541 1
122 574 1
122 643 1
122 667 1
122 749 1
122 783 1
122 911 1
122 926 1
122 1177 1
122 1267 1
123 131 1
123 144 1
123 147 1
123 207 1
123 290 1
123 349 1
123 377 1
123 458 1
123 504 1
123 509 1
123 515 1
123 591 1
123 597 1
123 621 1
123 635 1
123 700 1
123 943 1
123 947 1
123 964 1
123 997 1
123 1128 1
123 1242 1
123 1312 1
123 1390 1
123 1396 1
124 166 1
124 220 1
124 265 1
124 305 1
124 523 1
124 785 1
124 936 1
124 1011 1
124 1398 1
125 131 1
125 159 1
125 191 1
125 260 1
125 379 1
125 416 1
125 460 1
125 495 1
125 710 1
125 779 1
125 884 1
125 1044 1
125 1116 1
125 1214 1
125 1376 1
126 614 1
126 788 1
126 804 1
126 1142 1
126 1371 1
127 136 1
127 314 1
127 521 1
127 534 1
127 787 1
127 1253 1
127 1372 1
128 363 1
128 678 1
128 906 1
128 923 1
128 1114 1
128 1159 1
128 1370 1
129 174 1
129 194 1
129 291 1
129 295 1
129 296 1
129 350 1
129 396 1
129 446 1
129 1041 1
129 1048 1
129 1088 1
129 1241 1
129 1267 1
129 1273 1
130 132 1
130 271 1
130 316 1
130 675 1
130 923 1
130 1351 1
131 132 1
131 136 1
131 183 1
131 215 1
131 230 1
131 252 1
131 254 1
131 311 1
131 412 1
131 499 1
131 606 1
131 760 1
131 761 1
131 980 1
131 1184 1
131 1266 1
132 182 1
132 233 1
132 235 1
132 268 1
132 370 1
132 398 1
132 404 1
132 459 1
132 513 1
132 547 1
132 614 1
132 627 1
132 706 1
132 909 1
132 1034 1
132 1116 1
133 200 1
133 298 1
133 334 1
133 465 1
133 831 1
134 135 1
134 151 1
134 286 1
134 289 1
134 435 1
134 466 1
134 601 1
134 888 1
134 1019 1
134 1069 1
134 1097 1
135 265 1
135 295 1
135 943 1
135 948 1
135 981 1
135 1397 1
136 158 1
136 201 1
136 674 1
136 740 1
136 906 1
136 964 1
136 1159 1
136 1182 1
136 1184 1
137 188 1
137 195 1
137 197 1
137 212 1
137 490 1
137 510 1
137 517 1
137 568 1
137 621 1
137 624 1
137 1040 1
138 153 1
138 177 1
138 197 1
138 299 1
138 326 1
138 505 1
138 668 1
138 749 1
139 325 1
139 354 1
139 401 1
139 794 1
140 640 1
140 760 1
140 1071 1
141 169 1
141 199 1
141 306 1
141 338 1
141 425 1
141 448 1
141 491 1
141 876 1
141 1097 1
141 1361 1
142 191 1
142 201 1
142 267 1
142 297 1
142 364 1
142 375 1
142 858 1
142 947 1
142 1206 1
143 227 1
143 907 1
143 1012 1
143 1100 1
144 159 1
144 251 1
144 277 1
144 366 1
144 459 1
144 636 1
144 726 1
144 753 1
144 786 1
144 1332 1
145 167 1
145 398 1
145 403 1
145 526 1
145 789 1
145 836 1
145 1018 1
145 1068 1
145 1122 1
145 1295 1
145 1336 1
146 294 1
146 339 1
146 531 1
146 567 1
146 572 1
146 652 1
146 767 1
146 923 1
146 1006 1
146 1104 1
146 1160 1
147 215 1
147 222 1
147 233 1
147 954 1
147 1391 1
148 165 1
148 600 1
148 611 1
148 612 1
148 634 1
148 672 1
148 856 1
148 1123 1
149 154 1
149 399 1
149 401 1
149 639 1
149 695 1
149 878 1
149 933 1
150 211 1
150 317 1
150 673 1
150 676 1
150 680 1
150 901 1
150 917 1
150 925 1
150 1004 1
150 1044 1
150 1056 1
150 1103 1
150 1109 1
150 1151 1
150 1375 1
150 1382 1
151 172 1
151 438 1
151 586 1
151 688 1
151 1384 1
152 373 1
152 537 1
153 661 1
154 168 1
154 188 1
154 217 1
154 304 1
154 378 1
154 395 1
154 411 1
154 426 1
154 434 1
154 454 1
154 496 1
154 498 1
154 655 1
154 717 1
154 736 1
154 750 1
154 844 1
154 967 1
154 1026 1
154 1075 1
154 1099 1
154 1249 1
155 180 1
155 208 1
155 259 1
155 333 1
155 589 1
155 607 1
155 912 1
155 963 1
155 974 1
155 1080 1
155 1222 1
155 1239 1
155 1263 1
156 170 1
156 189 1
156 237 1
156 244 1
156 338 1
156 353 1
156 404 1
156 424 1
156 427 1
156 477 1
156 501 1
156 652 1
156 658 1
156 996 1
156 1041 1
156 1221 1
156 1324 1
156 1380 1
157 209 1
157 221 1
157 252 1
157 616 1
157 675 1
157 951 1
157 1247 1
157 1353 1
158 577 1
159 189 1
159 626 1
159 772 1
159 817 1
159 921 1
159 1022 1
159 1077 1
160 263 1
160 444 1
160 563 1
160 809 1
160 855 1
160 875 1
160 1211 1
160 1291 1
160 1306 1
161 240 1
161 268 1
161 272 1
161 455 1
161 554 1
161 958 1
161 969 1
161 1075 1
162 213 1
162 242 1
162 253 1
162 306 1
162 378 1
162 502 1
162 547 1
162 580 1
162 788 1
162 1042 1
162 1150 1
162 1400 1
163 522 1
163 767 1
163 1205 1
163 1233 1
164 335 1
164 386 1
164 471 1
164 638 1
164 758 1
164 766 1
164 1040 1
164 1094 1
165 174 1
165 197 1
165 207 1
165 528 1
165 1055 1
165 1109 1
165 1232 1
166 198 1
166 477 1
166 518 1
166 599 1
166 745 1
166 984 1
166 1017 1
166 1274 1
167 237 1
167 247 1
167 339 1
167 1009 1
167 1076 1
167 1196 1
167 1237 1
167 1246 1
168 196 1
168 210 1
168 312 1
168 367 1
168 456 1
168 756 1
168 881 1
169 635 1
169 765 1
170 202 1
170 300 1
170 775 1
170 944 1
170 983 1
171 214 1
172 336 1
172 565 1
172 952 1
172 994 1
172 1059 1
173 194 1
173 373 1
173 411 1
173 508 1
173 647 1
173 689 1
173 871 1
173 915 1
173 1236 1
173 1257 1
173 1316 1
173 1370 1
174 181 1
174 241 1
174 395 1
174 454 1
174 802 1
174 848 1
174 972 1
174 1164 1
174 1355 1
175 317 1
175 392 1
175 1085 1
175 1133 1
176 209 1
176 269 1
176 290 1
176 439 1
176 627 1
176 781 1
176 826 1
176 987 1
177 379 1
177 473 1
177 549 1
177 697 1
177 1009 1
178 283 1
178 363 1
178 947 1
178 981 1
178 1140 1
179 201 1
179 210 1
179 276 1
179 417 1
179 698 1
179 727 1
179 1158 1
179 1341 1
179 1387 1
180 644 1
180 750 1
180 1152 1
180 1212 1
180 1216 1
180 1268 1
180 1280 1
181 759 1
181 1055 1
181 1275 1
181 1301 1
182 337 1
182 1007 1
183 218 1
183 320 1
183 402 1
183 487 1
183 506 1
183 510 1
183 593 1
183 620 1
183 945 1
183 952 1
183 1283 1
184 188 1
184 720 1
184 931 1
185 298 1
185 349 1
185 500 1
185 648 1
185 803 1
185 872 1
185 1157 1
186 729 1
186 828 1
186 909 1
186 932 1
187 204 1
187 241 1
187 626 1
187 681 1
187 914 1
187 1045 1
187 1070 1
187 1109 1
187 1259 1
188 267 1
188 348 1
188 424 1
188 427 1
188 463 1
188 554 1
188 682 1
188 834 1
188 940 1
188 1126 1
188 1253 1
188 1333 1
189 210 1
189 362 1
189 458 1
189 673 1
189 856 1
189 1248 1
189 1311 1
190 497 1
190 637 1
190 683 1
190 1363 1
191 245 1
191 464 1
191 617 1
191 729 1
191 891 1
191 942 1
191 992 1
192 254 1
192 274 1
192 288 1
192 548 1
192 574 1
192 1036 1
192 1089 1
192 1395 1
193 252 1
193 411 1
193 525 1
193 1153 1
194 225 1
194 233 1
194 251 1
194 273 1
194 383 1
194 423 1
194 464 1
194 534 1
194 546 1
194 571 1
194 627 1
194 654 1
194 663 1
194 713 1
194 996 1
194 1228 1
195 453 1
195 457 1
195 722 1
195 959 1
195 1003 1
195 1030 1
196 589 1
196 624 1
196 769 1
197 405 1
197 426 1
197 462 1
197 465 1
198 798 1
199 278 1
199 314 1
199 440 1
199 446 1
199 579 1
199 879 1
199 894 1
199 908 1
199 970 1
199 1062 1
199 1106 1
200 360 1
200 1321 1
201 1226 1
202 281 1
202 304 1
202 461 1
202 527 1
202 626 1
202 679 1
202 713 1
202 957 1
203 937 1
204 305 1
204 1349 1
205 287 1
205 443 1
205 1041 1
205 1204 1
205 1352 1
205 1369 1
206 244 1
206 270 1
206 507 1
206 509 1
206 790 1
206 843 1
206 846 1
206 885 1
206 1058 1
206 1089 1
206 1111 1
206 1336 1
207 325 1
207 754 1
207 827 1
207 1003 1
207 1049 1
207 1217 1
207 1256 1
208 265 1
208 303 1
208 1302 1
209 257 1
209 271 1
209 368 1
209 429 1
209 480 1
209 522 1
209 578 1
209 690 1
209 1199 1
210 275 1
210 343 1
210 510 1
210 841 1
210 850 1
210 1023 1
211 219 1
211 231 1
211 321 1
211 506 1
212 335 1
212 339 1
212 363 1
212 383 1
212 394 1
212 407 1
212 526 1
212 533 1
212 548 1
212 613 1
212 632 1
212 671 1
212 673 1
212 776 1
212 786 1
212 804 1
212 1017 1
212 1061 1
212 1188 1
212 1359 1
213 264 1
213 303 1
213 436 1
213 479 1
213 549 1
213 1252 1
214 230 1
214 370 1
214 396 1
214 439 1
214 563 1
214 564 1
214 1118 1
214 1383 1
215 575 1
215 929 1
215 1055 1
215 1095 1
215 1108 1
215 1317 1
216 243 1
216 318 1
216 472 1
216 799 1
217 278 1
217 311 1
217 1116 1
218 299 1
218 423 1
218 643 1
218 929 1
218 1144 1
219 231 1
219 235 1
219 265 1
219 345 1
219 347 1
219 711 1
219 763 1
219 818 1
219 969 1
219 1004 1
219 1161 1
219 1164 1
219 1210 1
219 1290 1
220 278 1
220 279 1
220 367 1
220 650 1
220 761 1
220 859 1
220 1157 1
222 261 1
222 628 1
223 232 1
223 326 1
223 653 1
223 825 1
223 853 1
223 1115 1
223 1162 1
224 232 1
224 246 1
224 310 1
224 560 1
224 566 1
224 719 1
224 973 1
224 1180 1
224 1249 1
224 1263 1
225 348 1
225 889 1
226 355 1
226 488 1
226 591 1
226 622 1
226 672 1
226 862 1
226 915 1
226 961 1
226 984 1
226 1005 1
226 1062 1
226 1124 1
227 354 1
227 369 1
227 391 1
227 520 1
227 1137 1
227 1208 1
227 1273 1
227 1386 1
228 876 1
228 934 1
228 1047 1
228 1087 1
230 262 1
230 414 1
230 463 1
230 579 1
230 725 1
230 840 1
230 945 1
230 1071 1
230 1378 1
231 270 1
231 342 1
231 1252 1
232 324 1
232 585 1
233 234 1
233 239 1
233 499 1
233 609 1
233 672 1
233 1162 1
233 1187 1
233 1338 1
234 334 1
234 1182 1
235 370 1
235 682 1
235 758 1
235 1092 1
235 1218 1
235 1239 1
235 1272 1
235 1379 1
236 507 1
237 481 1
237 511 1
238 283 1
238 596 1
238 662 1
238 1104 1
238 1172 1
238 1281 1
239 291 1
239 347 1
239 357 1
239 530 1
239 546 1
239 1021 1
239 1037 1
239 1206 1
240 345 1
240 351 1
240 442 1
240 588 1
240 897 1
240 1023 1
240 1276 1
240 1314 1
240 1397 1
241 295 1
241 316 1
241 331 1
241 393 1
241 538 1
241 561 1
241 1086 1
242 638 1
242 654 1
242 735 1
242 739 1
242 780 1
242 950 1
242 1240 1
242 1257 1
242 1343 1
243 256 1
243 326 1
243 407 1
243 489 1
243 618 1
243 780 1
243 910 1
243 969 1
243 1045 1
243 1065 1
243 1089 1
243 1132 1
243 1151 1
243 1174 1
243 1278 1
244 338 1
244 402 1
244 420 1
244 453 1
244 466 1
244 572 1
244 885 1
244 950 1
244 1022 1
244 1054 1
244 1324 1
244 1348 1
244 1377 1
245 277 1
245 1314 1
246 288 1
246 443 1
246 490 1
246 497 1
246 543 1
246 546 1
246 549 1
246 602 1
246 609 1
246 1175 1
246 1274 1
247 275 1
247 308 1
247 551 1
247 557 1
247 777 1
247 1024 1
247 1241 1
248 262 1
248 276 1
248 356 1
248 358 1
248 362 1
248 550 1
248 835 1
248 1129 1
248 1146 1
249 406 1
249 521 1
249 587 1
249 799 1
249 837 1
249 986 1
249 1026 1
250 257 1
250 791 1
251 263 1
251 448 1
251 1028 1
252 281 1
252 915 1
252 1201 1
253 319 1
253 330 1
253 378 1
253 434 1
253 600 1
253 819 1
253 927 1
253 1321 1
253 1382 1
254 302 1
254 331 1
254 349 1
254 387 1
254 388 1
254 392 1
254 449 1
254 615 1
254 685 1
255 260 1
255 330 1
255 394 1
255 1239 1
255 1244 1
256 353 1
256 447 1
256 752 1
256 916 1
257 480 1
257 695 1
257 831 1
257 1001 1
257 1114 1
258 770 1
258 1110 1
259 489 1
259 525 1
259 590 1
259 838 1
259 1325 1
260 332 1
260 699 1
260 1044 1
260 1064 1
261 307 1
261 330 1
261 351 1
261 382 1
261 429 1
261 662 1
261 795 1
261 1057 1
261 1078 1
261 1120 1
261 1138 1
261 1183 1
261 1235 1
262 358 1
262 484 1
262 683 1
263 343 1
263 552 1
263 844 1
263 1039 1
263 1066 1
263 1141 1
263 1167 1
264 266 1
264 318 1
264 389 1
264 442 1
264 617 1
264 744 1
264 764 1
264 875 1
264 898 1
264 918 1
264 964 1
264 983 1
264 1093 1
264 1158 1
264 1297 1
264 1330 1
264 1355 1
265 310 1
265 336 1
265 386 1
265 393 1
265 517 1
265 663 1
265 692 1
265 694 1
266 365 1
266 926 1
266 1241 1
266 1361 1
267 309 1
267 397 1
267 409 1
267 467 1
267 659 1
267 892 1
267 1093 1
267 1176 1
268 335 1
268 493 1
268 502 1
268 518 1
268 547 1
268 607 1
268 648 1
268 657 1
268 1060 1
268 1096 1
268 1342 1
269 285 1
269 304 1
269 331 1
269 462 1
269 811 1
269 1098 1
269 1374 1
270 455 1
271 328 1
271 631 1
271 816 1
271 1125 1
272 332 1
272 449 1
272 451 1
272 462 1
272 475 1
272 560 1
272 565 1
272 575 1
272 1369 1
273 384 1
273 842 1
273 1013 1
273 1099 1
273 1305 1
274 313 1
274 341 1
274 359 1
274 595 1
274 1378 1
276 768 1
277 1049 1
277 1200 1
278 311 1
278 533 1
278 628 1
278 639 1
278 649 1
278 931 1
278 1119 1
279 955 1
279 1136 1
281 795 1
281 862 1
281 928 1
282 302 1
282 381 1
282 872 1
284 302 1
284 478 1
284 993 1
284 1070 1
284 1385 1
285 371 1
285 452 1
285 501 1
285 893 1
285 919 1
285 958 1
286 433 1
286 514 1
286 529 1
286 540 1
286 689 1
287 299 1
287 376 1
287 450 1
287 530 1
287 772 1
287 989 1
287 1261 1
287 1364 1
288 558 1
289 320 1
289 327 1
289 498 1
289 707 1
289 763 1
289 1139 1
289 1275 1
290 344 1
290 954 1
291 441 1
291 662 1
291 696 1
291 707 1
291 813 1
291 1006 1
291 1011 1
291 1045 1
291 1198 1
291 1202 1
291 1250 1
291 1282 1
291 1291 1
292 507 1
292 789 1
292 798 1
292 902 1
293 393 1
293 1231 1
293 1382 1
294 500 1
294 1006 1
294 1156 1
294 1350 1
295 555 1
295 873 1
295 888 1
295 973 1
295 1239 1
295 1297 1
296 357 1
296 505 1
296 550 1
296 596 1
296 1076 1
296 1152 1
296 1189 1
297 804 1
297 927 1
297 929 1
297 1214 1
297 1311 1
297 1383 1
298 467 1
298 477 1
298 598 1
298 759 1
298 1043 1
298 1108 1
299 386 1
299 562 1
299 694 1
299 1008 1
300 455 1
300 610 1
300 1082 1
300 1087 1
300 1249 1
302 705 1
302 983 1
303 314 1
303 1139 1
303 1144 1
303 1229 1
303 1290 1
304 1176 1
305 392 1
305 422 1
305 475 1
305 558 1
305 596 1
305 820 1
305 1104 1
306 324 1
306 416 1
306 431 1
306 440 1
306 441 1
306 444 1
306 476 1
306 634 1
306 660 1
306 714 1
306 720 1
306 722 1
306 747 1
306 1150 1
306 1175 1
307 642 1
307 733 1
307 787 1
307 1194 1
308 504 1
308 587 1
309 418 1
309 659 1
309 1364 1
310 594 1
310 718 1
310 835 1
310 1207 1
311 353 1
311 552 1
311 577 1
311 635 1
311 659 1
311 696 1
311 736 1
312 386 1
313 410 1
313 419 1
313 956 1
313 984 1
314 352 1
314 389 1
314 456 1
314 460 1
314 472 1
314 524 1
314 532 1
314 543 1
314 578 1
314 612 1
314 632 1
314 720 1
314 972 1
314 1169 1
315 418 1
315 867 1
316 543 1
316 700 1
316 725 1
316 798 1
316 886 1
316 1154 1
316 1332 1
317 324 1
317 920 1
317 996 1
318 1323 1
319 344 1
319 501 1
319 571 1
319 580 1
319 702 1
319 771 1
319 772 1
320 824 1
320 869 1
321 342 1
321 671 1
321 733 1
321 872 1
321 901 1
321 1073 1
321 1268 1
321 1361 1
322 421 1
322 601 1
322 787 1
322 1293 1
323 408 1
323 419 1
323 437 1
323 1121 1
324 377 1
324 565 1
325 360 1
325 409 1
325 665 1
325 732 1
325 801 1
325 809 1
325 916 1
325 941 1
325 1312 1
326 364 1
326 388 1
326 726 1
326 833 1
327 398 1
327 426 1
327 777 1
327 924 1
327 960 1
327 1211 1
327 1287 1
327 1346 1
328 408 1
328 763 1
328 852 1
328 1106 1
328 1263 1
328 1308 1
329 486 1
329 538 1
330 380 1
330 394 1
330 722 1
330 825 1
330 1259 1
330 1335 1
331 1326 1
331 1344 1
332 486 1
332 542 1
332 630 1
333 508 1
333 562 1
333 718 1
333 796 1
333 1236 1
333 1321 1
334 375 1
334 501 1
334 674 1
334 907 1
334 912 1
334 914 1
334 1014 1
334 1037 1
334 1040 1
334 1399 1
335 526 1
335 704 1
335 1000 1
335 1358 1
336 778 1
336 796 1
336 913 1
336 1005 1
337 365 1
337 770 1
337 1007 1
337 1017 1
337 1096 1
338 474 1
338 548 1
338 582 1
338 613 1
338 724 1
338 977 1
338 980 1
338 1083 1
338 1120 1
338 1124 1
338 1344 1
338 1370 1
339 682 1
339 742 1
339 807 1
339 853 1
339 1163 1
339 1212 1
339 1213 1
339 1310 1
339 1316 1
340 348 1
341 402 1
341 469 1
341 536 1
341 805 1
342 357 1
342 512 1
342 595 1
343 401 1
343 561 1
344 529 1
344 743 1
345 431 1
345 447 1
345 762 1
345 933 1
345 995 1
345 1084 1
345 1098 1
345 1181 1
346 449 1
346 489 1
346 825 1
346 1264 1
346 1346 1
348 420 1
348 511 1
348 734 1
348 949 1
348 1020 1
348 1126 1
348 1353 1
349 821 1
350 401 1
350 402 1
350 440 1
350 842 1
351 517 1
351 812 1
351 848 1
351 1051 1
352 602 1
352 711 1
352 728 1
352 816 1
353 475 1
353 770 1
353 1143 1
353 1256 1
353 1362 1
354 1362 1
356 430 1
356 505 1
356 607 1
356 656 1
356 926 1
356 953 1
356 1067 1
356 1130 1
356 1219 1
356 1339 1
357 514 1
357 519 1
357 789 1
357 995 1
357 1284 1
358 658 1
359 379 1
359 492 1
359 762 1
359 1064 1
359 1301 1
361 561 1
361 760 1
361 934 1
362 757 1
363 967 1
363 1259 1
363 1264 1
364 614 1
364 791 1
364 1293 1
365 704 1
365 891 1
365 1361 1
366 390 1
366 971 1
366 1008 1
366 1242 1
367 414 1
367 581 1
367 697 1
367 812 1
367 874 1
367 979 1
367 1382 1
368 550 1
368 1322 1
369 973 1
370 465 1
370 652 1
370 918 1
370 1309 1
370 1368 1
371 417 1
371 634 1
372 687 1
372 792 1
372 952 1
373 432 1
373 570 1
373 827 1
373 967 1
373 1079 1
373 1117 1
373 1324 1
374 706 1
374 867 1
374 1287 1
375 585 1
375 828 1
375 919 1
376 838 1
376 1189 1
377 413 1
377 456 1
377 860 1
377 1214 1
378 409 1
378 445 1
378 646 1
379 681 1
380 391 1
380 396 1
380 412 1
380 498 1
380 582 1
380 887 1
380 898 1
380 1086 1
380 1124 1
380 1128 1
380 1207 1
380 1300 1
381 745 1
381 870 1
382 429 1
382 801 1
382 1039 1
382 1245 1
383 406 1
383 430 1
383 448 1
383 531 1
383 674 1
383 862 1
383 1143 1
383 1171 1
383 1201 1
384 399 1
384 734 1
384 1400 1
385 404 1
385 527 1
385 693 1
385 755 1
385 878 1
386 469 1
386 1043 1
386 1100 1
387 506 1
387 538 1
387 625 1
387 1162 1
387 1215 1
387 1314 1
388 685 1
388 834 1
388 1301 1
389 764 1
390 453 1
390 551 1
390 651 1
390 805 1
390 1049 1
391 907 1
392 431 1
392 544 1
392 549 1
393 554 1
393 1086 1
394 520 1
394 701 1
394 710 1
394 961 1
394 1211 1
395 1067 1
395 1166 1
396 439 1
396 895 1
396 898 1
396 1015 1
396 1053 1
396 1149 1
396 1190 1
396 1394 1
398 504 1
399 422 1
399 452 1
399 471 1
399 695 1
399 1059 1
399 1395 1
400 541 1
400 737 1
401 567 1
401 689 1
401 784 1
401 1300 1
402 525 1
403 623 1
403 995 1
403 1298 1
404 454 1
404 569 1
404 654 1
404 1068 1
404 1240 1
405 1077 1
405 1112 1
405 1186 1
406 668 1
406 1018 1
407 691 1
407 901 1
407 1105 1
407 1292 1
407 1320 1
408 739 1
408 814 1
409 503 1
409 1023 1
409 1295 1
410 476 1
410 715 1
410 719 1
410 846 1
410 1002 1
410 1256 1
410 1296 1
411 430 1
411 524 1
411 525 1
411 542 1
413 437 1
413 561 1
413 656 1
413 1277 1
414 462 1
414 532 1
414 616 1
414 905 1
414 1137 1
414 1330 1
415 438 1
415 461 1
415 594 1
415 704 1
415 951 1
415 1066 1
415 1250 1
416 717 1
416 721 1
416 1038 1
417 745 1
417 1295 1
418 493 1
418 535 1
418 540 1
418 643 1
418 734 1
418 846 1
418 932 1
418 1065 1
419 636 1
419 671 1
420 693 1
420 1339 1
421 619 1
421 645 1
421 904 1
422 461 1
422 522 1
423 478 1
423 488 1
423 511 1
423 531 1
423 758 1
423 814 1
423 901 1
423 976 1
423 1073 1
423 1161 1
423 1171 1
423 1381 1
424 817 1
425 516 1
425 530 1
425 545 1
425 768 1
425 904 1
425 1037 1
425 1068 1
426 851 1
426 887 1
426 912 1
426 1393 1
427 583 1
427 593 1
427 605 1
427 689 1
427 692 1
427 794 1
427 880 1
427 1067 1
427 1177 1
427 1178 1
428 495 1
428 715 1
428 1014 1
429 803 1
430 537 1
430 630 1
430 633 1
430 730 1
430 826 1
430 1093 1
431 479 1
432 433 1
432 660 1
432 1394 1
433 450 1
433 1149 1
434 555 1
434 821 1
435 1020 1
435 1074 1
435 1176 1
436 891 1
437 443 1
437 467 1
437 608 1
437 718 1
437 1018 1
437 1310 1
438 1010 1
439 645 1
439 824 1
439 902 1
439 1337 1
439 1343 1
440 830 1
440 987 1
440 990 1
440 1131 1
441 442 1
441 490 1
441 653 1
441 716 1
441 1203 1
441 1308 1
443 458 1
443 579 1
443 642 1
443 715 1
443 860 1
444 566 1
444 594 1
444 766 1
444 951 1
444 954 1
444 977 1
444 1204 1
444 1208 1
444 1381 1
445 896 1
446 791 1
446 1064 1
447 930 1
447 1144 1
448 460 1
448 604 1
448 1161 1
449 1001 1
450 1375 1
451 1348 1
452 1283 1
453 481 1
453 628 1
453 651 1
453 746 1
453 766 1
453 960 1
454 587 1
455 691 1
455 702 1
455 830 1
455 1048 1
456 732 1
456 777 1
456 1129 1
457 1311 1
458 485 1
458 516 1
458 670 1
458 684 1
458 893 1
458 1399 1
459 460 1
459 573 1
459 1091 1
459 1225 1
460 552 1
460 1319 1
461 1197 1
462 793 1
462 941 1
463 674 1
463 842 1
463 854 1
463 1199 1
463 1268 1
463 1285 1
464 478 1
464 601 1
464 742 1
464 853 1
466 697 1
466 741 1
466 908 1
466 1251 1
466 1302 1
466 1304 1
466 1356 1
467 1048 1
468 488 1
468 545 1
468 822 1
468 951 1
469 956 1
471 1180 1
472 1107 1
472 1252 1
473 712 1
474 863 1
474 1133 1
474 1185 1
474 1348 1
475 1371 1
476 509 1
477 1028 1
477 1207 1
478 496 1
478 604 1
478 657 1
478 690 1
478 847 1
479 819 1
479 922 1
479 942 1
479 1046 1
480 533 1
480 1052 1
480 1338 1
481 524 1
481 793 1
481 796 1
481 1190 1
482 644 1
482 828 1
482 1186 1
483 641 1
483 669 1
484 877 1
486 589 1
486 633 1
486 665 1
486 858 1
486 1025 1
486 1339 1
487 572 1
487 576 1
487 748 1
487 876 1
487 1297 1
488 889 1
489 629 1
489 704 1
489 1368 1
490 594 1
490 676 1
490 825 1
490 974 1
490 1202 1
490 1365 1
491 570 1
491 780 1
491 975 1
492 573 1
492 639 1
493 701 1
493 856 1
493 935 1
493 1352 1
495 547 1
495 625 1
495 1021 1
495 1054 1
495 1224 1
496 636 1
496 691 1
496 811 1
497 539 1
497 565 1
497 592 1
497 693 1
497 927 1
497 982 1
497 1007 1
497 1142 1
499 556 1
499 858 1
499 935 1
500 544 1
500 619 1
500 778 1
500 789 1
500 1167 1
500 1200 1
500 1291 1
501 652 1
501 1221 1
501 1307 1
502 714 1
502 739 1
502 906 1
502 1294 1
503 666 1
503 986 1
503 1073 1
503 1323 1
504 1075 1
504 1143 1
505 924 1
505 1135 1
505 1168 1
506 711 1
506 1033 1
506 1088 1
507 886 1
507 1058 1
507 1365 1
509 571 1
509 1282 1
509 1390 1
510 721 1
510 1015 1
510 1034 1
510 1119 1
511 529 1
511 667 1
511 841 1
511 899 1
511 958 1
511 1012 1
511 1036 1
511 1110 1
511 1332 1
512 782 1
512 892 1
513 683 1
514 1043 1
514 1369 1
515 615 1
515 948 1
516 681 1
516 767 1
517 1285 1
518 554 1
518 1359 1
519 737 1
519 850 1
519 1207 1
520 942 1
520 986 1
521 757 1
522 1146 1
522 1167 1
522 1289 1
523 603 1
523 762 1
523 926 1
523 1002 1
523 1030 1
524 556 1
524 945 1
524 952 1
524 1006 1
525 534 1
525 817 1
525 840 1
525 963 1
527 540 1
527 553 1
527 580 1
527 1010 1
527 1265 1
528 536 1
528 788 1
529 605 1
529 795 1
530 742 1
530 1080 1
530 1089 1
530 1166 1
530 1355 1
531 670 1
531 684 1
531 708 1
531 739 1
531 743 1
531 872 1
531 1004 1
531 1105 1
531 1223 1
532 880 1
533 592 1
533 785 1
533 815 1
534 903 1
535 540 1
535 865 1
535 1250 1
537 1254 1
540 700 1
540 1307 1
541 570 1
541 717 1
541 974 1
541 984 1
541 1084 1
541 1318 1
542 932 1
542 1064 1
543 576 1
544 671 1
545 737 1
545 771 1
545 965 1
545 1068 1
545 1377 1
546 936 1
546 940 1
546 1165 1
546 1225 1
546 1254 1
547 753 1
549 589 1
549 807 1
549 1009 1
549 1179 1
549 1269 1
549 1301 1
549 1356 1
550 692 1
551 736 1
552 557 1
552 576 1
552 727 1
553 687 1
553 861 1
553 1099 1
554 749 1
554 957 1
554 990 1
554 1078 1
554 1201 1
554 1208 1
555 967 1
556 924 1
556 1027 1
557 585 1
557 932 1
557 1029 1
557 1165 1
558 728 1
558 990 1
559 593 1
561 627 1
561 752 1
564 596 1
564 663 1
564 712 1
564 783 1
564 791 1
564 949 1
564 1218 1
564 1219 1
564 1234 1
564 1325 1
565 753 1
565 968 1
567 790 1
567 905 1
567 937 1
567 1242 1
568 776 1
569 669 1
569 1136 1
570 835 1
570 1045 1
570 1106 1
571 838 1
571 1393 1
573 946 1
574 784 1
575 597 1
575 748 1
575 764 1
575 765 1
575 784 1
575 829 1
575 885 1
575 1194 1
575 1206 1
576 586 1
576 732 1
576 752 1
576 913 1
577 898 1
577 929 1
578 1113 1
579 1066 1
579 1081 1
580 651 1
580 700 1
581 868 1
581 972 1
582 632 1
582 666 1
583 640 1
583 864 1
583 1153 1
584 781 1
584 1101 1
586 918 1
587 728 1
587 1015 1
588 925 1
591 1163 1
591 1222 1
592 982 1
593 1245 1
594 758 1
594 1069 1
594 1395 1
595 609 1
597 1102 1
598 759 1
598 900 1
599 815 1
599 1085 1
600 1243 1
602 1036 1
602 1111 1
602 1145 1
602 1375 1
603 680 1
603 921 1
603 1203 1
604 756 1
604 1296 1
604 1356 1
605 786 1
605 797 1
605 911 1
606 624 1
606 735 1
606 836 1
606 838 1
606 919 1
607 960 1
607 1065 1
607 1130 1
607 1143 1
608 1125 1
609 1303 1
610 677 1
612 893 1
613 1021 1
614 1025 1
617 1227 1
618 1345 1
619 809 1
620 646 1
620 859 1
620 1366 1
622 795 1
622 883 1
622 941 1
622 988 1
622 1272 1
622 1279 1
623 667 1
623 775 1
624 1237 1
626 1193 1
627 722 1
629 716 1
630 1316 1
633 773 1
633 812 1
634 681 1
634 863 1
635 1141 1
635 1261 1
635 1373 1
636 839 1
636 1046 1
636 1062 1
636 1166 1
636 1296 1
637 662 1
637 810 1
637 833 1
637 845 1
637 857 1
637 987 1
637 1156 1
637 1174 1
637 1378 1
638 717 1
638 1055 1
638 1260 1
639 649 1
639 764 1
639 768 1
639 878 1
641 703 1
641 1275 1
641 1342 1
642 756 1
642 1159 1
642 1349 1
643 1061 1
646 655 1
646 1062 1
646 1063 1
646 1101 1
646 1340 1
647 709 1
647 1229 1
647 1359 1
648 823 1
648 1122 1
650 664 1
652 755 1
652 1094 1
652 1221 1
653 1091 1
654 751 1
654 993 1
654 1129 1
656 678 1
657 732 1
658 766 1
659 665 1
659 852 1
659 1072 1
659 1364 1
660 769 1
661 922 1
661 1172 1
662 733 1
662 968 1
663 692 1
663 1057 1
663 1119 1
663 1333 1
665 1035 1
665 1163 1
666 847 1
666 904 1
666 1032 1
666 1135 1
666 1230 1
667 903 1
667 1077 1
668 706 1
668 761 1
668 962 1
668 1315 1
668 1334 1
669 834 1
670 882 1
671 1005 1
671 1335 1
672 915 1
672 1095 1
672 1194 1
673 738 1
673 762 1
673 953 1
674 854 1
675 1020 1
676 963 1
676 1042 1
676 1047 1
676 1069 1
677 848 1
677 939 1
678 734 1
678 928 1
678 955 1
678 1000 1
678 1231 1
680 688 1
680 1084 1
682 961 1
682 1115 1
683 1066 1
684 1384 1
685 1221 1
686 1029 1
686 1156 1
686 1192 1
687 843 1
687 886 1
687 992 1
688 1112 1
688 1353 1
689 1227 1
691 754 1
691 1191 1
692 1016 1
693 723 1
693 815 1
695 1333 1
696 944 1
699 751 1
700 854 1
701 744 1
701 1194 1
702 1002 1
703 829 1
706 865 1
706 1009 1
706 1019 1
707 1011 1
707 1044 1
708 794 1
708 850 1
708 867 1
709 816 1
709 922 1
709 925 1
709 997 1
709 1333 1
711 1014 1
711 1017 1
711 1079 1
711 1209 1
714 724 1
714 765 1
717 1237 1
718 944 1
718 1038 1
718 1374 1
719 854 1
719 1063 1
720 817 1
720 856 1
721 864 1
721 1111 1
721 1243 1
722 824 1
722 839 1
722 1251 1
723 993 1
723 1083 1
723 1101 1
723 1291 1
724 832 1
724 861 1
724 1300 1
725 911 1
725 935 1
725 1050 1
725 1147 1
725 1203 1
726 1019 1
726 1338 1
727 1213 1
728 738 1
728 741 1
728 877 1
728 975 1
728 1003 1
729 754 1
731 772 1
731 889 1
731 1010 1
732 1082 1
732 1297 1
733 775 1
733 792 1
733 823 1
733 885 1
733 956 1
733 1113 1
733 1312 1
733 1353 1
735 905 1
736 980 1
736 1378 1
737 771 1
737 965 1
737 978 1
737 999 1
737 1025 1
738 810 1
739 950 1
740 987 1
740 1080 1
740 1372 1
741 1170 1
741 1258 1
742 1310 1
743 876 1
744 849 1
744 1033 1
744 1191 1
745 1248 1
748 1140 1
749 1024 1
751 1299 1
753 801 1
753 839 1
753 1163 1
753 1331 1
755 1289 1
756 1373 1
758 888 1
758 1269 1
759 1197 1
760 1151 1
761 1050 1
764 765 1
764 826 1
764 1180 1
765 1070 1
765 1134 1
765 1196 1
767 1205 1
768 1053 1
768 1372 1
770 863 1
770 869 1
770 1079 1
772 800 1
772 867 1
773 1255 1
774 1315 1
774 1355 1
776 1024 1
776 1178 1
776 1253 1
777 833 1
778 928 1
778 1051 1
780 1097 1
780 1223 1
782 849 1
782 1147 1
783 804 1
783 855 1
784 1226 1
785 819 1
785 868 1
785 965 1
785 1023 1
789 1171 1
791 798 1
791 882 1
791 999 1
793 966 1
793 1369 1
794 1116 1
795 852 1
795 866 1
795 917 1
795 1074 1
795 1138 1
795 1174 1
795 1247 1
795 1347 1
797 1248 1
797 1360 1
798 931 1
799 949 1
800 884 1
800 977 1
800 1120 1
801 1018 1
802 1164 1
802 1175 1
802 1277 1
803 916 1
804 992 1
804 1081 1
805 1176 1
806 1292 1
806 1329 1
807 813 1
807 1031 1
807 1337 1
807 1345 1
809 941 1
809 1352 1
810 1346 1
811 890 1
811 978 1
811 1312 1
812 913 1
813 1123 1
814 864 1
814 1084 1
814 1179 1
816 899 1
817 1373 1
818 1274 1
819 1001 1
820 873 1
822 1052 1
822 1188 1
823 1159 1
823 1351 1
825 1264 1
826 830 1
826 920 1
829 843 1
829 1268 1
830 1005 1
834 1081 1
834 1354 1
835 1108 1
837 959 1
844 933 1
844 1090 1
844 1216 1
847 1200 1
849 997 1
849 1052 1
850 1040 1
851 1185 1
852 895 1
852 1260 1
854 1170 1
856 991 1
858 928 1
859 874 1
860 873 1
860 930 1
861 1256 1
862 917 1
862 991 1
862 1035 1
863 1299 1
869 1331 1
870 1088 1
872 894 1
872 1278 1
873 1075 1
873 1168 1
873 1263 1
874 982 1
875 1149 1
875 1331 1
877 889 1
879 937 1
879 1095 1
880 1337 1
881 953 1
881 1260 1
882 968 1
882 1368 1
884 1269 1
885 950 1
885 1192 1
887 1216 1
887 1262 1
887 1393 1
888 1160 1
889 1245 1
889 1302 1
889 1347 1
891 1002 1
891 1135 1
891 1232 1
892 1027 1
892 1072 1
892 1101 1
893 1065 1
894 957 1
894 1249 1
895 1330 1
898 1015 1
898 1108 1
898 1128 1
902 1110 1
902 1260 1
903 955 1
904 921 1
904 1092 1
905 1139 1
907 1209 1
908 1123 1
908 1162 1
910 1386 1
912 1254 1
913 1001 1
913 1167 1
913 1349 1
915 1148 1
916 965 1
916 970 1
918 1069 1
918 1164 1
919 1317 1
920 1013 1
920 1309 1
920 1337 1
922 981 1
923 1165 1
923 1309 1
926 1082 1
927 1311 1
928 1236 1
931 1217 1
932 1284 1
933 1228 1
933 1336 1
933 1345 1
934 1334 1
935 1231 1
935 1321 1
936 961 1
938 1217 1
940 1322 1
941 1030 1
941 1119 1
941 1191 1
941 1208 1
945 1128 1
946 1173 1
946 1327 1
948 1100 1
950 1003 1
952 1030 1
952 1273 1
954 1303 1
955 1016 1
956 1220 1
959 1223 1
960 1056 1
961 1121 1
961 1313 1
961 1358 1
962 1189 1
962 1292 1
963 991 1
963 1225 1
963 1238 1
964 1092 1
964 1272 1
964 1285 1
965 1007 1
968 1166 1
968 1226 1
971 1357 1
973 1313 1
974 1195 1
974 1290 1
975 1051 1
975 1329 1
977 1078 1
977 1083 1
977 1118 1
978 1082 1
979 1132 1
979 1245 1
979 1388 1
980 1047 1
983 1265 1
987 1197 1
989 1183 1
990 1189 1
994 1206 1
997 1266 1
997 1299 1
999 1201 1
1000 1090 1
1000 1215 1
1000 1224 1
1002 1367 1
1004 1323 1
1008 1187 1
1008 1280 1
1009 1285 1
1010 1178 1
1010 1319 1
1011 1027 1
1012 1276 1
1014 1061 1
1014 1198 1
1015 1175 1
1020 1102 1
1021 1032 1
1025 1109 1
1031 1199 1
1032 1160 1
1032 1183 1
1034 1264 1
1035 1380 1
1039 1083 1
1039 1147 1
1039 1165 1
1040 1091 1
1045 1288 1
1045 1389 1
1048 1352 1
1048 1396 1
1051 1131 1
1051 1138 1
1053 1255 1
1053 1262 1
1054 1247 1
1054 1255 1
1054 1347 1
1054 1381 1
1056 1307 1
1057 1180 1
1058 1250 1
1061 1282 1
1062 1126 1
1063 1341 1
1064 1102 1
1066 1107 1
1071 1303 1
1074 1265 1
1074 1318 1
1074 1379 1
1078 1158 1
1079 1288 1
1080 1218 1
1081 1217 1
1081 1365 1
1082 1224 1
1082 1322 1
1085 1117 1
1087 1313 1
1088 1140 1
1088 1247 1
1090 1216 1
1091 1098 1
1093 1270 1
1093 1335 1
1093 1376 1
1097 1196 1
1097 1271 1
1100 1153 1
1100 1252 1
1102 1288 1
1103 1131 1
1103 1222 1
1104 1142 1
1106 1200 1
1108 1161 1
1109 1242 1
1109 1358 1
1112 1213 1
1115 1125 1
1116 1127 1
1123 1326 1
1126 1318 1
1133 1391 1
1135 1230 1
1135 1292 1
1135 1397 1
1139 1399 1
1140 1145 1
1140 1154 1
1140 1385 1
1143 1362 1
1146 1259 1
1149 1186 1
1150 1367 1
1151 1326 1
1153 1195 1
1153 1334 1
1156 1233 1
1157 1172 1
1158 1354 1
1165 1317 1
1166 1319 1
1168 1293 1
1168 1366 1
1171 1244 1
1180 1229 1
1184 1257 1
1187 1251 1
1189 1258 1
1191 1232 1
1191 1342 1
1192 1244 1
1192 1392 1
1198 1357 1
1199 1232 1
1199 1298 1
1200 1397 1
1203 1281 1
1204 1315 1
1206 1262 1
1209 1235 1
1209 1277 1
1221 1372 1
1221 1379 1
1223 1305 1
1223 1341 1
1229 1234 1
1237 1310 1
1244 1392 1
1248 1356 1
1249 1294 1
1253 1326 1
1253 1374 1
1264 1316 1
1265 1320 1
1266 1388 1
1267 1286 1
1267 1376 1
1272 1284 1
1273 1360 1
1275 1322 1
1277 1327 1
1281 1344 1
1304 1338 1
1304 1367 1
1314 1388 1
1315 1394 1
1324 1350 1
1329 1377 1
1331 1351 1
1335 1400 1
1348 1367 1
1357 1365 1
