1900 7582 
1 5 1
1 6 1
1 7 1
1 8 1
1 13 1
1 16 1
1 19 1
1 27 1
1 28 1
1 39 1
1 45 1
1 47 1
1 50 1
1 70 1
1 76 1
1 78 1
1 82 1
1 103 1
1 110 1
1 128 1
1 135 1
1 138 1
1 156 1
1 167 1
1 169 1
1 195 1
1 202 1
1 231 1
1 238 1
1 255 1
1 266 1
1 292 1
1 309 1
1 314 1
1 322 1
1 355 1
1 384 1
1 389 1
1 460 1
1 462 1
1 491 1
1 493 1
1 520 1
1 528 1
1 538 1
1 560 1
1 566 1
1 594 1
1 602 1
1 630 1
1 661 1
1 667 1
1 671 1
1 683 1
1 703 1
1 755 1
1 892 1
1 914 1
1 1016 1
1 1123 1
1 1148 1
1 1181 1
1 1185 1
1 1191 1
1 1209 1
1 1212 1
1 1232 1
1 1260 1
1 1326 1
1 1365 1
1 1391 1
1 1398 1
1 1424 1
1 1473 1
1 1484 1
1 1513 1
1 1515 1
1 1588 1
1 1593 1
1 1762 1
2 5 1
2 6 1
2 8 1
2 15 1
2 27 1
2 50 1
2 53 1
2 57 1
2 67 1
2 81 1
2 101 1
2 104 1
2 110 1
2 111 1
2 188 1
2 321 1
2 380 1
2 412 1
2 483 1
2 536 1
2 562 1
2 567 1
2 572 1
2 593 1
2 605 1
2 718 1
2 764 1
2 800 1
2 817 1
2 831 1
2 855 1
2 865 1
2 879 1
2 901 1
2 1108 1
2 1280 1
2 1390 1
2 1584 1
2 1613 1
2 1736 1
2 1770 1
2 1815 1
2 1861 1
2 1878 1
3 5 1
3 6 1
3 7 1
3 8 1
3 9 1
3 14 1
3 19 1
3 22 1
3 23 1
3 34 1
3 40 1
3 42 1
3 43 1
3 44 1
3 56 1
3 58 1
3 62 1
3 65 1
3 66 1
3 77 1
3 90 1
3 94 1
3 108 1
3 140 1
3 146 1
3 153 1
3 155 1
3 158 1
3 192 1
3 194 1
3 195 1
3 210 1
3 222 1
3 223 1
3 254 1
3 263 1
3 277 1
3 279 1
3 286 1
3 300 1
3 301 1
3 314 1
3 315 1
3 324 1
3 341 1
3 359 1
3 365 1
3 372 1
3 377 1
3 384 1
3 387 1
3 388 1
3 393 1
3 395 1
3 402 1
3 404 1
3 410 1
3 425 1
3 453 1
3 466 1
3 495 1
3 508 1
3 530 1
3 533 1
3 578 1
3 607 1
3 649 1
3 666 1
3 709 1
3 734 1
3 739 1
3 751 1
3 784 1
3 805 1
3 814 1
3 894 1
3 900 1
3 947 1
3 991 1
3 993 1
3 1053 1
3 1054 1
3 1064 1
3 1067 1
3 1075 1
3 1086 1
3 1091 1
3 1154 1
3 1157 1
3 1167 1
3 1169 1
3 1266 1
3 1287 1
3 1312 1
3 1368 1
3 1410 1
3 1412 1
3 1464 1
3 1475 1
3 1477 1
3 1503 1
3 1512 1
3 1515 1
3 1531 1
3 1559 1
3 1567 1
3 1577 1
3 1595 1
3 1618 1
3 1643 1
3 1654 1
3 1660 1
3 1671 1
3 1674 1
3 1680 1
3 1717 1
3 1738 1
3 1748 1
3 1773 1
3 1800 1
3 1807 1
3 1840 1
4 5 1
4 9 1
4 10 1
4 17 1
4 20 1
4 39 1
4 42 1
4 43 1
4 52 1
4 72 1
4 73 1
4 78 1
4 81 1
4 102 1
4 110 1
4 118 1
4 131 1
4 151 1
4 164 1
4 173 1
4 193 1
4 231 1
4 244 1
4 249 1
4 258 1
4 259 1
4 269 1
4 278 1
4 302 1
4 362 1
4 418 1
4 433 1
4 443 1
4 447 1
4 514 1
4 523 1
4 549 1
4 571 1
4 598 1
4 607 1
4 718 1
4 722 1
4 777 1
4 847 1
4 857 1
4 869 1
4 898 1
4 900 1
4 948 1
4 965 1
4 1084 1
4 1223 1
4 1329 1
4 1430 1
4 1507 1
4 1508 1
4 1514 1
4 1556 1
4 1888 1
5 6 1
5 7 1
5 8 1
5 11 1
5 12 1
5 13 1
5 15 1
5 16 1
5 18 1
5 24 1
5 26 1
5 28 1
5 29 1
5 31 1
5 34 1
5 37 1
5 43 1
5 45 1
5 48 1
5 53 1
5 61 1
5 70 1
5 74 1
5 101 1
5 106 1
5 111 1
5 124 1
5 137 1
5 138 1
5 171 1
5 172 1
5 174 1
5 186 1
5 187 1
5 205 1
5 212 1
5 227 1
5 230 1
5 246 1
5 249 1
5 256 1
5 288 1
5 290 1
5 305 1
5 322 1
5 334 1
5 342 1
5 346 1
5 394 1
5 396 1
5 426 1
5 430 1
5 435 1
5 445 1
5 465 1
5 495 1
5 499 1
5 502 1
5 533 1
5 535 1
5 595 1
5 609 1
5 640 1
5 673 1
5 682 1
5 694 1
5 723 1
5 753 1
5 768 1
5 778 1
5 833 1
5 854 1
5 897 1
5 903 1
5 940 1
5 963 1
5 966 1
5 992 1
5 1004 1
5 1015 1
5 1036 1
5 1056 1
5 1094 1
5 1162 1
5 1194 1
5 1220 1
5 1250 1
5 1251 1
5 1278 1
5 1303 1
5 1325 1
5 1335 1
5 1423 1
5 1434 1
5 1454 1
5 1481 1
5 1504 1
5 1527 1
5 1599 1
5 1605 1
5 1609 1
5 1615 1
5 1620 1
5 1654 1
5 1677 1
5 1723 1
5 1799 1
5 1818 1
5 1820 1
5 1822 1
6 7 1
6 9 1
6 10 1
6 17 1
6 18 1
6 19 1
6 20 1
6 24 1
6 32 1
6 40 1
6 48 1
6 50 1
6 60 1
6 94 1
6 97 1
6 99 1
6 107 1
6 121 1
6 133 1
6 136 1
6 141 1
6 163 1
6 172 1
6 180 1
6 186 1
6 214 1
6 238 1
6 267 1
6 275 1
6 288 1
6 290 1
6 310 1
6 316 1
6 380 1
6 424 1
6 433 1
6 476 1
6 497 1
6 554 1
6 585 1
6 596 1
6 604 1
6 615 1
6 617 1
6 640 1
6 652 1
6 676 1
6 678 1
6 720 1
6 760 1
6 761 1
6 789 1
6 796 1
6 809 1
6 839 1
6 842 1
6 907 1
6 949 1
6 964 1
6 1006 1
6 1035 1
6 1042 1
6 1077 1
6 1079 1
6 1115 1
6 1166 1
6 1201 1
6 1262 1
6 1266 1
6 1288 1
6 1362 1
6 1385 1
6 1412 1
6 1415 1
6 1432 1
6 1502 1
6 1504 1
6 1560 1
6 1564 1
6 1649 1
6 1658 1
6 1710 1
6 1761 1
6 1801 1
6 1806 1
6 1854 1
7 13 1
7 14 1
7 15 1
7 18 1
7 22 1
7 23 1
7 26 1
7 27 1
7 30 1
7 34 1
7 42 1
7 46 1
7 51 1
7 55 1
7 57 1
7 68 1
7 73 1
7 75 1
7 91 1
7 96 1
7 107 1
7 113 1
7 121 1
7 143 1
7 149 1
7 154 1
7 159 1
7 166 1
7 177 1
7 189 1
7 233 1
7 274 1
7 284 1
7 290 1
7 298 1
7 300 1
7 304 1
7 326 1
7 330 1
7 340 1
7 345 1
7 356 1
7 364 1
7 385 1
7 388 1
7 397 1
7 414 1
7 432 1
7 444 1
7 446 1
7 480 1
7 493 1
7 518 1
7 519 1
7 526 1
7 529 1
7 542 1
7 616 1
7 628 1
7 703 1
7 713 1
7 715 1
7 731 1
7 753 1
7 757 1
7 780 1
7 787 1
7 810 1
7 812 1
7 827 1
7 832 1
7 846 1
7 1000 1
7 1022 1
7 1040 1
7 1088 1
7 1108 1
7 1212 1
7 1329 1
7 1371 1
7 1441 1
7 1452 1
7 1455 1
7 1469 1
7 1494 1
7 1495 1
7 1527 1
7 1545 1
7 1567 1
7 1616 1
7 1680 1
7 1710 1
7 1716 1
7 1725 1
7 1760 1
7 1768 1
7 1826 1
7 1853 1
7 1858 1
7 1867 1
8 9 1
8 10 1
8 11 1
8 15 1
8 31 1
8 32 1
8 35 1
8 50 1
8 52 1
8 57 1
8 63 1
8 67 1
8 71 1
8 74 1
8 76 1
8 79 1
8 92 1
8 106 1
8 109 1
8 170 1
8 175 1
8 179 1
8 184 1
8 206 1
8 221 1
8 239 1
8 272 1
8 305 1
8 307 1
8 321 1
8 323 1
8 373 1
8 394 1
8 396 1
8 407 1
8 414 1
8 416 1
8 445 1
8 457 1
8 460 1
8 461 1
8 486 1
8 498 1
8 502 1
8 522 1
8 525 1
8 530 1
8 564 1
8 567 1
8 581 1
8 583 1
8 598 1
8 657 1
8 734 1
8 797 1
8 824 1
8 825 1
8 908 1
8 910 1
8 917 1
8 955 1
8 988 1
8 1030 1
8 1045 1
8 1103 1
8 1153 1
8 1157 1
8 1173 1
8 1178 1
8 1184 1
8 1191 1
8 1295 1
8 1488 1
8 1531 1
8 1619 1
8 1634 1
8 1640 1
8 1685 1
8 1697 1
8 1771 1
8 1822 1
8 1828 1
8 1842 1
9 10 1
9 11 1
9 12 1
9 16 1
9 17 1
9 19 1
9 20 1
9 22 1
9 25 1
9 28 1
9 30 1
9 32 1
9 33 1
9 39 1
9 44 1
9 45 1
9 46 1
9 47 1
9 49 1
9 55 1
9 60 1
9 65 1
9 72 1
9 76 1
9 80 1
9 90 1
9 93 1
9 95 1
9 118 1
9 120 1
9 126 1
9 131 1
9 140 1
9 145 1
9 155 1
9 158 1
9 162 1
9 181 1
9 183 1
9 210 1
9 223 1
9 225 1
9 232 1
9 235 1
9 236 1
9 248 1
9 249 1
9 267 1
9 284 1
9 287 1
9 308 1
9 309 1
9 312 1
9 348 1
9 359 1
9 363 1
9 368 1
9 374 1
9 379 1
9 380 1
9 413 1
9 415 1
9 438 1
9 441 1
9 448 1
9 450 1
9 451 1
9 452 1
9 467 1
9 498 1
9 526 1
9 527 1
9 532 1
9 534 1
9 541 1
9 542 1
9 546 1
9 548 1
9 571 1
9 573 1
9 613 1
9 621 1
9 622 1
9 624 1
9 643 1
9 658 1
9 719 1
9 744 1
9 783 1
9 799 1
9 818 1
9 898 1
9 906 1
9 926 1
9 994 1
9 996 1
9 1047 1
9 1055 1
9 1071 1
9 1074 1
9 1085 1
9 1088 1
9 1171 1
9 1173 1
9 1211 1
9 1214 1
9 1215 1
9 1220 1
9 1224 1
9 1238 1
9 1324 1
9 1345 1
9 1365 1
9 1448 1
9 1460 1
9 1479 1
9 1552 1
9 1555 1
9 1604 1
9 1648 1
9 1668 1
9 1672 1
9 1691 1
9 1706 1
9 1720 1
9 1726 1
9 1732 1
9 1741 1
9 1781 1
9 1829 1
9 1873 1
9 1889 1
9 1894 1
10 11 1
10 12 1
10 21 1
10 25 1
10 35 1
10 37 1
10 51 1
10 61 1
10 63 1
10 66 1
10 68 1
10 69 1
10 73 1
10 84 1
10 93 1
10 107 1
10 118 1
10 139 1
10 141 1
10 142 1
10 146 1
10 147 1
10 149 1
10 156 1
10 163 1
10 174 1
10 179 1
10 225 1
10 266 1
10 281 1
10 294 1
10 295 1
10 307 1
10 341 1
10 346 1
10 371 1
10 392 1
10 437 1
10 454 1
10 464 1
10 475 1
10 512 1
10 528 1
10 546 1
10 553 1
10 562 1
10 564 1
10 571 1
10 587 1
10 636 1
10 643 1
10 646 1
10 660 1
10 666 1
10 670 1
10 696 1
10 697 1
10 704 1
10 716 1
10 744 1
10 809 1
10 840 1
10 849 1
10 856 1
10 1024 1
10 1030 1
10 1054 1
10 1062 1
10 1101 1
10 1119 1
10 1140 1
10 1141 1
10 1160 1
10 1176 1
10 1187 1
10 1206 1
10 1371 1
10 1416 1
10 1457 1
10 1460 1
10 1461 1
10 1472 1
10 1480 1
10 1483 1
10 1485 1
10 1495 1
10 1505 1
10 1674 1
10 1813 1
10 1869 1
10 1896 1
11 12 1
11 14 1
11 46 1
11 49 1
11 64 1
11 69 1
11 75 1
11 117 1
11 121 1
11 162 1
11 173 1
11 189 1
11 192 1
11 278 1
11 292 1
11 325 1
11 378 1
11 468 1
11 520 1
11 559 1
11 577 1
11 619 1
11 726 1
11 782 1
11 783 1
11 795 1
11 872 1
11 887 1
11 936 1
11 942 1
11 969 1
11 974 1
11 982 1
11 1017 1
11 1065 1
11 1137 1
11 1190 1
11 1205 1
11 1210 1
11 1327 1
11 1335 1
11 1381 1
11 1737 1
11 1763 1
12 13 1
12 14 1
12 16 1
12 17 1
12 21 1
12 23 1
12 34 1
12 53 1
12 59 1
12 73 1
12 75 1
12 104 1
12 127 1
12 129 1
12 153 1
12 166 1
12 172 1
12 174 1
12 249 1
12 267 1
12 276 1
12 346 1
12 355 1
12 358 1
12 375 1
12 477 1
12 489 1
12 515 1
12 517 1
12 583 1
12 670 1
12 754 1
12 883 1
12 908 1
12 935 1
12 1140 1
12 1155 1
12 1320 1
12 1553 1
12 1565 1
12 1625 1
12 1632 1
12 1753 1
12 1757 1
12 1826 1
13 26 1
13 30 1
13 41 1
13 51 1
13 75 1
13 105 1
13 127 1
13 132 1
13 156 1
13 160 1
13 214 1
13 221 1
13 327 1
13 344 1
13 371 1
13 417 1
13 498 1
13 510 1
13 556 1
13 562 1
13 657 1
13 832 1
13 865 1
13 905 1
13 907 1
13 932 1
13 985 1
13 1110 1
13 1183 1
13 1386 1
13 1447 1
13 1665 1
13 1749 1
14 18 1
14 33 1
14 35 1
14 38 1
14 52 1
14 54 1
14 63 1
14 74 1
14 82 1
14 84 1
14 86 1
14 91 1
14 100 1
14 122 1
14 138 1
14 268 1
14 271 1
14 276 1
14 288 1
14 319 1
14 324 1
14 345 1
14 387 1
14 575 1
14 595 1
14 638 1
14 666 1
14 684 1
14 700 1
14 720 1
14 751 1
14 931 1
14 945 1
14 981 1
14 982 1
14 1032 1
14 1234 1
14 1348 1
14 1358 1
14 1377 1
14 1386 1
14 1439 1
14 1484 1
15 26 1
15 40 1
15 47 1
15 48 1
15 65 1
15 132 1
15 185 1
15 216 1
15 286 1
15 325 1
15 353 1
15 357 1
15 386 1
15 426 1
15 485 1
15 489 1
15 574 1
15 609 1
15 727 1
15 731 1
15 732 1
15 789 1
15 834 1
15 852 1
15 1105 1
15 1166 1
15 1202 1
15 1417 1
15 1419 1
15 1453 1
15 1491 1
15 1506 1
15 1685 1
15 1795 1
15 1816 1
15 1844 1
16 23 1
16 185 1
16 205 1
16 343 1
16 459 1
16 510 1
16 608 1
16 692 1
16 745 1
16 819 1
16 860 1
16 909 1
16 995 1
16 1426 1
16 1547 1
16 1580 1
16 1771 1
16 1862 1
17 20 1
17 25 1
17 28 1
17 32 1
17 33 1
17 38 1
17 41 1
17 60 1
17 65 1
17 68 1
17 69 1
17 81 1
17 97 1
17 102 1
17 138 1
17 142 1
17 146 1
17 170 1
17 173 1
17 174 1
17 182 1
17 186 1
17 209 1
17 212 1
17 218 1
17 229 1
17 237 1
17 241 1
17 247 1
17 268 1
17 293 1
17 295 1
17 311 1
17 312 1
17 317 1
17 329 1
17 350 1
17 352 1
17 388 1
17 390 1
17 394 1
17 400 1
17 403 1
17 437 1
17 452 1
17 484 1
17 503 1
17 515 1
17 531 1
17 535 1
17 543 1
17 604 1
17 609 1
17 721 1
17 741 1
17 790 1
17 818 1
17 854 1
17 859 1
17 926 1
17 927 1
17 959 1
17 963 1
17 1027 1
17 1031 1
17 1049 1
17 1069 1
17 1073 1
17 1123 1
17 1159 1
17 1175 1
17 1191 1
17 1247 1
17 1248 1
17 1253 1
17 1268 1
17 1272 1
17 1297 1
17 1370 1
17 1415 1
17 1459 1
17 1572 1
17 1701 1
17 1793 1
17 1798 1
17 1808 1
17 1812 1
17 1822 1
18 21 1
18 24 1
18 29 1
18 33 1
18 38 1
18 41 1
18 54 1
18 64 1
18 83 1
18 114 1
18 124 1
18 149 1
18 163 1
18 187 1
18 190 1
18 229 1
18 261 1
18 306 1
18 318 1
18 352 1
18 469 1
18 561 1
18 597 1
18 672 1
18 688 1
18 698 1
18 713 1
18 714 1
18 765 1
18 796 1
18 917 1
18 1016 1
18 1019 1
18 1077 1
18 1087 1
18 1101 1
18 1108 1
18 1198 1
18 1273 1
18 1294 1
18 1346 1
18 1556 1
18 1593 1
18 1614 1
18 1618 1
18 1628 1
18 1635 1
18 1766 1
18 1848 1
18 1866 1
19 21 1
19 22 1
19 25 1
19 35 1
19 36 1
19 42 1
19 51 1
19 53 1
19 57 1
19 59 1
19 89 1
19 92 1
19 113 1
19 114 1
19 125 1
19 161 1
19 175 1
19 180 1
19 183 1
19 188 1
19 260 1
19 264 1
19 288 1
19 319 1
19 336 1
19 339 1
19 367 1
19 384 1
19 396 1
19 412 1
19 427 1
19 435 1
19 544 1
19 565 1
19 576 1
19 578 1
19 673 1
19 685 1
19 700 1
19 715 1
19 778 1
19 801 1
19 803 1
19 816 1
19 821 1
19 825 1
19 947 1
19 971 1
19 1018 1
19 1098 1
19 1113 1
19 1117 1
19 1149 1
19 1155 1
19 1214 1
19 1235 1
19 1272 1
19 1278 1
19 1280 1
19 1307 1
19 1415 1
19 1436 1
19 1519 1
19 1539 1
19 1608 1
19 1613 1
19 1629 1
19 1653 1
19 1780 1
20 29 1
20 47 1
20 70 1
20 92 1
20 98 1
20 101 1
20 112 1
20 120 1
20 136 1
20 167 1
20 181 1
20 206 1
20 211 1
20 226 1
20 354 1
20 383 1
20 449 1
20 538 1
20 556 1
20 557 1
20 654 1
20 658 1
20 785 1
20 844 1
20 889 1
20 910 1
20 924 1
20 961 1
20 965 1
20 1003 1
20 1101 1
20 1123 1
20 1133 1
20 1145 1
20 1181 1
20 1186 1
20 1202 1
20 1206 1
20 1213 1
20 1253 1
20 1432 1
20 1487 1
20 1581 1
20 1663 1
20 1687 1
20 1706 1
20 1779 1
20 1786 1
20 1852 1
20 1900 1
21 36 1
21 37 1
21 69 1
21 77 1
21 82 1
21 83 1
21 115 1
21 207 1
21 282 1
21 351 1
21 471 1
21 477 1
21 547 1
21 549 1
21 647 1
21 653 1
21 687 1
21 724 1
21 932 1
21 946 1
21 1009 1
21 1121 1
21 1156 1
21 1226 1
21 1256 1
21 1277 1
21 1279 1
21 1389 1
21 1600 1
21 1688 1
21 1695 1
22 24 1
22 31 1
22 92 1
22 110 1
22 130 1
22 342 1
22 354 1
22 390 1
22 430 1
22 451 1
22 546 1
22 683 1
22 776 1
22 814 1
22 928 1
22 1247 1
23 56 1
23 85 1
23 109 1
23 117 1
23 120 1
23 129 1
23 161 1
23 191 1
23 265 1
23 437 1
23 518 1
23 689 1
23 759 1
23 958 1
23 1156 1
23 1158 1
23 1378 1
23 1644 1
23 1677 1
23 1844 1
23 1869 1
24 27 1
24 29 1
24 31 1
24 36 1
24 38 1
24 46 1
24 58 1
24 62 1
24 100 1
24 142 1
24 158 1
24 182 1
24 197 1
24 213 1
24 260 1
24 275 1
24 307 1
24 334 1
24 542 1
24 580 1
24 648 1
24 667 1
24 679 1
24 687 1
24 694 1
24 858 1
24 866 1
24 871 1
24 872 1
24 905 1
24 933 1
24 976 1
24 1081 1
24 1199 1
24 1228 1
24 1317 1
24 1338 1
24 1354 1
24 1496 1
24 1587 1
24 1628 1
24 1772 1
24 1828 1
25 48 1
25 126 1
25 134 1
25 136 1
25 170 1
25 332 1
25 367 1
25 399 1
25 450 1
25 503 1
25 800 1
25 1128 1
25 1129 1
25 1138 1
25 1153 1
25 1378 1
25 1624 1
26 43 1
26 59 1
26 157 1
26 166 1
26 193 1
26 264 1
26 393 1
26 405 1
26 568 1
26 641 1
26 764 1
26 993 1
26 1142 1
26 1274 1
26 1401 1
26 1503 1
26 1614 1
26 1760 1
26 1839 1
27 41 1
27 132 1
27 161 1
27 278 1
27 650 1
27 674 1
27 874 1
27 953 1
27 960 1
27 1227 1
27 1262 1
27 1343 1
27 1353 1
27 1441 1
27 1525 1
27 1819 1
28 45 1
28 96 1
28 156 1
28 194 1
28 411 1
28 445 1
28 449 1
28 552 1
28 1170 1
29 30 1
29 44 1
29 55 1
29 66 1
29 79 1
29 306 1
29 691 1
29 722 1
29 1012 1
29 1019 1
29 1047 1
29 1049 1
29 1254 1
29 1340 1
29 1390 1
29 1428 1
29 1462 1
29 1494 1
29 1806 1
29 1867 1
30 84 1
30 98 1
30 115 1
30 134 1
30 148 1
30 197 1
30 198 1
30 224 1
30 231 1
30 240 1
30 244 1
30 258 1
30 260 1
30 272 1
30 322 1
30 332 1
30 336 1
30 353 1
30 354 1
30 376 1
30 401 1
30 486 1
30 523 1
30 529 1
30 541 1
30 564 1
30 620 1
30 670 1
30 702 1
30 800 1
30 803 1
30 815 1
30 821 1
30 832 1
30 886 1
30 955 1
30 957 1
30 1112 1
30 1142 1
30 1216 1
30 1233 1
30 1292 1
30 1359 1
30 1505 1
30 1611 1
30 1622 1
30 1634 1
30 1698 1
30 1704 1
30 1740 1
30 1804 1
30 1843 1
31 58 1
31 190 1
31 206 1
31 220 1
31 228 1
31 273 1
31 331 1
31 361 1
31 364 1
31 370 1
31 416 1
31 420 1
31 505 1
31 598 1
31 1256 1
31 1382 1
31 1703 1
31 1889 1
32 70 1
32 86 1
32 87 1
32 88 1
32 95 1
32 96 1
32 98 1
32 100 1
32 106 1
32 193 1
32 251 1
32 270 1
32 281 1
32 300 1
32 376 1
32 403 1
32 419 1
32 427 1
32 431 1
32 473 1
32 495 1
32 689 1
32 804 1
32 872 1
32 884 1
32 893 1
32 1423 1
32 1526 1
32 1572 1
32 1602 1
32 1821 1
32 1858 1
33 36 1
33 39 1
33 40 1
33 56 1
33 72 1
33 77 1
33 79 1
33 83 1
33 89 1
33 90 1
33 97 1
33 98 1
33 150 1
33 190 1
33 192 1
33 199 1
33 217 1
33 303 1
33 318 1
33 330 1
33 345 1
33 379 1
33 381 1
33 517 1
33 536 1
33 570 1
33 577 1
33 668 1
33 708 1
33 716 1
33 718 1
33 794 1
33 816 1
33 1067 1
33 1085 1
33 1236 1
33 1258 1
33 1315 1
33 1385 1
34 134 1
34 145 1
34 168 1
34 203 1
34 361 1
34 362 1
34 400 1
34 585 1
34 591 1
34 669 1
34 728 1
34 810 1
34 824 1
34 831 1
34 841 1
34 920 1
34 974 1
34 984 1
34 1031 1
34 1140 1
34 1187 1
34 1217 1
34 1392 1
34 1524 1
34 1612 1
35 91 1
35 112 1
35 113 1
35 184 1
35 187 1
35 220 1
35 263 1
35 289 1
35 381 1
35 557 1
35 612 1
35 747 1
35 887 1
35 898 1
35 901 1
35 922 1
35 940 1
35 1114 1
35 1414 1
35 1460 1
35 1565 1
35 1898 1
36 37 1
36 49 1
36 52 1
36 89 1
36 95 1
36 145 1
36 150 1
36 242 1
36 265 1
36 305 1
36 403 1
36 409 1
36 440 1
36 474 1
36 488 1
36 520 1
36 540 1
36 576 1
36 588 1
36 717 1
36 746 1
36 835 1
36 853 1
36 889 1
36 984 1
36 1008 1
36 1158 1
36 1401 1
36 1542 1
36 1675 1
36 1683 1
36 1687 1
37 109 1
37 458 1
37 1150 1
37 1433 1
37 1694 1
37 1719 1
37 1877 1
38 56 1
38 89 1
38 99 1
38 102 1
38 109 1
38 128 1
38 130 1
38 153 1
38 184 1
38 209 1
38 224 1
38 280 1
38 362 1
38 395 1
38 418 1
38 425 1
38 519 1
38 579 1
38 580 1
38 909 1
38 937 1
38 1073 1
38 1080 1
38 1192 1
38 1207 1
38 1251 1
38 1305 1
38 1588 1
38 1898 1
39 64 1
39 77 1
39 78 1
39 94 1
39 97 1
39 140 1
39 157 1
39 176 1
39 295 1
39 304 1
39 513 1
39 519 1
39 529 1
39 609 1
39 652 1
39 739 1
39 766 1
39 966 1
39 983 1
39 1079 1
39 1192 1
39 1261 1
39 1341 1
39 1372 1
39 1381 1
39 1431 1
39 1839 1
39 1861 1
39 1897 1
40 74 1
40 378 1
40 599 1
40 1344 1
40 1770 1
41 44 1
41 80 1
41 171 1
41 293 1
41 402 1
41 420 1
41 441 1
41 480 1
41 619 1
41 630 1
41 730 1
41 1006 1
41 1029 1
41 1053 1
41 1322 1
41 1323 1
41 1391 1
41 1446 1
41 1574 1
41 1587 1
41 1603 1
41 1615 1
42 58 1
42 80 1
42 93 1
42 99 1
42 101 1
42 119 1
42 181 1
42 188 1
42 196 1
42 204 1
42 240 1
42 254 1
42 398 1
42 464 1
42 478 1
42 496 1
42 537 1
42 565 1
42 603 1
42 605 1
42 606 1
42 608 1
42 648 1
42 697 1
42 752 1
42 889 1
42 951 1
42 990 1
42 1045 1
42 1067 1
42 1095 1
42 1264 1
42 1273 1
42 1373 1
42 1448 1
42 1599 1
42 1690 1
42 1784 1
43 68 1
43 204 1
43 400 1
43 430 1
43 544 1
43 545 1
43 549 1
43 572 1
43 618 1
43 632 1
43 839 1
43 948 1
43 1043 1
43 1128 1
43 1229 1
43 1518 1
43 1838 1
44 49 1
44 105 1
44 166 1
44 171 1
44 224 1
44 238 1
44 291 1
44 319 1
44 325 1
44 419 1
44 442 1
44 574 1
44 623 1
44 627 1
44 681 1
44 711 1
44 822 1
44 873 1
44 939 1
44 1007 1
44 1167 1
44 1340 1
44 1462 1
44 1724 1
44 1767 1
44 1773 1
45 62 1
45 87 1
45 122 1
45 149 1
45 178 1
45 200 1
45 233 1
45 257 1
45 258 1
45 259 1
45 315 1
45 414 1
45 424 1
45 428 1
45 509 1
45 629 1
45 654 1
45 789 1
45 823 1
45 947 1
45 980 1
45 1106 1
45 1238 1
45 1321 1
45 1374 1
45 1639 1
45 1762 1
45 1766 1
45 1831 1
45 1845 1
45 1853 1
46 59 1
46 71 1
46 93 1
46 111 1
46 124 1
46 125 1
46 146 1
46 179 1
46 194 1
46 228 1
46 301 1
46 320 1
46 338 1
46 341 1
46 357 1
46 360 1
46 471 1
46 477 1
46 560 1
46 593 1
46 616 1
46 649 1
46 655 1
46 659 1
46 697 1
46 706 1
46 727 1
46 888 1
46 965 1
46 991 1
46 992 1
46 1036 1
46 1044 1
46 1312 1
46 1440 1
46 1461 1
46 1703 1
46 1713 1
46 1834 1
46 1877 1
47 103 1
47 104 1
47 148 1
47 202 1
47 263 1
47 1241 1
47 1727 1
48 85 1
48 157 1
48 208 1
48 409 1
48 962 1
48 1034 1
48 1403 1
49 108 1
49 113 1
49 212 1
49 215 1
49 320 1
49 323 1
49 349 1
49 535 1
49 560 1
49 575 1
49 582 1
49 614 1
49 627 1
49 632 1
49 713 1
49 799 1
49 806 1
49 961 1
49 994 1
49 999 1
49 1195 1
49 1233 1
49 1823 1
50 60 1
50 61 1
50 71 1
50 165 1
50 365 1
50 443 1
50 501 1
50 633 1
50 825 1
50 1012 1
50 1620 1
50 1791 1
51 54 1
51 64 1
51 66 1
51 80 1
51 86 1
51 87 1
51 105 1
51 123 1
51 152 1
51 154 1
51 155 1
51 165 1
51 173 1
51 195 1
51 196 1
51 203 1
51 214 1
51 218 1
51 224 1
51 237 1
51 244 1
51 245 1
51 262 1
51 304 1
51 319 1
51 363 1
51 411 1
51 422 1
51 441 1
51 499 1
51 548 1
51 552 1
51 584 1
51 637 1
51 644 1
51 651 1
51 681 1
51 737 1
51 761 1
51 911 1
51 988 1
51 1013 1
51 1021 1
51 1027 1
51 1049 1
51 1147 1
51 1164 1
51 1221 1
51 1225 1
51 1279 1
51 1347 1
51 1380 1
51 1426 1
51 1471 1
51 1501 1
51 1561 1
51 1603 1
51 1646 1
51 1650 1
51 1663 1
51 1692 1
51 1774 1
51 1811 1
51 1814 1
51 1851 1
51 1867 1
52 482 1
52 576 1
52 808 1
52 853 1
52 1421 1
53 54 1
53 81 1
53 125 1
53 150 1
53 233 1
53 239 1
53 245 1
53 277 1
53 389 1
53 465 1
53 516 1
53 525 1
53 679 1
53 697 1
53 1072 1
53 1547 1
54 55 1
54 95 1
54 129 1
54 158 1
54 169 1
54 274 1
54 283 1
54 393 1
54 410 1
54 458 1
54 516 1
54 531 1
54 599 1
54 650 1
54 897 1
54 1058 1
54 1105 1
54 1607 1
54 1649 1
54 1752 1
54 1848 1
55 67 1
55 85 1
55 119 1
55 127 1
55 140 1
55 144 1
55 218 1
55 219 1
55 340 1
55 375 1
55 378 1
55 507 1
55 539 1
55 665 1
55 987 1
55 1097 1
55 1163 1
55 1512 1
55 1545 1
55 1695 1
55 1779 1
55 1862 1
56 88 1
56 117 1
56 135 1
56 137 1
56 151 1
56 159 1
56 352 1
56 356 1
56 418 1
56 422 1
56 621 1
56 706 1
56 708 1
56 725 1
56 736 1
56 911 1
56 921 1
56 942 1
56 957 1
56 1193 1
56 1226 1
56 1634 1
56 1718 1
56 1775 1
57 67 1
57 88 1
57 131 1
57 162 1
57 199 1
57 234 1
57 246 1
57 252 1
57 330 1
57 366 1
57 423 1
57 450 1
57 463 1
57 518 1
57 542 1
57 576 1
57 577 1
57 579 1
57 610 1
57 685 1
57 703 1
57 728 1
57 750 1
57 784 1
57 848 1
57 934 1
57 970 1
57 1010 1
57 1284 1
57 1325 1
57 1689 1
57 1884 1
58 123 1
58 130 1
58 141 1
58 265 1
58 282 1
58 298 1
58 487 1
58 511 1
58 611 1
58 722 1
58 763 1
58 903 1
58 1093 1
58 1172 1
58 1268 1
58 1355 1
58 1520 1
58 1677 1
58 1678 1
58 1686 1
58 1755 1
58 1790 1
58 1831 1
59 61 1
59 63 1
59 71 1
59 117 1
59 129 1
59 147 1
59 171 1
59 200 1
59 228 1
59 265 1
59 269 1
59 279 1
59 284 1
59 318 1
59 338 1
59 350 1
59 357 1
59 433 1
59 677 1
59 696 1
59 707 1
59 710 1
59 1026 1
59 1038 1
59 1125 1
59 1139 1
59 1245 1
59 1286 1
59 1294 1
59 1342 1
59 1345 1
59 1511 1
59 1594 1
59 1599 1
59 1623 1
60 62 1
60 114 1
60 133 1
60 209 1
60 479 1
60 875 1
60 971 1
60 1380 1
61 152 1
61 232 1
61 291 1
61 427 1
61 448 1
61 528 1
61 822 1
61 968 1
61 1028 1
61 1142 1
61 1197 1
61 1421 1
61 1812 1
62 133 1
62 351 1
62 895 1
62 1119 1
62 1264 1
62 1348 1
62 1577 1
62 1592 1
62 1612 1
63 233 1
63 261 1
63 438 1
63 850 1
63 1042 1
63 1497 1
63 1641 1
63 1859 1
64 248 1
64 250 1
64 294 1
64 314 1
64 323 1
64 425 1
64 473 1
64 545 1
64 1129 1
64 1179 1
64 1604 1
64 1774 1
64 1833 1
65 76 1
65 82 1
65 131 1
65 217 1
65 236 1
65 237 1
65 285 1
65 369 1
65 407 1
65 413 1
65 449 1
65 454 1
65 481 1
65 507 1
65 513 1
65 550 1
65 642 1
65 692 1
65 702 1
65 714 1
65 849 1
65 876 1
65 1227 1
65 1356 1
65 1395 1
65 1411 1
65 1441 1
65 1493 1
65 1519 1
66 85 1
66 87 1
66 99 1
66 152 1
66 258 1
66 522 1
66 661 1
66 664 1
66 693 1
66 732 1
66 938 1
66 1088 1
66 1097 1
66 1117 1
66 1209 1
66 1315 1
66 1446 1
66 1621 1
66 1748 1
67 159 1
67 181 1
67 191 1
67 214 1
67 369 1
67 507 1
67 543 1
67 746 1
67 1214 1
67 1304 1
68 90 1
68 105 1
68 153 1
68 284 1
68 419 1
68 679 1
68 779 1
68 843 1
68 890 1
68 892 1
68 987 1
68 1504 1
68 1568 1
68 1718 1
69 103 1
69 114 1
69 133 1
69 143 1
69 198 1
69 299 1
69 301 1
69 346 1
69 375 1
69 510 1
69 568 1
69 600 1
69 647 1
69 655 1
69 733 1
69 864 1
69 1577 1
69 1584 1
69 1728 1
70 78 1
70 83 1
70 96 1
70 108 1
70 137 1
70 164 1
70 198 1
70 215 1
70 449 1
70 463 1
70 478 1
70 512 1
70 616 1
70 626 1
70 735 1
70 824 1
70 960 1
70 1033 1
70 1470 1
70 1617 1
70 1735 1
70 1795 1
70 1836 1
71 91 1
71 106 1
71 123 1
71 126 1
71 128 1
71 159 1
71 200 1
71 252 1
71 283 1
71 417 1
71 451 1
71 481 1
71 551 1
71 645 1
71 672 1
71 725 1
71 820 1
71 835 1
71 868 1
71 1092 1
71 1152 1
71 1174 1
71 1183 1
71 1211 1
71 1338 1
71 1437 1
71 1520 1
71 1548 1
71 1851 1
72 121 1
72 150 1
72 253 1
72 356 1
72 1645 1
72 1740 1
72 1782 1
73 387 1
73 511 1
73 665 1
73 814 1
73 1685 1
73 1789 1
74 124 1
74 135 1
74 180 1
74 216 1
74 273 1
74 285 1
74 321 1
74 408 1
74 463 1
74 503 1
74 504 1
74 851 1
74 1379 1
74 1399 1
75 128 1
75 401 1
75 429 1
75 691 1
75 694 1
75 767 1
75 806 1
75 824 1
75 838 1
75 851 1
75 912 1
75 1192 1
75 1231 1
75 1236 1
75 1238 1
75 1532 1
75 1589 1
75 1770 1
75 1775 1
76 79 1
76 175 1
76 213 1
76 220 1
76 294 1
76 296 1
76 322 1
76 365 1
76 579 1
76 707 1
76 1066 1
76 1124 1
76 1161 1
77 631 1
77 650 1
77 932 1
77 944 1
77 1694 1
78 198 1
78 201 1
78 211 1
78 271 1
78 359 1
78 429 1
78 738 1
78 763 1
78 1283 1
78 1366 1
78 1500 1
78 1561 1
78 1876 1
78 1887 1
79 84 1
79 144 1
79 170 1
79 227 1
79 257 1
79 295 1
79 299 1
79 355 1
79 398 1
79 478 1
79 492 1
79 593 1
79 598 1
79 648 1
79 653 1
79 816 1
79 842 1
79 867 1
79 893 1
79 977 1
79 1022 1
79 1060 1
79 1116 1
79 1309 1
79 1336 1
79 1375 1
79 1436 1
79 1465 1
79 1481 1
79 1639 1
79 1811 1
79 1832 1
79 1858 1
79 1880 1
80 102 1
80 176 1
80 213 1
80 235 1
80 333 1
80 562 1
80 592 1
80 612 1
80 918 1
80 952 1
80 983 1
80 1036 1
80 1283 1
80 1333 1
80 1357 1
80 1385 1
80 1443 1
80 1485 1
80 1589 1
81 86 1
81 116 1
81 139 1
81 169 1
81 219 1
81 222 1
81 225 1
81 228 1
81 240 1
81 306 1
81 347 1
81 371 1
81 440 1
81 476 1
81 483 1
81 560 1
81 605 1
81 612 1
81 729 1
81 749 1
81 755 1
81 926 1
81 972 1
81 1182 1
81 1343 1
81 1364 1
81 1372 1
81 1454 1
81 1474 1
81 1522 1
81 1606 1
82 225 1
82 269 1
82 547 1
82 570 1
82 1033 1
82 1143 1
82 1428 1
82 1682 1
82 1883 1
83 116 1
83 155 1
83 250 1
83 782 1
83 977 1
83 1090 1
83 1130 1
83 1249 1
83 1640 1
83 1739 1
84 88 1
84 160 1
84 186 1
84 191 1
84 237 1
84 246 1
84 296 1
84 520 1
84 563 1
84 626 1
84 645 1
84 805 1
84 836 1
84 853 1
84 893 1
84 1079 1
84 1199 1
84 1208 1
84 1361 1
84 1690 1
84 1875 1
85 103 1
85 119 1
85 191 1
85 208 1
85 218 1
85 241 1
85 340 1
85 353 1
85 368 1
85 414 1
85 488 1
85 615 1
85 797 1
85 838 1
85 862 1
85 922 1
85 956 1
85 975 1
85 1072 1
85 1113 1
85 1116 1
85 1189 1
85 1275 1
85 1321 1
85 1461 1
85 1562 1
85 1756 1
85 1841 1
86 123 1
86 169 1
86 223 1
86 350 1
86 382 1
86 1249 1
86 1313 1
87 178 1
87 416 1
87 426 1
87 489 1
87 792 1
87 1051 1
87 1084 1
87 1199 1
87 1359 1
87 1381 1
87 1511 1
87 1868 1
88 100 1
88 125 1
88 127 1
88 180 1
88 193 1
88 243 1
88 377 1
88 389 1
88 606 1
88 729 1
88 769 1
88 882 1
88 1130 1
88 1202 1
88 1363 1
88 1627 1
88 1688 1
88 1863 1
89 147 1
89 168 1
89 212 1
89 311 1
89 335 1
89 352 1
89 407 1
89 423 1
89 555 1
89 604 1
89 773 1
89 833 1
89 860 1
89 1006 1
89 1164 1
89 1456 1
89 1502 1
90 144 1
90 154 1
90 231 1
90 266 1
90 286 1
90 581 1
90 597 1
90 699 1
90 890 1
90 967 1
90 973 1
90 1409 1
90 1430 1
90 1439 1
90 1471 1
90 1846 1
90 1849 1
90 1864 1
91 693 1
91 1490 1
91 1793 1
92 94 1
92 104 1
92 115 1
92 134 1
92 241 1
92 270 1
92 399 1
92 512 1
92 523 1
92 608 1
92 865 1
92 1143 1
92 1162 1
92 1189 1
92 1257 1
92 1278 1
92 1342 1
92 1606 1
92 1633 1
92 1638 1
92 1808 1
92 1886 1
93 143 1
93 147 1
93 236 1
93 245 1
93 330 1
93 358 1
93 486 1
93 943 1
93 1344 1
93 1363 1
93 1421 1
93 1506 1
93 1508 1
93 1559 1
93 1648 1
93 1801 1
94 108 1
94 163 1
94 188 1
94 206 1
94 259 1
94 331 1
94 389 1
94 466 1
94 660 1
94 730 1
94 792 1
94 808 1
94 887 1
94 896 1
94 911 1
94 964 1
94 1019 1
94 1042 1
94 1060 1
94 1148 1
94 1175 1
94 1179 1
94 1246 1
94 1413 1
94 1432 1
94 1560 1
94 1691 1
94 1832 1
94 1857 1
95 111 1
95 112 1
95 398 1
95 399 1
95 404 1
95 735 1
95 876 1
95 1196 1
95 1753 1
96 196 1
96 201 1
96 1494 1
96 1686 1
97 119 1
97 627 1
97 631 1
97 639 1
97 724 1
97 1886 1
98 107 1
98 120 1
98 226 1
98 293 1
98 338 1
98 412 1
98 676 1
98 836 1
98 852 1
98 912 1
98 1169 1
98 1263 1
98 1303 1
98 1310 1
98 1628 1
98 1815 1
99 135 1
99 199 1
99 203 1
99 205 1
99 241 1
99 245 1
99 313 1
99 332 1
99 396 1
99 457 1
99 532 1
99 535 1
99 695 1
99 799 1
99 1268 1
99 1270 1
99 1463 1
99 1667 1
99 1817 1
99 1838 1
100 179 1
100 279 1
100 455 1
100 614 1
100 640 1
100 707 1
100 1072 1
100 1219 1
100 1652 1
101 116 1
101 254 1
101 380 1
101 485 1
101 527 1
101 1024 1
101 1627 1
101 1666 1
102 252 1
102 253 1
102 276 1
102 379 1
102 385 1
102 435 1
102 512 1
102 515 1
102 518 1
102 642 1
102 651 1
102 669 1
102 772 1
102 830 1
102 859 1
102 874 1
102 890 1
102 918 1
102 944 1
102 979 1
102 1018 1
102 1147 1
102 1224 1
102 1274 1
102 1293 1
102 1511 1
102 1548 1
102 1591 1
102 1604 1
102 1607 1
102 1686 1
102 1692 1
102 1745 1
102 1833 1
103 144 1
103 148 1
103 157 1
103 230 1
103 239 1
103 251 1
103 309 1
103 344 1
103 458 1
103 621 1
103 701 1
103 972 1
103 992 1
103 1534 1
103 1590 1
104 167 1
104 283 1
104 397 1
104 659 1
104 687 1
104 821 1
104 1631 1
104 1819 1
105 122 1
105 208 1
105 419 1
105 506 1
105 558 1
105 719 1
105 750 1
105 1055 1
105 1719 1
106 115 1
106 185 1
106 493 1
106 589 1
106 599 1
106 1323 1
106 1396 1
106 1435 1
106 1482 1
106 1644 1
106 1664 1
107 112 1
107 116 1
107 139 1
107 151 1
107 162 1
107 226 1
107 285 1
107 312 1
107 397 1
107 640 1
107 744 1
107 745 1
107 782 1
107 831 1
107 880 1
107 947 1
107 977 1
107 1005 1
107 1217 1
107 1302 1
107 1427 1
107 1667 1
107 1700 1
107 1767 1
108 167 1
108 187 1
108 201 1
108 221 1
108 242 1
108 256 1
108 347 1
108 393 1
108 411 1
108 662 1
108 731 1
108 748 1
108 933 1
108 1400 1
108 1474 1
108 1576 1
109 132 1
109 160 1
109 189 1
109 454 1
109 558 1
109 790 1
109 937 1
109 1057 1
109 1099 1
109 1135 1
110 269 1
110 313 1
110 350 1
110 541 1
110 641 1
110 696 1
110 794 1
110 1175 1
110 1712 1
110 1828 1
111 130 1
111 333 1
111 336 1
111 436 1
111 441 1
111 508 1
111 527 1
111 575 1
111 622 1
111 768 1
111 803 1
111 1139 1
111 1281 1
111 1295 1
112 118 1
112 176 1
112 325 1
112 524 1
112 526 1
112 788 1
112 801 1
112 828 1
112 980 1
112 984 1
112 1757 1
113 126 1
113 137 1
113 243 1
113 297 1
113 351 1
113 372 1
113 468 1
113 993 1
113 1015 1
113 1065 1
113 1646 1
114 221 1
114 255 1
114 361 1
114 374 1
114 557 1
114 590 1
114 787 1
114 891 1
114 924 1
114 959 1
114 1001 1
114 1065 1
114 1104 1
114 1568 1
115 197 1
115 234 1
115 285 1
115 432 1
115 572 1
115 915 1
116 139 1
116 148 1
116 160 1
116 217 1
116 229 1
116 289 1
116 334 1
116 343 1
116 423 1
116 491 1
116 590 1
116 817 1
116 974 1
116 1023 1
116 1151 1
116 1164 1
116 1180 1
116 1326 1
116 1467 1
116 1715 1
116 1899 1
117 151 1
117 232 1
117 310 1
117 370 1
117 573 1
117 664 1
117 1048 1
117 1131 1
117 1660 1
118 122 1
118 176 1
118 279 1
118 328 1
118 376 1
118 502 1
118 570 1
118 706 1
118 723 1
118 730 1
118 772 1
118 943 1
118 1074 1
118 1076 1
118 1325 1
118 1384 1
118 1401 1
118 1456 1
118 1482 1
118 1678 1
118 1702 1
119 136 1
119 210 1
119 243 1
119 421 1
119 743 1
119 1188 1
119 1521 1
120 145 1
120 172 1
120 311 1
120 349 1
120 372 1
120 404 1
120 413 1
120 446 1
120 456 1
120 474 1
120 760 1
120 798 1
120 1492 1
120 1505 1
120 1707 1
120 1721 1
121 165 1
121 386 1
121 522 1
121 530 1
121 537 1
121 569 1
121 652 1
121 671 1
121 908 1
121 1208 1
121 1430 1
121 1880 1
121 1897 1
122 183 1
122 216 1
122 302 1
122 558 1
122 575 1
122 665 1
122 757 1
122 885 1
122 975 1
122 1003 1
122 1128 1
122 1364 1
123 168 1
123 177 1
123 796 1
123 878 1
123 1132 1
123 1221 1
123 1397 1
124 164 1
124 287 1
124 296 1
124 302 1
124 415 1
124 431 1
124 451 1
124 509 1
124 578 1
124 586 1
124 589 1
124 611 1
124 625 1
124 636 1
124 663 1
124 700 1
124 709 1
124 737 1
124 742 1
124 863 1
124 895 1
124 933 1
124 946 1
124 971 1
124 1051 1
124 1087 1
124 1194 1
124 1212 1
124 1223 1
124 1294 1
124 1377 1
124 1518 1
124 1626 1
124 1661 1
124 1809 1
124 1874 1
124 1883 1
125 234 1
125 255 1
125 373 1
125 433 1
125 486 1
125 555 1
125 558 1
125 1155 1
125 1243 1
125 1269 1
125 1402 1
125 1557 1
125 1691 1
125 1741 1
125 1832 1
125 1871 1
126 447 1
126 474 1
126 1032 1
126 1034 1
126 1669 1
127 401 1
127 709 1
127 766 1
127 864 1
127 1155 1
127 1792 1
128 164 1
128 232 1
128 492 1
128 1207 1
128 1271 1
128 1726 1
129 317 1
129 471 1
129 600 1
129 611 1
129 771 1
129 1062 1
129 1096 1
129 1347 1
129 1388 1
129 1389 1
129 1805 1
130 177 1
130 402 1
130 521 1
130 561 1
130 563 1
130 604 1
130 650 1
130 802 1
130 929 1
130 1063 1
130 1089 1
130 1146 1
130 1243 1
130 1837 1
130 1865 1
131 182 1
131 234 1
131 250 1
131 261 1
131 395 1
131 401 1
131 406 1
131 438 1
131 484 1
131 488 1
131 628 1
131 691 1
131 748 1
131 950 1
131 1020 1
131 1043 1
131 1124 1
131 1366 1
131 1383 1
131 1395 1
131 1583 1
131 1662 1
131 1701 1
131 1809 1
132 219 1
132 280 1
132 417 1
132 536 1
132 537 1
132 601 1
132 736 1
132 1037 1
132 1075 1
132 1133 1
132 1202 1
132 1294 1
132 1320 1
132 1637 1
132 1647 1
133 141 1
133 184 1
133 315 1
133 456 1
133 490 1
133 496 1
133 595 1
133 615 1
133 698 1
133 777 1
133 830 1
133 1479 1
134 178 1
134 226 1
134 459 1
134 592 1
134 736 1
134 1117 1
134 1133 1
134 1170 1
134 1206 1
134 1876 1
135 165 1
135 208 1
135 210 1
135 429 1
135 921 1
135 1117 1
135 1545 1
135 1644 1
135 1884 1
136 142 1
136 154 1
136 448 1
136 637 1
136 716 1
136 816 1
136 1070 1
136 1114 1
136 1279 1
136 1510 1
136 1525 1
137 143 1
137 207 1
137 217 1
137 273 1
137 297 1
137 369 1
137 462 1
137 480 1
137 985 1
137 1231 1
137 1602 1
137 1719 1
138 183 1
138 326 1
138 364 1
138 416 1
138 430 1
138 523 1
138 768 1
138 861 1
138 923 1
138 977 1
138 1551 1
138 1615 1
138 1699 1
138 1759 1
139 248 1
139 316 1
139 329 1
139 366 1
139 423 1
139 444 1
139 472 1
139 567 1
139 1418 1
139 1477 1
139 1642 1
139 1697 1
140 178 1
140 252 1
140 266 1
140 343 1
140 355 1
140 359 1
140 846 1
140 963 1
140 1056 1
140 1188 1
140 1221 1
140 1300 1
141 168 1
141 201 1
141 209 1
141 429 1
141 457 1
141 504 1
141 786 1
141 1195 1
141 1206 1
141 1489 1
141 1777 1
142 152 1
142 204 1
142 251 1
142 277 1
142 297 1
142 310 1
142 363 1
142 391 1
142 459 1
142 556 1
142 717 1
142 776 1
142 818 1
142 1276 1
142 1516 1
142 1643 1
143 395 1
143 459 1
143 479 1
143 656 1
143 667 1
143 781 1
143 930 1
143 1071 1
143 1159 1
143 1346 1
143 1362 1
143 1660 1
144 197 1
144 462 1
144 586 1
144 882 1
144 1024 1
144 1247 1
144 1380 1
144 1808 1
145 331 1
145 366 1
145 428 1
145 522 1
145 904 1
145 1170 1
145 1481 1
145 1882 1
146 230 1
146 238 1
146 315 1
146 390 1
146 778 1
146 865 1
146 1246 1
146 1340 1
146 1744 1
147 235 1
147 259 1
147 308 1
147 680 1
147 1245 1
148 215 1
148 250 1
148 490 1
148 510 1
148 533 1
148 603 1
148 635 1
148 682 1
148 723 1
148 794 1
148 817 1
148 916 1
148 997 1
148 1125 1
148 1405 1
148 1589 1
148 1650 1
148 1680 1
149 220 1
149 439 1
149 695 1
149 741 1
149 761 1
149 880 1
149 954 1
149 1319 1
149 1512 1
149 1723 1
150 318 1
150 326 1
150 329 1
150 392 1
150 439 1
150 684 1
150 935 1
150 1017 1
150 1242 1
150 1258 1
150 1570 1
150 1768 1
151 177 1
151 202 1
151 253 1
151 394 1
151 594 1
151 880 1
151 1386 1
151 1523 1
152 222 1
152 267 1
152 287 1
152 328 1
152 546 1
152 754 1
152 1529 1
152 1571 1
152 1596 1
152 1670 1
152 1897 1
153 192 1
153 271 1
153 321 1
153 472 1
153 584 1
153 738 1
153 1305 1
153 1539 1
153 1900 1
154 182 1
154 189 1
154 277 1
154 412 1
154 434 1
154 468 1
154 619 1
154 639 1
154 717 1
154 815 1
154 961 1
154 1429 1
154 1431 1
154 1633 1
154 1893 1
155 592 1
155 1768 1
156 161 1
156 392 1
156 410 1
156 1605 1
157 216 1
157 257 1
157 540 1
157 678 1
157 791 1
157 1115 1
157 1259 1
157 1571 1
158 204 1
158 246 1
158 260 1
158 274 1
158 303 1
158 329 1
158 340 1
158 426 1
158 740 1
158 764 1
158 834 1
158 1144 1
158 1267 1
158 1336 1
158 1350 1
158 1382 1
158 1466 1
158 1478 1
158 1741 1
159 281 1
159 316 1
159 373 1
159 688 1
159 725 1
159 1014 1
159 1077 1
159 1387 1
159 1605 1
160 299 1
160 364 1
160 397 1
160 496 1
160 672 1
160 714 1
160 742 1
160 783 1
160 791 1
160 873 1
160 1011 1
160 1145 1
160 1247 1
160 1590 1
160 1733 1
160 1792 1
161 215 1
161 256 1
161 304 1
161 383 1
161 788 1
161 891 1
161 895 1
161 925 1
161 929 1
161 1123 1
161 1332 1
161 1420 1
161 1778 1
161 1856 1
162 199 1
162 203 1
162 251 1
162 270 1
162 307 1
162 358 1
162 443 1
162 487 1
162 665 1
162 846 1
162 851 1
162 1128 1
162 1190 1
162 1322 1
162 1391 1
162 1499 1
162 1530 1
162 1547 1
162 1758 1
162 1845 1
163 257 1
163 442 1
163 508 1
163 585 1
163 774 1
163 815 1
163 1387 1
164 205 1
164 222 1
164 268 1
164 282 1
164 421 1
164 626 1
164 934 1
164 967 1
164 1113 1
164 1200 1
164 1621 1
164 1787 1
164 1829 1
166 227 1
166 351 1
166 646 1
166 899 1
166 1112 1
166 1706 1
166 1740 1
167 223 1
167 236 1
167 247 1
167 474 1
167 500 1
167 553 1
167 859 1
167 1398 1
167 1597 1
167 1662 1
167 1678 1
167 1681 1
167 1731 1
168 320 1
168 593 1
168 623 1
168 791 1
168 1134 1
168 1387 1
168 1506 1
168 1612 1
168 1855 1
169 342 1
169 622 1
169 672 1
169 779 1
169 1035 1
169 1201 1
169 1208 1
169 1265 1
169 1445 1
169 1457 1
169 1521 1
169 1575 1
169 1598 1
170 175 1
170 287 1
170 324 1
170 377 1
170 624 1
170 719 1
170 774 1
170 779 1
170 916 1
170 949 1
170 1039 1
170 1098 1
170 1262 1
170 1540 1
170 1636 1
171 283 1
171 291 1
171 415 1
171 671 1
171 673 1
171 757 1
171 950 1
171 1200 1
172 264 1
172 298 1
172 337 1
172 383 1
172 517 1
172 628 1
172 673 1
172 712 1
172 715 1
172 770 1
172 969 1
172 1072 1
172 1274 1
172 1322 1
172 1565 1
172 1693 1
173 328 1
173 358 1
173 406 1
173 442 1
173 549 1
173 823 1
173 1255 1
174 507 1
174 807 1
174 914 1
174 965 1
174 988 1
174 990 1
174 1440 1
174 1807 1
174 1899 1
175 194 1
175 532 1
175 641 1
175 705 1
175 929 1
175 1297 1
175 1883 1
176 230 1
176 276 1
176 785 1
176 825 1
176 893 1
176 1041 1
176 1119 1
176 1131 1
176 1213 1
176 1348 1
176 1892 1
177 316 1
177 492 1
177 1352 1
177 1397 1
178 185 1
178 391 1
178 1054 1
179 275 1
179 301 1
179 478 1
179 594 1
179 659 1
179 855 1
179 1551 1
179 1583 1
179 1637 1
179 1752 1
179 1883 1
180 273 1
180 1360 1
181 207 1
181 557 1
181 1290 1
181 1372 1
181 1483 1
182 748 1
182 1102 1
182 1322 1
182 1458 1
182 1564 1
182 1703 1
182 1765 1
183 525 1
183 861 1
183 1398 1
183 1629 1
183 1775 1
183 1896 1
184 200 1
184 1074 1
184 1249 1
184 1251 1
184 1586 1
184 1641 1
185 254 1
185 327 1
185 645 1
185 754 1
185 864 1
185 1130 1
185 1400 1
185 1700 1
186 1245 1
186 1426 1
186 1546 1
187 332 1
187 339 1
187 685 1
187 691 1
187 722 1
187 747 1
187 855 1
187 1218 1
187 1242 1
187 1633 1
188 190 1
188 299 1
188 379 1
188 1052 1
188 1073 1
188 1087 1
188 1469 1
188 1477 1
188 1499 1
188 1569 1
188 1793 1
188 1899 1
189 280 1
189 760 1
189 1882 1
190 213 1
190 289 1
190 420 1
190 422 1
190 570 1
190 592 1
190 688 1
190 692 1
190 734 1
190 854 1
190 952 1
190 975 1
190 1158 1
190 1336 1
190 1413 1
190 1583 1
190 1601 1
190 1744 1
191 195 1
191 268 1
191 484 1
191 519 1
191 589 1
191 888 1
191 1484 1
192 339 1
192 509 1
192 686 1
192 813 1
193 211 1
193 377 1
193 995 1
193 1000 1
193 1535 1
193 1536 1
193 1707 1
193 1781 1
194 219 1
194 264 1
194 489 1
194 528 1
194 732 1
194 991 1
194 1008 1
194 1082 1
194 1178 1
194 1375 1
194 1445 1
194 1523 1
194 1609 1
194 1669 1
194 1803 1
194 1823 1
195 196 1
195 242 1
195 311 1
195 324 1
195 400 1
195 447 1
195 483 1
195 497 1
195 505 1
195 677 1
195 692 1
195 772 1
195 790 1
195 863 1
195 937 1
195 938 1
195 981 1
195 1050 1
195 1154 1
195 1305 1
195 1418 1
195 1503 1
196 202 1
196 337 1
196 566 1
196 634 1
196 686 1
196 710 1
196 1041 1
196 1388 1
196 1653 1
196 1846 1
197 227 1
197 556 1
197 1070 1
197 1310 1
197 1638 1
197 1670 1
198 235 1
198 498 1
198 563 1
198 631 1
198 910 1
198 927 1
198 939 1
198 991 1
198 1059 1
198 1118 1
198 1592 1
198 1832 1
199 271 1
199 341 1
199 436 1
199 637 1
199 907 1
199 940 1
199 1192 1
199 1225 1
199 1387 1
199 1764 1
200 966 1
200 1048 1
201 211 1
201 282 1
201 533 1
201 619 1
201 847 1
201 966 1
201 1091 1
201 1887 1
202 247 1
202 248 1
202 453 1
202 686 1
202 742 1
202 842 1
202 1061 1
202 1102 1
202 1408 1
202 1449 1
204 348 1
204 428 1
204 431 1
204 539 1
204 632 1
204 690 1
204 798 1
204 894 1
205 207 1
205 239 1
205 240 1
205 256 1
205 289 1
205 356 1
205 360 1
205 407 1
205 588 1
205 610 1
205 628 1
205 638 1
205 688 1
205 726 1
205 944 1
205 1078 1
205 1223 1
205 1243 1
205 1276 1
205 1405 1
205 1478 1
205 1642 1
205 1759 1
207 387 1
207 1000 1
208 290 1
208 452 1
209 438 1
209 791 1
209 1018 1
209 1078 1
209 1598 1
209 1696 1
210 447 1
210 617 1
210 1177 1
210 1839 1
211 333 1
211 422 1
211 454 1
211 466 1
211 551 1
211 574 1
211 662 1
211 786 1
211 1019 1
211 1061 1
211 1066 1
211 1187 1
211 1426 1
211 1479 1
211 1757 1
211 1875 1
212 243 1
212 326 1
212 385 1
212 388 1
212 473 1
212 494 1
212 559 1
212 568 1
212 702 1
212 999 1
212 1126 1
212 1216 1
212 1256 1
212 1369 1
212 1404 1
212 1457 1
212 1467 1
212 1653 1
212 1675 1
212 1893 1
213 229 1
213 275 1
213 754 1
213 770 1
213 801 1
213 828 1
213 1023 1
213 1161 1
213 1378 1
213 1705 1
214 270 1
214 677 1
215 583 1
215 1291 1
215 1887 1
216 335 1
216 456 1
216 634 1
216 1046 1
216 1304 1
216 1346 1
216 1364 1
217 255 1
217 374 1
217 513 1
217 553 1
217 602 1
217 618 1
217 750 1
217 1154 1
217 1683 1
217 1717 1
217 1785 1
218 272 1
218 298 1
218 302 1
218 317 1
218 613 1
218 649 1
218 712 1
218 793 1
218 837 1
218 1093 1
218 1131 1
218 1428 1
218 1629 1
218 1811 1
218 1860 1
219 467 1
219 572 1
219 1311 1
219 1342 1
219 1360 1
219 1396 1
219 1513 1
219 1873 1
220 242 1
220 244 1
220 247 1
220 262 1
220 473 1
220 733 1
220 767 1
220 823 1
220 1141 1
220 1486 1
221 308 1
221 376 1
221 443 1
221 446 1
221 483 1
221 513 1
221 555 1
221 677 1
221 699 1
221 953 1
221 1397 1
221 1564 1
221 1592 1
222 370 1
222 1064 1
222 1474 1
222 1661 1
223 484 1
223 603 1
223 1185 1
223 1462 1
223 1517 1
223 1572 1
224 263 1
224 421 1
224 745 1
224 1145 1
224 1153 1
224 1684 1
224 1801 1
224 1870 1
225 361 1
225 381 1
225 434 1
225 1070 1
225 1825 1
226 253 1
226 369 1
226 476 1
226 686 1
226 828 1
226 1414 1
226 1418 1
226 1463 1
226 1543 1
226 1635 1
226 1890 1
227 294 1
227 327 1
227 491 1
227 623 1
227 647 1
227 1866 1
228 606 1
228 886 1
228 1036 1
228 1198 1
228 1517 1
228 1609 1
229 333 1
229 448 1
229 940 1
229 1119 1
229 1413 1
229 1528 1
230 274 1
230 676 1
230 706 1
230 729 1
230 737 1
230 812 1
230 879 1
230 1327 1
230 1369 1
230 1455 1
230 1482 1
231 272 1
231 314 1
231 403 1
231 424 1
231 701 1
231 708 1
231 728 1
231 781 1
231 819 1
231 1097 1
231 1188 1
231 1215 1
231 1274 1
231 1385 1
231 1673 1
232 303 1
232 313 1
232 368 1
232 445 1
232 467 1
232 637 1
232 792 1
232 903 1
232 914 1
232 976 1
232 1205 1
232 1248 1
232 1318 1
232 1470 1
232 1658 1
232 1856 1
233 384 1
233 942 1
233 1104 1
233 1255 1
234 406 1
234 461 1
234 625 1
234 1269 1
234 1789 1
236 281 1
236 399 1
236 428 1
236 524 1
236 643 1
236 695 1
236 705 1
236 894 1
236 1058 1
236 1120 1
236 1285 1
236 1391 1
236 1393 1
236 1723 1
237 320 1
237 363 1
237 392 1
237 526 1
237 536 1
237 815 1
237 937 1
237 950 1
237 1297 1
237 1363 1
237 1392 1
237 1419 1
237 1435 1
237 1553 1
238 261 1
238 391 1
238 757 1
238 866 1
238 948 1
238 1041 1
238 1228 1
238 1292 1
238 1480 1
238 1499 1
238 1866 1
239 746 1
239 870 1
239 1040 1
240 303 1
240 669 1
240 868 1
240 974 1
240 1189 1
240 1266 1
240 1302 1
240 1313 1
240 1486 1
240 1668 1
241 327 1
241 502 1
241 590 1
241 807 1
241 999 1
241 1261 1
241 1424 1
241 1805 1
241 1881 1
242 357 1
242 591 1
242 915 1
242 1039 1
242 1181 1
242 1524 1
242 1546 1
242 1728 1
242 1785 1
243 262 1
243 286 1
243 708 1
243 989 1
243 1287 1
243 1349 1
243 1366 1
243 1749 1
243 1755 1
243 1793 1
244 1239 1
245 437 1
245 492 1
245 797 1
245 986 1
245 1106 1
245 1189 1
245 1235 1
245 1292 1
245 1364 1
245 1509 1
245 1556 1
245 1732 1
245 1770 1
246 262 1
246 339 1
246 421 1
246 738 1
246 764 1
246 897 1
246 1022 1
246 1373 1
246 1412 1
246 1516 1
246 1542 1
246 1847 1
247 347 1
247 382 1
247 427 1
247 767 1
247 877 1
247 1313 1
247 1579 1
247 1743 1
248 1271 1
249 306 1
249 342 1
249 623 1
249 710 1
249 1051 1
249 1133 1
249 1390 1
249 1818 1
250 278 1
250 292 1
250 1259 1
251 310 1
251 514 1
251 1358 1
251 1575 1
251 1625 1
252 348 1
252 463 1
252 534 1
252 771 1
252 845 1
252 953 1
252 1298 1
252 1305 1
252 1533 1
252 1541 1
252 1576 1
252 1591 1
252 1762 1
253 405 1
253 524 1
253 531 1
253 644 1
253 931 1
253 1283 1
253 1394 1
253 1580 1
254 297 1
254 439 1
254 495 1
254 581 1
254 731 1
254 809 1
254 857 1
254 897 1
254 1001 1
254 1052 1
254 1371 1
254 1398 1
254 1690 1
255 292 1
255 479 1
255 1342 1
255 1590 1
256 300 1
256 308 1
256 408 1
256 707 1
256 891 1
256 900 1
256 987 1
256 1173 1
256 1201 1
256 1237 1
256 1270 1
256 1376 1
256 1419 1
256 1425 1
256 1585 1
257 482 1
257 859 1
257 959 1
257 1746 1
258 336 1
258 470 1
258 548 1
258 680 1
258 1515 1
259 347 1
259 658 1
259 852 1
259 1730 1
260 335 1
260 753 1
260 848 1
260 887 1
260 1081 1
260 1580 1
260 1649 1
260 1823 1
261 390 1
261 530 1
261 1026 1
261 1242 1
262 312 1
262 1535 1
262 1684 1
263 553 1
263 577 1
263 755 1
264 469 1
264 715 1
264 1015 1
264 1314 1
264 1324 1
264 1522 1
265 293 1
265 338 1
265 362 1
265 469 1
265 643 1
265 845 1
265 951 1
265 1033 1
265 1093 1
265 1149 1
265 1159 1
265 1659 1
266 291 1
266 323 1
266 408 1
266 600 1
266 712 1
266 776 1
266 848 1
266 852 1
266 1001 1
266 1050 1
266 1063 1
266 1091 1
266 1320 1
266 1358 1
266 1531 1
266 1563 1
266 1584 1
266 1610 1
266 1716 1
266 1733 1
266 1742 1
267 638 1
267 1403 1
267 1420 1
268 337 1
268 381 1
268 605 1
268 621 1
268 800 1
268 1204 1
268 1447 1
269 432 1
269 919 1
269 1240 1
269 1453 1
269 1725 1
269 1859 1
270 941 1
270 1855 1
271 344 1
271 368 1
271 391 1
271 587 1
271 751 1
271 866 1
271 1028 1
271 1029 1
271 1094 1
271 1501 1
271 1682 1
271 1738 1
272 1140 1
273 582 1
274 280 1
274 410 1
274 548 1
274 728 1
274 1176 1
274 1306 1
274 1601 1
275 1758 1
276 1171 1
276 1302 1
277 504 1
277 695 1
277 795 1
277 908 1
277 952 1
278 334 1
278 503 1
278 532 1
278 646 1
278 713 1
278 1103 1
278 1298 1
278 1301 1
278 1443 1
278 1521 1
278 1756 1
280 601 1
280 1060 1
280 1069 1
280 1812 1
281 481 1
281 500 1
281 735 1
281 1257 1
282 434 1
282 464 1
282 594 1
282 1256 1
282 1565 1
282 1895 1
283 305 1
283 328 1
283 440 1
283 517 1
283 714 1
283 901 1
283 1086 1
283 1315 1
283 1806 1
284 348 1
284 578 1
284 711 1
284 1304 1
284 1787 1
285 345 1
285 378 1
285 629 1
285 1289 1
285 1434 1
285 1562 1
286 343 1
286 573 1
286 596 1
286 603 1
286 778 1
286 845 1
286 899 1
286 915 1
286 973 1
286 1813 1
286 1836 1
286 1872 1
287 494 1
287 511 1
287 779 1
287 931 1
287 1014 1
287 1100 1
287 1538 1
287 1781 1
288 296 1
288 408 1
288 1886 1
289 415 1
289 420 1
289 1164 1
290 472 1
290 494 1
290 506 1
290 813 1
290 972 1
290 1038 1
290 1233 1
290 1306 1
290 1341 1
290 1470 1
290 1603 1
290 1619 1
290 1654 1
291 467 1
291 544 1
291 610 1
291 718 1
291 963 1
291 967 1
291 1797 1
292 847 1
292 1542 1
293 704 1
293 1299 1
294 309 1
294 411 1
294 464 1
294 583 1
294 587 1
294 877 1
294 895 1
294 1066 1
294 1558 1
294 1846 1
295 1724 1
296 385 1
296 823 1
296 1044 1
296 1111 1
296 1168 1
296 1186 1
296 1471 1
296 1792 1
297 687 1
297 841 1
297 1509 1
298 386 1
298 398 1
298 514 1
298 580 1
298 742 1
298 845 1
298 1009 1
298 1423 1
298 1447 1
298 1679 1
298 1748 1
299 366 1
299 402 1
299 935 1
299 1126 1
299 1267 1
299 1361 1
299 1781 1
299 1807 1
300 337 1
300 466 1
300 472 1
300 627 1
300 1393 1
300 1639 1
301 1571 1
301 1715 1
302 331 1
302 1082 1
302 1120 1
302 1250 1
302 1352 1
302 1529 1
302 1638 1
303 770 1
303 812 1
303 913 1
303 1088 1
303 1504 1
304 580 1
304 733 1
304 808 1
304 862 1
305 317 1
305 371 1
305 490 1
305 524 1
305 586 1
305 676 1
305 938 1
305 1194 1
305 1783 1
306 491 1
306 1004 1
306 1331 1
306 1377 1
306 1562 1
306 1721 1
306 1782 1
306 1804 1
307 367 1
307 564 1
307 827 1
307 1462 1
307 1849 1
308 313 1
308 614 1
308 675 1
308 1024 1
308 1079 1
308 1246 1
308 1303 1
308 1479 1
308 1777 1
309 386 1
309 1213 1
310 855 1
310 1163 1
310 1370 1
310 1389 1
310 1659 1
311 886 1
311 983 1
311 1528 1
312 902 1
313 501 1
313 682 1
313 1050 1
313 1062 1
313 1370 1
313 1541 1
313 1648 1
314 511 1
314 669 1
314 690 1
314 818 1
314 902 1
314 1171 1
314 1301 1
314 1467 1
314 1514 1
314 1621 1
315 444 1
315 460 1
315 493 1
315 496 1
315 506 1
315 681 1
315 843 1
315 1031 1
315 1044 1
315 1099 1
315 1121 1
315 1122 1
315 1239 1
315 1301 1
315 1465 1
315 1660 1
315 1817 1
315 1825 1
316 655 1
316 921 1
316 964 1
316 1169 1
317 335 1
317 490 1
317 504 1
317 514 1
317 529 1
317 610 1
317 674 1
317 717 1
317 1011 1
317 1204 1
317 1354 1
317 1696 1
317 1776 1
317 1778 1
317 1860 1
318 461 1
318 539 1
318 989 1
318 1090 1
318 1307 1
318 1546 1
319 651 1
319 664 1
319 1334 1
319 1537 1
320 826 1
320 1195 1
320 1530 1
321 730 1
321 747 1
321 813 1
321 1379 1
321 1506 1
322 884 1
323 349 1
323 373 1
323 771 1
323 793 1
323 928 1
323 1151 1
323 1301 1
323 1368 1
323 1429 1
323 1570 1
323 1790 1
323 1794 1
324 409 1
324 469 1
324 565 1
324 1347 1
324 1636 1
325 930 1
325 968 1
325 1156 1
325 1182 1
326 353 1
326 601 1
326 827 1
326 836 1
326 957 1
326 1267 1
326 1275 1
326 1292 1
326 1351 1
326 1353 1
326 1647 1
326 1782 1
327 807 1
327 1076 1
327 1215 1
328 374 1
328 554 1
328 573 1
328 635 1
328 746 1
328 904 1
328 1129 1
328 1320 1
329 883 1
329 970 1
329 1127 1
329 1243 1
329 1288 1
329 1679 1
329 1809 1
329 1848 1
330 360 1
330 365 1
330 675 1
330 740 1
330 1172 1
330 1259 1
330 1474 1
331 555 1
331 1250 1
332 561 1
332 1100 1
332 1494 1
333 418 1
333 436 1
333 1816 1
334 406 1
334 540 1
334 635 1
334 648 1
334 780 1
334 834 1
334 967 1
334 979 1
334 1406 1
334 1525 1
335 584 1
335 850 1
335 1107 1
335 1618 1
335 1783 1
336 634 1
336 1217 1
336 1319 1
336 1524 1
336 1551 1
337 434 1
337 551 1
337 633 1
337 867 1
337 1216 1
337 1306 1
338 367 1
338 370 1
338 382 1
338 470 1
338 550 1
338 559 1
338 1009 1
338 1011 1
338 1357 1
338 1434 1
338 1606 1
338 1607 1
339 372 1
339 470 1
339 658 1
339 704 1
339 761 1
339 986 1
339 1646 1
340 382 1
340 404 1
340 586 1
340 635 1
340 1179 1
340 1600 1
341 344 1
341 360 1
341 1023 1
341 1710 1
342 413 1
342 614 1
342 1703 1
342 1869 1
343 1870 1
343 1882 1
344 829 1
344 1106 1
344 1559 1
345 788 1
345 820 1
345 880 1
345 1244 1
346 1201 1
347 417 1
347 505 1
347 662 1
347 905 1
347 1037 1
347 1039 1
347 1244 1
347 1616 1
348 349 1
348 354 1
348 452 1
348 455 1
348 543 1
348 613 1
348 617 1
348 871 1
348 873 1
348 1286 1
348 1722 1
348 1840 1
349 841 1
349 954 1
350 1035 1
350 1550 1
351 670 1
351 886 1
351 1647 1
352 499 1
352 1008 1
352 1632 1
353 994 1
353 1386 1
354 538 1
354 543 1
354 620 1
354 758 1
354 802 1
354 1176 1
354 1425 1
354 1576 1
355 471 1
355 884 1
355 955 1
355 1727 1
356 460 1
356 485 1
356 618 1
356 1118 1
356 1316 1
356 1400 1
356 1568 1
356 1852 1
356 1888 1
357 649 1
357 1096 1
357 1597 1
357 1773 1
358 442 1
358 661 1
358 680 1
358 997 1
358 1124 1
358 1448 1
358 1601 1
358 1645 1
358 1697 1
358 1705 1
359 375 1
359 541 1
359 581 1
359 768 1
359 871 1
359 1802 1
359 1835 1
361 525 1
361 831 1
361 877 1
361 1096 1
361 1330 1
361 1356 1
361 1416 1
361 1487 1
361 1619 1
361 1712 1
361 1736 1
362 805 1
362 840 1
362 1261 1
362 1382 1
363 1096 1
365 545 1
365 1091 1
365 1575 1
365 1708 1
366 913 1
366 1449 1
367 435 1
367 550 1
367 835 1
367 920 1
367 1121 1
367 1489 1
367 1697 1
367 1709 1
367 1734 1
368 1146 1
368 1658 1
369 690 1
369 1679 1
369 1890 1
370 436 1
370 662 1
370 701 1
370 762 1
370 869 1
370 894 1
370 1007 1
370 1168 1
370 1250 1
370 1271 1
370 1490 1
370 1646 1
371 1132 1
372 544 1
372 979 1
372 1252 1
372 1745 1
373 405 1
373 554 1
373 752 1
373 841 1
373 1065 1
373 1145 1
373 1652 1
373 1720 1
373 1900 1
374 534 1
374 602 1
374 1014 1
374 1049 1
374 1222 1
374 1289 1
374 1379 1
374 1891 1
375 506 1
375 1466 1
375 1842 1
376 1248 1
376 1460 1
376 1738 1
377 383 1
377 405 1
377 780 1
377 916 1
377 1492 1
377 1788 1
378 1025 1
378 1407 1
378 1676 1
378 1886 1
379 537 1
379 821 1
379 986 1
379 1047 1
379 1136 1
379 1193 1
380 509 1
381 1229 1
381 1402 1
381 1716 1
381 1735 1
381 1869 1
382 647 1
382 838 1
382 1328 1
382 1573 1
383 803 1
383 1028 1
383 1749 1
384 566 1
384 1092 1
384 1222 1
384 1375 1
384 1641 1
385 622 1
385 792 1
385 860 1
385 1080 1
385 1094 1
385 1276 1
385 1350 1
385 1651 1
385 1657 1
385 1667 1
387 440 1
387 456 1
387 569 1
387 607 1
387 684 1
387 1111 1
387 1252 1
387 1615 1
388 787 1
388 1050 1
389 882 1
389 1122 1
389 1179 1
390 450 1
390 468 1
390 568 1
390 617 1
390 642 1
390 756 1
390 833 1
390 912 1
390 926 1
390 973 1
390 1296 1
390 1330 1
390 1358 1
390 1448 1
390 1743 1
391 680 1
391 696 1
391 896 1
391 1046 1
391 1184 1
391 1296 1
391 1546 1
391 1848 1
392 431 1
392 516 1
392 539 1
392 739 1
392 968 1
392 1090 1
392 1183 1
392 1445 1
392 1538 1
393 424 1
393 589 1
393 630 1
393 641 1
393 862 1
393 906 1
393 910 1
393 995 1
393 1135 1
393 1184 1
393 1383 1
393 1418 1
393 1446 1
393 1507 1
393 1528 1
393 1842 1
394 941 1
394 1146 1
395 453 1
395 656 1
395 811 1
395 1536 1
396 432 1
396 458 1
396 465 1
396 809 1
396 833 1
396 881 1
396 1193 1
396 1500 1
396 1734 1
396 1773 1
396 1861 1
397 425 1
397 487 1
397 500 1
397 889 1
397 1112 1
397 1323 1
397 1345 1
398 962 1
398 969 1
398 1005 1
398 1423 1
398 1708 1
399 567 1
399 843 1
399 925 1
399 1107 1
399 1353 1
399 1668 1
399 1874 1
399 1881 1
402 487 1
402 508 1
402 653 1
402 814 1
402 829 1
402 1360 1
402 1361 1
402 1457 1
402 1463 1
402 1704 1
403 781 1
403 1112 1
403 1126 1
403 1776 1
404 446 1
404 602 1
404 1105 1
404 1142 1
404 1236 1
405 494 1
405 1038 1
405 1365 1
405 1830 1
406 409 1
406 869 1
406 1618 1
406 1765 1
407 485 1
408 1064 1
408 1114 1
409 842 1
409 1017 1
409 1313 1
409 1694 1
409 1797 1
410 1066 1
410 1175 1
410 1456 1
411 699 1
411 786 1
411 1160 1
412 675 1
412 807 1
412 832 1
412 1031 1
412 1043 1
412 1736 1
413 457 1
413 559 1
413 775 1
413 938 1
413 1085 1
413 1647 1
413 1791 1
414 700 1
414 1102 1
415 501 1
415 624 1
415 915 1
415 945 1
415 1199 1
416 479 1
416 612 1
416 734 1
416 1204 1
417 455 1
417 462 1
417 654 1
417 795 1
417 1293 1
417 1337 1
417 1876 1
418 943 1
418 1027 1
419 475 1
419 733 1
419 846 1
419 960 1
419 987 1
419 1016 1
419 1083 1
419 1260 1
419 1514 1
419 1852 1
420 840 1
420 981 1
420 1184 1
420 1537 1
420 1617 1
422 751 1
422 785 1
422 1218 1
423 1064 1
424 726 1
424 1761 1
425 444 1
425 482 1
425 625 1
425 762 1
425 872 1
425 931 1
425 1219 1
425 1554 1
425 1604 1
426 1213 1
426 1224 1
426 1350 1
426 1875 1
427 470 1
427 1238 1
428 632 1
428 983 1
428 1137 1
428 1574 1
428 1580 1
429 551 1
429 822 1
429 1226 1
429 1287 1
430 439 1
430 770 1
431 488 1
431 702 1
431 829 1
431 968 1
431 1136 1
431 1562 1
432 465 1
432 497 1
432 881 1
432 1429 1
433 682 1
433 1244 1
433 1406 1
433 1795 1
435 830 1
435 1021 1
435 1242 1
435 1466 1
435 1480 1
435 1769 1
436 500 1
436 781 1
436 1286 1
437 475 1
437 565 1
437 1098 1
437 1355 1
437 1556 1
437 1608 1
437 1676 1
438 591 1
440 521 1
440 569 1
440 644 1
440 853 1
440 1310 1
441 624 1
441 1057 1
441 1081 1
441 1337 1
441 1498 1
441 1569 1
441 1851 1
442 740 1
442 1089 1
443 874 1
444 689 1
444 1510 1
444 1585 1
444 1884 1
445 988 1
445 1075 1
445 1255 1
445 1353 1
446 729 1
446 738 1
446 788 1
446 1285 1
446 1469 1
446 1507 1
447 501 1
447 663 1
447 1754 1
449 1608 1
450 615 1
451 566 1
451 636 1
451 774 1
451 1052 1
451 1180 1
451 1535 1
452 455 1
452 862 1
452 912 1
452 955 1
452 1516 1
453 1637 1
454 475 1
454 819 1
455 521 1
455 646 1
455 663 1
456 461 1
456 606 1
456 782 1
456 932 1
457 1384 1
458 599 1
459 936 1
459 1522 1
459 1547 1
460 843 1
461 858 1
461 1100 1
461 1290 1
461 1526 1
461 1594 1
461 1853 1
462 582 1
462 645 1
462 654 1
462 666 1
462 1746 1
463 477 1
463 875 1
463 909 1
463 1060 1
463 1124 1
463 1144 1
463 1147 1
463 1318 1
463 1533 1
463 1664 1
463 1756 1
463 1777 1
463 1802 1
463 1816 1
465 752 1
465 882 1
466 481 1
466 1865 1
467 476 1
467 1507 1
467 1635 1
468 550 1
468 870 1
468 1435 1
469 582 1
469 597 1
469 891 1
469 1132 1
469 1162 1
469 1182 1
469 1240 1
469 1264 1
469 1406 1
469 1422 1
469 1763 1
469 1854 1
470 482 1
470 499 1
470 552 1
470 638 1
470 703 1
470 804 1
470 810 1
470 881 1
470 1136 1
470 1412 1
470 1488 1
470 1638 1
470 1666 1
471 505 1
471 534 1
471 1288 1
471 1688 1
472 584 1
473 633 1
473 913 1
474 497 1
474 531 1
474 545 1
474 601 1
474 675 1
474 799 1
474 819 1
474 883 1
474 1444 1
474 1576 1
474 1689 1
475 480 1
475 727 1
475 1095 1
476 698 1
476 1211 1
476 1475 1
476 1538 1
476 1702 1
478 631 1
478 1225 1
478 1888 1
479 780 1
479 928 1
479 995 1
479 1222 1
479 1399 1
480 1464 1
481 918 1
482 515 1
482 739 1
482 1069 1
482 1113 1
482 1116 1
482 1491 1
482 1711 1
482 1813 1
483 790 1
483 794 1
483 1885 1
484 611 1
484 630 1
484 851 1
484 876 1
484 1281 1
484 1362 1
484 1449 1
485 552 1
485 596 1
485 618 1
485 917 1
485 1295 1
485 1470 1
485 1737 1
485 1836 1
486 597 1
486 651 1
486 899 1
486 951 1
486 1074 1
486 1357 1
486 1367 1
486 1402 1
486 1643 1
486 1707 1
488 659 1
488 1454 1
488 1588 1
489 516 1
489 547 1
489 681 1
489 726 1
489 868 1
489 1122 1
489 1552 1
490 613 1
490 674 1
490 679 1
490 817 1
490 1407 1
490 1438 1
490 1624 1
490 1692 1
490 1698 1
491 574 1
491 590 1
491 674 1
491 980 1
491 1089 1
491 1187 1
491 1626 1
492 758 1
492 877 1
492 1071 1
493 1032 1
493 1449 1
494 1437 1
494 1827 1
495 684 1
495 1698 1
495 1833 1
496 1110 1
496 1651 1
496 1796 1
497 554 1
497 748 1
497 850 1
497 1264 1
498 626 1
498 936 1
498 1203 1
498 1237 1
498 1422 1
498 1672 1
499 668 1
499 918 1
499 1332 1
499 1532 1
500 678 1
500 806 1
500 1331 1
500 1468 1
501 1509 1
502 656 1
502 775 1
502 1006 1
502 1127 1
503 839 1
503 878 1
503 1010 1
503 1410 1
503 1843 1
504 743 1
504 759 1
504 904 1
504 956 1
504 1169 1
504 1490 1
504 1608 1
504 1780 1
504 1863 1
506 749 1
506 923 1
506 933 1
507 521 1
507 1411 1
508 939 1
508 1312 1
509 585 1
509 668 1
510 773 1
510 826 1
510 1058 1
510 1098 1
510 1231 1
510 1379 1
511 538 1
511 588 1
511 765 1
511 1542 1
513 1163 1
514 777 1
514 1034 1
514 1544 1
515 964 1
515 996 1
515 1156 1
515 1791 1
516 698 1
516 830 1
516 1196 1
517 527 1
517 1267 1
517 1394 1
518 1190 1
518 1408 1
519 540 1
519 1152 1
520 822 1
520 1483 1
520 1535 1
521 620 1
521 860 1
521 1013 1
521 1843 1
523 763 1
523 888 1
523 1087 1
523 1750 1
523 1854 1
524 547 1
524 653 1
524 890 1
524 1013 1
524 1767 1
525 1025 1
525 1356 1
527 721 1
527 870 1
527 1709 1
527 1794 1
527 1847 1
528 563 1
529 725 1
529 1497 1
530 561 1
530 784 1
530 1040 1
530 1067 1
530 1831 1
531 639 1
531 839 1
531 844 1
531 1254 1
531 1287 1
531 1405 1
532 694 1
532 928 1
532 1599 1
532 1667 1
532 1764 1
533 1137 1
533 1690 1
534 571 1
534 579 1
534 591 1
534 634 1
534 1080 1
534 1442 1
535 660 1
535 990 1
535 1052 1
535 1284 1
535 1431 1
535 1473 1
535 1489 1
535 1497 1
535 1609 1
535 1635 1
535 1657 1
535 1724 1
535 1800 1
536 660 1
536 771 1
536 962 1
536 1026 1
536 1349 1
537 620 1
537 737 1
537 986 1
537 1109 1
537 1217 1
537 1557 1
537 1700 1
538 693 1
538 1068 1
538 1282 1
538 1417 1
539 655 1
539 668 1
539 870 1
539 946 1
539 1149 1
539 1198 1
540 588 1
540 901 1
540 1030 1
540 1329 1
541 664 1
541 925 1
541 1315 1
541 1359 1
541 1459 1
541 1630 1
542 1610 1
542 1823 1
543 1265 1
543 1285 1
543 1545 1
543 1804 1
544 629 1
544 644 1
544 667 1
544 753 1
544 756 1
544 1082 1
544 1816 1
544 1822 1
545 608 1
545 661 1
545 749 1
545 762 1
545 1266 1
545 1523 1
546 683 1
546 1023 1
546 1180 1
546 1203 1
546 1328 1
546 1433 1
546 1840 1
547 920 1
547 1135 1
547 1843 1
548 916 1
548 923 1
548 941 1
548 981 1
548 1341 1
548 1830 1
548 1885 1
550 625 1
550 744 1
550 1138 1
551 812 1
551 1318 1
551 1827 1
552 720 1
552 1029 1
552 1103 1
552 1347 1
552 1582 1
552 1877 1
553 569 1
553 689 1
553 919 1
553 1567 1
553 1789 1
553 1803 1
555 1625 1
556 1037 1
557 953 1
557 1196 1
557 1544 1
558 657 1
558 1579 1
558 1891 1
559 633 1
559 936 1
559 1146 1
559 1174 1
559 1682 1
559 1801 1
560 693 1
560 766 1
560 944 1
561 858 1
561 978 1
561 1033 1
561 1038 1
561 1214 1
561 1283 1
561 1309 1
561 1724 1
561 1797 1
561 1837 1
562 616 1
562 743 1
562 863 1
562 902 1
562 1166 1
562 1229 1
562 1249 1
562 1465 1
563 805 1
563 954 1
563 1275 1
563 1373 1
564 690 1
564 711 1
564 769 1
564 1681 1
565 740 1
565 875 1
565 1252 1
566 587 1
567 595 1
567 1307 1
567 1316 1
567 1376 1
567 1713 1
568 1510 1
568 1537 1
569 607 1
569 1742 1
569 1879 1
570 774 1
570 1034 1
570 1428 1
570 1876 1
571 888 1
571 1056 1
571 1083 1
571 1501 1
571 1595 1
572 1048 1
573 769 1
573 1003 1
573 1378 1
573 1825 1
573 1863 1
574 711 1
574 1220 1
575 1802 1
576 720 1
576 909 1
576 1410 1
577 656 1
577 756 1
577 982 1
577 1606 1
578 701 1
578 758 1
578 962 1
578 1063 1
579 848 1
579 1001 1
579 1053 1
579 1138 1
579 1485 1
580 1718 1
581 1529 1
581 1849 1
582 826 1
582 1395 1
583 844 1
583 1157 1
583 1613 1
584 629 1
584 683 1
584 958 1
584 1271 1
584 1373 1
584 1711 1
585 1766 1
585 1895 1
586 652 1
586 685 1
586 765 1
586 776 1
586 829 1
586 884 1
586 998 1
586 1170 1
586 1349 1
586 1645 1
587 1030 1
587 1207 1
587 1337 1
587 1610 1
588 636 1
588 990 1
589 743 1
589 902 1
589 1056 1
589 1230 1
589 1488 1
590 596 1
590 710 1
590 927 1
590 956 1
590 1443 1
590 1464 1
591 875 1
591 1330 1
591 1512 1
591 1687 1
591 1772 1
592 873 1
592 1582 1
592 1809 1
593 600 1
593 783 1
593 958 1
593 1549 1
594 1424 1
594 1895 1
595 735 1
595 952 1
595 1501 1
595 1594 1
596 1656 1
596 1829 1
598 1230 1
598 1522 1
599 775 1
599 1093 1
599 1177 1
599 1844 1
600 759 1
601 1020 1
601 1527 1
601 1624 1
601 1827 1
602 750 1
602 838 1
602 1218 1
602 1491 1
602 1500 1
603 736 1
603 1424 1
605 741 1
605 950 1
605 1090 1
606 1407 1
606 1438 1
606 1439 1
606 1896 1
607 1002 1
608 723 1
608 861 1
610 699 1
610 772 1
611 767 1
611 898 1
611 1147 1
611 1733 1
611 1805 1
611 1833 1
612 1197 1
612 1841 1
613 797 1
613 1524 1
613 1575 1
613 1701 1
614 806 1
614 925 1
614 1045 1
614 1708 1
616 876 1
616 1152 1
616 1248 1
616 1277 1
616 1498 1
617 642 1
617 678 1
617 1002 1
617 1016 1
617 1177 1
618 896 1
618 1384 1
618 1468 1
618 1655 1
619 705 1
619 712 1
619 1051 1
619 1177 1
620 921 1
620 1165 1
620 1496 1
620 1587 1
620 1859 1
621 1447 1
623 709 1
623 777 1
623 1780 1
624 745 1
624 793 1
624 808 1
624 840 1
624 878 1
624 1262 1
624 1432 1
624 1640 1
624 1789 1
625 1269 1
626 724 1
626 775 1
626 1084 1
626 1339 1
626 1659 1
627 639 1
627 1008 1
627 1040 1
627 1374 1
627 1630 1
627 1850 1
628 1054 1
628 1102 1
628 1138 1
628 1141 1
628 1203 1
628 1472 1
628 1516 1
628 1820 1
629 929 1
629 930 1
629 998 1
629 1095 1
629 1573 1
630 1709 1
631 1025 1
633 1513 1
634 811 1
634 903 1
634 917 1
634 1228 1
634 1383 1
634 1747 1
635 1114 1
637 747 1
637 1012 1
637 1143 1
637 1727 1
637 1765 1
638 657 1
639 724 1
639 1641 1
639 1674 1
639 1837 1
640 741 1
640 1111 1
641 802 1
641 892 1
641 1339 1
641 1420 1
641 1750 1
642 1611 1
643 1702 1
644 1662 1
645 1059 1
645 1333 1
645 1452 1
645 1619 1
645 1631 1
646 663 1
646 716 1
646 978 1
647 721 1
647 1157 1
647 1510 1
647 1751 1
648 1120 1
648 1889 1
649 1173 1
649 1237 1
649 1597 1
649 1699 1
650 1390 1
650 1731 1
650 1878 1
651 1227 1
651 1295 1
651 1581 1
652 671 1
652 727 1
652 1392 1
652 1417 1
652 1458 1
653 835 1
653 1319 1
653 1579 1
653 1767 1
654 922 1
654 1246 1
654 1870 1
655 1309 1
656 1878 1
657 1495 1
657 1573 1
658 704 1
658 856 1
658 996 1
658 1451 1
658 1798 1
659 871 1
659 883 1
659 1593 1
660 868 1
661 762 1
661 866 1
661 1174 1
661 1209 1
662 879 1
662 1003 1
662 1186 1
662 1388 1
662 1400 1
662 1687 1
662 1808 1
662 1821 1
664 1165 1
665 854 1
665 878 1
665 1239 1
665 1564 1
665 1758 1
665 1784 1
666 796 1
666 1167 1
666 1311 1
666 1892 1
667 972 1
667 1144 1
667 1705 1
667 1863 1
668 719 1
668 773 1
668 1026 1
668 1085 1
668 1529 1
668 1587 1
668 1881 1
669 787 1
669 1440 1
669 1561 1
669 1873 1
670 811 1
670 1002 1
670 1310 1
670 1574 1
671 1847 1
672 721 1
672 1222 1
672 1404 1
673 969 1
674 850 1
674 1308 1
674 1343 1
674 1357 1
674 1622 1
675 856 1
675 1234 1
675 1720 1
675 1814 1
676 763 1
676 1134 1
676 1180 1
676 1630 1
676 1812 1
677 1165 1
677 1367 1
680 705 1
680 732 1
680 1210 1
680 1413 1
680 1892 1
682 1185 1
683 1172 1
683 1591 1
684 934 1
684 975 1
684 1092 1
684 1115 1
685 1235 1
685 1555 1
685 1567 1
685 1682 1
685 1726 1
686 1109 1
686 1430 1
687 1658 1
687 1845 1
688 1077 1
688 1174 1
688 1234 1
688 1241 1
688 1445 1
690 1319 1
690 1537 1
691 826 1
691 1130 1
691 1259 1
693 1490 1
694 1089 1
694 1865 1
695 1223 1
697 752 1
697 874 1
697 1134 1
697 1636 1
697 1792 1
698 836 1
698 1763 1
699 786 1
699 811 1
699 985 1
699 1107 1
699 1354 1
699 1716 1
700 1000 1
700 1344 1
700 1491 1
701 919 1
702 911 1
702 1160 1
702 1282 1
702 1675 1
703 820 1
705 951 1
705 1191 1
705 1753 1
705 1798 1
705 1824 1
706 1245 1
707 869 1
707 1004 1
707 1291 1
707 1475 1
708 1068 1
708 1197 1
710 765 1
710 856 1
711 804 1
711 1871 1
712 837 1
712 1005 1
712 1048 1
712 1236 1
712 1302 1
713 924 1
713 996 1
713 1161 1
713 1263 1
713 1311 1
713 1627 1
713 1629 1
713 1866 1
714 801 1
714 827 1
714 847 1
714 1263 1
714 1614 1
714 1666 1
715 906 1
715 1208 1
716 784 1
717 810 1
717 1433 1
717 1466 1
717 1478 1
717 1675 1
718 1013 1
718 1779 1
719 760 1
719 773 1
719 906 1
719 949 1
719 976 1
719 1004 1
720 785 1
720 1154 1
720 1889 1
721 749 1
721 1352 1
721 1455 1
723 913 1
723 1265 1
723 1293 1
723 1888 1
724 959 1
724 1509 1
724 1826 1
725 1226 1
726 989 1
726 1240 1
728 756 1
728 857 1
728 1120 1
728 1548 1
728 1550 1
729 1055 1
729 1654 1
729 1785 1
731 942 1
731 976 1
731 1469 1
732 867 1
732 1109 1
733 755 1
733 1057 1
733 1068 1
733 1284 1
733 1335 1
734 1830 1
735 759 1
735 798 1
736 793 1
736 828 1
736 970 1
736 1012 1
736 1450 1
736 1560 1
737 834 1
737 896 1
737 1171 1
737 1351 1
739 945 1
740 1437 1
740 1486 1
740 1549 1
740 1710 1
740 1824 1
741 1073 1
741 1331 1
741 1374 1
742 1784 1
743 923 1
743 1166 1
743 1743 1
744 795 1
744 1502 1
744 1560 1
745 758 1
746 881 1
746 1188 1
746 1314 1
746 1437 1
746 1459 1
746 1544 1
747 820 1
747 1331 1
748 863 1
748 1277 1
748 1299 1
748 1304 1
748 1399 1
748 1592 1
748 1652 1
749 1636 1
750 1078 1
750 1282 1
750 1674 1
750 1730 1
751 769 1
751 1298 1
752 992 1
752 1632 1
752 1642 1
752 1656 1
752 1753 1
754 927 1
754 1484 1
754 1671 1
754 1879 1
755 879 1
755 905 1
755 1671 1
755 1856 1
756 1276 1
756 1451 1
756 1581 1
757 956 1
757 1200 1
757 1745 1
758 802 1
758 849 1
758 1020 1
759 1288 1
760 1165 1
760 1726 1
760 1867 1
761 858 1
761 885 1
761 1325 1
761 1450 1
761 1899 1
762 804 1
762 1425 1
762 1884 1
763 1555 1
764 1359 1
765 766 1
765 813 1
765 1078 1
765 1232 1
765 1415 1
765 1700 1
766 1371 1
768 1122 1
768 1220 1
768 1589 1
768 1729 1
768 1755 1
770 1186 1
770 1299 1
771 798 1
771 1216 1
771 1520 1
772 1693 1
773 864 1
773 1231 1
773 1844 1
774 1058 1
774 1425 1
775 1779 1
776 1777 1
776 1784 1
778 1872 1
779 1299 1
780 844 1
780 1046 1
780 1149 1
780 1268 1
780 1452 1
780 1725 1
781 1061 1
782 789 1
782 1017 1
782 1182 1
782 1538 1
782 1850 1
782 1882 1
783 1355 1
784 1450 1
784 1550 1
785 1442 1
786 885 1
786 999 1
786 1483 1
787 1153 1
787 1515 1
788 837 1
788 1021 1
788 1059 1
789 837 1
789 973 1
789 1750 1
789 1890 1
790 861 1
790 1047 1
790 1224 1
790 1270 1
791 924 1
791 1011 1
791 1076 1
791 1376 1
792 914 1
792 971 1
794 1450 1
795 1100 1
795 1333 1
796 907 1
796 1332 1
797 935 1
797 1518 1
799 1291 1
801 1363 1
801 1477 1
801 1764 1
802 892 1
802 1178 1
802 1505 1
802 1774 1
803 1053 1
803 1402 1
803 1598 1
805 1557 1
806 998 1
806 1897 1
807 1099 1
807 1127 1
808 1317 1
808 1527 1
808 1585 1
808 1861 1
809 849 1
809 957 1
809 1044 1
809 1084 1
809 1468 1
810 1104 1
810 1438 1
810 1898 1
811 960 1
813 1622 1
813 1750 1
814 1110 1
814 1163 1
814 1289 1
815 899 1
815 1029 1
815 1062 1
815 1151 1
815 1778 1
817 867 1
817 1150 1
817 1649 1
819 1270 1
819 1273 1
820 1284 1
820 1586 1
821 1631 1
821 1870 1
822 900 1
823 1480 1
824 1272 1
824 1603 1
825 1009 1
825 1194 1
825 1349 1
825 1744 1
826 1071 1
826 1237 1
827 979 1
827 1273 1
827 1729 1
828 1543 1
829 1704 1
830 1039 1
830 1367 1
832 930 1
832 1297 1
832 1721 1
833 1097 1
833 1109 1
833 1210 1
833 1344 1
833 1578 1
834 994 1
834 1042 1
834 1461 1
834 1617 1
835 1290 1
836 1324 1
836 1633 1
837 1464 1
837 1626 1
837 1665 1
837 1666 1
838 1046 1
838 1759 1
839 919 1
839 1041 1
839 1103 1
839 1131 1
839 1230 1
839 1582 1
839 1796 1
840 1021 1
842 904 1
842 1105 1
842 1121 1
843 970 1
843 1711 1
844 1695 1
845 1007 1
845 1308 1
847 1150 1
847 1309 1
847 1788 1
848 1134 1
848 1669 1
848 1701 1
849 1308 1
850 885 1
850 920 1
850 949 1
850 961 1
850 1444 1
850 1600 1
850 1663 1
850 1714 1
851 857 1
851 945 1
851 1693 1
851 1730 1
852 1159 1
853 1563 1
853 1598 1
853 1734 1
853 1803 1
853 1880 1
856 1392 1
857 980 1
858 1671 1
860 1070 1
860 1323 1
862 1212 1
862 1330 1
862 1508 1
862 1555 1
862 1639 1
863 1045 1
863 1503 1
866 1168 1
866 1239 1
866 1321 1
866 1427 1
866 1736 1
867 1059 1
867 1594 1
868 1205 1
868 1733 1
868 1759 1
869 1492 1
869 1569 1
869 1865 1
870 946 1
870 982 1
871 1360 1
872 1010 1
873 934 1
873 1401 1
873 1595 1
874 1193 1
874 1497 1
875 1083 1
876 1258 1
876 1820 1
877 1407 1
877 1558 1
878 1152 1
878 1673 1
878 1725 1
878 1732 1
879 954 1
879 1431 1
880 922 1
880 985 1
880 1101 1
880 1172 1
881 1225 1
881 1316 1
881 1531 1
883 1473 1
884 1162 1
884 1218 1
884 1234 1
884 1572 1
885 1015 1
885 1099 1
885 1749 1
886 1086 1
886 1255 1
886 1536 1
887 1570 1
888 1351 1
890 1018 1
890 1043 1
890 1241 1
892 993 1
892 1776 1
893 1279 1
893 1656 1
893 1735 1
894 1289 1
895 943 1
896 1167 1
896 1168 1
897 1144 1
898 1195 1
899 1007 1
899 1328 1
899 1787 1
899 1893 1
900 989 1
900 1593 1
902 1257 1
903 1695 1
904 1183 1
906 941 1
906 1069 1
906 1082 1
906 1118 1
906 1198 1
906 1219 1
906 1394 1
906 1411 1
906 1713 1
907 1574 1
907 1715 1
907 1898 1
909 1742 1
910 1623 1
911 1857 1
914 958 1
914 1205 1
915 1181 1
915 1553 1
916 998 1
916 1125 1
917 1291 1
917 1485 1
918 1696 1
919 1552 1
919 1680 1
919 1708 1
921 1578 1
922 1879 1
923 1830 1
924 939 1
924 1346 1
925 1620 1
926 1055 1
928 1312 1
928 1475 1
928 1670 1
929 1211 1
929 1257 1
929 1314 1
929 1352 1
929 1467 1
929 1787 1
929 1894 1
931 997 1
931 1028 1
931 1623 1
931 1875 1
932 1476 1
933 1010 1
933 1086 1
933 1115 1
934 978 1
934 1092 1
934 1200 1
934 1370 1
934 1611 1
935 1768 1
936 1176 1
936 1190 1
936 1487 1
936 1769 1
938 1852 1
939 1020 1
939 1277 1
939 1686 1
940 1075 1
940 1254 1
940 1416 1
940 1493 1
942 1022 1
943 1253 1
944 1581 1
945 984 1
945 1384 1
945 1436 1
945 1676 1
946 948 1
946 1148 1
946 1341 1
946 1739 1
947 978 1
947 1540 1
949 1663 1
950 1251 1
950 1492 1
950 1502 1
951 1106 1
951 1125 1
951 1141 1
951 1417 1
951 1518 1
951 1643 1
953 1160 1
953 1348 1
955 1583 1
956 1411 1
957 1404 1
957 1762 1
958 1699 1
958 1874 1
960 1709 1
961 1014 1
961 1244 1
962 1681 1
969 1473 1
970 1080 1
970 1438 1
971 1804 1
972 1002 1
972 1544 1
973 1351 1
974 1129 1
974 1221 1
975 1362 1
977 1552 1
979 1275 1
979 1548 1
980 997 1
981 1081 1
981 1771 1
982 1139 1
982 1573 1
983 1025 1
983 1409 1
983 1818 1
984 1068 1
984 1308 1
984 1813 1
987 1094 1
987 1150 1
987 1158 1
987 1204 1
987 1210 1
987 1532 1
987 1657 1
987 1874 1
988 1037 1
989 1263 1
989 1327 1
990 1095 1
990 1673 1
991 1368 1
991 1528 1
991 1838 1
992 1728 1
993 1338 1
993 1355 1
993 1632 1
994 1215 1
994 1361 1
994 1873 1
995 1126 1
995 1517 1
997 1061 1
997 1107 1
997 1339 1
998 1374 1
998 1661 1
1000 1005 1
1004 1260 1
1004 1376 1
1006 1252 1
1007 1396 1
1008 1395 1
1009 1104 1
1009 1478 1
1009 1533 1
1009 1578 1
1010 1404 1
1011 1035 1
1011 1300 1
1011 1380 1
1011 1453 1
1012 1382 1
1012 1452 1
1012 1499 1
1012 1648 1
1012 1821 1
1013 1027 1
1013 1595 1
1014 1752 1
1015 1032 1
1015 1135 1
1015 1311 1
1017 1605 1
1020 1296 1
1023 1591 1
1024 1737 1
1025 1136 1
1025 1356 1
1025 1409 1
1025 1442 1
1025 1586 1
1025 1600 1
1025 1634 1
1026 1196 1
1026 1272 1
1026 1281 1
1027 1332 1
1031 1209 1
1031 1472 1
1031 1665 1
1032 1063 1
1032 1151 1
1032 1420 1
1034 1108 1
1034 1340 1
1034 1805 1
1036 1350 1
1036 1517 1
1036 1630 1
1038 1368 1
1039 1143 1
1039 1713 1
1040 1627 1
1041 1083 1
1042 1558 1
1042 1637 1
1044 1442 1
1044 1616 1
1044 1765 1
1045 1057 1
1045 1111 1
1046 1862 1
1047 1161 1
1048 1329 1
1048 1711 1
1050 1285 1
1050 1684 1
1056 1233 1
1057 1354 1
1057 1570 1
1058 1631 1
1058 1722 1
1059 1110 1
1059 1451 1
1059 1656 1
1059 1820 1
1061 1652 1
1062 1076 1
1062 1727 1
1062 1845 1
1063 1296 1
1063 1778 1
1065 1127 1
1065 1290 1
1065 1568 1
1065 1602 1
1065 1718 1
1066 1681 1
1066 1741 1
1067 1717 1
1067 1752 1
1068 1261 1
1069 1118 1
1070 1463 1
1070 1525 1
1070 1737 1
1070 1794 1
1071 1265 1
1071 1317 1
1074 1317 1
1074 1393 1
1074 1607 1
1077 1369 1
1080 1496 1
1080 1868 1
1081 1734 1
1085 1881 1
1087 1185 1
1088 1132 1
1088 1540 1
1089 1293 1
1089 1383 1
1090 1338 1
1092 1405 1
1094 1526 1
1094 1543 1
1095 1396 1
1095 1451 1
1096 1513 1
1097 1116 1
1097 1393 1
1098 1197 1
1098 1541 1
1098 1799 1
1098 1853 1
1100 1885 1
1103 1403 1
1104 1178 1
1104 1783 1
1105 1227 1
1105 1785 1
1106 1298 1
1106 1559 1
1106 1582 1
1106 1720 1
1108 1694 1
1110 1456 1
1112 1326 1
1113 1300 1
1114 1139 1
1115 1429 1
1115 1731 1
1115 1761 1
1115 1810 1
1117 1228 1
1119 1307 1
1120 1278 1
1120 1563 1
1122 1207 1
1122 1337 1
1122 1486 1
1124 1626 1
1125 1799 1
1126 1203 1
1126 1306 1
1126 1314 1
1126 1328 1
1126 1458 1
1127 1455 1
1128 1616 1
1129 1137 1
1129 1419 1
1129 1554 1
1129 1754 1
1130 1571 1
1131 1880 1
1136 1377 1
1137 1324 1
1137 1434 1
1140 1148 1
1142 1421 1
1143 1893 1
1144 1730 1
1145 1553 1
1146 1610 1
1149 1530 1
1151 1584 1
1155 1269 1
1155 1696 1
1156 1232 1
1156 1336 1
1156 1444 1
1158 1334 1
1160 1817 1
1161 1427 1
1161 1774 1
1162 1240 1
1162 1772 1
1163 1676 1
1163 1846 1
1166 1229 1
1166 1757 1
1167 1403 1
1167 1824 1
1168 1281 1
1169 1282 1
1172 1769 1
1175 1408 1
1175 1414 1
1175 1602 1
1176 1458 1
1176 1557 1
1179 1689 1
1181 1732 1
1181 1887 1
1182 1375 1
1182 1814 1
1185 1738 1
1186 1388 1
1186 1433 1
1186 1856 1
1188 1416 1
1189 1427 1
1189 1835 1
1189 1855 1
1190 1788 1
1190 1868 1
1193 1471 1
1194 1280 1
1194 1746 1
1197 1441 1
1198 1498 1
1199 1772 1
1200 1219 1
1200 1758 1
1202 1369 1
1204 1389 1
1204 1435 1
1204 1532 1
1204 1657 1
1205 1286 1
1205 1612 1
1205 1786 1
1205 1794 1
1206 1230 1
1207 1232 1
1208 1743 1
1210 1723 1
1212 1422 1
1212 1508 1
1212 1729 1
1213 1300 1
1213 1440 1
1214 1585 1
1214 1862 1
1218 1258 1
1219 1235 1
1219 1254 1
1222 1241 1
1223 1260 1
1223 1554 1
1223 1860 1
1224 1303 1
1227 1454 1
1227 1493 1
1227 1539 1
1229 1549 1
1229 1871 1
1231 1756 1
1232 1670 1
1232 1677 1
1232 1819 1
1235 1566 1
1237 1476 1
1240 1815 1
1241 1335 1
1242 1253 1
1242 1372 1
1243 1408 1
1245 1339 1
1247 1578 1
1249 1321 1
1249 1586 1
1251 1280 1
1251 1721 1
1251 1840 1
1252 1472 1
1252 1834 1
1253 1468 1
1255 1802 1
1257 1826 1
1257 1834 1
1260 1316 1
1260 1498 1
1260 1554 1
1261 1481 1
1261 1566 1
1262 1345 1
1262 1704 1
1263 1327 1
1263 1414 1
1265 1659 1
1266 1334 1
1267 1891 1
1268 1558 1
1270 1744 1
1270 1751 1
1270 1819 1
1271 1366 1
1271 1796 1
1272 1651 1
1273 1526 1
1274 1495 1
1274 1655 1
1275 1879 1
1277 1892 1
1278 1661 1
1281 1406 1
1283 1394 1
1284 1691 1
1286 1511 1
1286 1664 1
1287 1755 1
1288 1410 1
1289 1318 1
1289 1397 1
1289 1754 1
1290 1326 1
1290 1465 1
1291 1702 1
1296 1835 1
1297 1561 1
1297 1885 1
1299 1367 1
1299 1444 1
1302 1399 1
1302 1617 1
1302 1790 1
1303 1684 1
1304 1705 1
1304 1742 1
1305 1655 1
1305 1714 1
1306 1453 1
1306 1706 1
1308 1343 1
1308 1754 1
1310 1786 1
1311 1798 1
1313 1443 1
1314 1333 1
1314 1650 1
1314 1717 1
1315 1621 1
1315 1644 1
1317 1782 1
1318 1596 1
1318 1842 1
1321 1806 1
1322 1365 1
1323 1446 1
1324 1334 1
1324 1715 1
1324 1795 1
1324 1829 1
1327 1482 1
1328 1839 1
1328 1895 1
1329 1566 1
1330 1496 1
1333 1620 1
1333 1650 1
1336 1611 1
1337 1381 1
1337 1640 1
1338 1488 1
1338 1655 1
1338 1672 1
1338 1722 1
1340 1771 1
1341 1800 1
1343 1536 1
1347 1807 1
1350 1476 1
1351 1824 1
1353 1669 1
1355 1563 1
1356 1543 1
1358 1459 1
1359 1811 1
1360 1534 1
1361 1763 1
1364 1409 1
1364 1689 1
1366 1858 1
1367 1719 1
1373 1740 1
1374 1751 1
1376 1590 1
1379 1653 1
1381 1530 1
1382 1436 1
1383 1597 1
1385 1489 1
1385 1821 1
1387 1614 1
1392 1551 1
1393 1790 1
1393 1872 1
1394 1836 1
1395 1566 1
1396 1596 1
1397 1523 1
1397 1739 1
1397 1877 1
1398 1699 1
1398 1828 1
1402 1579 1
1402 1825 1
1411 1422 1
1411 1707 1
1411 1799 1
1418 1855 1
1419 1493 1
1420 1623 1
1421 1622 1
1424 1519 1
1430 1864 1
1431 1540 1
1434 1766 1
1434 1817 1
1435 1533 1
1438 1439 1
1442 1878 1
1445 1625 1
1447 1810 1
1448 1678 1
1452 1857 1
1456 1534 1
1458 1685 1
1461 1613 1
1461 1857 1
1462 1849 1
1465 1476 1
1465 1854 1
1467 1514 1
1467 1521 1
1470 1577 1
1472 1487 1
1472 1500 1
1475 1775 1
1477 1569 1
1477 1835 1
1478 1776 1
1479 1588 1
1479 1747 1
1480 1534 1
1481 1814 1
1481 1891 1
1486 1541 1
1492 1764 1
1493 1539 1
1494 1645 1
1496 1520 1
1497 1628 1
1497 1815 1
1499 1850 1
1501 1818 1
1502 1747 1
1503 1550 1
1509 1519 1
1510 1549 1
1513 1728 1
1514 1698 1
1514 1722 1
1517 1668 1
1519 1665 1
1521 1683 1
1523 1739 1
1527 1788 1
1535 1712 1
1552 1841 1
1553 1797 1
1553 1827 1
1555 1761 1
1557 1664 1
1557 1692 1
1559 1831 1
1562 1712 1
1563 1871 1
1564 1596 1
1564 1683 1
1567 1688 1
1569 1851 1
1581 1673 1
1582 1624 1
1583 1601 1
1588 1662 1
1590 1834 1
1598 1803 1
1603 1672 1
1606 1786 1
1610 1751 1
1613 1651 1
1615 1735 1
1615 1800 1
1616 1714 1
1621 1748 1
1631 1642 1
1634 1859 1
1635 1714 1
1635 1791 1
1648 1731 1
1656 1693 1
1656 1746 1
1658 1769 1
1676 1679 1
1676 1760 1
1676 1810 1
1678 1841 1
1683 1838 1
1713 1729 1
1726 1780 1
1726 1890 1
1729 1900 1
1732 1864 1
1734 1745 1
1738 1760 1
1739 1747 1
1757 1783 1
1759 1810 1
1759 1896 1
1763 1864 1
1763 1868 1
1766 1796 1
1781 1894 1
1783 1860 1
1791 1872 1
1794 1847 1
1802 1837 1
1823 1850 1
1887 1894 1
