700 2783 
1 5 1
1 6 1
1 7 1
1 8 1
1 9 1
1 10 1
1 11 1
1 12 1
1 13 1
1 14 1
1 18 1
1 21 1
1 26 1
1 30 1
1 34 1
1 37 1
1 41 1
1 45 1
1 48 1
1 49 1
1 51 1
1 54 1
1 55 1
1 63 1
1 81 1
1 88 1
1 92 1
1 97 1
1 98 1
1 111 1
1 119 1
1 138 1
1 141 1
1 146 1
1 149 1
1 151 1
1 153 1
1 154 1
1 158 1
1 169 1
1 176 1
1 181 1
1 182 1
1 189 1
1 190 1
1 199 1
1 209 1
1 231 1
1 235 1
1 239 1
1 244 1
1 257 1
1 265 1
1 273 1
1 287 1
1 288 1
1 295 1
1 299 1
1 303 1
1 319 1
1 358 1
1 366 1
1 375 1
1 388 1
1 394 1
1 406 1
1 409 1
1 427 1
1 428 1
1 454 1
1 465 1
1 468 1
1 471 1
1 478 1
1 486 1
1 489 1
1 495 1
1 517 1
1 523 1
1 531 1
1 535 1
1 544 1
1 562 1
1 566 1
1 578 1
1 597 1
1 608 1
1 620 1
1 625 1
1 637 1
1 643 1
1 653 1
1 658 1
1 684 1
1 689 1
1 694 1
1 699 1
2 5 1
2 6 1
2 7 1
2 8 1
2 11 1
2 14 1
2 17 1
2 18 1
2 22 1
2 24 1
2 26 1
2 28 1
2 29 1
2 30 1
2 44 1
2 46 1
2 52 1
2 56 1
2 60 1
2 61 1
2 66 1
2 67 1
2 68 1
2 69 1
2 72 1
2 76 1
2 77 1
2 79 1
2 84 1
2 85 1
2 86 1
2 90 1
2 106 1
2 114 1
2 119 1
2 122 1
2 137 1
2 143 1
2 145 1
2 146 1
2 158 1
2 164 1
2 180 1
2 204 1
2 224 1
2 226 1
2 241 1
2 246 1
2 247 1
2 262 1
2 274 1
2 278 1
2 288 1
2 289 1
2 298 1
2 304 1
2 305 1
2 318 1
2 320 1
2 338 1
2 339 1
2 342 1
2 348 1
2 360 1
2 394 1
2 414 1
2 450 1
2 478 1
2 501 1
2 523 1
2 524 1
2 539 1
2 556 1
2 563 1
2 587 1
2 590 1
2 600 1
2 606 1
2 622 1
2 656 1
2 657 1
2 674 1
2 681 1
3 5 1
3 8 1
3 9 1
3 16 1
3 19 1
3 23 1
3 29 1
3 40 1
3 41 1
3 53 1
3 67 1
3 78 1
3 82 1
3 87 1
3 96 1
3 111 1
3 118 1
3 124 1
3 150 1
3 163 1
3 166 1
3 168 1
3 187 1
3 191 1
3 195 1
3 204 1
3 209 1
3 242 1
3 264 1
3 280 1
3 282 1
3 300 1
3 394 1
3 614 1
3 664 1
4 5 1
4 6 1
4 7 1
4 9 1
4 10 1
4 20 1
4 22 1
4 32 1
4 36 1
4 39 1
4 54 1
4 68 1
4 96 1
4 101 1
4 103 1
4 109 1
4 121 1
4 156 1
4 175 1
4 186 1
4 229 1
4 248 1
4 258 1
4 270 1
4 283 1
4 306 1
4 309 1
4 388 1
4 407 1
4 459 1
4 462 1
4 531 1
4 535 1
4 610 1
5 6 1
5 13 1
5 14 1
5 15 1
5 17 1
5 19 1
5 32 1
5 37 1
5 43 1
5 46 1
5 48 1
5 51 1
5 52 1
5 60 1
5 66 1
5 71 1
5 73 1
5 74 1
5 80 1
5 83 1
5 93 1
5 109 1
5 112 1
5 121 1
5 123 1
5 155 1
5 156 1
5 160 1
5 173 1
5 183 1
5 196 1
5 217 1
5 218 1
5 231 1
5 234 1
5 243 1
5 248 1
5 251 1
5 268 1
5 349 1
5 400 1
5 415 1
5 434 1
5 437 1
5 474 1
5 482 1
5 485 1
5 495 1
5 513 1
5 541 1
5 542 1
5 556 1
5 576 1
5 578 1
5 587 1
5 603 1
5 641 1
5 667 1
5 687 1
5 689 1
6 7 1
6 8 1
6 9 1
6 10 1
6 11 1
6 12 1
6 16 1
6 17 1
6 21 1
6 25 1
6 26 1
6 27 1
6 31 1
6 43 1
6 47 1
6 53 1
6 57 1
6 58 1
6 59 1
6 78 1
6 84 1
6 89 1
6 98 1
6 105 1
6 107 1
6 115 1
6 117 1
6 129 1
6 135 1
6 172 1
6 173 1
6 188 1
6 195 1
6 206 1
6 211 1
6 213 1
6 215 1
6 222 1
6 225 1
6 230 1
6 236 1
6 238 1
6 249 1
6 251 1
6 252 1
6 261 1
6 263 1
6 272 1
6 275 1
6 277 1
6 279 1
6 298 1
6 300 1
6 306 1
6 327 1
6 332 1
6 359 1
6 361 1
6 363 1
6 366 1
6 373 1
6 380 1
6 381 1
6 398 1
6 410 1
6 419 1
6 466 1
6 469 1
6 475 1
6 496 1
6 522 1
6 527 1
6 545 1
6 567 1
6 610 1
6 619 1
6 620 1
6 626 1
6 639 1
6 640 1
6 646 1
6 656 1
6 668 1
7 81 1
7 119 1
7 176 1
7 207 1
7 269 1
7 386 1
7 387 1
7 421 1
7 457 1
7 463 1
7 477 1
7 501 1
7 514 1
7 581 1
7 648 1
7 682 1
8 12 1
8 16 1
8 24 1
8 56 1
8 71 1
8 134 1
8 154 1
8 161 1
8 190 1
8 206 1
8 210 1
8 324 1
8 332 1
8 402 1
8 411 1
8 424 1
8 467 1
8 533 1
8 583 1
8 607 1
8 621 1
8 622 1
8 677 1
8 678 1
9 10 1
9 13 1
9 15 1
9 16 1
9 22 1
9 23 1
9 29 1
9 32 1
9 34 1
9 50 1
9 70 1
9 80 1
9 92 1
9 132 1
9 149 1
9 164 1
9 171 1
9 173 1
9 190 1
9 230 1
9 243 1
9 266 1
9 276 1
9 282 1
9 285 1
9 296 1
9 310 1
9 318 1
9 346 1
9 351 1
9 452 1
9 454 1
9 459 1
9 489 1
9 515 1
9 522 1
9 534 1
9 555 1
9 566 1
9 568 1
9 604 1
9 617 1
9 627 1
9 685 1
10 11 1
10 12 1
10 14 1
10 21 1
10 22 1
10 25 1
10 26 1
10 33 1
10 41 1
10 42 1
10 43 1
10 50 1
10 57 1
10 62 1
10 66 1
10 84 1
10 89 1
10 95 1
10 101 1
10 108 1
10 111 1
10 137 1
10 141 1
10 145 1
10 165 1
10 182 1
10 219 1
10 254 1
10 269 1
10 270 1
10 272 1
10 284 1
10 292 1
10 308 1
10 321 1
10 329 1
10 336 1
10 351 1
10 359 1
10 386 1
10 408 1
10 422 1
10 439 1
10 460 1
10 468 1
10 471 1
10 500 1
10 534 1
10 567 1
10 588 1
10 612 1
10 631 1
10 635 1
10 652 1
10 663 1
10 667 1
11 13 1
11 20 1
11 24 1
11 37 1
11 44 1
11 47 1
11 48 1
11 110 1
11 136 1
11 161 1
11 201 1
11 219 1
11 220 1
11 223 1
11 257 1
11 383 1
11 393 1
11 403 1
11 406 1
11 410 1
11 411 1
11 417 1
11 441 1
11 451 1
11 530 1
11 697 1
12 15 1
12 18 1
12 20 1
12 25 1
12 31 1
12 34 1
12 40 1
12 55 1
12 74 1
12 84 1
12 93 1
12 122 1
12 130 1
12 132 1
12 142 1
12 148 1
12 153 1
12 167 1
12 175 1
12 177 1
12 242 1
12 266 1
12 267 1
12 320 1
12 325 1
12 363 1
12 385 1
12 412 1
12 431 1
12 436 1
12 445 1
12 470 1
12 486 1
12 523 1
12 578 1
12 595 1
12 604 1
12 612 1
12 651 1
12 681 1
13 17 1
13 18 1
13 28 1
13 39 1
13 42 1
13 53 1
13 69 1
13 75 1
13 79 1
13 89 1
13 126 1
13 129 1
13 144 1
13 155 1
13 288 1
13 297 1
13 299 1
13 363 1
13 371 1
13 382 1
13 447 1
13 514 1
13 560 1
13 627 1
13 677 1
14 15 1
14 19 1
14 24 1
14 25 1
14 27 1
14 30 1
14 35 1
14 37 1
14 39 1
14 61 1
14 68 1
14 69 1
14 74 1
14 76 1
14 80 1
14 86 1
14 103 1
14 114 1
14 116 1
14 164 1
14 168 1
14 169 1
14 179 1
14 191 1
14 215 1
14 219 1
14 337 1
14 358 1
14 376 1
14 453 1
14 458 1
14 467 1
14 476 1
14 526 1
14 530 1
14 544 1
14 561 1
14 607 1
14 657 1
14 687 1
15 43 1
15 62 1
15 108 1
15 110 1
15 343 1
15 364 1
15 417 1
15 508 1
15 591 1
16 62 1
16 93 1
16 117 1
16 124 1
16 138 1
16 147 1
17 19 1
17 31 1
17 39 1
17 42 1
17 63 1
17 80 1
17 82 1
17 88 1
17 121 1
17 228 1
17 374 1
17 470 1
17 585 1
18 20 1
18 23 1
18 46 1
18 52 1
18 76 1
18 92 1
18 97 1
18 120 1
18 126 1
18 128 1
18 139 1
18 148 1
18 169 1
18 198 1
18 200 1
18 206 1
18 208 1
18 237 1
18 252 1
18 278 1
18 279 1
18 285 1
18 286 1
18 318 1
18 323 1
18 359 1
18 415 1
18 510 1
18 625 1
18 651 1
18 652 1
18 662 1
19 27 1
19 38 1
19 40 1
19 57 1
19 155 1
19 179 1
19 209 1
19 260 1
19 422 1
19 491 1
19 566 1
19 588 1
19 621 1
19 662 1
19 668 1
19 680 1
19 696 1
20 21 1
20 28 1
20 30 1
20 35 1
20 53 1
20 56 1
20 65 1
20 97 1
20 105 1
20 120 1
20 127 1
20 139 1
20 151 1
20 160 1
20 184 1
20 203 1
20 220 1
20 236 1
20 251 1
20 258 1
20 271 1
20 302 1
20 319 1
20 387 1
20 481 1
20 492 1
20 502 1
20 511 1
20 521 1
20 540 1
20 636 1
20 653 1
20 669 1
21 50 1
21 55 1
21 107 1
21 136 1
21 155 1
21 177 1
21 220 1
21 258 1
21 293 1
21 368 1
21 379 1
21 505 1
21 518 1
21 526 1
21 575 1
21 593 1
21 639 1
22 23 1
22 27 1
22 28 1
22 34 1
22 35 1
22 63 1
22 65 1
22 69 1
22 70 1
22 144 1
22 214 1
22 216 1
22 226 1
22 296 1
22 317 1
22 338 1
22 352 1
22 383 1
22 387 1
22 409 1
22 413 1
22 519 1
22 552 1
22 576 1
22 593 1
22 614 1
23 29 1
23 36 1
23 94 1
23 95 1
23 101 1
23 137 1
23 193 1
23 213 1
23 487 1
23 593 1
24 113 1
24 114 1
24 180 1
24 302 1
24 321 1
24 422 1
24 599 1
24 690 1
25 35 1
25 47 1
25 51 1
25 144 1
25 191 1
25 211 1
25 292 1
25 296 1
25 300 1
25 317 1
25 367 1
25 440 1
25 503 1
25 504 1
25 549 1
25 577 1
25 635 1
25 690 1
26 31 1
26 46 1
26 78 1
26 105 1
26 108 1
26 154 1
26 200 1
26 227 1
26 233 1
26 330 1
26 450 1
26 468 1
26 548 1
26 611 1
26 635 1
27 54 1
27 57 1
27 60 1
27 86 1
27 87 1
27 127 1
27 139 1
27 157 1
27 161 1
27 171 1
27 212 1
27 223 1
27 258 1
27 273 1
27 467 1
27 494 1
27 526 1
27 551 1
27 693 1
28 82 1
28 249 1
28 265 1
28 334 1
28 342 1
28 343 1
28 382 1
28 431 1
28 479 1
28 688 1
29 33 1
29 36 1
29 45 1
29 49 1
29 64 1
29 67 1
29 71 1
29 75 1
29 81 1
29 96 1
29 102 1
29 122 1
29 129 1
29 131 1
29 152 1
29 154 1
29 164 1
29 175 1
29 178 1
29 179 1
29 195 1
29 222 1
29 229 1
29 239 1
29 240 1
29 246 1
29 260 1
29 274 1
29 279 1
29 289 1
29 291 1
29 298 1
29 316 1
29 317 1
29 368 1
29 373 1
29 470 1
29 492 1
29 539 1
29 569 1
29 581 1
29 582 1
29 613 1
30 40 1
30 45 1
30 51 1
30 52 1
30 79 1
30 120 1
30 125 1
30 221 1
30 222 1
30 225 1
30 229 1
30 241 1
30 244 1
30 262 1
30 287 1
30 316 1
30 353 1
30 411 1
30 432 1
30 480 1
30 498 1
30 520 1
30 559 1
30 604 1
30 608 1
30 645 1
30 666 1
30 698 1
31 32 1
31 33 1
31 38 1
31 77 1
31 113 1
31 131 1
31 144 1
31 186 1
31 584 1
32 33 1
32 72 1
32 85 1
32 110 1
32 112 1
32 135 1
32 147 1
32 212 1
32 223 1
32 286 1
32 350 1
32 397 1
32 401 1
32 416 1
32 486 1
32 597 1
32 646 1
32 676 1
33 50 1
33 140 1
33 158 1
33 194 1
33 244 1
33 281 1
33 320 1
33 361 1
33 369 1
33 373 1
33 390 1
33 421 1
33 455 1
33 477 1
33 503 1
33 533 1
34 38 1
34 98 1
34 232 1
34 281 1
34 305 1
34 326 1
34 356 1
34 381 1
34 488 1
34 527 1
34 685 1
35 36 1
35 38 1
35 42 1
35 48 1
35 58 1
35 65 1
35 85 1
35 86 1
35 111 1
35 121 1
35 170 1
35 252 1
35 305 1
35 438 1
35 472 1
35 496 1
35 525 1
35 527 1
35 570 1
35 603 1
35 618 1
36 58 1
36 59 1
36 73 1
36 91 1
36 192 1
36 201 1
36 203 1
36 622 1
36 627 1
36 645 1
37 41 1
37 44 1
37 72 1
37 106 1
37 150 1
37 172 1
37 191 1
37 192 1
37 245 1
37 265 1
37 311 1
37 384 1
37 402 1
37 464 1
37 615 1
37 642 1
38 45 1
38 64 1
38 66 1
38 83 1
38 103 1
38 117 1
38 170 1
38 187 1
38 241 1
38 253 1
38 318 1
38 334 1
38 437 1
38 438 1
38 444 1
38 462 1
38 475 1
38 570 1
38 580 1
38 597 1
38 619 1
39 49 1
39 68 1
39 74 1
39 82 1
39 100 1
39 114 1
39 119 1
39 129 1
39 133 1
39 157 1
39 159 1
39 167 1
39 270 1
39 295 1
39 301 1
39 350 1
39 442 1
39 461 1
39 469 1
39 493 1
39 507 1
39 518 1
39 553 1
39 582 1
40 44 1
40 70 1
40 73 1
40 87 1
40 91 1
40 92 1
40 135 1
40 347 1
40 366 1
40 370 1
40 394 1
40 432 1
40 458 1
40 527 1
40 550 1
40 568 1
40 624 1
40 637 1
40 644 1
41 91 1
41 107 1
41 138 1
41 232 1
41 239 1
41 390 1
41 507 1
41 566 1
41 570 1
41 666 1
41 691 1
42 204 1
43 59 1
43 107 1
43 122 1
43 163 1
43 173 1
43 293 1
43 343 1
43 631 1
44 134 1
44 197 1
44 202 1
44 383 1
44 526 1
45 49 1
45 77 1
45 94 1
45 163 1
45 166 1
45 183 1
45 264 1
45 421 1
45 499 1
45 529 1
45 562 1
45 623 1
46 56 1
46 99 1
46 123 1
46 151 1
46 162 1
46 168 1
46 267 1
46 285 1
46 327 1
46 348 1
46 380 1
46 425 1
46 442 1
46 449 1
46 550 1
46 551 1
46 608 1
46 654 1
46 670 1
46 671 1
47 60 1
47 61 1
47 64 1
47 88 1
47 145 1
47 152 1
47 311 1
47 372 1
47 441 1
47 517 1
47 544 1
47 545 1
47 586 1
47 643 1
48 61 1
48 77 1
48 94 1
48 96 1
48 153 1
48 238 1
48 539 1
48 618 1
49 79 1
49 202 1
49 250 1
49 268 1
49 370 1
49 374 1
49 555 1
49 601 1
50 328 1
50 506 1
51 54 1
51 55 1
51 75 1
51 118 1
51 136 1
51 216 1
51 227 1
51 292 1
51 299 1
51 413 1
51 436 1
51 447 1
51 454 1
51 472 1
51 538 1
51 543 1
52 58 1
52 100 1
52 102 1
52 123 1
52 125 1
52 165 1
52 256 1
52 396 1
52 426 1
52 441 1
52 455 1
52 456 1
52 504 1
52 516 1
52 525 1
52 554 1
52 573 1
53 78 1
53 93 1
53 116 1
53 189 1
53 196 1
53 399 1
53 469 1
53 576 1
53 673 1
54 142 1
54 312 1
54 507 1
54 680 1
54 687 1
55 65 1
55 108 1
55 109 1
55 115 1
55 124 1
55 127 1
55 170 1
55 291 1
55 319 1
55 341 1
55 499 1
56 59 1
56 64 1
56 99 1
56 130 1
56 138 1
56 172 1
56 354 1
56 420 1
56 427 1
56 569 1
57 185 1
57 202 1
57 205 1
57 243 1
57 287 1
57 446 1
57 668 1
58 99 1
58 140 1
58 141 1
58 171 1
58 263 1
58 382 1
58 395 1
58 400 1
58 490 1
58 571 1
58 598 1
58 633 1
59 62 1
59 63 1
59 75 1
59 87 1
59 90 1
59 102 1
59 104 1
59 112 1
59 126 1
59 167 1
59 185 1
59 199 1
59 205 1
59 238 1
59 269 1
59 392 1
59 398 1
59 456 1
59 589 1
59 618 1
60 388 1
60 606 1
61 130 1
61 390 1
61 574 1
62 88 1
62 106 1
62 136 1
62 149 1
62 181 1
62 205 1
62 208 1
62 238 1
62 305 1
62 325 1
62 378 1
62 399 1
62 424 1
62 517 1
63 115 1
63 204 1
63 267 1
63 337 1
63 339 1
63 377 1
63 385 1
63 465 1
64 67 1
64 83 1
64 214 1
64 311 1
64 326 1
64 354 1
64 389 1
64 488 1
64 607 1
64 657 1
64 673 1
65 70 1
65 81 1
65 90 1
65 100 1
65 139 1
65 189 1
65 236 1
65 317 1
65 328 1
65 329 1
65 336 1
65 412 1
65 439 1
65 487 1
65 507 1
65 547 1
65 604 1
65 623 1
65 659 1
66 169 1
66 178 1
66 225 1
66 337 1
66 533 1
66 547 1
67 91 1
67 308 1
68 73 1
68 104 1
68 124 1
68 143 1
68 174 1
68 248 1
68 260 1
68 289 1
68 291 1
68 295 1
68 304 1
68 356 1
68 410 1
68 523 1
68 537 1
68 594 1
68 636 1
69 71 1
69 83 1
69 100 1
69 156 1
69 180 1
69 247 1
69 298 1
69 530 1
70 72 1
70 116 1
70 433 1
70 451 1
71 237 1
71 423 1
71 488 1
72 262 1
72 483 1
73 76 1
73 160 1
73 174 1
73 178 1
73 247 1
73 273 1
73 327 1
73 534 1
73 559 1
73 616 1
73 684 1
74 85 1
74 117 1
74 181 1
74 186 1
74 276 1
74 432 1
74 496 1
74 497 1
74 504 1
74 588 1
75 165 1
75 254 1
75 349 1
75 579 1
76 90 1
76 133 1
76 147 1
76 149 1
76 175 1
76 202 1
76 235 1
76 264 1
76 309 1
76 360 1
76 365 1
76 380 1
76 462 1
76 547 1
76 553 1
76 560 1
76 575 1
76 623 1
76 648 1
76 662 1
77 89 1
77 485 1
78 98 1
78 112 1
78 143 1
78 146 1
78 192 1
78 261 1
78 442 1
78 487 1
79 97 1
79 113 1
79 125 1
79 167 1
79 203 1
79 214 1
79 224 1
79 233 1
79 261 1
79 306 1
79 345 1
79 361 1
79 473 1
79 532 1
79 533 1
79 610 1
79 654 1
80 95 1
80 102 1
80 104 1
80 126 1
80 131 1
80 213 1
80 250 1
80 275 1
80 324 1
80 426 1
80 697 1
81 104 1
81 197 1
81 216 1
81 228 1
81 236 1
81 255 1
81 272 1
81 287 1
81 329 1
81 375 1
81 410 1
81 443 1
81 623 1
81 625 1
81 639 1
82 161 1
82 186 1
82 271 1
82 294 1
82 365 1
82 404 1
82 490 1
82 567 1
82 638 1
82 700 1
83 194 1
83 448 1
84 106 1
84 109 1
84 183 1
84 374 1
84 375 1
84 414 1
84 424 1
84 545 1
84 644 1
85 252 1
85 256 1
85 377 1
85 476 1
85 487 1
85 591 1
85 682 1
86 94 1
86 99 1
86 135 1
86 184 1
86 203 1
86 255 1
86 327 1
86 339 1
86 372 1
86 379 1
86 491 1
86 528 1
86 534 1
86 609 1
86 652 1
86 686 1
86 700 1
87 351 1
87 353 1
87 440 1
87 475 1
87 586 1
87 647 1
88 101 1
88 513 1
88 679 1
88 686 1
89 160 1
89 246 1
89 330 1
90 103 1
90 105 1
90 113 1
90 118 1
90 220 1
90 234 1
90 307 1
90 335 1
90 341 1
90 371 1
90 552 1
90 561 1
90 658 1
91 95 1
91 166 1
91 198 1
91 211 1
91 225 1
91 275 1
91 508 1
91 521 1
91 611 1
92 137 1
92 200 1
92 339 1
92 531 1
92 637 1
93 110 1
93 134 1
93 226 1
93 240 1
93 301 1
93 385 1
93 401 1
93 543 1
94 174 1
94 176 1
94 187 1
94 600 1
94 691 1
95 133 1
95 196 1
95 325 1
95 565 1
95 664 1
96 211 1
96 464 1
96 518 1
96 590 1
96 674 1
98 235 1
98 281 1
98 456 1
98 555 1
98 694 1
99 158 1
99 182 1
99 217 1
99 218 1
99 235 1
99 266 1
99 282 1
99 308 1
99 333 1
99 575 1
99 615 1
99 672 1
99 675 1
100 120 1
100 133 1
100 134 1
100 148 1
100 237 1
100 315 1
100 468 1
100 542 1
100 617 1
101 130 1
101 131 1
101 152 1
101 294 1
101 345 1
101 448 1
101 583 1
101 683 1
102 127 1
102 128 1
102 171 1
102 201 1
102 256 1
102 269 1
102 319 1
102 389 1
102 470 1
103 228 1
103 303 1
103 490 1
103 524 1
104 125 1
104 162 1
104 197 1
104 381 1
104 573 1
104 632 1
104 698 1
105 153 1
105 262 1
105 340 1
105 355 1
105 371 1
105 522 1
105 546 1
105 564 1
105 579 1
105 618 1
106 128 1
106 288 1
106 340 1
106 386 1
106 387 1
107 180 1
107 230 1
107 249 1
107 571 1
107 647 1
108 185 1
108 243 1
108 255 1
108 435 1
108 515 1
108 572 1
109 115 1
109 132 1
109 190 1
109 209 1
109 276 1
109 313 1
109 333 1
109 361 1
109 401 1
109 440 1
109 483 1
109 641 1
110 146 1
110 347 1
110 396 1
110 473 1
110 481 1
110 549 1
110 589 1
110 648 1
111 177 1
111 340 1
111 377 1
111 422 1
111 562 1
112 226 1
112 229 1
112 628 1
113 118 1
113 210 1
113 234 1
113 293 1
113 364 1
113 393 1
113 480 1
113 497 1
113 565 1
113 656 1
114 116 1
114 459 1
114 477 1
114 670 1
115 347 1
115 528 1
116 140 1
116 147 1
116 189 1
116 256 1
116 351 1
116 354 1
116 415 1
116 429 1
116 498 1
116 512 1
116 521 1
116 585 1
116 596 1
116 640 1
116 680 1
117 192 1
117 212 1
117 286 1
117 300 1
117 333 1
117 376 1
117 391 1
118 188 1
118 366 1
118 465 1
118 539 1
119 150 1
119 282 1
119 405 1
119 421 1
119 601 1
119 647 1
119 699 1
120 132 1
120 141 1
120 145 1
120 159 1
120 181 1
120 217 1
120 257 1
120 260 1
120 263 1
120 505 1
120 573 1
121 123 1
121 166 1
121 316 1
121 372 1
121 395 1
121 616 1
122 159 1
122 313 1
122 314 1
122 383 1
122 407 1
122 524 1
122 546 1
122 653 1
123 205 1
123 449 1
124 278 1
125 128 1
125 150 1
125 196 1
125 208 1
125 212 1
125 244 1
125 277 1
125 474 1
125 574 1
126 148 1
126 157 1
126 661 1
126 671 1
127 159 1
127 170 1
127 224 1
127 311 1
127 644 1
128 446 1
128 634 1
129 314 1
129 453 1
129 479 1
129 580 1
129 663 1
130 393 1
130 429 1
131 143 1
132 277 1
132 330 1
133 182 1
133 199 1
133 285 1
133 315 1
133 357 1
133 359 1
133 429 1
133 452 1
133 506 1
133 510 1
133 654 1
133 655 1
133 672 1
134 140 1
134 142 1
134 185 1
134 265 1
134 324 1
134 384 1
134 399 1
134 594 1
135 331 1
135 437 1
135 552 1
135 698 1
136 142 1
136 193 1
136 219 1
136 280 1
136 323 1
136 569 1
136 695 1
137 151 1
137 172 1
137 264 1
137 347 1
137 414 1
137 459 1
137 524 1
138 239 1
138 278 1
138 692 1
139 188 1
139 194 1
139 240 1
139 345 1
139 431 1
139 433 1
139 615 1
140 157 1
140 184 1
140 302 1
140 334 1
140 346 1
141 163 1
141 412 1
141 469 1
142 193 1
142 485 1
143 283 1
143 465 1
143 632 1
143 694 1
144 177 1
144 389 1
144 490 1
144 515 1
145 152 1
145 217 1
145 302 1
145 551 1
145 561 1
146 471 1
147 197 1
147 263 1
147 338 1
147 352 1
147 358 1
147 368 1
147 417 1
147 418 1
147 428 1
147 440 1
147 462 1
147 517 1
148 424 1
148 514 1
148 626 1
149 201 1
149 230 1
149 251 1
149 380 1
149 558 1
150 168 1
150 199 1
150 248 1
150 249 1
150 292 1
150 328 1
150 411 1
150 541 1
150 619 1
150 658 1
151 156 1
151 165 1
151 183 1
151 254 1
151 354 1
151 399 1
151 483 1
151 557 1
151 620 1
152 162 1
152 280 1
153 232 1
153 312 1
153 448 1
153 554 1
154 310 1
154 455 1
154 673 1
155 174 1
155 176 1
155 207 1
155 253 1
155 267 1
155 312 1
155 332 1
155 396 1
155 436 1
155 548 1
155 671 1
156 221 1
156 242 1
156 367 1
156 655 1
157 352 1
157 439 1
157 553 1
158 162 1
158 308 1
158 355 1
158 447 1
158 557 1
159 458 1
159 500 1
160 206 1
160 207 1
160 208 1
160 250 1
161 179 1
161 198 1
161 370 1
161 416 1
162 187 1
162 194 1
162 200 1
162 210 1
162 240 1
162 253 1
162 396 1
162 463 1
162 696 1
163 184 1
163 233 1
163 266 1
163 272 1
163 397 1
164 355 1
165 568 1
165 578 1
166 216 1
166 250 1
166 326 1
166 331 1
166 407 1
166 662 1
167 215 1
167 337 1
167 355 1
167 413 1
168 210 1
168 280 1
168 309 1
168 414 1
168 476 1
168 573 1
169 218 1
169 315 1
169 552 1
169 600 1
169 678 1
170 195 1
170 335 1
170 336 1
170 341 1
170 344 1
170 348 1
170 391 1
170 405 1
170 650 1
170 695 1
171 582 1
171 660 1
172 178 1
172 316 1
172 427 1
172 438 1
172 444 1
172 510 1
172 528 1
172 538 1
172 628 1
172 656 1
172 673 1
173 218 1
173 224 1
173 281 1
173 321 1
173 596 1
173 691 1
174 430 1
174 572 1
175 310 1
175 384 1
175 563 1
175 581 1
176 279 1
176 290 1
176 312 1
176 377 1
176 499 1
176 558 1
176 663 1
177 221 1
177 253 1
177 301 1
177 342 1
177 420 1
177 489 1
177 536 1
177 570 1
177 641 1
178 237 1
178 376 1
178 628 1
179 198 1
179 215 1
179 245 1
179 255 1
179 291 1
179 323 1
179 376 1
179 431 1
179 529 1
179 550 1
179 625 1
179 683 1
182 221 1
183 188 1
183 372 1
183 505 1
183 512 1
183 564 1
184 245 1
184 257 1
184 284 1
184 297 1
184 307 1
184 416 1
184 439 1
184 461 1
184 540 1
186 294 1
187 296 1
187 652 1
188 207 1
188 365 1
189 227 1
189 516 1
190 275 1
190 400 1
190 491 1
190 591 1
190 672 1
191 313 1
191 504 1
191 508 1
191 638 1
192 193 1
192 500 1
192 502 1
193 695 1
194 259 1
194 406 1
194 466 1
194 529 1
195 271 1
195 320 1
195 336 1
195 346 1
195 612 1
196 214 1
196 232 1
196 241 1
196 451 1
196 613 1
196 644 1
196 651 1
197 213 1
197 259 1
198 554 1
199 357 1
200 299 1
200 363 1
200 429 1
200 696 1
202 284 1
202 304 1
202 461 1
202 577 1
202 639 1
203 532 1
204 254 1
204 314 1
204 315 1
204 360 1
204 402 1
204 599 1
205 273 1
205 293 1
205 510 1
205 580 1
205 599 1
205 697 1
206 231 1
206 403 1
206 412 1
207 286 1
207 368 1
208 512 1
209 333 1
209 395 1
210 222 1
211 362 1
211 498 1
211 622 1
212 276 1
212 306 1
212 381 1
212 437 1
212 643 1
212 651 1
213 231 1
213 328 1
213 580 1
214 602 1
215 650 1
216 277 1
216 309 1
216 350 1
216 452 1
217 322 1
217 520 1
217 537 1
217 605 1
217 678 1
218 223 1
218 234 1
218 385 1
218 567 1
221 233 1
221 242 1
221 301 1
221 432 1
221 494 1
221 668 1
222 227 1
222 259 1
222 283 1
222 335 1
222 423 1
222 466 1
222 544 1
222 671 1
222 700 1
223 228 1
223 271 1
223 338 1
223 404 1
223 666 1
225 261 1
225 388 1
226 408 1
226 428 1
227 425 1
227 472 1
228 245 1
228 379 1
228 400 1
228 457 1
228 548 1
229 274 1
229 297 1
229 322 1
229 329 1
229 332 1
229 348 1
229 369 1
229 549 1
229 649 1
230 314 1
230 423 1
230 463 1
230 478 1
231 247 1
231 313 1
231 392 1
231 403 1
231 425 1
231 682 1
232 246 1
232 283 1
232 563 1
233 556 1
233 685 1
234 408 1
234 436 1
235 341 1
235 403 1
235 418 1
235 435 1
235 577 1
235 648 1
236 409 1
236 696 1
237 303 1
237 357 1
237 417 1
237 452 1
237 519 1
237 542 1
237 564 1
237 653 1
237 657 1
238 420 1
238 474 1
239 688 1
240 323 1
240 362 1
240 428 1
240 463 1
241 304 1
241 350 1
241 419 1
242 259 1
242 270 1
242 289 1
242 356 1
243 334 1
243 369 1
243 543 1
243 693 1
244 290 1
244 367 1
244 454 1
244 457 1
244 538 1
246 268 1
246 535 1
246 598 1
247 358 1
247 425 1
247 435 1
247 443 1
247 495 1
247 571 1
247 663 1
248 541 1
248 557 1
250 268 1
250 405 1
251 326 1
251 349 1
251 478 1
251 561 1
253 274 1
253 290 1
253 330 1
253 360 1
254 389 1
256 456 1
257 307 1
257 443 1
257 473 1
257 493 1
257 614 1
258 409 1
259 325 1
259 335 1
259 506 1
260 379 1
260 640 1
261 390 1
263 343 1
263 345 1
263 353 1
263 397 1
263 404 1
263 565 1
263 611 1
263 660 1
264 290 1
264 331 1
265 374 1
266 365 1
266 497 1
268 655 1
268 659 1
268 693 1
271 441 1
273 297 1
273 629 1
274 538 1
274 542 1
275 370 1
275 553 1
275 629 1
276 344 1
276 391 1
276 419 1
276 509 1
276 595 1
277 362 1
277 393 1
278 413 1
278 686 1
279 303 1
279 509 1
279 546 1
280 398 1
280 483 1
280 617 1
280 654 1
280 675 1
280 678 1
281 284 1
281 659 1
282 295 1
282 364 1
284 398 1
284 496 1
285 310 1
285 344 1
285 446 1
285 650 1
286 346 1
286 408 1
286 461 1
287 373 1
287 643 1
288 342 1
288 630 1
289 294 1
289 322 1
289 511 1
289 579 1
289 647 1
290 324 1
290 512 1
291 642 1
292 357 1
292 438 1
292 621 1
292 694 1
293 392 1
293 435 1
293 442 1
293 493 1
293 536 1
293 563 1
293 677 1
294 307 1
294 420 1
294 511 1
294 661 1
295 369 1
296 322 1
296 564 1
296 575 1
296 636 1
297 356 1
297 401 1
297 434 1
297 486 1
297 605 1
297 634 1
297 675 1
298 321 1
298 492 1
299 382 1
299 384 1
300 630 1
300 664 1
301 536 1
301 642 1
303 500 1
303 661 1
304 331 1
304 586 1
305 344 1
305 460 1
305 480 1
305 613 1
306 418 1
306 430 1
306 594 1
307 406 1
307 444 1
307 516 1
309 525 1
309 551 1
309 659 1
309 670 1
310 499 1
311 392 1
311 481 1
312 352 1
312 443 1
312 453 1
315 594 1
316 426 1
316 427 1
316 630 1
317 397 1
317 404 1
318 495 1
319 482 1
319 579 1
320 375 1
320 549 1
320 591 1
321 378 1
322 601 1
323 395 1
325 631 1
326 525 1
326 535 1
327 492 1
327 536 1
329 340 1
329 367 1
330 433 1
332 434 1
332 493 1
332 555 1
332 582 1
332 585 1
332 603 1
332 624 1
332 665 1
333 349 1
333 503 1
334 353 1
334 619 1
335 378 1
336 405 1
339 362 1
339 559 1
341 371 1
341 632 1
341 635 1
343 386 1
344 391 1
345 476 1
346 416 1
346 423 1
348 445 1
348 650 1
349 407 1
350 455 1
350 608 1
350 617 1
351 672 1
352 449 1
353 497 1
353 528 1
353 698 1
354 418 1
354 554 1
355 479 1
355 637 1
355 638 1
356 627 1
357 458 1
358 451 1
359 446 1
359 494 1
359 595 1
359 658 1
363 364 1
363 572 1
363 674 1
363 676 1
365 477 1
365 519 1
366 378 1
367 537 1
368 419 1
369 505 1
369 646 1
370 464 1
372 603 1
372 684 1
373 616 1
374 415 1
375 430 1
375 484 1
376 480 1
376 568 1
376 612 1
376 697 1
377 445 1
377 532 1
377 592 1
377 640 1
378 474 1
379 433 1
380 434 1
380 522 1
380 537 1
380 686 1
382 502 1
383 402 1
383 488 1
383 503 1
383 587 1
384 646 1
385 509 1
387 457 1
387 669 1
389 450 1
390 482 1
390 550 1
390 596 1
390 687 1
391 609 1
391 613 1
393 491 1
394 447 1
394 473 1
394 583 1
394 621 1
397 460 1
397 467 1
399 448 1
399 450 1
399 472 1
400 548 1
402 464 1
402 574 1
402 597 1
403 444 1
403 571 1
404 484 1
406 513 1
408 426 1
408 519 1
409 520 1
411 606 1
412 598 1
412 626 1
413 489 1
413 498 1
414 501 1
415 449 1
415 638 1
418 430 1
418 530 1
418 592 1
418 669 1
419 633 1
420 511 1
420 557 1
421 482 1
421 574 1
422 605 1
422 636 1
422 689 1
423 484 1
423 514 1
423 674 1
426 502 1
427 485 1
429 531 1
430 601 1
432 445 1
432 494 1
432 606 1
432 676 1
432 688 1
434 699 1
435 460 1
435 649 1
435 675 1
436 466 1
437 587 1
439 642 1
440 481 1
443 453 1
443 560 1
443 592 1
444 501 1
444 515 1
445 693 1
448 475 1
448 484 1
450 592 1
451 614 1
455 691 1
457 562 1
457 584 1
457 665 1
458 616 1
458 620 1
459 588 1
460 471 1
460 479 1
460 506 1
460 609 1
460 649 1
460 692 1
466 559 1
471 576 1
472 518 1
474 683 1
476 513 1
476 545 1
476 669 1
478 509 1
481 565 1
482 583 1
482 645 1
487 508 1
489 626 1
489 628 1
495 558 1
496 572 1
498 532 1
498 629 1
500 521 1
500 589 1
500 661 1
501 543 1
503 577 1
503 689 1
504 516 1
504 589 1
504 599 1
504 631 1
504 633 1
505 556 1
508 690 1
509 632 1
509 634 1
510 609 1
512 586 1
513 630 1
514 560 1
515 679 1
517 520 1
517 546 1
519 529 1
521 540 1
522 541 1
522 660 1
523 540 1
523 667 1
525 600 1
525 610 1
527 584 1
527 593 1
528 633 1
528 690 1
531 581 1
531 590 1
533 547 1
536 641 1
537 681 1
540 683 1
541 558 1
541 692 1
542 596 1
547 569 1
547 670 1
547 679 1
548 685 1
549 598 1
550 634 1
550 700 1
556 624 1
556 664 1
557 585 1
557 602 1
560 676 1
560 682 1
560 695 1
563 602 1
565 590 1
567 584 1
567 624 1
567 649 1
567 665 1
567 677 1
569 595 1
576 602 1
576 607 1
585 611 1
586 679 1
588 666 1
591 667 1
592 605 1
592 681 1
595 645 1
596 692 1
612 615 1
620 629 1
624 665 1
639 699 1
642 660 1
645 688 1
647 655 1
676 680 1
682 684 1
