40 143 
1 5 1
1 7 1
1 10 1
1 12 1
1 15 1
1 18 1
1 19 1
1 27 1
1 33 1
1 37 1
1 39 1
2 5 1
2 6 1
2 7 1
2 8 1
2 11 1
2 15 1
2 20 1
2 21 1
2 24 1
2 25 1
2 29 1
2 30 1
2 38 1
3 5 1
3 6 1
3 7 1
3 8 1
3 10 1
3 11 1
3 12 1
3 15 1
3 18 1
3 19 1
3 22 1
3 26 1
3 27 1
3 30 1
3 31 1
3 32 1
3 33 1
3 35 1
4 5 1
4 6 1
4 25 1
4 30 1
4 32 1
4 33 1
5 6 1
5 9 1
5 12 1
5 15 1
5 23 1
5 26 1
6 7 1
6 8 1
6 9 1
6 12 1
6 14 1
6 16 1
6 17 1
6 20 1
6 24 1
6 27 1
6 29 1
6 31 1
6 32 1
6 36 1
6 40 1
7 8 1
7 9 1
7 10 1
7 14 1
7 29 1
7 32 1
7 35 1
7 37 1
7 38 1
8 9 1
8 11 1
8 13 1
8 16 1
8 17 1
8 34 1
9 10 1
9 14 1
9 20 1
9 22 1
9 23 1
9 24 1
9 25 1
10 11 1
10 13 1
10 18 1
10 22 1
11 13 1
11 17 1
11 21 1
11 25 1
11 28 1
11 39 1
11 40 1
12 13 1
12 14 1
12 16 1
12 18 1
12 21 1
13 16 1
13 34 1
13 38 1
13 40 1
14 17 1
14 20 1
14 23 1
14 28 1
14 34 1
14 40 1
15 22 1
15 39 1
16 36 1
17 24 1
17 26 1
17 36 1
18 19 1
18 21 1
18 28 1
18 36 1
19 28 1
19 29 1
19 39 1
20 23 1
20 26 1
23 35 1
23 38 1
24 27 1
24 33 1
27 31 1
28 34 1
29 30 1
29 31 1
30 35 1
31 37 1
36 37 1
