200 784 
1 5 1
1 6 1
1 7 1
1 8 1
1 9 1
1 10 1
1 12 1
1 15 1
1 16 1
1 17 1
1 19 1
1 21 1
1 25 1
1 27 1
1 28 1
1 38 1
1 40 1
1 41 1
1 46 1
1 66 1
1 67 1
1 70 1
1 71 1
1 74 1
1 78 1
1 81 1
1 86 1
1 87 1
1 89 1
1 101 1
1 140 1
1 143 1
1 144 1
1 148 1
1 153 1
1 154 1
1 161 1
1 180 1
1 192 1
1 198 1
2 5 1
2 6 1
2 37 1
2 58 1
2 94 1
2 100 1
2 111 1
2 127 1
2 151 1
2 192 1
2 196 1
3 5 1
3 8 1
3 9 1
3 11 1
3 13 1
3 16 1
3 22 1
3 23 1
3 26 1
3 31 1
3 38 1
3 46 1
3 53 1
3 54 1
3 55 1
3 61 1
3 89 1
3 90 1
3 96 1
3 108 1
3 117 1
3 135 1
3 147 1
3 150 1
3 172 1
3 176 1
4 5 1
4 6 1
4 7 1
4 8 1
4 10 1
4 11 1
4 12 1
4 13 1
4 16 1
4 22 1
4 23 1
4 27 1
4 29 1
4 37 1
4 39 1
4 42 1
4 49 1
4 51 1
4 71 1
4 79 1
4 81 1
4 98 1
4 106 1
4 112 1
4 118 1
4 132 1
4 158 1
4 170 1
4 171 1
4 199 1
5 6 1
5 7 1
5 8 1
5 12 1
5 13 1
5 14 1
5 21 1
5 24 1
5 29 1
5 36 1
5 40 1
5 44 1
5 47 1
5 49 1
5 56 1
5 60 1
5 70 1
5 95 1
5 112 1
5 125 1
5 155 1
5 158 1
5 165 1
5 166 1
5 180 1
5 188 1
5 191 1
6 7 1
6 9 1
6 10 1
6 16 1
6 17 1
6 18 1
6 19 1
6 20 1
6 23 1
6 25 1
6 30 1
6 44 1
6 47 1
6 50 1
6 56 1
6 57 1
6 58 1
6 70 1
6 71 1
6 86 1
6 98 1
6 114 1
6 142 1
6 151 1
7 9 1
7 10 1
7 11 1
7 12 1
7 14 1
7 17 1
7 18 1
7 20 1
7 24 1
7 25 1
7 26 1
7 28 1
7 30 1
7 32 1
7 40 1
7 49 1
7 54 1
7 56 1
7 63 1
7 65 1
7 75 1
7 78 1
7 95 1
7 104 1
7 117 1
7 119 1
7 120 1
7 124 1
7 135 1
7 141 1
7 153 1
7 156 1
7 157 1
7 168 1
7 175 1
7 178 1
7 184 1
7 186 1
7 189 1
8 14 1
8 23 1
8 33 1
8 41 1
8 48 1
8 82 1
8 107 1
8 116 1
8 155 1
8 161 1
8 176 1
8 192 1
9 11 1
9 15 1
9 19 1
9 34 1
9 38 1
9 47 1
9 55 1
9 58 1
9 62 1
9 79 1
9 84 1
9 93 1
9 100 1
9 106 1
9 116 1
9 122 1
9 128 1
9 134 1
10 14 1
10 18 1
10 22 1
10 35 1
10 54 1
10 55 1
10 58 1
10 67 1
10 76 1
10 126 1
10 163 1
10 183 1
10 191 1
11 13 1
11 22 1
11 34 1
11 128 1
11 174 1
11 200 1
12 18 1
12 27 1
12 29 1
12 43 1
12 59 1
12 63 1
12 64 1
12 66 1
12 67 1
12 79 1
12 113 1
12 140 1
12 150 1
12 197 1
13 15 1
13 21 1
13 24 1
13 28 1
13 32 1
13 72 1
13 123 1
13 125 1
13 156 1
14 15 1
14 55 1
14 114 1
14 120 1
14 135 1
14 146 1
14 156 1
14 167 1
14 173 1
14 193 1
14 195 1
15 17 1
15 20 1
15 31 1
15 32 1
15 51 1
15 85 1
15 107 1
15 125 1
15 136 1
15 144 1
15 172 1
16 21 1
16 24 1
16 36 1
16 42 1
16 63 1
16 76 1
16 105 1
16 166 1
16 168 1
16 193 1
17 20 1
17 29 1
17 31 1
17 34 1
17 36 1
17 38 1
17 41 1
17 42 1
17 45 1
17 46 1
17 56 1
17 60 1
17 85 1
17 87 1
17 101 1
17 106 1
17 127 1
17 138 1
17 146 1
17 159 1
17 189 1
17 193 1
18 19 1
18 30 1
18 32 1
18 59 1
18 60 1
18 68 1
18 74 1
18 76 1
18 78 1
18 80 1
18 84 1
18 87 1
18 90 1
18 92 1
18 94 1
18 105 1
18 136 1
18 138 1
18 149 1
18 173 1
18 174 1
19 74 1
19 121 1
19 159 1
20 86 1
20 90 1
20 99 1
20 194 1
21 25 1
21 39 1
21 57 1
21 72 1
21 88 1
21 108 1
21 131 1
21 140 1
21 187 1
22 33 1
22 35 1
22 36 1
22 45 1
22 50 1
22 82 1
22 83 1
22 100 1
22 101 1
22 113 1
22 127 1
22 129 1
22 140 1
22 149 1
22 150 1
22 167 1
22 171 1
22 172 1
22 189 1
22 199 1
23 26 1
23 37 1
23 46 1
23 48 1
23 81 1
23 89 1
23 119 1
23 149 1
23 187 1
23 197 1
24 27 1
24 31 1
24 35 1
24 37 1
24 49 1
24 57 1
24 70 1
24 73 1
24 80 1
24 84 1
24 141 1
24 172 1
25 26 1
25 33 1
25 41 1
25 54 1
25 77 1
25 106 1
25 124 1
25 134 1
25 161 1
25 184 1
26 30 1
26 44 1
26 47 1
26 52 1
26 62 1
26 83 1
26 95 1
26 122 1
26 136 1
26 139 1
26 167 1
26 181 1
27 28 1
27 34 1
27 39 1
27 48 1
27 63 1
27 118 1
27 138 1
27 199 1
28 43 1
28 75 1
28 153 1
29 33 1
29 43 1
29 48 1
29 60 1
29 65 1
29 66 1
29 81 1
29 84 1
29 97 1
29 119 1
29 121 1
29 132 1
29 134 1
29 155 1
29 177 1
30 35 1
30 57 1
30 98 1
30 99 1
30 164 1
30 190 1
30 196 1
31 52 1
31 128 1
31 130 1
31 162 1
31 171 1
31 176 1
32 64 1
32 65 1
32 143 1
32 199 1
33 42 1
33 45 1
33 65 1
33 77 1
33 88 1
33 183 1
34 39 1
34 53 1
34 78 1
34 91 1
34 98 1
34 130 1
34 139 1
34 154 1
34 158 1
34 179 1
35 91 1
35 131 1
35 133 1
35 185 1
35 197 1
36 43 1
36 68 1
36 69 1
36 128 1
36 173 1
37 50 1
37 93 1
37 170 1
37 186 1
37 194 1
38 126 1
38 169 1
39 40 1
39 51 1
39 69 1
39 171 1
40 141 1
41 168 1
42 45 1
42 53 1
42 62 1
42 75 1
42 82 1
42 100 1
42 130 1
42 133 1
42 147 1
42 153 1
42 166 1
42 169 1
42 175 1
42 185 1
42 195 1
42 198 1
43 44 1
43 74 1
43 103 1
43 131 1
43 160 1
44 52 1
44 61 1
44 68 1
44 73 1
44 105 1
44 109 1
44 118 1
44 122 1
44 162 1
45 50 1
45 68 1
45 71 1
45 75 1
45 91 1
45 104 1
45 178 1
47 66 1
47 69 1
47 103 1
47 154 1
48 52 1
48 62 1
48 97 1
48 160 1
49 51 1
49 53 1
49 59 1
49 111 1
49 117 1
49 163 1
50 83 1
50 110 1
50 160 1
51 61 1
51 64 1
51 72 1
51 111 1
51 181 1
52 101 1
53 79 1
53 200 1
54 120 1
55 59 1
55 67 1
55 185 1
56 73 1
56 115 1
56 174 1
56 175 1
57 72 1
57 94 1
57 111 1
57 130 1
57 131 1
57 157 1
58 61 1
58 87 1
58 113 1
58 137 1
59 80 1
59 97 1
59 129 1
59 185 1
59 192 1
60 96 1
61 77 1
61 110 1
61 174 1
61 181 1
62 95 1
62 99 1
62 152 1
63 64 1
63 85 1
63 102 1
63 108 1
63 120 1
63 163 1
64 73 1
64 88 1
64 114 1
64 146 1
65 86 1
66 83 1
66 90 1
66 91 1
66 113 1
66 115 1
66 116 1
66 124 1
66 141 1
66 178 1
67 76 1
67 92 1
67 143 1
67 173 1
68 69 1
68 102 1
68 103 1
68 124 1
68 136 1
68 138 1
68 187 1
68 191 1
70 93 1
70 96 1
70 97 1
70 152 1
70 158 1
71 159 1
71 197 1
71 198 1
72 77 1
72 92 1
72 94 1
72 135 1
72 151 1
73 80 1
73 96 1
73 102 1
73 108 1
73 121 1
73 129 1
73 144 1
73 150 1
73 182 1
75 187 1
76 89 1
76 102 1
76 118 1
77 88 1
77 112 1
77 115 1
77 148 1
77 157 1
77 176 1
78 126 1
79 103 1
79 149 1
79 154 1
79 186 1
80 115 1
81 82 1
81 183 1
82 110 1
82 139 1
82 147 1
82 152 1
82 177 1
83 85 1
83 123 1
84 137 1
84 157 1
84 159 1
84 179 1
84 200 1
85 99 1
85 127 1
85 194 1
88 93 1
88 110 1
88 117 1
89 142 1
90 92 1
91 160 1
91 190 1
93 104 1
93 105 1
93 121 1
93 145 1
93 161 1
93 162 1
93 188 1
94 129 1
94 170 1
94 196 1
95 104 1
95 114 1
95 143 1
95 145 1
96 146 1
96 152 1
97 109 1
98 109 1
98 123 1
98 126 1
98 195 1
99 180 1
100 133 1
100 156 1
100 188 1
101 186 1
102 116 1
103 112 1
103 139 1
103 142 1
105 107 1
106 107 1
108 109 1
108 123 1
109 132 1
109 133 1
110 188 1
111 119 1
111 168 1
112 169 1
113 147 1
113 182 1
114 122 1
114 134 1
114 137 1
114 148 1
114 155 1
116 125 1
116 166 1
116 180 1
116 194 1
118 132 1
118 142 1
123 137 1
125 190 1
127 170 1
128 162 1
128 175 1
131 190 1
133 184 1
134 145 1
134 148 1
136 184 1
137 165 1
137 167 1
138 145 1
139 144 1
139 182 1
140 164 1
141 165 1
142 183 1
145 182 1
148 151 1
148 165 1
148 191 1
153 177 1
153 179 1
153 181 1
156 177 1
158 179 1
158 193 1
160 164 1
160 178 1
161 164 1
162 163 1
163 195 1
166 169 1
167 189 1
177 200 1
193 196 1
196 198 1
