400 1583 
1 5 1
1 6 1
1 7 1
1 47 1
1 69 1
1 134 1
1 138 1
1 165 1
1 188 1
1 189 1
1 190 1
1 210 1
1 225 1
1 287 1
1 321 1
1 331 1
1 397 1
2 5 1
2 6 1
2 7 1
2 9 1
2 10 1
2 11 1
2 15 1
2 18 1
2 19 1
2 26 1
2 27 1
2 37 1
2 39 1
2 44 1
2 49 1
2 50 1
2 53 1
2 56 1
2 113 1
2 126 1
2 129 1
2 138 1
2 144 1
2 147 1
2 165 1
2 181 1
2 186 1
2 193 1
2 207 1
2 216 1
2 225 1
2 226 1
2 233 1
2 240 1
2 272 1
2 282 1
2 289 1
2 295 1
2 315 1
2 325 1
2 332 1
2 339 1
2 342 1
2 367 1
2 384 1
3 5 1
3 7 1
3 9 1
3 11 1
3 15 1
3 22 1
3 30 1
3 46 1
3 59 1
3 62 1
3 75 1
3 128 1
3 129 1
3 141 1
3 178 1
3 213 1
3 217 1
3 270 1
3 312 1
3 340 1
3 350 1
3 361 1
4 5 1
4 6 1
4 7 1
4 8 1
4 12 1
4 13 1
4 15 1
4 17 1
4 22 1
4 24 1
4 28 1
4 29 1
4 33 1
4 42 1
4 45 1
4 48 1
4 56 1
4 82 1
4 116 1
4 146 1
4 159 1
4 163 1
4 191 1
4 288 1
4 344 1
4 362 1
4 365 1
4 367 1
4 398 1
5 6 1
5 8 1
5 10 1
5 11 1
5 12 1
5 13 1
5 14 1
5 16 1
5 17 1
5 18 1
5 27 1
5 28 1
5 32 1
5 33 1
5 35 1
5 36 1
5 37 1
5 38 1
5 43 1
5 50 1
5 51 1
5 52 1
5 54 1
5 55 1
5 57 1
5 58 1
5 63 1
5 65 1
5 68 1
5 73 1
5 78 1
5 80 1
5 90 1
5 93 1
5 96 1
5 113 1
5 122 1
5 123 1
5 125 1
5 129 1
5 131 1
5 134 1
5 136 1
5 144 1
5 155 1
5 162 1
5 163 1
5 167 1
5 176 1
5 179 1
5 181 1
5 193 1
5 210 1
5 215 1
5 222 1
5 226 1
5 236 1
5 238 1
5 252 1
5 266 1
5 275 1
5 289 1
5 290 1
5 306 1
5 323 1
5 331 1
5 349 1
5 356 1
5 365 1
5 371 1
5 386 1
5 392 1
5 397 1
5 399 1
6 8 1
6 10 1
6 12 1
6 14 1
6 16 1
6 18 1
6 20 1
6 22 1
6 23 1
6 24 1
6 29 1
6 35 1
6 40 1
6 54 1
6 75 1
6 81 1
6 82 1
6 97 1
6 104 1
6 127 1
6 136 1
6 150 1
6 169 1
6 171 1
6 180 1
6 192 1
6 216 1
6 223 1
6 231 1
6 250 1
6 260 1
6 270 1
6 314 1
6 316 1
6 319 1
6 330 1
6 334 1
6 389 1
6 391 1
7 8 1
7 9 1
7 10 1
7 14 1
7 21 1
7 22 1
7 31 1
7 34 1
7 38 1
7 45 1
7 54 1
7 63 1
7 67 1
7 69 1
7 80 1
7 87 1
7 94 1
7 98 1
7 101 1
7 123 1
7 127 1
7 148 1
7 168 1
7 170 1
7 187 1
7 200 1
7 290 1
7 308 1
7 312 1
7 313 1
7 330 1
7 353 1
7 368 1
7 373 1
7 374 1
8 9 1
8 11 1
8 13 1
8 15 1
8 16 1
8 17 1
8 30 1
8 40 1
8 44 1
8 60 1
8 64 1
8 74 1
8 81 1
8 94 1
8 100 1
8 118 1
8 131 1
8 145 1
8 148 1
8 161 1
8 192 1
8 200 1
8 209 1
8 212 1
8 232 1
8 239 1
8 245 1
8 261 1
8 265 1
8 271 1
8 277 1
8 284 1
8 344 1
8 366 1
8 392 1
8 400 1
9 16 1
9 23 1
9 26 1
9 31 1
9 34 1
9 38 1
9 39 1
9 41 1
9 53 1
9 67 1
9 103 1
9 110 1
9 120 1
9 128 1
9 135 1
9 141 1
9 148 1
9 151 1
9 187 1
9 190 1
9 194 1
9 195 1
9 220 1
9 224 1
9 234 1
9 255 1
9 326 1
9 371 1
9 397 1
10 19 1
10 20 1
10 21 1
10 39 1
10 41 1
10 43 1
10 47 1
10 49 1
10 52 1
10 69 1
10 78 1
10 99 1
10 105 1
10 110 1
10 115 1
10 119 1
10 131 1
10 139 1
10 146 1
10 151 1
10 169 1
10 185 1
10 189 1
10 200 1
10 228 1
10 235 1
10 245 1
10 251 1
10 267 1
10 292 1
10 327 1
10 334 1
11 12 1
11 13 1
11 20 1
11 24 1
11 25 1
11 28 1
11 32 1
11 48 1
11 55 1
11 57 1
11 61 1
11 62 1
11 73 1
11 85 1
11 97 1
11 101 1
11 102 1
11 109 1
11 164 1
11 178 1
11 199 1
11 203 1
11 221 1
11 234 1
11 239 1
11 244 1
11 261 1
11 276 1
11 286 1
11 303 1
11 305 1
11 351 1
11 367 1
11 399 1
12 14 1
12 17 1
12 21 1
12 23 1
12 26 1
12 29 1
12 47 1
12 51 1
12 59 1
12 61 1
12 62 1
12 70 1
12 75 1
12 77 1
12 78 1
12 98 1
12 147 1
12 175 1
12 179 1
12 247 1
12 270 1
12 273 1
12 309 1
12 339 1
13 33 1
13 60 1
13 66 1
13 74 1
13 83 1
13 94 1
13 95 1
13 101 1
13 133 1
13 163 1
13 198 1
13 237 1
13 242 1
13 249 1
13 251 1
13 274 1
13 326 1
13 373 1
13 374 1
13 383 1
13 395 1
14 68 1
14 265 1
15 18 1
15 32 1
15 36 1
15 42 1
15 52 1
15 58 1
15 63 1
15 70 1
15 81 1
15 104 1
15 156 1
15 225 1
15 255 1
15 280 1
15 382 1
15 400 1
16 19 1
16 23 1
16 25 1
16 29 1
16 30 1
16 31 1
16 36 1
16 57 1
16 124 1
16 153 1
16 155 1
16 179 1
16 217 1
16 258 1
16 279 1
16 281 1
16 291 1
16 317 1
16 326 1
16 327 1
16 335 1
16 336 1
16 347 1
16 372 1
17 21 1
17 26 1
17 39 1
17 64 1
17 65 1
17 70 1
17 72 1
17 103 1
17 124 1
17 127 1
17 132 1
17 199 1
17 214 1
17 219 1
17 264 1
17 281 1
17 285 1
17 305 1
17 315 1
17 342 1
17 348 1
17 382 1
18 19 1
18 20 1
18 24 1
18 34 1
18 36 1
18 37 1
18 38 1
18 64 1
18 69 1
18 80 1
18 101 1
18 109 1
18 110 1
18 117 1
18 118 1
18 123 1
18 133 1
18 137 1
18 138 1
18 152 1
18 167 1
18 170 1
18 198 1
18 230 1
18 264 1
18 284 1
18 311 1
18 322 1
18 328 1
18 336 1
18 337 1
18 352 1
18 360 1
19 25 1
19 63 1
19 83 1
19 92 1
19 117 1
19 122 1
19 206 1
19 207 1
19 223 1
19 241 1
19 266 1
19 305 1
19 329 1
19 332 1
19 345 1
19 353 1
19 388 1
20 45 1
20 71 1
20 173 1
20 176 1
20 208 1
20 290 1
21 48 1
21 86 1
21 98 1
21 112 1
21 115 1
21 133 1
21 166 1
21 226 1
21 247 1
21 248 1
21 253 1
21 275 1
21 310 1
21 323 1
21 332 1
22 27 1
22 50 1
22 58 1
22 72 1
22 73 1
22 78 1
22 97 1
22 98 1
22 149 1
22 204 1
22 222 1
22 227 1
22 240 1
22 267 1
22 295 1
22 299 1
22 355 1
23 34 1
23 35 1
23 43 1
23 46 1
23 76 1
23 80 1
23 84 1
23 90 1
23 95 1
23 96 1
23 99 1
23 112 1
23 120 1
23 139 1
23 142 1
23 151 1
23 153 1
23 166 1
23 172 1
23 201 1
23 205 1
23 226 1
23 232 1
23 247 1
23 249 1
23 272 1
23 279 1
23 296 1
23 318 1
23 324 1
23 364 1
24 25 1
24 28 1
24 30 1
24 40 1
24 44 1
24 51 1
24 66 1
24 87 1
24 93 1
24 108 1
24 121 1
24 218 1
24 311 1
24 323 1
24 336 1
25 27 1
25 31 1
25 33 1
25 37 1
25 45 1
25 49 1
25 56 1
25 59 1
25 61 1
25 71 1
25 111 1
25 146 1
25 150 1
25 182 1
25 194 1
25 231 1
25 243 1
25 245 1
25 265 1
25 287 1
25 301 1
25 321 1
25 347 1
25 360 1
25 364 1
25 394 1
26 35 1
26 40 1
26 41 1
26 46 1
26 53 1
26 54 1
26 55 1
26 56 1
26 66 1
26 71 1
26 85 1
26 89 1
26 118 1
26 130 1
26 153 1
26 196 1
26 198 1
26 202 1
26 232 1
26 239 1
26 269 1
26 272 1
26 351 1
26 363 1
26 370 1
26 384 1
26 388 1
27 48 1
27 73 1
27 90 1
27 105 1
27 110 1
27 111 1
27 130 1
27 160 1
27 175 1
27 235 1
27 246 1
27 260 1
27 265 1
27 273 1
27 288 1
27 340 1
28 32 1
28 47 1
28 87 1
28 119 1
28 236 1
28 255 1
28 278 1
28 336 1
28 379 1
28 390 1
29 44 1
29 83 1
29 102 1
29 119 1
29 173 1
29 191 1
29 304 1
29 320 1
29 341 1
29 343 1
29 377 1
30 72 1
30 74 1
30 85 1
30 128 1
30 140 1
30 147 1
30 181 1
30 197 1
30 206 1
30 208 1
30 269 1
30 299 1
30 356 1
31 68 1
31 100 1
31 135 1
31 239 1
31 266 1
32 42 1
32 61 1
32 121 1
32 129 1
32 171 1
32 182 1
32 217 1
32 256 1
32 321 1
33 126 1
33 132 1
33 169 1
33 207 1
33 248 1
34 43 1
34 49 1
34 58 1
34 86 1
34 93 1
34 106 1
34 122 1
34 127 1
34 134 1
34 137 1
34 160 1
34 190 1
34 200 1
34 207 1
34 209 1
34 243 1
34 259 1
34 264 1
34 267 1
34 300 1
34 318 1
34 343 1
35 50 1
35 99 1
35 194 1
35 294 1
35 328 1
36 106 1
36 109 1
36 149 1
36 276 1
36 277 1
37 60 1
37 76 1
37 150 1
37 154 1
37 158 1
37 187 1
37 218 1
37 244 1
37 273 1
37 306 1
37 350 1
38 65 1
38 114 1
38 210 1
38 262 1
38 287 1
39 41 1
39 42 1
39 59 1
39 68 1
39 88 1
39 143 1
39 197 1
39 297 1
39 365 1
40 81 1
40 88 1
40 107 1
40 113 1
40 172 1
40 256 1
40 308 1
41 79 1
41 82 1
41 89 1
41 94 1
41 130 1
41 198 1
41 381 1
42 51 1
42 87 1
42 180 1
42 183 1
42 188 1
42 197 1
42 229 1
42 248 1
42 261 1
42 297 1
42 307 1
42 371 1
43 46 1
43 57 1
43 91 1
43 100 1
43 103 1
43 156 1
43 159 1
43 170 1
43 177 1
43 272 1
43 280 1
43 302 1
43 341 1
43 389 1
44 52 1
44 53 1
44 55 1
44 66 1
44 74 1
44 75 1
44 79 1
44 92 1
44 99 1
44 140 1
44 196 1
44 205 1
44 208 1
44 213 1
44 228 1
44 248 1
44 256 1
44 280 1
44 308 1
44 337 1
44 342 1
45 64 1
45 157 1
45 165 1
45 260 1
45 316 1
45 358 1
46 60 1
46 107 1
46 139 1
46 158 1
46 167 1
46 195 1
46 201 1
46 213 1
46 218 1
46 271 1
48 71 1
48 76 1
48 105 1
48 166 1
48 196 1
48 201 1
48 268 1
48 274 1
48 292 1
48 379 1
49 67 1
49 70 1
49 136 1
49 140 1
49 162 1
49 175 1
49 186 1
49 203 1
49 209 1
49 230 1
49 270 1
49 295 1
49 348 1
49 382 1
49 394 1
50 72 1
50 76 1
50 88 1
50 90 1
50 117 1
50 145 1
50 158 1
50 229 1
50 252 1
50 278 1
50 288 1
50 301 1
50 315 1
50 335 1
50 355 1
50 368 1
50 371 1
50 375 1
51 88 1
51 96 1
51 100 1
51 106 1
51 166 1
51 174 1
51 278 1
51 296 1
51 303 1
52 77 1
52 93 1
52 105 1
52 112 1
52 173 1
52 201 1
52 240 1
52 268 1
52 318 1
52 327 1
52 346 1
53 92 1
53 116 1
53 137 1
53 211 1
53 324 1
53 325 1
55 164 1
55 175 1
55 205 1
55 303 1
56 65 1
56 91 1
56 172 1
56 327 1
57 62 1
57 141 1
57 174 1
57 242 1
57 283 1
57 284 1
57 362 1
57 367 1
58 112 1
58 155 1
58 156 1
58 214 1
58 227 1
58 281 1
59 140 1
59 323 1
59 340 1
60 160 1
60 191 1
60 258 1
61 144 1
62 89 1
62 142 1
62 143 1
62 208 1
62 228 1
62 263 1
62 289 1
62 355 1
63 67 1
63 86 1
63 89 1
63 91 1
63 104 1
63 116 1
63 215 1
63 237 1
63 263 1
63 348 1
63 381 1
64 79 1
64 108 1
64 114 1
64 119 1
64 121 1
64 126 1
64 142 1
64 219 1
64 246 1
64 328 1
64 350 1
64 372 1
64 395 1
65 86 1
65 177 1
65 182 1
65 215 1
65 341 1
65 396 1
66 150 1
66 154 1
66 187 1
66 192 1
66 196 1
66 202 1
66 250 1
66 285 1
66 289 1
66 294 1
66 306 1
66 322 1
66 326 1
66 389 1
66 391 1
66 392 1
66 400 1
67 77 1
67 159 1
67 185 1
67 222 1
67 331 1
68 115 1
68 291 1
68 338 1
69 102 1
69 125 1
69 132 1
69 156 1
69 184 1
69 199 1
69 230 1
70 95 1
70 107 1
70 209 1
71 117 1
71 120 1
71 216 1
71 223 1
71 255 1
71 290 1
71 294 1
71 298 1
71 307 1
71 333 1
71 366 1
71 380 1
72 124 1
72 388 1
73 77 1
73 84 1
73 95 1
73 115 1
73 199 1
73 224 1
73 242 1
73 259 1
73 354 1
73 362 1
74 83 1
74 84 1
74 122 1
74 325 1
74 357 1
75 96 1
75 160 1
75 172 1
75 178 1
75 221 1
76 164 1
77 79 1
77 82 1
77 84 1
77 108 1
77 121 1
77 133 1
77 282 1
77 314 1
77 354 1
78 111 1
78 157 1
78 219 1
79 106 1
80 92 1
80 123 1
80 131 1
80 180 1
80 218 1
80 257 1
80 263 1
80 318 1
80 359 1
80 366 1
80 385 1
81 161 1
81 162 1
81 195 1
81 249 1
81 274 1
81 310 1
81 347 1
81 350 1
81 387 1
82 227 1
82 305 1
83 91 1
83 138 1
83 154 1
84 85 1
84 143 1
84 152 1
84 204 1
84 211 1
84 238 1
84 251 1
84 283 1
84 293 1
84 310 1
85 148 1
85 234 1
85 358 1
86 107 1
86 136 1
86 142 1
86 189 1
86 197 1
86 298 1
86 358 1
86 395 1
87 189 1
87 253 1
87 377 1
89 191 1
89 241 1
89 259 1
89 364 1
90 97 1
90 125 1
90 143 1
90 145 1
90 184 1
90 243 1
90 319 1
90 344 1
91 102 1
91 104 1
91 116 1
91 128 1
91 216 1
91 317 1
91 333 1
92 164 1
92 262 1
92 317 1
92 338 1
92 381 1
93 103 1
93 162 1
93 183 1
93 284 1
93 356 1
93 373 1
94 134 1
94 180 1
95 126 1
95 130 1
95 149 1
95 202 1
95 223 1
95 225 1
95 263 1
95 310 1
95 378 1
95 390 1
96 141 1
96 161 1
97 184 1
98 278 1
98 345 1
99 228 1
99 232 1
99 345 1
100 183 1
100 302 1
100 308 1
101 111 1
101 113 1
101 114 1
101 118 1
101 120 1
101 170 1
101 221 1
101 275 1
101 279 1
101 293 1
101 349 1
101 352 1
101 354 1
101 363 1
101 376 1
102 114 1
102 309 1
102 341 1
102 343 1
103 231 1
103 260 1
103 368 1
103 398 1
104 171 1
104 237 1
104 375 1
105 108 1
105 169 1
105 304 1
107 149 1
107 224 1
107 314 1
107 369 1
108 109 1
108 125 1
108 234 1
108 322 1
108 377 1
109 153 1
109 171 1
109 192 1
109 195 1
111 296 1
112 301 1
112 304 1
113 146 1
113 185 1
113 190 1
113 212 1
113 280 1
113 283 1
113 359 1
114 193 1
114 358 1
114 375 1
115 385 1
115 392 1
116 132 1
116 147 1
116 167 1
116 168 1
116 399 1
117 393 1
118 124 1
118 242 1
118 313 1
118 396 1
119 173 1
119 174 1
119 282 1
120 243 1
120 295 1
121 157 1
121 159 1
121 213 1
121 314 1
121 328 1
121 330 1
121 359 1
122 183 1
122 282 1
123 325 1
123 370 1
123 396 1
125 137 1
125 144 1
125 168 1
127 334 1
128 241 1
128 256 1
129 135 1
129 151 1
129 152 1
129 174 1
129 230 1
129 378 1
130 135 1
130 394 1
130 400 1
131 176 1
132 277 1
133 204 1
133 301 1
134 139 1
135 287 1
136 163 1
137 152 1
137 240 1
137 316 1
137 333 1
137 374 1
138 233 1
138 386 1
139 145 1
139 158 1
139 161 1
139 185 1
139 221 1
139 233 1
139 309 1
140 157 1
140 206 1
141 178 1
141 186 1
141 374 1
142 300 1
142 391 1
143 176 1
143 184 1
145 188 1
146 250 1
146 271 1
146 277 1
146 302 1
147 181 1
147 330 1
148 155 1
148 204 1
148 276 1
148 361 1
149 296 1
149 353 1
150 154 1
150 177 1
151 205 1
151 227 1
152 364 1
152 380 1
153 237 1
153 300 1
153 360 1
155 168 1
155 182 1
155 212 1
155 233 1
155 254 1
155 264 1
155 349 1
156 266 1
156 275 1
156 380 1
157 203 1
157 229 1
157 238 1
157 246 1
157 258 1
158 376 1
159 179 1
161 370 1
162 214 1
163 165 1
163 194 1
163 217 1
163 268 1
163 285 1
163 313 1
164 215 1
164 286 1
165 241 1
166 193 1
166 211 1
167 254 1
168 202 1
168 250 1
168 335 1
168 379 1
169 177 1
169 322 1
170 229 1
170 235 1
170 317 1
170 373 1
171 212 1
171 236 1
171 329 1
171 386 1
175 252 1
175 273 1
177 283 1
177 329 1
178 188 1
178 297 1
178 391 1
181 298 1
182 211 1
182 220 1
182 257 1
183 214 1
185 253 1
186 247 1
186 393 1
187 206 1
188 261 1
188 324 1
188 352 1
189 203 1
189 320 1
189 360 1
190 220 1
190 231 1
192 253 1
192 291 1
192 298 1
192 363 1
194 245 1
195 251 1
195 269 1
196 220 1
196 332 1
196 397 1
198 224 1
200 293 1
200 302 1
201 210 1
201 235 1
201 300 1
201 319 1
203 222 1
207 271 1
207 320 1
209 259 1
209 262 1
209 338 1
209 354 1
210 246 1
211 362 1
212 254 1
215 286 1
215 339 1
216 238 1
216 262 1
216 359 1
217 347 1
218 219 1
221 352 1
222 244 1
224 344 1
225 387 1
227 269 1
228 292 1
229 249 1
230 353 1
230 381 1
230 384 1
231 335 1
232 348 1
233 236 1
234 279 1
234 291 1
235 268 1
236 293 1
236 334 1
238 257 1
238 370 1
240 244 1
240 254 1
240 292 1
240 309 1
240 311 1
240 312 1
241 258 1
242 299 1
242 316 1
243 303 1
243 304 1
243 363 1
246 274 1
246 388 1
248 267 1
248 361 1
250 252 1
250 320 1
252 257 1
252 346 1
253 351 1
253 382 1
254 312 1
255 357 1
259 306 1
259 338 1
259 339 1
261 324 1
261 331 1
261 369 1
263 281 1
263 315 1
263 349 1
265 297 1
265 337 1
265 357 1
266 395 1
267 307 1
269 307 1
269 369 1
273 386 1
275 276 1
276 376 1
276 383 1
279 313 1
279 378 1
281 285 1
284 288 1
285 286 1
285 380 1
287 340 1
289 356 1
289 399 1
292 294 1
292 299 1
292 333 1
293 389 1
296 311 1
296 379 1
298 375 1
300 319 1
300 343 1
300 378 1
304 346 1
305 365 1
306 384 1
307 393 1
309 383 1
310 342 1
312 351 1
316 329 1
316 355 1
318 337 1
318 377 1
319 321 1
325 390 1
327 345 1
327 398 1
328 346 1
329 376 1
329 385 1
331 369 1
335 387 1
335 394 1
336 361 1
338 357 1
338 366 1
340 368 1
341 385 1
346 396 1
349 387 1
353 372 1
354 372 1
366 390 1
374 383 1
380 393 1
381 398 1
