600 2384 
1 5 1
1 6 1
1 8 1
1 9 1
1 11 1
1 12 1
1 14 1
1 17 1
1 19 1
1 25 1
1 29 1
1 30 1
1 31 1
1 43 1
1 71 1
1 72 1
1 82 1
1 86 1
1 114 1
1 130 1
1 132 1
1 156 1
1 158 1
1 172 1
1 180 1
1 188 1
1 193 1
1 202 1
1 204 1
1 205 1
1 210 1
1 217 1
1 226 1
1 235 1
1 263 1
1 282 1
1 283 1
1 284 1
1 322 1
1 328 1
1 352 1
1 356 1
1 363 1
1 380 1
1 382 1
1 414 1
1 430 1
1 457 1
1 467 1
1 477 1
1 482 1
1 520 1
1 539 1
1 546 1
1 595 1
2 5 1
2 6 1
2 7 1
2 9 1
2 13 1
2 16 1
2 19 1
2 22 1
2 23 1
2 25 1
2 26 1
2 28 1
2 33 1
2 34 1
2 36 1
2 46 1
2 50 1
2 52 1
2 53 1
2 56 1
2 57 1
2 67 1
2 70 1
2 76 1
2 79 1
2 81 1
2 82 1
2 87 1
2 89 1
2 96 1
2 104 1
2 105 1
2 108 1
2 110 1
2 111 1
2 119 1
2 136 1
2 141 1
2 142 1
2 147 1
2 150 1
2 156 1
2 157 1
2 161 1
2 173 1
2 183 1
2 185 1
2 192 1
2 195 1
2 205 1
2 220 1
2 225 1
2 237 1
2 240 1
2 244 1
2 248 1
2 249 1
2 259 1
2 268 1
2 273 1
2 291 1
2 296 1
2 299 1
2 300 1
2 330 1
2 348 1
2 371 1
2 372 1
2 389 1
2 404 1
2 409 1
2 425 1
2 449 1
2 506 1
2 508 1
2 527 1
2 531 1
2 547 1
2 559 1
2 572 1
2 573 1
2 575 1
2 577 1
2 581 1
2 589 1
3 5 1
3 6 1
3 7 1
3 8 1
3 10 1
3 11 1
3 12 1
3 14 1
3 16 1
3 19 1
3 27 1
3 29 1
3 34 1
3 36 1
3 37 1
3 39 1
3 46 1
3 57 1
3 58 1
3 60 1
3 64 1
3 69 1
3 75 1
3 84 1
3 93 1
3 118 1
3 121 1
3 130 1
3 139 1
3 151 1
3 177 1
3 194 1
3 203 1
3 208 1
3 225 1
3 250 1
3 283 1
3 289 1
3 290 1
3 342 1
3 346 1
3 349 1
3 353 1
3 369 1
3 372 1
3 377 1
3 416 1
3 441 1
3 457 1
3 480 1
3 502 1
3 515 1
3 517 1
3 521 1
3 546 1
3 567 1
3 572 1
3 580 1
3 588 1
4 5 1
4 7 1
4 18 1
4 82 1
4 126 1
4 136 1
4 184 1
4 213 1
4 238 1
4 299 1
5 6 1
5 8 1
5 9 1
5 10 1
5 15 1
5 16 1
5 18 1
5 20 1
5 26 1
5 28 1
5 38 1
5 42 1
5 45 1
5 48 1
5 63 1
5 65 1
5 76 1
5 86 1
5 89 1
5 98 1
5 99 1
5 112 1
5 116 1
5 117 1
5 125 1
5 136 1
5 145 1
5 153 1
5 160 1
5 162 1
5 164 1
5 167 1
5 177 1
5 178 1
5 184 1
5 186 1
5 195 1
5 212 1
5 218 1
5 220 1
5 244 1
5 245 1
5 247 1
5 257 1
5 276 1
5 278 1
5 284 1
5 289 1
5 290 1
5 303 1
5 304 1
5 315 1
5 337 1
5 351 1
5 360 1
5 386 1
5 391 1
5 398 1
5 406 1
5 429 1
5 445 1
5 509 1
5 536 1
5 542 1
5 543 1
5 552 1
5 560 1
5 581 1
5 582 1
5 592 1
6 7 1
6 9 1
6 11 1
6 12 1
6 14 1
6 18 1
6 32 1
6 39 1
6 46 1
6 77 1
6 85 1
6 88 1
6 97 1
6 105 1
6 128 1
6 149 1
6 153 1
6 164 1
6 188 1
6 194 1
6 207 1
6 215 1
6 226 1
6 230 1
6 249 1
6 260 1
6 265 1
6 333 1
6 335 1
6 340 1
6 358 1
6 385 1
6 396 1
6 411 1
6 432 1
6 448 1
6 538 1
6 550 1
6 596 1
7 8 1
7 37 1
7 41 1
7 43 1
7 44 1
7 45 1
7 60 1
7 62 1
7 64 1
7 66 1
7 80 1
7 135 1
7 138 1
7 146 1
7 154 1
7 159 1
7 190 1
7 194 1
7 242 1
7 245 1
7 254 1
7 271 1
7 274 1
7 326 1
7 488 1
7 505 1
7 555 1
7 594 1
8 10 1
8 11 1
8 15 1
8 16 1
8 17 1
8 24 1
8 51 1
8 57 1
8 67 1
8 75 1
8 78 1
8 95 1
8 107 1
8 117 1
8 124 1
8 164 1
8 191 1
8 197 1
8 261 1
8 273 1
8 276 1
8 278 1
8 320 1
8 350 1
9 10 1
9 13 1
9 14 1
9 15 1
9 22 1
9 23 1
9 31 1
9 34 1
9 47 1
9 54 1
9 58 1
9 61 1
9 67 1
9 73 1
9 74 1
9 102 1
9 103 1
9 111 1
9 114 1
9 121 1
9 126 1
9 174 1
9 182 1
9 208 1
9 272 1
9 279 1
9 281 1
9 330 1
9 351 1
9 404 1
9 452 1
9 460 1
9 462 1
9 525 1
9 562 1
9 590 1
10 12 1
10 17 1
10 30 1
10 35 1
10 37 1
10 47 1
10 49 1
10 51 1
10 54 1
10 61 1
10 66 1
10 69 1
10 74 1
10 76 1
10 86 1
10 88 1
10 93 1
10 94 1
10 104 1
10 107 1
10 110 1
10 122 1
10 135 1
10 146 1
10 151 1
10 155 1
10 158 1
10 165 1
10 179 1
10 188 1
10 200 1
10 214 1
10 239 1
10 240 1
10 248 1
10 267 1
10 274 1
10 302 1
10 307 1
10 335 1
10 336 1
10 365 1
10 368 1
10 377 1
10 399 1
10 407 1
10 423 1
10 437 1
10 442 1
10 446 1
10 451 1
10 463 1
10 466 1
10 499 1
10 520 1
11 13 1
11 15 1
11 17 1
11 19 1
11 20 1
11 22 1
11 24 1
11 25 1
11 27 1
11 33 1
11 38 1
11 55 1
11 59 1
11 73 1
11 75 1
11 83 1
11 93 1
11 94 1
11 106 1
11 108 1
11 148 1
11 149 1
11 154 1
11 158 1
11 171 1
11 172 1
11 175 1
11 182 1
11 189 1
11 245 1
11 246 1
11 250 1
11 271 1
11 277 1
11 280 1
11 282 1
11 286 1
11 304 1
11 321 1
11 325 1
11 338 1
11 347 1
11 353 1
11 431 1
11 497 1
11 514 1
11 532 1
11 574 1
11 583 1
12 13 1
12 21 1
12 25 1
12 30 1
12 31 1
12 36 1
12 44 1
12 50 1
12 88 1
12 90 1
12 113 1
12 116 1
12 117 1
12 129 1
12 154 1
12 157 1
12 240 1
12 246 1
12 258 1
12 278 1
12 307 1
12 337 1
12 360 1
12 362 1
12 371 1
12 400 1
12 436 1
12 455 1
12 468 1
12 482 1
12 490 1
12 532 1
12 533 1
12 583 1
12 597 1
13 18 1
13 29 1
13 38 1
13 85 1
13 86 1
13 94 1
13 109 1
13 115 1
13 118 1
13 206 1
13 219 1
13 226 1
13 230 1
13 236 1
13 262 1
13 349 1
13 364 1
13 405 1
13 432 1
13 542 1
13 585 1
14 21 1
14 23 1
14 28 1
14 41 1
14 44 1
14 61 1
14 66 1
14 81 1
14 83 1
14 87 1
14 97 1
14 112 1
14 126 1
14 127 1
14 133 1
14 134 1
14 137 1
14 140 1
14 141 1
14 176 1
14 187 1
14 191 1
14 202 1
14 212 1
14 218 1
14 224 1
14 241 1
14 256 1
14 258 1
14 262 1
14 280 1
14 281 1
14 317 1
14 324 1
14 330 1
14 339 1
14 347 1
14 361 1
14 381 1
14 394 1
14 415 1
14 419 1
14 449 1
14 460 1
14 473 1
14 509 1
14 538 1
14 552 1
14 554 1
14 558 1
14 563 1
14 570 1
14 599 1
15 532 1
15 556 1
16 21 1
16 37 1
16 41 1
16 53 1
16 71 1
16 74 1
16 79 1
16 95 1
16 131 1
16 134 1
16 139 1
16 143 1
16 185 1
16 231 1
16 329 1
16 397 1
16 466 1
17 20 1
17 22 1
17 26 1
17 29 1
17 33 1
17 47 1
17 48 1
17 66 1
17 70 1
17 102 1
17 148 1
17 175 1
17 177 1
17 272 1
17 288 1
17 313 1
17 341 1
17 378 1
17 382 1
17 384 1
17 418 1
17 419 1
17 471 1
17 552 1
17 583 1
18 21 1
18 32 1
18 51 1
18 52 1
18 75 1
18 85 1
18 114 1
18 187 1
18 307 1
18 425 1
18 490 1
19 20 1
19 24 1
19 35 1
19 40 1
19 53 1
19 60 1
19 70 1
19 81 1
19 82 1
19 91 1
19 92 1
19 96 1
19 105 1
19 109 1
19 113 1
19 132 1
19 137 1
19 145 1
19 147 1
19 174 1
19 211 1
19 216 1
19 243 1
19 252 1
19 253 1
19 259 1
19 270 1
19 304 1
19 357 1
19 380 1
19 404 1
19 417 1
19 421 1
19 455 1
19 477 1
19 536 1
19 568 1
19 579 1
19 582 1
20 116 1
20 488 1
21 34 1
21 63 1
21 64 1
21 73 1
21 78 1
21 83 1
21 91 1
21 97 1
21 98 1
21 110 1
21 128 1
21 153 1
21 156 1
21 176 1
21 209 1
21 218 1
21 225 1
21 241 1
21 265 1
21 341 1
21 344 1
21 355 1
21 400 1
21 415 1
21 537 1
21 595 1
22 23 1
22 24 1
22 26 1
22 27 1
22 28 1
22 36 1
22 40 1
22 48 1
22 55 1
22 77 1
22 87 1
22 103 1
22 118 1
22 148 1
22 149 1
22 181 1
22 189 1
22 243 1
22 255 1
22 263 1
22 277 1
22 305 1
22 317 1
22 322 1
22 366 1
22 378 1
22 394 1
22 406 1
22 435 1
22 523 1
22 578 1
22 597 1
23 32 1
23 35 1
23 42 1
23 56 1
23 84 1
23 91 1
23 131 1
23 144 1
23 155 1
23 199 1
23 239 1
23 242 1
23 275 1
23 369 1
23 390 1
23 411 1
23 414 1
23 470 1
23 568 1
23 600 1
24 27 1
24 32 1
24 39 1
24 42 1
24 45 1
24 49 1
24 54 1
24 58 1
24 59 1
24 65 1
24 69 1
24 71 1
24 80 1
24 84 1
24 100 1
24 108 1
24 122 1
24 138 1
24 153 1
24 161 1
24 219 1
24 231 1
24 337 1
24 413 1
24 432 1
24 433 1
24 478 1
24 483 1
24 507 1
24 554 1
25 40 1
25 44 1
25 57 1
25 62 1
25 123 1
25 179 1
25 209 1
25 227 1
25 289 1
25 323 1
25 331 1
25 340 1
25 348 1
25 359 1
25 391 1
25 412 1
25 558 1
25 560 1
25 580 1
26 40 1
26 292 1
26 548 1
27 30 1
27 42 1
27 43 1
27 59 1
27 68 1
27 77 1
27 80 1
27 100 1
27 105 1
27 107 1
27 125 1
27 182 1
27 183 1
27 217 1
27 245 1
27 251 1
27 258 1
27 332 1
27 333 1
27 344 1
27 386 1
27 411 1
27 494 1
27 520 1
27 551 1
27 578 1
28 43 1
28 65 1
28 76 1
28 84 1
28 101 1
28 120 1
28 173 1
28 253 1
28 286 1
28 310 1
28 322 1
28 338 1
28 350 1
28 385 1
28 522 1
29 35 1
29 47 1
29 124 1
29 152 1
29 160 1
29 200 1
29 328 1
29 352 1
29 422 1
29 476 1
29 480 1
29 513 1
29 530 1
29 598 1
30 31 1
30 33 1
30 38 1
30 67 1
30 80 1
30 93 1
30 116 1
30 175 1
30 274 1
30 285 1
30 295 1
30 359 1
30 598 1
31 63 1
31 120 1
31 154 1
31 170 1
31 196 1
31 231 1
31 323 1
31 347 1
31 362 1
31 384 1
31 392 1
31 447 1
31 530 1
31 551 1
31 577 1
32 39 1
32 46 1
32 48 1
32 83 1
32 130 1
32 141 1
32 142 1
32 163 1
32 168 1
32 211 1
32 254 1
32 346 1
32 352 1
32 360 1
32 368 1
32 456 1
33 41 1
33 52 1
33 69 1
33 121 1
33 165 1
33 171 1
33 222 1
33 269 1
33 285 1
33 317 1
33 339 1
33 341 1
33 424 1
33 479 1
33 527 1
33 589 1
33 592 1
33 595 1
34 70 1
34 111 1
34 180 1
34 214 1
34 219 1
34 260 1
34 307 1
34 310 1
34 331 1
34 484 1
34 556 1
35 72 1
35 111 1
35 137 1
35 171 1
35 178 1
35 185 1
35 234 1
35 276 1
35 291 1
35 321 1
35 328 1
35 344 1
35 427 1
35 431 1
35 440 1
35 479 1
36 135 1
37 45 1
37 55 1
37 68 1
37 99 1
37 134 1
37 236 1
37 254 1
37 306 1
37 367 1
37 448 1
37 454 1
37 531 1
37 549 1
37 553 1
37 563 1
38 49 1
38 53 1
38 78 1
38 95 1
38 96 1
38 106 1
38 194 1
38 224 1
38 233 1
38 476 1
38 539 1
39 130 1
39 156 1
39 330 1
39 438 1
39 576 1
39 594 1
40 50 1
40 238 1
40 329 1
40 373 1
41 92 1
41 106 1
41 112 1
41 160 1
41 252 1
42 101 1
42 112 1
42 206 1
42 213 1
42 263 1
42 294 1
42 474 1
42 593 1
43 78 1
43 166 1
43 169 1
43 175 1
43 201 1
43 266 1
43 287 1
43 392 1
43 507 1
43 559 1
44 68 1
44 72 1
44 88 1
44 120 1
44 129 1
44 133 1
44 135 1
44 155 1
44 235 1
44 269 1
44 424 1
44 430 1
44 453 1
44 475 1
44 567 1
44 574 1
44 581 1
45 56 1
45 62 1
45 92 1
45 97 1
45 102 1
45 150 1
45 166 1
45 203 1
45 207 1
45 229 1
45 246 1
45 265 1
45 270 1
45 298 1
45 327 1
45 355 1
45 359 1
45 366 1
45 393 1
45 398 1
45 408 1
45 442 1
45 469 1
45 481 1
45 552 1
45 558 1
46 63 1
46 73 1
46 99 1
46 119 1
46 123 1
46 446 1
46 537 1
47 49 1
47 50 1
47 144 1
47 199 1
47 255 1
47 357 1
47 375 1
47 380 1
48 58 1
48 98 1
48 120 1
48 145 1
48 192 1
48 193 1
48 232 1
48 255 1
48 271 1
48 305 1
48 318 1
48 428 1
48 464 1
49 60 1
49 137 1
49 141 1
49 142 1
49 176 1
49 222 1
49 233 1
49 316 1
49 326 1
49 512 1
50 51 1
50 52 1
50 54 1
50 65 1
50 72 1
50 90 1
50 104 1
50 138 1
50 203 1
50 262 1
50 267 1
50 280 1
50 309 1
50 318 1
50 395 1
50 396 1
50 452 1
50 472 1
50 532 1
51 144 1
51 163 1
51 397 1
51 443 1
51 459 1
51 467 1
51 533 1
51 545 1
52 81 1
52 109 1
52 119 1
52 285 1
52 412 1
52 492 1
52 521 1
53 55 1
53 56 1
53 61 1
53 79 1
53 123 1
53 132 1
53 165 1
53 198 1
53 207 1
53 246 1
53 256 1
53 291 1
53 311 1
53 417 1
53 453 1
53 468 1
53 553 1
54 193 1
54 243 1
54 336 1
55 71 1
55 113 1
55 118 1
55 131 1
55 181 1
55 301 1
55 338 1
55 437 1
55 456 1
55 461 1
55 495 1
55 499 1
55 527 1
55 587 1
55 591 1
56 59 1
56 166 1
56 201 1
56 224 1
56 333 1
56 348 1
56 403 1
57 64 1
57 68 1
57 87 1
57 102 1
57 103 1
57 128 1
57 152 1
57 178 1
57 186 1
57 189 1
57 191 1
57 205 1
57 252 1
57 329 1
57 350 1
57 373 1
57 398 1
57 419 1
57 508 1
57 529 1
57 541 1
57 579 1
58 74 1
58 107 1
58 172 1
58 282 1
58 345 1
59 62 1
59 101 1
59 173 1
59 257 1
59 320 1
59 448 1
59 479 1
59 493 1
59 500 1
59 502 1
59 509 1
59 554 1
60 167 1
60 275 1
60 304 1
60 346 1
60 584 1
61 113 1
61 142 1
61 157 1
61 192 1
61 215 1
61 301 1
61 305 1
61 408 1
61 569 1
62 77 1
62 89 1
62 124 1
62 248 1
62 253 1
62 487 1
62 545 1
63 123 1
63 174 1
63 293 1
63 296 1
63 383 1
63 398 1
63 427 1
63 447 1
63 456 1
63 480 1
63 502 1
63 530 1
63 600 1
64 206 1
64 227 1
64 309 1
64 343 1
64 347 1
64 348 1
64 498 1
64 506 1
64 511 1
64 514 1
65 115 1
65 230 1
65 287 1
65 371 1
65 410 1
65 424 1
65 519 1
65 570 1
66 90 1
66 91 1
66 106 1
66 124 1
66 146 1
66 171 1
66 221 1
66 281 1
66 324 1
66 465 1
66 510 1
67 89 1
67 114 1
67 115 1
67 140 1
67 163 1
67 221 1
67 263 1
67 582 1
68 90 1
68 168 1
68 186 1
68 196 1
68 217 1
68 319 1
68 329 1
68 334 1
68 391 1
68 454 1
68 529 1
69 92 1
69 99 1
69 264 1
69 599 1
70 109 1
70 147 1
70 159 1
70 291 1
70 302 1
70 309 1
70 328 1
70 336 1
70 410 1
70 458 1
70 460 1
70 559 1
71 79 1
71 236 1
71 442 1
71 512 1
72 119 1
72 210 1
72 279 1
72 354 1
72 358 1
72 367 1
72 575 1
73 201 1
73 209 1
73 261 1
73 293 1
73 324 1
73 390 1
73 451 1
73 455 1
73 489 1
74 125 1
74 168 1
75 94 1
75 95 1
75 96 1
75 122 1
75 125 1
75 126 1
75 127 1
75 138 1
75 155 1
75 169 1
75 184 1
75 228 1
75 229 1
75 231 1
75 276 1
75 285 1
75 293 1
75 336 1
75 357 1
75 358 1
75 367 1
75 395 1
75 406 1
75 417 1
75 428 1
75 515 1
75 516 1
75 544 1
76 85 1
76 134 1
76 136 1
76 186 1
76 239 1
76 377 1
76 480 1
76 525 1
76 588 1
77 98 1
77 157 1
77 204 1
77 261 1
77 300 1
78 207 1
78 549 1
79 159 1
79 167 1
79 170 1
79 215 1
79 389 1
80 151 1
80 179 1
80 341 1
80 356 1
81 176 1
81 182 1
81 214 1
81 216 1
81 399 1
81 412 1
82 104 1
82 298 1
82 314 1
82 369 1
82 485 1
83 150 1
83 165 1
83 210 1
83 249 1
83 282 1
83 287 1
83 321 1
83 389 1
83 410 1
83 438 1
83 473 1
83 482 1
83 534 1
83 536 1
83 573 1
83 599 1
84 553 1
85 183 1
86 139 1
86 140 1
86 149 1
86 200 1
86 247 1
87 127 1
87 164 1
87 197 1
87 241 1
87 364 1
88 501 1
89 163 1
89 167 1
89 228 1
89 257 1
89 292 1
89 327 1
89 409 1
89 485 1
89 503 1
90 122 1
90 143 1
90 161 1
90 313 1
90 331 1
90 334 1
90 390 1
90 471 1
90 496 1
90 498 1
91 100 1
91 189 1
91 310 1
91 589 1
92 396 1
92 550 1
93 192 1
93 230 1
93 332 1
93 342 1
93 376 1
93 504 1
93 545 1
93 565 1
93 566 1
93 568 1
94 281 1
94 296 1
94 434 1
95 103 1
95 160 1
95 450 1
96 100 1
96 151 1
96 481 1
96 505 1
97 128 1
97 199 1
97 229 1
97 292 1
97 297 1
98 101 1
98 385 1
98 556 1
99 257 1
99 288 1
99 302 1
99 454 1
99 523 1
99 580 1
100 127 1
100 170 1
100 181 1
100 220 1
100 284 1
100 422 1
100 497 1
100 533 1
101 108 1
101 244 1
101 381 1
101 495 1
101 593 1
102 185 1
102 463 1
103 166 1
103 183 1
103 206 1
103 280 1
103 370 1
103 373 1
103 433 1
103 511 1
103 524 1
103 561 1
104 196 1
104 266 1
104 388 1
105 140 1
105 144 1
105 191 1
105 253 1
105 264 1
105 294 1
105 474 1
105 515 1
105 559 1
106 254 1
106 472 1
106 600 1
107 110 1
107 129 1
107 205 1
107 215 1
107 441 1
107 447 1
107 492 1
107 596 1
108 115 1
108 121 1
108 172 1
108 237 1
108 286 1
108 300 1
108 343 1
108 566 1
109 308 1
109 313 1
109 394 1
109 444 1
109 459 1
109 515 1
109 564 1
109 585 1
110 129 1
110 199 1
110 349 1
110 367 1
110 574 1
111 117 1
111 178 1
111 226 1
111 274 1
111 314 1
111 323 1
112 198 1
113 217 1
113 301 1
113 446 1
113 491 1
113 569 1
114 132 1
114 223 1
114 290 1
114 319 1
114 339 1
114 420 1
114 430 1
115 195 1
115 223 1
115 237 1
115 522 1
115 585 1
115 587 1
116 131 1
116 139 1
116 233 1
116 259 1
116 414 1
116 429 1
116 590 1
117 162 1
117 213 1
117 269 1
117 289 1
117 353 1
117 363 1
118 147 1
118 152 1
118 174 1
118 238 1
118 273 1
118 349 1
118 379 1
118 413 1
118 447 1
118 469 1
118 545 1
119 197 1
119 228 1
119 598 1
120 143 1
120 190 1
120 268 1
120 351 1
120 452 1
121 145 1
121 222 1
121 237 1
121 295 1
121 478 1
121 546 1
122 202 1
122 302 1
122 342 1
122 366 1
122 453 1
122 474 1
122 553 1
122 557 1
123 180 1
123 195 1
123 445 1
123 495 1
123 540 1
124 271 1
124 297 1
124 352 1
124 364 1
124 382 1
124 404 1
124 444 1
124 501 1
125 327 1
126 173 1
126 229 1
126 247 1
127 152 1
127 158 1
127 184 1
127 198 1
127 255 1
127 376 1
127 458 1
127 475 1
127 544 1
128 512 1
129 133 1
129 481 1
129 583 1
130 220 1
130 227 1
130 379 1
130 444 1
131 133 1
131 315 1
131 354 1
132 319 1
132 426 1
132 600 1
133 272 1
134 146 1
134 150 1
134 296 1
134 560 1
135 446 1
136 143 1
136 225 1
136 227 1
136 270 1
136 354 1
136 465 1
136 483 1
136 494 1
136 569 1
137 233 1
137 301 1
138 259 1
138 444 1
138 589 1
139 148 1
140 159 1
140 223 1
140 288 1
140 508 1
140 576 1
141 187 1
141 211 1
141 244 1
141 251 1
141 445 1
141 558 1
141 596 1
142 196 1
142 247 1
142 516 1
143 162 1
143 177 1
143 270 1
143 345 1
143 426 1
144 322 1
144 466 1
145 293 1
146 181 1
146 346 1
146 490 1
147 161 1
147 169 1
147 216 1
147 383 1
147 396 1
147 521 1
147 526 1
148 190 1
148 272 1
148 288 1
148 464 1
148 479 1
148 487 1
149 269 1
149 435 1
149 437 1
150 497 1
151 204 1
151 242 1
151 243 1
151 277 1
152 200 1
152 268 1
152 279 1
153 187 1
153 262 1
153 264 1
153 314 1
153 483 1
153 526 1
154 169 1
154 308 1
154 362 1
155 162 1
155 219 1
155 240 1
155 241 1
155 361 1
155 477 1
155 554 1
156 569 1
157 170 1
158 277 1
158 297 1
158 339 1
158 381 1
158 427 1
158 520 1
159 190 1
159 408 1
159 577 1
160 188 1
160 203 1
160 261 1
160 484 1
161 335 1
161 542 1
162 197 1
162 287 1
162 306 1
162 382 1
162 394 1
162 453 1
162 493 1
162 571 1
163 232 1
163 458 1
163 463 1
163 473 1
163 590 1
164 168 1
164 179 1
164 525 1
165 232 1
165 461 1
165 464 1
166 283 1
166 290 1
166 335 1
166 405 1
166 513 1
166 550 1
167 228 1
167 327 1
168 275 1
169 308 1
169 378 1
169 443 1
170 201 1
170 268 1
170 284 1
170 465 1
170 476 1
170 491 1
171 202 1
171 210 1
171 211 1
171 320 1
171 356 1
171 372 1
171 392 1
171 409 1
171 410 1
171 427 1
171 548 1
172 250 1
172 362 1
172 395 1
172 456 1
173 303 1
173 324 1
173 326 1
173 528 1
173 587 1
174 212 1
175 180 1
175 260 1
175 309 1
175 465 1
175 474 1
176 193 1
176 214 1
176 236 1
176 390 1
176 391 1
176 524 1
176 564 1
176 586 1
177 248 1
177 251 1
177 264 1
177 388 1
177 500 1
177 562 1
177 593 1
178 345 1
179 208 1
179 209 1
179 216 1
179 319 1
179 437 1
179 556 1
179 578 1
180 222 1
180 325 1
181 198 1
181 235 1
182 212 1
182 286 1
182 314 1
182 326 1
182 378 1
182 481 1
183 275 1
183 373 1
184 213 1
184 315 1
184 400 1
184 408 1
184 478 1
184 571 1
184 579 1
185 204 1
185 372 1
185 379 1
185 575 1
186 234 1
186 413 1
186 454 1
188 343 1
188 592 1
189 218 1
189 523 1
189 548 1
190 232 1
190 283 1
190 574 1
191 294 1
191 402 1
192 239 1
192 422 1
192 451 1
193 537 1
194 208 1
194 256 1
194 549 1
195 384 1
196 457 1
197 267 1
197 418 1
197 517 1
198 433 1
198 460 1
199 407 1
200 224 1
200 318 1
201 221 1
201 251 1
201 399 1
202 235 1
202 415 1
202 449 1
202 588 1
203 323 1
203 325 1
204 223 1
204 383 1
206 338 1
206 364 1
207 221 1
207 540 1
208 325 1
209 312 1
209 387 1
209 388 1
209 510 1
210 434 1
210 462 1
210 503 1
210 504 1
211 311 1
211 317 1
212 278 1
212 383 1
212 420 1
213 381 1
213 407 1
214 316 1
214 428 1
214 468 1
215 397 1
215 441 1
215 543 1
215 555 1
217 234 1
217 316 1
217 365 1
217 401 1
217 429 1
217 430 1
217 513 1
217 562 1
218 238 1
218 256 1
218 266 1
218 363 1
218 402 1
218 409 1
218 506 1
218 510 1
219 234 1
219 266 1
219 308 1
219 425 1
219 439 1
219 467 1
220 459 1
220 461 1
220 482 1
220 488 1
220 493 1
221 297 1
221 303 1
221 540 1
222 370 1
222 486 1
223 420 1
225 267 1
225 342 1
225 345 1
225 416 1
226 252 1
226 312 1
226 376 1
226 450 1
226 544 1
226 584 1
227 311 1
227 403 1
227 423 1
227 522 1
228 258 1
228 292 1
228 306 1
228 441 1
228 548 1
228 571 1
229 393 1
229 584 1
230 265 1
230 298 1
230 315 1
230 440 1
231 350 1
231 387 1
232 321 1
232 343 1
232 450 1
233 387 1
235 299 1
235 498 1
236 242 1
236 250 1
236 547 1
237 361 1
237 421 1
240 435 1
240 484 1
240 534 1
240 537 1
241 312 1
241 477 1
241 565 1
241 576 1
242 320 1
242 406 1
243 260 1
243 318 1
243 386 1
244 294 1
245 360 1
245 439 1
246 299 1
246 370 1
246 392 1
246 405 1
246 538 1
246 544 1
247 249 1
247 332 1
248 295 1
248 312 1
248 375 1
248 445 1
249 401 1
250 365 1
250 429 1
250 524 1
250 566 1
250 572 1
250 584 1
252 313 1
252 393 1
252 418 1
253 295 1
253 463 1
253 512 1
253 528 1
256 273 1
256 365 1
257 435 1
257 448 1
258 340 1
258 517 1
259 412 1
259 486 1
260 374 1
261 531 1
262 316 1
262 351 1
262 411 1
262 450 1
263 525 1
263 588 1
264 279 1
264 507 1
265 298 1
265 355 1
266 388 1
266 423 1
266 440 1
267 416 1
268 380 1
269 505 1
270 356 1
270 539 1
270 551 1
271 334 1
271 376 1
271 467 1
271 486 1
273 402 1
273 403 1
273 423 1
275 387 1
275 420 1
275 565 1
275 572 1
275 599 1
276 305 1
277 311 1
278 371 1
278 418 1
278 581 1
279 431 1
279 469 1
279 499 1
280 306 1
280 402 1
282 470 1
283 353 1
284 310 1
284 340 1
284 438 1
284 478 1
284 491 1
284 517 1
284 598 1
285 527 1
286 370 1
286 432 1
286 436 1
286 451 1
286 476 1
286 535 1
287 385 1
288 333 1
289 487 1
289 494 1
289 561 1
290 568 1
291 436 1
291 472 1
293 487 1
294 337 1
295 519 1
296 358 1
297 300 1
297 504 1
297 560 1
298 303 1
298 355 1
298 369 1
298 442 1
298 503 1
298 524 1
300 332 1
301 425 1
301 459 1
303 578 1
304 591 1
305 514 1
305 526 1
306 389 1
306 397 1
307 547 1
311 421 1
312 518 1
312 519 1
313 357 1
314 485 1
314 500 1
315 334 1
315 354 1
315 374 1
315 438 1
315 440 1
315 489 1
316 344 1
318 374 1
318 421 1
318 496 1
319 331 1
319 359 1
319 509 1
320 363 1
322 426 1
322 529 1
324 384 1
324 395 1
324 586 1
325 502 1
325 528 1
325 564 1
326 366 1
328 434 1
328 483 1
329 368 1
329 485 1
329 495 1
329 593 1
330 461 1
332 462 1
333 419 1
333 455 1
333 503 1
333 555 1
336 439 1
337 543 1
338 375 1
338 579 1
339 424 1
340 505 1
340 534 1
341 361 1
341 471 1
342 416 1
342 464 1
342 561 1
343 401 1
344 403 1
346 393 1
347 468 1
348 484 1
351 591 1
354 413 1
354 507 1
355 368 1
356 492 1
356 546 1
357 386 1
358 417 1
359 374 1
360 457 1
360 466 1
360 549 1
362 422 1
362 486 1
363 496 1
365 379 1
365 510 1
365 514 1
365 530 1
365 536 1
366 375 1
366 377 1
366 506 1
366 543 1
368 399 1
368 400 1
368 488 1
368 567 1
368 591 1
372 595 1
373 534 1
374 513 1
380 443 1
380 452 1
380 516 1
381 443 1
381 500 1
383 518 1
385 401 1
385 508 1
385 511 1
387 458 1
387 470 1
388 471 1
388 472 1
388 490 1
389 497 1
389 523 1
391 426 1
392 521 1
393 415 1
394 436 1
395 516 1
395 519 1
395 547 1
396 434 1
396 541 1
396 557 1
397 405 1
398 587 1
399 431 1
399 511 1
399 557 1
401 462 1
403 414 1
403 496 1
404 407 1
404 433 1
404 494 1
404 535 1
407 470 1
407 594 1
408 597 1
409 439 1
409 535 1
412 491 1
412 573 1
415 541 1
419 576 1
419 597 1
420 594 1
421 526 1
423 493 1
424 428 1
430 475 1
430 539 1
431 571 1
436 473 1
438 499 1
439 566 1
440 489 1
445 449 1
447 492 1
452 529 1
454 580 1
457 475 1
462 469 1
464 542 1
466 575 1
468 498 1
469 562 1
470 518 1
472 551 1
473 596 1
478 489 1
478 570 1
478 586 1
483 582 1
486 565 1
487 501 1
487 522 1
487 540 1
487 563 1
494 501 1
494 538 1
495 528 1
499 573 1
502 535 1
503 504 1
505 564 1
511 555 1
512 577 1
514 518 1
515 557 1
515 567 1
517 531 1
519 586 1
520 533 1
520 585 1
529 541 1
542 570 1
543 590 1
545 563 1
548 550 1
552 561 1
570 592 1
