1000 3983 
1 5 1
1 6 1
1 7 1
1 10 1
1 11 1
1 15 1
1 22 1
1 27 1
1 29 1
1 33 1
1 38 1
1 41 1
1 46 1
1 53 1
1 64 1
1 66 1
1 69 1
1 74 1
1 75 1
1 81 1
1 173 1
1 184 1
1 206 1
1 216 1
1 220 1
1 287 1
1 291 1
1 299 1
1 309 1
1 322 1
1 327 1
1 335 1
1 360 1
1 428 1
1 435 1
1 439 1
1 492 1
1 542 1
1 552 1
1 575 1
1 641 1
1 689 1
1 716 1
1 789 1
1 794 1
1 863 1
1 879 1
1 900 1
1 922 1
1 925 1
1 930 1
1 933 1
1 978 1
1 984 1
1 991 1
2 5 1
2 6 1
2 7 1
2 9 1
2 10 1
2 11 1
2 16 1
2 18 1
2 19 1
2 20 1
2 25 1
2 26 1
2 29 1
2 31 1
2 41 1
2 50 1
2 53 1
2 56 1
2 60 1
2 63 1
2 79 1
2 84 1
2 87 1
2 101 1
2 102 1
2 127 1
2 132 1
2 138 1
2 150 1
2 151 1
2 153 1
2 156 1
2 166 1
2 168 1
2 173 1
2 176 1
2 181 1
2 183 1
2 197 1
2 199 1
2 209 1
2 221 1
2 231 1
2 248 1
2 305 1
2 316 1
2 328 1
2 330 1
2 331 1
2 333 1
2 338 1
2 340 1
2 344 1
2 351 1
2 356 1
2 360 1
2 387 1
2 395 1
2 409 1
2 440 1
2 447 1
2 448 1
2 465 1
2 480 1
2 559 1
2 567 1
2 585 1
2 589 1
2 591 1
2 595 1
2 603 1
2 630 1
2 653 1
2 659 1
2 689 1
2 691 1
2 708 1
2 733 1
2 764 1
2 823 1
2 861 1
2 895 1
2 946 1
2 972 1
3 5 1
3 7 1
3 8 1
3 9 1
3 10 1
3 16 1
3 20 1
3 28 1
3 33 1
3 36 1
3 38 1
3 44 1
3 51 1
3 57 1
3 58 1
3 60 1
3 62 1
3 65 1
3 71 1
3 90 1
3 99 1
3 107 1
3 108 1
3 109 1
3 112 1
3 117 1
3 120 1
3 121 1
3 125 1
3 126 1
3 136 1
3 137 1
3 141 1
3 146 1
3 147 1
3 155 1
3 156 1
3 157 1
3 161 1
3 165 1
3 177 1
3 182 1
3 196 1
3 197 1
3 218 1
3 232 1
3 246 1
3 270 1
3 273 1
3 281 1
3 288 1
3 323 1
3 344 1
3 357 1
3 359 1
3 374 1
3 386 1
3 404 1
3 418 1
3 427 1
3 445 1
3 451 1
3 455 1
3 462 1
3 463 1
3 474 1
3 484 1
3 498 1
3 508 1
3 513 1
3 517 1
3 525 1
3 536 1
3 543 1
3 548 1
3 549 1
3 550 1
3 557 1
3 558 1
3 572 1
3 574 1
3 577 1
3 585 1
3 604 1
3 619 1
3 627 1
3 631 1
3 640 1
3 649 1
3 655 1
3 664 1
3 672 1
3 673 1
3 675 1
3 703 1
3 704 1
3 710 1
3 732 1
3 735 1
3 775 1
3 782 1
3 787 1
3 813 1
3 820 1
3 824 1
3 862 1
3 871 1
3 884 1
3 912 1
3 913 1
3 938 1
3 956 1
3 972 1
3 980 1
4 5 1
4 6 1
4 7 1
4 8 1
4 9 1
4 12 1
4 13 1
4 14 1
4 16 1
4 17 1
4 21 1
4 31 1
4 56 1
4 58 1
4 61 1
4 64 1
4 71 1
4 80 1
4 85 1
4 95 1
4 97 1
4 106 1
4 128 1
4 130 1
4 151 1
4 155 1
4 166 1
4 195 1
4 203 1
4 204 1
4 206 1
4 209 1
4 213 1
4 219 1
4 261 1
4 267 1
4 299 1
4 340 1
4 343 1
4 345 1
4 354 1
4 363 1
4 365 1
4 379 1
4 380 1
4 446 1
4 461 1
4 493 1
4 501 1
4 507 1
4 514 1
4 545 1
4 572 1
4 604 1
4 613 1
4 690 1
4 729 1
4 767 1
4 797 1
4 805 1
4 824 1
4 871 1
4 887 1
4 906 1
4 939 1
4 940 1
4 949 1
5 6 1
5 8 1
5 18 1
5 19 1
5 25 1
5 30 1
5 31 1
5 34 1
5 38 1
5 40 1
5 54 1
5 61 1
5 65 1
5 66 1
5 67 1
5 70 1
5 73 1
5 91 1
5 98 1
5 103 1
5 104 1
5 105 1
5 134 1
5 143 1
5 150 1
5 158 1
5 167 1
5 174 1
5 177 1
5 187 1
5 196 1
5 206 1
5 215 1
5 219 1
5 247 1
5 249 1
5 263 1
5 269 1
5 278 1
5 283 1
5 288 1
5 293 1
5 300 1
5 308 1
5 356 1
5 358 1
5 394 1
5 398 1
5 407 1
5 431 1
5 442 1
5 444 1
5 454 1
5 455 1
5 460 1
5 465 1
5 498 1
5 506 1
5 538 1
5 545 1
5 549 1
5 551 1
5 554 1
5 576 1
5 602 1
5 648 1
5 658 1
5 681 1
5 696 1
5 726 1
5 734 1
5 750 1
5 756 1
5 765 1
5 769 1
5 775 1
5 777 1
5 779 1
5 789 1
5 819 1
5 826 1
5 840 1
5 859 1
5 883 1
5 991 1
5 995 1
6 8 1
6 12 1
6 13 1
6 22 1
6 24 1
6 32 1
6 48 1
6 49 1
6 50 1
6 70 1
6 90 1
6 109 1
6 111 1
6 132 1
6 184 1
6 201 1
6 229 1
6 231 1
6 232 1
6 234 1
6 254 1
6 259 1
6 260 1
6 269 1
6 276 1
6 324 1
6 329 1
6 361 1
6 374 1
6 412 1
6 421 1
6 432 1
6 436 1
6 443 1
6 456 1
6 459 1
6 462 1
6 479 1
6 553 1
6 560 1
6 582 1
6 596 1
6 597 1
6 619 1
6 630 1
6 652 1
6 665 1
6 791 1
6 798 1
6 806 1
6 825 1
6 1000 1
7 14 1
7 23 1
7 24 1
7 34 1
7 48 1
7 72 1
7 83 1
7 104 1
7 111 1
7 116 1
7 134 1
7 160 1
7 165 1
7 166 1
7 170 1
7 178 1
7 196 1
7 238 1
7 271 1
7 292 1
7 301 1
7 311 1
7 336 1
7 395 1
7 412 1
7 415 1
7 417 1
7 439 1
7 461 1
7 470 1
7 473 1
7 488 1
7 520 1
7 543 1
7 550 1
7 562 1
7 566 1
7 662 1
7 680 1
7 712 1
7 731 1
7 735 1
7 746 1
7 762 1
7 913 1
8 9 1
8 15 1
8 17 1
8 20 1
8 35 1
8 36 1
8 63 1
8 77 1
8 87 1
8 118 1
8 125 1
8 161 1
8 184 1
8 195 1
8 205 1
8 246 1
8 302 1
8 310 1
8 320 1
8 348 1
8 359 1
8 379 1
8 410 1
8 428 1
8 432 1
8 440 1
8 472 1
8 481 1
8 521 1
8 568 1
8 592 1
8 619 1
8 645 1
8 666 1
8 669 1
8 670 1
8 696 1
8 703 1
8 721 1
8 749 1
8 765 1
8 832 1
8 891 1
8 968 1
8 969 1
9 10 1
9 11 1
9 12 1
9 13 1
9 14 1
9 15 1
9 17 1
9 19 1
9 21 1
9 23 1
9 24 1
9 25 1
9 26 1
9 27 1
9 31 1
9 32 1
9 34 1
9 37 1
9 42 1
9 48 1
9 57 1
9 59 1
9 71 1
9 75 1
9 79 1
9 80 1
9 95 1
9 98 1
9 99 1
9 104 1
9 105 1
9 117 1
9 125 1
9 127 1
9 129 1
9 131 1
9 139 1
9 146 1
9 165 1
9 166 1
9 186 1
9 190 1
9 224 1
9 225 1
9 226 1
9 268 1
9 293 1
9 310 1
9 316 1
9 322 1
9 326 1
9 334 1
9 335 1
9 352 1
9 366 1
9 375 1
9 383 1
9 401 1
9 402 1
9 435 1
9 438 1
9 448 1
9 474 1
9 475 1
9 477 1
9 490 1
9 512 1
9 526 1
9 542 1
9 553 1
9 579 1
9 590 1
9 595 1
9 611 1
9 616 1
9 653 1
9 655 1
9 657 1
9 670 1
9 691 1
9 695 1
9 707 1
9 730 1
9 741 1
9 747 1
9 762 1
9 779 1
9 805 1
9 843 1
9 849 1
9 872 1
9 881 1
9 893 1
9 933 1
9 946 1
9 985 1
10 11 1
10 18 1
10 19 1
10 28 1
10 29 1
10 32 1
10 37 1
10 39 1
10 44 1
10 45 1
10 46 1
10 47 1
10 49 1
10 50 1
10 52 1
10 54 1
10 55 1
10 59 1
10 61 1
10 66 1
10 68 1
10 69 1
10 72 1
10 73 1
10 78 1
10 84 1
10 97 1
10 101 1
10 108 1
10 118 1
10 119 1
10 121 1
10 135 1
10 139 1
10 145 1
10 151 1
10 153 1
10 189 1
10 205 1
10 220 1
10 224 1
10 225 1
10 226 1
10 227 1
10 260 1
10 261 1
10 279 1
10 296 1
10 327 1
10 346 1
10 367 1
10 377 1
10 388 1
10 406 1
10 407 1
10 434 1
10 449 1
10 463 1
10 469 1
10 515 1
10 527 1
10 599 1
10 633 1
10 642 1
10 664 1
10 697 1
10 737 1
10 741 1
10 744 1
10 804 1
10 837 1
10 842 1
10 850 1
10 854 1
10 898 1
10 914 1
10 943 1
10 965 1
10 987 1
10 988 1
11 94 1
11 117 1
11 236 1
11 339 1
11 680 1
11 857 1
12 13 1
12 21 1
12 23 1
12 61 1
12 81 1
12 198 1
12 199 1
12 239 1
12 310 1
12 390 1
12 401 1
12 403 1
12 425 1
12 429 1
12 430 1
12 556 1
12 596 1
12 628 1
12 641 1
12 643 1
12 681 1
12 780 1
12 881 1
12 910 1
12 971 1
12 991 1
13 14 1
13 21 1
13 37 1
13 38 1
13 44 1
13 45 1
13 51 1
13 57 1
13 67 1
13 72 1
13 119 1
13 120 1
13 137 1
13 140 1
13 155 1
13 167 1
13 175 1
13 199 1
13 200 1
13 218 1
13 238 1
13 263 1
13 291 1
13 325 1
13 338 1
13 396 1
13 430 1
13 432 1
13 549 1
13 554 1
13 699 1
13 701 1
13 749 1
13 973 1
14 15 1
14 26 1
14 35 1
14 45 1
14 47 1
14 56 1
14 62 1
14 68 1
14 77 1
14 84 1
14 107 1
14 130 1
14 135 1
14 144 1
14 157 1
14 176 1
14 192 1
14 197 1
14 222 1
14 227 1
14 240 1
14 278 1
14 281 1
14 329 1
14 335 1
14 337 1
14 351 1
14 367 1
14 371 1
14 490 1
14 509 1
14 518 1
14 528 1
14 569 1
14 593 1
14 605 1
14 646 1
14 669 1
14 683 1
14 687 1
14 713 1
14 746 1
14 801 1
14 805 1
14 811 1
14 818 1
14 862 1
14 944 1
14 957 1
15 16 1
15 17 1
15 18 1
15 27 1
15 57 1
15 60 1
15 62 1
15 66 1
15 73 1
15 76 1
15 80 1
15 92 1
15 105 1
15 110 1
15 118 1
15 119 1
15 122 1
15 160 1
15 164 1
15 170 1
15 183 1
15 188 1
15 202 1
15 224 1
15 251 1
15 280 1
15 289 1
15 297 1
15 309 1
15 345 1
15 355 1
15 374 1
15 410 1
15 423 1
15 545 1
15 580 1
15 610 1
15 635 1
15 689 1
15 698 1
15 717 1
15 758 1
15 781 1
15 862 1
15 908 1
15 911 1
15 940 1
15 942 1
16 22 1
16 23 1
16 29 1
16 33 1
16 39 1
16 48 1
16 53 1
16 79 1
16 94 1
16 128 1
16 203 1
16 248 1
16 259 1
16 301 1
16 353 1
16 367 1
16 413 1
16 467 1
16 520 1
16 670 1
17 20 1
17 24 1
17 28 1
17 30 1
17 40 1
17 43 1
17 47 1
17 49 1
17 75 1
17 96 1
17 110 1
17 116 1
17 123 1
17 129 1
17 148 1
17 152 1
17 154 1
17 175 1
17 207 1
17 237 1
17 242 1
17 247 1
17 265 1
17 266 1
17 283 1
17 286 1
17 294 1
17 308 1
17 318 1
17 323 1
17 328 1
17 337 1
17 372 1
17 414 1
17 485 1
17 557 1
17 589 1
17 603 1
17 631 1
17 637 1
17 648 1
17 688 1
17 754 1
17 781 1
17 932 1
17 959 1
17 979 1
18 25 1
18 37 1
18 40 1
18 43 1
18 73 1
18 86 1
18 88 1
18 91 1
18 115 1
18 142 1
18 168 1
18 214 1
18 267 1
18 283 1
18 285 1
18 408 1
18 421 1
18 437 1
18 471 1
18 576 1
18 625 1
18 708 1
18 792 1
18 793 1
18 800 1
18 908 1
19 35 1
19 41 1
19 49 1
19 88 1
19 91 1
19 109 1
19 112 1
19 126 1
19 130 1
19 159 1
19 171 1
19 223 1
19 315 1
19 326 1
19 406 1
19 430 1
19 503 1
19 518 1
19 564 1
19 577 1
19 595 1
19 663 1
19 673 1
19 676 1
19 695 1
19 700 1
19 729 1
19 741 1
19 961 1
19 998 1
20 22 1
20 30 1
20 63 1
20 93 1
20 110 1
20 154 1
20 191 1
20 212 1
20 243 1
20 293 1
20 383 1
20 416 1
20 530 1
20 547 1
20 568 1
20 579 1
20 611 1
20 755 1
20 809 1
20 899 1
20 921 1
20 944 1
20 961 1
21 26 1
21 32 1
21 121 1
21 133 1
21 309 1
21 321 1
21 376 1
21 520 1
21 673 1
21 745 1
21 763 1
21 767 1
21 960 1
21 977 1
22 107 1
22 113 1
22 115 1
22 134 1
22 883 1
22 895 1
23 36 1
23 41 1
23 42 1
23 69 1
23 98 1
23 102 1
23 115 1
23 143 1
23 201 1
23 252 1
23 299 1
23 414 1
23 502 1
23 509 1
23 554 1
23 556 1
23 617 1
23 696 1
23 757 1
23 771 1
23 791 1
23 886 1
24 28 1
24 42 1
24 67 1
24 74 1
24 82 1
24 102 1
24 174 1
24 179 1
24 251 1
24 363 1
24 397 1
24 506 1
24 582 1
24 756 1
24 812 1
24 902 1
24 909 1
24 922 1
25 68 1
25 86 1
25 87 1
25 221 1
25 276 1
25 418 1
25 508 1
25 520 1
25 530 1
25 635 1
25 651 1
25 688 1
25 810 1
25 898 1
26 27 1
26 55 1
26 104 1
26 216 1
26 241 1
26 250 1
26 268 1
26 282 1
26 311 1
26 327 1
26 357 1
26 376 1
26 386 1
26 389 1
26 421 1
26 440 1
26 462 1
26 592 1
26 733 1
26 739 1
26 823 1
26 844 1
26 854 1
26 892 1
26 900 1
26 963 1
26 998 1
27 34 1
27 36 1
27 45 1
27 81 1
27 82 1
27 83 1
27 114 1
27 159 1
27 163 1
27 202 1
27 210 1
27 229 1
27 307 1
27 330 1
27 362 1
27 443 1
27 504 1
27 575 1
27 593 1
27 610 1
27 612 1
27 662 1
27 704 1
27 958 1
27 983 1
28 30 1
28 33 1
28 39 1
28 47 1
28 67 1
28 99 1
28 100 1
28 101 1
28 111 1
28 118 1
28 123 1
28 140 1
28 148 1
28 177 1
28 262 1
28 304 1
28 331 1
28 348 1
28 404 1
28 439 1
28 498 1
28 505 1
28 561 1
28 590 1
28 687 1
28 715 1
28 742 1
28 814 1
28 852 1
28 884 1
28 969 1
29 75 1
29 93 1
29 106 1
29 129 1
29 143 1
29 167 1
29 264 1
29 401 1
29 479 1
29 557 1
29 573 1
29 601 1
29 684 1
29 729 1
29 868 1
29 960 1
30 51 1
30 58 1
30 140 1
30 150 1
30 187 1
30 228 1
30 274 1
30 560 1
30 799 1
30 910 1
30 989 1
31 44 1
31 46 1
31 52 1
31 59 1
31 62 1
31 77 1
31 79 1
31 89 1
31 95 1
31 103 1
31 365 1
31 403 1
31 425 1
31 474 1
31 478 1
31 481 1
31 515 1
31 518 1
31 547 1
31 586 1
31 626 1
31 652 1
31 725 1
31 919 1
31 936 1
32 55 1
32 90 1
32 114 1
32 124 1
32 136 1
32 251 1
32 277 1
32 284 1
32 302 1
32 303 1
32 318 1
32 371 1
32 540 1
32 563 1
32 632 1
32 676 1
32 677 1
32 848 1
33 51 1
33 74 1
33 94 1
33 124 1
33 180 1
33 239 1
33 244 1
33 278 1
33 282 1
33 306 1
33 350 1
33 434 1
33 459 1
33 482 1
33 534 1
33 563 1
33 668 1
33 694 1
33 752 1
33 795 1
33 846 1
33 867 1
34 35 1
34 65 1
34 127 1
34 170 1
34 172 1
34 175 1
34 230 1
34 231 1
34 336 1
34 457 1
34 490 1
34 493 1
34 629 1
34 668 1
34 778 1
34 787 1
34 802 1
34 831 1
35 52 1
35 100 1
35 131 1
35 153 1
35 208 1
35 215 1
35 216 1
35 217 1
35 236 1
35 240 1
35 270 1
35 300 1
35 347 1
35 359 1
35 377 1
35 400 1
35 485 1
35 538 1
35 541 1
35 585 1
35 618 1
35 669 1
35 700 1
35 701 1
35 754 1
35 815 1
35 843 1
36 42 1
36 43 1
36 65 1
36 69 1
36 142 1
36 193 1
36 238 1
36 256 1
36 292 1
36 295 1
36 311 1
36 312 1
36 336 1
36 411 1
36 415 1
36 436 1
36 533 1
36 584 1
36 586 1
36 627 1
36 645 1
36 876 1
36 999 1
37 39 1
37 40 1
37 92 1
37 169 1
37 324 1
37 348 1
37 391 1
37 402 1
37 436 1
37 562 1
37 606 1
37 612 1
37 623 1
37 640 1
37 822 1
37 987 1
38 43 1
38 52 1
38 56 1
38 64 1
38 72 1
38 96 1
38 123 1
38 135 1
38 157 1
38 178 1
38 272 1
38 283 1
38 285 1
38 301 1
38 304 1
38 342 1
38 347 1
38 358 1
38 360 1
38 384 1
38 395 1
38 555 1
38 602 1
38 710 1
38 774 1
38 909 1
38 911 1
38 924 1
38 957 1
39 100 1
39 126 1
39 144 1
39 279 1
39 329 1
39 365 1
39 473 1
40 427 1
40 472 1
40 588 1
40 683 1
40 844 1
41 76 1
41 88 1
41 125 1
41 150 1
41 154 1
41 156 1
41 257 1
41 295 1
41 297 1
41 307 1
41 319 1
41 321 1
41 342 1
41 369 1
41 429 1
41 518 1
41 556 1
41 640 1
41 816 1
41 885 1
41 959 1
41 977 1
42 46 1
42 71 1
42 76 1
42 130 1
42 143 1
42 174 1
42 192 1
42 194 1
42 227 1
42 280 1
42 281 1
42 323 1
42 334 1
42 370 1
42 375 1
42 378 1
42 390 1
42 467 1
42 487 1
42 538 1
42 602 1
42 608 1
42 642 1
42 732 1
42 751 1
42 771 1
42 774 1
42 804 1
42 809 1
42 843 1
42 890 1
42 897 1
43 55 1
43 68 1
43 85 1
43 142 1
43 147 1
43 186 1
43 191 1
43 194 1
43 203 1
43 217 1
43 229 1
43 347 1
43 379 1
43 449 1
43 487 1
43 497 1
43 507 1
43 509 1
43 535 1
43 566 1
43 589 1
43 831 1
43 950 1
44 85 1
44 99 1
44 108 1
44 163 1
44 172 1
44 180 1
44 223 1
44 236 1
44 261 1
44 265 1
44 334 1
44 366 1
44 486 1
44 538 1
44 657 1
44 708 1
44 718 1
44 786 1
44 821 1
44 864 1
45 53 1
45 54 1
45 113 1
45 121 1
45 138 1
45 270 1
45 397 1
45 726 1
45 807 1
45 865 1
46 59 1
46 97 1
46 114 1
46 117 1
46 245 1
46 253 1
46 260 1
46 272 1
46 288 1
46 433 1
46 467 1
46 552 1
46 570 1
46 636 1
46 691 1
46 733 1
46 804 1
46 842 1
46 861 1
47 112 1
47 139 1
47 175 1
47 314 1
47 361 1
47 780 1
47 804 1
48 111 1
48 126 1
48 289 1
48 328 1
48 355 1
48 451 1
48 456 1
48 660 1
48 705 1
48 824 1
48 906 1
49 50 1
49 88 1
49 102 1
49 132 1
49 142 1
49 152 1
49 195 1
49 279 1
49 322 1
49 346 1
49 417 1
49 437 1
49 449 1
49 456 1
49 468 1
49 486 1
49 502 1
49 522 1
49 532 1
49 597 1
49 616 1
49 629 1
49 755 1
49 764 1
49 773 1
49 787 1
49 802 1
49 838 1
49 929 1
49 984 1
50 54 1
50 70 1
50 84 1
50 97 1
50 116 1
50 164 1
50 319 1
50 375 1
50 411 1
50 423 1
50 453 1
50 470 1
50 525 1
50 652 1
50 675 1
50 767 1
50 776 1
50 841 1
51 137 1
51 201 1
51 228 1
51 250 1
51 339 1
51 397 1
51 412 1
51 437 1
51 496 1
51 499 1
51 815 1
51 817 1
52 78 1
52 95 1
52 98 1
52 219 1
52 237 1
52 265 1
52 266 1
52 284 1
52 285 1
52 391 1
52 457 1
52 503 1
52 551 1
52 671 1
52 800 1
53 110 1
53 223 1
53 242 1
53 360 1
53 474 1
53 581 1
53 610 1
53 634 1
54 58 1
54 63 1
54 64 1
54 83 1
54 86 1
54 87 1
54 101 1
54 134 1
54 171 1
54 205 1
54 211 1
54 247 1
54 266 1
54 314 1
54 352 1
54 471 1
54 477 1
54 497 1
54 534 1
54 565 1
54 599 1
54 672 1
54 745 1
54 851 1
54 925 1
54 954 1
55 633 1
55 731 1
56 286 1
56 564 1
57 60 1
57 70 1
57 78 1
57 198 1
57 204 1
57 290 1
57 298 1
57 422 1
57 460 1
57 576 1
57 715 1
57 718 1
57 811 1
57 886 1
57 914 1
57 918 1
57 972 1
58 80 1
58 83 1
58 86 1
58 89 1
58 91 1
58 141 1
58 185 1
58 202 1
58 210 1
58 216 1
58 369 1
58 466 1
58 484 1
58 489 1
58 546 1
58 617 1
58 625 1
58 662 1
58 701 1
58 713 1
58 955 1
59 103 1
59 158 1
59 176 1
59 399 1
59 428 1
59 560 1
59 837 1
60 78 1
60 82 1
60 89 1
60 106 1
60 109 1
60 124 1
60 128 1
60 148 1
60 159 1
60 234 1
60 282 1
60 329 1
60 369 1
60 385 1
60 458 1
60 466 1
60 509 1
60 609 1
60 654 1
60 666 1
60 678 1
60 684 1
60 734 1
60 795 1
60 873 1
60 883 1
60 894 1
60 914 1
60 966 1
61 82 1
61 141 1
61 198 1
61 213 1
61 230 1
61 464 1
61 480 1
61 487 1
61 496 1
61 532 1
61 773 1
62 93 1
62 122 1
62 133 1
62 148 1
62 162 1
62 228 1
62 275 1
62 294 1
62 313 1
62 368 1
62 432 1
62 446 1
62 500 1
62 582 1
62 658 1
62 682 1
62 793 1
62 839 1
63 144 1
63 169 1
63 212 1
63 262 1
63 400 1
63 430 1
63 571 1
63 601 1
63 618 1
63 685 1
63 728 1
64 136 1
64 139 1
64 235 1
64 546 1
64 594 1
64 714 1
65 77 1
65 94 1
65 146 1
65 182 1
65 274 1
65 416 1
65 530 1
65 785 1
65 805 1
65 830 1
65 834 1
66 131 1
66 262 1
66 263 1
66 264 1
66 293 1
66 355 1
66 402 1
66 650 1
66 679 1
66 743 1
66 986 1
67 218 1
67 248 1
67 331 1
67 346 1
67 355 1
67 442 1
67 470 1
67 491 1
67 561 1
67 693 1
67 750 1
67 790 1
67 798 1
67 988 1
67 989 1
68 92 1
68 113 1
68 135 1
68 147 1
68 185 1
68 186 1
68 243 1
68 326 1
68 350 1
68 384 1
68 494 1
68 504 1
68 536 1
68 692 1
68 703 1
68 764 1
68 934 1
68 953 1
69 750 1
70 76 1
70 131 1
70 211 1
70 241 1
70 336 1
70 597 1
70 916 1
70 927 1
71 81 1
71 85 1
71 90 1
71 96 1
71 281 1
71 341 1
71 347 1
71 373 1
71 438 1
71 590 1
71 797 1
71 924 1
71 963 1
72 74 1
72 136 1
72 156 1
72 320 1
72 442 1
72 658 1
73 92 1
73 93 1
73 162 1
73 235 1
73 248 1
73 252 1
73 267 1
73 340 1
73 413 1
73 451 1
73 570 1
73 866 1
73 873 1
74 144 1
74 183 1
74 261 1
74 668 1
74 792 1
75 100 1
75 251 1
75 343 1
75 644 1
75 723 1
75 885 1
75 923 1
76 120 1
76 154 1
76 158 1
76 200 1
76 325 1
76 424 1
76 437 1
76 656 1
76 660 1
76 736 1
76 955 1
77 116 1
77 233 1
77 262 1
77 274 1
77 300 1
77 406 1
77 492 1
77 522 1
77 544 1
77 664 1
77 743 1
77 853 1
78 114 1
78 174 1
78 181 1
78 186 1
78 232 1
78 516 1
78 540 1
78 796 1
79 191 1
79 209 1
79 364 1
79 382 1
79 385 1
79 519 1
79 644 1
79 742 1
79 771 1
79 827 1
80 96 1
80 123 1
80 138 1
80 188 1
80 278 1
80 342 1
80 380 1
80 438 1
80 560 1
80 607 1
80 831 1
80 870 1
81 158 1
81 202 1
81 215 1
81 295 1
81 364 1
81 424 1
81 486 1
81 709 1
82 105 1
82 230 1
82 275 1
82 287 1
82 298 1
82 341 1
82 389 1
82 419 1
82 663 1
82 855 1
82 874 1
83 89 1
83 129 1
83 141 1
83 171 1
83 301 1
83 327 1
83 353 1
83 359 1
83 375 1
83 384 1
83 392 1
83 416 1
83 458 1
83 531 1
83 535 1
83 614 1
83 702 1
83 793 1
83 794 1
83 904 1
83 937 1
84 185 1
84 193 1
84 256 1
84 258 1
84 362 1
84 548 1
84 786 1
84 987 1
85 133 1
85 145 1
85 149 1
85 151 1
85 213 1
85 217 1
85 277 1
85 305 1
85 349 1
85 522 1
85 607 1
85 663 1
85 736 1
85 859 1
85 993 1
86 242 1
86 258 1
86 466 1
86 598 1
86 915 1
87 185 1
87 259 1
87 423 1
87 512 1
87 514 1
87 535 1
88 507 1
88 532 1
88 574 1
88 707 1
89 107 1
89 193 1
89 326 1
89 418 1
89 548 1
89 587 1
89 594 1
89 778 1
90 122 1
90 164 1
90 184 1
90 227 1
90 249 1
90 423 1
90 565 1
90 609 1
90 615 1
90 729 1
90 829 1
90 904 1
91 179 1
91 215 1
91 332 1
91 499 1
91 529 1
91 558 1
91 720 1
91 949 1
92 367 1
92 380 1
92 626 1
93 155 1
93 162 1
93 173 1
93 180 1
93 193 1
93 455 1
93 639 1
93 684 1
94 146 1
94 161 1
95 220 1
95 338 1
95 368 1
95 429 1
95 537 1
95 671 1
95 815 1
95 821 1
95 829 1
95 941 1
95 971 1
96 145 1
96 195 1
96 292 1
96 330 1
96 431 1
96 441 1
96 510 1
96 661 1
96 697 1
96 737 1
96 770 1
96 902 1
96 974 1
97 113 1
97 115 1
97 145 1
97 152 1
97 165 1
97 167 1
97 207 1
97 219 1
97 226 1
97 240 1
97 267 1
97 376 1
97 467 1
97 475 1
97 494 1
97 499 1
97 528 1
97 555 1
97 628 1
97 651 1
97 674 1
97 692 1
97 706 1
97 716 1
97 770 1
98 103 1
98 149 1
98 205 1
98 212 1
98 252 1
98 333 1
98 372 1
98 484 1
98 491 1
98 563 1
98 773 1
99 106 1
99 108 1
99 163 1
99 208 1
99 378 1
99 546 1
99 555 1
99 591 1
99 720 1
99 753 1
99 806 1
99 814 1
99 868 1
99 908 1
99 954 1
100 231 1
100 280 1
100 511 1
100 559 1
100 592 1
100 871 1
101 119 1
101 122 1
101 246 1
101 264 1
101 381 1
101 494 1
101 517 1
101 627 1
101 745 1
101 836 1
102 127 1
102 172 1
102 207 1
102 356 1
102 525 1
102 622 1
103 242 1
103 290 1
103 314 1
103 459 1
103 936 1
104 120 1
104 124 1
104 178 1
104 719 1
104 721 1
105 149 1
105 159 1
105 218 1
105 222 1
105 225 1
105 276 1
105 285 1
105 298 1
105 358 1
105 383 1
105 400 1
105 450 1
105 469 1
105 482 1
105 485 1
105 541 1
105 576 1
105 578 1
105 679 1
105 702 1
105 706 1
105 759 1
105 771 1
105 915 1
105 931 1
106 149 1
106 303 1
106 332 1
106 405 1
106 609 1
106 614 1
106 677 1
106 834 1
106 884 1
107 160 1
107 207 1
107 462 1
107 556 1
107 629 1
107 676 1
107 812 1
107 880 1
107 950 1
108 132 1
108 152 1
108 213 1
108 232 1
108 272 1
108 307 1
108 315 1
108 379 1
108 427 1
108 486 1
108 516 1
108 612 1
108 725 1
108 919 1
108 992 1
109 182 1
109 271 1
109 444 1
109 498 1
109 508 1
109 780 1
109 806 1
109 972 1
110 223 1
110 250 1
110 303 1
110 479 1
110 524 1
110 558 1
111 112 1
111 217 1
111 268 1
111 377 1
111 476 1
111 550 1
111 762 1
111 860 1
111 869 1
111 897 1
111 955 1
111 973 1
111 994 1
112 296 1
112 1000 1
113 162 1
113 237 1
113 316 1
113 357 1
113 891 1
113 903 1
114 200 1
114 256 1
114 396 1
114 568 1
114 734 1
114 941 1
115 317 1
115 376 1
115 377 1
115 968 1
116 214 1
116 291 1
116 300 1
116 304 1
116 315 1
116 499 1
116 677 1
116 919 1
117 133 1
117 171 1
117 257 1
117 344 1
117 531 1
117 570 1
117 713 1
118 229 1
118 312 1
118 590 1
118 632 1
119 337 1
120 297 1
120 890 1
121 128 1
121 137 1
121 236 1
121 338 1
122 264 1
122 478 1
122 796 1
123 823 1
123 835 1
123 852 1
123 923 1
123 1000 1
125 140 1
125 170 1
125 187 1
125 190 1
125 257 1
125 306 1
125 357 1
125 503 1
125 762 1
125 788 1
125 834 1
125 892 1
126 169 1
126 562 1
126 938 1
126 967 1
127 172 1
127 565 1
127 840 1
127 913 1
128 190 1
128 254 1
128 381 1
128 398 1
128 446 1
129 161 1
129 164 1
129 169 1
129 178 1
129 188 1
129 234 1
129 313 1
129 343 1
129 358 1
129 533 1
129 648 1
129 674 1
129 730 1
129 744 1
129 987 1
129 992 1
130 274 1
131 331 1
131 414 1
131 439 1
131 571 1
131 767 1
132 138 1
132 157 1
132 180 1
132 303 1
132 450 1
132 495 1
132 564 1
132 613 1
132 674 1
132 740 1
133 188 1
133 214 1
133 306 1
133 495 1
133 636 1
133 759 1
134 190 1
134 210 1
134 920 1
135 230 1
135 387 1
135 674 1
135 952 1
135 957 1
136 198 1
136 317 1
136 394 1
136 452 1
136 487 1
136 584 1
136 621 1
136 693 1
136 791 1
136 812 1
136 846 1
137 153 1
137 179 1
137 192 1
137 255 1
137 260 1
137 295 1
137 364 1
137 371 1
137 387 1
137 391 1
137 415 1
137 422 1
137 478 1
137 606 1
137 630 1
137 742 1
137 760 1
137 769 1
137 786 1
137 792 1
137 864 1
137 908 1
138 183 1
138 490 1
138 624 1
138 656 1
139 392 1
140 394 1
140 996 1
141 258 1
141 851 1
142 214 1
142 239 1
142 418 1
142 960 1
143 247 1
143 249 1
143 340 1
143 457 1
143 476 1
144 147 1
144 160 1
144 179 1
144 196 1
144 245 1
144 253 1
144 678 1
145 168 1
145 181 1
145 245 1
145 566 1
145 828 1
146 252 1
146 312 1
146 776 1
146 997 1
147 286 1
147 342 1
147 705 1
147 813 1
147 879 1
147 887 1
148 233 1
148 271 1
148 398 1
148 434 1
148 667 1
148 722 1
148 744 1
148 769 1
148 915 1
148 963 1
149 168 1
149 350 1
149 516 1
149 606 1
149 829 1
149 982 1
150 243 1
150 273 1
150 302 1
150 333 1
150 373 1
150 450 1
150 453 1
150 524 1
150 583 1
150 660 1
150 784 1
150 901 1
150 942 1
151 173 1
151 201 1
151 211 1
151 228 1
151 287 1
151 305 1
151 335 1
151 363 1
151 516 1
151 526 1
151 634 1
151 720 1
151 870 1
152 194 1
152 434 1
152 443 1
152 502 1
152 551 1
152 777 1
152 886 1
153 362 1
153 836 1
154 253 1
154 404 1
154 646 1
154 656 1
154 864 1
155 163 1
155 189 1
155 197 1
155 199 1
155 255 1
155 273 1
155 445 1
155 463 1
155 488 1
155 580 1
155 847 1
155 978 1
156 254 1
156 305 1
156 481 1
156 598 1
156 783 1
157 268 1
157 685 1
157 965 1
158 351 1
158 389 1
158 428 1
158 515 1
158 614 1
158 713 1
158 746 1
158 848 1
158 873 1
158 930 1
159 189 1
159 192 1
159 458 1
159 468 1
159 609 1
159 824 1
160 187 1
160 209 1
160 246 1
160 289 1
160 982 1
161 191 1
161 235 1
161 833 1
162 182 1
162 626 1
162 649 1
162 831 1
163 203 1
163 314 1
163 328 1
163 354 1
163 404 1
163 505 1
163 533 1
163 623 1
163 638 1
163 727 1
163 759 1
163 945 1
163 946 1
163 997 1
164 504 1
164 649 1
164 992 1
165 313 1
165 495 1
165 527 1
165 646 1
165 690 1
165 889 1
165 989 1
165 995 1
166 176 1
166 233 1
166 294 1
166 297 1
166 675 1
166 707 1
166 748 1
166 948 1
167 181 1
167 263 1
167 290 1
167 420 1
167 475 1
167 501 1
167 608 1
167 658 1
167 763 1
167 845 1
167 888 1
168 259 1
168 270 1
168 290 1
168 320 1
168 401 1
168 581 1
168 758 1
168 766 1
169 394 1
169 403 1
169 536 1
169 633 1
170 221 1
170 237 1
170 585 1
170 657 1
170 724 1
170 756 1
170 877 1
171 177 1
171 398 1
171 752 1
171 753 1
171 783 1
172 194 1
172 277 1
172 471 1
172 519 1
172 639 1
172 691 1
172 885 1
173 239 1
173 249 1
173 393 1
173 741 1
174 200 1
174 304 1
174 319 1
174 442 1
174 479 1
174 611 1
174 711 1
176 366 1
176 382 1
176 562 1
176 587 1
176 786 1
177 276 1
177 485 1
177 803 1
177 845 1
177 866 1
177 882 1
178 189 1
178 234 1
178 422 1
178 681 1
179 241 1
179 372 1
179 387 1
179 517 1
179 790 1
179 792 1
179 967 1
180 480 1
180 549 1
180 594 1
180 740 1
180 788 1
180 840 1
181 537 1
181 679 1
182 220 1
182 451 1
182 728 1
182 734 1
182 875 1
183 224 1
183 235 1
183 277 1
183 373 1
183 385 1
183 410 1
183 686 1
183 698 1
183 787 1
183 799 1
183 921 1
183 951 1
183 958 1
183 993 1
184 210 1
184 241 1
184 256 1
184 317 1
184 321 1
184 353 1
184 664 1
184 735 1
184 797 1
184 918 1
185 390 1
185 466 1
185 483 1
185 651 1
185 712 1
185 745 1
185 756 1
185 766 1
185 996 1
186 208 1
186 243 1
186 244 1
186 254 1
186 382 1
186 456 1
186 469 1
186 482 1
186 492 1
186 510 1
186 558 1
186 635 1
186 699 1
186 835 1
186 926 1
186 980 1
187 222 1
187 269 1
187 983 1
188 225 1
188 636 1
188 981 1
189 221 1
189 665 1
189 706 1
189 737 1
189 901 1
189 935 1
190 352 1
190 458 1
190 472 1
191 378 1
191 392 1
191 476 1
191 492 1
191 514 1
191 608 1
191 705 1
191 945 1
192 339 1
192 397 1
192 958 1
193 323 1
193 356 1
193 365 1
193 527 1
193 647 1
193 791 1
194 204 1
194 206 1
194 334 1
194 633 1
194 999 1
195 208 1
195 330 1
195 392 1
195 685 1
196 238 1
196 381 1
196 488 1
196 825 1
196 911 1
196 985 1
197 450 1
197 541 1
197 688 1
197 826 1
198 605 1
198 654 1
198 735 1
198 876 1
198 935 1
199 325 1
199 403 1
199 517 1
200 294 1
200 424 1
200 855 1
200 970 1
201 211 1
201 212 1
201 324 1
201 879 1
202 349 1
202 353 1
202 505 1
202 513 1
202 605 1
203 204 1
203 317 1
203 337 1
203 453 1
203 705 1
203 920 1
204 503 1
204 907 1
204 925 1
204 930 1
205 244 1
205 386 1
205 595 1
205 714 1
205 817 1
205 841 1
206 316 1
206 341 1
206 872 1
207 226 1
207 291 1
207 308 1
207 390 1
207 574 1
207 737 1
207 810 1
207 963 1
208 405 1
208 600 1
208 635 1
208 825 1
209 368 1
210 245 1
210 250 1
210 282 1
210 296 1
210 348 1
210 370 1
210 407 1
210 416 1
210 755 1
210 887 1
211 306 1
211 577 1
213 222 1
213 233 1
213 591 1
213 768 1
213 947 1
214 318 1
214 720 1
214 772 1
214 813 1
214 890 1
214 945 1
215 386 1
215 540 1
215 667 1
215 974 1
216 255 1
216 354 1
216 504 1
217 371 1
217 414 1
217 529 1
217 565 1
217 612 1
217 683 1
217 892 1
218 491 1
218 844 1
218 969 1
220 240 1
220 345 1
220 433 1
220 452 1
220 667 1
220 711 1
220 714 1
220 922 1
221 309 1
221 325 1
221 738 1
221 820 1
221 858 1
221 923 1
222 253 1
222 269 1
222 454 1
222 643 1
222 947 1
223 420 1
223 736 1
223 878 1
223 953 1
224 307 1
224 369 1
224 875 1
225 286 1
225 722 1
225 785 1
226 244 1
226 298 1
226 319 1
226 388 1
226 579 1
226 785 1
226 801 1
227 534 1
227 644 1
227 848 1
227 876 1
228 563 1
228 700 1
228 794 1
229 272 1
230 570 1
231 748 1
231 842 1
231 911 1
232 255 1
232 711 1
232 942 1
234 413 1
234 513 1
234 523 1
234 607 1
234 724 1
235 354 1
235 370 1
235 501 1
235 807 1
236 271 1
236 273 1
236 399 1
237 257 1
237 333 1
237 679 1
237 808 1
238 488 1
238 709 1
238 746 1
239 350 1
239 446 1
239 949 1
240 284 1
240 459 1
240 510 1
240 593 1
241 299 1
241 410 1
242 266 1
242 280 1
242 396 1
242 426 1
242 475 1
242 555 1
242 659 1
242 680 1
242 721 1
242 839 1
242 906 1
242 915 1
243 345 1
243 600 1
243 624 1
243 650 1
243 877 1
244 790 1
246 411 1
246 773 1
247 817 1
248 559 1
248 655 1
249 349 1
249 393 1
249 424 1
249 449 1
249 477 1
249 497 1
249 784 1
249 870 1
249 912 1
249 944 1
249 964 1
249 999 1
250 380 1
251 302 1
251 668 1
252 287 1
252 312 1
252 318 1
252 617 1
254 275 1
254 310 1
254 349 1
254 381 1
254 383 1
254 402 1
254 470 1
254 519 1
254 682 1
254 864 1
254 891 1
255 284 1
255 372 1
255 389 1
255 395 1
255 440 1
255 692 1
255 994 1
256 258 1
256 764 1
256 999 1
257 289 1
257 322 1
257 332 1
257 962 1
257 966 1
258 598 1
258 650 1
258 698 1
258 700 1
258 789 1
258 832 1
259 998 1
260 321 1
260 460 1
260 873 1
261 460 1
262 743 1
262 751 1
262 975 1
263 296 1
263 385 1
263 415 1
263 465 1
263 539 1
263 574 1
263 661 1
263 757 1
263 803 1
263 856 1
264 265 1
264 362 1
265 275 1
265 288 1
265 320 1
265 368 1
265 408 1
265 427 1
265 592 1
265 642 1
265 647 1
265 724 1
265 870 1
265 889 1
265 940 1
265 976 1
265 981 1
265 993 1
266 626 1
266 637 1
266 760 1
266 904 1
266 943 1
267 292 1
267 867 1
268 431 1
268 483 1
268 696 1
269 361 1
269 408 1
269 454 1
269 578 1
269 593 1
269 748 1
269 777 1
270 754 1
271 550 1
271 825 1
272 279 1
272 370 1
272 433 1
272 438 1
272 571 1
272 607 1
272 710 1
272 770 1
272 985 1
273 399 1
273 819 1
273 835 1
274 366 1
274 454 1
274 832 1
274 863 1
275 502 1
275 655 1
275 797 1
275 975 1
276 378 1
276 388 1
276 444 1
276 461 1
276 719 1
277 895 1
278 622 1
278 784 1
279 332 1
279 363 1
279 455 1
279 494 1
279 521 1
279 588 1
279 597 1
279 716 1
279 747 1
279 821 1
279 899 1
280 441 1
280 682 1
281 373 1
281 620 1
281 687 1
281 730 1
281 860 1
282 346 1
282 688 1
283 930 1
283 970 1
284 315 1
284 806 1
284 846 1
284 986 1
286 361 1
286 532 1
286 631 1
287 313 1
287 500 1
287 878 1
288 757 1
288 869 1
289 388 1
289 393 1
289 567 1
289 643 1
290 481 1
290 483 1
290 843 1
291 311 1
291 493 1
291 718 1
292 559 1
292 621 1
292 917 1
292 934 1
293 413 1
294 426 1
294 803 1
294 970 1
295 690 1
295 733 1
295 782 1
295 803 1
296 308 1
296 351 1
296 578 1
297 717 1
297 935 1
299 638 1
299 639 1
300 352 1
300 614 1
300 776 1
301 419 1
301 575 1
301 619 1
302 828 1
302 842 1
303 473 1
303 761 1
304 610 1
304 882 1
305 539 1
305 544 1
305 628 1
305 841 1
305 845 1
305 932 1
306 523 1
307 789 1
308 426 1
308 445 1
308 578 1
308 604 1
308 693 1
308 916 1
308 933 1
309 858 1
309 939 1
310 339 1
310 782 1
311 412 1
311 856 1
311 961 1
312 436 1
313 616 1
314 382 1
314 747 1
315 469 1
315 722 1
316 420 1
316 444 1
316 580 1
316 670 1
317 406 1
317 409 1
317 472 1
317 599 1
317 634 1
317 785 1
317 956 1
318 341 1
319 344 1
319 588 1
320 324 1
320 425 1
320 544 1
320 573 1
320 677 1
321 391 1
321 396 1
321 587 1
321 639 1
321 869 1
321 926 1
321 951 1
322 433 1
322 541 1
322 625 1
322 772 1
322 897 1
323 752 1
324 461 1
324 531 1
324 707 1
325 419 1
325 496 1
325 899 1
326 457 1
327 343 1
328 650 1
329 808 1
329 969 1
330 579 1
330 751 1
330 758 1
331 364 1
332 443 1
332 477 1
332 527 1
333 473 1
333 524 1
334 431 1
334 435 1
334 533 1
334 776 1
335 543 1
336 464 1
337 904 1
337 967 1
338 535 1
338 553 1
338 808 1
338 837 1
339 448 1
339 857 1
340 589 1
340 596 1
340 638 1
340 994 1
341 586 1
341 651 1
342 536 1
343 584 1
344 854 1
346 400 1
346 453 1
346 480 1
346 569 1
346 575 1
346 671 1
346 866 1
347 452 1
347 564 1
347 622 1
347 978 1
348 405 1
348 495 1
348 569 1
348 606 1
348 647 1
348 830 1
348 921 1
349 505 1
349 927 1
350 447 1
350 540 1
350 603 1
350 765 1
350 847 1
351 374 1
351 770 1
352 420 1
352 447 1
352 554 1
352 582 1
352 872 1
353 417 1
353 694 1
353 865 1
354 405 1
354 422 1
354 496 1
354 546 1
354 857 1
356 399 1
356 441 1
356 489 1
356 583 1
356 723 1
356 828 1
356 835 1
356 847 1
356 888 1
356 921 1
356 927 1
357 445 1
357 526 1
357 849 1
357 878 1
358 409 1
358 561 1
358 759 1
359 500 1
359 841 1
360 465 1
360 547 1
360 929 1
361 521 1
361 817 1
361 894 1
361 965 1
363 426 1
363 468 1
363 506 1
363 663 1
363 775 1
363 808 1
363 818 1
363 839 1
363 983 1
364 512 1
365 493 1
365 561 1
366 905 1
367 476 1
368 501 1
368 642 1
368 816 1
369 519 1
371 425 1
372 464 1
372 692 1
372 926 1
373 384 1
373 463 1
374 529 1
374 623 1
374 625 1
374 710 1
374 761 1
374 962 1
375 429 1
375 621 1
377 850 1
379 846 1
380 702 1
381 417 1
381 774 1
383 482 1
383 526 1
383 581 1
383 615 1
383 622 1
383 780 1
383 802 1
383 948 1
384 421 1
384 524 1
384 539 1
384 545 1
384 567 1
384 620 1
384 980 1
385 393 1
385 408 1
385 654 1
385 768 1
386 478 1
387 620 1
387 769 1
387 928 1
388 603 1
388 618 1
388 636 1
388 672 1
388 810 1
388 865 1
388 926 1
389 543 1
390 407 1
390 623 1
390 822 1
391 510 1
391 542 1
391 709 1
392 447 1
392 508 1
392 653 1
393 968 1
394 511 1
395 569 1
395 715 1
395 760 1
395 794 1
396 807 1
396 897 1
397 815 1
398 1000 1
399 528 1
399 656 1
399 822 1
400 738 1
401 634 1
401 853 1
401 861 1
401 971 1
403 411 1
403 648 1
403 781 1
403 979 1
404 484 1
404 632 1
404 690 1
404 827 1
405 893 1
406 409 1
407 419 1
407 599 1
407 632 1
407 768 1
407 979 1
409 471 1
409 521 1
409 631 1
409 683 1
410 624 1
411 833 1
411 956 1
412 530 1
412 828 1
412 986 1
414 732 1
414 757 1
414 912 1
414 950 1
416 452 1
416 464 1
416 553 1
416 581 1
416 694 1
416 704 1
416 891 1
416 918 1
416 965 1
417 682 1
418 594 1
418 629 1
418 810 1
419 754 1
419 973 1
419 994 1
420 523 1
420 630 1
420 704 1
420 836 1
421 539 1
421 666 1
421 678 1
421 728 1
421 922 1
422 551 1
422 981 1
424 577 1
425 896 1
425 933 1
426 513 1
426 739 1
426 749 1
426 857 1
427 604 1
427 686 1
427 800 1
428 699 1
428 799 1
428 819 1
429 537 1
429 881 1
430 738 1
430 820 1
430 995 1
431 435 1
431 483 1
432 528 1
433 898 1
434 601 1
434 694 1
434 753 1
434 830 1
434 944 1
435 957 1
437 836 1
437 896 1
438 441 1
438 838 1
438 862 1
439 531 1
439 978 1
440 798 1
443 448 1
443 719 1
444 525 1
444 880 1
444 909 1
445 878 1
446 716 1
446 761 1
446 934 1
447 667 1
448 489 1
448 600 1
448 755 1
449 644 1
450 863 1
451 507 1
451 910 1
452 879 1
453 544 1
453 718 1
453 796 1
454 689 1
454 867 1
455 730 1
457 672 1
458 468 1
458 711 1
458 952 1
459 542 1
459 695 1
459 848 1
460 801 1
460 863 1
460 869 1
461 809 1
461 945 1
463 557 1
463 880 1
464 647 1
464 736 1
465 515 1
465 686 1
468 506 1
469 600 1
469 627 1
469 858 1
470 529 1
470 573 1
470 598 1
470 638 1
470 768 1
470 778 1
470 783 1
470 959 1
471 596 1
471 896 1
472 641 1
473 500 1
474 489 1
474 511 1
474 514 1
474 572 1
474 829 1
474 889 1
476 943 1
478 547 1
478 827 1
479 491 1
481 676 1
481 928 1
482 798 1
482 976 1
483 497 1
485 955 1
486 616 1
486 661 1
486 942 1
487 621 1
489 511 1
489 583 1
490 522 1
490 894 1
491 573 1
491 645 1
491 892 1
492 699 1
492 900 1
493 748 1
494 991 1
495 523 1
495 899 1
496 938 1
498 602 1
498 615 1
498 814 1
498 871 1
499 738 1
499 743 1
500 820 1
501 717 1
502 588 1
502 726 1
502 883 1
502 948 1
503 591 1
503 968 1
506 512 1
506 849 1
507 571 1
507 643 1
507 931 1
510 572 1
510 613 1
510 637 1
510 723 1
510 833 1
511 928 1
512 613 1
512 665 1
512 800 1
512 849 1
514 726 1
514 854 1
515 744 1
516 876 1
517 985 1
518 784 1
518 851 1
518 907 1
519 534 1
519 548 1
520 568 1
521 537 1
521 872 1
522 661 1
523 766 1
526 552 1
526 580 1
526 811 1
528 706 1
529 587 1
530 920 1
531 601 1
531 605 1
531 916 1
532 818 1
533 838 1
534 881 1
534 914 1
535 552 1
535 927 1
536 703 1
537 693 1
537 850 1
537 867 1
538 936 1
539 567 1
539 685 1
540 796 1
541 646 1
545 790 1
547 814 1
550 680 1
550 702 1
550 795 1
550 950 1
551 709 1
552 624 1
554 752 1
555 566 1
555 659 1
555 772 1
556 628 1
556 701 1
556 953 1
557 637 1
557 653 1
558 783 1
559 660 1
559 819 1
559 823 1
560 583 1
560 826 1
560 990 1
562 652 1
562 666 1
562 855 1
562 952 1
563 839 1
563 949 1
563 956 1
564 742 1
564 809 1
565 615 1
565 917 1
566 586 1
566 649 1
566 659 1
566 712 1
566 874 1
567 732 1
567 916 1
567 925 1
568 837 1
569 812 1
571 775 1
571 931 1
572 584 1
572 723 1
573 665 1
573 740 1
574 675 1
576 645 1
577 695 1
578 608 1
578 740 1
579 853 1
579 903 1
579 931 1
579 934 1
579 996 1
580 687 1
580 774 1
580 793 1
580 847 1
580 851 1
582 620 1
583 611 1
584 727 1
585 782 1
585 834 1
585 977 1
588 760 1
589 617 1
589 902 1
590 681 1
590 717 1
590 739 1
590 953 1
593 618 1
594 671 1
594 750 1
594 850 1
594 937 1
595 654 1
595 919 1
598 859 1
599 719 1
602 728 1
603 641 1
603 888 1
603 920 1
603 932 1
603 939 1
604 779 1
604 868 1
604 900 1
605 986 1
607 781 1
610 662 1
610 951 1
611 673 1
611 766 1
611 960 1
614 778 1
614 858 1
615 721 1
615 990 1
618 905 1
619 686 1
620 714 1
620 725 1
620 816 1
620 975 1
621 722 1
621 889 1
622 979 1
623 640 1
623 902 1
623 913 1
623 937 1
624 724 1
625 772 1
625 935 1
626 967 1
630 964 1
630 984 1
634 669 1
635 941 1
638 799 1
638 982 1
640 727 1
640 818 1
644 788 1
645 739 1
650 698 1
653 940 1
653 943 1
654 684 1
654 840 1
655 657 1
655 727 1
655 763 1
655 813 1
657 678 1
657 697 1
657 715 1
658 731 1
663 890 1
664 765 1
669 939 1
670 971 1
670 992 1
675 910 1
675 946 1
675 964 1
676 788 1
676 821 1
677 731 1
677 861 1
678 855 1
679 697 1
679 893 1
679 962 1
681 777 1
681 882 1
683 801 1
684 947 1
684 966 1
688 725 1
694 907 1
695 749 1
698 712 1
698 882 1
698 951 1
699 708 1
700 874 1
704 853 1
705 753 1
706 918 1
707 761 1
707 988 1
708 747 1
708 816 1
709 981 1
714 779 1
715 838 1
721 763 1
722 998 1
723 856 1
723 888 1
723 923 1
724 896 1
725 947 1
729 807 1
729 875 1
732 852 1
736 751 1
736 901 1
736 993 1
738 903 1
740 822 1
743 901 1
748 852 1
751 758 1
751 975 1
753 954 1
754 905 1
755 874 1
757 909 1
758 997 1
759 928 1
764 860 1
766 826 1
766 907 1
768 802 1
770 962 1
771 827 1
771 906 1
771 995 1
772 860 1
778 795 1
779 996 1
781 877 1
785 917 1
786 885 1
790 886 1
791 811 1
791 832 1
791 966 1
791 970 1
791 976 1
792 833 1
794 954 1
795 859 1
795 912 1
797 868 1
799 958 1
801 830 1
802 877 1
803 845 1
805 980 1
809 905 1
817 932 1
818 929 1
822 844 1
823 938 1
832 974 1
834 898 1
834 990 1
835 856 1
837 875 1
837 880 1
837 973 1
838 990 1
839 895 1
840 959 1
842 866 1
842 989 1
844 936 1
844 948 1
851 887 1
854 865 1
855 884 1
855 976 1
861 964 1
865 903 1
865 988 1
867 984 1
871 893 1
882 977 1
885 894 1
887 982 1
892 937 1
910 961 1
912 929 1
914 924 1
914 983 1
915 952 1
916 917 1
919 997 1
921 924 1
935 941 1
964 974 1
