100 383 
1 5 1
1 6 1
1 7 1
1 9 1
1 10 1
1 14 1
1 20 1
1 21 1
1 24 1
1 26 1
1 35 1
1 38 1
1 46 1
1 56 1
1 57 1
1 62 1
1 66 1
1 71 1
1 77 1
1 80 1
1 84 1
1 100 1
2 5 1
2 6 1
2 8 1
2 15 1
2 16 1
2 24 1
2 26 1
2 45 1
2 61 1
2 62 1
2 69 1
2 76 1
2 86 1
2 87 1
2 91 1
2 99 1
3 5 1
3 28 1
3 40 1
3 52 1
4 5 1
4 6 1
4 7 1
4 8 1
4 9 1
4 12 1
4 17 1
4 19 1
4 20 1
4 25 1
4 27 1
4 32 1
4 44 1
4 48 1
4 52 1
4 65 1
4 71 1
4 92 1
5 6 1
5 7 1
5 8 1
5 9 1
5 11 1
5 15 1
5 16 1
5 17 1
5 18 1
5 22 1
5 23 1
5 24 1
5 28 1
5 32 1
5 37 1
5 55 1
5 60 1
5 63 1
5 68 1
5 72 1
5 82 1
5 83 1
5 87 1
5 88 1
5 90 1
5 94 1
5 98 1
6 7 1
6 8 1
6 9 1
6 12 1
6 13 1
6 20 1
6 31 1
6 39 1
6 45 1
6 55 1
6 58 1
6 63 1
6 83 1
6 85 1
6 86 1
6 91 1
6 100 1
7 10 1
7 15 1
7 21 1
7 26 1
7 32 1
7 50 1
7 53 1
7 55 1
7 59 1
7 68 1
7 80 1
7 98 1
8 10 1
8 11 1
8 13 1
8 14 1
8 15 1
8 16 1
8 20 1
8 22 1
8 23 1
8 29 1
8 38 1
8 52 1
8 56 1
8 57 1
8 63 1
8 67 1
8 89 1
8 99 1
9 10 1
9 11 1
9 13 1
9 17 1
9 18 1
9 25 1
9 27 1
9 48 1
9 51 1
9 66 1
9 73 1
9 92 1
10 11 1
10 12 1
10 13 1
10 17 1
10 19 1
10 21 1
10 26 1
10 28 1
10 29 1
10 33 1
10 34 1
10 35 1
10 39 1
10 40 1
10 43 1
10 48 1
10 53 1
10 67 1
10 69 1
10 72 1
10 82 1
10 92 1
10 96 1
11 12 1
11 19 1
11 28 1
11 29 1
11 36 1
11 37 1
11 41 1
11 42 1
11 43 1
11 44 1
11 49 1
11 52 1
11 58 1
11 62 1
11 64 1
11 71 1
11 93 1
12 14 1
12 16 1
12 22 1
12 23 1
12 34 1
12 55 1
12 56 1
12 65 1
12 75 1
12 89 1
12 90 1
12 93 1
13 14 1
13 19 1
13 21 1
13 23 1
13 33 1
13 34 1
13 64 1
13 82 1
13 100 1
14 36 1
14 46 1
14 47 1
15 18 1
15 29 1
15 30 1
15 40 1
15 43 1
15 46 1
15 54 1
15 60 1
15 61 1
15 63 1
15 70 1
15 75 1
15 85 1
15 88 1
16 34 1
16 36 1
16 42 1
16 43 1
16 45 1
16 48 1
16 59 1
16 81 1
17 18 1
17 44 1
17 77 1
17 79 1
17 97 1
18 27 1
18 30 1
18 31 1
18 37 1
18 41 1
18 47 1
18 51 1
18 65 1
18 70 1
18 82 1
19 22 1
19 24 1
19 25 1
19 27 1
19 58 1
19 80 1
20 36 1
20 42 1
20 50 1
20 88 1
20 92 1
21 39 1
21 42 1
21 61 1
21 76 1
22 31 1
22 35 1
22 39 1
22 75 1
23 25 1
23 50 1
23 53 1
23 96 1
23 97 1
24 98 1
25 30 1
26 31 1
26 32 1
26 44 1
26 57 1
26 74 1
26 97 1
27 33 1
27 37 1
27 45 1
27 47 1
27 49 1
27 97 1
28 40 1
28 41 1
28 84 1
29 30 1
29 54 1
29 64 1
29 67 1
30 35 1
30 38 1
30 53 1
30 56 1
30 69 1
30 81 1
31 33 1
31 38 1
31 41 1
31 64 1
31 78 1
31 81 1
32 51 1
32 54 1
33 59 1
33 83 1
34 73 1
34 87 1
34 88 1
34 100 1
35 65 1
35 76 1
36 49 1
36 62 1
36 71 1
36 72 1
36 81 1
36 84 1
38 46 1
38 54 1
38 59 1
38 95 1
38 98 1
38 99 1
40 47 1
40 72 1
42 61 1
45 49 1
45 66 1
45 68 1
45 74 1
45 95 1
47 60 1
47 87 1
48 50 1
48 57 1
48 96 1
49 51 1
49 58 1
50 83 1
51 74 1
52 76 1
52 79 1
52 91 1
53 66 1
53 69 1
53 70 1
54 75 1
55 91 1
56 60 1
57 95 1
58 78 1
60 79 1
61 86 1
62 67 1
62 77 1
62 84 1
62 95 1
63 73 1
66 68 1
66 70 1
66 73 1
66 89 1
69 94 1
71 86 1
72 80 1
72 85 1
73 74 1
76 77 1
76 78 1
76 89 1
77 78 1
77 79 1
80 85 1
81 94 1
83 90 1
85 96 1
89 93 1
89 94 1
90 93 1
92 99 1
