500 1984 
1 5 1
1 6 1
1 7 1
1 11 1
1 18 1
1 21 1
1 28 1
1 29 1
1 30 1
1 31 1
1 34 1
1 38 1
1 42 1
1 44 1
1 45 1
1 57 1
1 60 1
1 68 1
1 78 1
1 85 1
1 86 1
1 89 1
1 91 1
1 109 1
1 110 1
1 123 1
1 137 1
1 139 1
1 164 1
1 182 1
1 184 1
1 186 1
1 215 1
1 252 1
1 257 1
1 265 1
1 275 1
1 281 1
1 286 1
1 292 1
1 296 1
1 298 1
1 301 1
1 302 1
1 319 1
1 324 1
1 334 1
1 343 1
1 366 1
1 383 1
1 398 1
1 400 1
1 406 1
1 408 1
1 435 1
1 441 1
1 467 1
1 491 1
1 492 1
2 5 1
2 6 1
2 8 1
2 9 1
2 13 1
2 14 1
2 15 1
2 19 1
2 45 1
2 46 1
2 47 1
2 90 1
2 110 1
2 120 1
2 153 1
2 173 1
2 183 1
2 232 1
2 240 1
2 244 1
2 312 1
2 345 1
2 365 1
2 377 1
2 396 1
2 424 1
2 482 1
3 5 1
3 6 1
3 7 1
3 10 1
3 11 1
3 13 1
3 19 1
3 22 1
3 25 1
3 32 1
3 33 1
3 43 1
3 50 1
3 55 1
3 67 1
3 76 1
3 80 1
3 83 1
3 120 1
3 150 1
3 166 1
3 169 1
3 174 1
3 194 1
3 200 1
3 261 1
3 317 1
3 348 1
3 367 1
3 394 1
3 409 1
3 464 1
4 5 1
4 7 1
4 10 1
4 13 1
4 16 1
4 49 1
4 54 1
4 56 1
4 58 1
4 89 1
4 97 1
4 105 1
4 129 1
4 189 1
4 202 1
4 209 1
4 222 1
4 237 1
4 247 1
4 295 1
4 358 1
4 430 1
4 446 1
5 6 1
5 8 1
5 10 1
5 11 1
5 12 1
5 18 1
5 19 1
5 20 1
5 26 1
5 29 1
5 32 1
5 35 1
5 41 1
5 48 1
5 49 1
5 52 1
5 56 1
5 58 1
5 60 1
5 66 1
5 74 1
5 91 1
5 105 1
5 109 1
5 115 1
5 123 1
5 128 1
5 131 1
5 160 1
5 181 1
5 182 1
5 198 1
5 230 1
5 256 1
5 262 1
5 277 1
5 330 1
5 340 1
5 419 1
5 479 1
5 487 1
6 7 1
6 8 1
6 9 1
6 12 1
6 13 1
6 14 1
6 17 1
6 18 1
6 21 1
6 22 1
6 23 1
6 26 1
6 37 1
6 45 1
6 58 1
6 59 1
6 67 1
6 72 1
6 79 1
6 82 1
6 85 1
6 88 1
6 92 1
6 98 1
6 113 1
6 119 1
6 120 1
6 127 1
6 138 1
6 139 1
6 189 1
6 195 1
6 198 1
6 214 1
6 229 1
6 235 1
6 268 1
6 287 1
6 289 1
6 291 1
6 293 1
6 306 1
6 308 1
6 341 1
6 356 1
6 361 1
6 374 1
6 411 1
6 436 1
6 438 1
6 448 1
6 471 1
6 495 1
7 8 1
7 9 1
7 10 1
7 12 1
7 14 1
7 15 1
7 16 1
7 19 1
7 21 1
7 24 1
7 25 1
7 26 1
7 31 1
7 34 1
7 35 1
7 39 1
7 44 1
7 47 1
7 73 1
7 79 1
7 87 1
7 92 1
7 115 1
7 117 1
7 127 1
7 134 1
7 140 1
7 150 1
7 152 1
7 176 1
7 194 1
7 197 1
7 200 1
7 203 1
7 223 1
7 231 1
7 237 1
7 257 1
7 269 1
7 274 1
7 283 1
7 307 1
7 309 1
7 329 1
7 340 1
7 363 1
7 367 1
7 383 1
7 395 1
7 420 1
7 429 1
7 449 1
7 466 1
7 497 1
8 9 1
8 15 1
8 52 1
8 53 1
8 66 1
8 71 1
8 82 1
8 88 1
8 91 1
8 122 1
8 140 1
8 141 1
8 292 1
8 342 1
8 408 1
8 426 1
8 474 1
9 18 1
9 24 1
9 38 1
9 54 1
9 56 1
9 63 1
9 65 1
9 70 1
9 183 1
9 199 1
9 224 1
9 237 1
9 247 1
9 265 1
9 286 1
9 422 1
9 439 1
10 11 1
10 12 1
10 14 1
10 15 1
10 16 1
10 17 1
10 24 1
10 26 1
10 33 1
10 36 1
10 38 1
10 61 1
10 66 1
10 68 1
10 70 1
10 72 1
10 73 1
10 77 1
10 78 1
10 87 1
10 88 1
10 91 1
10 99 1
10 103 1
10 116 1
10 118 1
10 124 1
10 129 1
10 131 1
10 133 1
10 141 1
10 158 1
10 176 1
10 179 1
10 180 1
10 193 1
10 196 1
10 216 1
10 248 1
10 274 1
10 284 1
10 288 1
10 300 1
10 305 1
10 319 1
10 329 1
10 334 1
10 336 1
10 348 1
10 368 1
10 372 1
10 375 1
10 392 1
10 397 1
10 398 1
10 400 1
10 427 1
10 440 1
10 476 1
10 479 1
10 491 1
11 16 1
11 17 1
11 20 1
11 21 1
11 22 1
11 31 1
11 37 1
11 78 1
11 93 1
11 94 1
11 101 1
11 113 1
11 116 1
11 118 1
11 121 1
11 155 1
11 163 1
11 164 1
11 165 1
11 170 1
11 174 1
11 197 1
11 200 1
11 201 1
11 215 1
11 217 1
11 218 1
11 253 1
11 255 1
11 272 1
11 283 1
11 290 1
11 293 1
11 325 1
11 345 1
11 346 1
11 347 1
11 351 1
11 355 1
11 451 1
11 458 1
11 461 1
11 464 1
11 465 1
11 475 1
12 34 1
12 40 1
12 50 1
12 57 1
12 95 1
12 99 1
12 101 1
12 205 1
12 217 1
12 245 1
12 252 1
12 294 1
12 297 1
12 303 1
12 354 1
12 458 1
13 46 1
13 54 1
13 81 1
13 106 1
13 127 1
13 165 1
13 188 1
13 273 1
13 310 1
13 380 1
13 401 1
13 462 1
13 477 1
14 128 1
14 351 1
14 389 1
14 396 1
14 397 1
14 424 1
14 445 1
15 24 1
15 25 1
15 30 1
15 33 1
15 35 1
15 36 1
15 39 1
15 41 1
15 101 1
15 121 1
15 147 1
15 154 1
15 156 1
15 157 1
15 162 1
15 195 1
15 224 1
15 232 1
15 274 1
15 282 1
15 284 1
15 321 1
15 342 1
15 379 1
15 417 1
15 442 1
15 448 1
15 469 1
16 17 1
16 23 1
16 39 1
16 45 1
16 51 1
16 53 1
16 64 1
16 71 1
16 74 1
16 77 1
16 81 1
16 85 1
16 104 1
16 108 1
16 146 1
16 158 1
16 168 1
16 183 1
16 189 1
16 191 1
16 192 1
16 218 1
16 231 1
16 263 1
16 270 1
16 276 1
16 294 1
16 304 1
16 374 1
16 380 1
16 383 1
16 393 1
16 395 1
16 410 1
16 413 1
16 436 1
16 452 1
16 454 1
16 459 1
16 468 1
17 37 1
17 55 1
17 68 1
17 69 1
17 76 1
17 77 1
17 106 1
17 108 1
17 111 1
17 115 1
17 117 1
17 119 1
17 133 1
17 138 1
17 149 1
17 151 1
17 168 1
17 207 1
17 210 1
17 238 1
17 249 1
17 254 1
17 256 1
17 261 1
17 263 1
17 292 1
17 315 1
17 333 1
17 341 1
17 350 1
17 368 1
17 388 1
17 396 1
17 398 1
17 421 1
17 449 1
17 451 1
17 472 1
18 20 1
18 23 1
18 29 1
18 37 1
18 83 1
18 102 1
18 110 1
18 130 1
18 140 1
18 145 1
18 160 1
18 167 1
18 169 1
18 173 1
18 229 1
18 313 1
18 371 1
18 457 1
19 20 1
19 23 1
19 27 1
19 32 1
19 42 1
19 43 1
19 54 1
19 83 1
19 114 1
19 161 1
19 168 1
19 171 1
19 175 1
19 176 1
19 178 1
19 225 1
19 230 1
19 233 1
19 269 1
19 308 1
19 318 1
19 385 1
19 399 1
19 444 1
20 27 1
20 28 1
20 53 1
20 62 1
20 78 1
20 81 1
20 104 1
20 134 1
20 135 1
20 141 1
20 165 1
20 224 1
20 262 1
20 271 1
20 308 1
20 331 1
20 349 1
20 419 1
20 444 1
20 448 1
20 453 1
20 472 1
21 22 1
21 28 1
21 30 1
21 35 1
21 36 1
21 46 1
21 59 1
21 62 1
21 65 1
21 69 1
21 75 1
21 79 1
21 90 1
21 93 1
21 98 1
21 107 1
21 108 1
21 126 1
21 144 1
21 153 1
21 155 1
21 161 1
21 171 1
21 177 1
21 184 1
21 185 1
21 191 1
21 199 1
21 202 1
21 212 1
21 213 1
21 222 1
21 223 1
21 227 1
21 245 1
21 253 1
21 273 1
21 291 1
21 293 1
21 299 1
21 305 1
21 312 1
21 358 1
21 376 1
21 382 1
21 407 1
21 423 1
21 440 1
22 25 1
22 27 1
22 32 1
22 41 1
22 52 1
22 53 1
22 55 1
22 64 1
22 73 1
22 89 1
22 95 1
22 99 1
22 118 1
22 125 1
22 143 1
22 188 1
22 221 1
22 237 1
22 242 1
22 251 1
22 262 1
22 283 1
22 284 1
22 291 1
22 321 1
22 332 1
22 335 1
22 337 1
22 352 1
22 385 1
22 403 1
22 439 1
22 446 1
23 29 1
23 57 1
23 94 1
23 119 1
23 131 1
23 191 1
23 246 1
23 271 1
23 323 1
23 354 1
23 454 1
24 30 1
24 33 1
24 34 1
24 42 1
24 43 1
24 51 1
24 52 1
24 84 1
24 96 1
24 126 1
24 155 1
24 185 1
24 236 1
24 251 1
24 301 1
24 302 1
24 321 1
24 374 1
24 391 1
24 404 1
24 410 1
24 419 1
24 421 1
24 481 1
24 489 1
25 27 1
25 44 1
25 120 1
25 154 1
25 222 1
25 233 1
25 234 1
25 256 1
25 260 1
25 324 1
25 341 1
25 378 1
25 428 1
25 464 1
25 475 1
25 480 1
26 41 1
26 46 1
26 86 1
26 103 1
26 111 1
26 148 1
26 211 1
26 259 1
26 270 1
26 456 1
26 478 1
26 479 1
27 28 1
27 31 1
27 36 1
27 44 1
27 48 1
27 50 1
27 61 1
27 64 1
27 89 1
27 107 1
27 110 1
27 132 1
27 143 1
27 159 1
27 185 1
27 188 1
27 225 1
27 245 1
27 297 1
27 316 1
27 324 1
27 328 1
27 331 1
27 377 1
27 441 1
27 463 1
27 466 1
27 489 1
28 72 1
28 144 1
28 195 1
28 304 1
28 392 1
28 453 1
28 463 1
28 494 1
28 500 1
29 40 1
29 51 1
29 133 1
29 208 1
29 223 1
29 318 1
29 365 1
30 39 1
30 47 1
30 48 1
30 59 1
30 87 1
30 94 1
30 98 1
30 117 1
30 151 1
30 209 1
30 273 1
30 319 1
30 342 1
30 355 1
30 456 1
30 483 1
31 40 1
31 43 1
31 113 1
31 266 1
31 360 1
31 433 1
32 48 1
32 75 1
32 252 1
33 61 1
33 69 1
33 97 1
33 100 1
33 201 1
33 227 1
33 245 1
33 279 1
33 308 1
33 334 1
34 47 1
34 71 1
34 80 1
34 162 1
34 218 1
34 226 1
34 235 1
34 240 1
34 278 1
34 279 1
34 318 1
34 321 1
34 338 1
34 370 1
34 382 1
34 384 1
34 406 1
34 409 1
34 452 1
34 473 1
35 38 1
35 40 1
35 50 1
35 56 1
35 70 1
35 88 1
35 112 1
35 130 1
35 152 1
35 274 1
35 291 1
35 305 1
35 350 1
35 422 1
35 481 1
35 486 1
36 51 1
36 107 1
36 148 1
36 175 1
36 195 1
36 208 1
36 238 1
36 260 1
36 282 1
36 304 1
36 311 1
36 402 1
36 449 1
36 451 1
37 49 1
37 71 1
37 77 1
37 82 1
37 94 1
37 96 1
37 119 1
37 148 1
37 153 1
37 207 1
37 210 1
37 292 1
37 306 1
37 387 1
37 438 1
37 462 1
37 492 1
38 173 1
38 258 1
38 264 1
38 265 1
38 287 1
38 315 1
38 317 1
38 319 1
38 339 1
39 67 1
39 68 1
39 106 1
39 112 1
39 123 1
39 145 1
39 155 1
39 170 1
39 192 1
39 194 1
39 241 1
39 325 1
39 329 1
39 332 1
39 385 1
39 413 1
39 431 1
39 442 1
39 457 1
40 42 1
40 157 1
40 167 1
40 217 1
40 241 1
40 465 1
41 49 1
41 62 1
41 102 1
41 105 1
41 138 1
41 141 1
41 209 1
41 219 1
41 231 1
41 279 1
41 290 1
41 355 1
41 393 1
41 398 1
41 403 1
42 75 1
42 100 1
42 116 1
42 122 1
42 125 1
42 128 1
42 180 1
42 290 1
42 357 1
42 391 1
42 436 1
43 111 1
43 345 1
44 59 1
44 65 1
44 76 1
44 109 1
44 179 1
44 196 1
44 443 1
45 55 1
45 60 1
45 92 1
45 112 1
45 113 1
45 124 1
45 142 1
45 196 1
45 207 1
45 250 1
45 280 1
45 325 1
45 364 1
45 408 1
45 465 1
46 63 1
46 90 1
46 135 1
46 140 1
46 177 1
46 203 1
46 280 1
46 314 1
46 337 1
46 369 1
46 371 1
46 390 1
46 397 1
46 426 1
46 433 1
46 469 1
46 490 1
46 494 1
47 69 1
47 93 1
47 151 1
47 242 1
47 264 1
47 299 1
47 424 1
48 295 1
48 473 1
48 499 1
49 80 1
49 92 1
49 102 1
49 108 1
49 136 1
49 162 1
49 206 1
49 208 1
49 223 1
49 239 1
49 277 1
49 320 1
49 367 1
49 427 1
49 445 1
49 452 1
49 474 1
50 61 1
50 138 1
50 156 1
50 172 1
50 303 1
50 339 1
50 394 1
50 428 1
51 63 1
51 96 1
51 121 1
51 145 1
51 172 1
51 220 1
51 228 1
51 372 1
51 414 1
52 100 1
52 107 1
52 111 1
52 169 1
52 175 1
52 205 1
52 243 1
52 295 1
52 344 1
52 460 1
53 65 1
53 99 1
53 160 1
53 247 1
53 314 1
53 349 1
53 494 1
54 105 1
54 121 1
54 224 1
54 239 1
54 359 1
54 461 1
54 470 1
54 490 1
55 57 1
55 58 1
55 60 1
55 70 1
55 74 1
55 82 1
55 106 1
55 132 1
55 143 1
55 147 1
55 192 1
55 198 1
55 203 1
55 228 1
55 314 1
55 332 1
55 352 1
56 63 1
56 67 1
56 80 1
56 87 1
56 97 1
56 136 1
56 181 1
56 193 1
56 386 1
57 72 1
57 147 1
57 258 1
57 303 1
57 475 1
58 143 1
59 62 1
59 64 1
59 75 1
59 81 1
59 85 1
59 95 1
59 104 1
59 153 1
59 239 1
59 270 1
59 276 1
59 487 1
60 241 1
60 361 1
61 114 1
61 203 1
61 221 1
61 267 1
61 268 1
61 336 1
61 493 1
62 76 1
62 158 1
62 219 1
62 267 1
63 86 1
63 123 1
63 490 1
64 66 1
64 95 1
64 122 1
64 132 1
64 150 1
64 160 1
64 234 1
64 344 1
64 360 1
65 296 1
66 122 1
66 171 1
66 172 1
66 403 1
67 181 1
67 300 1
67 484 1
68 86 1
68 133 1
68 216 1
68 285 1
68 433 1
68 458 1
68 496 1
69 73 1
69 115 1
69 125 1
69 144 1
69 159 1
69 188 1
69 251 1
69 271 1
69 372 1
70 161 1
70 169 1
70 211 1
70 273 1
70 350 1
71 74 1
71 101 1
71 109 1
71 249 1
71 250 1
71 275 1
71 278 1
71 287 1
71 299 1
71 432 1
71 455 1
71 478 1
72 84 1
72 135 1
74 127 1
74 289 1
74 341 1
74 369 1
74 402 1
74 432 1
74 462 1
75 79 1
75 149 1
75 173 1
75 182 1
75 190 1
75 357 1
75 403 1
75 454 1
76 83 1
76 84 1
76 184 1
76 263 1
76 267 1
76 277 1
76 284 1
76 311 1
77 100 1
77 102 1
77 125 1
77 333 1
77 481 1
78 90 1
78 130 1
78 186 1
78 358 1
79 126 1
79 220 1
79 225 1
79 376 1
79 390 1
80 84 1
80 114 1
80 164 1
80 206 1
80 285 1
80 328 1
81 96 1
81 104 1
81 139 1
82 117 1
82 158 1
82 167 1
82 183 1
82 263 1
82 267 1
82 336 1
82 399 1
82 444 1
82 488 1
82 497 1
83 136 1
83 146 1
83 149 1
83 221 1
83 275 1
83 283 1
83 362 1
83 421 1
83 450 1
84 197 1
84 232 1
85 93 1
85 97 1
85 103 1
85 149 1
85 157 1
85 221 1
85 242 1
85 255 1
85 261 1
85 266 1
85 300 1
85 390 1
85 391 1
85 404 1
85 476 1
86 240 1
86 366 1
87 146 1
87 147 1
87 288 1
87 304 1
87 334 1
87 469 1
88 103 1
88 152 1
88 184 1
88 205 1
88 320 1
88 329 1
88 427 1
89 130 1
89 157 1
89 235 1
89 241 1
89 322 1
90 131 1
90 132 1
90 190 1
90 328 1
90 330 1
90 385 1
90 429 1
91 98 1
91 189 1
92 116 1
92 118 1
92 126 1
92 172 1
92 177 1
92 187 1
92 191 1
92 219 1
92 277 1
92 345 1
92 356 1
92 368 1
92 379 1
92 416 1
92 499 1
93 216 1
93 357 1
94 134 1
94 257 1
94 387 1
94 412 1
94 423 1
95 234 1
95 238 1
95 490 1
96 200 1
96 255 1
97 114 1
97 222 1
97 326 1
97 393 1
98 134 1
98 146 1
98 164 1
98 199 1
98 216 1
98 239 1
99 201 1
100 112 1
100 180 1
100 228 1
100 320 1
100 413 1
100 430 1
100 450 1
101 297 1
101 346 1
101 434 1
101 489 1
102 128 1
102 142 1
102 174 1
102 219 1
102 338 1
103 135 1
103 137 1
103 152 1
103 168 1
103 220 1
103 353 1
104 193 1
104 205 1
104 211 1
105 178 1
105 199 1
105 286 1
105 310 1
105 485 1
106 136 1
106 159 1
106 190 1
106 468 1
107 129 1
107 243 1
107 298 1
107 371 1
108 137 1
108 204 1
108 229 1
108 288 1
108 289 1
108 311 1
108 423 1
108 480 1
109 486 1
110 213 1
111 124 1
111 144 1
111 170 1
111 248 1
111 311 1
111 323 1
111 344 1
111 373 1
111 386 1
111 388 1
111 421 1
111 437 1
112 185 1
112 452 1
113 142 1
113 161 1
113 177 1
113 227 1
113 234 1
113 261 1
113 262 1
113 364 1
113 401 1
113 405 1
113 416 1
113 477 1
113 496 1
114 178 1
114 202 1
114 247 1
114 279 1
114 387 1
115 137 1
115 150 1
115 209 1
115 259 1
115 297 1
115 301 1
115 322 1
115 353 1
115 395 1
115 455 1
115 497 1
116 139 1
116 166 1
116 412 1
116 461 1
118 166 1
118 180 1
118 250 1
118 356 1
118 471 1
119 124 1
119 193 1
119 240 1
119 268 1
119 327 1
119 333 1
120 198 1
121 129 1
121 210 1
121 212 1
121 414 1
121 419 1
121 477 1
122 154 1
122 236 1
122 266 1
122 367 1
122 402 1
123 151 1
123 344 1
123 459 1
124 294 1
124 299 1
125 256 1
125 281 1
125 487 1
126 156 1
126 170 1
126 422 1
126 484 1
126 498 1
127 165 1
127 213 1
127 386 1
128 159 1
128 362 1
129 171 1
129 213 1
129 235 1
129 255 1
129 430 1
129 432 1
131 156 1
131 163 1
131 192 1
131 276 1
131 348 1
131 362 1
131 441 1
131 496 1
132 142 1
132 145 1
132 190 1
132 197 1
132 202 1
132 227 1
132 246 1
132 249 1
132 309 1
132 330 1
132 363 1
132 400 1
132 417 1
133 186 1
133 215 1
133 244 1
134 428 1
135 212 1
135 228 1
135 312 1
136 328 1
137 181 1
137 296 1
138 252 1
138 269 1
138 415 1
138 450 1
138 468 1
139 229 1
139 390 1
140 204 1
140 254 1
140 349 1
140 353 1
140 373 1
140 445 1
142 226 1
142 250 1
142 280 1
143 303 1
144 381 1
145 187 1
145 217 1
145 218 1
145 243 1
145 264 1
145 349 1
145 379 1
145 381 1
145 418 1
146 148 1
146 186 1
146 206 1
146 260 1
146 294 1
146 327 1
147 154 1
147 288 1
147 482 1
148 225 1
148 246 1
148 257 1
148 392 1
148 420 1
149 204 1
149 236 1
150 166 1
150 282 1
150 320 1
150 359 1
151 355 1
151 493 1
152 433 1
153 162 1
153 488 1
154 253 1
154 368 1
155 211 1
155 226 1
155 249 1
156 163 1
156 187 1
156 338 1
157 163 1
157 176 1
157 313 1
158 194 1
158 259 1
158 392 1
160 175 1
160 393 1
161 178 1
161 207 1
161 233 1
161 310 1
161 314 1
161 337 1
162 425 1
162 485 1
163 174 1
163 278 1
163 498 1
164 167 1
164 351 1
164 478 1
165 179 1
165 244 1
165 285 1
165 379 1
166 331 1
167 243 1
167 414 1
168 381 1
168 467 1
169 309 1
169 326 1
169 338 1
170 182 1
171 312 1
172 187 1
172 402 1
173 287 1
174 214 1
174 242 1
174 322 1
174 339 1
174 381 1
174 498 1
175 201 1
175 208 1
175 318 1
175 487 1
176 364 1
176 470 1
177 179 1
177 253 1
177 298 1
177 306 1
177 370 1
177 431 1
177 435 1
177 440 1
177 454 1
177 476 1
177 494 1
178 337 1
179 220 1
179 405 1
179 406 1
180 405 1
181 212 1
181 260 1
181 347 1
181 380 1
181 404 1
182 353 1
183 269 1
183 271 1
183 446 1
183 473 1
184 248 1
185 295 1
185 366 1
185 466 1
186 264 1
187 354 1
188 352 1
188 384 1
189 204 1
189 231 1
189 365 1
189 418 1
189 429 1
189 457 1
191 196 1
191 272 1
192 313 1
192 360 1
193 347 1
194 410 1
194 436 1
195 226 1
195 238 1
195 248 1
195 281 1
195 315 1
195 323 1
195 439 1
195 440 1
195 463 1
195 483 1
196 236 1
196 251 1
196 323 1
196 339 1
196 364 1
196 373 1
197 206 1
197 275 1
197 467 1
197 495 1
198 230 1
198 282 1
198 302 1
198 437 1
199 214 1
199 254 1
200 370 1
200 465 1
201 230 1
201 482 1
202 233 1
202 376 1
204 258 1
204 289 1
204 450 1
205 215 1
206 232 1
206 246 1
206 265 1
206 268 1
206 324 1
207 210 1
207 307 1
207 426 1
207 461 1
208 244 1
211 272 1
212 280 1
212 290 1
213 214 1
213 342 1
215 307 1
215 351 1
215 422 1
217 414 1
218 259 1
218 409 1
219 413 1
221 366 1
221 371 1
221 426 1
222 326 1
223 376 1
224 352 1
226 258 1
228 377 1
228 416 1
228 447 1
229 498 1
230 356 1
230 432 1
230 478 1
231 410 1
232 301 1
232 363 1
236 254 1
236 322 1
236 325 1
236 389 1
236 420 1
236 437 1
237 266 1
237 336 1
238 495 1
239 443 1
241 285 1
241 316 1
241 374 1
241 429 1
242 488 1
244 327 1
244 363 1
244 446 1
244 497 1
246 307 1
248 310 1
248 354 1
250 438 1
253 359 1
253 365 1
256 369 1
256 456 1
256 470 1
256 484 1
257 435 1
257 473 1
258 298 1
258 492 1
260 387 1
260 394 1
261 391 1
261 472 1
262 272 1
263 442 1
264 361 1
266 335 1
266 481 1
266 500 1
267 270 1
267 370 1
267 378 1
267 389 1
267 405 1
267 415 1
267 442 1
267 477 1
268 276 1
268 293 1
268 296 1
268 340 1
268 343 1
268 456 1
269 395 1
269 480 1
271 281 1
271 316 1
271 407 1
272 447 1
273 278 1
273 382 1
273 412 1
273 428 1
273 431 1
273 474 1
273 500 1
274 343 1
276 309 1
276 317 1
276 343 1
276 443 1
277 350 1
279 300 1
279 317 1
279 331 1
279 500 1
281 348 1
282 305 1
282 306 1
282 316 1
282 330 1
282 335 1
283 286 1
283 499 1
284 327 1
284 409 1
284 427 1
286 383 1
286 400 1
286 431 1
288 448 1
288 466 1
289 399 1
289 404 1
290 347 1
290 362 1
290 369 1
290 388 1
290 491 1
292 315 1
292 375 1
293 451 1
298 346 1
298 411 1
299 302 1
301 335 1
301 411 1
301 469 1
301 471 1
304 444 1
306 411 1
309 313 1
309 457 1
310 443 1
310 462 1
311 434 1
312 377 1
312 415 1
314 375 1
314 430 1
315 372 1
315 380 1
315 485 1
317 333 1
317 483 1
319 453 1
320 378 1
320 394 1
322 332 1
322 358 1
322 416 1
323 357 1
323 373 1
323 437 1
324 441 1
325 326 1
325 346 1
325 489 1
327 425 1
327 467 1
328 340 1
328 485 1
328 496 1
330 359 1
334 491 1
336 418 1
338 406 1
340 360 1
341 396 1
342 384 1
344 382 1
344 407 1
345 486 1
346 361 1
346 375 1
346 434 1
348 386 1
348 449 1
350 407 1
351 475 1
352 384 1
357 399 1
360 378 1
360 388 1
364 408 1
364 445 1
365 389 1
365 438 1
366 480 1
367 424 1
368 493 1
369 479 1
369 483 1
371 415 1
372 401 1
372 482 1
374 474 1
375 471 1
378 460 1
379 412 1
380 420 1
380 455 1
382 447 1
382 460 1
382 493 1
384 468 1
389 418 1
392 401 1
395 470 1
396 397 1
400 417 1
403 439 1
403 484 1
404 447 1
404 464 1
405 460 1
405 486 1
406 453 1
407 417 1
408 434 1
410 459 1
411 488 1
415 423 1
417 435 1
417 492 1
418 425 1
418 495 1
422 459 1
424 425 1
429 455 1
432 472 1
436 458 1
439 476 1
442 463 1
452 499 1
