400 1584 
1 5 1
1 6 1
1 7 1
1 8 1
1 9 1
1 13 1
1 14 1
1 20 1
1 28 1
1 30 1
1 34 1
1 44 1
1 46 1
1 48 1
1 49 1
1 55 1
1 69 1
1 74 1
1 76 1
1 90 1
1 102 1
1 120 1
1 122 1
1 123 1
1 128 1
1 141 1
1 157 1
1 186 1
1 187 1
1 201 1
1 235 1
1 237 1
1 244 1
1 292 1
1 309 1
1 325 1
1 330 1
1 340 1
1 353 1
1 355 1
1 359 1
1 373 1
1 384 1
1 386 1
2 5 1
2 7 1
2 11 1
2 27 1
2 64 1
2 76 1
2 83 1
2 123 1
2 265 1
2 303 1
2 344 1
2 360 1
2 389 1
2 399 1
3 5 1
3 6 1
3 8 1
3 9 1
3 14 1
3 15 1
3 16 1
3 17 1
3 18 1
3 21 1
3 23 1
3 45 1
3 47 1
3 48 1
3 51 1
3 58 1
3 64 1
3 88 1
3 93 1
3 96 1
3 101 1
3 104 1
3 119 1
3 126 1
3 130 1
3 133 1
3 136 1
3 168 1
3 171 1
3 180 1
3 200 1
3 214 1
3 217 1
3 223 1
3 232 1
3 245 1
3 252 1
3 260 1
3 280 1
3 284 1
3 304 1
3 307 1
3 308 1
3 337 1
3 348 1
3 352 1
3 366 1
3 386 1
4 5 1
4 6 1
4 10 1
4 15 1
4 19 1
4 29 1
4 39 1
4 40 1
4 85 1
4 92 1
4 98 1
4 118 1
4 169 1
4 280 1
4 331 1
4 382 1
5 6 1
5 7 1
5 10 1
5 11 1
5 12 1
5 15 1
5 16 1
5 24 1
5 29 1
5 31 1
5 32 1
5 36 1
5 37 1
5 40 1
5 44 1
5 48 1
5 55 1
5 59 1
5 68 1
5 75 1
5 76 1
5 77 1
5 84 1
5 94 1
5 108 1
5 109 1
5 111 1
5 116 1
5 124 1
5 136 1
5 170 1
5 175 1
5 178 1
5 182 1
5 191 1
5 201 1
5 225 1
5 230 1
5 238 1
5 248 1
5 252 1
5 255 1
5 273 1
5 274 1
5 281 1
5 293 1
5 295 1
5 298 1
5 302 1
5 344 1
5 349 1
5 350 1
5 369 1
5 380 1
6 7 1
6 8 1
6 10 1
6 11 1
6 12 1
6 13 1
6 14 1
6 16 1
6 18 1
6 19 1
6 20 1
6 31 1
6 32 1
6 33 1
6 34 1
6 38 1
6 39 1
6 41 1
6 42 1
6 44 1
6 49 1
6 50 1
6 52 1
6 54 1
6 57 1
6 67 1
6 73 1
6 79 1
6 81 1
6 82 1
6 86 1
6 89 1
6 90 1
6 95 1
6 96 1
6 99 1
6 100 1
6 106 1
6 111 1
6 115 1
6 121 1
6 124 1
6 125 1
6 133 1
6 135 1
6 136 1
6 137 1
6 138 1
6 142 1
6 144 1
6 149 1
6 150 1
6 157 1
6 163 1
6 166 1
6 183 1
6 185 1
6 191 1
6 196 1
6 197 1
6 207 1
6 221 1
6 231 1
6 236 1
6 242 1
6 255 1
6 268 1
6 272 1
6 279 1
6 280 1
6 282 1
6 284 1
6 291 1
6 294 1
6 296 1
6 300 1
6 304 1
6 320 1
6 333 1
6 334 1
6 341 1
6 352 1
6 357 1
6 363 1
6 368 1
6 388 1
6 391 1
7 8 1
7 9 1
7 11 1
7 12 1
7 14 1
7 24 1
7 29 1
7 34 1
7 58 1
7 70 1
7 91 1
7 103 1
7 127 1
7 136 1
7 146 1
7 147 1
7 178 1
7 179 1
7 184 1
7 214 1
7 236 1
7 255 1
7 275 1
7 287 1
7 311 1
7 337 1
7 345 1
7 364 1
7 391 1
8 9 1
8 10 1
8 17 1
8 28 1
8 50 1
8 63 1
8 67 1
8 71 1
8 80 1
8 81 1
8 92 1
8 167 1
8 242 1
8 346 1
8 365 1
8 375 1
8 385 1
9 12 1
9 13 1
9 15 1
9 17 1
9 18 1
9 37 1
9 57 1
9 59 1
9 77 1
9 104 1
9 114 1
9 118 1
9 123 1
9 126 1
9 148 1
9 154 1
9 184 1
9 211 1
9 213 1
9 233 1
9 264 1
9 298 1
9 326 1
9 336 1
9 355 1
9 390 1
9 396 1
9 399 1
10 24 1
10 42 1
10 61 1
10 87 1
10 91 1
10 107 1
10 110 1
10 143 1
10 153 1
10 181 1
10 220 1
10 236 1
10 248 1
10 303 1
10 331 1
10 341 1
10 342 1
11 13 1
11 21 1
11 22 1
11 37 1
11 41 1
11 46 1
11 95 1
11 124 1
11 164 1
11 167 1
11 232 1
11 261 1
11 266 1
11 277 1
11 292 1
11 319 1
11 335 1
12 18 1
12 19 1
12 20 1
12 21 1
12 22 1
12 23 1
12 24 1
12 27 1
12 33 1
12 36 1
12 43 1
12 47 1
12 57 1
12 59 1
12 74 1
12 75 1
12 87 1
12 112 1
12 113 1
12 118 1
12 133 1
12 141 1
12 148 1
12 164 1
12 167 1
12 222 1
12 225 1
12 240 1
12 273 1
12 283 1
12 306 1
12 319 1
12 339 1
12 343 1
12 357 1
12 366 1
12 383 1
13 29 1
13 33 1
13 38 1
13 41 1
13 43 1
13 45 1
13 50 1
13 55 1
13 56 1
13 61 1
13 63 1
13 68 1
13 73 1
13 89 1
13 93 1
13 97 1
13 105 1
13 120 1
13 131 1
13 151 1
13 172 1
13 188 1
13 198 1
13 200 1
13 209 1
13 212 1
13 227 1
13 235 1
13 243 1
13 259 1
13 311 1
13 321 1
13 331 1
13 332 1
13 354 1
13 358 1
13 362 1
13 377 1
13 387 1
14 35 1
14 36 1
14 54 1
14 62 1
14 71 1
14 79 1
14 91 1
14 98 1
14 117 1
14 124 1
14 140 1
14 146 1
14 153 1
14 160 1
14 179 1
14 185 1
14 189 1
14 230 1
14 234 1
14 288 1
14 304 1
14 313 1
14 370 1
15 16 1
15 25 1
15 28 1
15 35 1
15 72 1
15 86 1
15 101 1
15 107 1
15 126 1
15 142 1
15 145 1
15 146 1
15 155 1
15 170 1
15 172 1
15 199 1
15 209 1
15 262 1
15 288 1
15 293 1
15 307 1
15 316 1
15 330 1
15 336 1
15 338 1
15 346 1
15 360 1
15 374 1
15 384 1
16 17 1
16 19 1
16 22 1
16 25 1
16 26 1
16 32 1
16 33 1
16 92 1
16 258 1
17 23 1
17 26 1
17 27 1
17 60 1
17 62 1
17 83 1
17 85 1
17 87 1
17 95 1
17 98 1
17 107 1
17 142 1
17 148 1
17 154 1
17 165 1
17 197 1
17 231 1
17 246 1
17 340 1
17 359 1
17 380 1
17 398 1
18 21 1
18 23 1
18 26 1
18 27 1
18 35 1
18 43 1
18 49 1
18 58 1
18 61 1
18 70 1
18 75 1
18 88 1
18 147 1
18 156 1
18 166 1
18 183 1
18 190 1
18 200 1
18 211 1
18 216 1
18 239 1
18 329 1
18 360 1
18 396 1
19 20 1
19 31 1
19 32 1
19 37 1
19 42 1
19 43 1
19 47 1
19 52 1
19 58 1
19 74 1
19 82 1
19 83 1
19 84 1
19 104 1
19 108 1
19 119 1
19 129 1
19 139 1
19 154 1
19 169 1
19 201 1
19 205 1
19 207 1
19 267 1
19 289 1
19 291 1
19 326 1
19 383 1
19 394 1
20 22 1
20 26 1
20 38 1
20 78 1
20 110 1
20 129 1
20 137 1
20 176 1
20 192 1
20 203 1
20 219 1
20 221 1
20 223 1
20 276 1
20 278 1
20 299 1
20 301 1
20 358 1
20 373 1
21 25 1
21 121 1
21 158 1
21 172 1
21 306 1
21 323 1
21 359 1
21 372 1
22 25 1
22 55 1
22 65 1
22 85 1
22 114 1
22 171 1
22 175 1
22 178 1
22 269 1
22 278 1
22 349 1
22 372 1
22 383 1
23 34 1
23 39 1
23 48 1
23 60 1
23 62 1
23 88 1
23 97 1
23 108 1
23 131 1
23 149 1
23 160 1
23 188 1
23 189 1
23 259 1
23 261 1
23 266 1
23 269 1
23 332 1
23 336 1
24 40 1
24 66 1
24 77 1
24 102 1
24 159 1
24 167 1
24 240 1
24 267 1
24 324 1
24 397 1
25 31 1
25 46 1
25 51 1
25 67 1
25 68 1
25 115 1
25 166 1
25 224 1
25 272 1
25 315 1
25 323 1
25 393 1
26 30 1
26 45 1
26 56 1
26 70 1
26 82 1
26 101 1
26 116 1
26 119 1
26 150 1
26 201 1
26 247 1
26 347 1
27 28 1
27 36 1
27 44 1
27 46 1
27 51 1
27 113 1
27 260 1
27 279 1
27 283 1
27 327 1
27 343 1
27 371 1
27 381 1
28 30 1
28 65 1
28 80 1
28 83 1
28 88 1
28 94 1
28 152 1
28 175 1
28 186 1
28 206 1
28 208 1
28 269 1
28 305 1
28 326 1
28 373 1
29 30 1
29 59 1
29 71 1
29 78 1
29 79 1
29 86 1
29 93 1
29 113 1
29 118 1
29 154 1
29 196 1
29 209 1
29 235 1
29 315 1
29 330 1
29 339 1
30 35 1
30 68 1
30 90 1
30 100 1
30 120 1
30 130 1
30 151 1
30 176 1
30 179 1
30 187 1
30 210 1
30 213 1
30 223 1
30 233 1
30 253 1
30 286 1
30 289 1
30 302 1
30 319 1
30 338 1
30 350 1
31 53 1
31 128 1
31 158 1
31 262 1
31 286 1
31 395 1
32 41 1
32 42 1
32 65 1
32 81 1
32 165 1
32 175 1
32 282 1
33 45 1
33 54 1
33 268 1
33 294 1
34 60 1
34 75 1
34 79 1
34 85 1
34 110 1
34 117 1
34 133 1
34 147 1
34 165 1
34 205 1
34 249 1
34 256 1
34 283 1
34 381 1
35 38 1
35 39 1
35 53 1
35 70 1
35 141 1
35 143 1
35 152 1
35 162 1
35 179 1
35 197 1
35 205 1
35 233 1
35 247 1
35 257 1
35 271 1
35 313 1
35 355 1
35 375 1
35 391 1
36 51 1
36 53 1
36 99 1
36 108 1
36 127 1
36 137 1
36 140 1
36 190 1
36 198 1
36 231 1
36 274 1
36 288 1
36 387 1
37 40 1
37 52 1
37 56 1
37 149 1
37 150 1
37 157 1
37 185 1
37 213 1
37 264 1
37 365 1
37 370 1
37 371 1
37 375 1
37 377 1
38 47 1
38 50 1
38 56 1
38 69 1
38 125 1
38 183 1
38 263 1
38 294 1
38 297 1
38 348 1
38 380 1
39 66 1
39 72 1
39 125 1
39 168 1
39 198 1
39 210 1
39 325 1
39 392 1
40 86 1
40 215 1
40 250 1
40 286 1
40 299 1
40 318 1
40 379 1
40 399 1
41 73 1
41 94 1
41 105 1
41 128 1
41 132 1
41 141 1
41 164 1
41 189 1
41 218 1
41 219 1
41 222 1
41 224 1
41 243 1
41 327 1
42 77 1
42 139 1
42 150 1
42 212 1
43 49 1
43 192 1
43 199 1
43 228 1
44 60 1
44 66 1
44 78 1
44 181 1
44 212 1
44 290 1
44 300 1
44 328 1
44 350 1
44 378 1
45 52 1
45 61 1
45 64 1
45 82 1
45 96 1
45 148 1
45 200 1
45 393 1
45 397 1
46 308 1
47 54 1
47 57 1
47 117 1
47 166 1
47 233 1
48 63 1
48 92 1
48 176 1
48 246 1
49 62 1
49 67 1
49 74 1
49 106 1
49 115 1
49 122 1
49 152 1
49 241 1
49 327 1
49 347 1
49 361 1
50 72 1
50 97 1
50 192 1
50 195 1
50 248 1
50 363 1
50 364 1
50 366 1
50 392 1
51 69 1
52 53 1
52 80 1
52 89 1
52 98 1
52 206 1
52 312 1
52 398 1
53 65 1
53 87 1
53 96 1
53 109 1
53 119 1
53 151 1
53 158 1
53 232 1
53 251 1
53 297 1
53 356 1
54 84 1
54 158 1
54 303 1
54 361 1
55 72 1
55 110 1
55 132 1
55 139 1
55 215 1
55 222 1
55 253 1
55 285 1
55 321 1
55 356 1
56 69 1
56 76 1
56 89 1
56 130 1
56 153 1
56 217 1
56 250 1
56 361 1
57 73 1
57 81 1
57 102 1
57 156 1
57 173 1
57 251 1
57 321 1
57 337 1
57 344 1
57 374 1
58 138 1
58 313 1
58 330 1
59 78 1
59 113 1
59 114 1
59 163 1
59 193 1
59 194 1
59 224 1
59 283 1
59 311 1
60 63 1
60 84 1
60 103 1
60 111 1
60 207 1
60 272 1
60 333 1
61 226 1
61 336 1
62 64 1
62 91 1
62 199 1
62 238 1
63 99 1
63 181 1
64 99 1
64 161 1
64 170 1
64 351 1
65 66 1
65 211 1
66 168 1
66 204 1
66 365 1
67 97 1
67 105 1
67 130 1
67 147 1
67 180 1
67 272 1
67 285 1
67 348 1
68 71 1
68 116 1
68 126 1
68 161 1
68 162 1
68 223 1
68 224 1
68 290 1
68 382 1
68 384 1
69 104 1
69 134 1
69 143 1
69 227 1
69 270 1
70 193 1
70 247 1
70 248 1
71 356 1
72 311 1
73 93 1
73 173 1
73 210 1
73 238 1
73 375 1
74 106 1
74 109 1
74 225 1
74 251 1
74 257 1
74 295 1
74 329 1
74 341 1
74 378 1
75 94 1
75 116 1
75 131 1
75 160 1
75 186 1
75 189 1
75 216 1
75 242 1
75 294 1
75 303 1
75 315 1
76 140 1
76 202 1
76 264 1
76 274 1
76 278 1
76 288 1
76 317 1
76 320 1
76 351 1
76 380 1
77 129 1
77 131 1
77 255 1
77 266 1
77 281 1
77 315 1
77 316 1
77 321 1
78 121 1
78 234 1
78 316 1
79 80 1
79 143 1
79 190 1
79 232 1
79 245 1
79 295 1
79 367 1
80 107 1
80 112 1
80 125 1
80 314 1
80 316 1
81 120 1
81 177 1
81 195 1
81 220 1
81 244 1
81 254 1
81 284 1
81 296 1
82 186 1
83 100 1
83 177 1
83 264 1
83 312 1
83 329 1
83 389 1
84 159 1
84 164 1
84 323 1
84 368 1
84 383 1
85 127 1
85 135 1
85 138 1
85 157 1
85 184 1
85 190 1
85 236 1
85 269 1
85 271 1
85 318 1
85 381 1
86 112 1
86 139 1
86 245 1
86 246 1
87 203 1
88 90 1
88 128 1
88 134 1
88 144 1
88 217 1
89 123 1
89 234 1
89 273 1
90 95 1
90 127 1
90 134 1
90 135 1
90 161 1
90 169 1
90 177 1
90 220 1
90 320 1
90 334 1
90 372 1
91 100 1
91 163 1
91 181 1
91 241 1
91 277 1
91 301 1
91 322 1
91 341 1
91 352 1
92 109 1
92 202 1
93 199 1
94 103 1
94 134 1
94 173 1
94 187 1
94 197 1
94 203 1
94 214 1
94 230 1
94 239 1
95 121 1
95 149 1
95 319 1
95 376 1
96 101 1
96 102 1
96 103 1
96 112 1
96 145 1
96 170 1
96 187 1
96 191 1
96 203 1
96 212 1
96 221 1
96 253 1
96 265 1
96 342 1
96 358 1
96 366 1
96 388 1
96 389 1
96 396 1
97 105 1
97 115 1
97 129 1
97 151 1
97 202 1
97 301 1
97 394 1
98 137 1
98 192 1
99 333 1
99 346 1
99 396 1
100 106 1
100 122 1
100 132 1
100 191 1
100 258 1
100 354 1
101 163 1
101 183 1
101 308 1
102 155 1
102 240 1
103 117 1
103 140 1
103 218 1
103 221 1
103 263 1
103 276 1
104 122 1
104 156 1
104 171 1
104 204 1
105 153 1
105 156 1
105 173 1
105 222 1
106 114 1
106 160 1
106 241 1
106 245 1
106 295 1
106 328 1
106 384 1
107 111 1
107 204 1
107 228 1
107 355 1
108 307 1
109 132 1
109 169 1
110 362 1
110 368 1
110 398 1
111 152 1
111 165 1
111 259 1
111 260 1
111 298 1
111 309 1
111 313 1
112 324 1
113 168 1
113 263 1
113 335 1
113 390 1
114 172 1
114 249 1
114 325 1
115 180 1
115 270 1
115 348 1
118 312 1
119 207 1
119 289 1
119 381 1
120 177 1
120 206 1
120 291 1
121 182 1
121 268 1
121 388 1
122 354 1
123 135 1
123 144 1
123 182 1
123 211 1
123 242 1
123 267 1
123 291 1
124 155 1
124 208 1
124 215 1
125 159 1
126 159 1
126 193 1
126 210 1
126 270 1
126 290 1
127 188 1
127 220 1
128 254 1
128 376 1
130 306 1
130 392 1
131 218 1
131 351 1
131 382 1
133 138 1
133 145 1
133 219 1
133 310 1
133 395 1
134 146 1
134 171 1
134 174 1
134 202 1
134 227 1
134 234 1
137 161 1
137 219 1
137 231 1
137 237 1
137 317 1
137 365 1
138 227 1
138 243 1
138 247 1
138 256 1
139 205 1
139 322 1
140 142 1
140 145 1
140 196 1
140 318 1
140 343 1
140 347 1
140 358 1
141 188 1
141 195 1
141 246 1
141 258 1
141 287 1
141 353 1
141 395 1
142 273 1
142 281 1
142 293 1
142 347 1
143 144 1
144 259 1
144 333 1
144 349 1
144 387 1
145 155 1
145 215 1
146 174 1
147 235 1
147 397 1
148 362 1
149 314 1
149 400 1
150 162 1
150 174 1
150 198 1
150 206 1
150 372 1
151 289 1
152 218 1
152 228 1
152 282 1
153 216 1
154 174 1
154 195 1
154 204 1
154 356 1
155 285 1
155 339 1
156 280 1
156 317 1
156 332 1
156 377 1
156 394 1
157 162 1
157 178 1
157 184 1
157 253 1
157 256 1
157 279 1
157 284 1
157 369 1
157 397 1
158 254 1
159 343 1
160 176 1
160 213 1
160 310 1
161 271 1
161 277 1
161 299 1
161 329 1
162 268 1
162 278 1
162 370 1
163 265 1
163 306 1
163 308 1
165 182 1
167 229 1
167 267 1
167 305 1
167 367 1
167 400 1
168 296 1
169 331 1
171 344 1
177 180 1
179 193 1
179 229 1
179 275 1
181 241 1
181 290 1
181 345 1
181 399 1
182 226 1
182 262 1
182 310 1
182 327 1
182 328 1
182 338 1
182 352 1
182 360 1
182 385 1
183 297 1
183 322 1
183 393 1
184 185 1
184 208 1
184 230 1
184 249 1
184 275 1
184 282 1
184 334 1
184 386 1
185 208 1
185 214 1
185 261 1
185 302 1
186 244 1
187 257 1
187 276 1
187 363 1
188 324 1
188 364 1
189 368 1
190 194 1
190 229 1
190 252 1
190 382 1
192 194 1
192 286 1
192 377 1
193 194 1
193 217 1
193 237 1
193 314 1
193 350 1
194 196 1
194 209 1
194 226 1
194 252 1
194 281 1
194 287 1
194 298 1
196 391 1
197 250 1
198 305 1
202 237 1
202 274 1
202 304 1
203 216 1
205 292 1
205 392 1
206 293 1
206 312 1
209 226 1
209 265 1
209 367 1
209 369 1
210 238 1
214 243 1
214 345 1
215 239 1
216 339 1
216 369 1
217 225 1
218 250 1
218 263 1
218 370 1
219 335 1
220 254 1
223 367 1
224 228 1
227 256 1
227 310 1
227 398 1
228 229 1
229 239 1
229 240 1
229 258 1
229 296 1
229 328 1
229 332 1
229 390 1
230 244 1
230 249 1
230 340 1
230 361 1
231 393 1
235 266 1
236 326 1
236 400 1
238 325 1
239 301 1
241 251 1
241 260 1
241 337 1
242 261 1
242 285 1
242 292 1
242 299 1
243 318 1
244 257 1
246 277 1
247 262 1
247 379 1
248 320 1
249 374 1
250 387 1
252 270 1
253 305 1
255 279 1
259 297 1
260 314 1
261 276 1
262 371 1
263 307 1
267 275 1
267 334 1
268 378 1
268 385 1
269 271 1
269 338 1
271 309 1
272 287 1
272 300 1
272 323 1
274 363 1
278 346 1
279 349 1
281 371 1
283 324 1
286 342 1
287 390 1
288 302 1
289 357 1
293 300 1
294 342 1
294 376 1
294 379 1
295 353 1
296 362 1
298 354 1
299 345 1
300 309 1
305 364 1
312 317 1
316 322 1
321 335 1
323 340 1
328 378 1
340 359 1
343 351 1
345 389 1
346 353 1
346 395 1
348 386 1
349 388 1
351 357 1
363 376 1
363 394 1
365 374 1
367 385 1
368 379 1
371 373 1
378 400 1
