800 3181 
1 5 1
1 18 1
1 26 1
1 33 1
1 39 1
1 64 1
1 73 1
1 93 1
1 100 1
1 131 1
1 136 1
1 147 1
1 162 1
1 178 1
1 233 1
1 239 1
1 250 1
1 253 1
1 269 1
1 272 1
1 275 1
1 293 1
1 301 1
1 330 1
1 343 1
1 353 1
1 367 1
1 369 1
1 386 1
1 453 1
1 489 1
1 490 1
1 589 1
1 601 1
1 613 1
1 645 1
1 676 1
2 5 1
2 6 1
2 9 1
2 11 1
2 12 1
2 20 1
2 28 1
2 35 1
2 54 1
2 66 1
2 68 1
2 69 1
2 71 1
2 80 1
2 88 1
2 94 1
2 102 1
2 106 1
2 113 1
2 117 1
2 160 1
2 177 1
2 188 1
2 189 1
2 209 1
2 224 1
2 226 1
2 233 1
2 236 1
2 251 1
2 264 1
2 372 1
2 375 1
2 376 1
2 393 1
2 438 1
2 440 1
2 462 1
2 472 1
2 475 1
2 505 1
2 568 1
2 592 1
2 649 1
2 655 1
2 681 1
2 708 1
2 767 1
2 770 1
2 792 1
3 5 1
3 6 1
3 7 1
3 8 1
3 9 1
3 10 1
3 12 1
3 13 1
3 14 1
3 17 1
3 18 1
3 19 1
3 21 1
3 23 1
3 24 1
3 29 1
3 30 1
3 36 1
3 38 1
3 39 1
3 41 1
3 45 1
3 49 1
3 64 1
3 65 1
3 67 1
3 69 1
3 74 1
3 75 1
3 76 1
3 79 1
3 85 1
3 95 1
3 115 1
3 116 1
3 121 1
3 147 1
3 164 1
3 203 1
3 213 1
3 219 1
3 225 1
3 238 1
3 269 1
3 281 1
3 291 1
3 303 1
3 331 1
3 345 1
3 347 1
3 366 1
3 368 1
3 387 1
3 440 1
3 443 1
3 451 1
3 462 1
3 466 1
3 468 1
3 474 1
3 484 1
3 492 1
3 505 1
3 511 1
3 525 1
3 532 1
3 542 1
3 571 1
3 573 1
3 613 1
3 614 1
3 636 1
3 644 1
3 665 1
3 672 1
3 691 1
3 708 1
3 730 1
3 735 1
3 761 1
3 768 1
3 771 1
3 775 1
3 793 1
4 5 1
4 6 1
4 7 1
4 8 1
4 10 1
4 11 1
4 12 1
4 14 1
4 15 1
4 17 1
4 32 1
4 34 1
4 35 1
4 37 1
4 40 1
4 41 1
4 42 1
4 46 1
4 48 1
4 51 1
4 58 1
4 61 1
4 62 1
4 63 1
4 64 1
4 67 1
4 74 1
4 75 1
4 79 1
4 82 1
4 108 1
4 112 1
4 124 1
4 130 1
4 135 1
4 138 1
4 147 1
4 166 1
4 171 1
4 172 1
4 174 1
4 189 1
4 206 1
4 210 1
4 228 1
4 230 1
4 246 1
4 249 1
4 282 1
4 288 1
4 299 1
4 307 1
4 326 1
4 350 1
4 371 1
4 374 1
4 385 1
4 390 1
4 403 1
4 404 1
4 419 1
4 429 1
4 446 1
4 460 1
4 481 1
4 487 1
4 493 1
4 504 1
4 518 1
4 523 1
4 528 1
4 535 1
4 537 1
4 541 1
4 588 1
4 630 1
4 640 1
4 648 1
4 653 1
4 689 1
4 738 1
4 752 1
4 757 1
4 766 1
4 785 1
5 6 1
5 7 1
5 8 1
5 9 1
5 10 1
5 12 1
5 14 1
5 15 1
5 22 1
5 27 1
5 30 1
5 32 1
5 38 1
5 43 1
5 44 1
5 50 1
5 53 1
5 57 1
5 68 1
5 71 1
5 89 1
5 95 1
5 114 1
5 122 1
5 127 1
5 129 1
5 132 1
5 143 1
5 152 1
5 155 1
5 170 1
5 177 1
5 179 1
5 180 1
5 185 1
5 186 1
5 201 1
5 202 1
5 257 1
5 264 1
5 293 1
5 304 1
5 306 1
5 321 1
5 332 1
5 343 1
5 349 1
5 385 1
5 425 1
5 428 1
5 437 1
5 467 1
5 478 1
5 486 1
5 491 1
5 508 1
5 537 1
5 573 1
5 619 1
5 637 1
5 639 1
5 663 1
5 693 1
5 731 1
5 752 1
5 778 1
5 785 1
6 7 1
6 9 1
6 14 1
6 19 1
6 20 1
6 32 1
6 41 1
6 45 1
6 50 1
6 51 1
6 74 1
6 86 1
6 96 1
6 101 1
6 104 1
6 114 1
6 123 1
6 130 1
6 131 1
6 154 1
6 166 1
6 184 1
6 198 1
6 224 1
6 227 1
6 243 1
6 249 1
6 258 1
6 265 1
6 272 1
6 284 1
6 296 1
6 306 1
6 318 1
6 331 1
6 332 1
6 336 1
6 342 1
6 393 1
6 396 1
6 443 1
6 519 1
6 533 1
6 556 1
6 579 1
6 610 1
6 626 1
6 660 1
6 704 1
6 705 1
6 736 1
6 738 1
6 748 1
6 761 1
6 763 1
7 19 1
7 25 1
7 28 1
7 29 1
7 30 1
7 34 1
7 47 1
7 52 1
7 95 1
7 117 1
7 119 1
7 125 1
7 161 1
7 166 1
7 187 1
7 206 1
7 215 1
7 217 1
7 300 1
7 330 1
7 337 1
7 338 1
7 340 1
7 390 1
7 403 1
7 408 1
7 420 1
7 468 1
7 485 1
7 507 1
7 540 1
7 560 1
7 568 1
7 591 1
7 597 1
7 647 1
7 650 1
7 750 1
7 767 1
7 768 1
7 784 1
8 10 1
8 11 1
8 13 1
8 15 1
8 21 1
8 47 1
8 49 1
8 52 1
8 59 1
8 62 1
8 68 1
8 70 1
8 85 1
8 99 1
8 128 1
8 129 1
8 146 1
8 150 1
8 155 1
8 156 1
8 203 1
8 206 1
8 212 1
8 218 1
8 275 1
8 286 1
8 311 1
8 319 1
8 325 1
8 351 1
8 415 1
8 432 1
8 448 1
8 449 1
8 466 1
8 477 1
8 483 1
8 547 1
8 633 1
8 638 1
8 718 1
8 719 1
8 741 1
9 13 1
9 16 1
9 21 1
9 22 1
9 23 1
9 35 1
9 36 1
9 43 1
9 45 1
9 47 1
9 59 1
9 68 1
9 72 1
9 73 1
9 78 1
9 80 1
9 94 1
9 96 1
9 105 1
9 110 1
9 122 1
9 127 1
9 134 1
9 165 1
9 174 1
9 179 1
9 199 1
9 200 1
9 213 1
9 217 1
9 221 1
9 223 1
9 229 1
9 235 1
9 249 1
9 302 1
9 314 1
9 321 1
9 335 1
9 341 1
9 354 1
9 368 1
9 374 1
9 441 1
9 459 1
9 527 1
9 531 1
9 534 1
9 539 1
9 580 1
9 582 1
9 603 1
9 616 1
9 631 1
9 640 1
9 672 1
9 702 1
9 711 1
9 718 1
9 745 1
9 792 1
9 796 1
10 11 1
10 17 1
10 26 1
10 27 1
10 48 1
10 71 1
10 147 1
10 158 1
10 174 1
10 191 1
10 198 1
10 265 1
10 282 1
10 349 1
10 371 1
10 388 1
10 420 1
10 452 1
10 487 1
10 585 1
10 592 1
10 622 1
10 640 1
10 672 1
10 674 1
10 676 1
10 777 1
11 16 1
11 17 1
11 37 1
11 46 1
11 48 1
11 81 1
11 184 1
11 346 1
11 577 1
11 716 1
11 717 1
12 13 1
12 16 1
12 22 1
12 24 1
12 25 1
12 26 1
12 30 1
12 50 1
12 55 1
12 58 1
12 59 1
12 60 1
12 61 1
12 69 1
12 77 1
12 86 1
12 92 1
12 125 1
12 163 1
12 175 1
12 185 1
12 186 1
12 215 1
12 232 1
12 235 1
12 251 1
12 258 1
12 260 1
12 281 1
12 285 1
12 300 1
12 310 1
12 319 1
12 332 1
12 336 1
12 352 1
12 356 1
12 373 1
12 396 1
12 428 1
12 434 1
12 442 1
12 444 1
12 452 1
12 455 1
12 482 1
12 529 1
12 535 1
12 539 1
12 549 1
12 569 1
12 571 1
12 581 1
12 583 1
12 605 1
12 628 1
12 632 1
12 638 1
12 650 1
12 673 1
12 696 1
12 707 1
12 739 1
12 782 1
13 15 1
13 16 1
13 18 1
13 20 1
13 23 1
13 24 1
13 27 1
13 38 1
13 81 1
13 90 1
13 98 1
13 124 1
13 142 1
13 151 1
13 153 1
13 163 1
13 193 1
13 199 1
13 200 1
13 224 1
13 240 1
13 310 1
13 315 1
13 328 1
13 367 1
13 455 1
13 493 1
13 530 1
13 546 1
13 609 1
13 627 1
13 631 1
13 685 1
13 689 1
14 20 1
14 53 1
14 57 1
14 102 1
14 119 1
14 123 1
14 140 1
14 154 1
14 159 1
14 194 1
14 266 1
14 365 1
14 389 1
14 507 1
14 769 1
14 786 1
14 798 1
15 98 1
15 100 1
15 182 1
15 253 1
15 259 1
15 422 1
15 425 1
15 788 1
16 67 1
16 78 1
16 98 1
16 247 1
16 295 1
16 379 1
16 586 1
16 700 1
16 751 1
17 18 1
17 19 1
17 28 1
17 50 1
17 54 1
17 65 1
17 70 1
17 99 1
17 101 1
17 120 1
17 124 1
17 141 1
17 144 1
17 157 1
17 190 1
17 194 1
17 244 1
17 275 1
17 484 1
17 560 1
17 572 1
17 609 1
17 669 1
17 725 1
17 726 1
18 25 1
18 32 1
18 39 1
18 43 1
18 74 1
18 76 1
18 91 1
18 152 1
18 173 1
18 184 1
18 232 1
18 251 1
18 264 1
18 318 1
18 319 1
18 325 1
18 388 1
18 392 1
18 423 1
18 532 1
18 575 1
18 602 1
18 607 1
18 629 1
18 645 1
18 678 1
18 690 1
18 703 1
18 749 1
19 23 1
19 28 1
19 29 1
19 31 1
19 34 1
19 36 1
19 38 1
19 42 1
19 51 1
19 57 1
19 66 1
19 87 1
19 93 1
19 96 1
19 105 1
19 107 1
19 110 1
19 118 1
19 120 1
19 143 1
19 162 1
19 167 1
19 184 1
19 187 1
19 192 1
19 193 1
19 194 1
19 202 1
19 203 1
19 206 1
19 208 1
19 210 1
19 220 1
19 222 1
19 234 1
19 260 1
19 270 1
19 276 1
19 327 1
19 330 1
19 338 1
19 361 1
19 380 1
19 389 1
19 406 1
19 416 1
19 417 1
19 418 1
19 427 1
19 464 1
19 481 1
19 523 1
19 560 1
19 584 1
19 611 1
19 624 1
19 625 1
19 629 1
19 653 1
19 663 1
19 673 1
19 699 1
19 749 1
20 21 1
20 31 1
20 40 1
20 62 1
20 73 1
20 83 1
20 90 1
20 92 1
20 108 1
20 133 1
20 139 1
20 144 1
20 150 1
20 201 1
20 240 1
20 257 1
20 264 1
20 270 1
20 271 1
20 286 1
20 289 1
20 297 1
20 402 1
20 427 1
20 470 1
20 473 1
20 588 1
20 600 1
20 714 1
20 724 1
20 742 1
20 789 1
21 22 1
21 33 1
21 45 1
21 47 1
21 49 1
21 52 1
21 205 1
21 263 1
21 271 1
21 295 1
21 348 1
21 376 1
21 615 1
21 697 1
21 726 1
21 738 1
22 26 1
22 27 1
22 33 1
22 37 1
22 48 1
22 65 1
22 77 1
22 94 1
22 116 1
22 137 1
22 148 1
22 160 1
22 201 1
22 204 1
22 212 1
22 226 1
22 236 1
22 285 1
22 296 1
22 302 1
22 310 1
22 311 1
22 338 1
22 353 1
22 359 1
22 380 1
22 385 1
22 424 1
22 443 1
22 463 1
22 471 1
22 491 1
22 545 1
22 688 1
23 24 1
23 25 1
23 92 1
23 124 1
23 156 1
23 199 1
23 243 1
23 313 1
23 320 1
23 380 1
23 482 1
23 538 1
23 613 1
23 635 1
24 56 1
24 76 1
24 87 1
24 89 1
24 115 1
24 118 1
24 132 1
24 145 1
24 170 1
24 204 1
24 236 1
24 237 1
24 261 1
24 268 1
24 277 1
24 315 1
24 381 1
24 382 1
24 403 1
24 409 1
24 436 1
24 470 1
24 488 1
24 545 1
24 564 1
24 594 1
24 679 1
24 732 1
25 42 1
25 55 1
25 64 1
25 66 1
25 77 1
25 80 1
25 90 1
25 91 1
25 110 1
25 112 1
25 115 1
25 118 1
25 120 1
25 128 1
25 141 1
25 149 1
25 159 1
25 161 1
25 171 1
25 196 1
25 207 1
25 252 1
25 297 1
25 302 1
25 307 1
25 313 1
25 333 1
25 355 1
25 356 1
25 377 1
25 386 1
25 414 1
25 422 1
25 439 1
25 442 1
25 467 1
25 509 1
25 543 1
25 618 1
25 622 1
25 658 1
25 715 1
25 736 1
25 742 1
26 31 1
26 39 1
26 71 1
26 103 1
26 106 1
26 142 1
26 171 1
26 222 1
26 231 1
26 273 1
26 363 1
26 377 1
26 388 1
26 501 1
26 502 1
26 595 1
26 693 1
26 761 1
26 785 1
26 794 1
27 35 1
27 42 1
27 46 1
27 102 1
27 121 1
27 181 1
27 342 1
27 384 1
27 522 1
27 648 1
27 669 1
27 703 1
27 725 1
27 797 1
28 29 1
28 31 1
28 34 1
28 36 1
28 44 1
28 52 1
28 59 1
28 63 1
28 72 1
28 88 1
28 113 1
28 118 1
28 130 1
28 137 1
28 158 1
28 176 1
28 211 1
28 220 1
28 228 1
28 256 1
28 300 1
28 308 1
28 384 1
28 402 1
28 408 1
28 409 1
28 414 1
28 418 1
28 425 1
28 524 1
28 548 1
28 608 1
28 798 1
29 84 1
29 107 1
29 190 1
29 305 1
29 349 1
29 373 1
29 495 1
29 561 1
30 46 1
30 82 1
30 169 1
30 250 1
30 258 1
30 273 1
30 363 1
30 527 1
31 37 1
31 51 1
31 54 1
31 55 1
31 89 1
31 111 1
31 137 1
31 169 1
31 212 1
31 256 1
31 293 1
31 317 1
31 585 1
31 597 1
31 744 1
32 76 1
32 80 1
32 105 1
32 109 1
32 127 1
32 141 1
32 146 1
32 151 1
32 197 1
32 198 1
32 199 1
32 220 1
32 226 1
32 242 1
32 245 1
32 246 1
32 282 1
32 337 1
32 391 1
32 397 1
32 488 1
32 521 1
32 570 1
32 629 1
32 716 1
32 734 1
32 741 1
33 49 1
33 81 1
33 214 1
33 308 1
33 667 1
33 731 1
33 783 1
33 797 1
34 56 1
34 104 1
34 120 1
34 123 1
34 164 1
34 173 1
34 234 1
34 277 1
34 338 1
34 361 1
34 380 1
34 496 1
34 754 1
35 67 1
35 70 1
35 75 1
35 85 1
35 94 1
35 100 1
35 107 1
35 113 1
35 123 1
35 134 1
35 146 1
35 148 1
35 189 1
35 193 1
35 205 1
35 209 1
35 239 1
35 252 1
35 256 1
35 266 1
35 279 1
35 286 1
35 315 1
35 344 1
35 345 1
35 347 1
35 358 1
35 383 1
35 384 1
35 429 1
35 439 1
35 443 1
35 448 1
35 455 1
35 461 1
35 474 1
35 506 1
35 531 1
35 543 1
35 561 1
35 603 1
35 607 1
35 620 1
35 628 1
35 632 1
35 643 1
35 655 1
35 763 1
35 800 1
36 40 1
36 43 1
36 132 1
36 145 1
36 221 1
36 241 1
36 256 1
36 313 1
36 329 1
36 458 1
36 489 1
36 536 1
37 40 1
37 55 1
37 110 1
37 112 1
37 116 1
37 182 1
37 253 1
37 260 1
37 324 1
37 497 1
37 546 1
37 565 1
37 589 1
37 593 1
37 653 1
37 727 1
38 44 1
38 53 1
38 90 1
38 111 1
38 128 1
38 153 1
38 154 1
38 167 1
38 266 1
38 323 1
38 356 1
38 426 1
38 558 1
38 576 1
38 703 1
39 41 1
39 82 1
39 87 1
39 108 1
39 136 1
39 159 1
39 177 1
39 257 1
39 295 1
39 309 1
39 406 1
39 444 1
39 458 1
39 539 1
39 642 1
39 654 1
39 707 1
39 752 1
39 780 1
40 44 1
40 112 1
40 129 1
40 191 1
40 241 1
40 347 1
40 348 1
40 382 1
40 489 1
40 596 1
41 165 1
41 168 1
41 178 1
41 182 1
41 328 1
41 480 1
41 508 1
41 587 1
41 596 1
41 646 1
41 697 1
41 709 1
42 60 1
42 113 1
42 140 1
42 187 1
42 237 1
42 250 1
42 255 1
42 322 1
42 323 1
42 325 1
42 411 1
42 442 1
42 459 1
42 503 1
42 519 1
42 612 1
42 795 1
43 61 1
43 79 1
43 83 1
43 145 1
43 151 1
43 152 1
43 156 1
43 276 1
43 290 1
43 294 1
43 509 1
43 696 1
43 710 1
43 756 1
44 56 1
44 143 1
44 161 1
44 170 1
44 189 1
44 192 1
44 230 1
44 241 1
44 352 1
44 358 1
44 382 1
44 437 1
44 558 1
44 561 1
44 655 1
44 673 1
44 703 1
44 788 1
45 109 1
45 131 1
45 217 1
45 360 1
45 399 1
45 536 1
45 542 1
45 575 1
45 639 1
45 659 1
45 687 1
45 690 1
46 53 1
46 56 1
46 60 1
46 104 1
46 179 1
46 190 1
46 272 1
46 283 1
46 292 1
46 483 1
46 514 1
46 571 1
46 714 1
46 766 1
47 58 1
47 92 1
47 214 1
47 254 1
47 310 1
47 329 1
47 330 1
47 378 1
47 429 1
47 739 1
48 97 1
48 166 1
48 527 1
49 65 1
49 84 1
49 95 1
49 126 1
49 138 1
49 174 1
49 242 1
49 248 1
49 279 1
49 281 1
49 287 1
49 298 1
49 303 1
49 451 1
49 483 1
49 570 1
49 590 1
49 665 1
49 731 1
50 58 1
50 70 1
50 130 1
50 175 1
50 192 1
50 369 1
50 488 1
50 585 1
50 619 1
50 663 1
51 101 1
51 196 1
51 233 1
51 362 1
51 424 1
51 433 1
51 480 1
51 538 1
51 545 1
51 597 1
51 677 1
51 720 1
51 796 1
52 72 1
52 79 1
52 83 1
52 119 1
52 133 1
52 181 1
52 211 1
52 269 1
52 297 1
52 317 1
52 318 1
52 365 1
52 383 1
52 399 1
52 414 1
52 425 1
52 439 1
52 447 1
52 459 1
52 493 1
52 651 1
52 698 1
52 784 1
53 54 1
53 57 1
53 60 1
53 63 1
53 66 1
53 78 1
53 86 1
53 88 1
53 105 1
53 176 1
53 187 1
53 211 1
53 229 1
53 239 1
53 249 1
53 375 1
53 386 1
53 388 1
53 395 1
53 430 1
53 444 1
53 453 1
53 461 1
53 465 1
53 476 1
53 500 1
53 544 1
53 555 1
53 578 1
53 583 1
53 617 1
53 634 1
53 675 1
53 682 1
53 707 1
54 185 1
54 202 1
54 317 1
54 684 1
55 303 1
56 63 1
56 73 1
56 152 1
56 170 1
56 247 1
56 287 1
56 292 1
56 440 1
56 480 1
56 627 1
57 75 1
57 89 1
57 222 1
57 312 1
57 360 1
57 456 1
58 84 1
58 108 1
58 136 1
58 142 1
58 268 1
58 341 1
58 414 1
58 512 1
58 758 1
59 61 1
59 62 1
59 69 1
59 109 1
59 122 1
59 188 1
59 210 1
59 215 1
59 258 1
59 423 1
59 522 1
60 230 1
60 283 1
60 417 1
60 461 1
60 516 1
60 548 1
60 792 1
61 84 1
61 85 1
61 97 1
61 117 1
61 136 1
61 190 1
61 309 1
61 350 1
61 501 1
61 529 1
61 568 1
61 637 1
61 661 1
61 702 1
61 740 1
62 96 1
62 409 1
62 454 1
62 472 1
62 755 1
63 144 1
63 161 1
63 172 1
63 195 1
63 202 1
63 207 1
63 211 1
63 216 1
63 246 1
63 247 1
63 259 1
63 272 1
63 301 1
63 320 1
63 397 1
63 423 1
63 524 1
63 529 1
63 546 1
63 648 1
63 668 1
63 722 1
63 727 1
63 739 1
63 744 1
64 86 1
64 149 1
64 158 1
64 257 1
64 327 1
64 418 1
64 464 1
64 472 1
64 555 1
64 645 1
64 662 1
64 747 1
64 749 1
64 792 1
65 143 1
65 172 1
65 364 1
65 383 1
65 391 1
65 413 1
65 451 1
65 621 1
65 759 1
66 106 1
66 162 1
66 213 1
66 280 1
66 296 1
66 368 1
66 554 1
66 726 1
67 271 1
67 278 1
67 710 1
67 726 1
68 72 1
68 78 1
68 126 1
68 277 1
68 563 1
69 81 1
69 109 1
69 135 1
69 160 1
69 205 1
69 216 1
69 239 1
69 267 1
69 292 1
69 352 1
69 429 1
69 492 1
69 500 1
69 656 1
69 728 1
69 790 1
70 165 1
70 361 1
70 748 1
71 102 1
71 116 1
71 164 1
71 327 1
71 746 1
72 111 1
72 126 1
72 127 1
72 263 1
72 340 1
72 454 1
72 598 1
73 82 1
73 97 1
73 195 1
73 207 1
73 229 1
73 266 1
73 390 1
73 662 1
74 139 1
74 204 1
74 409 1
75 107 1
75 119 1
75 131 1
75 133 1
75 148 1
75 197 1
75 227 1
75 247 1
75 275 1
75 312 1
75 313 1
75 353 1
75 366 1
75 370 1
75 373 1
75 395 1
75 417 1
75 544 1
76 77 1
76 375 1
76 416 1
76 612 1
76 679 1
77 91 1
77 104 1
77 122 1
77 149 1
77 168 1
77 175 1
77 218 1
77 227 1
77 268 1
77 290 1
77 305 1
77 307 1
77 329 1
77 332 1
77 340 1
77 357 1
77 394 1
77 446 1
77 604 1
77 644 1
77 707 1
77 743 1
77 786 1
77 788 1
78 93 1
78 149 1
78 250 1
78 274 1
78 321 1
78 341 1
78 366 1
78 369 1
78 372 1
78 557 1
78 569 1
78 604 1
78 745 1
78 774 1
79 83 1
80 223 1
80 700 1
81 128 1
81 151 1
81 278 1
81 288 1
81 290 1
81 314 1
81 350 1
81 464 1
81 671 1
82 98 1
82 760 1
83 279 1
83 634 1
83 776 1
84 138 1
84 150 1
84 169 1
84 235 1
84 418 1
84 467 1
84 571 1
84 599 1
85 312 1
85 321 1
85 345 1
85 685 1
86 87 1
86 88 1
86 93 1
86 97 1
86 99 1
86 140 1
86 197 1
86 234 1
86 328 1
86 381 1
86 620 1
86 686 1
86 694 1
86 712 1
87 169 1
87 171 1
87 191 1
87 223 1
87 236 1
87 244 1
87 295 1
87 298 1
87 303 1
87 318 1
87 356 1
87 410 1
87 450 1
87 551 1
87 568 1
88 500 1
88 572 1
88 620 1
89 91 1
89 100 1
89 103 1
89 106 1
89 254 1
89 324 1
89 351 1
89 435 1
89 442 1
89 470 1
89 554 1
89 718 1
90 145 1
90 180 1
90 203 1
90 473 1
90 514 1
90 530 1
90 546 1
90 735 1
91 337 1
91 445 1
93 99 1
93 138 1
93 205 1
93 431 1
93 466 1
93 507 1
93 540 1
93 610 1
93 797 1
94 101 1
94 155 1
94 198 1
94 253 1
94 284 1
94 316 1
94 324 1
94 335 1
94 376 1
94 398 1
94 401 1
94 463 1
94 550 1
94 603 1
94 606 1
94 649 1
94 740 1
95 121 1
95 144 1
95 154 1
95 183 1
95 216 1
95 369 1
95 406 1
95 534 1
95 538 1
95 577 1
96 103 1
96 114 1
96 215 1
96 505 1
96 517 1
97 132 1
97 141 1
97 160 1
97 228 1
97 498 1
97 753 1
98 115 1
98 167 1
98 214 1
98 244 1
98 333 1
98 582 1
99 111 1
99 142 1
99 163 1
99 168 1
99 209 1
99 252 1
99 254 1
99 353 1
99 405 1
99 407 1
99 457 1
99 615 1
99 656 1
99 701 1
99 774 1
99 782 1
99 786 1
100 238 1
100 284 1
100 323 1
100 343 1
100 358 1
100 421 1
100 449 1
100 501 1
100 640 1
100 752 1
100 783 1
101 460 1
101 680 1
102 103 1
102 126 1
102 134 1
102 201 1
102 220 1
102 245 1
102 270 1
102 278 1
102 322 1
102 441 1
102 464 1
102 557 1
102 664 1
102 666 1
102 674 1
102 706 1
102 767 1
103 125 1
103 285 1
103 513 1
103 628 1
104 237 1
104 259 1
104 308 1
104 706 1
104 758 1
105 140 1
105 525 1
105 556 1
106 246 1
106 280 1
106 768 1
107 323 1
107 377 1
107 564 1
107 705 1
108 125 1
108 157 1
108 177 1
108 354 1
108 376 1
108 447 1
108 477 1
108 501 1
108 553 1
108 657 1
108 661 1
108 724 1
108 793 1
109 156 1
109 195 1
109 229 1
109 242 1
109 273 1
109 304 1
109 358 1
109 492 1
109 540 1
109 597 1
109 776 1
110 582 1
110 659 1
111 114 1
111 146 1
111 178 1
111 421 1
111 457 1
111 494 1
111 508 1
111 588 1
111 636 1
112 121 1
112 182 1
112 186 1
112 221 1
112 305 1
112 448 1
112 504 1
112 593 1
112 611 1
112 633 1
112 723 1
113 194 1
113 233 1
113 273 1
113 302 1
113 431 1
114 117 1
114 180 1
114 208 1
114 349 1
114 477 1
114 553 1
114 636 1
115 134 1
115 231 1
115 244 1
115 459 1
115 715 1
116 497 1
116 661 1
117 135 1
117 181 1
117 291 1
118 139 1
119 180 1
119 255 1
120 218 1
120 468 1
120 554 1
120 582 1
120 635 1
121 150 1
121 186 1
121 379 1
121 526 1
121 702 1
122 163 1
122 296 1
122 325 1
122 393 1
123 157 1
123 223 1
123 293 1
123 496 1
123 593 1
123 616 1
124 137 1
124 389 1
124 417 1
124 563 1
124 589 1
125 225 1
125 604 1
125 677 1
125 713 1
126 148 1
126 188 1
126 218 1
126 334 1
126 340 1
126 386 1
126 419 1
126 721 1
127 129 1
128 133 1
128 173 1
128 228 1
128 240 1
128 262 1
128 372 1
128 387 1
128 510 1
128 567 1
128 713 1
128 723 1
128 748 1
128 772 1
129 690 1
130 157 1
130 175 1
130 191 1
130 208 1
130 311 1
130 335 1
130 387 1
130 526 1
130 584 1
130 632 1
130 657 1
130 684 1
130 796 1
131 135 1
131 274 1
131 279 1
131 351 1
132 265 1
133 173 1
133 183 1
133 248 1
133 678 1
133 720 1
133 799 1
134 193 1
134 200 1
134 306 1
134 798 1
135 207 1
135 579 1
135 701 1
135 768 1
136 357 1
136 579 1
136 591 1
136 643 1
136 793 1
137 139 1
137 167 1
137 176 1
137 183 1
137 304 1
137 532 1
137 779 1
138 230 1
138 431 1
138 524 1
138 716 1
138 746 1
140 178 1
140 316 1
140 326 1
140 342 1
140 412 1
140 599 1
140 654 1
140 671 1
140 737 1
141 164 1
141 168 1
141 179 1
141 196 1
141 261 1
141 299 1
141 465 1
141 476 1
141 502 1
141 585 1
141 623 1
142 291 1
142 513 1
143 158 1
143 165 1
143 196 1
143 262 1
143 550 1
143 682 1
143 729 1
143 730 1
143 789 1
144 666 1
145 153 1
145 188 1
145 192 1
145 260 1
145 476 1
145 556 1
145 714 1
146 248 1
146 383 1
146 567 1
146 589 1
146 606 1
146 655 1
147 153 1
147 242 1
147 271 1
147 400 1
147 428 1
147 618 1
147 647 1
148 328 1
148 398 1
148 412 1
148 495 1
149 411 1
150 155 1
150 208 1
150 212 1
150 457 1
150 566 1
150 605 1
150 719 1
150 757 1
151 176 1
151 355 1
151 394 1
151 565 1
151 572 1
151 612 1
151 710 1
152 181 1
152 240 1
152 263 1
152 276 1
152 362 1
152 580 1
152 609 1
152 760 1
153 430 1
153 471 1
154 183 1
154 219 1
154 245 1
154 248 1
154 259 1
154 407 1
154 450 1
154 495 1
154 528 1
154 563 1
154 599 1
154 670 1
155 197 1
155 420 1
155 757 1
156 159 1
156 200 1
156 336 1
156 341 1
156 347 1
156 351 1
156 446 1
156 619 1
156 732 1
157 216 1
157 219 1
157 339 1
157 375 1
157 389 1
157 406 1
157 657 1
158 172 1
158 221 1
158 479 1
158 556 1
158 578 1
158 602 1
158 610 1
158 653 1
159 195 1
159 278 1
159 449 1
160 209 1
160 334 1
160 424 1
160 462 1
160 494 1
160 583 1
160 740 1
161 234 1
161 469 1
161 551 1
162 479 1
162 500 1
162 511 1
162 530 1
162 533 1
162 627 1
162 711 1
162 733 1
162 775 1
163 455 1
164 238 1
164 453 1
164 522 1
164 560 1
164 701 1
164 760 1
165 210 1
165 267 1
165 283 1
165 401 1
165 433 1
165 456 1
165 586 1
166 362 1
166 485 1
166 527 1
167 231 1
167 402 1
167 502 1
167 520 1
169 555 1
169 697 1
170 372 1
170 470 1
170 561 1
170 770 1
171 288 1
171 371 1
171 378 1
171 581 1
171 599 1
171 662 1
171 666 1
172 238 1
172 370 1
172 479 1
172 485 1
172 496 1
172 594 1
172 766 1
173 204 1
173 287 1
173 320 1
173 671 1
173 683 1
173 754 1
174 219 1
174 400 1
174 505 1
174 535 1
174 732 1
175 185 1
175 268 1
175 317 1
175 411 1
175 415 1
175 559 1
175 695 1
176 225 1
176 252 1
176 451 1
176 693 1
177 289 1
177 294 1
177 333 1
177 392 1
177 516 1
177 591 1
177 791 1
178 365 1
178 419 1
178 445 1
178 642 1
179 280 1
179 334 1
179 747 1
179 750 1
180 329 1
180 335 1
180 437 1
181 412 1
181 447 1
181 592 1
181 609 1
182 213 1
182 214 1
182 422 1
182 427 1
182 488 1
183 416 1
183 445 1
183 695 1
183 705 1
183 728 1
184 304 1
184 311 1
184 513 1
184 562 1
184 602 1
184 608 1
186 277 1
187 364 1
187 483 1
187 544 1
187 566 1
187 787 1
188 289 1
188 598 1
188 631 1
188 681 1
188 691 1
189 270 1
189 360 1
189 447 1
189 522 1
189 598 1
189 695 1
190 473 1
190 506 1
190 638 1
191 231 1
191 357 1
191 450 1
191 650 1
191 681 1
191 773 1
192 300 1
192 333 1
192 413 1
192 454 1
192 491 1
192 750 1
192 788 1
193 217 1
193 475 1
193 696 1
193 761 1
193 787 1
194 298 1
194 446 1
194 558 1
194 576 1
194 586 1
194 683 1
194 743 1
194 789 1
195 225 1
195 241 1
195 314 1
195 357 1
195 714 1
195 753 1
196 478 1
196 562 1
197 390 1
197 391 1
197 506 1
198 324 1
198 398 1
198 458 1
198 494 1
198 608 1
198 719 1
199 226 1
199 243 1
199 287 1
199 320 1
199 520 1
199 777 1
200 294 1
200 299 1
200 336 1
200 348 1
201 289 1
201 315 1
201 704 1
201 746 1
201 770 1
203 298 1
203 309 1
203 557 1
203 581 1
203 699 1
203 762 1
204 243 1
204 245 1
204 322 1
204 326 1
204 401 1
204 491 1
204 684 1
204 731 1
204 743 1
206 232 1
206 343 1
206 709 1
206 734 1
207 669 1
208 227 1
208 566 1
208 624 1
208 716 1
209 282 1
209 434 1
209 512 1
209 565 1
209 580 1
209 586 1
209 607 1
210 284 1
210 507 1
210 644 1
210 773 1
211 281 1
211 438 1
211 524 1
211 709 1
211 758 1
212 224 1
212 301 1
213 269 1
213 355 1
213 368 1
213 370 1
213 385 1
213 439 1
213 474 1
213 549 1
213 552 1
213 682 1
213 704 1
214 222 1
214 254 1
214 267 1
214 360 1
214 595 1
214 634 1
215 235 1
215 255 1
215 305 1
215 342 1
216 709 1
217 516 1
217 551 1
217 553 1
217 567 1
217 659 1
217 720 1
217 729 1
218 262 1
218 359 1
218 498 1
218 555 1
219 263 1
219 283 1
219 290 1
219 306 1
219 367 1
219 431 1
219 554 1
219 587 1
219 629 1
219 662 1
219 721 1
219 735 1
219 771 1
220 232 1
220 495 1
220 580 1
220 734 1
220 740 1
220 762 1
220 776 1
221 285 1
221 292 1
221 651 1
222 352 1
223 465 1
223 520 1
224 381 1
225 237 1
226 255 1
226 307 1
226 337 1
226 391 1
228 496 1
228 641 1
228 799 1
230 397 1
230 630 1
231 261 1
231 265 1
231 339 1
231 416 1
231 463 1
231 533 1
231 613 1
233 251 1
233 581 1
233 725 1
234 697 1
235 267 1
235 635 1
235 754 1
236 400 1
237 294 1
238 670 1
239 276 1
239 361 1
239 420 1
239 733 1
239 799 1
240 316 1
240 413 1
241 421 1
241 535 1
241 643 1
242 350 1
242 772 1
243 677 1
244 531 1
245 261 1
245 319 1
245 393 1
245 440 1
245 706 1
246 398 1
246 646 1
246 674 1
246 686 1
247 379 1
247 434 1
247 436 1
247 596 1
248 547 1
249 301 1
249 331 1
249 344 1
249 408 1
249 503 1
249 512 1
249 516 1
249 583 1
249 737 1
250 373 1
250 396 1
252 274 1
252 346 1
252 400 1
252 779 1
253 309 1
253 675 1
253 742 1
255 346 1
255 482 1
255 484 1
255 519 1
255 587 1
255 657 1
255 694 1
255 782 1
257 280 1
257 405 1
257 428 1
257 573 1
257 647 1
257 666 1
258 366 1
258 499 1
258 674 1
259 346 1
259 426 1
259 460 1
259 712 1
260 367 1
260 424 1
260 668 1
261 262 1
261 798 1
262 634 1
264 316 1
264 355 1
264 364 1
264 435 1
264 450 1
264 475 1
264 499 1
264 508 1
264 659 1
265 288 1
265 410 1
265 438 1
265 577 1
265 641 1
265 652 1
265 759 1
266 326 1
266 345 1
266 575 1
267 511 1
267 544 1
268 354 1
268 394 1
268 421 1
269 441 1
269 533 1
269 664 1
269 687 1
269 694 1
269 766 1
269 794 1
271 274 1
271 297 1
271 410 1
271 452 1
271 484 1
271 532 1
271 605 1
271 619 1
272 312 1
272 354 1
272 663 1
272 668 1
273 590 1
274 308 1
274 513 1
274 676 1
275 387 1
275 419 1
275 543 1
275 631 1
276 641 1
277 478 1
277 575 1
277 755 1
278 286 1
279 518 1
282 339 1
282 487 1
282 606 1
282 672 1
282 765 1
283 402 1
284 517 1
284 548 1
285 435 1
286 381 1
286 404 1
286 430 1
286 448 1
286 549 1
286 652 1
287 394 1
288 291 1
289 314 1
289 509 1
289 770 1
290 438 1
290 509 1
291 412 1
291 800 1
293 374 1
293 694 1
294 467 1
294 644 1
295 478 1
295 489 1
296 344 1
296 410 1
297 299 1
297 427 1
297 685 1
298 334 1
298 651 1
299 445 1
299 460 1
299 498 1
300 654 1
300 685 1
301 331 1
302 322 1
302 344 1
302 404 1
302 423 1
302 432 1
302 590 1
302 621 1
302 652 1
302 722 1
303 384 1
303 405 1
303 515 1
304 633 1
305 452 1
306 411 1
306 577 1
306 595 1
307 348 1
307 476 1
307 600 1
307 630 1
307 780 1
308 404 1
308 698 1
309 363 1
309 433 1
309 772 1
310 339 1
310 523 1
311 449 1
311 618 1
311 701 1
312 403 1
313 528 1
313 616 1
313 729 1
314 374 1
317 463 1
319 364 1
319 382 1
319 572 1
320 359 1
320 602 1
320 622 1
321 492 1
322 413 1
322 415 1
322 611 1
322 665 1
324 469 1
325 327 1
325 371 1
325 379 1
325 490 1
325 503 1
325 548 1
325 550 1
325 715 1
326 433 1
326 594 1
328 499 1
329 529 1
329 623 1
329 667 1
330 405 1
330 422 1
330 543 1
330 688 1
330 781 1
331 363 1
331 378 1
331 395 1
331 430 1
331 497 1
331 617 1
332 528 1
332 783 1
334 625 1
334 730 1
335 378 1
335 510 1
335 584 1
335 630 1
335 637 1
336 691 1
337 692 1
337 750 1
338 392 1
338 468 1
339 559 1
339 626 1
340 436 1
340 642 1
340 675 1
341 536 1
342 407 1
342 434 1
342 763 1
343 377 1
343 432 1
343 515 1
343 605 1
343 680 1
344 399 1
344 444 1
344 502 1
345 471 1
345 531 1
345 625 1
345 635 1
345 698 1
345 762 1
346 751 1
347 370 1
347 462 1
348 401 1
348 426 1
348 521 1
348 614 1
348 627 1
348 639 1
348 648 1
348 686 1
349 362 1
349 564 1
351 466 1
353 395 1
353 477 1
353 578 1
354 359 1
354 559 1
354 713 1
355 563 1
356 650 1
357 564 1
357 773 1
358 365 1
358 661 1
359 396 1
359 791 1
360 641 1
361 779 1
363 559 1
363 633 1
363 646 1
365 392 1
365 504 1
365 604 1
366 665 1
367 456 1
367 776 1
369 432 1
369 615 1
369 656 1
369 720 1
370 541 1
371 600 1
371 713 1
372 667 1
372 728 1
372 767 1
373 458 1
373 660 1
374 755 1
375 623 1
377 399 1
377 570 1
379 397 1
379 469 1
379 526 1
379 550 1
379 600 1
379 777 1
380 479 1
380 705 1
381 473 1
383 570 1
384 688 1
387 408 1
387 601 1
388 426 1
388 526 1
388 530 1
388 679 1
389 456 1
389 552 1
389 786 1
390 415 1
390 525 1
390 562 1
390 651 1
393 472 1
393 594 1
393 678 1
394 407 1
394 669 1
394 764 1
395 649 1
396 642 1
397 469 1
397 610 1
398 517 1
398 717 1
399 457 1
399 486 1
399 494 1
399 503 1
399 540 1
399 574 1
399 722 1
399 741 1
400 499 1
400 515 1
400 616 1
400 793 1
402 474 1
402 696 1
403 534 1
403 573 1
404 514 1
407 545 1
408 480 1
409 772 1
410 679 1
410 686 1
410 778 1
410 780 1
410 795 1
411 453 1
411 756 1
412 471 1
412 482 1
414 547 1
414 612 1
414 683 1
415 435 1
415 576 1
416 498 1
416 587 1
419 481 1
419 510 1
421 515 1
421 784 1
422 454 1
424 566 1
425 504 1
425 511 1
425 541 1
425 667 1
425 728 1
426 436 1
426 576 1
426 590 1
426 621 1
426 664 1
427 437 1
428 541 1
428 684 1
429 506 1
429 673 1
429 758 1
431 521 1
432 538 1
432 636 1
433 591 1
433 771 1
434 557 1
434 569 1
434 618 1
434 745 1
435 441 1
435 676 1
435 765 1
436 521 1
436 574 1
437 778 1
438 461 1
438 490 1
438 569 1
438 646 1
438 658 1
439 624 1
440 486 1
440 762 1
441 683 1
442 625 1
443 514 1
443 607 1
443 736 1
444 487 1
444 519 1
445 539 1
445 574 1
447 615 1
448 592 1
449 755 1
450 475 1
450 690 1
451 779 1
453 493 1
453 518 1
453 574 1
453 579 1
454 689 1
454 753 1
455 512 1
455 700 1
456 753 1
457 465 1
457 721 1
458 486 1
458 497 1
458 517 1
458 744 1
459 536 1
462 525 1
466 593 1
466 730 1
467 700 1
467 741 1
468 510 1
468 614 1
470 689 1
473 490 1
474 737 1
475 578 1
475 787 1
478 485 1
478 558 1
478 794 1
479 481 1
479 737 1
479 764 1
480 796 1
481 562 1
481 687 1
481 712 1
482 553 1
482 598 1
484 537 1
486 520 1
491 534 1
491 639 1
491 747 1
496 523 1
496 547 1
498 711 1
499 717 1
499 781 1
500 542 1
500 603 1
500 660 1
502 729 1
503 654 1
505 518 1
509 682 1
511 775 1
513 552 1
514 656 1
514 765 1
515 626 1
516 708 1
519 537 1
519 606 1
522 695 1
523 691 1
524 551 1
525 626 1
526 542 1
526 565 1
526 769 1
528 721 1
531 704 1
536 549 1
536 611 1
536 800 1
538 622 1
539 699 1
539 727 1
540 608 1
541 738 1
542 795 1
546 552 1
546 756 1
551 647 1
551 698 1
551 745 1
552 668 1
553 584 1
555 764 1
556 680 1
557 601 1
557 699 1
557 790 1
558 677 1
559 567 1
560 628 1
560 759 1
561 621 1
562 588 1
562 692 1
568 614 1
568 637 1
568 722 1
569 671 1
569 795 1
572 617 1
572 624 1
572 739 1
575 693 1
575 702 1
578 769 1
579 596 1
582 595 1
582 617 1
582 658 1
587 632 1
588 675 1
590 680 1
590 744 1
590 747 1
591 643 1
594 601 1
595 649 1
595 790 1
599 623 1
600 645 1
601 652 1
603 660 1
605 746 1
605 775 1
606 670 1
609 760 1
612 638 1
612 774 1
613 670 1
615 774 1
617 718 1
617 734 1
618 678 1
618 791 1
619 620 1
619 727 1
620 736 1
621 664 1
621 723 1
622 681 1
623 743 1
625 712 1
625 725 1
636 687 1
637 785 1
641 692 1
642 751 1
642 769 1
643 790 1
646 692 1
646 723 1
647 715 1
648 658 1
651 742 1
659 777 1
662 754 1
665 759 1
666 688 1
667 765 1
668 782 1
673 763 1
677 733 1
684 706 1
686 756 1
687 778 1
687 794 1
690 748 1
690 764 1
692 771 1
692 773 1
692 784 1
696 708 1
700 710 1
700 724 1
700 800 1
701 724 1
702 711 1
702 733 1
704 732 1
707 783 1
708 735 1
709 717 1
712 751 1
713 719 1
713 757 1
715 781 1
739 797 1
744 781 1
747 749 1
755 789 1
755 791 1
772 780 1
780 787 1
783 799 1
