300 1184 
1 5 1
1 6 1
1 7 1
1 8 1
1 9 1
1 18 1
1 23 1
1 30 1
1 31 1
1 33 1
1 38 1
1 39 1
1 41 1
1 42 1
1 44 1
1 47 1
1 53 1
1 56 1
1 60 1
1 86 1
1 97 1
1 106 1
1 110 1
1 112 1
1 124 1
1 130 1
1 138 1
1 154 1
1 155 1
1 158 1
1 164 1
1 181 1
1 190 1
1 201 1
1 217 1
1 233 1
1 272 1
1 285 1
2 5 1
2 7 1
2 8 1
2 9 1
2 10 1
2 13 1
2 16 1
2 17 1
2 22 1
2 26 1
2 27 1
2 38 1
2 54 1
2 66 1
2 83 1
2 132 1
2 138 1
2 156 1
2 161 1
2 177 1
2 202 1
2 211 1
2 215 1
2 233 1
2 236 1
2 239 1
2 250 1
2 300 1
3 5 1
3 6 1
3 7 1
3 9 1
3 11 1
3 16 1
3 17 1
3 18 1
3 21 1
3 25 1
3 26 1
3 27 1
3 29 1
3 36 1
3 37 1
3 43 1
3 61 1
3 63 1
3 64 1
3 68 1
3 73 1
3 81 1
3 93 1
3 98 1
3 103 1
3 107 1
3 115 1
3 116 1
3 118 1
3 119 1
3 126 1
3 139 1
3 140 1
3 145 1
3 165 1
3 167 1
3 168 1
3 176 1
3 181 1
3 205 1
3 217 1
3 218 1
3 231 1
3 253 1
3 263 1
3 270 1
3 275 1
3 298 1
4 5 1
4 6 1
4 8 1
4 9 1
4 14 1
4 15 1
4 18 1
4 25 1
4 26 1
4 29 1
4 34 1
4 40 1
4 58 1
4 74 1
4 88 1
4 90 1
4 97 1
4 107 1
4 108 1
4 142 1
4 143 1
4 148 1
4 194 1
4 203 1
4 204 1
4 212 1
4 221 1
4 228 1
4 232 1
4 242 1
4 261 1
4 290 1
5 6 1
5 13 1
5 16 1
5 24 1
5 30 1
5 31 1
5 32 1
5 45 1
5 46 1
5 47 1
5 52 1
5 58 1
5 61 1
5 66 1
5 73 1
5 75 1
5 83 1
5 90 1
5 102 1
5 112 1
5 114 1
5 119 1
5 191 1
5 226 1
5 227 1
5 253 1
5 254 1
5 262 1
6 7 1
6 8 1
6 10 1
6 11 1
6 12 1
6 13 1
6 17 1
6 18 1
6 19 1
6 22 1
6 42 1
6 50 1
6 55 1
6 59 1
6 62 1
6 63 1
6 67 1
6 77 1
6 99 1
6 102 1
6 120 1
6 148 1
6 160 1
6 209 1
6 222 1
6 238 1
6 275 1
7 11 1
7 13 1
7 14 1
7 15 1
7 17 1
7 19 1
7 24 1
7 27 1
7 28 1
7 35 1
7 36 1
7 42 1
7 44 1
7 46 1
7 48 1
7 50 1
7 61 1
7 64 1
7 69 1
7 78 1
7 96 1
7 99 1
7 105 1
7 106 1
7 115 1
7 117 1
7 123 1
7 126 1
7 133 1
7 168 1
7 171 1
7 177 1
7 192 1
7 229 1
7 230 1
7 285 1
7 299 1
8 10 1
8 11 1
8 25 1
8 33 1
8 87 1
8 91 1
8 94 1
8 103 1
8 142 1
8 161 1
8 169 1
8 178 1
8 212 1
8 225 1
9 10 1
9 12 1
9 14 1
9 21 1
9 23 1
9 24 1
9 31 1
9 35 1
9 41 1
9 45 1
9 46 1
9 50 1
9 51 1
9 60 1
9 68 1
9 71 1
9 72 1
9 87 1
9 113 1
9 114 1
9 120 1
9 146 1
9 155 1
9 156 1
9 161 1
9 187 1
9 196 1
9 197 1
9 199 1
9 204 1
9 226 1
9 242 1
9 249 1
9 252 1
9 255 1
9 262 1
9 278 1
9 287 1
10 12 1
10 14 1
10 15 1
10 16 1
10 87 1
10 96 1
10 124 1
10 125 1
10 137 1
10 157 1
10 176 1
10 178 1
10 220 1
10 233 1
10 246 1
10 266 1
11 12 1
11 15 1
11 29 1
11 57 1
11 83 1
11 140 1
11 189 1
11 195 1
11 202 1
11 216 1
11 229 1
11 244 1
11 245 1
11 264 1
11 298 1
11 299 1
12 40 1
12 43 1
12 53 1
12 101 1
12 114 1
12 141 1
12 154 1
12 167 1
12 180 1
12 200 1
12 223 1
12 226 1
12 258 1
13 21 1
13 22 1
13 23 1
13 25 1
13 39 1
13 49 1
13 68 1
13 82 1
13 128 1
13 179 1
13 223 1
13 243 1
13 257 1
13 270 1
13 282 1
14 20 1
14 134 1
14 174 1
14 216 1
14 235 1
14 288 1
15 193 1
15 275 1
15 277 1
16 19 1
16 20 1
16 30 1
16 33 1
16 48 1
16 59 1
16 65 1
16 70 1
16 73 1
16 127 1
16 128 1
16 135 1
16 141 1
16 154 1
16 171 1
16 173 1
16 185 1
16 253 1
16 289 1
17 27 1
17 28 1
17 34 1
17 37 1
17 39 1
17 55 1
17 116 1
17 148 1
17 170 1
17 172 1
17 187 1
17 213 1
17 218 1
17 227 1
17 236 1
17 282 1
18 19 1
18 20 1
18 34 1
18 35 1
18 37 1
18 40 1
18 47 1
18 54 1
18 57 1
18 65 1
18 71 1
18 75 1
18 102 1
18 112 1
18 122 1
18 156 1
18 167 1
18 244 1
18 246 1
18 247 1
18 256 1
18 269 1
18 277 1
18 286 1
18 292 1
19 20 1
19 21 1
19 36 1
19 46 1
19 48 1
19 78 1
19 86 1
19 92 1
19 143 1
19 183 1
19 184 1
20 44 1
20 65 1
20 110 1
20 123 1
20 125 1
20 142 1
20 186 1
20 230 1
20 288 1
21 22 1
21 28 1
21 29 1
21 38 1
21 45 1
21 52 1
21 54 1
21 80 1
21 82 1
21 85 1
21 89 1
21 92 1
21 104 1
21 121 1
21 124 1
21 130 1
21 131 1
21 177 1
21 184 1
21 205 1
21 209 1
21 220 1
21 221 1
21 247 1
21 256 1
22 23 1
22 24 1
22 26 1
22 32 1
22 49 1
22 56 1
22 76 1
22 80 1
22 88 1
22 95 1
22 98 1
22 110 1
22 139 1
22 152 1
22 163 1
22 191 1
22 208 1
22 241 1
23 30 1
23 31 1
23 60 1
23 101 1
23 107 1
23 113 1
23 258 1
23 276 1
24 28 1
24 32 1
24 33 1
24 41 1
24 110 1
24 205 1
24 220 1
24 222 1
24 284 1
24 295 1
25 41 1
25 47 1
25 70 1
25 81 1
25 113 1
25 183 1
25 190 1
25 198 1
25 203 1
25 219 1
25 232 1
25 254 1
25 268 1
25 290 1
25 292 1
26 64 1
26 72 1
26 76 1
26 267 1
27 32 1
27 53 1
27 56 1
27 59 1
27 68 1
27 80 1
27 94 1
27 104 1
27 121 1
27 127 1
27 134 1
27 141 1
27 147 1
27 161 1
27 164 1
27 172 1
27 204 1
27 221 1
27 232 1
28 35 1
28 36 1
28 42 1
28 43 1
28 48 1
28 57 1
28 65 1
28 74 1
28 76 1
28 77 1
28 100 1
28 103 1
28 131 1
28 162 1
28 169 1
28 201 1
28 245 1
28 286 1
28 294 1
29 38 1
29 44 1
29 79 1
29 97 1
29 115 1
29 197 1
29 271 1
30 40 1
30 50 1
30 58 1
30 60 1
30 69 1
30 81 1
30 85 1
30 112 1
30 118 1
30 127 1
30 134 1
30 159 1
30 188 1
30 243 1
30 244 1
30 249 1
30 282 1
31 70 1
31 175 1
31 198 1
31 234 1
31 272 1
32 106 1
32 182 1
33 34 1
33 39 1
33 86 1
33 88 1
33 92 1
33 129 1
33 142 1
33 203 1
33 279 1
34 166 1
35 49 1
35 52 1
35 105 1
35 138 1
36 37 1
36 51 1
36 52 1
36 61 1
36 62 1
36 96 1
36 115 1
36 146 1
36 173 1
36 181 1
36 198 1
36 224 1
36 261 1
37 76 1
37 150 1
38 62 1
38 63 1
38 66 1
38 86 1
38 91 1
38 101 1
38 135 1
38 170 1
38 186 1
38 236 1
38 241 1
38 281 1
38 293 1
38 300 1
39 53 1
39 72 1
39 73 1
39 175 1
39 182 1
39 185 1
39 200 1
39 211 1
39 214 1
40 43 1
40 56 1
40 79 1
40 80 1
40 84 1
40 218 1
40 238 1
40 268 1
41 45 1
41 59 1
41 67 1
41 71 1
41 99 1
41 104 1
41 123 1
41 147 1
41 201 1
41 215 1
41 225 1
41 228 1
41 241 1
41 248 1
41 257 1
41 263 1
41 283 1
41 292 1
42 49 1
42 94 1
42 109 1
42 199 1
43 51 1
43 74 1
43 77 1
43 90 1
43 127 1
43 132 1
43 136 1
43 195 1
43 210 1
43 284 1
43 295 1
44 111 1
44 114 1
44 162 1
44 180 1
44 248 1
44 263 1
44 294 1
44 297 1
45 66 1
45 71 1
45 102 1
45 133 1
45 162 1
45 183 1
45 278 1
46 67 1
46 87 1
47 54 1
47 79 1
47 83 1
47 120 1
47 169 1
47 184 1
48 51 1
48 55 1
48 85 1
48 95 1
48 111 1
48 133 1
48 143 1
48 186 1
48 190 1
48 255 1
49 55 1
49 64 1
49 172 1
49 178 1
49 193 1
49 230 1
49 240 1
50 57 1
50 78 1
50 84 1
50 105 1
50 109 1
50 111 1
50 153 1
50 159 1
50 192 1
50 260 1
52 85 1
52 89 1
52 128 1
52 132 1
52 135 1
52 149 1
52 153 1
52 169 1
52 175 1
53 108 1
53 121 1
53 130 1
53 208 1
53 251 1
54 137 1
55 58 1
55 67 1
55 75 1
55 89 1
55 119 1
55 129 1
55 138 1
55 143 1
55 144 1
55 160 1
55 166 1
55 227 1
55 231 1
55 243 1
55 246 1
55 276 1
56 99 1
56 176 1
57 84 1
57 140 1
57 187 1
57 188 1
57 189 1
57 219 1
58 113 1
58 172 1
58 179 1
58 283 1
58 286 1
59 231 1
60 72 1
60 93 1
60 96 1
60 132 1
60 168 1
60 187 1
61 62 1
61 63 1
61 69 1
61 70 1
61 82 1
61 90 1
61 151 1
61 157 1
61 232 1
61 279 1
62 100 1
62 293 1
63 93 1
63 159 1
63 183 1
63 270 1
63 297 1
64 104 1
64 137 1
64 246 1
65 129 1
65 196 1
65 212 1
65 224 1
65 226 1
65 263 1
65 287 1
66 82 1
66 234 1
66 273 1
67 220 1
67 223 1
67 276 1
68 69 1
69 84 1
69 151 1
69 219 1
69 249 1
69 255 1
69 256 1
70 77 1
70 150 1
70 152 1
71 75 1
71 78 1
71 81 1
71 88 1
71 120 1
71 122 1
71 125 1
71 131 1
71 253 1
71 265 1
71 273 1
71 283 1
71 298 1
72 155 1
72 210 1
73 74 1
73 100 1
73 116 1
73 145 1
73 213 1
73 261 1
73 264 1
74 93 1
74 152 1
74 208 1
74 214 1
75 121 1
75 174 1
75 264 1
75 296 1
76 79 1
76 95 1
76 107 1
76 174 1
76 178 1
76 228 1
76 252 1
77 95 1
77 123 1
77 124 1
77 128 1
77 146 1
77 150 1
77 152 1
77 156 1
77 160 1
77 165 1
77 194 1
77 216 1
77 242 1
77 248 1
78 225 1
80 151 1
80 170 1
80 222 1
80 260 1
80 281 1
81 117 1
81 251 1
82 100 1
82 101 1
82 116 1
82 136 1
82 144 1
82 158 1
82 165 1
82 213 1
82 237 1
82 265 1
82 277 1
83 91 1
83 119 1
83 144 1
83 146 1
83 157 1
83 176 1
83 180 1
83 189 1
83 206 1
83 265 1
84 91 1
84 164 1
84 229 1
84 249 1
84 262 1
84 291 1
85 164 1
86 89 1
86 92 1
86 122 1
86 136 1
86 212 1
87 94 1
87 160 1
87 166 1
88 182 1
88 192 1
89 117 1
89 125 1
89 139 1
89 149 1
89 206 1
90 103 1
90 203 1
90 233 1
91 250 1
92 106 1
92 109 1
92 111 1
92 136 1
92 145 1
92 149 1
92 185 1
92 257 1
93 97 1
93 108 1
93 155 1
93 170 1
93 190 1
93 237 1
93 247 1
93 287 1
94 98 1
94 140 1
94 192 1
94 205 1
94 213 1
94 240 1
95 98 1
95 158 1
96 105 1
96 163 1
96 195 1
96 240 1
96 273 1
97 109 1
97 191 1
97 281 1
98 131 1
98 145 1
99 154 1
99 197 1
100 130 1
100 134 1
100 163 1
100 185 1
100 199 1
100 214 1
100 251 1
100 279 1
101 122 1
102 188 1
102 278 1
103 179 1
104 139 1
104 151 1
104 280 1
105 108 1
105 135 1
105 144 1
105 207 1
105 299 1
106 153 1
107 157 1
107 174 1
107 201 1
107 221 1
108 166 1
108 200 1
108 208 1
109 133 1
109 239 1
110 118 1
110 179 1
110 234 1
111 173 1
113 117 1
113 141 1
113 168 1
113 271 1
113 290 1
113 296 1
114 137 1
116 118 1
116 259 1
116 262 1
116 269 1
117 171 1
117 291 1
118 167 1
118 217 1
118 259 1
119 126 1
119 182 1
119 258 1
119 265 1
120 267 1
121 153 1
121 237 1
121 296 1
123 129 1
123 162 1
123 165 1
123 199 1
123 260 1
124 126 1
124 177 1
124 206 1
124 207 1
124 228 1
124 267 1
125 214 1
125 267 1
126 204 1
128 186 1
128 273 1
129 207 1
129 210 1
129 279 1
130 198 1
130 247 1
130 285 1
132 148 1
132 149 1
132 210 1
132 222 1
132 252 1
132 272 1
132 289 1
133 235 1
133 272 1
133 298 1
134 202 1
135 147 1
135 175 1
135 209 1
135 218 1
135 283 1
136 236 1
136 240 1
136 297 1
137 268 1
140 159 1
140 189 1
140 239 1
140 243 1
141 211 1
142 147 1
142 195 1
142 293 1
144 280 1
146 150 1
148 158 1
148 282 1
151 194 1
151 271 1
151 287 1
152 171 1
154 255 1
154 258 1
154 261 1
154 266 1
155 280 1
156 173 1
156 184 1
156 188 1
156 194 1
156 197 1
156 209 1
156 215 1
160 163 1
160 241 1
162 180 1
162 217 1
162 238 1
163 193 1
164 193 1
165 225 1
165 244 1
165 257 1
165 266 1
165 276 1
165 289 1
165 296 1
169 196 1
169 238 1
169 268 1
170 260 1
171 181 1
173 223 1
173 259 1
173 300 1
174 242 1
175 224 1
176 200 1
180 235 1
181 196 1
181 206 1
182 191 1
182 250 1
182 300 1
186 285 1
187 202 1
187 219 1
188 251 1
191 299 1
194 256 1
195 216 1
195 254 1
196 229 1
196 271 1
199 227 1
204 248 1
204 270 1
206 207 1
207 224 1
208 215 1
210 211 1
210 234 1
211 264 1
211 297 1
213 277 1
215 245 1
216 230 1
220 245 1
224 274 1
224 284 1
225 237 1
225 269 1
230 231 1
234 235 1
234 259 1
234 295 1
237 239 1
237 252 1
237 269 1
237 288 1
242 274 1
244 274 1
245 254 1
248 292 1
249 250 1
250 293 1
251 275 1
252 274 1
253 280 1
254 291 1
255 266 1
256 286 1
257 284 1
265 289 1
266 278 1
267 288 1
273 291 1
274 290 1
276 281 1
283 295 1
284 294 1
285 294 1
