900 3584 
1 5 1
1 7 1
1 8 1
1 9 1
1 11 1
1 14 1
1 15 1
1 24 1
1 39 1
1 44 1
1 82 1
1 99 1
1 110 1
1 112 1
1 115 1
1 134 1
1 161 1
1 173 1
1 177 1
1 219 1
1 224 1
1 273 1
1 282 1
1 303 1
1 340 1
1 387 1
1 407 1
1 445 1
1 458 1
1 481 1
1 533 1
1 576 1
1 590 1
1 619 1
1 747 1
1 782 1
1 785 1
1 789 1
1 829 1
1 871 1
2 5 1
2 6 1
2 19 1
2 100 1
2 104 1
2 137 1
2 148 1
2 182 1
2 192 1
2 472 1
2 510 1
2 548 1
2 559 1
2 641 1
2 677 1
2 877 1
3 5 1
3 6 1
3 7 1
3 8 1
3 9 1
3 12 1
3 15 1
3 16 1
3 18 1
3 20 1
3 22 1
3 28 1
3 30 1
3 31 1
3 34 1
3 36 1
3 45 1
3 53 1
3 54 1
3 55 1
3 56 1
3 60 1
3 68 1
3 71 1
3 72 1
3 74 1
3 76 1
3 88 1
3 92 1
3 95 1
3 105 1
3 113 1
3 116 1
3 132 1
3 138 1
3 142 1
3 148 1
3 150 1
3 151 1
3 153 1
3 163 1
3 172 1
3 175 1
3 177 1
3 184 1
3 193 1
3 208 1
3 234 1
3 240 1
3 242 1
3 269 1
3 275 1
3 285 1
3 286 1
3 315 1
3 320 1
3 329 1
3 346 1
3 354 1
3 377 1
3 382 1
3 383 1
3 388 1
3 399 1
3 400 1
3 431 1
3 432 1
3 433 1
3 436 1
3 450 1
3 471 1
3 521 1
3 585 1
3 588 1
3 614 1
3 617 1
3 620 1
3 626 1
3 628 1
3 663 1
3 665 1
3 666 1
3 725 1
3 760 1
3 762 1
3 770 1
3 796 1
3 830 1
3 834 1
3 837 1
3 849 1
3 865 1
4 5 1
4 6 1
4 8 1
4 9 1
4 10 1
4 14 1
4 16 1
4 19 1
4 25 1
4 26 1
4 27 1
4 29 1
4 38 1
4 41 1
4 42 1
4 46 1
4 56 1
4 60 1
4 65 1
4 85 1
4 104 1
4 111 1
4 112 1
4 117 1
4 118 1
4 119 1
4 120 1
4 122 1
4 140 1
4 157 1
4 159 1
4 160 1
4 166 1
4 170 1
4 171 1
4 200 1
4 214 1
4 221 1
4 234 1
4 236 1
4 241 1
4 244 1
4 283 1
4 294 1
4 303 1
4 309 1
4 311 1
4 313 1
4 318 1
4 345 1
4 381 1
4 396 1
4 441 1
4 475 1
4 492 1
4 510 1
4 535 1
4 560 1
4 565 1
4 578 1
4 580 1
4 588 1
4 611 1
4 639 1
4 661 1
4 686 1
4 722 1
4 729 1
4 742 1
4 750 1
4 770 1
4 776 1
4 811 1
4 819 1
4 836 1
4 861 1
4 862 1
4 873 1
5 6 1
5 7 1
5 9 1
5 13 1
5 14 1
5 17 1
5 18 1
5 22 1
5 23 1
5 24 1
5 27 1
5 56 1
5 62 1
5 69 1
5 73 1
5 76 1
5 84 1
5 87 1
5 90 1
5 92 1
5 108 1
5 118 1
5 128 1
5 129 1
5 132 1
5 139 1
5 161 1
5 181 1
5 197 1
5 236 1
5 261 1
5 293 1
5 306 1
5 318 1
5 362 1
5 365 1
5 410 1
5 444 1
5 470 1
5 512 1
5 516 1
5 517 1
5 518 1
5 526 1
5 552 1
5 618 1
5 619 1
5 692 1
5 826 1
5 828 1
5 858 1
5 895 1
6 7 1
6 8 1
6 10 1
6 11 1
6 12 1
6 16 1
6 17 1
6 18 1
6 24 1
6 27 1
6 29 1
6 32 1
6 35 1
6 36 1
6 40 1
6 48 1
6 49 1
6 52 1
6 55 1
6 59 1
6 65 1
6 70 1
6 83 1
6 85 1
6 91 1
6 106 1
6 113 1
6 116 1
6 119 1
6 133 1
6 142 1
6 150 1
6 155 1
6 162 1
6 168 1
6 174 1
6 179 1
6 180 1
6 191 1
6 192 1
6 211 1
6 212 1
6 215 1
6 218 1
6 239 1
6 263 1
6 266 1
6 269 1
6 272 1
6 274 1
6 280 1
6 283 1
6 301 1
6 302 1
6 304 1
6 334 1
6 336 1
6 366 1
6 388 1
6 417 1
6 427 1
6 440 1
6 441 1
6 450 1
6 473 1
6 482 1
6 502 1
6 505 1
6 515 1
6 529 1
6 553 1
6 587 1
6 606 1
6 636 1
6 642 1
6 648 1
6 652 1
6 659 1
6 723 1
6 768 1
6 801 1
6 804 1
6 829 1
6 867 1
6 889 1
6 893 1
6 896 1
7 11 1
7 12 1
7 17 1
7 40 1
7 58 1
7 63 1
7 64 1
7 66 1
7 75 1
7 82 1
7 94 1
7 99 1
7 112 1
7 121 1
7 136 1
7 145 1
7 172 1
7 188 1
7 191 1
7 201 1
7 206 1
7 223 1
7 228 1
7 252 1
7 265 1
7 279 1
7 362 1
7 419 1
7 425 1
7 493 1
7 567 1
7 585 1
7 596 1
7 609 1
7 615 1
7 673 1
7 739 1
7 788 1
7 794 1
8 10 1
8 13 1
8 15 1
8 20 1
8 21 1
8 31 1
8 35 1
8 37 1
8 40 1
8 45 1
8 53 1
8 95 1
8 108 1
8 143 1
8 160 1
8 195 1
8 251 1
8 313 1
8 349 1
8 390 1
8 391 1
8 393 1
8 400 1
8 461 1
8 462 1
8 495 1
8 500 1
8 607 1
8 626 1
8 633 1
8 661 1
8 760 1
8 808 1
8 838 1
8 883 1
9 10 1
9 11 1
9 12 1
9 13 1
9 16 1
9 18 1
9 21 1
9 27 1
9 31 1
9 35 1
9 41 1
9 44 1
9 48 1
9 53 1
9 92 1
9 95 1
9 109 1
9 110 1
9 127 1
9 135 1
9 146 1
9 147 1
9 150 1
9 152 1
9 168 1
9 176 1
9 178 1
9 192 1
9 194 1
9 202 1
9 215 1
9 223 1
9 225 1
9 248 1
9 262 1
9 328 1
9 402 1
9 489 1
9 510 1
9 548 1
9 562 1
9 571 1
9 632 1
9 638 1
9 655 1
9 660 1
9 665 1
9 668 1
9 705 1
9 706 1
9 733 1
9 736 1
9 768 1
9 783 1
10 13 1
10 14 1
10 22 1
10 42 1
10 48 1
10 54 1
10 61 1
10 62 1
10 115 1
10 117 1
10 119 1
10 124 1
10 196 1
10 224 1
10 241 1
10 243 1
10 285 1
10 301 1
10 313 1
10 324 1
10 342 1
10 374 1
10 378 1
10 382 1
10 465 1
10 467 1
10 525 1
10 544 1
10 566 1
10 604 1
10 657 1
10 685 1
10 746 1
10 793 1
10 798 1
10 862 1
11 17 1
11 21 1
11 23 1
11 25 1
11 33 1
11 34 1
11 41 1
11 43 1
11 58 1
11 60 1
11 65 1
11 66 1
11 67 1
11 74 1
11 77 1
11 83 1
11 94 1
11 96 1
11 121 1
11 123 1
11 126 1
11 135 1
11 138 1
11 154 1
11 157 1
11 160 1
11 164 1
11 172 1
11 173 1
11 190 1
11 195 1
11 200 1
11 202 1
11 214 1
11 217 1
11 250 1
11 261 1
11 263 1
11 267 1
11 286 1
11 290 1
11 308 1
11 360 1
11 373 1
11 432 1
11 447 1
11 448 1
11 497 1
11 503 1
11 549 1
11 551 1
11 557 1
11 567 1
11 569 1
11 573 1
11 582 1
11 592 1
11 636 1
11 673 1
11 690 1
11 717 1
11 724 1
11 745 1
11 772 1
11 815 1
11 818 1
11 819 1
11 835 1
11 860 1
11 883 1
12 19 1
12 24 1
12 32 1
12 37 1
12 42 1
12 51 1
12 77 1
12 78 1
12 135 1
12 179 1
12 198 1
12 237 1
12 240 1
12 314 1
12 366 1
12 396 1
12 399 1
12 403 1
12 406 1
12 418 1
12 467 1
12 477 1
12 543 1
12 604 1
12 620 1
12 621 1
12 623 1
12 638 1
12 656 1
12 787 1
12 822 1
12 879 1
12 890 1
13 28 1
13 43 1
13 47 1
13 50 1
13 61 1
13 87 1
13 109 1
13 118 1
13 124 1
13 128 1
13 159 1
13 165 1
13 185 1
13 208 1
13 217 1
13 252 1
13 404 1
13 428 1
13 445 1
13 484 1
13 525 1
13 665 1
13 667 1
13 752 1
13 843 1
14 15 1
14 29 1
14 43 1
14 73 1
14 98 1
14 125 1
14 179 1
14 186 1
14 205 1
14 228 1
14 257 1
14 270 1
14 379 1
14 461 1
14 469 1
14 507 1
14 525 1
14 539 1
14 580 1
14 596 1
14 633 1
14 705 1
14 727 1
14 749 1
14 830 1
14 833 1
14 878 1
14 890 1
15 25 1
15 26 1
15 42 1
15 58 1
15 85 1
15 131 1
15 133 1
15 176 1
15 245 1
15 278 1
15 427 1
15 548 1
15 684 1
15 688 1
16 20 1
16 21 1
16 26 1
16 31 1
16 32 1
16 34 1
16 36 1
16 37 1
16 50 1
16 67 1
16 72 1
16 78 1
16 88 1
16 89 1
16 91 1
16 96 1
16 125 1
16 142 1
16 198 1
16 216 1
16 233 1
16 254 1
16 256 1
16 265 1
16 286 1
16 296 1
16 305 1
16 308 1
16 355 1
16 364 1
16 374 1
16 383 1
16 407 1
16 420 1
16 455 1
16 490 1
16 521 1
16 523 1
16 558 1
16 622 1
16 639 1
16 647 1
16 661 1
16 666 1
16 718 1
16 789 1
16 823 1
16 836 1
16 870 1
17 22 1
17 25 1
17 30 1
17 47 1
17 52 1
17 57 1
17 62 1
17 64 1
17 68 1
17 71 1
17 81 1
17 89 1
17 103 1
17 104 1
17 117 1
17 121 1
17 123 1
17 137 1
17 138 1
17 145 1
17 152 1
17 175 1
17 189 1
17 220 1
17 226 1
17 227 1
17 239 1
17 253 1
17 282 1
17 297 1
17 302 1
17 368 1
17 414 1
17 422 1
17 454 1
17 463 1
17 470 1
17 509 1
17 511 1
17 527 1
17 541 1
17 555 1
17 568 1
17 597 1
17 610 1
17 620 1
17 667 1
17 669 1
17 718 1
17 754 1
17 792 1
17 803 1
18 19 1
18 20 1
18 38 1
18 39 1
18 49 1
18 55 1
18 59 1
18 62 1
18 66 1
18 69 1
18 75 1
18 76 1
18 81 1
18 90 1
18 100 1
18 106 1
18 111 1
18 114 1
18 123 1
18 134 1
18 137 1
18 143 1
18 169 1
18 209 1
18 227 1
18 236 1
18 261 1
18 284 1
18 320 1
18 329 1
18 341 1
18 343 1
18 346 1
18 350 1
18 389 1
18 394 1
18 408 1
18 497 1
18 515 1
18 518 1
18 544 1
18 643 1
18 658 1
18 676 1
18 678 1
18 713 1
18 755 1
18 758 1
18 809 1
18 898 1
19 23 1
19 32 1
19 44 1
19 49 1
19 99 1
19 100 1
19 136 1
19 165 1
19 193 1
19 250 1
19 284 1
19 358 1
19 361 1
19 431 1
19 459 1
19 460 1
19 464 1
19 472 1
19 575 1
19 669 1
19 677 1
19 872 1
19 875 1
19 900 1
20 28 1
20 30 1
20 34 1
20 60 1
20 97 1
20 108 1
20 156 1
20 181 1
20 235 1
20 294 1
20 413 1
20 417 1
20 433 1
20 468 1
20 643 1
20 681 1
20 684 1
20 758 1
20 828 1
21 26 1
21 38 1
21 70 1
21 86 1
21 93 1
21 97 1
21 114 1
21 176 1
21 270 1
21 272 1
21 277 1
21 296 1
21 542 1
21 543 1
21 689 1
21 698 1
21 769 1
21 804 1
21 838 1
21 848 1
21 886 1
22 23 1
22 29 1
22 33 1
22 43 1
22 59 1
22 67 1
22 77 1
22 82 1
22 84 1
22 107 1
22 141 1
22 156 1
22 158 1
22 162 1
22 204 1
22 251 1
22 253 1
22 278 1
22 282 1
22 335 1
22 349 1
22 380 1
22 397 1
22 430 1
22 434 1
22 487 1
22 490 1
22 497 1
22 508 1
22 554 1
22 635 1
22 750 1
22 774 1
22 802 1
22 806 1
22 819 1
22 853 1
23 39 1
23 46 1
23 50 1
23 70 1
23 72 1
23 142 1
23 204 1
23 208 1
23 260 1
23 347 1
23 359 1
23 384 1
23 441 1
23 484 1
23 488 1
23 503 1
23 541 1
23 553 1
23 568 1
23 597 1
23 693 1
23 805 1
23 857 1
23 884 1
23 885 1
23 896 1
24 130 1
24 135 1
24 206 1
24 207 1
24 443 1
24 539 1
25 33 1
25 36 1
25 38 1
25 54 1
25 102 1
25 103 1
25 122 1
25 130 1
25 164 1
25 213 1
25 216 1
25 358 1
25 501 1
25 517 1
25 578 1
25 586 1
25 608 1
25 673 1
25 737 1
25 746 1
25 748 1
26 28 1
26 37 1
26 50 1
26 55 1
26 56 1
26 68 1
26 71 1
26 80 1
26 92 1
26 120 1
26 125 1
26 139 1
26 148 1
26 150 1
26 186 1
26 191 1
26 217 1
26 244 1
26 492 1
26 499 1
26 501 1
26 623 1
26 720 1
26 773 1
26 799 1
26 845 1
26 895 1
27 30 1
27 33 1
27 41 1
27 63 1
27 78 1
27 87 1
27 88 1
27 108 1
27 122 1
27 129 1
27 133 1
27 141 1
27 165 1
27 166 1
27 197 1
27 207 1
27 209 1
27 219 1
27 237 1
27 249 1
27 264 1
27 288 1
27 369 1
27 412 1
27 433 1
27 487 1
27 519 1
27 521 1
27 532 1
27 534 1
27 554 1
27 594 1
27 610 1
27 699 1
27 793 1
27 830 1
28 69 1
28 80 1
28 188 1
28 384 1
28 459 1
28 601 1
28 779 1
28 857 1
29 39 1
29 86 1
29 96 1
29 101 1
29 105 1
29 147 1
29 170 1
29 184 1
29 316 1
29 322 1
29 351 1
29 371 1
29 398 1
29 420 1
29 438 1
29 441 1
29 454 1
29 605 1
29 615 1
29 646 1
29 676 1
29 811 1
30 47 1
30 200 1
30 205 1
30 207 1
30 210 1
30 228 1
30 231 1
30 260 1
30 289 1
30 290 1
30 316 1
30 347 1
30 449 1
30 459 1
30 464 1
30 477 1
30 542 1
30 558 1
30 648 1
30 728 1
30 867 1
31 76 1
31 158 1
31 294 1
31 400 1
31 529 1
31 558 1
31 638 1
31 703 1
31 799 1
31 876 1
32 49 1
32 57 1
32 90 1
32 91 1
32 118 1
32 222 1
32 229 1
32 267 1
32 414 1
32 609 1
32 735 1
32 744 1
32 795 1
32 880 1
33 273 1
33 345 1
33 496 1
33 516 1
33 551 1
33 578 1
34 35 1
34 40 1
34 44 1
34 51 1
34 125 1
34 160 1
34 209 1
34 265 1
34 298 1
34 330 1
34 516 1
34 522 1
34 591 1
35 68 1
35 183 1
35 304 1
35 406 1
35 526 1
35 619 1
35 763 1
35 830 1
36 46 1
36 59 1
36 101 1
36 122 1
36 144 1
36 183 1
36 204 1
36 235 1
36 258 1
36 290 1
36 432 1
36 472 1
36 481 1
36 585 1
36 689 1
36 752 1
36 893 1
37 273 1
37 474 1
37 545 1
38 52 1
38 53 1
38 54 1
38 69 1
38 83 1
38 89 1
38 129 1
38 143 1
38 158 1
38 168 1
38 210 1
38 244 1
38 257 1
38 317 1
38 321 1
38 335 1
38 345 1
38 372 1
38 376 1
38 392 1
38 408 1
38 435 1
38 440 1
38 444 1
38 449 1
38 456 1
38 527 1
38 568 1
38 679 1
38 680 1
38 855 1
38 869 1
38 871 1
39 47 1
39 86 1
39 169 1
39 275 1
39 337 1
39 402 1
39 481 1
39 488 1
39 600 1
39 601 1
39 642 1
40 45 1
40 48 1
40 63 1
40 101 1
40 102 1
40 179 1
40 364 1
40 522 1
40 842 1
41 46 1
41 126 1
41 146 1
41 158 1
41 170 1
41 185 1
41 882 1
42 61 1
42 97 1
42 115 1
42 190 1
42 221 1
42 235 1
42 299 1
42 350 1
42 395 1
42 534 1
42 549 1
42 589 1
42 613 1
42 656 1
42 697 1
43 45 1
43 51 1
43 74 1
43 105 1
43 110 1
43 134 1
43 149 1
43 203 1
43 243 1
43 289 1
43 314 1
43 324 1
43 360 1
43 394 1
43 401 1
43 405 1
43 429 1
43 446 1
43 537 1
43 571 1
43 585 1
43 630 1
43 710 1
43 727 1
43 765 1
43 804 1
43 888 1
44 83 1
44 85 1
44 97 1
44 144 1
44 209 1
44 266 1
44 342 1
44 392 1
44 426 1
44 440 1
44 460 1
44 556 1
44 647 1
44 683 1
44 740 1
45 65 1
45 102 1
45 169 1
45 182 1
45 255 1
45 491 1
45 650 1
45 678 1
46 52 1
46 84 1
46 114 1
46 230 1
46 365 1
46 527 1
46 869 1
47 57 1
47 187 1
47 188 1
47 223 1
47 268 1
47 297 1
47 300 1
47 310 1
47 427 1
47 485 1
47 670 1
47 899 1
48 51 1
48 57 1
48 127 1
48 242 1
48 292 1
48 645 1
48 663 1
48 846 1
49 81 1
49 98 1
49 119 1
49 143 1
49 167 1
49 276 1
49 333 1
49 370 1
49 410 1
49 506 1
49 528 1
49 710 1
49 719 1
49 745 1
49 747 1
49 783 1
50 64 1
50 72 1
50 93 1
50 123 1
50 157 1
50 159 1
50 187 1
50 239 1
50 267 1
50 285 1
50 305 1
50 312 1
50 347 1
50 373 1
50 434 1
50 562 1
50 630 1
50 675 1
50 720 1
50 724 1
50 741 1
50 765 1
50 771 1
51 174 1
51 199 1
51 308 1
51 316 1
51 332 1
51 429 1
51 508 1
51 685 1
51 881 1
51 890 1
52 70 1
52 93 1
52 99 1
52 149 1
52 162 1
52 203 1
52 246 1
52 249 1
52 343 1
52 418 1
52 504 1
52 512 1
52 549 1
52 591 1
52 663 1
52 780 1
52 785 1
52 800 1
52 822 1
52 834 1
52 853 1
52 880 1
52 897 1
53 58 1
53 115 1
53 152 1
53 161 1
53 202 1
53 237 1
53 257 1
53 320 1
53 336 1
53 442 1
53 526 1
53 701 1
53 741 1
53 847 1
54 75 1
54 102 1
54 116 1
54 196 1
54 212 1
54 277 1
54 298 1
54 326 1
54 408 1
54 413 1
54 421 1
54 470 1
54 513 1
54 616 1
54 680 1
54 766 1
54 832 1
54 838 1
54 859 1
54 900 1
55 107 1
55 220 1
55 254 1
55 383 1
55 451 1
55 495 1
55 605 1
55 627 1
56 134 1
56 156 1
56 662 1
56 792 1
57 79 1
57 147 1
57 173 1
57 175 1
57 292 1
57 295 1
57 334 1
57 367 1
57 381 1
57 414 1
57 524 1
57 729 1
57 738 1
57 744 1
57 796 1
57 870 1
57 874 1
58 64 1
58 116 1
58 128 1
58 227 1
58 303 1
58 323 1
58 361 1
58 455 1
58 563 1
58 791 1
58 801 1
58 802 1
58 817 1
58 849 1
58 862 1
59 67 1
59 71 1
59 79 1
59 101 1
59 185 1
59 196 1
59 267 1
59 287 1
59 299 1
59 310 1
59 323 1
59 367 1
59 403 1
59 440 1
59 453 1
59 476 1
59 519 1
59 529 1
59 563 1
59 573 1
59 577 1
59 650 1
59 728 1
59 783 1
59 837 1
60 61 1
60 74 1
60 103 1
60 111 1
60 164 1
60 214 1
60 317 1
60 390 1
60 406 1
60 444 1
60 483 1
60 708 1
60 736 1
60 740 1
60 764 1
61 63 1
61 66 1
61 78 1
61 107 1
61 213 1
61 244 1
61 254 1
61 287 1
61 350 1
61 375 1
61 562 1
61 588 1
61 699 1
61 739 1
61 742 1
61 759 1
61 797 1
61 817 1
62 127 1
62 155 1
62 167 1
62 189 1
62 194 1
62 271 1
62 343 1
62 384 1
62 405 1
62 410 1
62 413 1
62 452 1
62 582 1
62 587 1
62 621 1
62 801 1
62 855 1
62 859 1
62 889 1
62 895 1
63 145 1
63 191 1
63 291 1
63 321 1
63 842 1
64 95 1
64 103 1
64 129 1
64 131 1
64 144 1
64 167 1
64 183 1
64 226 1
64 377 1
64 640 1
64 664 1
64 712 1
65 73 1
65 132 1
65 233 1
65 274 1
65 276 1
65 277 1
65 305 1
65 470 1
65 475 1
65 613 1
65 616 1
65 679 1
65 698 1
65 704 1
65 750 1
65 767 1
65 841 1
66 154 1
66 478 1
66 763 1
66 880 1
67 112 1
67 113 1
67 145 1
67 172 1
67 214 1
67 252 1
67 330 1
67 420 1
67 422 1
67 446 1
67 448 1
67 492 1
67 506 1
67 524 1
67 590 1
67 598 1
67 709 1
67 717 1
67 729 1
67 784 1
67 888 1
67 895 1
68 80 1
68 136 1
68 215 1
68 220 1
68 232 1
68 278 1
68 305 1
68 330 1
68 479 1
68 490 1
68 610 1
68 720 1
68 816 1
68 860 1
69 151 1
69 211 1
69 258 1
69 279 1
69 361 1
69 383 1
69 408 1
69 446 1
69 601 1
70 77 1
70 79 1
70 93 1
70 94 1
70 109 1
70 162 1
70 272 1
70 288 1
70 291 1
70 312 1
70 321 1
70 386 1
70 398 1
70 511 1
70 520 1
70 622 1
70 650 1
70 689 1
70 695 1
70 718 1
70 742 1
70 776 1
70 790 1
70 809 1
70 815 1
70 878 1
70 885 1
71 79 1
71 89 1
71 104 1
71 137 1
71 154 1
71 255 1
71 256 1
71 415 1
71 574 1
71 602 1
71 709 1
71 755 1
72 73 1
72 75 1
72 138 1
72 201 1
72 211 1
72 228 1
72 232 1
72 309 1
72 398 1
72 510 1
72 524 1
72 533 1
72 546 1
72 682 1
73 146 1
73 161 1
73 186 1
73 423 1
73 445 1
73 811 1
73 899 1
74 82 1
74 187 1
74 253 1
74 332 1
74 480 1
74 526 1
74 550 1
74 564 1
74 839 1
75 80 1
75 100 1
75 139 1
75 146 1
75 171 1
75 184 1
75 251 1
75 322 1
75 355 1
75 488 1
75 595 1
75 605 1
75 690 1
75 759 1
75 778 1
75 796 1
76 120 1
76 130 1
76 153 1
76 163 1
76 178 1
76 182 1
76 218 1
76 230 1
76 369 1
76 416 1
76 428 1
76 429 1
76 509 1
76 557 1
76 652 1
76 664 1
76 680 1
76 684 1
76 861 1
77 81 1
77 96 1
77 114 1
77 199 1
77 243 1
77 247 1
77 265 1
77 346 1
77 352 1
77 379 1
77 381 1
77 456 1
77 537 1
77 559 1
77 627 1
77 632 1
78 365 1
78 375 1
78 486 1
78 807 1
79 88 1
79 90 1
79 155 1
79 175 1
79 180 1
79 187 1
79 262 1
79 308 1
79 415 1
79 615 1
79 703 1
79 705 1
79 721 1
79 761 1
79 773 1
79 868 1
80 203 1
80 224 1
80 281 1
80 331 1
80 342 1
80 382 1
80 605 1
81 84 1
81 110 1
81 171 1
81 316 1
81 333 1
81 398 1
81 457 1
81 494 1
81 525 1
81 555 1
81 570 1
81 674 1
81 706 1
81 797 1
81 836 1
81 851 1
81 888 1
82 622 1
82 681 1
82 851 1
83 124 1
83 152 1
83 203 1
83 258 1
83 314 1
83 437 1
83 439 1
83 742 1
83 743 1
84 86 1
84 91 1
84 105 1
84 107 1
84 132 1
84 153 1
84 166 1
84 169 1
84 181 1
84 302 1
84 421 1
84 423 1
84 429 1
84 435 1
84 531 1
84 606 1
84 653 1
84 670 1
84 775 1
85 147 1
85 167 1
85 180 1
86 87 1
86 94 1
86 106 1
86 121 1
86 232 1
86 306 1
86 332 1
86 409 1
86 430 1
86 487 1
86 572 1
86 577 1
86 647 1
86 759 1
87 98 1
87 117 1
87 293 1
87 306 1
87 317 1
87 319 1
87 621 1
87 649 1
88 144 1
88 246 1
89 140 1
89 222 1
89 276 1
89 313 1
89 325 1
89 532 1
89 609 1
89 705 1
89 761 1
89 814 1
90 111 1
90 128 1
90 170 1
90 358 1
90 405 1
90 504 1
90 638 1
90 756 1
91 98 1
91 124 1
91 140 1
91 231 1
91 259 1
91 268 1
91 393 1
91 417 1
91 447 1
91 469 1
91 522 1
91 546 1
91 596 1
91 845 1
92 200 1
92 842 1
93 321 1
93 327 1
93 338 1
93 399 1
93 777 1
94 196 1
94 198 1
94 226 1
94 259 1
94 625 1
94 682 1
94 760 1
94 831 1
94 858 1
94 894 1
95 149 1
95 219 1
95 299 1
95 349 1
95 351 1
95 476 1
95 569 1
95 788 1
96 222 1
97 133 1
97 281 1
97 284 1
97 548 1
98 120 1
98 155 1
98 183 1
98 193 1
98 195 1
98 198 1
98 202 1
98 231 1
98 241 1
98 276 1
98 368 1
98 464 1
98 513 1
98 641 1
98 844 1
98 859 1
99 127 1
99 136 1
99 251 1
99 264 1
99 369 1
99 415 1
99 485 1
99 600 1
100 106 1
100 126 1
100 148 1
100 159 1
100 177 1
100 247 1
100 289 1
100 293 1
100 322 1
100 344 1
100 350 1
100 391 1
100 479 1
100 541 1
100 579 1
100 582 1
100 627 1
100 679 1
100 808 1
100 816 1
100 865 1
101 163 1
101 234 1
101 238 1
101 263 1
101 658 1
101 708 1
101 787 1
101 802 1
101 804 1
101 835 1
102 113 1
102 154 1
102 338 1
102 614 1
102 891 1
103 546 1
103 704 1
104 245 1
104 266 1
104 354 1
104 423 1
104 443 1
104 618 1
104 722 1
104 787 1
104 795 1
105 141 1
105 157 1
105 206 1
105 236 1
105 338 1
105 400 1
105 554 1
105 688 1
105 765 1
105 766 1
105 854 1
105 888 1
106 109 1
106 258 1
106 378 1
106 396 1
106 437 1
106 608 1
106 628 1
106 674 1
106 791 1
107 494 1
107 595 1
108 149 1
108 242 1
108 247 1
108 270 1
108 403 1
108 451 1
108 597 1
108 698 1
108 819 1
109 385 1
109 430 1
109 517 1
109 615 1
109 791 1
109 827 1
109 829 1
109 848 1
110 130 1
110 834 1
110 900 1
112 153 1
112 188 1
112 578 1
112 645 1
113 422 1
113 715 1
113 753 1
114 164 1
114 181 1
114 194 1
114 248 1
114 295 1
114 710 1
114 878 1
115 126 1
115 318 1
116 212 1
116 216 1
116 300 1
116 403 1
116 409 1
116 474 1
116 512 1
116 618 1
116 640 1
116 697 1
117 362 1
117 439 1
117 553 1
117 625 1
117 666 1
117 808 1
118 201 1
118 220 1
118 246 1
118 385 1
118 811 1
118 854 1
119 210 1
119 225 1
119 266 1
119 355 1
120 139 1
120 193 1
120 201 1
120 340 1
120 351 1
120 772 1
121 131 1
121 186 1
121 204 1
121 256 1
121 335 1
121 611 1
121 658 1
121 685 1
121 749 1
121 828 1
122 199 1
122 594 1
123 322 1
123 328 1
123 364 1
123 463 1
123 542 1
124 315 1
124 337 1
124 415 1
124 880 1
125 223 1
125 279 1
125 370 1
125 376 1
125 620 1
125 644 1
125 814 1
125 836 1
126 629 1
126 633 1
127 131 1
127 174 1
127 190 1
127 336 1
127 414 1
127 424 1
127 458 1
127 502 1
127 528 1
127 598 1
128 140 1
128 253 1
128 324 1
128 406 1
128 499 1
128 507 1
128 646 1
128 710 1
128 777 1
128 799 1
129 141 1
129 151 1
129 166 1
129 178 1
129 210 1
129 229 1
129 254 1
129 301 1
129 341 1
129 454 1
129 458 1
129 579 1
129 753 1
129 754 1
129 757 1
129 758 1
129 849 1
129 869 1
129 889 1
130 163 1
130 165 1
130 182 1
130 205 1
130 226 1
130 292 1
130 357 1
130 437 1
130 450 1
130 515 1
130 634 1
130 874 1
131 151 1
131 623 1
131 782 1
132 444 1
132 826 1
133 227 1
133 268 1
133 370 1
133 486 1
133 665 1
133 724 1
133 837 1
133 861 1
134 173 1
134 229 1
134 238 1
134 260 1
134 296 1
134 331 1
134 367 1
134 417 1
134 473 1
134 565 1
134 593 1
134 599 1
134 624 1
135 192 1
135 231 1
135 366 1
136 208 1
136 328 1
136 341 1
136 676 1
136 794 1
136 814 1
136 863 1
137 323 1
138 218 1
138 476 1
138 483 1
138 832 1
139 356 1
139 489 1
139 538 1
141 178 1
141 229 1
141 346 1
141 352 1
141 357 1
141 418 1
141 520 1
141 651 1
141 708 1
141 781 1
141 863 1
142 238 1
142 519 1
143 206 1
143 278 1
144 593 1
145 156 1
145 176 1
145 257 1
145 287 1
145 352 1
145 399 1
145 407 1
145 424 1
145 603 1
145 715 1
145 738 1
146 489 1
146 497 1
146 534 1
147 298 1
147 416 1
147 842 1
148 234 1
148 455 1
148 502 1
148 583 1
148 821 1
149 247 1
149 353 1
149 363 1
149 847 1
150 184 1
150 190 1
150 284 1
150 617 1
150 628 1
151 171 1
151 369 1
151 380 1
151 758 1
152 205 1
152 298 1
152 581 1
152 611 1
152 624 1
152 683 1
152 810 1
153 235 1
153 465 1
153 547 1
153 584 1
153 855 1
154 194 1
154 273 1
154 371 1
154 501 1
154 530 1
154 566 1
154 602 1
154 743 1
156 174 1
156 212 1
156 230 1
156 279 1
156 330 1
156 569 1
156 848 1
157 199 1
157 239 1
157 280 1
157 324 1
157 379 1
157 395 1
157 624 1
157 651 1
157 670 1
157 727 1
157 737 1
157 860 1
158 281 1
159 177 1
159 185 1
159 672 1
159 687 1
160 197 1
160 224 1
160 261 1
160 364 1
160 385 1
160 394 1
160 395 1
160 498 1
160 540 1
160 700 1
161 180 1
161 682 1
161 702 1
161 839 1
162 189 1
162 232 1
162 609 1
162 643 1
162 687 1
163 409 1
163 690 1
163 694 1
163 778 1
164 250 1
164 260 1
164 272 1
164 288 1
164 295 1
164 395 1
164 402 1
164 523 1
164 531 1
164 669 1
164 813 1
164 847 1
165 168 1
165 250 1
165 262 1
165 454 1
165 474 1
165 534 1
165 563 1
165 762 1
166 197 1
166 215 1
166 508 1
167 256 1
167 335 1
167 543 1
167 664 1
167 780 1
168 211 1
168 269 1
168 368 1
168 882 1
169 325 1
169 607 1
169 653 1
169 671 1
169 712 1
169 884 1
170 245 1
170 303 1
170 612 1
171 218 1
171 219 1
171 307 1
171 326 1
171 333 1
171 384 1
171 706 1
171 803 1
172 246 1
172 283 1
172 506 1
172 544 1
172 545 1
172 653 1
174 242 1
174 248 1
174 376 1
174 426 1
174 436 1
174 457 1
174 468 1
174 524 1
174 604 1
174 614 1
174 774 1
174 898 1
175 243 1
175 514 1
175 820 1
175 831 1
176 222 1
176 225 1
176 386 1
176 610 1
176 632 1
176 643 1
176 773 1
176 793 1
176 868 1
177 329 1
177 531 1
177 726 1
178 356 1
178 375 1
178 503 1
178 538 1
178 853 1
179 339 1
179 445 1
179 520 1
179 659 1
179 866 1
179 879 1
180 264 1
180 295 1
180 306 1
180 309 1
180 407 1
180 471 1
180 479 1
180 511 1
180 532 1
180 547 1
180 772 1
181 189 1
181 213 1
181 233 1
181 263 1
181 269 1
181 280 1
181 317 1
181 344 1
181 359 1
181 428 1
181 448 1
181 561 1
181 588 1
182 396 1
182 496 1
182 656 1
182 660 1
182 784 1
183 287 1
183 381 1
183 483 1
183 648 1
183 658 1
183 787 1
183 805 1
183 844 1
184 207 1
184 237 1
184 451 1
184 453 1
184 677 1
184 736 1
185 252 1
185 294 1
185 327 1
185 635 1
185 857 1
186 300 1
186 443 1
186 478 1
186 709 1
186 813 1
186 856 1
188 302 1
188 319 1
188 420 1
188 485 1
188 513 1
188 769 1
189 660 1
190 221 1
190 255 1
190 264 1
190 301 1
190 307 1
190 340 1
190 358 1
190 540 1
190 839 1
191 216 1
191 547 1
192 195 1
193 353 1
193 505 1
193 557 1
193 559 1
193 767 1
194 213 1
194 312 1
194 359 1
194 460 1
194 576 1
194 803 1
194 863 1
194 876 1
195 230 1
195 282 1
195 507 1
195 635 1
195 767 1
196 259 1
196 318 1
196 667 1
197 249 1
197 274 1
197 348 1
197 478 1
197 696 1
197 816 1
198 319 1
198 446 1
198 449 1
198 730 1
198 883 1
199 544 1
199 717 1
200 233 1
200 238 1
200 342 1
200 387 1
200 390 1
200 434 1
200 730 1
200 766 1
201 323 1
201 726 1
201 790 1
202 259 1
202 529 1
203 221 1
203 344 1
203 566 1
203 743 1
204 332 1
204 447 1
204 570 1
205 334 1
205 505 1
205 657 1
205 824 1
206 378 1
206 433 1
206 484 1
206 762 1
207 240 1
207 291 1
207 304 1
207 309 1
207 494 1
207 654 1
207 752 1
207 818 1
208 463 1
209 349 1
209 704 1
210 268 1
211 639 1
211 794 1
212 262 1
212 506 1
212 536 1
212 616 1
213 225 1
213 280 1
213 372 1
213 703 1
213 818 1
214 217 1
214 292 1
214 356 1
214 435 1
214 452 1
214 521 1
214 734 1
215 241 1
215 248 1
215 363 1
215 504 1
215 530 1
215 591 1
215 683 1
215 725 1
216 343 1
216 570 1
216 598 1
216 775 1
216 823 1
217 245 1
217 310 1
217 311 1
218 240 1
218 593 1
219 413 1
219 436 1
219 760 1
220 249 1
220 275 1
220 329 1
220 366 1
220 536 1
220 558 1
220 583 1
220 701 1
221 288 1
221 401 1
222 426 1
222 739 1
222 753 1
222 879 1
223 286 1
223 299 1
223 365 1
223 453 1
223 498 1
223 692 1
223 704 1
223 810 1
224 486 1
224 493 1
224 566 1
224 594 1
225 401 1
225 507 1
226 271 1
226 283 1
226 285 1
226 671 1
226 694 1
226 823 1
227 385 1
227 432 1
227 471 1
227 511 1
227 550 1
227 671 1
227 702 1
227 777 1
228 325 1
228 379 1
228 807 1
229 271 1
229 310 1
229 701 1
230 275 1
230 430 1
230 722 1
230 775 1
231 255 1
231 573 1
231 807 1
231 837 1
233 390 1
233 428 1
233 480 1
233 517 1
233 867 1
234 355 1
234 377 1
234 393 1
234 484 1
234 572 1
234 761 1
235 293 1
235 312 1
235 336 1
235 801 1
236 327 1
236 559 1
237 320 1
237 426 1
237 481 1
237 736 1
237 788 1
238 296 1
238 397 1
238 668 1
238 696 1
239 281 1
239 325 1
239 882 1
240 311 1
240 331 1
240 361 1
240 380 1
240 411 1
240 535 1
240 560 1
240 757 1
240 798 1
241 530 1
242 341 1
242 439 1
242 795 1
243 270 1
243 514 1
244 562 1
244 631 1
245 477 1
245 542 1
246 290 1
246 339 1
246 465 1
247 389 1
247 392 1
247 621 1
247 884 1
248 367 1
248 412 1
248 457 1
248 600 1
248 636 1
248 754 1
248 887 1
249 300 1
249 348 1
249 416 1
249 556 1
249 574 1
249 599 1
249 715 1
249 821 1
249 860 1
249 877 1
250 354 1
250 469 1
250 474 1
250 622 1
251 339 1
252 274 1
252 539 1
253 340 1
254 567 1
254 759 1
254 824 1
255 326 1
255 552 1
255 770 1
255 839 1
256 334 1
256 424 1
256 666 1
257 271 1
257 326 1
257 571 1
257 885 1
259 337 1
260 592 1
260 786 1
260 790 1
261 277 1
261 297 1
261 449 1
261 522 1
261 533 1
261 556 1
261 655 1
261 691 1
261 898 1
262 629 1
263 327 1
263 373 1
263 438 1
263 443 1
263 518 1
264 487 1
264 670 1
265 315 1
265 331 1
265 730 1
267 686 1
268 348 1
268 493 1
268 531 1
268 561 1
268 581 1
268 662 1
268 711 1
268 817 1
268 840 1
269 628 1
269 713 1
270 387 1
270 488 1
270 577 1
270 675 1
270 714 1
270 875 1
271 363 1
271 423 1
271 499 1
271 587 1
271 603 1
271 662 1
271 694 1
271 771 1
272 315 1
272 360 1
272 393 1
272 537 1
272 695 1
272 809 1
272 892 1
273 590 1
274 297 1
275 311 1
275 421 1
275 547 1
275 597 1
275 723 1
276 291 1
277 348 1
277 580 1
278 307 1
278 387 1
278 411 1
278 540 1
278 579 1
278 698 1
278 800 1
278 845 1
279 360 1
279 411 1
279 425 1
279 555 1
279 690 1
279 731 1
279 761 1
279 769 1
279 882 1
280 289 1
280 354 1
281 394 1
281 485 1
281 509 1
281 607 1
281 756 1
283 304 1
283 482 1
284 337 1
284 459 1
284 467 1
284 509 1
284 680 1
284 866 1
285 338 1
285 357 1
286 751 1
287 359 1
288 339 1
288 357 1
288 425 1
288 460 1
288 626 1
288 689 1
288 773 1
290 363 1
290 372 1
290 419 1
290 693 1
291 401 1
291 714 1
291 805 1
292 493 1
292 535 1
292 541 1
293 677 1
293 796 1
294 491 1
294 751 1
295 319 1
295 370 1
295 418 1
295 616 1
295 874 1
296 468 1
296 618 1
297 307 1
297 314 1
297 375 1
297 451 1
297 516 1
297 850 1
298 402 1
298 404 1
298 870 1
299 523 1
299 669 1
299 729 1
299 825 1
299 834 1
300 899 1
301 465 1
301 496 1
301 809 1
301 849 1
302 347 1
302 563 1
302 625 1
302 827 1
303 345 1
303 584 1
303 711 1
303 737 1
303 778 1
304 328 1
304 477 1
304 612 1
304 692 1
304 820 1
305 374 1
305 490 1
305 575 1
305 750 1
305 767 1
306 629 1
306 632 1
306 894 1
306 898 1
307 344 1
307 373 1
307 435 1
307 583 1
307 695 1
308 508 1
308 862 1
309 409 1
309 471 1
309 776 1
310 523 1
310 686 1
310 792 1
310 847 1
311 356 1
311 439 1
312 815 1
313 703 1
313 747 1
314 372 1
314 425 1
314 630 1
315 374 1
315 482 1
315 533 1
315 647 1
316 377 1
316 505 1
316 718 1
316 735 1
317 371 1
317 389 1
317 560 1
317 561 1
317 734 1
317 805 1
318 659 1
319 386 1
319 589 1
319 606 1
319 625 1
319 635 1
319 637 1
321 419 1
321 495 1
321 730 1
321 812 1
322 352 1
322 676 1
322 725 1
322 755 1
322 779 1
323 438 1
323 447 1
323 469 1
323 554 1
323 744 1
324 333 1
324 397 1
324 545 1
324 591 1
324 656 1
324 757 1
325 391 1
325 410 1
325 492 1
325 637 1
325 681 1
325 734 1
325 748 1
326 594 1
326 652 1
326 711 1
326 827 1
326 832 1
327 844 1
328 602 1
328 708 1
328 850 1
329 431 1
329 707 1
330 816 1
331 527 1
331 644 1
331 646 1
331 694 1
332 514 1
333 382 1
333 421 1
333 500 1
334 404 1
334 483 1
334 504 1
336 461 1
336 714 1
336 798 1
337 362 1
337 678 1
338 371 1
338 380 1
338 536 1
338 664 1
338 713 1
338 740 1
339 657 1
339 681 1
339 707 1
339 886 1
340 351 1
340 442 1
340 514 1
340 731 1
342 353 1
342 391 1
342 453 1
342 463 1
342 475 1
342 564 1
342 568 1
342 576 1
342 592 1
342 645 1
342 794 1
343 513 1
343 617 1
344 491 1
344 641 1
344 803 1
345 537 1
345 551 1
345 864 1
346 388 1
346 536 1
346 766 1
347 389 1
347 411 1
347 466 1
347 475 1
347 655 1
347 772 1
348 580 1
348 731 1
348 863 1
349 468 1
349 564 1
350 353 1
350 751 1
350 762 1
350 875 1
351 436 1
351 711 1
351 733 1
351 821 1
352 461 1
352 462 1
354 376 1
356 368 1
357 392 1
358 388 1
359 619 1
359 784 1
359 850 1
360 448 1
360 579 1
361 515 1
361 715 1
363 595 1
363 852 1
364 764 1
364 854 1
365 520 1
365 757 1
366 583 1
367 442 1
367 456 1
367 654 1
369 674 1
370 427 1
370 707 1
370 897 1
372 800 1
373 386 1
373 405 1
373 489 1
373 732 1
374 608 1
374 749 1
375 378 1
375 688 1
375 778 1
376 570 1
376 572 1
376 776 1
377 551 1
377 633 1
380 494 1
381 412 1
381 553 1
381 592 1
381 745 1
382 397 1
382 573 1
384 466 1
384 480 1
384 687 1
384 693 1
385 498 1
386 637 1
386 716 1
387 404 1
387 478 1
387 528 1
388 424 1
388 717 1
388 725 1
388 746 1
388 878 1
389 586 1
390 668 1
391 437 1
391 564 1
392 419 1
392 576 1
392 584 1
392 733 1
394 412 1
394 466 1
394 518 1
394 770 1
395 431 1
395 456 1
395 581 1
395 728 1
395 746 1
396 723 1
399 422 1
399 496 1
400 873 1
402 498 1
402 822 1
403 452 1
403 810 1
403 814 1
403 825 1
403 887 1
406 452 1
406 835 1
407 495 1
407 786 1
409 502 1
411 438 1
412 575 1
412 702 1
413 462 1
413 612 1
413 741 1
413 891 1
414 416 1
414 649 1
414 661 1
414 741 1
414 856 1
415 491 1
415 866 1
418 781 1
418 879 1
421 894 1
422 545 1
422 721 1
424 473 1
425 442 1
425 458 1
425 512 1
425 598 1
425 639 1
426 455 1
426 589 1
426 724 1
427 503 1
427 614 1
428 434 1
428 501 1
428 642 1
428 732 1
429 679 1
430 480 1
430 657 1
431 586 1
431 683 1
432 500 1
432 538 1
433 608 1
434 519 1
435 467 1
435 874 1
436 719 1
437 539 1
438 667 1
438 696 1
439 631 1
439 788 1
439 828 1
440 482 1
440 596 1
440 672 1
440 723 1
440 764 1
441 450 1
441 457 1
441 464 1
441 674 1
443 473 1
443 688 1
443 807 1
443 826 1
444 550 1
444 574 1
444 582 1
444 739 1
444 740 1
444 781 1
444 825 1
445 636 1
446 543 1
446 546 1
446 595 1
446 654 1
446 744 1
446 886 1
447 571 1
447 732 1
448 462 1
448 623 1
448 734 1
448 797 1
449 486 1
449 684 1
449 726 1
449 868 1
450 466 1
450 532 1
451 552 1
451 637 1
451 751 1
451 774 1
451 795 1
451 841 1
452 472 1
452 651 1
452 672 1
452 897 1
453 593 1
455 634 1
456 500 1
457 550 1
457 820 1
459 476 1
460 499 1
460 589 1
460 601 1
460 626 1
460 630 1
460 721 1
460 841 1
460 876 1
461 797 1
462 479 1
462 567 1
462 896 1
463 556 1
463 672 1
464 649 1
465 720 1
466 581 1
466 602 1
466 649 1
467 528 1
467 709 1
467 771 1
467 881 1
469 538 1
469 565 1
469 799 1
473 784 1
474 653 1
474 817 1
474 856 1
476 900 1
478 634 1
479 640 1
479 645 1
479 712 1
479 719 1
479 812 1
480 584 1
480 603 1
482 575 1
482 611 1
482 624 1
482 668 1
482 695 1
482 891 1
483 682 1
483 702 1
483 864 1
485 587 1
485 590 1
487 555 1
487 569 1
488 606 1
488 727 1
491 843 1
491 851 1
492 640 1
493 631 1
493 793 1
494 654 1
494 756 1
494 838 1
494 844 1
496 752 1
496 789 1
498 530 1
498 697 1
498 779 1
500 572 1
500 599 1
500 613 1
500 779 1
503 560 1
503 886 1
504 631 1
504 642 1
505 600 1
507 781 1
507 785 1
508 617 1
508 663 1
508 768 1
508 815 1
509 540 1
509 775 1
509 846 1
509 852 1
509 872 1
510 732 1
511 552 1
512 565 1
512 586 1
515 634 1
517 854 1
518 549 1
519 697 1
521 574 1
521 768 1
521 823 1
523 870 1
524 604 1
527 577 1
528 806 1
528 864 1
529 868 1
530 743 1
531 535 1
532 629 1
533 561 1
535 840 1
536 733 1
541 707 1
541 859 1
542 644 1
546 782 1
549 557 1
549 714 1
551 691 1
554 651 1
555 791 1
556 659 1
558 644 1
558 891 1
560 861 1
563 700 1
563 877 1
564 641 1
565 660 1
569 599 1
569 721 1
571 812 1
572 613 1
572 627 1
572 747 1
573 897 1
574 818 1
578 754 1
579 673 1
579 753 1
580 652 1
580 675 1
581 713 1
582 612 1
584 607 1
584 806 1
584 845 1
585 780 1
591 892 1
592 851 1
593 831 1
596 821 1
597 662 1
598 726 1
598 728 1
598 785 1
598 869 1
599 735 1
599 737 1
601 603 1
601 675 1
601 857 1
601 866 1
603 738 1
606 678 1
608 763 1
609 686 1
610 650 1
611 691 1
611 706 1
612 738 1
613 826 1
614 748 1
620 890 1
622 693 1
622 745 1
622 749 1
622 858 1
623 856 1
624 774 1
626 875 1
627 685 1
628 852 1
633 865 1
635 722 1
637 813 1
637 883 1
640 802 1
641 892 1
642 646 1
642 700 1
643 648 1
643 876 1
645 719 1
646 655 1
648 748 1
648 865 1
650 777 1
650 812 1
653 846 1
657 671 1
658 765 1
661 699 1
662 696 1
662 783 1
662 881 1
663 699 1
671 731 1
672 790 1
673 701 1
673 792 1
675 691 1
676 687 1
676 712 1
676 829 1
676 853 1
677 871 1
679 716 1
685 780 1
686 806 1
687 716 1
687 852 1
690 692 1
691 735 1
691 786 1
691 877 1
693 716 1
694 782 1
695 700 1
695 827 1
700 885 1
702 755 1
707 850 1
710 763 1
712 786 1
713 771 1
715 813 1
718 846 1
718 855 1
719 808 1
721 831 1
721 872 1
723 840 1
725 764 1
728 833 1
732 824 1
735 769 1
735 789 1
739 798 1
739 832 1
741 756 1
747 810 1
747 893 1
750 800 1
750 841 1
752 872 1
759 824 1
760 858 1
776 833 1
776 840 1
776 894 1
777 873 1
781 820 1
781 825 1
782 887 1
784 867 1
793 843 1
797 822 1
808 881 1
808 887 1
808 899 1
815 848 1
825 833 1
829 843 1
832 835 1
845 893 1
849 871 1
851 864 1
857 884 1
865 889 1
865 896 1
866 892 1
871 873 1
