600 2381 
1 5 1
1 6 1
1 9 1
1 15 1
1 18 1
1 19 1
1 20 1
1 24 1
1 25 1
1 27 1
1 29 1
1 34 1
1 48 1
1 55 1
1 68 1
1 74 1
1 75 1
1 81 1
1 96 1
1 97 1
1 99 1
1 101 1
1 103 1
1 108 1
1 142 1
1 164 1
1 190 1
1 192 1
1 211 1
1 230 1
1 241 1
1 246 1
1 258 1
1 283 1
1 339 1
1 340 1
1 407 1
1 435 1
1 459 1
1 484 1
1 509 1
1 510 1
1 555 1
2 5 1
2 6 1
2 7 1
2 8 1
2 18 1
2 23 1
2 26 1
2 28 1
2 29 1
2 43 1
2 44 1
2 46 1
2 71 1
2 76 1
2 77 1
2 79 1
2 81 1
2 88 1
2 91 1
2 94 1
2 95 1
2 97 1
2 111 1
2 115 1
2 118 1
2 169 1
2 174 1
2 178 1
2 195 1
2 196 1
2 199 1
2 224 1
2 227 1
2 232 1
2 233 1
2 305 1
2 390 1
2 429 1
2 481 1
2 491 1
2 528 1
2 547 1
3 5 1
3 6 1
3 8 1
3 12 1
3 13 1
3 14 1
3 17 1
3 21 1
3 23 1
3 26 1
3 30 1
3 31 1
3 41 1
3 46 1
3 50 1
3 52 1
3 54 1
3 57 1
3 62 1
3 66 1
3 69 1
3 73 1
3 81 1
3 87 1
3 88 1
3 96 1
3 104 1
3 117 1
3 142 1
3 148 1
3 166 1
3 169 1
3 176 1
3 195 1
3 248 1
3 254 1
3 299 1
3 313 1
3 372 1
3 379 1
3 380 1
3 400 1
3 402 1
3 415 1
3 423 1
3 436 1
3 440 1
3 443 1
3 447 1
3 470 1
3 498 1
3 500 1
3 504 1
3 508 1
3 509 1
3 515 1
3 524 1
3 542 1
4 5 1
4 7 1
4 9 1
4 11 1
4 16 1
4 27 1
4 32 1
4 34 1
4 35 1
4 39 1
4 44 1
4 55 1
4 58 1
4 59 1
4 63 1
4 66 1
4 72 1
4 84 1
4 103 1
4 105 1
4 128 1
4 134 1
4 152 1
4 167 1
4 194 1
4 206 1
4 209 1
4 218 1
4 224 1
4 230 1
4 235 1
4 238 1
4 246 1
4 247 1
4 265 1
4 274 1
4 290 1
4 308 1
4 315 1
4 319 1
4 327 1
4 332 1
4 336 1
4 368 1
4 401 1
4 452 1
4 456 1
4 478 1
4 581 1
4 583 1
5 6 1
5 7 1
5 8 1
5 9 1
5 10 1
5 12 1
5 13 1
5 14 1
5 17 1
5 21 1
5 22 1
5 24 1
5 35 1
5 36 1
5 38 1
5 40 1
5 41 1
5 42 1
5 43 1
5 45 1
5 49 1
5 56 1
5 57 1
5 61 1
5 69 1
5 70 1
5 102 1
5 120 1
5 122 1
5 125 1
5 127 1
5 134 1
5 146 1
5 152 1
5 167 1
5 186 1
5 200 1
5 208 1
5 227 1
5 242 1
5 257 1
5 262 1
5 275 1
5 278 1
5 299 1
5 311 1
5 332 1
5 355 1
5 384 1
5 388 1
5 406 1
5 429 1
5 432 1
5 444 1
5 452 1
5 471 1
5 489 1
5 495 1
5 507 1
5 516 1
5 558 1
5 560 1
5 591 1
5 599 1
6 7 1
6 10 1
6 11 1
6 12 1
6 13 1
6 16 1
6 17 1
6 18 1
6 20 1
6 23 1
6 28 1
6 31 1
6 34 1
6 38 1
6 40 1
6 62 1
6 101 1
6 104 1
6 138 1
6 175 1
6 179 1
6 182 1
6 217 1
6 220 1
6 234 1
6 241 1
6 256 1
6 257 1
6 273 1
6 276 1
6 294 1
6 315 1
6 330 1
6 332 1
6 338 1
6 344 1
6 362 1
6 381 1
6 393 1
6 397 1
6 434 1
6 446 1
6 483 1
6 536 1
6 537 1
6 566 1
6 568 1
6 570 1
6 578 1
6 579 1
6 584 1
6 600 1
7 10 1
7 15 1
7 26 1
7 30 1
7 33 1
7 34 1
7 35 1
7 39 1
7 43 1
7 48 1
7 77 1
7 91 1
7 96 1
7 97 1
7 116 1
7 117 1
7 149 1
7 162 1
7 179 1
7 184 1
7 197 1
7 205 1
7 257 1
7 277 1
7 323 1
7 326 1
7 372 1
7 375 1
7 392 1
7 441 1
7 448 1
7 461 1
7 463 1
7 505 1
7 520 1
7 545 1
7 546 1
7 547 1
7 548 1
8 9 1
8 11 1
8 12 1
8 14 1
8 15 1
8 16 1
8 17 1
8 26 1
8 27 1
8 31 1
8 32 1
8 37 1
8 38 1
8 45 1
8 47 1
8 51 1
8 54 1
8 64 1
8 67 1
8 79 1
8 84 1
8 88 1
8 93 1
8 94 1
8 104 1
8 107 1
8 111 1
8 119 1
8 126 1
8 128 1
8 160 1
8 162 1
8 168 1
8 181 1
8 182 1
8 183 1
8 188 1
8 214 1
8 215 1
8 219 1
8 232 1
8 243 1
8 245 1
8 264 1
8 281 1
8 310 1
8 345 1
8 350 1
8 368 1
8 375 1
8 378 1
8 380 1
8 382 1
8 392 1
8 393 1
8 398 1
8 399 1
8 411 1
8 419 1
8 429 1
8 433 1
8 450 1
8 469 1
8 476 1
8 506 1
8 514 1
8 520 1
8 524 1
8 527 1
8 564 1
8 566 1
8 577 1
8 583 1
8 589 1
9 10 1
9 14 1
9 32 1
9 36 1
9 101 1
9 109 1
9 120 1
9 153 1
9 195 1
9 246 1
9 266 1
9 297 1
9 386 1
9 494 1
9 534 1
9 588 1
10 11 1
10 25 1
10 39 1
10 46 1
10 53 1
10 78 1
10 81 1
10 110 1
10 114 1
10 185 1
10 190 1
10 208 1
10 247 1
10 271 1
10 273 1
10 275 1
10 281 1
10 416 1
10 422 1
10 435 1
10 438 1
10 476 1
10 483 1
10 508 1
10 533 1
10 551 1
10 585 1
11 15 1
11 19 1
11 31 1
11 61 1
11 68 1
11 78 1
11 108 1
11 140 1
11 211 1
11 231 1
11 239 1
11 245 1
11 248 1
11 260 1
11 269 1
11 333 1
11 362 1
11 366 1
11 415 1
11 460 1
11 516 1
11 523 1
11 554 1
12 20 1
12 21 1
12 25 1
12 32 1
12 42 1
12 44 1
12 54 1
12 65 1
12 75 1
12 86 1
12 90 1
12 147 1
12 154 1
12 236 1
12 281 1
12 315 1
12 329 1
12 341 1
12 347 1
12 381 1
12 400 1
12 499 1
13 16 1
13 18 1
13 28 1
13 50 1
13 53 1
13 87 1
13 109 1
13 110 1
13 155 1
13 168 1
13 178 1
13 180 1
13 190 1
13 249 1
13 255 1
13 273 1
13 318 1
13 337 1
13 353 1
13 356 1
13 357 1
13 378 1
13 388 1
13 456 1
13 541 1
13 576 1
13 594 1
14 38 1
14 74 1
14 142 1
14 144 1
14 172 1
14 275 1
14 311 1
14 348 1
14 394 1
15 19 1
15 22 1
15 24 1
15 51 1
15 56 1
15 60 1
15 61 1
15 64 1
15 89 1
15 90 1
15 110 1
15 131 1
15 213 1
15 229 1
15 241 1
15 250 1
15 342 1
15 348 1
15 354 1
15 376 1
15 414 1
15 449 1
15 468 1
15 529 1
15 537 1
15 562 1
15 581 1
16 33 1
16 68 1
16 181 1
16 204 1
16 316 1
16 394 1
16 426 1
16 428 1
16 537 1
17 19 1
17 22 1
17 23 1
17 30 1
17 46 1
17 57 1
17 63 1
17 70 1
17 124 1
17 129 1
17 134 1
17 136 1
17 139 1
17 149 1
17 156 1
17 216 1
17 261 1
17 272 1
17 278 1
17 284 1
17 339 1
17 365 1
17 387 1
17 479 1
17 502 1
17 505 1
17 533 1
17 542 1
17 573 1
18 27 1
18 78 1
18 82 1
18 108 1
18 113 1
18 122 1
18 125 1
18 130 1
18 131 1
18 238 1
18 260 1
18 330 1
18 503 1
18 547 1
18 563 1
18 594 1
19 20 1
19 22 1
19 71 1
19 84 1
19 115 1
19 147 1
19 355 1
19 537 1
20 21 1
20 29 1
20 33 1
20 59 1
20 60 1
20 76 1
20 84 1
20 93 1
20 99 1
20 105 1
20 145 1
20 168 1
20 173 1
20 175 1
20 186 1
20 205 1
20 211 1
20 217 1
20 249 1
20 253 1
20 255 1
20 290 1
20 300 1
20 325 1
20 363 1
20 374 1
20 384 1
20 395 1
20 445 1
20 454 1
21 37 1
21 39 1
21 45 1
21 47 1
21 50 1
21 89 1
21 95 1
21 100 1
21 128 1
21 132 1
21 147 1
21 150 1
21 165 1
21 189 1
21 193 1
21 216 1
21 220 1
21 222 1
21 228 1
21 261 1
21 267 1
21 298 1
21 312 1
21 383 1
21 445 1
21 450 1
21 495 1
21 530 1
21 532 1
21 535 1
21 567 1
21 573 1
22 24 1
22 36 1
22 48 1
22 49 1
22 86 1
22 118 1
22 163 1
22 285 1
22 313 1
22 319 1
22 387 1
22 539 1
22 548 1
22 585 1
22 587 1
23 52 1
23 134 1
23 170 1
23 216 1
23 230 1
23 400 1
23 428 1
23 430 1
23 557 1
24 25 1
24 28 1
24 35 1
24 40 1
24 64 1
24 80 1
24 256 1
24 300 1
24 390 1
24 404 1
24 485 1
24 549 1
25 60 1
25 323 1
25 487 1
26 36 1
26 40 1
26 47 1
26 48 1
26 79 1
26 92 1
26 96 1
26 124 1
26 129 1
26 139 1
26 148 1
26 151 1
26 153 1
26 159 1
26 250 1
26 259 1
26 266 1
26 293 1
26 333 1
26 358 1
26 373 1
26 389 1
26 408 1
26 415 1
26 468 1
26 475 1
26 507 1
26 561 1
26 564 1
26 600 1
27 29 1
27 30 1
27 42 1
27 51 1
27 59 1
27 91 1
27 119 1
27 123 1
27 124 1
27 132 1
27 142 1
27 231 1
27 266 1
27 303 1
27 309 1
27 366 1
27 371 1
27 420 1
27 427 1
27 430 1
27 460 1
27 463 1
28 37 1
28 58 1
28 76 1
28 159 1
28 194 1
28 209 1
28 225 1
28 232 1
28 243 1
28 346 1
28 382 1
28 453 1
28 513 1
28 522 1
28 547 1
28 589 1
29 403 1
30 33 1
30 41 1
30 45 1
30 47 1
30 49 1
30 56 1
30 57 1
30 67 1
30 82 1
30 83 1
30 100 1
30 104 1
30 119 1
30 130 1
30 138 1
30 174 1
30 208 1
30 237 1
30 270 1
30 271 1
30 294 1
30 298 1
30 301 1
30 312 1
30 365 1
30 366 1
30 399 1
30 509 1
30 555 1
30 598 1
31 65 1
31 70 1
31 71 1
31 85 1
31 119 1
31 120 1
31 130 1
31 244 1
31 259 1
31 269 1
31 278 1
31 279 1
31 280 1
31 305 1
31 330 1
31 336 1
31 341 1
31 447 1
31 582 1
32 37 1
32 43 1
32 50 1
32 52 1
32 56 1
32 64 1
32 79 1
32 83 1
32 93 1
32 127 1
32 141 1
32 143 1
32 193 1
32 214 1
32 219 1
32 315 1
32 325 1
32 353 1
32 388 1
32 415 1
32 435 1
32 438 1
32 443 1
32 459 1
32 469 1
32 498 1
32 522 1
32 550 1
33 42 1
33 58 1
33 72 1
33 113 1
33 121 1
33 144 1
33 184 1
33 210 1
33 222 1
33 253 1
33 277 1
33 291 1
33 308 1
33 316 1
33 369 1
33 373 1
33 378 1
33 402 1
33 406 1
33 419 1
33 427 1
33 467 1
33 540 1
33 551 1
34 51 1
34 55 1
34 93 1
34 157 1
34 160 1
34 172 1
34 241 1
34 249 1
34 387 1
34 392 1
34 473 1
34 541 1
34 545 1
34 575 1
34 576 1
35 53 1
35 109 1
35 125 1
35 145 1
35 159 1
35 170 1
35 210 1
35 211 1
35 223 1
35 256 1
35 288 1
35 309 1
35 317 1
35 391 1
35 542 1
35 591 1
36 67 1
36 95 1
36 113 1
36 116 1
36 118 1
36 127 1
36 196 1
36 265 1
36 375 1
36 386 1
36 409 1
36 425 1
36 477 1
37 66 1
37 80 1
37 90 1
37 106 1
37 114 1
37 133 1
37 182 1
37 187 1
37 199 1
37 204 1
37 236 1
37 268 1
37 284 1
37 287 1
37 337 1
37 413 1
37 425 1
37 437 1
37 475 1
37 496 1
37 506 1
37 529 1
37 530 1
37 553 1
38 68 1
38 72 1
38 86 1
38 128 1
38 141 1
38 158 1
38 207 1
38 242 1
38 275 1
38 313 1
38 344 1
38 359 1
38 456 1
38 514 1
38 534 1
38 561 1
39 54 1
39 73 1
39 106 1
39 205 1
39 220 1
39 225 1
39 297 1
39 376 1
39 393 1
39 581 1
40 41 1
40 53 1
40 159 1
40 258 1
40 378 1
40 405 1
40 406 1
41 75 1
41 85 1
41 90 1
41 97 1
41 135 1
41 141 1
41 165 1
41 176 1
41 198 1
41 200 1
41 263 1
41 269 1
41 286 1
41 289 1
41 305 1
41 332 1
41 333 1
41 422 1
41 436 1
41 474 1
41 491 1
41 531 1
41 598 1
42 49 1
42 59 1
42 65 1
42 77 1
42 92 1
42 98 1
42 101 1
42 102 1
42 153 1
42 164 1
42 192 1
42 202 1
42 215 1
42 250 1
42 253 1
42 269 1
42 281 1
42 325 1
42 384 1
42 396 1
42 467 1
42 471 1
42 477 1
42 492 1
42 528 1
42 544 1
42 569 1
43 44 1
43 124 1
43 191 1
43 441 1
43 492 1
43 495 1
44 52 1
44 55 1
44 216 1
44 328 1
44 342 1
44 473 1
45 67 1
45 120 1
45 183 1
45 231 1
45 284 1
45 307 1
45 310 1
45 349 1
45 487 1
45 507 1
45 516 1
47 163 1
47 173 1
47 188 1
47 267 1
47 268 1
47 279 1
47 318 1
47 335 1
48 60 1
48 82 1
48 276 1
48 350 1
48 384 1
48 417 1
48 529 1
48 576 1
48 579 1
48 583 1
49 62 1
49 73 1
49 88 1
49 99 1
49 107 1
49 140 1
49 156 1
49 167 1
49 226 1
49 280 1
49 283 1
49 293 1
49 301 1
49 349 1
49 423 1
49 426 1
49 509 1
49 517 1
49 520 1
49 526 1
49 543 1
49 576 1
50 63 1
50 74 1
50 85 1
50 94 1
50 224 1
50 238 1
50 370 1
50 475 1
51 65 1
51 153 1
51 177 1
51 180 1
51 194 1
51 221 1
51 301 1
51 398 1
51 555 1
52 58 1
52 69 1
52 80 1
52 82 1
52 86 1
52 87 1
52 92 1
52 100 1
52 102 1
52 103 1
52 145 1
52 146 1
52 154 1
52 199 1
52 212 1
52 245 1
52 246 1
52 251 1
52 265 1
52 266 1
52 276 1
52 353 1
52 360 1
52 421 1
52 482 1
52 521 1
52 589 1
52 590 1
53 69 1
53 71 1
53 198 1
53 213 1
53 314 1
53 365 1
53 385 1
53 412 1
53 494 1
53 546 1
54 62 1
54 121 1
54 133 1
54 164 1
54 218 1
54 357 1
54 417 1
54 427 1
54 442 1
55 94 1
55 117 1
55 235 1
55 589 1
56 107 1
56 117 1
56 149 1
56 201 1
56 221 1
56 225 1
56 228 1
56 239 1
56 385 1
56 457 1
56 465 1
57 72 1
57 76 1
57 89 1
57 118 1
57 137 1
57 166 1
57 202 1
57 207 1
57 213 1
57 215 1
57 267 1
57 302 1
57 306 1
57 309 1
57 397 1
57 449 1
57 502 1
57 505 1
57 513 1
57 528 1
57 554 1
57 557 1
58 114 1
58 228 1
58 244 1
58 511 1
59 61 1
59 77 1
59 83 1
59 95 1
59 109 1
59 112 1
59 132 1
59 152 1
59 220 1
59 336 1
59 345 1
59 374 1
59 575 1
59 595 1
60 288 1
60 328 1
60 368 1
60 457 1
61 175 1
61 238 1
61 322 1
62 63 1
62 131 1
62 167 1
62 198 1
62 217 1
62 303 1
62 382 1
62 433 1
62 465 1
62 484 1
63 146 1
63 187 1
63 192 1
63 263 1
63 292 1
63 414 1
63 421 1
63 437 1
63 583 1
63 588 1
64 74 1
64 116 1
64 267 1
64 313 1
64 354 1
64 504 1
65 66 1
65 73 1
65 85 1
65 89 1
65 145 1
65 150 1
65 186 1
65 201 1
65 252 1
65 270 1
65 285 1
65 311 1
65 320 1
65 347 1
65 442 1
65 492 1
66 110 1
66 133 1
66 173 1
66 219 1
66 369 1
66 381 1
66 446 1
67 115 1
67 126 1
67 204 1
67 283 1
67 303 1
67 364 1
67 514 1
67 599 1
68 83 1
68 157 1
68 218 1
68 324 1
68 345 1
68 391 1
68 478 1
68 517 1
68 580 1
69 70 1
69 87 1
69 116 1
69 138 1
69 227 1
69 323 1
69 331 1
69 469 1
69 570 1
69 574 1
71 115 1
71 161 1
71 183 1
71 302 1
71 397 1
71 418 1
71 471 1
71 542 1
72 135 1
72 197 1
72 233 1
72 260 1
72 364 1
72 418 1
72 497 1
72 580 1
72 592 1
73 75 1
73 91 1
73 114 1
73 121 1
73 137 1
73 171 1
73 200 1
73 264 1
73 299 1
73 326 1
73 338 1
73 393 1
73 410 1
73 413 1
73 455 1
73 476 1
73 565 1
73 597 1
74 107 1
74 122 1
74 123 1
74 155 1
74 285 1
74 312 1
74 389 1
74 421 1
74 437 1
74 455 1
74 500 1
74 510 1
74 512 1
75 78 1
75 143 1
75 176 1
75 207 1
75 252 1
75 352 1
75 356 1
75 385 1
75 477 1
75 522 1
75 563 1
76 98 1
76 140 1
76 143 1
76 308 1
76 463 1
77 80 1
77 123 1
77 138 1
77 139 1
77 154 1
77 191 1
77 203 1
77 234 1
77 286 1
77 443 1
78 108 1
78 147 1
78 150 1
78 151 1
78 156 1
78 163 1
78 176 1
78 204 1
78 251 1
78 274 1
78 310 1
78 328 1
78 366 1
78 448 1
78 466 1
78 486 1
78 501 1
78 563 1
79 240 1
79 318 1
79 350 1
79 381 1
79 412 1
79 481 1
79 490 1
80 256 1
80 566 1
81 357 1
81 534 1
82 144 1
82 193 1
82 263 1
82 476 1
82 485 1
83 105 1
83 111 1
83 112 1
83 146 1
83 187 1
83 189 1
83 248 1
83 371 1
83 394 1
83 448 1
83 492 1
83 595 1
84 113 1
84 144 1
84 155 1
84 157 1
84 161 1
84 244 1
84 273 1
84 279 1
84 334 1
85 151 1
85 306 1
85 399 1
86 156 1
86 162 1
86 181 1
86 248 1
86 258 1
86 503 1
86 525 1
87 98 1
87 100 1
87 103 1
87 126 1
87 136 1
87 169 1
87 272 1
87 339 1
87 417 1
87 489 1
87 531 1
88 320 1
89 126 1
89 137 1
89 139 1
89 165 1
89 187 1
89 223 1
89 329 1
89 340 1
89 409 1
89 410 1
89 451 1
89 483 1
89 524 1
89 530 1
90 92 1
90 141 1
90 172 1
90 268 1
90 439 1
90 585 1
91 98 1
91 106 1
91 132 1
91 158 1
91 174 1
91 230 1
91 309 1
91 339 1
91 357 1
91 432 1
91 472 1
91 475 1
91 485 1
91 488 1
91 536 1
92 106 1
92 129 1
92 157 1
92 533 1
93 102 1
93 282 1
94 184 1
94 195 1
94 206 1
94 222 1
94 274 1
94 371 1
94 543 1
94 556 1
95 121 1
95 151 1
95 264 1
95 286 1
95 319 1
95 461 1
96 105 1
96 131 1
96 148 1
96 173 1
96 244 1
96 259 1
96 380 1
96 548 1
97 163 1
97 255 1
97 320 1
97 578 1
98 99 1
98 172 1
98 258 1
98 265 1
98 515 1
98 518 1
99 135 1
99 513 1
100 226 1
100 489 1
101 112 1
101 449 1
101 523 1
101 556 1
102 140 1
102 213 1
103 111 1
103 154 1
103 170 1
103 177 1
103 184 1
103 185 1
103 288 1
103 327 1
103 571 1
103 587 1
103 593 1
104 317 1
105 127 1
105 164 1
105 396 1
106 129 1
107 112 1
107 133 1
107 149 1
107 291 1
107 311 1
107 358 1
107 389 1
107 396 1
107 460 1
107 538 1
108 346 1
108 349 1
109 180 1
109 191 1
109 229 1
109 245 1
109 390 1
109 458 1
109 546 1
109 586 1
110 410 1
110 573 1
111 122 1
111 123 1
111 130 1
111 174 1
111 268 1
111 274 1
111 409 1
112 136 1
112 175 1
112 205 1
112 497 1
112 592 1
113 383 1
114 271 1
114 298 1
114 377 1
114 474 1
114 484 1
114 526 1
114 535 1
114 593 1
115 171 1
115 277 1
115 471 1
116 143 1
116 148 1
116 294 1
117 200 1
117 228 1
117 329 1
117 453 1
118 158 1
118 295 1
118 413 1
118 485 1
118 499 1
119 304 1
119 431 1
119 457 1
120 391 1
120 434 1
120 499 1
120 552 1
121 155 1
121 286 1
121 295 1
121 321 1
121 529 1
121 558 1
122 125 1
122 338 1
123 282 1
124 171 1
124 289 1
125 165 1
125 203 1
125 214 1
125 290 1
126 137 1
126 150 1
126 197 1
126 261 1
126 371 1
126 412 1
126 418 1
126 429 1
126 507 1
127 160 1
127 189 1
127 237 1
127 239 1
127 271 1
127 355 1
127 491 1
127 536 1
127 548 1
127 550 1
128 359 1
128 361 1
128 425 1
128 512 1
129 178 1
129 201 1
129 340 1
129 418 1
129 521 1
130 462 1
130 501 1
130 558 1
132 158 1
132 282 1
132 354 1
132 360 1
133 135 1
133 136 1
133 160 1
133 161 1
133 179 1
133 322 1
133 403 1
133 413 1
133 456 1
133 474 1
135 186 1
135 234 1
135 359 1
135 504 1
136 152 1
136 179 1
136 181 1
136 183 1
136 209 1
136 242 1
136 250 1
136 297 1
136 317 1
136 329 1
136 400 1
136 503 1
137 170 1
137 192 1
137 199 1
137 331 1
138 194 1
138 321 1
138 403 1
138 553 1
139 193 1
139 224 1
139 234 1
139 305 1
139 352 1
139 401 1
139 426 1
139 527 1
139 575 1
140 351 1
140 373 1
140 472 1
141 433 1
142 212 1
142 252 1
142 328 1
142 401 1
142 459 1
142 482 1
142 488 1
142 557 1
143 223 1
144 208 1
144 538 1
145 361 1
145 458 1
146 197 1
147 287 1
148 243 1
148 353 1
148 540 1
149 171 1
149 188 1
149 226 1
149 254 1
149 304 1
150 235 1
150 251 1
150 442 1
150 493 1
150 532 1
150 533 1
150 538 1
150 556 1
151 233 1
151 295 1
151 344 1
151 350 1
151 420 1
151 590 1
152 190 1
152 223 1
152 229 1
152 261 1
152 373 1
152 375 1
152 496 1
153 182 1
153 578 1
154 325 1
154 554 1
155 233 1
155 558 1
156 306 1
156 337 1
156 424 1
156 532 1
157 162 1
157 202 1
157 231 1
157 293 1
157 334 1
157 341 1
157 361 1
157 379 1
157 416 1
158 161 1
158 178 1
158 202 1
158 327 1
158 408 1
158 518 1
159 411 1
160 203 1
160 237 1
160 528 1
161 169 1
161 404 1
161 428 1
161 486 1
162 166 1
162 168 1
162 201 1
162 232 1
162 296 1
162 364 1
162 488 1
162 494 1
163 180 1
163 214 1
163 252 1
163 321 1
163 342 1
163 419 1
163 503 1
163 519 1
164 209 1
164 210 1
164 262 1
164 344 1
164 363 1
164 519 1
164 546 1
165 203 1
165 296 1
165 303 1
165 428 1
165 486 1
166 502 1
167 191 1
167 235 1
167 367 1
168 240 1
168 579 1
169 517 1
169 518 1
170 222 1
170 247 1
170 270 1
170 577 1
171 177 1
171 185 1
171 343 1
171 461 1
171 544 1
172 185 1
172 249 1
172 322 1
172 467 1
173 247 1
173 255 1
173 299 1
174 177 1
174 251 1
174 280 1
174 367 1
174 407 1
174 519 1
175 477 1
177 221 1
177 254 1
177 343 1
177 414 1
177 519 1
177 596 1
179 322 1
181 188 1
181 318 1
181 559 1
182 406 1
182 420 1
182 489 1
183 189 1
183 196 1
183 212 1
183 314 1
183 466 1
183 480 1
184 218 1
184 280 1
184 283 1
184 333 1
184 336 1
184 337 1
184 346 1
184 355 1
184 356 1
184 377 1
184 397 1
184 441 1
184 585 1
185 236 1
186 226 1
186 479 1
187 221 1
187 308 1
188 341 1
188 545 1
189 307 1
189 416 1
189 454 1
189 479 1
189 552 1
190 302 1
191 198 1
191 217 1
191 239 1
191 316 1
191 347 1
191 351 1
191 424 1
191 565 1
192 206 1
193 196 1
195 237 1
196 262 1
196 312 1
197 452 1
197 454 1
197 535 1
197 591 1
199 212 1
199 302 1
199 362 1
199 372 1
199 426 1
199 454 1
199 516 1
199 552 1
200 331 1
201 390 1
202 206 1
202 207 1
202 225 1
202 513 1
203 219 1
204 292 1
204 352 1
204 584 1
204 597 1
206 210 1
206 289 1
206 306 1
206 408 1
206 424 1
207 229 1
207 296 1
208 242 1
208 257 1
208 345 1
208 473 1
208 545 1
209 270 1
209 301 1
209 593 1
210 262 1
210 291 1
210 295 1
210 300 1
210 307 1
210 316 1
210 324 1
210 436 1
210 470 1
210 555 1
210 568 1
211 326 1
211 360 1
211 395 1
212 254 1
212 571 1
213 215 1
213 310 1
213 320 1
214 440 1
214 550 1
215 243 1
215 288 1
215 307 1
215 567 1
218 508 1
218 561 1
218 572 1
219 240 1
219 590 1
220 481 1
220 567 1
221 227 1
221 343 1
222 349 1
222 377 1
224 279 1
224 466 1
225 340 1
226 348 1
227 327 1
227 559 1
228 347 1
228 370 1
228 430 1
228 440 1
228 462 1
228 467 1
228 570 1
229 259 1
229 370 1
229 411 1
229 458 1
230 240 1
230 287 1
230 326 1
230 432 1
230 534 1
231 272 1
231 582 1
232 284 1
232 495 1
234 236 1
234 294 1
234 447 1
234 553 1
234 560 1
235 539 1
235 562 1
236 253 1
236 287 1
236 432 1
236 444 1
236 525 1
236 569 1
237 317 1
237 482 1
237 572 1
238 374 1
238 453 1
238 472 1
238 554 1
238 571 1
239 368 1
240 263 1
240 276 1
240 515 1
241 260 1
241 376 1
241 421 1
241 538 1
242 289 1
242 351 1
242 446 1
242 458 1
242 511 1
243 464 1
243 596 1
244 334 1
244 398 1
244 412 1
244 441 1
244 448 1
244 527 1
245 514 1
246 438 1
247 414 1
248 282 1
248 285 1
248 405 1
248 431 1
248 494 1
248 551 1
248 597 1
249 379 1
249 385 1
249 398 1
249 457 1
250 468 1
251 300 1
251 575 1
252 391 1
252 401 1
252 502 1
253 330 1
253 442 1
253 464 1
259 277 1
259 343 1
259 490 1
259 499 1
259 525 1
259 549 1
260 290 1
260 351 1
260 402 1
261 264 1
261 293 1
261 334 1
261 348 1
261 369 1
261 383 1
261 444 1
261 472 1
262 296 1
262 304 1
262 450 1
262 562 1
263 389 1
263 462 1
263 584 1
264 417 1
264 515 1
264 595 1
265 292 1
265 386 1
265 446 1
265 451 1
266 356 1
266 410 1
266 523 1
267 272 1
267 374 1
267 408 1
267 517 1
268 549 1
269 422 1
269 455 1
270 359 1
270 493 1
270 500 1
271 526 1
272 278 1
272 462 1
272 480 1
272 512 1
272 560 1
274 297 1
274 304 1
274 367 1
274 409 1
274 427 1
275 370 1
275 481 1
276 434 1
276 541 1
276 586 1
277 342 1
277 403 1
277 439 1
277 531 1
279 321 1
282 291 1
282 362 1
282 407 1
283 298 1
283 364 1
283 482 1
284 331 1
284 354 1
284 451 1
285 319 1
285 324 1
285 369 1
285 487 1
286 338 1
286 490 1
287 292 1
287 386 1
289 365 1
291 363 1
291 395 1
291 438 1
291 497 1
291 505 1
291 543 1
291 560 1
292 425 1
292 451 1
293 314 1
293 372 1
293 404 1
293 439 1
293 483 1
293 523 1
294 335 1
294 361 1
296 376 1
296 465 1
297 324 1
297 363 1
297 508 1
299 335 1
299 447 1
304 395 1
304 435 1
304 535 1
308 314 1
309 416 1
309 594 1
309 596 1
310 335 1
310 379 1
312 530 1
315 360 1
315 459 1
315 543 1
316 444 1
317 423 1
318 346 1
318 358 1
318 474 1
319 527 1
322 323 1
322 539 1
324 382 1
324 487 1
324 511 1
325 352 1
325 496 1
327 436 1
329 358 1
330 565 1
331 510 1
332 569 1
335 402 1
335 582 1
336 478 1
336 578 1
337 380 1
337 407 1
337 491 1
338 388 1
338 404 1
339 480 1
344 468 1
346 405 1
349 387 1
349 598 1
350 521 1
351 584 1
352 464 1
352 536 1
353 486 1
353 566 1
353 571 1
353 592 1
356 367 1
356 383 1
356 394 1
356 424 1
356 541 1
356 577 1
360 580 1
360 595 1
361 431 1
361 493 1
362 466 1
362 559 1
367 420 1
367 544 1
367 580 1
371 431 1
372 452 1
372 455 1
372 463 1
372 501 1
373 478 1
373 572 1
374 377 1
375 598 1
378 423 1
379 392 1
379 465 1
380 506 1
380 596 1
382 433 1
382 443 1
384 396 1
384 553 1
386 434 1
386 445 1
389 593 1
390 470 1
391 399 1
392 422 1
393 405 1
393 574 1
394 419 1
395 512 1
398 453 1
398 511 1
402 460 1
402 469 1
402 470 1
402 597 1
404 450 1
405 411 1
406 430 1
406 464 1
406 562 1
407 493 1
408 591 1
409 573 1
410 479 1
412 490 1
413 532 1
417 439 1
418 461 1
419 518 1
421 521 1
421 539 1
426 526 1
427 600 1
428 549 1
428 588 1
431 551 1
431 563 1
432 440 1
432 488 1
434 437 1
434 445 1
434 449 1
434 500 1
435 506 1
436 586 1
438 501 1
440 497 1
441 540 1
441 552 1
443 531 1
446 568 1
446 570 1
450 569 1
451 484 1
453 522 1
457 480 1
458 586 1
459 498 1
460 565 1
462 520 1
462 588 1
464 572 1
465 473 1
469 498 1
474 592 1
477 496 1
478 524 1
478 577 1
484 504 1
488 581 1
489 540 1
489 574 1
490 550 1
493 556 1
495 567 1
498 559 1
500 579 1
501 561 1
503 510 1
503 525 1
507 600 1
512 564 1
513 582 1
514 587 1
516 587 1
517 599 1
529 594 1
532 574 1
536 544 1
536 557 1
554 568 1
559 599 1
562 564 1
564 590 1
