1400 5583 
1 5 1
1 6 1
1 7 1
1 17 1
1 23 1
1 32 1
1 44 1
1 53 1
1 67 1
1 76 1
1 80 1
1 83 1
1 99 1
1 100 1
1 113 1
1 139 1
1 141 1
1 192 1
1 216 1
1 253 1
1 254 1
1 268 1
1 291 1
1 313 1
1 315 1
1 322 1
1 359 1
1 370 1
1 389 1
1 432 1
1 436 1
1 440 1
1 627 1
1 703 1
1 800 1
1 820 1
1 857 1
1 878 1
1 897 1
1 902 1
1 955 1
1 961 1
1 989 1
1 1006 1
1 1043 1
1 1074 1
1 1263 1
1 1267 1
1 1284 1
1 1297 1
1 1310 1
1 1312 1
1 1371 1
2 5 1
2 6 1
2 7 1
2 10 1
2 11 1
2 12 1
2 14 1
2 23 1
2 36 1
2 41 1
2 42 1
2 44 1
2 60 1
2 79 1
2 81 1
2 96 1
2 109 1
2 132 1
2 136 1
2 143 1
2 151 1
2 166 1
2 174 1
2 178 1
2 184 1
2 195 1
2 203 1
2 243 1
2 274 1
2 277 1
2 279 1
2 285 1
2 288 1
2 302 1
2 306 1
2 325 1
2 329 1
2 341 1
2 357 1
2 384 1
2 394 1
2 414 1
2 426 1
2 431 1
2 451 1
2 475 1
2 477 1
2 492 1
2 513 1
2 525 1
2 532 1
2 562 1
2 568 1
2 569 1
2 572 1
2 608 1
2 617 1
2 639 1
2 643 1
2 650 1
2 673 1
2 708 1
2 716 1
2 729 1
2 747 1
2 748 1
2 777 1
2 810 1
2 845 1
2 892 1
2 907 1
2 909 1
2 924 1
2 937 1
2 944 1
2 955 1
2 970 1
2 993 1
2 1010 1
2 1058 1
2 1093 1
2 1128 1
2 1144 1
2 1145 1
2 1192 1
2 1205 1
2 1219 1
2 1236 1
2 1241 1
2 1242 1
2 1257 1
2 1294 1
2 1302 1
2 1311 1
2 1319 1
2 1382 1
2 1389 1
3 5 1
3 6 1
3 7 1
3 8 1
3 9 1
3 10 1
3 12 1
3 14 1
3 15 1
3 16 1
3 17 1
3 18 1
3 20 1
3 24 1
3 25 1
3 26 1
3 40 1
3 44 1
3 46 1
3 47 1
3 56 1
3 58 1
3 62 1
3 63 1
3 64 1
3 66 1
3 75 1
3 84 1
3 85 1
3 87 1
3 91 1
3 104 1
3 112 1
3 116 1
3 121 1
3 128 1
3 130 1
3 131 1
3 133 1
3 139 1
3 146 1
3 148 1
3 151 1
3 162 1
3 165 1
3 173 1
3 177 1
3 181 1
3 188 1
3 190 1
3 191 1
3 192 1
3 212 1
3 228 1
3 233 1
3 242 1
3 258 1
3 260 1
3 261 1
3 262 1
3 293 1
3 297 1
3 315 1
3 317 1
3 332 1
3 337 1
3 338 1
3 400 1
3 416 1
3 421 1
3 422 1
3 429 1
3 447 1
3 451 1
3 474 1
3 494 1
3 516 1
3 546 1
3 586 1
3 587 1
3 600 1
3 640 1
3 677 1
3 679 1
3 716 1
3 718 1
3 739 1
3 757 1
3 766 1
3 797 1
3 803 1
3 806 1
3 816 1
3 893 1
3 923 1
3 930 1
3 934 1
3 977 1
3 993 1
3 994 1
3 998 1
3 1003 1
3 1023 1
3 1060 1
3 1088 1
3 1092 1
3 1127 1
3 1140 1
3 1181 1
3 1182 1
3 1222 1
3 1226 1
3 1230 1
3 1259 1
3 1265 1
3 1269 1
3 1284 1
3 1318 1
3 1356 1
3 1392 1
3 1395 1
3 1399 1
4 5 1
4 6 1
4 11 1
4 12 1
4 16 1
4 32 1
4 39 1
4 75 1
4 87 1
4 96 1
4 98 1
4 102 1
4 103 1
4 115 1
4 118 1
4 124 1
4 170 1
4 191 1
4 194 1
4 218 1
4 234 1
4 245 1
4 313 1
4 347 1
4 374 1
4 399 1
4 438 1
4 488 1
4 524 1
4 578 1
4 614 1
4 655 1
4 682 1
4 744 1
4 878 1
4 954 1
4 1068 1
4 1096 1
4 1143 1
4 1174 1
4 1256 1
4 1267 1
4 1273 1
5 8 1
5 9 1
5 12 1
5 15 1
5 17 1
5 18 1
5 24 1
5 25 1
5 37 1
5 39 1
5 42 1
5 45 1
5 47 1
5 49 1
5 50 1
5 52 1
5 54 1
5 70 1
5 77 1
5 88 1
5 92 1
5 95 1
5 104 1
5 105 1
5 110 1
5 120 1
5 130 1
5 154 1
5 201 1
5 229 1
5 278 1
5 283 1
5 291 1
5 298 1
5 305 1
5 309 1
5 333 1
5 336 1
5 374 1
5 396 1
5 397 1
5 429 1
5 540 1
5 542 1
5 545 1
5 601 1
5 605 1
5 624 1
5 645 1
5 648 1
5 649 1
5 661 1
5 680 1
5 687 1
5 690 1
5 695 1
5 717 1
5 722 1
5 811 1
5 825 1
5 836 1
5 844 1
5 845 1
5 857 1
5 918 1
5 960 1
5 1014 1
5 1017 1
5 1024 1
5 1095 1
5 1123 1
5 1153 1
5 1204 1
5 1257 1
5 1272 1
5 1331 1
5 1361 1
6 7 1
6 8 1
6 9 1
6 17 1
6 18 1
6 21 1
6 28 1
6 32 1
6 33 1
6 34 1
6 35 1
6 38 1
6 48 1
6 55 1
6 59 1
6 63 1
6 65 1
6 67 1
6 85 1
6 97 1
6 111 1
6 118 1
6 128 1
6 131 1
6 144 1
6 171 1
6 183 1
6 185 1
6 190 1
6 197 1
6 198 1
6 222 1
6 225 1
6 232 1
6 234 1
6 237 1
6 243 1
6 250 1
6 251 1
6 253 1
6 261 1
6 303 1
6 312 1
6 330 1
6 334 1
6 344 1
6 360 1
6 372 1
6 383 1
6 397 1
6 442 1
6 465 1
6 484 1
6 526 1
6 528 1
6 602 1
6 613 1
6 659 1
6 679 1
6 685 1
6 726 1
6 731 1
6 741 1
6 859 1
6 877 1
6 890 1
6 903 1
6 904 1
6 905 1
6 950 1
6 954 1
6 972 1
6 1019 1
6 1061 1
6 1132 1
6 1226 1
6 1268 1
6 1292 1
6 1303 1
6 1334 1
6 1368 1
6 1380 1
6 1390 1
7 8 1
7 9 1
7 10 1
7 13 1
7 14 1
7 16 1
7 21 1
7 25 1
7 34 1
7 35 1
7 42 1
7 43 1
7 49 1
7 50 1
7 52 1
7 61 1
7 62 1
7 72 1
7 86 1
7 90 1
7 94 1
7 100 1
7 107 1
7 112 1
7 115 1
7 123 1
7 134 1
7 153 1
7 156 1
7 189 1
7 193 1
7 197 1
7 260 1
7 262 1
7 276 1
7 357 1
7 360 1
7 373 1
7 377 1
7 379 1
7 385 1
7 388 1
7 404 1
7 429 1
7 492 1
7 504 1
7 505 1
7 513 1
7 517 1
7 546 1
7 558 1
7 565 1
7 578 1
7 583 1
7 586 1
7 611 1
7 621 1
7 625 1
7 627 1
7 641 1
7 644 1
7 651 1
7 659 1
7 699 1
7 712 1
7 733 1
7 736 1
7 741 1
7 754 1
7 762 1
7 798 1
7 803 1
7 804 1
7 856 1
7 870 1
7 923 1
7 1011 1
7 1036 1
7 1039 1
7 1040 1
7 1093 1
7 1124 1
7 1172 1
7 1266 1
7 1316 1
7 1328 1
8 10 1
8 11 1
8 13 1
8 26 1
8 30 1
8 38 1
8 55 1
8 75 1
8 88 1
8 93 1
8 94 1
8 95 1
8 98 1
8 107 1
8 120 1
8 122 1
8 123 1
8 126 1
8 140 1
8 145 1
8 158 1
8 163 1
8 221 1
8 269 1
8 273 1
8 287 1
8 320 1
8 341 1
8 456 1
8 524 1
8 543 1
8 582 1
8 700 1
8 709 1
8 838 1
8 860 1
8 862 1
8 893 1
8 903 1
8 942 1
8 959 1
8 1012 1
8 1028 1
8 1096 1
8 1184 1
8 1243 1
8 1263 1
9 11 1
9 15 1
9 19 1
9 20 1
9 21 1
9 22 1
9 27 1
9 28 1
9 29 1
9 31 1
9 33 1
9 37 1
9 41 1
9 45 1
9 46 1
9 52 1
9 53 1
9 60 1
9 61 1
9 78 1
9 81 1
9 99 1
9 100 1
9 103 1
9 104 1
9 112 1
9 124 1
9 125 1
9 144 1
9 147 1
9 158 1
9 176 1
9 187 1
9 189 1
9 194 1
9 206 1
9 231 1
9 236 1
9 240 1
9 249 1
9 251 1
9 267 1
9 281 1
9 296 1
9 303 1
9 309 1
9 364 1
9 371 1
9 381 1
9 383 1
9 449 1
9 484 1
9 486 1
9 519 1
9 562 1
9 633 1
9 687 1
9 695 1
9 709 1
9 710 1
9 711 1
9 721 1
9 738 1
9 814 1
9 858 1
9 883 1
9 948 1
9 993 1
9 1062 1
9 1082 1
9 1102 1
9 1114 1
9 1159 1
9 1254 1
9 1262 1
9 1285 1
9 1373 1
9 1383 1
9 1385 1
10 15 1
10 16 1
10 22 1
10 25 1
10 31 1
10 40 1
10 50 1
10 53 1
10 68 1
10 71 1
10 92 1
10 112 1
10 144 1
10 145 1
10 154 1
10 175 1
10 187 1
10 209 1
10 263 1
10 284 1
10 314 1
10 390 1
10 393 1
10 408 1
10 410 1
10 411 1
10 423 1
10 473 1
10 506 1
10 512 1
10 522 1
10 592 1
10 606 1
10 631 1
10 664 1
10 706 1
10 753 1
10 768 1
10 774 1
10 791 1
10 792 1
10 796 1
10 854 1
10 880 1
10 941 1
10 1094 1
10 1105 1
10 1121 1
10 1134 1
10 1286 1
11 13 1
11 19 1
11 48 1
11 52 1
11 66 1
11 76 1
11 84 1
11 98 1
11 99 1
11 110 1
11 125 1
11 135 1
11 203 1
11 220 1
11 221 1
11 252 1
11 365 1
11 432 1
11 449 1
11 463 1
11 488 1
11 490 1
11 497 1
11 505 1
11 508 1
11 515 1
11 535 1
11 552 1
11 571 1
11 593 1
11 615 1
11 640 1
11 703 1
11 704 1
11 777 1
11 802 1
11 831 1
11 860 1
11 887 1
11 903 1
11 959 1
11 986 1
11 1069 1
11 1095 1
11 1096 1
11 1118 1
11 1153 1
11 1185 1
11 1198 1
11 1231 1
11 1303 1
11 1308 1
11 1321 1
11 1335 1
11 1343 1
11 1344 1
11 1391 1
12 13 1
12 21 1
12 24 1
12 27 1
12 29 1
12 30 1
12 33 1
12 40 1
12 45 1
12 46 1
12 47 1
12 51 1
12 55 1
12 58 1
12 96 1
12 99 1
12 109 1
12 111 1
12 140 1
12 141 1
12 143 1
12 145 1
12 148 1
12 165 1
12 168 1
12 169 1
12 181 1
12 211 1
12 224 1
12 227 1
12 235 1
12 249 1
12 250 1
12 277 1
12 327 1
12 334 1
12 346 1
12 350 1
12 357 1
12 363 1
12 381 1
12 386 1
12 389 1
12 402 1
12 403 1
12 429 1
12 445 1
12 448 1
12 499 1
12 500 1
12 514 1
12 572 1
12 597 1
12 624 1
12 625 1
12 644 1
12 695 1
12 730 1
12 771 1
12 774 1
12 802 1
12 823 1
12 836 1
12 882 1
12 889 1
12 924 1
12 961 1
12 968 1
12 973 1
12 986 1
12 990 1
12 1090 1
12 1110 1
12 1138 1
12 1256 1
12 1271 1
12 1284 1
12 1293 1
12 1307 1
12 1380 1
13 14 1
13 23 1
13 26 1
13 31 1
13 37 1
13 45 1
13 61 1
13 68 1
13 94 1
13 101 1
13 117 1
13 132 1
13 147 1
13 152 1
13 178 1
13 196 1
13 241 1
13 246 1
13 251 1
13 268 1
13 345 1
13 375 1
13 392 1
13 414 1
13 426 1
13 473 1
13 507 1
13 516 1
13 534 1
13 611 1
13 637 1
13 761 1
13 778 1
13 867 1
13 886 1
13 892 1
13 893 1
13 952 1
13 955 1
13 988 1
13 990 1
13 1029 1
13 1072 1
13 1129 1
13 1132 1
13 1210 1
13 1215 1
13 1272 1
13 1287 1
13 1384 1
14 19 1
14 20 1
14 26 1
14 46 1
14 51 1
14 60 1
14 61 1
14 81 1
14 91 1
14 105 1
14 191 1
14 202 1
14 236 1
14 301 1
14 328 1
14 341 1
14 364 1
14 375 1
14 376 1
14 405 1
14 441 1
14 452 1
14 535 1
14 541 1
14 622 1
14 658 1
14 676 1
14 687 1
14 766 1
14 768 1
14 839 1
14 843 1
14 906 1
14 921 1
14 966 1
14 1004 1
14 1033 1
14 1037 1
14 1044 1
14 1099 1
14 1146 1
14 1149 1
14 1186 1
14 1274 1
14 1318 1
14 1321 1
15 20 1
15 23 1
15 27 1
15 28 1
15 30 1
15 38 1
15 89 1
15 108 1
15 141 1
15 164 1
15 183 1
15 192 1
15 231 1
15 247 1
15 352 1
15 382 1
15 539 1
15 547 1
15 767 1
15 768 1
15 939 1
15 966 1
15 1094 1
15 1115 1
15 1276 1
16 22 1
16 33 1
16 36 1
16 43 1
16 58 1
16 63 1
16 91 1
16 134 1
16 180 1
16 200 1
16 205 1
16 295 1
16 306 1
16 423 1
16 440 1
16 502 1
16 527 1
16 598 1
16 690 1
16 694 1
16 698 1
16 704 1
16 707 1
16 851 1
16 959 1
16 966 1
16 1103 1
16 1120 1
16 1234 1
16 1344 1
17 18 1
17 22 1
17 34 1
17 42 1
17 49 1
17 51 1
17 56 1
17 65 1
17 69 1
17 77 1
17 80 1
17 97 1
17 105 1
17 126 1
17 137 1
17 144 1
17 146 1
17 177 1
17 182 1
17 198 1
17 209 1
17 210 1
17 212 1
17 213 1
17 224 1
17 248 1
17 256 1
17 269 1
17 274 1
17 283 1
17 305 1
17 313 1
17 317 1
17 318 1
17 360 1
17 365 1
17 385 1
17 425 1
17 427 1
17 477 1
17 497 1
17 499 1
17 529 1
17 563 1
17 595 1
17 612 1
17 618 1
17 628 1
17 640 1
17 674 1
17 683 1
17 685 1
17 731 1
17 771 1
17 798 1
17 815 1
17 827 1
17 890 1
17 911 1
17 912 1
17 955 1
17 960 1
17 972 1
17 984 1
17 1020 1
17 1103 1
17 1113 1
17 1152 1
17 1198 1
17 1201 1
17 1236 1
17 1237 1
17 1251 1
17 1267 1
17 1296 1
17 1316 1
17 1397 1
18 19 1
18 28 1
18 32 1
18 43 1
18 58 1
18 67 1
18 83 1
18 102 1
18 106 1
18 117 1
18 154 1
18 171 1
18 184 1
18 196 1
18 266 1
18 285 1
18 289 1
18 326 1
18 344 1
18 417 1
18 448 1
18 490 1
18 509 1
18 513 1
18 527 1
18 549 1
18 580 1
18 583 1
18 615 1
18 650 1
18 651 1
18 653 1
18 672 1
18 744 1
18 780 1
18 783 1
18 796 1
18 908 1
18 963 1
18 980 1
18 981 1
18 1052 1
18 1060 1
18 1084 1
18 1089 1
18 1107 1
18 1116 1
18 1168 1
18 1204 1
18 1264 1
18 1337 1
18 1378 1
19 34 1
19 53 1
19 64 1
19 101 1
19 122 1
19 123 1
19 128 1
19 147 1
19 150 1
19 179 1
19 206 1
19 229 1
19 368 1
19 474 1
19 566 1
19 900 1
19 913 1
19 924 1
19 954 1
19 1222 1
19 1268 1
19 1328 1
20 24 1
20 29 1
20 31 1
20 51 1
20 78 1
20 106 1
20 107 1
20 150 1
20 155 1
20 238 1
20 287 1
20 447 1
20 724 1
20 820 1
20 1019 1
20 1223 1
20 1260 1
21 35 1
21 127 1
21 161 1
21 271 1
21 295 1
21 382 1
21 470 1
21 496 1
21 543 1
21 597 1
21 614 1
21 654 1
21 687 1
21 1065 1
21 1075 1
21 1080 1
21 1195 1
21 1299 1
21 1330 1
22 29 1
22 55 1
22 57 1
22 290 1
22 400 1
22 470 1
22 567 1
22 616 1
22 663 1
22 872 1
22 1186 1
22 1241 1
22 1365 1
23 73 1
23 94 1
23 166 1
23 176 1
23 300 1
23 428 1
23 439 1
23 457 1
23 546 1
23 647 1
23 723 1
23 790 1
23 803 1
23 925 1
23 1054 1
23 1064 1
23 1198 1
23 1377 1
24 30 1
24 88 1
24 129 1
24 166 1
24 174 1
24 225 1
24 232 1
24 307 1
24 460 1
24 461 1
24 480 1
24 514 1
24 735 1
24 767 1
24 814 1
24 866 1
24 1317 1
24 1327 1
25 60 1
25 73 1
25 90 1
25 111 1
25 157 1
25 199 1
25 202 1
25 227 1
25 242 1
25 282 1
25 303 1
25 311 1
25 358 1
25 404 1
25 408 1
25 464 1
25 594 1
25 832 1
25 1258 1
25 1310 1
25 1315 1
26 27 1
26 49 1
26 133 1
26 206 1
26 245 1
26 301 1
26 353 1
26 571 1
26 697 1
26 879 1
26 988 1
27 36 1
27 65 1
27 70 1
27 71 1
27 90 1
27 131 1
27 141 1
27 156 1
27 173 1
27 180 1
27 205 1
27 208 1
27 213 1
27 267 1
27 284 1
27 304 1
27 306 1
27 310 1
27 342 1
27 351 1
27 371 1
27 415 1
27 435 1
27 472 1
27 531 1
27 569 1
27 598 1
27 681 1
27 750 1
27 800 1
27 802 1
27 831 1
27 953 1
27 1046 1
27 1074 1
27 1113 1
27 1129 1
27 1138 1
27 1200 1
27 1211 1
27 1252 1
28 36 1
28 41 1
28 71 1
28 86 1
28 95 1
28 137 1
28 191 1
28 194 1
28 232 1
28 246 1
28 256 1
28 288 1
28 297 1
28 323 1
28 359 1
28 375 1
28 430 1
28 473 1
28 482 1
28 483 1
28 495 1
28 498 1
28 502 1
28 529 1
28 580 1
28 593 1
28 627 1
28 690 1
28 863 1
28 899 1
28 917 1
28 992 1
28 1024 1
28 1027 1
28 1067 1
28 1108 1
28 1217 1
28 1221 1
28 1222 1
28 1309 1
29 37 1
29 126 1
29 410 1
29 604 1
29 626 1
29 794 1
29 984 1
29 1073 1
29 1359 1
30 35 1
30 39 1
30 81 1
30 92 1
30 98 1
30 106 1
30 114 1
30 116 1
30 131 1
30 214 1
30 370 1
30 417 1
30 476 1
30 528 1
30 557 1
30 588 1
30 696 1
30 707 1
30 779 1
30 869 1
30 877 1
30 957 1
30 1201 1
30 1255 1
30 1271 1
31 63 1
31 169 1
31 229 1
31 292 1
31 473 1
31 578 1
31 1224 1
32 75 1
32 78 1
32 145 1
32 156 1
32 176 1
32 181 1
32 186 1
32 199 1
32 200 1
32 208 1
32 234 1
32 291 1
32 317 1
32 362 1
32 368 1
32 410 1
32 421 1
32 434 1
32 589 1
32 635 1
32 680 1
32 757 1
32 760 1
32 872 1
32 935 1
32 1034 1
32 1179 1
32 1193 1
32 1308 1
32 1341 1
33 38 1
33 48 1
33 82 1
33 89 1
33 118 1
33 132 1
33 143 1
33 172 1
33 179 1
33 283 1
33 507 1
33 623 1
33 747 1
33 827 1
33 909 1
33 913 1
33 989 1
33 1162 1
33 1164 1
33 1207 1
34 86 1
34 88 1
34 148 1
34 170 1
34 651 1
34 1037 1
34 1310 1
35 39 1
35 44 1
35 114 1
35 115 1
35 235 1
35 241 1
35 275 1
35 332 1
35 354 1
35 371 1
35 383 1
35 427 1
35 453 1
35 534 1
35 716 1
35 819 1
35 830 1
35 1196 1
36 41 1
36 43 1
36 70 1
36 73 1
36 89 1
36 93 1
36 96 1
36 134 1
36 135 1
36 169 1
36 214 1
36 307 1
36 388 1
36 398 1
36 460 1
36 461 1
36 526 1
36 699 1
36 876 1
36 901 1
36 907 1
36 926 1
36 1056 1
37 106 1
37 168 1
37 175 1
37 210 1
37 223 1
37 252 1
37 287 1
37 317 1
37 365 1
37 394 1
37 499 1
37 647 1
37 691 1
37 693 1
37 815 1
37 902 1
37 1066 1
37 1347 1
38 54 1
38 163 1
38 215 1
38 244 1
38 412 1
38 434 1
38 470 1
38 504 1
38 538 1
38 561 1
38 589 1
38 666 1
38 717 1
38 735 1
38 879 1
38 926 1
38 991 1
38 1071 1
39 40 1
39 138 1
39 164 1
39 226 1
39 244 1
39 577 1
39 602 1
39 790 1
39 979 1
39 1050 1
39 1158 1
39 1193 1
39 1220 1
39 1366 1
40 54 1
40 64 1
40 71 1
40 159 1
40 167 1
40 173 1
40 221 1
40 247 1
40 276 1
40 316 1
40 450 1
40 553 1
40 621 1
40 671 1
40 824 1
40 906 1
40 1295 1
41 83 1
41 125 1
41 166 1
41 176 1
41 182 1
41 289 1
41 352 1
41 395 1
41 439 1
41 451 1
41 701 1
41 776 1
41 888 1
41 929 1
41 963 1
41 1239 1
41 1262 1
41 1341 1
42 62 1
42 69 1
42 137 1
42 727 1
42 1120 1
43 77 1
43 87 1
43 92 1
43 129 1
43 190 1
43 194 1
43 217 1
43 292 1
43 798 1
43 919 1
43 974 1
43 1225 1
44 57 1
44 65 1
44 76 1
44 79 1
44 111 1
44 140 1
44 157 1
44 182 1
44 199 1
44 308 1
44 311 1
44 337 1
44 449 1
44 462 1
44 592 1
44 637 1
44 1022 1
44 1123 1
44 1182 1
44 1212 1
44 1322 1
44 1342 1
44 1345 1
44 1358 1
44 1371 1
44 1372 1
44 1384 1
44 1388 1
45 50 1
45 57 1
45 66 1
45 74 1
45 85 1
45 109 1
45 115 1
45 119 1
45 130 1
45 143 1
45 146 1
45 160 1
45 172 1
45 184 1
45 188 1
45 193 1
45 236 1
45 256 1
45 266 1
45 304 1
45 343 1
45 396 1
45 445 1
45 542 1
45 604 1
45 649 1
45 662 1
45 702 1
45 732 1
45 733 1
45 760 1
45 765 1
45 783 1
45 866 1
45 1012 1
45 1018 1
45 1098 1
45 1138 1
45 1228 1
45 1254 1
45 1304 1
46 47 1
46 48 1
46 56 1
46 62 1
46 82 1
46 95 1
46 110 1
46 123 1
46 200 1
46 339 1
46 379 1
46 402 1
46 403 1
46 475 1
46 644 1
46 858 1
46 893 1
46 1042 1
46 1076 1
46 1179 1
46 1206 1
46 1306 1
46 1362 1
47 54 1
47 72 1
47 82 1
47 161 1
47 459 1
47 494 1
47 601 1
47 841 1
47 1019 1
47 1262 1
48 278 1
48 519 1
48 599 1
48 899 1
48 929 1
48 1052 1
48 1300 1
49 57 1
49 268 1
49 932 1
50 66 1
50 68 1
50 108 1
50 155 1
50 164 1
50 188 1
50 207 1
50 232 1
50 298 1
50 559 1
50 664 1
50 772 1
50 775 1
50 945 1
50 1255 1
50 1325 1
51 178 1
51 210 1
51 212 1
51 277 1
51 328 1
51 364 1
51 489 1
51 515 1
51 616 1
51 676 1
51 685 1
51 781 1
51 985 1
51 990 1
51 1162 1
51 1178 1
51 1232 1
51 1260 1
51 1273 1
52 148 1
52 293 1
52 297 1
52 322 1
52 330 1
52 377 1
52 457 1
52 515 1
52 760 1
53 59 1
53 74 1
53 113 1
53 149 1
53 164 1
53 165 1
53 196 1
53 218 1
53 228 1
53 230 1
53 237 1
53 255 1
53 261 1
53 288 1
53 296 1
53 357 1
53 414 1
53 474 1
53 506 1
53 528 1
53 559 1
53 646 1
53 647 1
53 669 1
53 692 1
53 705 1
53 724 1
53 742 1
53 746 1
53 1055 1
53 1090 1
53 1213 1
53 1293 1
53 1338 1
53 1364 1
54 56 1
54 59 1
54 73 1
54 130 1
54 146 1
54 153 1
54 391 1
54 408 1
54 460 1
54 668 1
54 749 1
54 829 1
54 898 1
54 983 1
54 1110 1
54 1190 1
54 1203 1
54 1219 1
54 1262 1
55 82 1
55 114 1
55 128 1
55 207 1
55 217 1
55 299 1
55 312 1
55 437 1
55 795 1
55 927 1
55 969 1
55 1058 1
55 1186 1
55 1223 1
55 1256 1
55 1315 1
56 101 1
56 153 1
56 318 1
56 362 1
56 466 1
56 544 1
56 666 1
56 961 1
56 979 1
56 1077 1
56 1173 1
56 1205 1
56 1354 1
57 59 1
57 108 1
57 187 1
57 205 1
57 208 1
57 423 1
57 457 1
57 529 1
57 647 1
57 649 1
57 753 1
57 762 1
57 915 1
57 1108 1
57 1221 1
57 1329 1
57 1341 1
58 64 1
58 78 1
58 90 1
58 120 1
58 170 1
58 204 1
58 209 1
58 226 1
58 262 1
58 343 1
58 407 1
58 517 1
58 602 1
58 643 1
58 679 1
58 713 1
58 718 1
58 720 1
58 791 1
58 873 1
58 892 1
58 912 1
58 953 1
58 1031 1
58 1143 1
58 1178 1
58 1364 1
59 70 1
59 118 1
59 125 1
59 247 1
59 497 1
59 607 1
59 620 1
59 1095 1
59 1258 1
60 74 1
60 79 1
60 216 1
60 287 1
60 368 1
60 517 1
60 585 1
60 598 1
60 670 1
60 999 1
60 1028 1
60 1055 1
60 1107 1
60 1122 1
60 1142 1
60 1312 1
60 1386 1
61 93 1
61 162 1
61 217 1
61 220 1
61 291 1
61 568 1
61 620 1
61 696 1
61 725 1
62 91 1
62 135 1
62 137 1
62 170 1
62 177 1
62 236 1
62 296 1
62 394 1
62 462 1
62 476 1
62 770 1
62 890 1
62 901 1
62 958 1
62 1087 1
62 1278 1
63 72 1
63 77 1
63 114 1
63 121 1
63 136 1
63 153 1
63 158 1
63 167 1
63 169 1
63 182 1
63 215 1
63 235 1
63 237 1
63 279 1
63 295 1
63 331 1
63 381 1
63 425 1
63 510 1
63 557 1
63 597 1
63 640 1
63 884 1
63 904 1
63 935 1
63 1119 1
63 1344 1
64 67 1
64 68 1
64 69 1
64 103 1
64 158 1
64 204 1
64 230 1
64 233 1
64 238 1
64 286 1
64 306 1
64 346 1
64 440 1
64 444 1
64 576 1
64 600 1
64 923 1
64 973 1
64 1058 1
64 1190 1
64 1206 1
65 84 1
65 151 1
65 190 1
65 421 1
65 924 1
65 937 1
65 1074 1
66 69 1
66 72 1
66 74 1
66 79 1
66 86 1
66 89 1
66 104 1
66 117 1
66 120 1
66 124 1
66 157 1
66 171 1
66 195 1
66 216 1
66 242 1
66 278 1
66 285 1
66 296 1
66 304 1
66 366 1
66 371 1
66 457 1
66 458 1
66 496 1
66 543 1
66 553 1
66 560 1
66 615 1
66 626 1
66 642 1
66 808 1
66 828 1
66 926 1
66 988 1
66 1168 1
66 1200 1
66 1255 1
66 1315 1
66 1330 1
67 127 1
67 139 1
67 150 1
67 174 1
67 180 1
67 192 1
67 240 1
67 244 1
67 313 1
67 391 1
67 433 1
67 468 1
67 544 1
67 610 1
67 634 1
67 635 1
67 728 1
67 742 1
67 782 1
67 793 1
67 803 1
67 822 1
67 965 1
67 1082 1
67 1083 1
67 1156 1
67 1177 1
67 1210 1
68 181 1
68 233 1
68 407 1
68 588 1
68 789 1
68 945 1
68 1187 1
69 110 1
69 116 1
69 211 1
69 222 1
69 262 1
69 264 1
69 419 1
69 586 1
69 737 1
69 819 1
69 836 1
69 960 1
69 973 1
69 1049 1
69 1161 1
70 138 1
70 260 1
70 269 1
70 272 1
70 413 1
70 452 1
70 607 1
70 852 1
71 84 1
71 101 1
71 121 1
71 208 1
71 527 1
71 559 1
71 726 1
71 914 1
71 936 1
71 1060 1
71 1119 1
71 1228 1
71 1272 1
71 1314 1
71 1383 1
72 133 1
72 196 1
72 231 1
72 251 1
72 301 1
72 417 1
72 607 1
72 615 1
72 734 1
72 1168 1
72 1333 1
72 1378 1
73 132 1
73 294 1
73 603 1
73 667 1
73 729 1
73 876 1
73 928 1
73 945 1
73 1017 1
74 108 1
74 310 1
74 388 1
74 481 1
75 76 1
75 105 1
75 129 1
75 142 1
75 149 1
75 161 1
75 272 1
75 297 1
75 299 1
75 332 1
75 364 1
75 406 1
75 462 1
75 487 1
75 551 1
75 575 1
75 592 1
75 622 1
75 633 1
75 983 1
75 1022 1
75 1106 1
75 1134 1
75 1151 1
75 1220 1
75 1253 1
76 80 1
76 134 1
76 136 1
76 289 1
76 450 1
76 494 1
76 537 1
76 605 1
76 686 1
76 766 1
76 815 1
76 920 1
76 1132 1
76 1151 1
76 1170 1
76 1174 1
76 1291 1
76 1324 1
76 1393 1
77 149 1
77 185 1
77 203 1
77 305 1
77 309 1
77 356 1
77 406 1
77 453 1
77 576 1
77 983 1
77 1099 1
77 1311 1
77 1327 1
77 1352 1
78 80 1
78 83 1
78 102 1
78 121 1
78 354 1
78 380 1
78 391 1
78 407 1
78 537 1
78 675 1
78 793 1
78 1241 1
79 85 1
79 113 1
79 280 1
79 496 1
79 586 1
79 665 1
79 1083 1
79 1279 1
80 126 1
80 149 1
80 204 1
80 207 1
80 214 1
80 444 1
80 666 1
80 697 1
80 756 1
80 863 1
80 1317 1
81 93 1
81 250 1
81 361 1
81 476 1
81 749 1
81 1001 1
81 1072 1
82 87 1
82 119 1
82 187 1
82 211 1
82 226 1
82 343 1
82 349 1
82 350 1
82 387 1
82 433 1
82 495 1
82 603 1
82 636 1
82 655 1
82 710 1
82 734 1
82 768 1
82 771 1
82 861 1
82 919 1
82 981 1
82 1011 1
82 1019 1
82 1088 1
82 1097 1
82 1100 1
82 1197 1
82 1355 1
83 107 1
83 117 1
83 150 1
83 160 1
83 312 1
83 356 1
83 419 1
83 420 1
83 796 1
83 833 1
83 909 1
83 1175 1
84 97 1
84 116 1
84 119 1
84 197 1
84 233 1
84 246 1
84 366 1
84 399 1
84 432 1
84 433 1
84 518 1
84 551 1
84 629 1
84 702 1
84 971 1
84 1000 1
84 1016 1
84 1046 1
84 1190 1
84 1200 1
84 1207 1
84 1214 1
84 1229 1
84 1233 1
84 1278 1
84 1307 1
84 1328 1
84 1361 1
85 100 1
85 353 1
85 372 1
85 522 1
85 539 1
85 561 1
85 889 1
85 1152 1
85 1243 1
86 156 1
86 312 1
86 384 1
86 492 1
86 509 1
86 826 1
86 874 1
87 273 1
87 603 1
87 950 1
87 998 1
87 1140 1
87 1165 1
87 1269 1
87 1386 1
88 257 1
88 349 1
88 395 1
88 472 1
88 585 1
88 606 1
88 637 1
88 672 1
88 1125 1
89 102 1
89 376 1
89 378 1
89 387 1
89 402 1
89 403 1
89 415 1
89 437 1
89 544 1
89 609 1
89 834 1
89 922 1
89 1205 1
89 1257 1
90 133 1
90 152 1
90 193 1
90 207 1
90 281 1
90 329 1
90 342 1
90 367 1
90 373 1
90 403 1
90 418 1
90 520 1
90 704 1
90 824 1
90 942 1
90 1020 1
90 1347 1
90 1367 1
91 122 1
91 241 1
91 387 1
91 424 1
91 862 1
91 972 1
91 1013 1
91 1097 1
91 1143 1
91 1174 1
91 1398 1
92 103 1
92 271 1
92 282 1
92 347 1
92 349 1
92 366 1
92 392 1
92 416 1
92 458 1
92 523 1
92 644 1
92 670 1
92 715 1
92 917 1
92 1223 1
92 1239 1
93 162 1
93 163 1
93 250 1
93 252 1
93 281 1
93 282 1
93 321 1
93 411 1
93 417 1
93 481 1
93 498 1
93 519 1
93 527 1
93 530 1
93 553 1
93 751 1
93 763 1
93 810 1
93 818 1
93 1061 1
93 1105 1
93 1160 1
93 1217 1
93 1346 1
94 178 1
94 409 1
94 514 1
94 603 1
94 863 1
94 874 1
94 974 1
94 1124 1
94 1171 1
94 1197 1
95 97 1
95 124 1
95 165 1
95 189 1
95 204 1
95 215 1
95 331 1
95 333 1
95 346 1
95 358 1
95 420 1
95 530 1
95 531 1
95 547 1
95 564 1
95 652 1
95 694 1
95 767 1
95 804 1
95 821 1
95 867 1
95 1081 1
95 1245 1
96 122 1
96 152 1
96 292 1
96 344 1
96 398 1
96 853 1
96 889 1
96 1172 1
96 1194 1
96 1348 1
97 119 1
97 127 1
97 333 1
97 663 1
97 676 1
97 706 1
98 142 1
98 157 1
98 173 1
98 195 1
98 224 1
98 270 1
98 316 1
98 439 1
98 623 1
98 878 1
98 909 1
98 930 1
98 1258 1
99 219 1
99 254 1
99 305 1
99 448 1
99 571 1
99 574 1
99 732 1
99 755 1
99 937 1
99 952 1
99 1203 1
99 1246 1
99 1395 1
100 211 1
100 459 1
100 590 1
100 816 1
100 1173 1
101 201 1
101 240 1
101 378 1
101 423 1
101 591 1
101 812 1
101 844 1
101 968 1
101 1210 1
101 1272 1
101 1314 1
102 266 1
102 314 1
102 395 1
102 422 1
102 479 1
102 483 1
102 654 1
102 1005 1
102 1079 1
102 1182 1
102 1359 1
103 136 1
103 226 1
103 348 1
103 784 1
103 1091 1
103 1375 1
103 1381 1
104 138 1
104 327 1
104 331 1
104 368 1
104 965 1
104 1179 1
104 1235 1
105 202 1
105 220 1
105 319 1
105 400 1
105 896 1
105 913 1
106 180 1
106 193 1
106 213 1
106 243 1
106 246 1
106 264 1
106 390 1
106 413 1
106 432 1
106 514 1
106 632 1
106 682 1
106 1067 1
106 1352 1
107 142 1
107 310 1
107 367 1
107 386 1
107 440 1
107 508 1
107 513 1
107 1209 1
107 1230 1
107 1296 1
108 273 1
108 324 1
108 396 1
108 438 1
108 556 1
108 559 1
108 842 1
108 1121 1
108 1217 1
108 1318 1
108 1360 1
109 155 1
109 172 1
109 335 1
109 483 1
109 535 1
109 539 1
109 1211 1
109 1365 1
110 172 1
110 366 1
110 507 1
110 613 1
110 652 1
110 655 1
110 742 1
110 831 1
110 894 1
110 914 1
110 1076 1
110 1207 1
110 1214 1
110 1280 1
110 1387 1
111 113 1
111 183 1
111 186 1
111 222 1
111 230 1
111 249 1
111 339 1
111 355 1
111 377 1
111 512 1
111 540 1
111 546 1
111 658 1
111 725 1
111 751 1
111 883 1
111 1041 1
112 185 1
112 405 1
112 422 1
112 543 1
112 544 1
112 551 1
112 1120 1
113 308 1
113 435 1
113 468 1
113 485 1
113 504 1
113 658 1
113 717 1
113 776 1
113 975 1
113 1164 1
113 1189 1
114 162 1
114 455 1
114 693 1
114 711 1
114 739 1
114 774 1
114 800 1
114 818 1
114 918 1
114 1358 1
115 230 1
115 257 1
115 259 1
115 275 1
115 282 1
115 355 1
115 456 1
115 489 1
115 638 1
115 714 1
115 725 1
115 808 1
115 843 1
115 844 1
115 1212 1
115 1351 1
116 409 1
116 579 1
116 700 1
116 820 1
116 1154 1
117 159 1
117 163 1
117 441 1
117 517 1
117 738 1
117 769 1
117 833 1
117 1014 1
118 129 1
118 225 1
118 247 1
118 347 1
118 633 1
118 1071 1
118 1127 1
118 1242 1
118 1287 1
118 1316 1
118 1349 1
119 338 1
119 838 1
119 912 1
119 1215 1
120 206 1
120 302 1
120 443 1
120 533 1
120 587 1
120 730 1
120 734 1
120 787 1
120 861 1
120 940 1
120 1003 1
120 1053 1
120 1125 1
120 1300 1
121 695 1
121 1304 1
121 1353 1
121 1397 1
122 127 1
122 167 1
122 227 1
122 275 1
122 337 1
122 351 1
122 442 1
122 449 1
122 631 1
122 688 1
122 1051 1
123 253 1
123 324 1
123 340 1
123 390 1
123 472 1
123 551 1
123 609 1
123 645 1
123 690 1
123 782 1
123 898 1
124 219 1
124 279 1
124 280 1
124 339 1
124 383 1
124 785 1
124 1155 1
125 161 1
125 286 1
125 714 1
125 1024 1
125 1243 1
125 1336 1
125 1355 1
125 1394 1
126 138 1
126 155 1
126 186 1
126 242 1
126 355 1
126 398 1
126 408 1
126 579 1
126 619 1
126 628 1
126 632 1
126 770 1
126 1126 1
126 1291 1
127 139 1
127 151 1
127 154 1
127 240 1
127 345 1
127 848 1
127 1001 1
127 1071 1
128 168 1
128 175 1
128 378 1
128 382 1
128 566 1
128 612 1
128 643 1
128 708 1
128 923 1
128 1362 1
129 273 1
129 321 1
129 330 1
129 347 1
129 376 1
129 425 1
129 502 1
129 630 1
129 1295 1
129 1376 1
130 135 1
130 691 1
130 807 1
130 1169 1
130 1176 1
131 238 1
131 270 1
131 363 1
131 410 1
131 464 1
131 488 1
131 868 1
131 958 1
131 1064 1
131 1141 1
132 140 1
132 197 1
132 218 1
132 259 1
132 284 1
132 286 1
132 505 1
132 703 1
132 801 1
132 889 1
132 1047 1
132 1069 1
132 1259 1
132 1353 1
133 159 1
133 199 1
133 201 1
133 252 1
133 353 1
133 442 1
133 1195 1
134 179 1
134 205 1
134 300 1
134 332 1
134 335 1
134 339 1
134 399 1
134 526 1
134 762 1
134 827 1
134 845 1
134 1066 1
134 1081 1
134 1355 1
135 160 1
135 174 1
135 426 1
135 510 1
135 581 1
135 664 1
135 764 1
135 787 1
136 674 1
136 699 1
136 1348 1
137 142 1
137 310 1
137 748 1
137 850 1
137 1342 1
138 186 1
138 244 1
138 352 1
138 498 1
138 534 1
138 691 1
138 722 1
138 744 1
138 800 1
138 852 1
138 1160 1
138 1244 1
138 1279 1
138 1290 1
138 1324 1
139 160 1
139 219 1
139 369 1
139 374 1
139 384 1
139 416 1
139 452 1
139 481 1
139 482 1
139 512 1
139 669 1
139 726 1
139 750 1
139 796 1
139 1207 1
140 152 1
140 189 1
140 278 1
140 362 1
140 905 1
140 1133 1
140 1243 1
141 764 1
141 857 1
141 1162 1
142 168 1
142 175 1
142 225 1
142 248 1
142 653 1
142 1045 1
143 231 1
143 444 1
143 587 1
143 745 1
143 886 1
143 942 1
143 1084 1
144 183 1
144 267 1
144 528 1
144 956 1
144 1068 1
144 1357 1
145 147 1
145 203 1
145 1172 1
146 167 1
146 343 1
146 770 1
146 780 1
146 1240 1
146 1309 1
147 218 1
147 228 1
147 409 1
147 477 1
147 479 1
148 195 1
148 324 1
148 354 1
148 378 1
148 558 1
148 859 1
148 912 1
148 936 1
148 1106 1
149 239 1
149 315 1
149 335 1
149 395 1
149 538 1
149 639 1
149 700 1
149 708 1
149 739 1
149 788 1
149 927 1
149 1008 1
149 1031 1
149 1233 1
150 222 1
150 293 1
150 294 1
150 446 1
150 501 1
150 635 1
150 1052 1
150 1332 1
150 1386 1
151 202 1
151 351 1
151 487 1
151 758 1
151 1135 1
152 159 1
152 276 1
152 367 1
152 415 1
152 493 1
152 968 1
152 1367 1
152 1370 1
153 265 1
153 596 1
153 617 1
153 1023 1
153 1196 1
154 212 1
154 258 1
154 290 1
154 438 1
154 466 1
154 478 1
154 694 1
154 1025 1
155 210 1
155 298 1
155 376 1
155 501 1
155 584 1
155 628 1
155 665 1
155 669 1
155 778 1
155 812 1
155 865 1
155 920 1
155 932 1
155 983 1
155 1109 1
156 185 1
156 271 1
156 323 1
156 385 1
156 613 1
156 678 1
156 754 1
156 795 1
156 850 1
156 1062 1
156 1336 1
157 198 1
157 235 1
157 606 1
157 786 1
157 975 1
157 1146 1
158 269 1
158 338 1
158 838 1
158 980 1
159 201 1
159 265 1
159 428 1
159 656 1
159 928 1
159 1124 1
159 1249 1
159 1313 1
159 1370 1
160 316 1
160 379 1
160 589 1
160 943 1
160 1061 1
160 1118 1
160 1371 1
161 217 1
161 270 1
161 272 1
161 274 1
161 309 1
161 393 1
161 446 1
161 751 1
161 888 1
161 938 1
161 1105 1
161 1396 1
162 200 1
162 524 1
162 593 1
162 751 1
162 1066 1
162 1148 1
162 1163 1
162 1315 1
163 171 1
163 223 1
163 248 1
163 272 1
163 334 1
163 336 1
163 346 1
163 418 1
163 475 1
163 569 1
163 604 1
163 632 1
163 641 1
163 734 1
163 799 1
163 1040 1
163 1230 1
163 1263 1
163 1337 1
163 1394 1
164 275 1
164 846 1
164 1339 1
165 512 1
165 560 1
165 683 1
165 1287 1
166 286 1
166 308 1
166 404 1
166 447 1
166 532 1
166 795 1
166 865 1
166 888 1
166 957 1
166 1035 1
166 1098 1
166 1400 1
167 184 1
167 351 1
167 471 1
167 506 1
167 656 1
167 660 1
167 671 1
167 693 1
167 780 1
167 868 1
167 1025 1
167 1219 1
167 1274 1
168 179 1
168 220 1
168 224 1
168 249 1
168 276 1
168 370 1
168 426 1
168 577 1
168 596 1
168 624 1
168 642 1
168 673 1
168 793 1
168 847 1
168 848 1
168 1013 1
168 1110 1
168 1248 1
168 1307 1
169 177 1
169 188 1
169 361 1
169 411 1
169 783 1
169 934 1
170 641 1
170 686 1
170 1088 1
170 1270 1
171 330 1
171 340 1
171 348 1
171 350 1
171 431 1
171 515 1
171 974 1
171 978 1
171 1026 1
171 1123 1
171 1191 1
171 1225 1
172 253 1
172 265 1
172 302 1
172 372 1
172 416 1
172 418 1
172 464 1
172 469 1
172 651 1
172 723 1
172 899 1
172 1070 1
172 1173 1
172 1227 1
172 1368 1
173 198 1
173 239 1
173 316 1
173 921 1
173 1047 1
173 1163 1
173 1185 1
173 1192 1
173 1266 1
173 1298 1
174 239 1
174 531 1
174 789 1
174 1041 1
174 1172 1
175 214 1
175 459 1
175 596 1
175 664 1
175 759 1
175 885 1
176 223 1
176 290 1
176 359 1
176 362 1
176 451 1
176 645 1
176 785 1
176 809 1
177 277 1
177 323 1
177 467 1
177 531 1
177 654 1
177 758 1
177 1002 1
177 1299 1
177 1320 1
178 1356 1
179 301 1
180 555 1
180 1183 1
181 300 1
181 478 1
181 588 1
181 678 1
181 867 1
181 1115 1
181 1255 1
182 577 1
182 950 1
182 1323 1
183 567 1
183 948 1
183 970 1
184 228 1
184 257 1
184 562 1
184 573 1
184 637 1
184 666 1
184 819 1
184 885 1
184 1037 1
184 1188 1
185 223 1
185 245 1
185 284 1
185 320 1
185 369 1
185 642 1
185 746 1
185 769 1
185 869 1
185 1092 1
185 1283 1
185 1313 1
186 290 1
186 588 1
186 648 1
186 714 1
187 728 1
187 820 1
187 932 1
188 227 1
188 293 1
188 318 1
188 472 1
188 578 1
188 619 1
188 634 1
188 805 1
188 807 1
188 816 1
188 900 1
188 1188 1
188 1269 1
188 1287 1
189 421 1
189 601 1
189 660 1
189 880 1
189 1011 1
189 1181 1
189 1393 1
190 348 1
190 471 1
191 234 1
191 576 1
192 243 1
192 463 1
192 605 1
192 834 1
192 1050 1
192 1133 1
192 1177 1
193 349 1
193 598 1
193 884 1
193 1202 1
194 436 1
194 585 1
194 621 1
194 787 1
194 1101 1
194 1115 1
194 1291 1
195 414 1
195 581 1
195 594 1
195 660 1
195 661 1
195 1202 1
195 1218 1
195 1231 1
195 1277 1
195 1399 1
196 465 1
196 490 1
196 708 1
196 835 1
196 1176 1
196 1363 1
197 503 1
197 724 1
198 264 1
198 345 1
198 471 1
198 480 1
198 797 1
198 1102 1
198 1307 1
199 270 1
199 292 1
199 315 1
199 430 1
199 696 1
199 754 1
199 1008 1
199 1116 1
199 1154 1
200 209 1
200 827 1
200 1300 1
201 215 1
201 548 1
201 563 1
201 743 1
201 752 1
201 826 1
201 885 1
202 379 1
202 548 1
202 1111 1
203 216 1
203 280 1
203 295 1
203 389 1
203 465 1
203 525 1
203 566 1
203 620 1
203 747 1
203 813 1
203 883 1
203 966 1
203 989 1
203 1051 1
203 1147 1
203 1231 1
203 1297 1
203 1301 1
203 1342 1
203 1369 1
204 238 1
204 263 1
204 331 1
204 393 1
204 455 1
204 759 1
204 781 1
204 832 1
204 910 1
204 986 1
204 1065 1
204 1214 1
204 1220 1
204 1337 1
205 213 1
205 254 1
205 320 1
205 442 1
205 759 1
205 931 1
205 1370 1
206 255 1
206 1142 1
207 326 1
207 342 1
207 363 1
207 469 1
207 590 1
208 221 1
208 285 1
208 386 1
208 441 1
208 789 1
208 1204 1
208 1312 1
209 298 1
209 397 1
209 549 1
209 797 1
209 1366 1
210 263 1
210 373 1
210 636 1
210 673 1
211 321 1
211 533 1
211 737 1
211 995 1
212 496 1
212 887 1
213 263 1
213 934 1
213 1292 1
213 1343 1
214 475 1
214 508 1
214 642 1
214 757 1
214 1238 1
214 1336 1
215 504 1
215 507 1
215 1004 1
216 219 1
216 392 1
216 1297 1
217 255 1
217 274 1
217 279 1
217 448 1
217 520 1
217 819 1
217 1005 1
217 1279 1
217 1288 1
217 1396 1
218 271 1
218 369 1
218 582 1
219 237 1
219 289 1
219 433 1
219 550 1
219 555 1
219 721 1
219 770 1
219 772 1
219 1057 1
219 1108 1
219 1221 1
219 1350 1
220 266 1
220 396 1
220 502 1
220 596 1
220 618 1
220 653 1
220 715 1
220 728 1
220 856 1
220 1053 1
222 294 1
222 401 1
222 692 1
222 972 1
222 1141 1
222 1157 1
222 1380 1
223 229 1
223 264 1
223 299 1
223 418 1
223 430 1
223 501 1
223 530 1
223 573 1
223 732 1
223 786 1
223 813 1
223 891 1
223 902 1
223 982 1
223 1012 1
223 1021 1
223 1201 1
224 241 1
224 341 1
224 438 1
224 439 1
224 554 1
224 577 1
224 702 1
224 908 1
224 1145 1
224 1379 1
225 257 1
225 259 1
225 851 1
225 961 1
225 1165 1
226 441 1
226 573 1
226 634 1
226 718 1
226 897 1
226 1091 1
227 336 1
227 505 1
227 518 1
227 570 1
227 881 1
228 397 1
228 700 1
228 1085 1
229 539 1
229 709 1
229 759 1
229 854 1
230 248 1
230 255 1
230 311 1
230 320 1
230 334 1
230 582 1
230 1055 1
230 1235 1
230 1276 1
231 328 1
231 713 1
231 841 1
231 1167 1
232 258 1
232 318 1
232 329 1
232 523 1
232 638 1
232 660 1
232 812 1
232 834 1
232 851 1
232 957 1
232 971 1
232 1246 1
232 1384 1
233 333 1
233 485 1
233 522 1
233 541 1
233 570 1
233 791 1
233 1373 1
234 380 1
234 398 1
234 627 1
234 1158 1
235 535 1
236 260 1
236 283 1
236 542 1
237 239 1
237 245 1
237 358 1
237 458 1
237 548 1
237 555 1
237 1023 1
237 1391 1
238 300 1
238 424 1
238 509 1
238 520 1
238 689 1
238 1304 1
239 280 1
239 326 1
239 561 1
239 910 1
240 259 1
240 265 1
240 288 1
240 401 1
240 437 1
240 516 1
240 563 1
240 719 1
240 895 1
240 1101 1
240 1140 1
241 261 1
241 267 1
241 268 1
241 335 1
241 487 1
241 493 1
241 567 1
241 667 1
241 839 1
241 984 1
241 1216 1
241 1350 1
241 1379 1
242 668 1
242 721 1
242 726 1
242 792 1
242 1052 1
242 1085 1
242 1229 1
243 805 1
243 871 1
243 1213 1
244 345 1
244 374 1
244 569 1
244 825 1
244 1233 1
244 1247 1
245 960 1
246 599 1
247 483 1
247 702 1
247 778 1
247 790 1
247 1045 1
247 1283 1
248 303 1
248 541 1
248 595 1
248 599 1
248 618 1
248 632 1
248 682 1
248 925 1
248 1217 1
249 461 1
249 534 1
249 623 1
249 1165 1
249 1294 1
249 1341 1
250 307 1
250 350 1
250 453 1
250 610 1
250 1192 1
250 1286 1
250 1292 1
251 256 1
251 779 1
251 907 1
251 1075 1
252 468 1
252 540 1
252 967 1
252 1073 1
252 1127 1
253 254 1
253 322 1
253 500 1
253 552 1
253 591 1
253 614 1
253 723 1
253 733 1
253 809 1
253 897 1
253 938 1
253 1147 1
253 1298 1
253 1365 1
254 552 1
254 556 1
254 575 1
254 656 1
254 772 1
254 1027 1
254 1029 1
254 1191 1
254 1265 1
255 314 1
255 612 1
255 737 1
255 1312 1
255 1358 1
256 340 1
256 591 1
256 978 1
256 1063 1
257 258 1
257 524 1
257 529 1
257 689 1
257 1107 1
257 1221 1
257 1247 1
259 294 1
259 814 1
260 336 1
260 401 1
260 462 1
260 521 1
260 575 1
260 697 1
260 830 1
260 907 1
260 1070 1
260 1073 1
260 1103 1
260 1179 1
260 1192 1
261 363 1
261 506 1
261 843 1
262 307 1
262 353 1
263 304 1
263 324 1
263 380 1
263 510 1
263 525 1
263 916 1
264 344 1
264 361 1
264 653 1
264 866 1
264 1045 1
264 1089 1
264 1106 1
264 1146 1
265 340 1
265 401 1
265 428 1
265 495 1
265 590 1
265 763 1
265 906 1
265 1325 1
266 314 1
266 583 1
266 727 1
266 811 1
266 932 1
266 1049 1
266 1231 1
266 1334 1
267 281 1
267 342 1
267 405 1
267 939 1
267 997 1
268 424 1
268 456 1
268 498 1
268 547 1
268 558 1
268 639 1
268 755 1
268 758 1
268 895 1
268 925 1
268 1266 1
269 361 1
269 864 1
269 929 1
269 947 1
270 302 1
270 478 1
270 852 1
270 925 1
271 319 1
271 458 1
271 624 1
271 715 1
271 858 1
271 908 1
271 1083 1
271 1092 1
271 1126 1
271 1268 1
271 1353 1
272 415 1
272 420 1
272 688 1
272 775 1
272 931 1
273 821 1
273 853 1
273 943 1
273 1028 1
273 1332 1
274 446 1
274 788 1
275 308 1
275 337 1
275 550 1
275 780 1
275 882 1
275 921 1
275 978 1
275 1320 1
275 1329 1
275 1350 1
276 321 1
276 1335 1
277 323 1
277 481 1
277 605 1
277 665 1
277 685 1
277 864 1
277 865 1
277 1234 1
277 1288 1
277 1326 1
278 560 1
278 818 1
278 890 1
278 1038 1
278 1199 1
279 511 1
279 617 1
280 470 1
280 503 1
280 813 1
280 980 1
282 450 1
282 480 1
282 626 1
282 1002 1
282 1014 1
282 1017 1
282 1030 1
282 1058 1
283 542 1
283 675 1
283 798 1
283 1150 1
284 311 1
284 1103 1
284 1368 1
285 608 1
285 1031 1
286 322 1
286 611 1
286 738 1
286 1002 1
287 670 1
287 1001 1
288 389 1
288 487 1
288 495 1
288 538 1
288 554 1
288 604 1
288 730 1
288 1275 1
289 406 1
289 428 1
289 443 1
289 465 1
289 511 1
289 574 1
289 579 1
289 662 1
289 663 1
289 698 1
289 806 1
289 1153 1
289 1235 1
290 509 1
290 804 1
291 1121 1
291 1250 1
291 1263 1
291 1271 1
292 369 1
292 497 1
292 583 1
292 871 1
293 600 1
293 720 1
293 1215 1
294 325 1
294 392 1
294 752 1
294 853 1
295 399 1
295 468 1
295 740 1
295 837 1
295 871 1
295 1178 1
295 1197 1
295 1261 1
295 1294 1
295 1360 1
296 573 1
296 646 1
296 863 1
296 947 1
296 1096 1
296 1119 1
296 1180 1
296 1322 1
297 842 1
297 1170 1
298 299 1
298 455 1
298 518 1
298 621 1
298 840 1
298 848 1
298 869 1
298 1323 1
299 319 1
299 325 1
299 360 1
299 384 1
299 391 1
299 446 1
299 455 1
299 486 1
299 610 1
299 752 1
299 835 1
299 1092 1
300 373 1
301 467 1
301 482 1
301 607 1
301 817 1
302 452 1
302 594 1
302 773 1
302 977 1
303 856 1
303 1104 1
303 1356 1
304 411 1
304 882 1
305 757 1
305 861 1
305 1065 1
306 511 1
306 1025 1
306 1078 1
307 354 1
307 1234 1
308 338 1
308 461 1
308 602 1
308 675 1
308 871 1
309 327 1
309 510 1
309 769 1
309 833 1
309 949 1
309 1072 1
309 1368 1
310 987 1
310 1289 1
311 454 1
311 536 1
311 933 1
312 380 1
312 435 1
312 466 1
312 684 1
312 986 1
313 319 1
313 329 1
313 359 1
313 444 1
313 445 1
313 808 1
313 1183 1
313 1349 1
314 367 1
314 566 1
314 967 1
314 1182 1
314 1254 1
315 352 1
315 386 1
315 467 1
315 617 1
315 657 1
315 729 1
315 1020 1
315 1025 1
315 1077 1
315 1098 1
315 1160 1
316 356 1
316 794 1
316 949 1
316 1063 1
316 1199 1
316 1301 1
317 434 1
317 443 1
317 491 1
317 595 1
317 625 1
317 1117 1
317 1161 1
317 1303 1
317 1377 1
318 469 1
318 1173 1
319 434 1
319 1151 1
319 1171 1
320 382 1
320 533 1
320 575 1
320 809 1
320 930 1
320 943 1
321 328 1
321 409 1
321 706 1
321 1030 1
321 1130 1
321 1270 1
321 1346 1
321 1376 1
323 325 1
323 400 1
323 823 1
323 991 1
323 1208 1
324 453 1
324 1360 1
325 326 1
325 377 1
325 402 1
325 437 1
325 526 1
325 628 1
325 692 1
325 705 1
325 848 1
325 1039 1
325 1324 1
325 1340 1
325 1357 1
326 327 1
326 355 1
326 731 1
326 779 1
326 1392 1
327 962 1
328 486 1
328 706 1
329 419 1
329 520 1
329 658 1
329 845 1
329 934 1
329 951 1
329 981 1
329 1130 1
329 1167 1
329 1241 1
330 404 1
331 407 1
331 530 1
331 591 1
331 910 1
331 1015 1
331 1130 1
331 1138 1
332 435 1
332 629 1
332 1331 1
333 422 1
333 476 1
333 485 1
333 522 1
333 809 1
333 1325 1
333 1350 1
334 370 1
334 375 1
334 420 1
334 712 1
334 1340 1
335 372 1
335 784 1
335 877 1
335 881 1
335 1144 1
336 356 1
336 413 1
336 921 1
337 385 1
337 489 1
337 976 1
337 1022 1
337 1212 1
338 954 1
338 1015 1
338 1021 1
339 917 1
339 964 1
341 1008 1
341 1010 1
341 1216 1
342 445 1
343 412 1
343 565 1
343 622 1
343 794 1
344 511 1
344 580 1
345 652 1
345 994 1
345 1009 1
346 365 1
346 715 1
346 1281 1
347 348 1
347 630 1
347 1007 1
347 1167 1
348 454 1
348 471 1
348 743 1
348 970 1
348 1282 1
349 1322 1
349 1372 1
350 720 1
350 1050 1
350 1054 1
351 490 1
351 808 1
352 454 1
352 536 1
352 582 1
352 847 1
352 1000 1
353 358 1
353 430 1
353 678 1
353 873 1
354 649 1
354 671 1
354 682 1
354 766 1
354 799 1
354 855 1
354 956 1
354 967 1
354 1004 1
354 1057 1
354 1367 1
355 388 1
355 427 1
355 844 1
356 413 1
356 753 1
356 1150 1
357 406 1
357 799 1
357 832 1
357 874 1
357 1252 1
357 1301 1
358 585 1
358 846 1
358 1237 1
358 1290 1
358 1358 1
359 492 1
360 381 1
360 387 1
360 935 1
360 1038 1
360 1240 1
361 447 1
361 486 1
361 489 1
361 494 1
361 650 1
361 740 1
361 849 1
361 1013 1
361 1151 1
361 1325 1
362 478 1
362 732 1
362 745 1
363 548 1
363 564 1
363 730 1
363 946 1
363 1041 1
363 1114 1
364 608 1
364 911 1
364 963 1
365 469 1
365 508 1
365 597 1
365 717 1
365 719 1
365 1000 1
365 1309 1
366 630 1
366 859 1
366 862 1
366 1118 1
367 962 1
367 979 1
367 1109 1
369 739 1
369 750 1
369 927 1
369 1277 1
373 390 1
374 840 1
374 876 1
374 931 1
374 1135 1
375 491 1
375 736 1
375 1067 1
376 419 1
378 450 1
378 503 1
378 589 1
378 940 1
378 1084 1
378 1195 1
378 1346 1
379 580 1
379 712 1
379 1123 1
380 499 1
380 1026 1
381 425 1
381 484 1
381 747 1
381 1020 1
382 467 1
382 491 1
382 565 1
382 656 1
382 752 1
382 764 1
382 1271 1
383 626 1
383 657 1
383 694 1
383 741 1
383 849 1
383 870 1
383 1054 1
383 1285 1
384 537 1
384 661 1
384 680 1
384 952 1
385 443 1
385 549 1
385 1384 1
386 733 1
386 1256 1
387 915 1
387 1016 1
387 1035 1
387 1072 1
387 1157 1
388 436 1
388 463 1
388 951 1
388 1059 1
388 1161 1
388 1338 1
389 545 1
389 784 1
389 887 1
390 521 1
390 836 1
390 1400 1
391 675 1
391 713 1
392 393 1
392 493 1
392 590 1
392 705 1
392 864 1
392 1075 1
392 1215 1
393 394 1
393 454 1
393 500 1
393 532 1
393 533 1
393 567 1
393 719 1
393 962 1
393 1007 1
393 1029 1
393 1067 1
393 1189 1
393 1276 1
393 1400 1
394 709 1
394 1034 1
394 1093 1
395 561 1
395 872 1
395 1005 1
396 650 1
396 704 1
396 994 1
397 823 1
397 1299 1
397 1339 1
398 801 1
398 953 1
399 412 1
399 431 1
399 614 1
399 629 1
399 639 1
399 811 1
399 837 1
399 958 1
399 1094 1
400 485 1
400 570 1
400 686 1
400 773 1
400 824 1
400 1254 1
400 1281 1
401 405 1
401 482 1
401 807 1
401 876 1
401 891 1
401 1023 1
401 1244 1
402 789 1
403 663 1
404 901 1
404 1091 1
404 1237 1
404 1311 1
405 802 1
406 459 1
406 633 1
406 892 1
406 937 1
406 974 1
406 987 1
407 727 1
407 1013 1
407 1175 1
407 1238 1
408 431 1
408 480 1
408 560 1
408 581 1
408 638 1
408 659 1
408 1048 1
408 1161 1
408 1171 1
408 1302 1
408 1389 1
409 412 1
409 424 1
409 427 1
409 463 1
409 477 1
409 654 1
409 727 1
409 760 1
409 788 1
409 1027 1
409 1183 1
409 1270 1
410 436 1
410 501 1
410 1111 1
411 676 1
411 753 1
411 860 1
411 1285 1
412 464 1
412 748 1
412 1018 1
414 761 1
414 898 1
415 894 1
416 549 1
416 830 1
416 859 1
416 945 1
416 1033 1
416 1065 1
416 1131 1
417 540 1
417 606 1
417 611 1
417 743 1
417 1206 1
417 1211 1
417 1236 1
418 908 1
418 1230 1
420 474 1
420 532 1
420 565 1
420 701 1
420 1113 1
422 1126 1
422 1269 1
423 568 1
423 584 1
423 776 1
425 479 1
425 503 1
425 545 1
425 788 1
425 1016 1
425 1026 1
425 1387 1
426 456 1
426 557 1
426 568 1
427 523 1
427 1226 1
427 1299 1
428 574 1
428 616 1
428 630 1
428 1127 1
428 1377 1
429 1082 1
429 1211 1
429 1359 1
430 479 1
430 488 1
430 891 1
430 964 1
431 460 1
431 554 1
431 681 1
431 716 1
431 1373 1
433 881 1
433 935 1
433 975 1
433 1057 1
433 1131 1
433 1390 1
434 491 1
435 672 1
435 818 1
435 891 1
435 971 1
435 1075 1
435 1136 1
435 1302 1
435 1357 1
436 619 1
436 684 1
437 484 1
437 516 1
437 564 1
437 600 1
437 828 1
438 618 1
438 698 1
438 724 1
438 920 1
438 985 1
438 1081 1
439 564 1
439 852 1
440 814 1
440 969 1
440 1252 1
440 1277 1
440 1383 1
441 678 1
441 933 1
443 756 1
443 941 1
443 1032 1
443 1309 1
444 648 1
444 882 1
445 794 1
445 896 1
445 939 1
445 1097 1
445 1187 1
446 1225 1
447 767 1
447 941 1
448 823 1
448 1248 1
449 562 1
449 1049 1
449 1203 1
450 686 1
450 707 1
451 581 1
451 775 1
451 1288 1
451 1357 1
452 538 1
452 875 1
452 949 1
452 976 1
452 1008 1
453 519 1
453 745 1
453 1016 1
454 944 1
454 1145 1
457 718 1
457 769 1
457 855 1
458 550 1
458 587 1
458 1348 1
459 635 1
460 997 1
460 998 1
460 1088 1
461 466 1
461 745 1
461 875 1
461 919 1
461 1086 1
461 1224 1
461 1238 1
462 821 1
463 825 1
464 840 1
464 1135 1
464 1189 1
465 662 1
465 795 1
465 837 1
465 884 1
465 896 1
466 584 1
466 762 1
466 1086 1
467 896 1
467 1165 1
467 1400 1
468 518 1
468 629 1
468 699 1
468 999 1
468 1265 1
468 1294 1
468 1374 1
469 1394 1
470 1169 1
471 521 1
471 536 1
472 1078 1
473 667 1
473 1139 1
474 521 1
474 746 1
474 765 1
474 842 1
474 994 1
474 1175 1
474 1356 1
475 902 1
475 944 1
475 1137 1
476 610 1
476 885 1
476 901 1
477 558 1
477 572 1
477 594 1
477 1237 1
477 1395 1
479 830 1
479 1277 1
480 763 1
481 933 1
482 493 1
482 712 1
482 1104 1
483 858 1
483 980 1
483 982 1
483 992 1
483 1017 1
483 1087 1
483 1228 1
483 1338 1
483 1383 1
485 500 1
485 556 1
485 677 1
485 865 1
485 1194 1
486 523 1
486 895 1
486 1176 1
487 692 1
487 964 1
487 1031 1
487 1043 1
487 1166 1
488 1133 1
489 657 1
489 783 1
489 1044 1
489 1202 1
490 853 1
490 1073 1
490 1080 1
490 1148 1
490 1195 1
491 622 1
491 817 1
491 1248 1
492 668 1
492 897 1
492 900 1
492 915 1
492 967 1
492 1339 1
492 1382 1
493 625 1
493 1278 1
494 1223 1
495 537 1
495 553 1
495 609 1
495 631 1
495 959 1
495 1116 1
495 1261 1
496 552 1
496 684 1
496 749 1
496 1166 1
497 681 1
498 643 1
498 735 1
498 777 1
498 1100 1
498 1160 1
498 1225 1
499 1085 1
499 1106 1
499 1142 1
499 1290 1
500 525 1
500 669 1
500 1194 1
500 1317 1
501 773 1
502 713 1
502 948 1
502 979 1
503 1128 1
504 595 1
504 619 1
505 572 1
505 929 1
505 1098 1
506 638 1
506 928 1
506 1002 1
506 1245 1
506 1250 1
507 557 1
507 620 1
507 873 1
507 1005 1
508 785 1
508 829 1
509 1167 1
510 555 1
510 781 1
510 1091 1
511 563 1
511 1139 1
512 978 1
512 1104 1
513 576 1
513 646 1
513 722 1
513 1033 1
517 541 1
518 584 1
518 592 1
518 608 1
518 792 1
520 738 1
520 866 1
521 984 1
523 1032 1
523 1042 1
523 1289 1
524 593 1
524 1056 1
524 1078 1
524 1171 1
524 1351 1
525 683 1
525 744 1
525 765 1
525 1232 1
525 1249 1
526 536 1
526 741 1
526 1080 1
526 1158 1
527 684 1
527 763 1
527 778 1
529 679 1
529 936 1
530 701 1
530 711 1
530 723 1
530 797 1
530 996 1
531 662 1
531 742 1
531 810 1
531 1136 1
532 1196 1
534 1210 1
535 547 1
535 550 1
535 554 1
535 579 1
535 779 1
535 854 1
535 973 1
536 693 1
536 728 1
536 928 1
536 962 1
536 1362 1
537 574 1
537 1066 1
538 613 1
539 652 1
539 1393 1
541 601 1
541 941 1
541 1142 1
541 1381 1
543 556 1
543 570 1
543 1296 1
544 545 1
545 616 1
545 705 1
545 1361 1
546 799 1
546 1027 1
546 1208 1
546 1334 1
547 755 1
547 850 1
547 1375 1
549 1030 1
549 1062 1
549 1163 1
550 571 1
550 1037 1
550 1144 1
551 1121 1
552 1004 1
554 696 1
554 903 1
554 1135 1
554 1331 1
554 1352 1
555 1354 1
556 677 1
556 880 1
556 904 1
556 1188 1
556 1301 1
557 1131 1
559 665 1
560 599 1
560 609 1
560 743 1
560 1147 1
561 822 1
561 956 1
562 1036 1
562 1366 1
562 1397 1
563 1363 1
564 993 1
565 793 1
565 1302 1
565 1310 1
566 645 1
566 880 1
566 884 1
568 748 1
570 957 1
570 1056 1
570 1136 1
570 1283 1
572 826 1
572 1007 1
572 1218 1
572 1242 1
573 1201 1
574 623 1
574 811 1
574 976 1
574 1283 1
574 1388 1
575 833 1
575 1070 1
575 1333 1
575 1335 1
576 807 1
576 888 1
576 1208 1
578 668 1
578 1265 1
578 1321 1
579 1250 1
580 636 1
582 1114 1
582 1187 1
585 813 1
586 677 1
586 1043 1
586 1212 1
587 680 1
587 821 1
587 886 1
587 949 1
587 1113 1
588 648 1
588 681 1
588 913 1
588 926 1
589 631 1
589 1196 1
589 1251 1
589 1381 1
590 646 1
590 714 1
590 735 1
590 938 1
590 947 1
590 1021 1
592 1039 1
592 1251 1
592 1378 1
593 777 1
593 1006 1
593 1174 1
593 1293 1
594 720 1
595 674 1
595 683 1
595 785 1
595 996 1
595 1328 1
596 612 1
596 670 1
596 731 1
596 829 1
597 956 1
597 1134 1
598 922 1
598 1007 1
598 1152 1
598 1318 1
598 1370 1
599 850 1
599 1041 1
599 1390 1
600 754 1
600 1159 1
602 671 1
602 1064 1
602 1117 1
603 710 1
603 1333 1
604 710 1
604 939 1
606 1130 1
607 894 1
607 905 1
607 1036 1
607 1048 1
607 1156 1
607 1232 1
607 1327 1
608 721 1
608 1026 1
610 1116 1
610 1140 1
611 1398 1
612 772 1
612 874 1
612 1039 1
613 636 1
614 847 1
615 655 1
615 838 1
615 1156 1
615 1280 1
616 672 1
616 1206 1
617 1298 1
620 812 1
620 860 1
621 946 1
621 1308 1
622 634 1
622 697 1
622 1134 1
622 1331 1
622 1338 1
623 661 1
623 1220 1
624 667 1
624 740 1
624 877 1
624 947 1
624 1040 1
625 965 1
625 1385 1
627 790 1
628 737 1
628 914 1
628 946 1
628 1097 1
628 1216 1
628 1273 1
628 1324 1
630 657 1
630 689 1
630 1047 1
631 719 1
631 999 1
631 1366 1
632 689 1
634 824 1
634 1274 1
636 771 1
638 1114 1
638 1189 1
639 641 1
639 758 1
639 965 1
639 988 1
639 1086 1
639 1117 1
640 688 1
640 703 1
642 839 1
642 1001 1
643 756 1
644 869 1
647 725 1
647 914 1
648 701 1
649 765 1
650 674 1
650 698 1
650 755 1
650 906 1
651 792 1
651 944 1
651 1253 1
652 691 1
653 886 1
654 805 1
654 942 1
654 997 1
654 1292 1
656 1022 1
657 659 1
657 1078 1
658 729 1
660 1011 1
660 1317 1
661 1289 1
662 856 1
663 828 1
663 843 1
663 950 1
664 746 1
664 1089 1
665 673 1
665 688 1
665 1063 1
665 1069 1
667 976 1
667 1209 1
667 1321 1
667 1363 1
668 1319 1
669 787 1
670 817 1
670 840 1
670 841 1
670 898 1
671 786 1
671 857 1
671 868 1
671 916 1
673 711 1
673 810 1
673 816 1
673 1015 1
673 1069 1
673 1087 1
675 899 1
675 1102 1
675 1159 1
675 1391 1
677 837 1
677 1050 1
677 1055 1
677 1260 1
678 782 1
678 904 1
678 1326 1
680 977 1
680 1044 1
680 1200 1
682 805 1
682 1059 1
682 1104 1
683 781 1
683 916 1
683 1157 1
684 849 1
684 1166 1
684 1188 1
685 722 1
686 875 1
686 991 1
686 1046 1
687 707 1
687 905 1
687 977 1
688 1059 1
690 872 1
693 1033 1
694 911 1
694 1035 1
694 1132 1
694 1169 1
694 1389 1
697 1125 1
699 761 1
699 1110 1
699 1261 1
700 943 1
701 749 1
702 951 1
702 1125 1
702 1133 1
703 1006 1
703 1164 1
708 835 1
711 776 1
712 1351 1
713 1034 1
713 1154 1
715 822 1
715 1014 1
715 1040 1
716 806 1
716 815 1
716 834 1
716 1105 1
716 1119 1
716 1181 1
717 1000 1
717 1009 1
718 736 1
718 1177 1
718 1275 1
718 1392 1
719 1290 1
720 940 1
721 1308 1
722 952 1
723 736 1
723 786 1
723 987 1
723 1089 1
723 1109 1
723 1251 1
723 1280 1
724 740 1
724 981 1
724 1107 1
724 1261 1
726 1267 1
728 948 1
729 801 1
729 1149 1
729 1180 1
730 829 1
730 861 1
730 900 1
730 1094 1
731 1090 1
733 801 1
733 953 1
733 1129 1
735 1275 1
736 870 1
736 1213 1
737 750 1
737 1288 1
737 1326 1
738 1181 1
740 774 1
741 879 1
741 883 1
741 940 1
741 1258 1
742 782 1
742 817 1
742 867 1
742 1337 1
745 964 1
746 862 1
747 879 1
747 1376 1
748 775 1
748 894 1
748 1018 1
749 839 1
749 1224 1
750 756 1
750 825 1
750 870 1
750 1193 1
751 875 1
751 1060 1
753 855 1
753 951 1
753 1150 1
755 761 1
756 854 1
756 1043 1
756 1397 1
758 764 1
758 1148 1
759 1085 1
759 1143 1
759 1363 1
760 806 1
762 915 1
762 1048 1
763 784 1
764 773 1
764 1010 1
764 1029 1
765 1063 1
766 881 1
766 1202 1
766 1253 1
767 1335 1
768 846 1
768 1100 1
769 847 1
770 1193 1
771 791 1
773 1010 1
774 841 1
774 1180 1
775 918 1
775 1079 1
776 804 1
779 918 1
780 963 1
780 1168 1
781 922 1
781 1139 1
782 1281 1
785 878 1
785 1162 1
785 1313 1
786 868 1
790 997 1
791 1209 1
792 1235 1
792 1379 1
794 849 1
794 1282 1
795 1126 1
797 1102 1
797 1395 1
798 842 1
798 1038 1
799 832 1
799 1259 1
800 826 1
800 1012 1
800 1344 1
801 1339 1
803 822 1
803 835 1
803 873 1
803 982 1
803 992 1
803 1313 1
803 1327 1
804 936 1
804 1051 1
805 958 1
808 1216 1
810 1099 1
812 933 1
814 969 1
814 985 1
814 1045 1
814 1373 1
814 1377 1
815 1018 1
816 851 1
816 1077 1
817 1136 1
819 828 1
819 992 1
819 1090 1
820 1099 1
820 1101 1
820 1155 1
825 846 1
825 1024 1
825 1323 1
825 1367 1
826 1369 1
827 996 1
827 1112 1
828 1076 1
828 1372 1
829 1246 1
830 831 1
830 1276 1
831 1229 1
832 1082 1
834 1233 1
834 1398 1
835 1176 1
835 1374 1
836 1009 1
838 1152 1
838 1304 1
840 1330 1
841 995 1
843 864 1
843 1187 1
843 1234 1
844 911 1
845 1015 1
845 1360 1
846 920 1
846 969 1
846 1164 1
846 1319 1
848 1323 1
849 1079 1
849 1204 1
849 1219 1
849 1375 1
849 1382 1
850 855 1
851 1178 1
851 1184 1
852 938 1
852 1236 1
852 1244 1
853 917 1
855 995 1
855 1150 1
857 1169 1
858 1042 1
858 1047 1
858 1083 1
860 1385 1
861 1303 1
862 895 1
862 1170 1
862 1239 1
865 919 1
865 1084 1
866 922 1
867 1218 1
867 1296 1
871 927 1
871 946 1
871 1044 1
871 1129 1
872 1003 1
872 1053 1
873 887 1
873 1252 1
873 1329 1
873 1375 1
874 1170 1
874 1300 1
875 1159 1
876 1034 1
877 910 1
878 1081 1
880 996 1
882 1080 1
882 1122 1
883 1036 1
886 1218 1
887 1391 1
889 1273 1
890 1274 1
890 1298 1
891 1032 1
891 1145 1
891 1191 1
891 1247 1
895 916 1
895 1021 1
897 1190 1
898 1068 1
898 1157 1
899 1057 1
899 1199 1
902 1062 1
902 1111 1
902 1144 1
903 998 1
903 1394 1
904 1249 1
904 1316 1
906 995 1
907 931 1
907 1147 1
908 1380 1
910 1184 1
910 1266 1
913 1076 1
913 1148 1
914 982 1
914 1049 1
914 1064 1
917 1061 1
919 1030 1
919 1079 1
919 1333 1
921 930 1
922 1003 1
922 1035 1
923 987 1
924 1374 1
925 1209 1
927 1032 1
931 1245 1
932 1093 1
935 975 1
935 1364 1
937 1244 1
939 968 1
943 970 1
943 985 1
944 999 1
944 1038 1
944 1197 1
945 1053 1
945 1068 1
945 1374 1
945 1382 1
950 1028 1
951 1006 1
951 1077 1
952 1228 1
952 1369 1
953 1071 1
953 1268 1
955 990 1
957 1222 1
958 1185 1
959 1101 1
962 991 1
962 1155 1
963 971 1
963 1153 1
964 1042 1
965 1385 1
966 1239 1
967 989 1
967 1396 1
968 1291 1
971 1177 1
973 1122 1
973 1137 1
973 1227 1
977 1054 1
977 1334 1
978 1141 1
980 1284 1
982 1389 1
983 1154 1
984 1059 1
984 1109 1
984 1198 1
987 1289 1
988 1305 1
990 1112 1
992 1388 1
994 1051 1
995 1371 1
997 1117 1
997 1257 1
1000 1009 1
1000 1112 1
1004 1128 1
1004 1348 1
1005 1286 1
1006 1242 1
1007 1074 1
1012 1329 1
1013 1095 1
1016 1056 1
1020 1186 1
1022 1048 1
1024 1087 1
1024 1240 1
1025 1340 1
1027 1183 1
1028 1070 1
1028 1306 1
1031 1146 1
1032 1124 1
1032 1229 1
1033 1115 1
1038 1120 1
1042 1046 1
1045 1214 1
1050 1122 1
1051 1128 1
1051 1347 1
1052 1180 1
1056 1131 1
1056 1342 1
1059 1332 1
1061 1226 1
1062 1111 1
1062 1163 1
1066 1108 1
1066 1240 1
1066 1250 1
1070 1227 1
1070 1376 1
1071 1349 1
1072 1248 1
1077 1295 1
1077 1311 1
1078 1155 1
1078 1249 1
1079 1293 1
1079 1305 1
1080 1158 1
1081 1086 1
1081 1319 1
1082 1264 1
1085 1349 1
1085 1361 1
1085 1362 1
1086 1330 1
1087 1100 1
1087 1205 1
1089 1191 1
1091 1340 1
1096 1295 1
1097 1141 1
1097 1264 1
1098 1118 1
1103 1112 1
1103 1137 1
1105 1199 1
1105 1238 1
1108 1156 1
1109 1149 1
1112 1137 1
1119 1139 1
1121 1260 1
1122 1286 1
1123 1297 1
1126 1245 1
1134 1149 1
1135 1364 1
1136 1185 1
1138 1345 1
1140 1166 1
1140 1175 1
1140 1208 1
1143 1282 1
1145 1246 1
1145 1247 1
1145 1280 1
1149 1275 1
1149 1354 1
1150 1345 1
1151 1393 1
1153 1343 1
1154 1203 1
1154 1306 1
1155 1278 1
1162 1227 1
1162 1232 1
1166 1282 1
1168 1399 1
1171 1353 1
1173 1354 1
1178 1194 1
1178 1343 1
1181 1259 1
1182 1184 1
1187 1336 1
1188 1355 1
1190 1378 1
1191 1326 1
1195 1253 1
1197 1213 1
1202 1399 1
1203 1346 1
1204 1314 1
1205 1381 1
1209 1306 1
1213 1279 1
1215 1396 1
1217 1387 1
1218 1270 1
1220 1264 1
1222 1224 1
1223 1359 1
1226 1345 1
1234 1320 1
1236 1314 1
1237 1388 1
1241 1281 1
1246 1390 1
1256 1365 1
1264 1320 1
1268 1386 1
1276 1305 1
1278 1305 1
1281 1285 1
1306 1387 1
1315 1322 1
1316 1332 1
1328 1347 1
1330 1351 1
1342 1352 1
1342 1372 1
1356 1392 1
1367 1369 1
1370 1379 1
1377 1398 1
