500 1984 
1 5 1
1 6 1
1 7 1
1 8 1
1 13 1
1 14 1
1 17 1
1 21 1
1 25 1
1 29 1
1 43 1
1 44 1
1 56 1
1 60 1
1 80 1
1 83 1
1 91 1
1 97 1
1 112 1
1 117 1
1 124 1
1 125 1
1 127 1
1 138 1
1 141 1
1 159 1
1 166 1
1 169 1
1 170 1
1 171 1
1 192 1
1 193 1
1 198 1
1 201 1
1 240 1
1 258 1
1 296 1
1 305 1
1 335 1
1 342 1
1 346 1
1 365 1
1 382 1
1 429 1
1 441 1
1 443 1
1 461 1
1 464 1
1 476 1
1 484 1
1 486 1
2 5 1
2 6 1
2 8 1
2 10 1
2 12 1
2 15 1
2 27 1
2 41 1
2 49 1
2 58 1
2 82 1
2 88 1
2 90 1
2 97 1
2 100 1
2 101 1
2 109 1
2 111 1
2 144 1
2 148 1
2 156 1
2 176 1
2 207 1
2 209 1
2 217 1
2 224 1
2 244 1
2 267 1
2 297 1
2 302 1
2 367 1
2 371 1
2 374 1
2 435 1
2 451 1
2 471 1
3 5 1
3 6 1
3 7 1
3 53 1
3 222 1
4 5 1
4 9 1
4 12 1
4 22 1
4 23 1
4 33 1
4 36 1
4 37 1
4 48 1
4 51 1
4 72 1
4 89 1
4 102 1
4 118 1
4 128 1
4 132 1
4 136 1
4 163 1
4 182 1
4 183 1
4 224 1
4 233 1
4 256 1
4 310 1
4 322 1
4 375 1
4 393 1
4 413 1
4 437 1
4 481 1
5 6 1
5 7 1
5 8 1
5 9 1
5 10 1
5 11 1
5 12 1
5 13 1
5 19 1
5 21 1
5 23 1
5 24 1
5 35 1
5 54 1
5 62 1
5 63 1
5 69 1
5 72 1
5 74 1
5 83 1
5 89 1
5 90 1
5 95 1
5 103 1
5 108 1
5 110 1
5 112 1
5 137 1
5 142 1
5 145 1
5 149 1
5 160 1
5 180 1
5 199 1
5 215 1
5 231 1
5 249 1
5 270 1
5 271 1
5 278 1
5 283 1
5 296 1
5 328 1
5 333 1
5 344 1
5 368 1
5 372 1
5 376 1
5 379 1
5 424 1
5 444 1
5 467 1
5 472 1
5 473 1
6 7 1
6 8 1
6 13 1
6 20 1
6 22 1
6 42 1
6 52 1
6 63 1
6 65 1
6 67 1
6 78 1
6 79 1
6 94 1
6 112 1
6 119 1
6 135 1
6 155 1
6 157 1
6 162 1
6 169 1
6 199 1
6 200 1
6 228 1
6 283 1
6 299 1
6 333 1
6 336 1
6 359 1
6 360 1
6 368 1
6 388 1
6 393 1
6 395 1
6 401 1
6 406 1
6 409 1
6 429 1
6 492 1
7 9 1
7 13 1
7 18 1
7 52 1
7 53 1
7 70 1
7 78 1
7 79 1
7 99 1
7 115 1
7 122 1
7 153 1
7 155 1
7 159 1
7 197 1
7 209 1
7 246 1
7 247 1
7 252 1
7 279 1
7 330 1
7 378 1
7 397 1
7 424 1
7 437 1
7 447 1
7 461 1
8 9 1
8 10 1
8 11 1
8 12 1
8 14 1
8 15 1
8 16 1
8 17 1
8 20 1
8 24 1
8 27 1
8 30 1
8 32 1
8 37 1
8 40 1
8 45 1
8 50 1
8 57 1
8 58 1
8 61 1
8 75 1
8 76 1
8 86 1
8 93 1
8 97 1
8 102 1
8 109 1
8 118 1
8 141 1
8 146 1
8 151 1
8 156 1
8 178 1
8 187 1
8 220 1
8 222 1
8 232 1
8 281 1
8 287 1
8 290 1
8 302 1
8 309 1
8 340 1
8 348 1
8 375 1
8 414 1
8 417 1
8 443 1
8 483 1
8 497 1
9 10 1
9 11 1
9 14 1
9 18 1
9 19 1
9 23 1
9 26 1
9 27 1
9 30 1
9 54 1
9 57 1
9 68 1
9 84 1
9 127 1
9 183 1
9 188 1
9 223 1
9 286 1
9 290 1
9 309 1
9 328 1
9 384 1
9 395 1
9 400 1
9 453 1
10 11 1
10 15 1
10 17 1
10 20 1
10 24 1
10 25 1
10 29 1
10 31 1
10 32 1
10 33 1
10 38 1
10 39 1
10 40 1
10 44 1
10 50 1
10 67 1
10 75 1
10 81 1
10 84 1
10 99 1
10 105 1
10 108 1
10 119 1
10 124 1
10 142 1
10 157 1
10 182 1
10 186 1
10 190 1
10 199 1
10 209 1
10 214 1
10 227 1
10 233 1
10 234 1
10 236 1
10 245 1
10 260 1
10 276 1
10 293 1
10 310 1
10 332 1
10 334 1
10 363 1
10 385 1
10 387 1
10 404 1
10 411 1
10 433 1
10 485 1
10 490 1
11 16 1
11 19 1
11 24 1
11 29 1
11 34 1
11 35 1
11 39 1
11 40 1
11 47 1
11 58 1
11 70 1
11 79 1
11 81 1
11 82 1
11 85 1
11 92 1
11 111 1
11 126 1
11 133 1
11 137 1
11 146 1
11 149 1
11 153 1
11 165 1
11 180 1
11 214 1
11 225 1
11 238 1
11 243 1
11 291 1
11 303 1
11 317 1
11 372 1
11 373 1
11 379 1
11 381 1
11 422 1
11 428 1
11 431 1
11 462 1
11 465 1
11 488 1
11 489 1
12 14 1
12 16 1
12 19 1
12 36 1
12 41 1
12 45 1
12 55 1
12 63 1
12 64 1
12 101 1
12 109 1
12 114 1
12 137 1
12 148 1
12 160 1
12 164 1
12 191 1
12 204 1
12 207 1
12 213 1
12 216 1
12 222 1
12 235 1
12 268 1
12 286 1
12 298 1
12 330 1
12 343 1
12 479 1
13 17 1
13 18 1
13 22 1
13 26 1
13 37 1
13 54 1
13 69 1
13 115 1
13 124 1
13 125 1
13 135 1
13 197 1
13 219 1
13 263 1
13 281 1
13 321 1
13 366 1
13 485 1
13 500 1
14 15 1
14 16 1
14 21 1
14 28 1
14 38 1
14 45 1
14 51 1
14 56 1
14 62 1
14 77 1
14 81 1
14 88 1
14 89 1
14 91 1
14 100 1
14 123 1
14 151 1
14 152 1
14 162 1
14 210 1
14 214 1
14 229 1
14 235 1
14 253 1
14 268 1
14 274 1
14 277 1
14 278 1
14 283 1
14 285 1
14 295 1
14 325 1
14 338 1
14 341 1
14 352 1
14 355 1
14 359 1
14 410 1
14 426 1
14 458 1
14 459 1
14 463 1
14 475 1
14 484 1
14 493 1
14 498 1
15 73 1
15 75 1
16 28 1
16 38 1
16 46 1
16 48 1
16 49 1
16 53 1
16 68 1
16 69 1
16 80 1
16 112 1
16 225 1
16 243 1
16 329 1
16 338 1
16 364 1
16 403 1
16 440 1
16 495 1
17 18 1
17 20 1
17 28 1
17 34 1
17 36 1
17 38 1
17 59 1
17 71 1
17 95 1
17 113 1
17 126 1
17 134 1
17 260 1
17 288 1
17 306 1
17 354 1
17 363 1
17 417 1
17 427 1
17 449 1
17 473 1
17 499 1
18 21 1
18 22 1
18 25 1
18 26 1
18 30 1
18 34 1
18 37 1
18 52 1
18 55 1
18 59 1
18 74 1
18 87 1
18 107 1
18 139 1
18 146 1
18 184 1
18 233 1
18 264 1
18 311 1
18 316 1
18 351 1
19 36 1
19 76 1
19 169 1
19 439 1
19 442 1
20 23 1
20 29 1
20 30 1
20 34 1
20 35 1
20 43 1
20 48 1
20 55 1
20 68 1
20 85 1
20 86 1
20 87 1
20 90 1
20 92 1
20 94 1
20 114 1
20 134 1
20 138 1
20 139 1
20 149 1
20 150 1
20 170 1
20 189 1
20 192 1
20 229 1
20 234 1
20 250 1
20 255 1
20 262 1
20 295 1
20 311 1
20 312 1
20 321 1
20 341 1
20 355 1
20 390 1
20 408 1
20 444 1
20 492 1
21 33 1
21 35 1
21 40 1
21 42 1
21 50 1
21 62 1
21 67 1
21 122 1
21 163 1
21 172 1
21 176 1
21 180 1
21 182 1
21 185 1
21 202 1
21 269 1
21 271 1
21 274 1
21 282 1
21 315 1
21 322 1
21 334 1
21 377 1
21 397 1
21 478 1
22 25 1
22 26 1
22 31 1
22 32 1
22 92 1
22 93 1
22 102 1
22 107 1
22 124 1
22 158 1
22 160 1
22 181 1
22 183 1
22 190 1
22 191 1
22 314 1
22 318 1
22 334 1
22 335 1
22 350 1
22 400 1
22 412 1
22 428 1
22 432 1
23 31 1
23 41 1
23 42 1
23 43 1
23 215 1
23 287 1
23 401 1
23 425 1
23 440 1
23 459 1
24 31 1
24 42 1
24 47 1
24 51 1
24 55 1
24 86 1
24 125 1
24 145 1
24 153 1
24 181 1
24 188 1
24 237 1
24 240 1
24 241 1
24 259 1
24 268 1
24 294 1
24 301 1
24 308 1
24 326 1
24 344 1
24 497 1
25 27 1
25 56 1
25 59 1
25 80 1
25 92 1
25 177 1
25 231 1
25 378 1
25 418 1
25 455 1
25 469 1
26 28 1
26 33 1
26 44 1
26 45 1
26 47 1
26 53 1
26 54 1
26 77 1
26 78 1
26 88 1
26 101 1
26 104 1
26 107 1
26 113 1
26 133 1
26 134 1
26 140 1
26 200 1
26 218 1
26 221 1
26 257 1
26 308 1
26 331 1
26 335 1
26 343 1
26 453 1
26 464 1
26 469 1
27 39 1
27 43 1
27 46 1
27 95 1
27 97 1
27 108 1
27 116 1
27 117 1
27 119 1
27 121 1
27 133 1
27 140 1
27 143 1
27 144 1
27 177 1
27 183 1
27 201 1
27 210 1
27 239 1
27 242 1
27 250 1
27 257 1
27 275 1
27 307 1
27 329 1
27 331 1
27 346 1
27 350 1
27 377 1
27 399 1
27 402 1
27 420 1
27 432 1
27 461 1
27 476 1
27 497 1
28 32 1
28 129 1
28 141 1
28 301 1
28 321 1
28 332 1
28 494 1
29 57 1
29 59 1
29 76 1
29 94 1
29 157 1
29 174 1
29 252 1
29 370 1
29 420 1
29 442 1
30 39 1
30 314 1
30 324 1
30 355 1
30 387 1
30 471 1
31 50 1
31 70 1
31 103 1
31 150 1
31 153 1
31 168 1
31 169 1
31 232 1
31 279 1
31 293 1
31 297 1
31 371 1
31 400 1
31 425 1
31 468 1
32 74 1
32 76 1
32 98 1
32 113 1
32 178 1
32 190 1
32 196 1
32 223 1
32 234 1
32 259 1
32 304 1
32 317 1
32 337 1
32 444 1
33 75 1
33 100 1
33 123 1
33 228 1
33 260 1
33 282 1
33 460 1
34 56 1
34 438 1
35 41 1
35 64 1
35 211 1
35 212 1
35 213 1
35 252 1
35 287 1
35 434 1
35 489 1
36 44 1
36 72 1
36 103 1
36 131 1
36 148 1
36 192 1
36 262 1
36 290 1
36 392 1
36 398 1
36 479 1
36 494 1
37 46 1
37 65 1
37 70 1
37 71 1
37 81 1
37 134 1
37 188 1
37 203 1
37 226 1
37 332 1
37 462 1
37 491 1
38 46 1
38 62 1
38 120 1
38 171 1
38 272 1
38 277 1
38 279 1
38 326 1
38 439 1
38 498 1
39 52 1
39 82 1
39 173 1
39 211 1
39 216 1
39 225 1
39 250 1
39 251 1
39 320 1
39 328 1
39 336 1
39 347 1
40 47 1
40 48 1
40 49 1
40 67 1
40 74 1
40 85 1
40 96 1
40 99 1
40 106 1
40 136 1
40 186 1
40 191 1
40 207 1
40 217 1
40 221 1
40 261 1
40 294 1
40 319 1
40 330 1
40 378 1
40 380 1
40 421 1
40 448 1
40 450 1
41 64 1
41 77 1
41 82 1
41 87 1
41 95 1
41 96 1
41 110 1
41 118 1
41 132 1
41 196 1
41 215 1
41 254 1
41 261 1
41 273 1
41 318 1
41 320 1
41 334 1
41 340 1
41 391 1
41 421 1
41 423 1
41 477 1
41 495 1
42 141 1
42 161 1
42 196 1
42 266 1
42 374 1
42 384 1
42 409 1
43 61 1
43 63 1
43 65 1
43 73 1
43 84 1
43 104 1
43 122 1
43 123 1
43 126 1
43 127 1
43 144 1
43 158 1
43 164 1
43 195 1
43 205 1
43 206 1
43 244 1
43 296 1
43 310 1
43 353 1
43 453 1
43 495 1
44 51 1
44 64 1
44 73 1
44 77 1
44 104 1
44 115 1
44 136 1
44 143 1
44 156 1
44 163 1
44 175 1
44 176 1
44 201 1
44 204 1
44 217 1
44 239 1
44 257 1
44 292 1
44 300 1
44 306 1
44 326 1
44 349 1
44 356 1
44 403 1
44 422 1
44 435 1
44 491 1
45 58 1
45 60 1
45 61 1
45 66 1
45 129 1
45 263 1
45 265 1
45 311 1
45 356 1
45 369 1
45 495 1
46 130 1
46 349 1
47 49 1
47 60 1
47 65 1
47 83 1
47 162 1
47 171 1
47 247 1
47 276 1
47 352 1
47 356 1
47 360 1
47 430 1
47 467 1
48 68 1
48 128 1
48 138 1
48 158 1
48 189 1
48 205 1
48 269 1
48 331 1
49 93 1
49 98 1
49 105 1
49 116 1
49 125 1
49 179 1
49 233 1
49 307 1
49 320 1
49 354 1
49 386 1
49 419 1
49 443 1
49 493 1
50 66 1
50 91 1
50 178 1
50 203 1
50 256 1
50 396 1
50 463 1
50 478 1
51 79 1
51 113 1
51 128 1
51 142 1
51 227 1
51 268 1
51 281 1
51 285 1
51 347 1
51 355 1
51 380 1
51 412 1
51 427 1
52 111 1
52 180 1
52 206 1
52 215 1
52 259 1
52 269 1
52 337 1
52 367 1
52 378 1
52 395 1
52 442 1
52 496 1
53 69 1
53 130 1
53 142 1
53 171 1
53 204 1
53 245 1
53 272 1
53 330 1
53 333 1
53 369 1
54 60 1
54 66 1
54 128 1
54 152 1
54 159 1
54 237 1
54 293 1
54 316 1
54 379 1
54 381 1
54 437 1
55 106 1
55 135 1
55 260 1
55 426 1
56 57 1
56 87 1
56 117 1
56 168 1
56 199 1
56 239 1
56 275 1
56 288 1
56 370 1
57 117 1
57 121 1
57 236 1
57 457 1
58 61 1
58 94 1
58 229 1
58 251 1
58 309 1
58 332 1
58 359 1
58 370 1
58 446 1
58 490 1
59 187 1
59 350 1
60 66 1
60 88 1
60 101 1
60 123 1
60 168 1
60 187 1
60 195 1
60 299 1
60 311 1
60 338 1
60 365 1
60 390 1
60 406 1
60 410 1
60 414 1
60 416 1
60 428 1
60 465 1
61 71 1
61 78 1
61 83 1
61 179 1
61 220 1
61 284 1
61 328 1
61 345 1
61 385 1
61 451 1
61 491 1
62 86 1
62 89 1
62 105 1
62 165 1
62 170 1
62 174 1
62 304 1
62 361 1
62 442 1
62 496 1
63 72 1
63 131 1
63 157 1
63 263 1
63 266 1
63 407 1
63 424 1
64 93 1
64 96 1
64 98 1
64 131 1
64 154 1
64 261 1
64 458 1
65 73 1
65 120 1
65 127 1
65 238 1
65 282 1
65 313 1
65 408 1
65 419 1
66 91 1
66 297 1
66 317 1
66 486 1
67 106 1
67 166 1
67 291 1
67 361 1
67 370 1
67 399 1
68 71 1
68 80 1
68 150 1
68 204 1
68 347 1
68 410 1
69 84 1
69 102 1
69 115 1
69 242 1
69 342 1
69 452 1
70 202 1
70 251 1
70 427 1
71 161 1
71 308 1
71 368 1
73 152 1
73 154 1
73 178 1
73 398 1
73 437 1
73 474 1
73 482 1
74 85 1
74 166 1
74 175 1
74 205 1
74 224 1
74 329 1
74 331 1
74 454 1
74 466 1
75 176 1
75 210 1
75 271 1
75 376 1
76 130 1
76 172 1
76 255 1
76 500 1
77 131 1
77 236 1
77 246 1
77 253 1
77 344 1
77 485 1
77 489 1
78 221 1
78 366 1
78 421 1
79 122 1
79 161 1
79 173 1
79 295 1
79 336 1
79 360 1
79 487 1
80 145 1
80 218 1
80 279 1
81 103 1
81 106 1
81 393 1
82 177 1
82 408 1
82 469 1
83 110 1
83 160 1
83 263 1
83 265 1
83 270 1
83 278 1
83 383 1
83 411 1
83 433 1
84 296 1
85 119 1
85 151 1
85 189 1
85 211 1
85 217 1
85 230 1
85 251 1
86 99 1
86 100 1
86 110 1
86 167 1
86 308 1
86 377 1
86 409 1
87 90 1
87 109 1
87 132 1
87 213 1
87 244 1
87 264 1
87 306 1
88 96 1
88 143 1
88 155 1
88 195 1
88 286 1
88 319 1
88 432 1
89 152 1
89 218 1
89 278 1
89 300 1
89 321 1
89 413 1
89 459 1
90 175 1
90 200 1
90 208 1
90 219 1
90 228 1
90 313 1
90 380 1
90 429 1
91 104 1
91 116 1
91 132 1
91 479 1
91 494 1
92 98 1
92 120 1
92 147 1
92 194 1
92 351 1
92 360 1
92 404 1
92 440 1
92 445 1
92 493 1
93 133 1
93 139 1
93 163 1
93 167 1
93 193 1
93 227 1
93 254 1
93 303 1
93 345 1
93 404 1
93 464 1
94 302 1
94 324 1
94 498 1
95 107 1
95 145 1
95 161 1
95 206 1
95 266 1
95 301 1
95 463 1
97 456 1
98 108 1
98 147 1
98 290 1
98 397 1
98 419 1
99 143 1
99 285 1
99 298 1
99 315 1
99 430 1
99 462 1
99 488 1
100 140 1
100 144 1
100 177 1
100 184 1
100 187 1
100 196 1
100 197 1
100 219 1
100 358 1
100 414 1
100 456 1
100 470 1
100 480 1
101 105 1
101 146 1
101 147 1
101 208 1
101 373 1
102 137 1
102 165 1
102 248 1
103 111 1
103 120 1
103 221 1
103 265 1
103 282 1
103 283 1
104 114 1
104 202 1
104 365 1
105 194 1
105 225 1
105 238 1
105 474 1
106 129 1
106 159 1
106 227 1
106 247 1
106 261 1
106 390 1
106 454 1
106 481 1
107 140 1
107 439 1
107 449 1
108 270 1
108 312 1
109 114 1
109 234 1
109 239 1
109 245 1
109 313 1
109 361 1
109 416 1
109 425 1
109 440 1
109 441 1
110 156 1
110 172 1
110 209 1
110 254 1
111 118 1
111 121 1
111 162 1
111 226 1
111 275 1
111 297 1
111 357 1
111 398 1
111 473 1
113 201 1
113 264 1
113 273 1
113 280 1
113 490 1
114 245 1
114 396 1
115 116 1
115 150 1
115 248 1
115 253 1
115 276 1
115 289 1
115 339 1
115 342 1
115 369 1
115 396 1
115 466 1
116 147 1
116 175 1
116 198 1
116 228 1
116 295 1
116 357 1
116 358 1
116 479 1
117 446 1
117 473 1
118 121 1
118 231 1
118 401 1
118 438 1
118 447 1
120 130 1
120 151 1
120 170 1
120 256 1
120 273 1
120 348 1
120 392 1
120 433 1
120 457 1
121 135 1
121 174 1
121 194 1
121 235 1
121 285 1
121 341 1
122 154 1
122 185 1
122 326 1
122 423 1
122 488 1
123 126 1
123 129 1
123 158 1
123 241 1
123 390 1
123 436 1
125 188 1
125 346 1
126 266 1
126 267 1
126 315 1
126 325 1
126 359 1
127 154 1
127 303 1
128 138 1
128 224 1
128 300 1
128 420 1
129 148 1
129 155 1
129 190 1
129 369 1
129 423 1
130 362 1
130 411 1
131 179 1
131 212 1
131 269 1
131 280 1
131 299 1
131 314 1
131 402 1
131 403 1
131 444 1
133 197 1
134 136 1
134 250 1
134 267 1
134 289 1
134 291 1
134 386 1
134 392 1
135 203 1
135 223 1
135 270 1
135 415 1
136 449 1
136 456 1
136 471 1
137 149 1
137 226 1
137 388 1
138 139 1
138 249 1
138 280 1
138 343 1
139 192 1
139 353 1
139 456 1
140 193 1
140 298 1
141 186 1
141 205 1
141 248 1
141 312 1
141 367 1
141 375 1
141 384 1
142 422 1
142 436 1
142 467 1
143 164 1
144 223 1
145 184 1
145 325 1
145 433 1
146 174 1
146 237 1
146 240 1
146 468 1
147 499 1
148 368 1
149 184 1
149 185 1
149 191 1
149 208 1
149 214 1
149 337 1
149 455 1
150 168 1
150 394 1
151 222 1
151 236 1
151 451 1
152 181 1
152 200 1
152 207 1
152 218 1
152 230 1
152 272 1
152 284 1
152 313 1
152 382 1
152 482 1
153 213 1
153 241 1
153 259 1
153 304 1
153 305 1
153 327 1
153 421 1
153 430 1
154 208 1
154 386 1
154 450 1
155 277 1
155 303 1
155 318 1
155 319 1
155 358 1
155 376 1
155 446 1
155 458 1
155 464 1
156 167 1
156 194 1
156 230 1
156 257 1
156 351 1
156 476 1
157 271 1
157 388 1
157 394 1
158 164 1
160 242 1
160 246 1
160 496 1
161 165 1
161 173 1
161 262 1
161 341 1
161 423 1
161 460 1
162 166 1
162 179 1
162 193 1
162 232 1
162 264 1
162 356 1
162 497 1
163 167 1
163 292 1
163 389 1
163 426 1
164 173 1
164 241 1
164 475 1
165 185 1
165 267 1
165 291 1
165 382 1
165 438 1
165 445 1
165 458 1
165 492 1
167 274 1
167 449 1
168 181 1
168 258 1
168 480 1
169 172 1
169 275 1
169 439 1
169 500 1
170 426 1
170 435 1
171 220 1
171 357 1
171 385 1
171 460 1
172 195 1
172 288 1
172 289 1
172 402 1
173 484 1
175 198 1
175 232 1
175 273 1
175 316 1
176 460 1
177 182 1
177 186 1
177 189 1
177 237 1
177 363 1
177 380 1
177 383 1
177 452 1
177 469 1
178 211 1
178 281 1
178 411 1
178 477 1
178 482 1
179 468 1
179 470 1
180 406 1
180 416 1
181 258 1
181 314 1
182 256 1
182 304 1
182 315 1
182 371 1
182 452 1
183 254 1
183 276 1
183 287 1
183 323 1
183 407 1
184 219 1
184 351 1
184 445 1
186 212 1
186 216 1
186 244 1
186 383 1
187 350 1
187 434 1
188 202 1
188 262 1
188 427 1
188 481 1
189 206 1
189 306 1
189 367 1
190 274 1
190 329 1
190 353 1
191 198 1
191 249 1
191 294 1
191 490 1
193 226 1
193 361 1
193 483 1
194 409 1
195 210 1
195 240 1
195 289 1
195 339 1
196 243 1
197 309 1
197 327 1
198 348 1
199 486 1
200 246 1
200 248 1
200 265 1
200 322 1
201 453 1
202 203 1
202 229 1
204 216 1
204 434 1
205 255 1
206 252 1
206 399 1
206 425 1
207 231 1
207 454 1
208 255 1
209 242 1
209 432 1
211 212 1
211 347 1
211 477 1
212 366 1
212 466 1
212 477 1
213 230 1
213 317 1
214 220 1
214 301 1
216 364 1
217 375 1
218 445 1
219 292 1
220 258 1
220 441 1
220 443 1
221 413 1
221 480 1
222 235 1
222 284 1
222 358 1
222 363 1
222 391 1
223 305 1
223 323 1
223 420 1
223 451 1
224 247 1
225 349 1
225 402 1
225 447 1
226 481 1
227 238 1
227 487 1
228 243 1
228 249 1
228 387 1
228 397 1
229 292 1
229 336 1
230 253 1
230 327 1
230 362 1
230 406 1
231 300 1
231 468 1
231 499 1
233 286 1
233 307 1
233 431 1
234 320 1
234 373 1
234 405 1
235 401 1
238 372 1
238 373 1
238 450 1
238 472 1
238 474 1
240 298 1
240 348 1
240 374 1
241 436 1
241 452 1
242 305 1
242 325 1
242 400 1
242 422 1
243 362 1
243 478 1
244 475 1
245 284 1
247 364 1
247 399 1
247 447 1
248 493 1
250 293 1
251 323 1
252 394 1
252 489 1
253 277 1
254 405 1
255 337 1
256 429 1
258 294 1
259 288 1
259 302 1
259 485 1
261 408 1
262 389 1
263 272 1
263 280 1
263 349 1
265 354 1
266 415 1
267 310 1
267 407 1
268 338 1
269 365 1
270 324 1
270 333 1
270 339 1
270 415 1
270 417 1
270 494 1
272 459 1
273 372 1
276 377 1
276 418 1
277 357 1
277 474 1
278 312 1
278 345 1
278 352 1
278 417 1
279 323 1
280 354 1
280 366 1
280 383 1
280 394 1
285 389 1
285 428 1
286 307 1
286 343 1
289 299 1
293 316 1
294 344 1
294 391 1
295 318 1
298 352 1
299 391 1
302 319 1
302 327 1
306 342 1
309 470 1
310 339 1
310 389 1
310 435 1
311 385 1
313 364 1
313 381 1
314 322 1
314 340 1
314 475 1
315 346 1
320 379 1
320 450 1
321 465 1
321 480 1
322 324 1
322 418 1
323 405 1
323 430 1
323 461 1
324 362 1
324 398 1
324 431 1
324 472 1
325 335 1
325 412 1
325 424 1
326 455 1
328 340 1
328 382 1
331 376 1
333 487 1
335 395 1
336 353 1
337 345 1
337 384 1
339 418 1
345 371 1
345 396 1
345 414 1
346 457 1
347 463 1
347 496 1
350 434 1
351 393 1
354 436 1
355 431 1
355 448 1
359 403 1
360 404 1
360 416 1
360 446 1
362 500 1
363 387 1
364 374 1
364 483 1
367 381 1
367 386 1
370 392 1
370 483 1
371 448 1
372 472 1
373 454 1
374 410 1
375 412 1
375 438 1
376 462 1
379 388 1
381 407 1
383 413 1
386 441 1
388 405 1
403 466 1
403 482 1
405 415 1
405 465 1
415 470 1
416 448 1
417 419 1
418 455 1
419 499 1
422 471 1
424 478 1
430 467 1
435 476 1
435 487 1
441 484 1
448 491 1
449 457 1
450 486 1
475 498 1
477 488 1
481 492 1
