800 3183 
1 5 1
1 6 1
1 7 1
1 9 1
1 10 1
1 13 1
1 14 1
1 19 1
1 25 1
1 32 1
1 40 1
1 53 1
1 55 1
1 57 1
1 58 1
1 60 1
1 80 1
1 112 1
1 139 1
1 143 1
1 147 1
1 174 1
1 185 1
1 216 1
1 234 1
1 239 1
1 244 1
1 260 1
1 261 1
1 279 1
1 293 1
1 300 1
1 301 1
1 324 1
1 374 1
1 378 1
1 392 1
1 419 1
1 420 1
1 429 1
1 432 1
1 482 1
1 493 1
1 532 1
1 541 1
1 548 1
1 554 1
1 571 1
1 638 1
1 701 1
1 702 1
1 717 1
1 722 1
1 723 1
1 753 1
1 758 1
1 766 1
1 793 1
2 5 1
2 9 1
2 10 1
2 12 1
2 13 1
2 15 1
2 16 1
2 17 1
2 20 1
2 25 1
2 46 1
2 50 1
2 51 1
2 55 1
2 59 1
2 72 1
2 78 1
2 83 1
2 87 1
2 94 1
2 109 1
2 121 1
2 139 1
2 153 1
2 158 1
2 183 1
2 188 1
2 203 1
2 209 1
2 219 1
2 221 1
2 350 1
2 436 1
2 462 1
2 464 1
2 470 1
2 472 1
2 476 1
2 514 1
2 555 1
2 564 1
2 586 1
2 639 1
2 710 1
2 715 1
2 727 1
3 5 1
3 6 1
3 7 1
3 8 1
3 10 1
3 16 1
3 20 1
3 24 1
3 34 1
3 35 1
3 37 1
3 38 1
3 62 1
3 69 1
3 99 1
3 106 1
3 109 1
3 123 1
3 129 1
3 135 1
3 146 1
3 167 1
3 174 1
3 190 1
3 225 1
3 227 1
3 231 1
3 254 1
3 262 1
3 291 1
3 307 1
3 310 1
3 321 1
3 324 1
3 388 1
3 413 1
3 429 1
3 436 1
3 442 1
3 481 1
3 527 1
3 542 1
3 631 1
3 638 1
3 654 1
3 665 1
3 666 1
3 685 1
3 710 1
3 712 1
3 727 1
3 744 1
3 768 1
3 787 1
4 5 1
4 6 1
4 7 1
4 8 1
4 9 1
4 11 1
4 12 1
4 13 1
4 14 1
4 15 1
4 16 1
4 17 1
4 20 1
4 22 1
4 25 1
4 29 1
4 47 1
4 48 1
4 50 1
4 52 1
4 54 1
4 57 1
4 58 1
4 68 1
4 72 1
4 83 1
4 91 1
4 93 1
4 102 1
4 103 1
4 120 1
4 121 1
4 126 1
4 128 1
4 140 1
4 147 1
4 151 1
4 204 1
4 205 1
4 207 1
4 214 1
4 222 1
4 241 1
4 243 1
4 250 1
4 264 1
4 266 1
4 294 1
4 304 1
4 315 1
4 326 1
4 357 1
4 376 1
4 423 1
4 473 1
4 481 1
4 504 1
4 519 1
4 565 1
4 586 1
4 590 1
4 602 1
4 630 1
4 651 1
4 659 1
4 664 1
4 681 1
4 694 1
4 706 1
4 733 1
4 757 1
4 791 1
4 796 1
5 6 1
5 7 1
5 11 1
5 12 1
5 14 1
5 18 1
5 22 1
5 23 1
5 30 1
5 32 1
5 58 1
5 62 1
5 68 1
5 71 1
5 73 1
5 86 1
5 101 1
5 105 1
5 139 1
5 141 1
5 148 1
5 155 1
5 193 1
5 206 1
5 225 1
5 236 1
5 248 1
5 257 1
5 261 1
5 272 1
5 285 1
5 291 1
5 305 1
5 310 1
5 318 1
5 327 1
5 355 1
5 369 1
5 385 1
5 386 1
5 388 1
5 405 1
5 446 1
5 452 1
5 459 1
5 502 1
5 510 1
5 542 1
5 572 1
5 581 1
5 641 1
5 649 1
5 651 1
5 705 1
5 765 1
5 781 1
5 793 1
6 8 1
6 11 1
6 16 1
6 17 1
6 26 1
6 29 1
6 32 1
6 35 1
6 36 1
6 38 1
6 43 1
6 44 1
6 45 1
6 51 1
6 54 1
6 56 1
6 61 1
6 80 1
6 81 1
6 82 1
6 85 1
6 88 1
6 94 1
6 98 1
6 106 1
6 112 1
6 114 1
6 122 1
6 128 1
6 137 1
6 143 1
6 151 1
6 160 1
6 165 1
6 178 1
6 182 1
6 189 1
6 193 1
6 210 1
6 214 1
6 217 1
6 228 1
6 243 1
6 245 1
6 264 1
6 282 1
6 297 1
6 313 1
6 322 1
6 330 1
6 349 1
6 351 1
6 354 1
6 376 1
6 380 1
6 408 1
6 412 1
6 419 1
6 442 1
6 444 1
6 497 1
6 498 1
6 507 1
6 512 1
6 534 1
6 558 1
6 567 1
6 621 1
6 625 1
6 633 1
6 647 1
6 671 1
6 675 1
6 726 1
6 783 1
7 8 1
7 10 1
7 15 1
7 25 1
7 28 1
7 45 1
7 65 1
7 70 1
7 82 1
7 85 1
7 87 1
7 90 1
7 92 1
7 113 1
7 130 1
7 135 1
7 152 1
7 168 1
7 192 1
7 211 1
7 242 1
7 248 1
7 276 1
7 283 1
7 284 1
7 286 1
7 312 1
7 330 1
7 339 1
7 381 1
7 398 1
7 400 1
7 427 1
7 479 1
7 485 1
7 489 1
7 511 1
7 532 1
7 564 1
7 572 1
7 574 1
7 617 1
7 645 1
7 671 1
7 680 1
7 693 1
7 734 1
7 739 1
7 766 1
7 767 1
7 789 1
7 793 1
8 9 1
8 15 1
8 17 1
8 18 1
8 19 1
8 21 1
8 28 1
8 31 1
8 43 1
8 44 1
8 47 1
8 49 1
8 63 1
8 67 1
8 71 1
8 77 1
8 85 1
8 89 1
8 101 1
8 108 1
8 110 1
8 116 1
8 118 1
8 130 1
8 134 1
8 138 1
8 147 1
8 166 1
8 169 1
8 173 1
8 200 1
8 203 1
8 213 1
8 275 1
8 284 1
8 319 1
8 356 1
8 361 1
8 379 1
8 390 1
8 399 1
8 414 1
8 419 1
8 497 1
8 507 1
8 513 1
8 536 1
9 12 1
9 27 1
9 30 1
9 33 1
9 41 1
9 42 1
9 63 1
9 66 1
9 78 1
9 118 1
9 127 1
9 174 1
9 200 1
9 214 1
9 221 1
9 314 1
9 317 1
9 391 1
9 397 1
9 428 1
9 469 1
9 511 1
9 671 1
9 680 1
9 684 1
9 759 1
9 791 1
10 11 1
10 14 1
10 18 1
10 19 1
10 20 1
10 21 1
10 28 1
10 34 1
10 35 1
10 41 1
10 60 1
10 74 1
10 77 1
10 83 1
10 84 1
10 95 1
10 102 1
10 119 1
10 121 1
10 125 1
10 133 1
10 143 1
10 145 1
10 148 1
10 154 1
10 159 1
10 168 1
10 209 1
10 223 1
10 225 1
10 257 1
10 271 1
10 277 1
10 300 1
10 303 1
10 337 1
10 338 1
10 347 1
10 368 1
10 426 1
10 428 1
10 439 1
10 466 1
10 469 1
10 496 1
10 500 1
10 504 1
10 520 1
10 530 1
10 568 1
10 588 1
10 623 1
10 698 1
10 707 1
10 727 1
10 774 1
11 24 1
11 122 1
11 163 1
11 205 1
11 206 1
11 211 1
11 353 1
11 406 1
11 455 1
11 539 1
11 676 1
12 13 1
12 22 1
12 24 1
12 27 1
12 30 1
12 36 1
12 39 1
12 47 1
12 72 1
12 90 1
12 118 1
12 141 1
12 150 1
12 152 1
12 159 1
12 220 1
12 241 1
12 253 1
12 265 1
12 310 1
12 312 1
12 330 1
12 362 1
12 373 1
12 389 1
12 396 1
12 494 1
12 585 1
12 611 1
12 621 1
12 643 1
12 679 1
12 703 1
12 721 1
12 722 1
12 746 1
13 18 1
13 31 1
13 89 1
13 91 1
13 162 1
13 174 1
13 188 1
13 219 1
13 226 1
13 233 1
13 238 1
13 302 1
13 310 1
13 321 1
13 375 1
13 458 1
13 471 1
13 505 1
13 703 1
13 729 1
14 46 1
14 61 1
14 67 1
14 87 1
14 253 1
14 294 1
14 480 1
14 634 1
14 711 1
14 768 1
15 48 1
15 49 1
15 67 1
15 203 1
15 217 1
15 240 1
15 279 1
15 453 1
15 517 1
15 604 1
15 766 1
15 777 1
15 779 1
16 21 1
16 22 1
16 24 1
16 26 1
16 31 1
16 33 1
16 36 1
16 37 1
16 38 1
16 40 1
16 47 1
16 50 1
16 60 1
16 63 1
16 72 1
16 73 1
16 88 1
16 94 1
16 95 1
16 109 1
16 119 1
16 126 1
16 141 1
16 170 1
16 196 1
16 198 1
16 199 1
16 211 1
16 212 1
16 233 1
16 241 1
16 243 1
16 263 1
16 275 1
16 282 1
16 289 1
16 347 1
16 352 1
16 416 1
16 504 1
16 574 1
16 613 1
16 622 1
16 718 1
16 736 1
16 758 1
16 797 1
17 19 1
17 23 1
17 28 1
17 42 1
17 46 1
17 54 1
17 59 1
17 60 1
17 62 1
17 66 1
17 70 1
17 82 1
17 95 1
17 114 1
17 130 1
17 131 1
17 145 1
17 156 1
17 171 1
17 202 1
17 217 1
17 243 1
17 269 1
17 290 1
17 335 1
17 367 1
17 391 1
17 408 1
17 411 1
17 435 1
17 447 1
17 453 1
17 456 1
17 464 1
17 492 1
17 547 1
17 548 1
17 594 1
17 616 1
17 618 1
17 678 1
17 740 1
17 756 1
17 784 1
17 791 1
18 21 1
18 23 1
18 29 1
18 76 1
18 85 1
18 87 1
18 122 1
18 129 1
18 162 1
18 177 1
18 194 1
18 205 1
18 213 1
18 274 1
18 280 1
18 287 1
18 297 1
18 317 1
18 352 1
18 357 1
18 380 1
18 384 1
18 397 1
18 416 1
18 437 1
18 451 1
18 494 1
18 517 1
18 527 1
18 568 1
18 605 1
18 606 1
18 672 1
18 712 1
18 730 1
18 736 1
19 23 1
19 26 1
19 34 1
19 52 1
19 53 1
19 59 1
19 65 1
19 68 1
19 80 1
19 84 1
19 105 1
19 109 1
19 120 1
19 124 1
19 161 1
19 162 1
19 163 1
19 171 1
19 182 1
19 197 1
19 198 1
19 202 1
19 209 1
19 211 1
19 259 1
19 273 1
19 278 1
19 284 1
19 311 1
19 316 1
19 331 1
19 332 1
19 343 1
19 375 1
19 378 1
19 397 1
19 404 1
19 423 1
19 453 1
19 484 1
19 520 1
19 521 1
19 523 1
19 525 1
19 536 1
19 549 1
19 556 1
19 576 1
19 584 1
19 598 1
19 600 1
19 614 1
19 632 1
19 641 1
19 643 1
19 660 1
19 662 1
19 696 1
19 780 1
20 37 1
20 44 1
20 48 1
20 77 1
20 92 1
20 123 1
20 125 1
20 142 1
20 158 1
20 178 1
20 494 1
20 535 1
20 552 1
20 589 1
20 647 1
20 748 1
21 27 1
21 53 1
21 92 1
21 101 1
21 196 1
21 230 1
21 271 1
21 280 1
21 411 1
21 443 1
21 465 1
21 480 1
21 532 1
21 564 1
21 591 1
21 595 1
21 677 1
21 747 1
21 788 1
22 26 1
22 40 1
22 84 1
22 100 1
22 338 1
22 509 1
22 561 1
22 579 1
22 686 1
22 765 1
23 31 1
23 35 1
23 195 1
23 238 1
23 259 1
23 395 1
23 454 1
23 515 1
23 634 1
24 33 1
24 69 1
24 93 1
24 107 1
24 183 1
24 207 1
24 276 1
24 282 1
24 307 1
24 355 1
24 392 1
24 454 1
24 625 1
25 29 1
25 39 1
25 41 1
25 97 1
25 103 1
25 124 1
25 125 1
25 196 1
25 209 1
25 216 1
25 239 1
25 258 1
25 260 1
25 295 1
25 299 1
25 344 1
25 350 1
25 359 1
25 373 1
25 378 1
25 451 1
25 513 1
25 537 1
25 548 1
25 557 1
25 592 1
25 644 1
25 664 1
25 693 1
25 721 1
25 725 1
26 27 1
26 36 1
26 38 1
26 42 1
26 48 1
26 64 1
26 73 1
26 75 1
26 83 1
26 107 1
26 123 1
26 136 1
26 180 1
26 222 1
26 232 1
26 241 1
26 245 1
26 248 1
26 265 1
26 270 1
26 273 1
26 288 1
26 350 1
26 355 1
26 382 1
26 388 1
26 432 1
26 440 1
26 445 1
26 476 1
26 512 1
26 516 1
26 519 1
26 567 1
26 572 1
26 598 1
26 615 1
26 643 1
26 653 1
26 662 1
26 667 1
26 761 1
27 40 1
27 42 1
27 57 1
27 74 1
27 78 1
27 97 1
27 104 1
27 129 1
27 132 1
27 204 1
27 230 1
27 249 1
27 431 1
27 531 1
27 620 1
27 654 1
28 43 1
28 51 1
28 56 1
28 57 1
28 76 1
28 93 1
28 95 1
28 129 1
28 136 1
28 159 1
28 170 1
28 187 1
28 190 1
28 214 1
28 233 1
28 255 1
28 272 1
28 324 1
28 342 1
28 363 1
28 418 1
28 424 1
28 448 1
28 456 1
28 472 1
28 480 1
28 486 1
28 496 1
28 500 1
28 502 1
28 543 1
28 551 1
28 560 1
28 641 1
28 667 1
28 728 1
28 753 1
28 798 1
29 30 1
29 32 1
29 33 1
29 55 1
29 61 1
29 146 1
29 154 1
29 167 1
29 171 1
29 244 1
29 247 1
29 263 1
29 315 1
29 327 1
29 340 1
29 356 1
29 384 1
29 479 1
29 485 1
29 627 1
29 735 1
30 71 1
30 97 1
30 192 1
30 294 1
30 358 1
30 372 1
30 478 1
30 528 1
30 603 1
31 45 1
31 50 1
31 65 1
31 79 1
31 114 1
31 165 1
31 252 1
31 260 1
31 295 1
31 298 1
31 332 1
31 435 1
31 508 1
31 529 1
31 549 1
31 553 1
31 561 1
31 582 1
31 748 1
31 762 1
31 770 1
32 45 1
32 70 1
32 81 1
32 251 1
32 425 1
32 704 1
33 37 1
33 49 1
33 61 1
33 99 1
33 104 1
33 107 1
33 133 1
33 157 1
33 177 1
33 293 1
33 369 1
33 436 1
33 439 1
33 465 1
33 506 1
33 522 1
33 563 1
33 569 1
33 578 1
33 584 1
33 613 1
33 630 1
33 658 1
33 702 1
33 707 1
34 41 1
34 81 1
34 91 1
34 96 1
34 114 1
34 119 1
34 167 1
34 189 1
34 208 1
34 231 1
34 236 1
34 268 1
34 333 1
34 360 1
34 391 1
34 402 1
34 418 1
34 550 1
34 583 1
34 617 1
34 686 1
34 704 1
34 769 1
35 44 1
35 86 1
35 117 1
35 149 1
35 166 1
35 170 1
35 208 1
35 249 1
35 250 1
35 255 1
35 395 1
35 567 1
35 568 1
35 696 1
35 727 1
35 731 1
36 39 1
36 43 1
36 53 1
36 77 1
36 120 1
36 145 1
36 148 1
36 223 1
36 458 1
36 476 1
36 569 1
36 580 1
36 674 1
36 713 1
36 761 1
36 780 1
37 39 1
37 51 1
37 71 1
37 108 1
37 124 1
37 126 1
37 138 1
37 193 1
37 199 1
37 337 1
37 383 1
37 396 1
37 412 1
37 415 1
37 513 1
37 541 1
37 663 1
37 687 1
37 752 1
38 76 1
38 90 1
38 116 1
38 170 1
38 172 1
38 175 1
38 190 1
38 201 1
38 202 1
38 217 1
38 237 1
38 291 1
38 329 1
38 375 1
38 561 1
38 645 1
38 688 1
38 712 1
39 66 1
39 75 1
39 118 1
39 144 1
39 155 1
39 168 1
39 231 1
39 262 1
39 277 1
39 410 1
39 591 1
39 628 1
39 737 1
40 52 1
40 56 1
40 104 1
40 195 1
40 597 1
40 731 1
40 782 1
40 797 1
41 46 1
41 81 1
41 139 1
41 230 1
41 322 1
41 357 1
41 546 1
41 616 1
41 686 1
41 740 1
42 54 1
42 75 1
42 79 1
42 115 1
42 117 1
42 140 1
42 172 1
42 178 1
42 242 1
42 330 1
42 372 1
42 466 1
42 550 1
42 579 1
42 660 1
42 760 1
42 764 1
42 789 1
43 64 1
43 184 1
43 240 1
43 315 1
43 326 1
43 331 1
43 345 1
43 664 1
43 730 1
43 733 1
44 173 1
44 190 1
44 252 1
44 277 1
44 431 1
44 446 1
44 737 1
45 49 1
45 73 1
45 106 1
45 116 1
45 220 1
45 301 1
45 355 1
45 370 1
45 377 1
45 596 1
46 55 1
46 64 1
46 67 1
46 154 1
46 349 1
46 393 1
46 434 1
46 554 1
46 669 1
46 715 1
46 720 1
47 161 1
47 267 1
47 269 1
47 287 1
47 290 1
47 371 1
47 427 1
47 678 1
47 681 1
47 763 1
48 155 1
48 179 1
48 215 1
48 265 1
48 276 1
48 286 1
48 360 1
48 364 1
48 374 1
48 493 1
48 517 1
48 547 1
48 659 1
48 742 1
48 788 1
49 166 1
49 232 1
49 256 1
49 287 1
49 428 1
49 633 1
49 658 1
49 714 1
50 52 1
50 78 1
50 79 1
50 102 1
50 119 1
50 273 1
50 292 1
50 304 1
50 309 1
50 451 1
50 471 1
50 480 1
50 708 1
50 722 1
51 59 1
51 69 1
51 74 1
51 75 1
51 88 1
51 96 1
51 100 1
51 132 1
51 137 1
51 181 1
51 197 1
51 208 1
51 258 1
51 358 1
51 383 1
51 406 1
51 603 1
51 628 1
51 632 1
51 640 1
51 655 1
52 58 1
52 62 1
52 88 1
52 103 1
52 105 1
52 155 1
52 160 1
52 191 1
52 247 1
52 268 1
52 270 1
52 278 1
52 292 1
52 450 1
52 489 1
52 578 1
52 600 1
52 639 1
52 756 1
53 56 1
53 63 1
53 79 1
53 90 1
53 101 1
53 117 1
53 167 1
53 171 1
53 196 1
53 239 1
53 245 1
53 293 1
53 308 1
53 325 1
53 339 1
53 371 1
53 372 1
53 378 1
53 399 1
53 425 1
53 430 1
53 463 1
53 578 1
53 632 1
53 690 1
53 734 1
53 767 1
54 76 1
54 98 1
54 408 1
54 495 1
54 516 1
54 527 1
54 603 1
54 608 1
54 617 1
54 718 1
54 784 1
55 80 1
55 110 1
55 258 1
55 305 1
55 312 1
55 340 1
55 375 1
55 389 1
55 441 1
55 457 1
55 506 1
55 511 1
55 583 1
55 605 1
55 606 1
55 697 1
56 64 1
56 98 1
56 134 1
56 182 1
56 232 1
56 364 1
56 409 1
56 463 1
56 475 1
56 566 1
56 601 1
56 642 1
56 674 1
56 757 1
57 70 1
57 86 1
57 110 1
57 158 1
57 194 1
57 229 1
57 236 1
57 266 1
57 278 1
57 311 1
57 324 1
57 443 1
57 459 1
57 464 1
57 507 1
57 575 1
57 654 1
57 656 1
57 741 1
57 751 1
58 65 1
58 89 1
58 111 1
58 622 1
59 91 1
59 93 1
59 102 1
59 229 1
59 433 1
59 565 1
59 570 1
59 630 1
60 69 1
60 194 1
60 200 1
60 353 1
60 400 1
60 447 1
60 591 1
60 627 1
61 247 1
61 503 1
62 98 1
62 105 1
62 108 1
62 110 1
62 112 1
62 176 1
62 186 1
62 219 1
62 228 1
62 303 1
62 391 1
62 394 1
62 403 1
62 437 1
62 486 1
62 526 1
62 616 1
62 650 1
62 665 1
62 743 1
62 750 1
63 66 1
63 84 1
63 89 1
63 177 1
63 185 1
63 283 1
63 366 1
63 576 1
63 728 1
63 785 1
64 68 1
64 99 1
64 207 1
65 86 1
65 107 1
65 120 1
65 126 1
65 142 1
65 186 1
65 198 1
65 200 1
65 393 1
65 420 1
65 574 1
65 620 1
65 684 1
65 730 1
65 754 1
65 770 1
66 74 1
66 178 1
66 296 1
66 341 1
66 343 1
66 606 1
66 656 1
67 148 1
67 169 1
67 176 1
67 290 1
67 308 1
67 389 1
67 447 1
67 467 1
67 483 1
67 485 1
67 501 1
67 592 1
67 613 1
67 636 1
67 670 1
67 672 1
67 775 1
68 106 1
68 323 1
68 382 1
68 651 1
68 666 1
69 96 1
69 132 1
70 108 1
70 407 1
70 427 1
70 436 1
70 452 1
70 760 1
71 123 1
71 150 1
71 307 1
73 113 1
73 140 1
73 277 1
73 370 1
73 590 1
73 595 1
73 631 1
73 675 1
73 706 1
74 97 1
74 143 1
74 151 1
74 193 1
74 296 1
74 301 1
74 316 1
74 333 1
74 336 1
74 431 1
74 505 1
74 540 1
75 255 1
76 186 1
76 191 1
76 280 1
76 351 1
76 358 1
76 461 1
76 700 1
77 133 1
77 284 1
77 343 1
77 346 1
77 370 1
77 442 1
77 623 1
78 117 1
78 135 1
78 138 1
78 164 1
78 165 1
78 166 1
78 184 1
78 198 1
78 252 1
78 269 1
78 332 1
78 364 1
78 386 1
78 463 1
78 716 1
79 92 1
79 94 1
79 99 1
79 136 1
79 137 1
79 144 1
79 145 1
79 153 1
79 179 1
79 197 1
79 340 1
79 374 1
79 437 1
79 470 1
79 540 1
79 548 1
79 566 1
79 732 1
79 738 1
79 774 1
80 116 1
80 131 1
80 206 1
80 234 1
80 303 1
80 335 1
80 460 1
80 483 1
80 699 1
81 82 1
81 179 1
81 181 1
81 234 1
81 249 1
81 274 1
81 281 1
81 320 1
81 386 1
81 486 1
81 508 1
81 545 1
81 562 1
81 683 1
81 735 1
81 799 1
82 128 1
82 281 1
82 622 1
83 351 1
83 589 1
83 682 1
84 115 1
84 161 1
84 180 1
84 267 1
84 344 1
84 366 1
84 371 1
84 473 1
84 710 1
85 103 1
85 127 1
85 176 1
85 201 1
85 230 1
85 237 1
85 286 1
85 312 1
85 524 1
85 611 1
85 617 1
85 677 1
86 308 1
86 352 1
86 475 1
86 490 1
86 593 1
86 732 1
87 130 1
87 132 1
87 194 1
87 235 1
87 261 1
87 336 1
87 414 1
87 498 1
88 158 1
88 173 1
88 183 1
88 257 1
88 459 1
88 508 1
88 563 1
88 637 1
88 725 1
88 771 1
89 111 1
89 133 1
90 100 1
90 131 1
90 153 1
90 163 1
90 187 1
90 218 1
90 237 1
90 245 1
90 302 1
90 320 1
90 328 1
90 424 1
90 624 1
90 694 1
90 720 1
90 745 1
90 752 1
90 761 1
91 189 1
91 400 1
91 417 1
91 535 1
91 569 1
92 121 1
92 142 1
92 283 1
92 462 1
93 135 1
93 240 1
93 283 1
93 288 1
93 327 1
93 353 1
93 418 1
93 491 1
93 570 1
93 689 1
93 715 1
94 112 1
94 157 1
94 398 1
94 514 1
94 563 1
94 745 1
94 776 1
94 792 1
95 96 1
95 100 1
95 104 1
95 111 1
95 113 1
95 125 1
95 138 1
95 140 1
95 144 1
95 165 1
95 210 1
95 264 1
95 295 1
95 296 1
95 458 1
95 468 1
95 612 1
95 640 1
96 565 1
96 657 1
97 192 1
97 650 1
98 128 1
98 149 1
98 275 1
98 313 1
98 367 1
98 502 1
99 137 1
99 146 1
99 160 1
99 191 1
99 235 1
99 644 1
99 685 1
99 762 1
99 772 1
100 134 1
100 523 1
101 313 1
102 348 1
103 344 1
103 534 1
103 545 1
103 547 1
103 588 1
103 637 1
104 124 1
104 175 1
104 213 1
104 414 1
104 546 1
104 597 1
104 645 1
104 769 1
104 780 1
105 111 1
105 122 1
105 201 1
105 426 1
105 450 1
105 647 1
106 113 1
106 144 1
106 153 1
106 175 1
106 296 1
106 298 1
106 441 1
106 512 1
106 579 1
107 115 1
107 127 1
107 184 1
107 220 1
107 239 1
107 304 1
107 336 1
107 353 1
107 401 1
107 421 1
107 504 1
107 521 1
107 610 1
107 695 1
108 115 1
108 134 1
108 142 1
108 162 1
108 186 1
108 544 1
108 655 1
109 147 1
109 152 1
109 318 1
109 399 1
109 411 1
109 413 1
109 492 1
110 221 1
110 329 1
110 535 1
111 151 1
111 154 1
111 251 1
111 289 1
111 366 1
111 498 1
111 585 1
111 694 1
111 769 1
112 149 1
112 332 1
112 477 1
112 676 1
113 246 1
113 371 1
113 407 1
114 236 1
114 309 1
114 507 1
114 510 1
114 525 1
114 527 1
114 562 1
114 647 1
114 753 1
114 763 1
115 127 1
115 215 1
115 219 1
115 225 1
115 229 1
115 280 1
115 342 1
115 356 1
115 384 1
115 390 1
115 410 1
115 479 1
115 546 1
115 551 1
116 176 1
116 185 1
116 216 1
116 274 1
116 334 1
116 346 1
117 244 1
117 302 1
118 136 1
118 455 1
118 636 1
119 160 1
119 299 1
119 438 1
119 478 1
119 534 1
119 542 1
119 571 1
119 582 1
119 756 1
120 464 1
120 546 1
121 146 1
121 149 1
121 242 1
121 251 1
121 314 1
121 316 1
122 164 1
122 323 1
122 341 1
122 369 1
122 450 1
122 471 1
122 530 1
123 181 1
123 199 1
123 229 1
123 420 1
123 443 1
123 602 1
123 646 1
123 726 1
124 338 1
125 131 1
125 197 1
125 215 1
125 413 1
125 420 1
125 455 1
125 785 1
126 164 1
126 179 1
126 187 1
126 189 1
126 285 1
126 352 1
126 393 1
126 657 1
127 156 1
127 175 1
127 235 1
127 316 1
127 423 1
127 461 1
127 491 1
127 597 1
128 224 1
128 275 1
128 555 1
128 559 1
128 607 1
128 619 1
128 629 1
128 635 1
129 150 1
129 172 1
129 213 1
129 335 1
129 342 1
129 360 1
129 623 1
129 642 1
129 776 1
130 152 1
130 293 1
130 347 1
130 362 1
130 474 1
130 506 1
130 512 1
130 624 1
130 708 1
130 729 1
131 182 1
131 270 1
131 382 1
132 246 1
132 253 1
132 322 1
132 794 1
133 298 1
133 304 1
133 510 1
133 562 1
134 164 1
134 185 1
134 212 1
134 256 1
134 329 1
134 363 1
135 150 1
135 292 1
135 309 1
135 470 1
135 588 1
135 602 1
135 724 1
135 797 1
136 267 1
136 406 1
136 595 1
136 596 1
136 787 1
137 212 1
137 227 1
137 282 1
137 361 1
137 374 1
137 432 1
137 473 1
137 648 1
137 774 1
138 254 1
139 141 1
139 169 1
139 314 1
139 325 1
139 662 1
139 755 1
139 776 1
140 180 1
140 204 1
140 242 1
140 287 1
140 314 1
140 344 1
140 348 1
140 425 1
140 518 1
140 577 1
140 629 1
140 663 1
140 699 1
140 764 1
140 774 1
140 789 1
141 156 1
141 161 1
141 218 1
141 403 1
141 465 1
141 466 1
141 496 1
141 556 1
141 667 1
141 719 1
142 159 1
142 184 1
142 451 1
142 479 1
142 742 1
142 749 1
144 156 1
144 172 1
144 232 1
145 203 1
145 205 1
145 226 1
145 271 1
145 308 1
145 586 1
145 592 1
145 614 1
145 692 1
145 704 1
146 331 1
146 675 1
146 746 1
147 163 1
147 294 1
147 301 1
147 409 1
147 472 1
147 518 1
147 519 1
147 711 1
147 784 1
148 157 1
148 168 1
148 231 1
148 261 1
148 363 1
148 384 1
148 763 1
148 772 1
149 279 1
149 323 1
149 477 1
149 668 1
149 747 1
150 207 1
150 228 1
150 328 1
150 401 1
150 422 1
150 437 1
150 454 1
150 576 1
150 634 1
150 676 1
151 276 1
151 328 1
151 434 1
151 449 1
151 468 1
151 679 1
152 605 1
153 169 1
153 188 1
153 259 1
153 272 1
153 495 1
153 559 1
153 683 1
154 157 1
154 173 1
155 181 1
155 325 1
155 341 1
155 379 1
155 402 1
155 522 1
155 533 1
155 536 1
156 210 1
156 272 1
156 373 1
156 502 1
158 199 1
158 212 1
158 224 1
158 228 1
158 252 1
158 483 1
158 497 1
158 641 1
159 220 1
159 223 1
159 256 1
159 404 1
159 516 1
159 560 1
159 787 1
160 191 1
160 258 1
160 346 1
160 411 1
160 713 1
161 254 1
161 387 1
161 644 1
162 195 1
162 223 1
162 266 1
162 738 1
162 790 1
164 306 1
164 490 1
164 794 1
165 218 1
165 227 1
165 264 1
165 429 1
166 192 1
167 246 1
167 250 1
167 333 1
167 568 1
167 707 1
168 318 1
168 365 1
168 778 1
169 188 1
169 290 1
169 643 1
169 796 1
170 183 1
170 202 1
170 361 1
170 490 1
170 492 1
170 560 1
170 590 1
170 610 1
170 710 1
170 762 1
171 177 1
171 263 1
171 268 1
171 376 1
171 503 1
171 601 1
172 569 1
173 664 1
174 335 1
174 368 1
174 393 1
174 624 1
174 728 1
175 387 1
176 256 1
176 285 1
176 381 1
176 448 1
176 463 1
176 684 1
177 180 1
177 218 1
177 247 1
177 248 1
177 265 1
177 366 1
177 433 1
177 669 1
177 749 1
178 470 1
178 516 1
178 538 1
179 545 1
180 208 1
180 501 1
180 609 1
180 612 1
180 729 1
181 320 1
181 497 1
181 623 1
181 782 1
182 449 1
182 598 1
182 604 1
183 349 1
183 402 1
184 187 1
184 269 1
184 339 1
184 357 1
184 743 1
185 365 1
185 475 1
185 613 1
186 206 1
186 281 1
186 349 1
186 400 1
186 495 1
186 755 1
187 237 1
188 195 1
188 224 1
188 266 1
188 292 1
188 338 1
188 367 1
188 398 1
188 543 1
189 226 1
189 381 1
189 487 1
189 488 1
189 637 1
190 244 1
190 319 1
190 326 1
190 439 1
190 449 1
191 529 1
191 586 1
193 388 1
193 515 1
194 440 1
194 627 1
195 262 1
195 764 1
195 786 1
196 201 1
196 216 1
196 238 1
196 441 1
196 668 1
197 238 1
197 273 1
197 452 1
197 682 1
197 702 1
198 222 1
198 224 1
198 233 1
198 263 1
198 286 1
198 317 1
198 446 1
198 498 1
198 518 1
198 579 1
198 654 1
198 661 1
198 705 1
198 765 1
198 790 1
200 474 1
200 573 1
201 210 1
201 215 1
201 524 1
201 531 1
201 590 1
202 278 1
202 325 1
202 348 1
202 392 1
203 204 1
203 416 1
203 421 1
203 425 1
203 477 1
203 575 1
203 686 1
203 692 1
203 730 1
204 221 1
204 305 1
204 389 1
204 573 1
205 227 1
205 317 1
205 328 1
205 341 1
205 365 1
205 488 1
205 501 1
205 503 1
205 552 1
205 592 1
205 656 1
205 669 1
205 779 1
206 486 1
206 562 1
206 652 1
207 251 1
207 320 1
207 435 1
207 440 1
208 250 1
208 379 1
208 383 1
208 410 1
209 267 1
209 351 1
209 380 1
209 428 1
209 539 1
209 594 1
209 698 1
210 346 1
210 390 1
210 405 1
210 474 1
210 614 1
210 699 1
210 785 1
211 307 1
211 350 1
211 582 1
212 386 1
212 438 1
212 556 1
212 601 1
212 709 1
213 279 1
213 397 1
213 544 1
214 387 1
214 430 1
214 544 1
214 723 1
214 768 1
215 775 1
216 222 1
216 364 1
218 367 1
218 433 1
218 526 1
218 618 1
220 406 1
220 505 1
220 636 1
220 645 1
221 226 1
221 414 1
221 561 1
221 572 1
221 795 1
222 274 1
222 281 1
222 297 1
222 334 1
223 246 1
223 249 1
223 363 1
223 472 1
223 699 1
223 708 1
224 235 1
224 755 1
224 757 1
226 234 1
226 257 1
226 440 1
226 533 1
226 615 1
226 743 1
226 778 1
227 254 1
227 515 1
227 538 1
228 750 1
229 289 1
229 402 1
229 700 1
230 438 1
230 484 1
230 525 1
230 789 1
231 270 1
231 271 1
231 447 1
231 499 1
231 696 1
232 713 1
233 240 1
233 291 1
233 446 1
233 457 1
233 624 1
233 670 1
234 306 1
235 575 1
236 285 1
236 401 1
236 404 1
236 478 1
236 621 1
236 626 1
236 754 1
236 785 1
237 345 1
237 468 1
237 625 1
237 770 1
238 377 1
238 433 1
238 444 1
238 493 1
238 578 1
239 454 1
239 675 1
240 719 1
241 313 1
241 345 1
241 431 1
241 672 1
242 259 1
242 519 1
243 326 1
243 473 1
243 528 1
244 661 1
245 255 1
245 262 1
245 289 1
245 405 1
246 253 1
246 300 1
246 412 1
246 521 1
246 599 1
246 659 1
246 723 1
246 755 1
246 771 1
248 311 1
248 379 1
248 520 1
248 542 1
248 718 1
249 620 1
250 395 1
252 268 1
252 401 1
252 538 1
253 297 1
253 359 1
253 390 1
253 557 1
254 288 1
254 515 1
254 573 1
254 576 1
254 758 1
255 646 1
256 337 1
256 422 1
257 383 1
257 462 1
258 260 1
258 295 1
258 394 1
258 421 1
258 537 1
258 557 1
258 603 1
258 608 1
258 615 1
258 689 1
258 721 1
258 742 1
259 534 1
259 577 1
259 691 1
260 299 1
260 305 1
260 306 1
261 331 1
261 468 1
262 482 1
263 298 1
263 358 1
263 405 1
263 409 1
263 489 1
263 653 1
263 799 1
264 288 1
265 360 1
265 773 1
267 321 1
267 580 1
268 333 1
268 415 1
268 540 1
268 627 1
268 771 1
269 327 1
269 457 1
271 300 1
271 395 1
271 422 1
271 763 1
272 417 1
272 456 1
273 551 1
274 424 1
274 491 1
274 626 1
275 370 1
275 387 1
275 438 1
275 635 1
275 691 1
275 697 1
275 709 1
276 448 1
276 558 1
276 748 1
277 319 1
277 477 1
277 657 1
278 311 1
278 523 1
279 340 1
279 377 1
279 543 1
279 680 1
280 415 1
282 361 1
282 570 1
282 691 1
282 754 1
283 599 1
283 726 1
283 797 1
284 319 1
284 404 1
284 526 1
284 528 1
284 584 1
284 650 1
284 653 1
284 679 1
284 707 1
285 299 1
285 396 1
285 445 1
285 501 1
285 577 1
285 581 1
285 600 1
286 323 1
286 362 1
287 329 1
287 382 1
287 583 1
287 706 1
287 708 1
287 725 1
288 417 1
288 445 1
288 524 1
288 652 1
289 700 1
290 394 1
290 434 1
290 443 1
290 751 1
291 376 1
292 309 1
293 407 1
293 687 1
294 508 1
295 684 1
296 302 1
296 322 1
296 549 1
296 563 1
296 570 1
297 798 1
298 354 1
298 426 1
298 551 1
298 657 1
299 303 1
299 334 1
299 354 1
299 373 1
299 471 1
299 682 1
299 717 1
302 343 1
302 786 1
303 359 1
303 394 1
303 655 1
304 321 1
304 419 1
304 587 1
304 599 1
305 306 1
305 469 1
305 526 1
305 744 1
306 798 1
307 359 1
307 380 1
307 424 1
307 530 1
307 558 1
307 607 1
307 698 1
307 701 1
307 718 1
307 751 1
308 481 1
309 488 1
310 398 1
310 408 1
310 410 1
310 693 1
311 392 1
311 491 1
311 522 1
311 636 1
311 661 1
311 685 1
312 716 1
312 720 1
313 695 1
314 315 1
314 318 1
314 385 1
314 467 1
314 514 1
314 649 1
315 368 1
316 368 1
316 696 1
317 412 1
317 628 1
319 334 1
319 483 1
319 493 1
319 690 1
319 725 1
320 577 1
320 672 1
321 489 1
321 628 1
323 460 1
323 673 1
324 381 1
324 399 1
324 514 1
325 345 1
325 369 1
325 487 1
325 539 1
325 750 1
326 339 1
326 487 1
326 538 1
327 347 1
327 541 1
327 738 1
328 365 1
328 531 1
328 593 1
328 660 1
328 689 1
328 783 1
329 337 1
329 460 1
329 462 1
329 673 1
330 348 1
330 441 1
330 461 1
330 469 1
330 747 1
330 768 1
330 782 1
330 783 1
330 800 1
331 385 1
331 475 1
331 524 1
331 594 1
331 694 1
332 444 1
332 547 1
332 673 1
333 342 1
333 427 1
333 429 1
334 581 1
334 606 1
334 609 1
334 690 1
335 336 1
335 503 1
335 580 1
335 611 1
335 648 1
335 697 1
336 729 1
337 354 1
337 455 1
337 575 1
337 589 1
338 449 1
339 456 1
339 476 1
339 536 1
339 688 1
339 800 1
340 573 1
341 422 1
341 450 1
341 499 1
341 509 1
341 767 1
342 550 1
343 385 1
343 409 1
343 610 1
343 800 1
346 509 1
346 609 1
347 403 1
347 418 1
347 651 1
347 757 1
347 758 1
349 740 1
350 356 1
351 593 1
351 731 1
352 669 1
353 362 1
353 372 1
353 614 1
353 615 1
353 633 1
354 646 1
354 779 1
355 377 1
355 490 1
355 683 1
356 466 1
357 688 1
358 719 1
358 746 1
359 465 1
361 759 1
362 500 1
362 585 1
362 734 1
364 679 1
364 681 1
364 688 1
364 706 1
365 413 1
365 509 1
365 522 1
366 792 1
367 587 1
367 662 1
367 748 1
370 459 1
371 407 1
371 499 1
371 759 1
372 735 1
373 467 1
373 474 1
373 607 1
374 557 1
374 605 1
374 712 1
375 739 1
376 739 1
377 751 1
378 529 1
378 635 1
379 537 1
379 681 1
380 396 1
380 783 1
381 417 1
381 445 1
381 482 1
381 487 1
381 517 1
381 582 1
381 619 1
381 652 1
381 658 1
383 553 1
383 565 1
384 756 1
385 510 1
385 594 1
385 611 1
386 599 1
387 430 1
387 460 1
387 659 1
387 682 1
387 705 1
388 444 1
389 467 1
390 520 1
390 571 1
391 724 1
392 555 1
392 612 1
392 678 1
392 722 1
392 744 1
392 752 1
392 773 1
392 788 1
393 423 1
393 434 1
393 553 1
394 635 1
395 714 1
396 403 1
397 453 1
397 667 1
397 759 1
398 416 1
398 580 1
398 772 1
399 735 1
401 415 1
401 421 1
401 452 1
401 505 1
403 458 1
403 621 1
403 680 1
404 530 1
404 533 1
404 629 1
404 788 1
404 796 1
405 430 1
405 511 1
405 650 1
405 678 1
408 525 1
408 740 1
408 792 1
409 596 1
411 432 1
411 640 1
411 653 1
411 723 1
411 747 1
413 481 1
413 618 1
415 435 1
415 704 1
416 601 1
417 533 1
417 567 1
417 749 1
417 767 1
418 448 1
419 492 1
419 587 1
419 703 1
420 484 1
420 523 1
421 737 1
422 777 1
423 648 1
424 426 1
424 608 1
426 711 1
428 439 1
428 607 1
429 793 1
430 495 1
432 558 1
432 581 1
432 649 1
432 764 1
433 442 1
436 591 1
436 630 1
438 709 1
439 716 1
440 457 1
440 488 1
440 556 1
440 711 1
441 766 1
442 560 1
442 610 1
442 715 1
444 461 1
444 589 1
444 616 1
445 484 1
446 496 1
446 619 1
446 752 1
447 478 1
448 537 1
448 597 1
448 691 1
449 506 1
449 549 1
450 545 1
450 618 1
450 692 1
453 574 1
455 555 1
455 644 1
455 716 1
455 786 1
457 540 1
457 583 1
459 770 1
460 604 1
460 724 1
461 543 1
461 550 1
461 552 1
463 713 1
465 499 1
466 620 1
466 777 1
467 485 1
467 518 1
467 604 1
467 609 1
467 760 1
467 769 1
472 544 1
472 619 1
473 494 1
473 554 1
475 521 1
475 598 1
475 633 1
475 702 1
476 612 1
476 761 1
477 482 1
477 693 1
478 559 1
480 800 1
481 665 1
484 638 1
484 743 1
484 799 1
485 655 1
486 553 1
487 799 1
488 528 1
489 629 1
490 666 1
490 698 1
490 732 1
490 779 1
491 626 1
492 795 1
494 541 1
494 608 1
495 529 1
495 663 1
497 500 1
497 639 1
498 773 1
499 531 1
501 796 1
502 634 1
504 632 1
504 658 1
504 760 1
506 626 1
506 772 1
507 559 1
507 646 1
508 683 1
510 781 1
511 513 1
511 552 1
511 564 1
511 687 1
513 566 1
513 687 1
515 642 1
517 773 1
517 784 1
518 663 1
518 750 1
521 677 1
521 709 1
522 532 1
522 746 1
522 777 1
524 637 1
525 701 1
530 584 1
532 554 1
533 535 1
533 741 1
533 782 1
534 566 1
534 571 1
535 539 1
537 765 1
541 701 1
543 585 1
543 754 1
545 695 1
548 695 1
549 593 1
549 631 1
552 673 1
552 780 1
553 631 1
557 600 1
557 692 1
558 719 1
559 642 1
561 661 1
563 749 1
564 649 1
565 602 1
565 639 1
567 587 1
568 674 1
570 794 1
572 660 1
572 668 1
572 744 1
576 622 1
577 588 1
582 652 1
586 638 1
587 703 1
588 596 1
591 595 1
591 721 1
591 731 1
596 685 1
597 787 1
598 714 1
598 781 1
599 656 1
599 674 1
599 676 1
599 786 1
600 798 1
601 781 1
603 736 1
605 670 1
608 700 1
609 697 1
609 724 1
611 734 1
614 625 1
616 714 1
619 795 1
620 640 1
620 690 1
620 737 1
623 666 1
625 670 1
628 732 1
628 771 1
635 733 1
635 753 1
639 717 1
639 739 1
640 689 1
642 671 1
642 745 1
645 648 1
653 665 1
656 741 1
660 668 1
661 792 1
664 677 1
666 728 1
668 741 1
676 745 1
681 742 1
682 705 1
682 720 1
686 736 1
689 726 1
690 775 1
694 738 1
700 778 1
707 776 1
709 717 1
715 778 1
724 733 1
734 762 1
737 775 1
737 790 1
738 794 1
739 795 1
746 791 1
760 790 1
