700 2783 
1 5 1
1 7 1
1 11 1
1 15 1
1 41 1
1 65 1
1 140 1
1 167 1
1 182 1
1 317 1
1 321 1
1 384 1
1 416 1
1 521 1
1 522 1
1 656 1
2 5 1
2 6 1
2 7 1
2 9 1
2 10 1
2 14 1
2 18 1
2 20 1
2 24 1
2 29 1
2 31 1
2 32 1
2 43 1
2 44 1
2 45 1
2 48 1
2 55 1
2 56 1
2 74 1
2 91 1
2 97 1
2 100 1
2 101 1
2 115 1
2 119 1
2 123 1
2 150 1
2 155 1
2 170 1
2 185 1
2 186 1
2 189 1
2 192 1
2 202 1
2 206 1
2 212 1
2 223 1
2 224 1
2 240 1
2 243 1
2 279 1
2 283 1
2 311 1
2 316 1
2 324 1
2 337 1
2 342 1
2 374 1
2 382 1
2 385 1
2 389 1
2 398 1
2 404 1
2 406 1
2 431 1
2 458 1
2 466 1
2 508 1
2 514 1
2 523 1
2 529 1
2 544 1
2 546 1
2 553 1
2 578 1
2 604 1
2 608 1
2 636 1
2 646 1
2 676 1
2 690 1
2 693 1
3 5 1
3 6 1
3 8 1
3 10 1
3 14 1
3 17 1
3 18 1
3 23 1
3 25 1
3 26 1
3 37 1
3 38 1
3 42 1
3 43 1
3 50 1
3 55 1
3 84 1
3 95 1
3 101 1
3 106 1
3 108 1
3 125 1
3 133 1
3 136 1
3 158 1
3 165 1
3 166 1
3 169 1
3 172 1
3 173 1
3 176 1
3 179 1
3 192 1
3 229 1
3 251 1
3 254 1
3 259 1
3 260 1
3 278 1
3 294 1
3 315 1
3 317 1
3 327 1
3 344 1
3 346 1
3 352 1
3 357 1
3 361 1
3 362 1
3 373 1
3 386 1
3 418 1
3 419 1
3 438 1
3 441 1
3 471 1
3 473 1
3 505 1
3 532 1
3 537 1
3 614 1
3 627 1
3 647 1
3 665 1
4 5 1
4 6 1
4 7 1
4 8 1
4 10 1
4 14 1
4 21 1
4 39 1
4 52 1
4 60 1
4 65 1
4 81 1
4 100 1
4 105 1
4 120 1
4 132 1
4 151 1
4 195 1
4 206 1
4 210 1
4 220 1
4 231 1
4 262 1
4 336 1
4 347 1
4 460 1
4 602 1
4 629 1
4 639 1
4 648 1
5 6 1
5 7 1
5 8 1
5 9 1
5 10 1
5 14 1
5 16 1
5 17 1
5 22 1
5 23 1
5 24 1
5 27 1
5 30 1
5 42 1
5 43 1
5 48 1
5 50 1
5 53 1
5 57 1
5 59 1
5 60 1
5 62 1
5 63 1
5 86 1
5 103 1
5 107 1
5 116 1
5 122 1
5 132 1
5 133 1
5 134 1
5 148 1
5 159 1
5 165 1
5 168 1
5 175 1
5 177 1
5 180 1
5 192 1
5 205 1
5 208 1
5 215 1
5 218 1
5 226 1
5 235 1
5 246 1
5 259 1
5 260 1
5 300 1
5 305 1
5 315 1
5 318 1
5 369 1
5 371 1
5 373 1
5 380 1
5 387 1
5 393 1
5 395 1
5 402 1
5 411 1
5 422 1
5 453 1
5 467 1
5 470 1
5 477 1
5 518 1
5 523 1
5 535 1
5 536 1
5 590 1
5 623 1
5 635 1
5 653 1
5 658 1
5 659 1
5 669 1
5 673 1
5 679 1
5 688 1
5 697 1
6 11 1
6 12 1
6 16 1
6 21 1
6 32 1
6 34 1
6 35 1
6 36 1
6 37 1
6 44 1
6 53 1
6 54 1
6 58 1
6 61 1
6 69 1
6 75 1
6 79 1
6 83 1
6 90 1
6 101 1
6 117 1
6 124 1
6 130 1
6 135 1
6 141 1
6 142 1
6 169 1
6 172 1
6 210 1
6 213 1
6 230 1
6 241 1
6 245 1
6 258 1
6 265 1
6 269 1
6 270 1
6 282 1
6 313 1
6 314 1
6 316 1
6 319 1
6 333 1
6 336 1
6 339 1
6 359 1
6 367 1
6 370 1
6 379 1
6 392 1
6 393 1
6 410 1
6 421 1
6 445 1
6 451 1
6 454 1
6 455 1
6 517 1
6 548 1
6 576 1
6 578 1
6 580 1
6 586 1
6 625 1
6 642 1
6 643 1
6 656 1
6 700 1
7 8 1
7 9 1
7 12 1
7 15 1
7 16 1
7 21 1
7 22 1
7 24 1
7 81 1
7 84 1
7 87 1
7 91 1
7 98 1
7 108 1
7 182 1
7 201 1
7 273 1
7 280 1
7 290 1
7 303 1
7 328 1
7 335 1
7 423 1
7 438 1
7 451 1
7 512 1
7 551 1
7 559 1
7 584 1
7 603 1
7 671 1
7 677 1
7 678 1
7 690 1
7 697 1
8 9 1
8 11 1
8 13 1
8 19 1
8 20 1
8 23 1
8 33 1
8 34 1
8 38 1
8 39 1
8 40 1
8 44 1
8 56 1
8 61 1
8 73 1
8 89 1
8 94 1
8 102 1
8 121 1
8 124 1
8 142 1
8 148 1
8 159 1
8 182 1
8 193 1
8 199 1
8 229 1
8 230 1
8 234 1
8 268 1
8 277 1
8 282 1
8 303 1
8 310 1
8 343 1
8 352 1
8 353 1
8 429 1
8 480 1
8 502 1
8 515 1
8 524 1
8 533 1
8 567 1
8 598 1
8 612 1
8 614 1
8 619 1
8 644 1
8 647 1
8 661 1
8 676 1
8 684 1
8 693 1
8 700 1
9 11 1
9 12 1
9 13 1
9 17 1
9 18 1
9 25 1
9 30 1
9 33 1
9 36 1
9 38 1
9 42 1
9 44 1
9 46 1
9 47 1
9 52 1
9 63 1
9 70 1
9 74 1
9 85 1
9 88 1
9 95 1
9 99 1
9 105 1
9 110 1
9 113 1
9 118 1
9 122 1
9 125 1
9 128 1
9 142 1
9 143 1
9 151 1
9 160 1
9 181 1
9 185 1
9 189 1
9 203 1
9 215 1
9 224 1
9 232 1
9 253 1
9 256 1
9 264 1
9 268 1
9 269 1
9 271 1
9 279 1
9 281 1
9 287 1
9 295 1
9 297 1
9 307 1
9 318 1
9 329 1
9 331 1
9 347 1
9 366 1
9 390 1
9 401 1
9 403 1
9 452 1
9 465 1
9 488 1
9 516 1
9 535 1
9 570 1
9 581 1
9 589 1
9 597 1
9 639 1
9 640 1
9 699 1
10 12 1
10 13 1
10 16 1
10 24 1
10 25 1
10 29 1
10 34 1
10 39 1
10 40 1
10 46 1
10 51 1
10 80 1
10 93 1
10 96 1
10 108 1
10 123 1
10 130 1
10 190 1
10 197 1
10 213 1
10 229 1
10 236 1
10 255 1
10 286 1
10 331 1
10 339 1
10 355 1
10 376 1
10 383 1
10 408 1
10 425 1
10 432 1
10 442 1
10 452 1
10 496 1
10 602 1
10 607 1
10 651 1
10 652 1
10 684 1
10 687 1
11 13 1
11 15 1
11 26 1
11 39 1
11 46 1
11 50 1
11 53 1
11 60 1
11 67 1
11 81 1
11 85 1
11 88 1
11 89 1
11 96 1
11 98 1
11 107 1
11 119 1
11 126 1
11 132 1
11 138 1
11 145 1
11 146 1
11 150 1
11 151 1
11 163 1
11 166 1
11 170 1
11 176 1
11 188 1
11 211 1
11 212 1
11 214 1
11 216 1
11 217 1
11 252 1
11 278 1
11 284 1
11 286 1
11 294 1
11 324 1
11 338 1
11 350 1
11 361 1
11 365 1
11 387 1
11 389 1
11 423 1
11 427 1
11 435 1
11 526 1
11 556 1
11 576 1
11 591 1
11 619 1
11 655 1
12 46 1
12 260 1
12 325 1
12 338 1
12 370 1
12 436 1
12 446 1
12 450 1
12 510 1
12 527 1
12 552 1
12 573 1
12 683 1
13 28 1
13 36 1
13 59 1
13 70 1
13 105 1
13 157 1
13 218 1
13 233 1
13 294 1
13 298 1
13 371 1
13 397 1
13 556 1
13 564 1
13 574 1
13 584 1
14 15 1
14 19 1
14 21 1
14 27 1
14 28 1
14 30 1
14 43 1
14 49 1
14 55 1
14 68 1
14 71 1
14 72 1
14 77 1
14 94 1
14 99 1
14 106 1
14 135 1
14 138 1
14 140 1
14 144 1
14 148 1
14 149 1
14 173 1
14 197 1
14 225 1
14 285 1
14 299 1
14 301 1
14 302 1
14 331 1
14 348 1
14 390 1
14 425 1
14 443 1
14 502 1
14 513 1
14 517 1
14 541 1
14 557 1
14 571 1
14 585 1
14 587 1
14 604 1
14 620 1
14 628 1
14 683 1
14 695 1
15 20 1
15 28 1
15 34 1
15 58 1
15 147 1
15 173 1
15 175 1
15 179 1
15 202 1
15 237 1
15 263 1
15 364 1
15 368 1
15 461 1
15 466 1
15 476 1
15 535 1
15 539 1
15 547 1
15 607 1
15 641 1
16 17 1
16 25 1
16 33 1
16 98 1
16 109 1
16 115 1
16 234 1
16 332 1
16 379 1
16 397 1
16 426 1
16 434 1
16 497 1
16 573 1
17 18 1
17 19 1
17 20 1
17 22 1
17 26 1
17 27 1
17 31 1
17 32 1
17 35 1
17 47 1
17 48 1
17 54 1
17 65 1
17 67 1
17 72 1
17 73 1
17 77 1
17 82 1
17 89 1
17 92 1
17 96 1
17 104 1
17 107 1
17 126 1
17 128 1
17 134 1
17 153 1
17 187 1
17 196 1
17 206 1
17 214 1
17 215 1
17 236 1
17 241 1
17 250 1
17 277 1
17 366 1
17 387 1
17 408 1
17 416 1
17 418 1
17 437 1
17 484 1
17 493 1
17 503 1
17 573 1
17 582 1
17 586 1
17 591 1
17 634 1
17 636 1
17 644 1
17 651 1
17 669 1
17 670 1
17 692 1
17 693 1
17 699 1
18 19 1
18 29 1
18 37 1
18 74 1
18 82 1
18 149 1
18 230 1
18 241 1
18 249 1
18 250 1
18 299 1
18 337 1
18 432 1
18 434 1
18 444 1
18 445 1
18 457 1
18 476 1
18 537 1
18 551 1
18 584 1
18 632 1
19 23 1
19 27 1
19 29 1
19 32 1
19 38 1
19 45 1
19 57 1
19 61 1
19 64 1
19 70 1
19 79 1
19 86 1
19 94 1
19 102 1
19 111 1
19 122 1
19 130 1
19 136 1
19 154 1
19 199 1
19 209 1
19 212 1
19 223 1
19 228 1
19 235 1
19 236 1
19 238 1
19 248 1
19 254 1
19 264 1
19 267 1
19 278 1
19 283 1
19 297 1
19 323 1
19 324 1
19 333 1
19 356 1
19 378 1
19 380 1
19 385 1
19 391 1
19 405 1
19 413 1
19 442 1
19 486 1
19 493 1
19 499 1
19 504 1
19 506 1
19 509 1
19 530 1
19 537 1
19 540 1
19 548 1
19 567 1
19 594 1
19 608 1
19 618 1
19 620 1
19 621 1
19 651 1
19 670 1
19 687 1
19 691 1
20 22 1
20 26 1
20 28 1
20 31 1
20 36 1
20 40 1
20 45 1
20 52 1
20 56 1
20 63 1
20 66 1
20 76 1
20 85 1
20 103 1
20 104 1
20 125 1
20 139 1
20 141 1
20 156 1
20 164 1
20 165 1
20 185 1
20 192 1
20 211 1
20 213 1
20 227 1
20 237 1
20 252 1
20 264 1
20 268 1
20 273 1
20 282 1
20 284 1
20 317 1
20 327 1
20 348 1
20 352 1
20 391 1
20 436 1
20 456 1
20 457 1
20 492 1
20 495 1
20 508 1
20 515 1
20 531 1
20 544 1
20 562 1
20 622 1
20 623 1
20 638 1
20 654 1
20 672 1
21 97 1
21 153 1
21 158 1
21 174 1
21 286 1
21 481 1
21 630 1
21 658 1
22 31 1
22 33 1
22 47 1
22 49 1
22 51 1
22 60 1
22 79 1
22 88 1
22 105 1
22 108 1
22 109 1
22 139 1
22 152 1
22 172 1
22 183 1
22 272 1
22 289 1
22 440 1
22 464 1
22 469 1
22 485 1
22 538 1
22 599 1
23 78 1
23 83 1
23 124 1
23 133 1
23 281 1
23 297 1
23 443 1
23 470 1
24 149 1
24 276 1
24 293 1
24 360 1
24 458 1
24 529 1
24 537 1
24 655 1
25 35 1
25 101 1
25 110 1
25 159 1
25 177 1
25 249 1
25 264 1
25 326 1
25 448 1
25 467 1
25 490 1
25 555 1
25 680 1
26 45 1
26 58 1
26 67 1
26 100 1
26 111 1
26 121 1
26 161 1
26 251 1
26 359 1
26 420 1
26 486 1
26 527 1
26 600 1
26 661 1
27 62 1
27 71 1
27 72 1
27 87 1
27 92 1
27 122 1
27 140 1
27 168 1
27 255 1
27 289 1
27 309 1
27 439 1
27 561 1
27 637 1
27 661 1
28 136 1
28 143 1
28 162 1
28 164 1
28 168 1
28 218 1
28 268 1
28 283 1
28 364 1
28 440 1
28 452 1
28 575 1
28 646 1
28 677 1
29 30 1
29 35 1
29 65 1
29 73 1
29 99 1
29 117 1
29 121 1
29 131 1
29 193 1
29 195 1
29 286 1
29 375 1
29 377 1
29 383 1
29 398 1
29 407 1
29 412 1
29 444 1
29 650 1
29 652 1
29 681 1
30 48 1
30 49 1
30 62 1
30 176 1
30 193 1
30 205 1
30 396 1
30 492 1
30 508 1
30 595 1
30 668 1
31 51 1
31 59 1
31 175 1
31 274 1
31 402 1
31 686 1
32 37 1
32 41 1
32 57 1
32 69 1
32 78 1
32 83 1
32 86 1
32 135 1
32 144 1
32 221 1
32 251 1
32 261 1
32 433 1
32 470 1
32 559 1
32 617 1
32 669 1
33 47 1
33 98 1
33 127 1
33 163 1
33 379 1
33 380 1
33 441 1
33 696 1
34 50 1
34 142 1
34 231 1
34 244 1
34 293 1
34 311 1
34 377 1
34 424 1
34 438 1
34 447 1
34 448 1
34 559 1
34 560 1
34 604 1
35 66 1
35 71 1
35 76 1
35 83 1
35 104 1
35 157 1
35 196 1
35 207 1
35 240 1
35 304 1
35 357 1
35 381 1
35 410 1
35 424 1
35 553 1
35 563 1
35 580 1
35 637 1
35 675 1
35 695 1
36 40 1
36 41 1
36 42 1
36 52 1
36 54 1
36 64 1
36 78 1
36 81 1
36 86 1
36 87 1
36 90 1
36 92 1
36 113 1
36 116 1
36 120 1
36 134 1
36 139 1
36 186 1
36 215 1
36 257 1
36 302 1
36 346 1
36 366 1
36 463 1
36 480 1
36 487 1
36 494 1
36 645 1
37 41 1
37 51 1
37 55 1
37 66 1
37 69 1
37 73 1
37 110 1
37 115 1
37 118 1
37 120 1
37 138 1
37 146 1
37 154 1
37 160 1
37 181 1
37 183 1
37 267 1
37 362 1
37 447 1
37 508 1
37 602 1
38 57 1
38 68 1
38 126 1
38 201 1
38 305 1
38 314 1
38 338 1
38 358 1
38 368 1
38 375 1
38 440 1
38 662 1
38 674 1
39 53 1
39 56 1
39 61 1
39 69 1
39 93 1
39 109 1
39 152 1
39 171 1
39 190 1
39 204 1
39 222 1
39 262 1
39 267 1
39 343 1
39 354 1
39 403 1
39 421 1
39 431 1
39 468 1
39 494 1
39 519 1
39 545 1
39 600 1
39 608 1
39 611 1
39 621 1
39 682 1
40 72 1
40 89 1
40 129 1
40 131 1
40 158 1
40 198 1
40 216 1
40 263 1
40 271 1
40 336 1
40 346 1
40 361 1
40 503 1
40 512 1
40 522 1
40 538 1
40 577 1
40 640 1
40 681 1
41 114 1
41 158 1
41 217 1
42 59 1
42 78 1
42 165 1
42 167 1
42 187 1
42 206 1
42 239 1
42 246 1
42 247 1
42 296 1
42 301 1
42 302 1
42 310 1
42 533 1
42 606 1
42 619 1
42 673 1
43 62 1
43 66 1
43 68 1
43 74 1
43 127 1
43 162 1
43 181 1
43 231 1
43 237 1
43 243 1
43 260 1
43 332 1
43 354 1
43 439 1
43 523 1
44 77 1
44 114 1
44 168 1
44 221 1
44 283 1
44 399 1
44 416 1
44 427 1
44 450 1
44 554 1
44 558 1
44 606 1
44 663 1
45 113 1
45 132 1
45 141 1
45 370 1
45 479 1
46 49 1
46 54 1
46 75 1
46 77 1
46 82 1
46 84 1
46 85 1
46 106 1
46 112 1
46 118 1
46 119 1
46 123 1
46 150 1
46 164 1
46 166 1
46 171 1
46 225 1
46 232 1
46 291 1
46 294 1
46 295 1
46 347 1
46 477 1
46 484 1
46 518 1
46 588 1
46 611 1
46 624 1
46 640 1
46 683 1
46 685 1
47 68 1
47 76 1
47 103 1
47 160 1
47 297 1
47 462 1
47 488 1
47 503 1
47 607 1
48 87 1
48 92 1
48 95 1
48 194 1
48 242 1
48 619 1
48 654 1
48 685 1
48 690 1
49 80 1
49 205 1
49 237 1
49 300 1
49 385 1
49 436 1
49 591 1
49 603 1
50 104 1
50 137 1
50 155 1
50 161 1
50 249 1
50 299 1
50 352 1
50 395 1
50 413 1
50 637 1
50 645 1
50 689 1
51 147 1
51 305 1
51 318 1
51 349 1
51 471 1
51 570 1
51 665 1
52 140 1
52 219 1
52 275 1
52 625 1
52 626 1
52 699 1
53 64 1
53 99 1
53 202 1
53 284 1
53 340 1
53 351 1
53 400 1
53 488 1
53 510 1
54 117 1
54 161 1
54 178 1
54 403 1
54 577 1
54 643 1
55 58 1
55 80 1
55 112 1
55 116 1
55 144 1
55 184 1
55 217 1
55 219 1
55 240 1
55 280 1
55 308 1
55 315 1
55 320 1
55 349 1
55 354 1
55 487 1
55 521 1
55 593 1
56 116 1
56 146 1
56 180 1
56 203 1
56 233 1
56 245 1
56 279 1
56 401 1
56 410 1
56 452 1
56 489 1
56 497 1
56 498 1
57 102 1
57 111 1
57 255 1
57 382 1
57 478 1
57 541 1
57 574 1
57 605 1
57 655 1
57 695 1
58 240 1
58 285 1
58 348 1
58 491 1
58 616 1
59 64 1
59 80 1
59 88 1
59 200 1
59 227 1
59 231 1
59 233 1
59 242 1
59 284 1
59 329 1
59 400 1
59 528 1
59 550 1
59 589 1
59 617 1
60 507 1
61 63 1
61 71 1
61 79 1
61 93 1
61 97 1
61 127 1
61 131 1
61 148 1
61 173 1
61 190 1
61 203 1
61 208 1
61 226 1
61 276 1
61 351 1
61 425 1
61 455 1
61 459 1
61 467 1
61 475 1
61 479 1
61 485 1
61 510 1
61 524 1
61 532 1
61 553 1
61 564 1
61 596 1
61 626 1
61 699 1
62 513 1
63 70 1
63 94 1
63 157 1
63 200 1
63 319 1
64 82 1
64 100 1
64 129 1
64 146 1
64 232 1
64 235 1
64 254 1
64 285 1
64 491 1
64 521 1
64 597 1
64 698 1
65 76 1
65 163 1
65 169 1
65 196 1
65 202 1
65 245 1
65 266 1
65 318 1
65 341 1
65 454 1
65 484 1
65 491 1
65 497 1
65 520 1
65 590 1
65 666 1
65 686 1
66 143 1
66 180 1
66 200 1
66 262 1
66 542 1
66 556 1
66 615 1
67 111 1
67 112 1
67 119 1
67 128 1
67 270 1
67 345 1
67 475 1
68 144 1
68 188 1
68 214 1
68 320 1
68 327 1
68 389 1
68 417 1
68 580 1
68 596 1
69 75 1
69 84 1
69 90 1
69 117 1
69 242 1
69 275 1
69 332 1
69 551 1
69 634 1
70 493 1
71 242 1
72 124 1
72 130 1
72 133 1
72 190 1
72 247 1
72 291 1
72 395 1
72 517 1
72 545 1
72 593 1
72 610 1
72 631 1
73 357 1
73 376 1
73 383 1
74 75 1
74 175 1
74 188 1
74 377 1
74 414 1
74 540 1
75 95 1
75 169 1
75 245 1
75 271 1
75 298 1
75 363 1
75 392 1
75 415 1
75 440 1
75 649 1
76 153 1
76 309 1
76 367 1
76 472 1
76 476 1
76 501 1
76 546 1
76 666 1
77 156 1
77 273 1
77 333 1
77 374 1
77 378 1
77 469 1
77 474 1
77 620 1
77 629 1
78 162 1
78 187 1
78 345 1
78 363 1
78 368 1
78 471 1
78 496 1
78 498 1
78 563 1
79 90 1
79 106 1
79 127 1
79 162 1
79 228 1
79 455 1
79 472 1
79 552 1
79 626 1
79 681 1
80 406 1
81 93 1
81 107 1
81 115 1
81 126 1
81 134 1
81 145 1
81 156 1
81 182 1
81 216 1
81 239 1
81 269 1
81 320 1
81 323 1
81 326 1
81 335 1
81 342 1
81 396 1
81 405 1
81 423 1
81 451 1
81 467 1
81 476 1
81 490 1
81 548 1
81 592 1
81 601 1
82 109 1
82 112 1
82 490 1
83 91 1
83 137 1
83 164 1
83 228 1
83 248 1
83 254 1
83 410 1
83 477 1
83 483 1
83 534 1
83 582 1
84 96 1
84 97 1
84 179 1
84 204 1
84 216 1
84 217 1
84 326 1
84 369 1
84 645 1
85 114 1
85 183 1
85 622 1
85 632 1
86 91 1
86 205 1
86 276 1
86 540 1
86 666 1
87 143 1
87 161 1
87 244 1
87 402 1
87 435 1
87 474 1
87 499 1
88 195 1
88 199 1
88 210 1
88 238 1
88 247 1
88 263 1
88 312 1
88 328 1
88 484 1
89 218 1
89 306 1
89 330 1
89 424 1
89 450 1
89 493 1
90 220 1
90 230 1
90 234 1
90 394 1
90 449 1
90 501 1
92 309 1
92 494 1
92 536 1
92 573 1
92 582 1
92 640 1
92 646 1
94 102 1
94 212 1
94 308 1
94 507 1
94 530 1
94 533 1
95 113 1
95 147 1
95 498 1
96 219 1
96 261 1
96 316 1
96 605 1
96 609 1
96 612 1
96 639 1
97 159 1
97 384 1
97 630 1
98 179 1
98 621 1
100 121 1
100 269 1
100 587 1
101 103 1
101 147 1
101 154 1
101 349 1
101 404 1
101 445 1
101 482 1
102 110 1
102 114 1
102 154 1
102 177 1
102 252 1
102 417 1
102 418 1
102 430 1
102 530 1
102 531 1
102 562 1
102 587 1
102 595 1
102 617 1
103 312 1
103 327 1
103 420 1
103 427 1
103 647 1
104 149 1
104 151 1
104 210 1
104 266 1
104 274 1
104 303 1
104 511 1
104 594 1
105 566 1
105 675 1
106 131 1
106 135 1
106 157 1
106 191 1
106 278 1
106 285 1
106 362 1
106 393 1
106 489 1
107 160 1
107 184 1
107 243 1
107 312 1
107 313 1
107 373 1
107 408 1
108 152 1
108 204 1
108 482 1
108 662 1
109 335 1
109 371 1
109 381 1
109 434 1
109 481 1
109 504 1
110 120 1
110 184 1
110 354 1
110 453 1
110 518 1
110 555 1
110 557 1
110 598 1
110 612 1
111 128 1
111 136 1
111 139 1
111 145 1
111 178 1
111 194 1
111 208 1
111 249 1
111 261 1
111 321 1
111 401 1
111 474 1
111 500 1
111 566 1
111 611 1
112 118 1
112 129 1
112 262 1
112 306 1
112 325 1
112 334 1
112 506 1
112 622 1
112 678 1
113 123 1
113 171 1
113 196 1
113 209 1
113 227 1
113 238 1
113 239 1
113 256 1
113 383 1
113 603 1
114 153 1
114 219 1
114 390 1
114 592 1
114 613 1
115 125 1
115 176 1
115 203 1
115 214 1
115 223 1
115 224 1
115 307 1
115 378 1
115 600 1
116 211 1
116 248 1
116 520 1
116 635 1
117 300 1
117 463 1
118 137 1
118 189 1
118 228 1
118 266 1
118 275 1
118 298 1
118 437 1
118 495 1
118 503 1
118 636 1
119 129 1
120 198 1
120 220 1
120 222 1
120 227 1
120 340 1
120 358 1
120 453 1
120 526 1
120 534 1
120 542 1
120 570 1
120 575 1
121 185 1
122 138 1
122 167 1
122 177 1
122 232 1
122 272 1
122 289 1
122 316 1
122 388 1
122 428 1
122 487 1
122 492 1
122 545 1
122 583 1
122 614 1
122 641 1
123 137 1
123 458 1
123 486 1
123 669 1
124 258 1
124 270 1
124 443 1
125 303 1
125 317 1
125 353 1
125 395 1
125 470 1
125 660 1
126 145 1
126 301 1
127 222 1
127 236 1
127 429 1
127 516 1
127 544 1
127 569 1
127 667 1
128 200 1
128 543 1
128 596 1
129 155 1
129 372 1
129 597 1
130 374 1
130 620 1
131 141 1
131 174 1
131 191 1
131 207 1
131 209 1
131 253 1
131 258 1
131 479 1
131 494 1
131 509 1
132 174 1
132 241 1
132 279 1
132 289 1
132 342 1
133 252 1
133 311 1
133 523 1
133 525 1
133 549 1
133 587 1
133 635 1
133 659 1
134 221 1
134 346 1
134 680 1
135 199 1
135 201 1
135 221 1
135 330 1
135 462 1
135 479 1
135 583 1
135 653 1
137 180 1
137 347 1
137 358 1
137 409 1
137 413 1
137 475 1
137 485 1
137 500 1
137 528 1
137 533 1
137 565 1
138 156 1
138 251 1
138 309 1
138 359 1
138 360 1
138 369 1
138 428 1
138 432 1
139 339 1
139 388 1
139 429 1
139 550 1
140 290 1
141 187 1
141 287 1
141 296 1
141 323 1
141 381 1
141 386 1
141 406 1
141 435 1
141 516 1
141 629 1
141 634 1
141 636 1
142 150 1
142 193 1
142 416 1
142 531 1
143 155 1
143 223 1
144 163 1
144 183 1
144 677 1
145 191 1
145 280 1
145 412 1
145 437 1
145 438 1
145 442 1
145 581 1
146 197 1
146 465 1
146 585 1
146 691 1
147 194 1
148 152 1
148 197 1
148 328 1
148 396 1
149 186 1
149 322 1
149 379 1
149 457 1
150 209 1
150 222 1
150 375 1
150 594 1
150 637 1
151 172 1
151 211 1
151 250 1
151 627 1
152 188 1
152 198 1
152 369 1
153 167 1
153 191 1
153 321 1
153 360 1
153 468 1
153 482 1
153 691 1
154 257 1
154 314 1
154 386 1
154 388 1
154 399 1
154 418 1
154 635 1
154 694 1
155 225 1
155 265 1
156 226 1
156 298 1
156 616 1
156 692 1
157 314 1
157 459 1
157 463 1
158 166 1
158 267 1
158 432 1
158 487 1
159 184 1
159 225 1
159 234 1
159 277 1
159 281 1
159 350 1
159 412 1
159 445 1
159 648 1
160 170 1
160 514 1
160 555 1
160 570 1
160 676 1
161 567 1
161 576 1
161 615 1
161 633 1
162 265 1
162 292 1
162 428 1
162 448 1
162 495 1
162 674 1
162 693 1
163 195 1
163 386 1
163 505 1
164 201 1
164 246 1
164 304 1
164 532 1
164 566 1
164 575 1
164 588 1
164 671 1
165 171 1
165 194 1
165 207 1
165 399 1
165 411 1
165 504 1
165 672 1
166 178 1
166 186 1
166 319 1
166 328 1
166 382 1
166 462 1
166 569 1
166 572 1
166 614 1
166 689 1
167 329 1
168 170 1
168 174 1
168 207 1
168 273 1
168 291 1
168 300 1
168 332 1
168 365 1
168 456 1
169 496 1
169 561 1
169 595 1
170 181 1
170 235 1
170 272 1
170 287 1
170 374 1
170 512 1
170 554 1
170 650 1
170 670 1
170 679 1
171 401 1
173 226 1
173 474 1
173 657 1
173 673 1
174 178 1
174 253 1
174 343 1
174 409 1
174 478 1
174 515 1
174 562 1
174 586 1
174 651 1
175 375 1
176 311 1
176 336 1
176 344 1
176 382 1
176 436 1
176 550 1
176 628 1
177 274 1
177 293 1
177 321 1
177 519 1
177 589 1
178 288 1
178 449 1
178 511 1
178 639 1
179 308 1
179 628 1
180 571 1
181 334 1
181 454 1
181 554 1
184 292 1
184 312 1
184 501 1
185 429 1
185 439 1
185 605 1
185 618 1
186 562 1
187 189 1
187 246 1
187 261 1
187 288 1
187 431 1
187 509 1
188 204 1
188 257 1
188 304 1
188 389 1
188 480 1
189 607 1
190 270 1
190 555 1
191 277 1
191 287 1
191 343 1
192 198 1
192 220 1
192 229 1
192 313 1
192 322 1
192 465 1
193 243 1
193 255 1
193 628 1
194 469 1
194 526 1
196 322 1
196 579 1
197 213 1
197 624 1
197 631 1
197 656 1
198 415 1
198 422 1
198 465 1
198 521 1
198 522 1
199 238 1
199 247 1
199 250 1
199 313 1
200 370 1
200 698 1
201 337 1
202 296 1
202 339 1
202 454 1
202 491 1
203 208 1
203 256 1
203 288 1
203 319 1
203 322 1
203 567 1
204 340 1
206 239 1
207 424 1
208 324 1
208 387 1
208 506 1
208 536 1
209 257 1
209 355 1
209 425 1
209 599 1
210 271 1
210 292 1
210 302 1
210 307 1
210 532 1
210 682 1
211 244 1
211 248 1
211 606 1
211 672 1
212 697 1
213 266 1
213 415 1
213 551 1
214 224 1
214 233 1
214 258 1
214 330 1
214 365 1
214 600 1
215 256 1
215 400 1
215 411 1
215 511 1
215 625 1
216 356 1
217 334 1
217 377 1
217 579 1
217 592 1
218 558 1
218 684 1
219 626 1
219 694 1
221 355 1
221 391 1
222 456 1
222 501 1
222 649 1
224 430 1
224 507 1
224 545 1
225 310 1
225 443 1
225 510 1
226 265 1
227 280 1
227 366 1
228 253 1
228 291 1
228 304 1
228 372 1
228 560 1
228 594 1
228 604 1
228 609 1
229 301 1
229 409 1
229 426 1
229 536 1
229 552 1
230 259 1
230 292 1
230 685 1
231 451 1
231 497 1
232 514 1
233 315 1
233 326 1
233 422 1
233 446 1
233 648 1
233 665 1
234 263 1
234 434 1
234 449 1
234 685 1
235 325 1
235 415 1
235 547 1
236 296 1
236 310 1
236 329 1
237 288 1
237 373 1
238 259 1
238 361 1
238 419 1
238 433 1
238 516 1
238 539 1
239 362 1
239 404 1
239 468 1
239 549 1
239 557 1
241 446 1
242 363 1
242 364 1
242 385 1
242 534 1
243 244 1
243 421 1
243 687 1
245 381 1
245 569 1
245 581 1
246 306 1
246 423 1
246 654 1
248 290 1
248 325 1
248 473 1
248 513 1
249 337 1
249 390 1
249 671 1
250 394 1
250 663 1
251 293 1
251 554 1
252 274 1
252 290 1
252 330 1
252 334 1
252 341 1
252 349 1
252 353 1
252 396 1
253 282 1
253 353 1
253 376 1
253 384 1
253 577 1
254 306 1
254 344 1
254 391 1
254 505 1
254 609 1
254 630 1
255 355 1
255 430 1
255 596 1
255 680 1
256 552 1
257 275 1
257 489 1
257 490 1
257 638 1
257 682 1
258 281 1
259 272 1
259 295 1
259 588 1
259 696 1
260 399 1
260 439 1
260 610 1
261 299 1
261 323 1
261 623 1
261 678 1
262 308 1
262 376 1
262 577 1
263 295 1
263 592 1
264 342 1
264 448 1
264 585 1
266 419 1
266 450 1
267 406 1
267 428 1
268 305 1
268 341 1
268 345 1
268 360 1
268 447 1
268 463 1
268 515 1
268 627 1
271 348 1
271 426 1
271 506 1
272 276 1
272 350 1
273 609 1
273 647 1
274 613 1
275 333 1
275 345 1
275 358 1
275 371 1
275 388 1
275 397 1
275 412 1
275 413 1
275 417 1
275 419 1
275 441 1
275 455 1
275 460 1
275 512 1
275 520 1
275 539 1
275 638 1
275 670 1
278 340 1
278 571 1
278 649 1
278 675 1
279 398 1
279 563 1
280 566 1
281 616 1
282 368 1
282 414 1
282 481 1
282 675 1
283 568 1
283 598 1
284 351 1
285 408 1
285 437 1
285 631 1
286 407 1
286 481 1
287 482 1
288 414 1
288 689 1
289 372 1
290 341 1
290 522 1
291 422 1
292 378 1
292 393 1
292 584 1
293 589 1
294 564 1
294 580 1
295 420 1
296 338 1
296 547 1
296 642 1
297 350 1
297 357 1
298 420 1
298 473 1
299 320 1
299 473 1
299 547 1
300 655 1
301 409 1
301 421 1
301 478 1
301 568 1
302 307 1
302 404 1
302 653 1
303 356 1
303 519 1
303 602 1
304 449 1
305 528 1
306 384 1
307 688 1
308 356 1
308 498 1
309 335 1
311 444 1
311 472 1
311 495 1
311 623 1
312 344 1
314 407 1
314 674 1
315 402 1
315 447 1
315 531 1
316 433 1
316 459 1
316 500 1
316 541 1
316 643 1
318 411 1
319 351 1
319 446 1
320 331 1
320 359 1
321 468 1
322 398 1
322 525 1
322 590 1
322 681 1
323 662 1
324 400 1
324 686 1
325 488 1
325 513 1
328 363 1
329 464 1
330 464 1
330 700 1
331 364 1
331 520 1
331 561 1
332 507 1
334 528 1
334 664 1
335 658 1
336 365 1
336 502 1
336 616 1
337 367 1
337 676 1
340 575 1
341 372 1
341 380 1
342 617 1
342 638 1
344 529 1
344 538 1
344 597 1
345 427 1
345 453 1
346 405 1
346 462 1
347 658 1
347 659 1
347 665 1
349 417 1
349 458 1
349 578 1
351 668 1
351 700 1
352 403 1
352 492 1
352 643 1
353 392 1
354 611 1
355 690 1
355 695 1
356 426 1
357 509 1
358 588 1
358 654 1
358 698 1
360 397 1
360 496 1
360 598 1
361 367 1
361 430 1
361 477 1
361 541 1
362 394 1
362 549 1
363 525 1
363 565 1
364 553 1
364 642 1
365 394 1
365 456 1
365 543 1
365 605 1
366 683 1
366 688 1
368 514 1
368 662 1
369 472 1
369 556 1
371 519 1
371 571 1
371 585 1
371 644 1
372 460 1
372 610 1
372 612 1
376 392 1
376 526 1
376 527 1
376 649 1
379 433 1
380 441 1
380 630 1
381 542 1
382 660 1
383 475 1
384 524 1
384 698 1
386 460 1
386 524 1
386 667 1
387 461 1
387 534 1
389 500 1
393 558 1
394 518 1
394 549 1
395 405 1
395 464 1
395 660 1
396 548 1
397 435 1
398 407 1
398 560 1
398 563 1
399 483 1
399 692 1
401 483 1
403 469 1
403 542 1
403 632 1
405 466 1
406 414 1
406 457 1
406 581 1
408 677 1
410 692 1
411 686 1
412 667 1
413 431 1
413 622 1
414 504 1
414 629 1
414 650 1
417 546 1
417 578 1
420 527 1
425 461 1
428 442 1
428 471 1
429 529 1
429 653 1
430 546 1
431 678 1
433 459 1
434 664 1
435 499 1
437 539 1
437 590 1
437 664 1
440 444 1
440 505 1
441 483 1
441 696 1
444 621 1
445 461 1
445 559 1
447 535 1
448 478 1
448 652 1
449 572 1
450 480 1
450 550 1
450 624 1
452 489 1
452 499 1
453 557 1
453 613 1
454 606 1
455 511 1
455 543 1
458 486 1
459 543 1
459 568 1
460 485 1
461 615 1
462 583 1
463 618 1
464 540 1
465 466 1
466 530 1
466 627 1
466 679 1
469 646 1
469 674 1
471 624 1
471 688 1
473 599 1
475 666 1
478 517 1
478 601 1
479 631 1
480 538 1
481 558 1
481 565 1
482 502 1
482 572 1
483 525 1
483 574 1
487 694 1
488 568 1
489 572 1
491 680 1
492 625 1
493 642 1
493 668 1
494 610 1
497 595 1
498 691 1
502 593 1
503 593 1
504 613 1
506 560 1
507 694 1
508 673 1
511 565 1
512 586 1
513 657 1
515 661 1
518 644 1
521 599 1
529 564 1
530 608 1
530 615 1
531 583 1
534 544 1
534 660 1
539 574 1
539 601 1
540 569 1
544 561 1
545 579 1
548 648 1
550 671 1
551 632 1
556 576 1
557 579 1
557 582 1
558 603 1
560 664 1
561 663 1
569 601 1
575 679 1
577 634 1
577 641 1
578 591 1
579 645 1
581 618 1
584 633 1
585 667 1
586 657 1
588 633 1
599 641 1
609 633 1
610 696 1
622 663 1
623 659 1
623 689 1
625 650 1
626 652 1
633 656 1
635 668 1
638 672 1
644 684 1
653 657 1
669 697 1
673 687 1
678 682 1
