40 144 
1 5 1
1 6 1
1 7 1
1 8 1
1 9 1
1 10 1
1 11 1
1 12 1
1 19 1
1 21 1
1 22 1
1 26 1
1 28 1
1 29 1
1 30 1
1 31 1
1 38 1
2 5 1
2 6 1
2 7 1
2 9 1
2 13 1
2 14 1
2 18 1
2 20 1
2 21 1
2 22 1
2 23 1
2 29 1
2 30 1
2 34 1
3 5 1
3 6 1
3 7 1
3 8 1
3 10 1
3 17 1
3 18 1
3 23 1
3 32 1
3 40 1
4 5 1
4 12 1
4 16 1
5 6 1
5 7 1
5 8 1
5 9 1
5 10 1
5 11 1
5 13 1
5 14 1
5 15 1
5 16 1
5 17 1
5 19 1
5 20 1
5 22 1
5 28 1
5 31 1
5 32 1
5 35 1
5 40 1
6 10 1
6 11 1
6 14 1
6 15 1
6 16 1
6 17 1
6 19 1
6 23 1
6 25 1
6 26 1
6 27 1
6 28 1
6 35 1
6 36 1
7 8 1
7 12 1
7 13 1
7 14 1
7 21 1
7 24 1
7 25 1
7 26 1
7 27 1
7 36 1
7 37 1
7 40 1
8 9 1
8 11 1
9 20 1
9 34 1
9 38 1
9 39 1
11 12 1
11 15 1
11 16 1
11 18 1
11 19 1
11 24 1
11 26 1
11 31 1
12 13 1
12 18 1
12 25 1
12 33 1
12 39 1
13 15 1
13 24 1
13 25 1
13 27 1
13 33 1
14 31 1
14 37 1
14 38 1
15 17 1
16 27 1
16 30 1
17 20 1
18 23 1
18 24 1
18 30 1
18 37 1
19 21 1
19 22 1
20 32 1
20 33 1
20 34 1
20 36 1
23 35 1
24 35 1
25 28 1
25 29 1
25 32 1
25 38 1
26 29 1
27 34 1
30 33 1
32 36 1
35 39 1
36 37 1
38 39 1
39 40 1
