1700 6783 
1 5 1
1 6 1
1 7 1
1 8 1
1 11 1
1 13 1
1 26 1
1 28 1
1 37 1
1 39 1
1 40 1
1 48 1
1 57 1
1 62 1
1 82 1
1 87 1
1 98 1
1 105 1
1 108 1
1 128 1
1 148 1
1 156 1
1 161 1
1 187 1
1 201 1
1 204 1
1 205 1
1 208 1
1 233 1
1 252 1
1 261 1
1 265 1
1 293 1
1 318 1
1 334 1
1 336 1
1 338 1
1 349 1
1 398 1
1 403 1
1 404 1
1 550 1
1 566 1
1 728 1
1 734 1
1 739 1
1 747 1
1 788 1
1 798 1
1 832 1
1 833 1
1 834 1
1 878 1
1 918 1
1 948 1
1 961 1
1 1190 1
1 1230 1
1 1308 1
1 1441 1
1 1462 1
1 1517 1
1 1524 1
1 1525 1
1 1602 1
1 1628 1
1 1679 1
2 5 1
2 6 1
2 7 1
2 9 1
2 19 1
2 24 1
2 27 1
2 36 1
2 48 1
2 60 1
2 74 1
2 79 1
2 81 1
2 96 1
2 105 1
2 114 1
2 130 1
2 135 1
2 141 1
2 154 1
2 161 1
2 169 1
2 209 1
2 215 1
2 219 1
2 223 1
2 267 1
2 270 1
2 284 1
2 292 1
2 320 1
2 359 1
2 379 1
2 384 1
2 412 1
2 417 1
2 423 1
2 430 1
2 456 1
2 458 1
2 475 1
2 477 1
2 539 1
2 560 1
2 576 1
2 581 1
2 657 1
2 694 1
2 722 1
2 754 1
2 856 1
2 912 1
2 940 1
2 1047 1
2 1055 1
2 1078 1
2 1169 1
2 1170 1
2 1290 1
2 1294 1
2 1309 1
2 1358 1
2 1394 1
2 1513 1
2 1541 1
2 1580 1
2 1615 1
3 5 1
3 7 1
3 8 1
3 10 1
3 15 1
3 16 1
3 17 1
3 22 1
3 26 1
3 29 1
3 33 1
3 35 1
3 36 1
3 37 1
3 40 1
3 42 1
3 56 1
3 62 1
3 66 1
3 84 1
3 90 1
3 99 1
3 102 1
3 108 1
3 113 1
3 120 1
3 122 1
3 123 1
3 127 1
3 128 1
3 129 1
3 136 1
3 137 1
3 140 1
3 148 1
3 149 1
3 151 1
3 152 1
3 161 1
3 179 1
3 182 1
3 184 1
3 187 1
3 189 1
3 190 1
3 197 1
3 205 1
3 223 1
3 225 1
3 240 1
3 273 1
3 296 1
3 303 1
3 311 1
3 346 1
3 347 1
3 352 1
3 359 1
3 361 1
3 376 1
3 383 1
3 390 1
3 433 1
3 460 1
3 464 1
3 495 1
3 502 1
3 533 1
3 555 1
3 565 1
3 646 1
3 648 1
3 680 1
3 689 1
3 716 1
3 726 1
3 744 1
3 757 1
3 760 1
3 851 1
3 870 1
3 871 1
3 944 1
3 980 1
3 982 1
3 1060 1
3 1088 1
3 1124 1
3 1132 1
3 1147 1
3 1245 1
3 1252 1
3 1253 1
3 1290 1
3 1294 1
3 1340 1
3 1368 1
3 1382 1
3 1406 1
3 1411 1
3 1421 1
3 1451 1
3 1485 1
3 1636 1
3 1637 1
3 1699 1
4 5 1
4 6 1
4 8 1
4 18 1
4 19 1
4 21 1
4 25 1
4 31 1
4 32 1
4 35 1
4 41 1
4 55 1
4 71 1
4 73 1
4 82 1
4 83 1
4 104 1
4 109 1
4 115 1
4 126 1
4 132 1
4 139 1
4 146 1
4 147 1
4 155 1
4 167 1
4 174 1
4 184 1
4 190 1
4 210 1
4 212 1
4 218 1
4 230 1
4 248 1
4 354 1
4 360 1
4 367 1
4 388 1
4 406 1
4 430 1
4 454 1
4 473 1
4 534 1
4 632 1
4 638 1
4 675 1
4 688 1
4 747 1
4 803 1
4 806 1
4 817 1
4 829 1
4 850 1
4 866 1
4 901 1
4 924 1
4 999 1
4 1016 1
4 1142 1
4 1152 1
4 1165 1
4 1171 1
4 1179 1
4 1191 1
4 1202 1
4 1217 1
4 1250 1
4 1279 1
4 1420 1
4 1438 1
4 1461 1
4 1468 1
4 1472 1
4 1492 1
4 1496 1
4 1498 1
4 1500 1
5 6 1
5 7 1
5 8 1
5 9 1
5 10 1
5 11 1
5 12 1
5 13 1
5 21 1
5 25 1
5 27 1
5 28 1
5 30 1
5 31 1
5 39 1
5 43 1
5 52 1
5 64 1
5 80 1
5 82 1
5 85 1
5 88 1
5 92 1
5 101 1
5 102 1
5 108 1
5 112 1
5 114 1
5 120 1
5 142 1
5 153 1
5 162 1
5 168 1
5 170 1
5 171 1
5 172 1
5 174 1
5 189 1
5 191 1
5 195 1
5 210 1
5 221 1
5 235 1
5 276 1
5 284 1
5 287 1
5 294 1
5 301 1
5 335 1
5 338 1
5 341 1
5 354 1
5 356 1
5 357 1
5 364 1
5 380 1
5 385 1
5 386 1
5 395 1
5 408 1
5 432 1
5 461 1
5 480 1
5 509 1
5 532 1
5 537 1
5 562 1
5 571 1
5 577 1
5 583 1
5 593 1
5 617 1
5 618 1
5 630 1
5 645 1
5 675 1
5 697 1
5 714 1
5 737 1
5 763 1
5 776 1
5 807 1
5 853 1
5 868 1
5 891 1
5 929 1
5 1038 1
5 1100 1
5 1102 1
5 1115 1
5 1119 1
5 1131 1
5 1346 1
5 1368 1
5 1406 1
5 1484 1
5 1511 1
5 1550 1
5 1618 1
5 1673 1
5 1682 1
6 9 1
6 11 1
6 12 1
6 13 1
6 14 1
6 19 1
6 28 1
6 30 1
6 33 1
6 38 1
6 42 1
6 45 1
6 47 1
6 55 1
6 56 1
6 59 1
6 62 1
6 71 1
6 82 1
6 84 1
6 94 1
6 106 1
6 107 1
6 131 1
6 142 1
6 157 1
6 176 1
6 210 1
6 251 1
6 283 1
6 295 1
6 303 1
6 339 1
6 351 1
6 372 1
6 387 1
6 406 1
6 410 1
6 413 1
6 428 1
6 479 1
6 488 1
6 502 1
6 530 1
6 540 1
6 559 1
6 573 1
6 593 1
6 613 1
6 630 1
6 700 1
6 718 1
6 776 1
6 822 1
6 838 1
6 846 1
6 888 1
6 926 1
6 981 1
6 1030 1
6 1034 1
6 1074 1
6 1119 1
6 1168 1
6 1196 1
6 1232 1
6 1248 1
6 1277 1
6 1344 1
6 1373 1
6 1408 1
6 1436 1
6 1518 1
6 1547 1
6 1565 1
6 1575 1
7 9 1
7 10 1
7 17 1
7 18 1
7 20 1
7 22 1
7 23 1
7 26 1
7 33 1
7 34 1
7 35 1
7 50 1
7 58 1
7 59 1
7 65 1
7 67 1
7 76 1
7 77 1
7 86 1
7 90 1
7 122 1
7 141 1
7 150 1
7 153 1
7 158 1
7 165 1
7 177 1
7 180 1
7 260 1
7 274 1
7 283 1
7 318 1
7 324 1
7 329 1
7 355 1
7 363 1
7 409 1
7 429 1
7 438 1
7 445 1
7 459 1
7 473 1
7 522 1
7 578 1
7 671 1
7 690 1
7 722 1
7 732 1
7 766 1
7 789 1
7 844 1
7 876 1
7 937 1
7 939 1
7 998 1
7 1008 1
7 1009 1
7 1034 1
7 1051 1
7 1075 1
7 1090 1
7 1096 1
7 1108 1
7 1118 1
7 1298 1
7 1338 1
7 1399 1
7 1413 1
7 1469 1
7 1529 1
7 1561 1
7 1581 1
7 1636 1
7 1641 1
7 1699 1
8 12 1
8 13 1
8 15 1
8 19 1
8 20 1
8 55 1
8 69 1
8 87 1
8 90 1
8 109 1
8 123 1
8 126 1
8 157 1
8 205 1
8 230 1
8 231 1
8 295 1
8 348 1
8 383 1
8 450 1
8 600 1
8 690 1
8 774 1
8 777 1
8 795 1
8 872 1
8 882 1
8 885 1
8 978 1
8 980 1
8 1180 1
8 1199 1
8 1310 1
8 1325 1
8 1396 1
8 1501 1
8 1506 1
9 10 1
9 11 1
9 12 1
9 14 1
9 16 1
9 17 1
9 20 1
9 23 1
9 26 1
9 30 1
9 33 1
9 38 1
9 42 1
9 43 1
9 44 1
9 50 1
9 51 1
9 52 1
9 56 1
9 66 1
9 68 1
9 74 1
9 91 1
9 94 1
9 113 1
9 117 1
9 119 1
9 131 1
9 140 1
9 163 1
9 166 1
9 175 1
9 182 1
9 188 1
9 192 1
9 194 1
9 196 1
9 203 1
9 226 1
9 228 1
9 257 1
9 261 1
9 269 1
9 279 1
9 281 1
9 295 1
9 312 1
9 314 1
9 325 1
9 375 1
9 379 1
9 383 1
9 420 1
9 439 1
9 440 1
9 462 1
9 464 1
9 487 1
9 510 1
9 520 1
9 542 1
9 562 1
9 569 1
9 578 1
9 611 1
9 628 1
9 652 1
9 713 1
9 714 1
9 730 1
9 775 1
9 801 1
9 824 1
9 838 1
9 842 1
9 857 1
9 868 1
9 890 1
9 916 1
9 976 1
9 981 1
9 1000 1
9 1015 1
9 1050 1
9 1140 1
9 1168 1
9 1203 1
9 1216 1
9 1217 1
9 1251 1
9 1292 1
9 1331 1
9 1340 1
9 1346 1
9 1417 1
9 1436 1
9 1452 1
9 1459 1
9 1500 1
9 1594 1
9 1642 1
9 1665 1
9 1675 1
9 1685 1
9 1698 1
10 14 1
10 18 1
10 21 1
10 23 1
10 39 1
10 40 1
10 41 1
10 54 1
10 63 1
10 89 1
10 98 1
10 116 1
10 122 1
10 138 1
10 163 1
10 193 1
10 202 1
10 206 1
10 238 1
10 255 1
10 275 1
10 311 1
10 320 1
10 326 1
10 327 1
10 334 1
10 354 1
10 386 1
10 416 1
10 436 1
10 447 1
10 457 1
10 508 1
10 515 1
10 521 1
10 624 1
10 633 1
10 666 1
10 673 1
10 674 1
10 694 1
10 795 1
10 862 1
10 871 1
10 878 1
10 923 1
10 940 1
10 949 1
10 954 1
10 958 1
10 974 1
10 990 1
10 1031 1
10 1116 1
10 1145 1
10 1167 1
10 1467 1
10 1565 1
10 1597 1
10 1610 1
11 16 1
11 38 1
11 48 1
11 50 1
11 76 1
11 78 1
11 89 1
11 117 1
11 118 1
11 129 1
11 130 1
11 145 1
11 146 1
11 160 1
11 213 1
11 236 1
11 238 1
11 252 1
11 290 1
11 304 1
11 355 1
11 464 1
11 551 1
11 553 1
11 577 1
11 809 1
11 862 1
11 878 1
11 911 1
11 946 1
11 958 1
11 989 1
11 1040 1
11 1045 1
11 1050 1
11 1071 1
11 1164 1
11 1166 1
11 1237 1
11 1328 1
11 1406 1
11 1442 1
11 1469 1
11 1539 1
11 1608 1
11 1625 1
12 14 1
12 15 1
12 18 1
12 20 1
12 27 1
12 29 1
12 39 1
12 43 1
12 49 1
12 83 1
12 94 1
12 98 1
12 104 1
12 109 1
12 110 1
12 133 1
12 140 1
12 178 1
12 219 1
12 241 1
12 249 1
12 253 1
12 281 1
12 336 1
12 348 1
12 376 1
12 458 1
12 465 1
12 471 1
12 512 1
12 558 1
12 597 1
12 598 1
12 613 1
12 655 1
12 692 1
12 799 1
12 808 1
12 829 1
12 860 1
12 868 1
12 916 1
12 947 1
12 960 1
12 995 1
12 1019 1
12 1097 1
12 1120 1
12 1166 1
12 1312 1
12 1369 1
12 1377 1
12 1396 1
12 1402 1
12 1409 1
12 1460 1
12 1489 1
12 1621 1
12 1640 1
13 15 1
13 17 1
13 24 1
13 25 1
13 27 1
13 32 1
13 34 1
13 40 1
13 47 1
13 55 1
13 57 1
13 60 1
13 63 1
13 64 1
13 77 1
13 80 1
13 102 1
13 156 1
13 160 1
13 164 1
13 170 1
13 173 1
13 198 1
13 212 1
13 236 1
13 245 1
13 253 1
13 258 1
13 265 1
13 282 1
13 301 1
13 302 1
13 341 1
13 344 1
13 360 1
13 378 1
13 385 1
13 391 1
13 396 1
13 407 1
13 457 1
13 478 1
13 491 1
13 520 1
13 563 1
13 568 1
13 623 1
13 643 1
13 650 1
13 655 1
13 667 1
13 710 1
13 714 1
13 750 1
13 758 1
13 761 1
13 775 1
13 786 1
13 791 1
13 818 1
13 835 1
13 864 1
13 873 1
13 952 1
13 978 1
13 1070 1
13 1101 1
13 1140 1
13 1158 1
13 1180 1
13 1209 1
13 1285 1
13 1324 1
13 1336 1
13 1338 1
13 1376 1
13 1483 1
13 1507 1
13 1530 1
13 1538 1
13 1552 1
13 1567 1
13 1678 1
14 16 1
14 22 1
14 29 1
14 35 1
14 46 1
14 59 1
14 67 1
14 88 1
14 112 1
14 114 1
14 162 1
14 163 1
14 234 1
14 275 1
14 347 1
14 352 1
14 493 1
14 565 1
14 594 1
14 630 1
14 668 1
14 669 1
14 680 1
14 705 1
14 750 1
14 765 1
14 884 1
14 930 1
14 1065 1
14 1133 1
14 1249 1
14 1305 1
14 1446 1
14 1473 1
14 1628 1
14 1633 1
14 1640 1
15 23 1
15 25 1
15 30 1
15 57 1
15 59 1
15 61 1
15 68 1
15 95 1
15 97 1
15 125 1
15 126 1
15 136 1
15 139 1
15 171 1
15 179 1
15 188 1
15 194 1
15 216 1
15 262 1
15 264 1
15 268 1
15 272 1
15 324 1
15 396 1
15 468 1
15 474 1
15 498 1
15 652 1
15 694 1
15 727 1
15 741 1
15 770 1
15 831 1
15 865 1
15 893 1
15 997 1
15 1001 1
15 1062 1
15 1079 1
15 1187 1
15 1200 1
15 1205 1
15 1539 1
15 1549 1
15 1594 1
15 1613 1
15 1635 1
16 49 1
16 70 1
16 73 1
16 88 1
16 101 1
16 209 1
16 222 1
16 238 1
16 253 1
16 294 1
16 298 1
16 324 1
16 370 1
16 399 1
16 481 1
16 631 1
16 645 1
16 816 1
16 993 1
16 1065 1
16 1078 1
16 1173 1
16 1527 1
16 1620 1
17 32 1
17 41 1
17 46 1
17 53 1
17 68 1
17 73 1
17 115 1
17 141 1
17 159 1
17 187 1
17 232 1
17 234 1
17 242 1
17 295 1
17 312 1
17 369 1
17 392 1
17 424 1
17 426 1
17 474 1
17 577 1
17 598 1
17 601 1
17 611 1
17 689 1
17 714 1
17 759 1
17 764 1
17 797 1
17 798 1
17 861 1
17 934 1
17 1019 1
17 1122 1
17 1319 1
17 1370 1
17 1411 1
17 1449 1
17 1473 1
17 1542 1
17 1549 1
17 1551 1
18 31 1
18 34 1
18 163 1
18 165 1
18 180 1
18 334 1
18 422 1
18 457 1
18 703 1
18 950 1
18 1000 1
18 1100 1
18 1206 1
18 1282 1
18 1478 1
18 1508 1
18 1556 1
18 1559 1
19 21 1
19 29 1
19 37 1
19 44 1
19 78 1
19 95 1
19 97 1
19 106 1
19 118 1
19 144 1
19 207 1
19 227 1
19 290 1
19 331 1
19 384 1
19 411 1
19 423 1
19 449 1
19 466 1
19 467 1
19 544 1
19 562 1
19 599 1
19 651 1
19 715 1
19 845 1
19 884 1
19 914 1
19 918 1
19 983 1
19 1120 1
19 1135 1
19 1241 1
19 1263 1
19 1321 1
19 1377 1
19 1470 1
19 1498 1
19 1501 1
19 1503 1
19 1540 1
19 1572 1
19 1631 1
19 1647 1
20 24 1
20 36 1
20 45 1
20 58 1
20 75 1
20 83 1
20 116 1
20 117 1
20 138 1
20 144 1
20 151 1
20 272 1
20 286 1
20 291 1
20 292 1
20 303 1
20 315 1
20 434 1
20 493 1
20 500 1
20 515 1
20 518 1
20 713 1
20 725 1
20 778 1
20 799 1
20 844 1
20 858 1
20 925 1
20 960 1
20 994 1
20 997 1
20 1039 1
20 1077 1
20 1116 1
20 1130 1
20 1147 1
20 1164 1
20 1197 1
20 1253 1
20 1413 1
20 1428 1
20 1540 1
20 1624 1
20 1645 1
21 22 1
21 38 1
21 44 1
21 52 1
21 96 1
21 107 1
21 176 1
21 193 1
21 211 1
21 214 1
21 218 1
21 256 1
21 259 1
21 461 1
21 462 1
21 515 1
21 546 1
21 550 1
21 591 1
21 657 1
21 740 1
21 762 1
21 770 1
21 800 1
21 818 1
21 819 1
21 851 1
21 946 1
21 1044 1
21 1061 1
21 1127 1
21 1137 1
21 1223 1
21 1227 1
21 1283 1
21 1330 1
21 1333 1
21 1372 1
21 1612 1
22 51 1
22 67 1
22 77 1
22 140 1
22 144 1
22 167 1
22 180 1
22 229 1
22 374 1
22 484 1
22 503 1
22 699 1
22 721 1
22 794 1
22 912 1
22 1082 1
22 1141 1
22 1153 1
22 1312 1
22 1542 1
22 1596 1
22 1649 1
23 24 1
23 37 1
23 111 1
23 274 1
23 306 1
23 319 1
23 330 1
23 362 1
23 410 1
23 435 1
23 483 1
23 570 1
23 681 1
23 774 1
23 779 1
23 931 1
23 951 1
23 1268 1
23 1273 1
23 1492 1
23 1531 1
23 1659 1
24 28 1
24 49 1
24 69 1
24 134 1
24 153 1
24 171 1
24 207 1
24 315 1
24 355 1
24 365 1
24 373 1
24 389 1
24 391 1
24 427 1
24 433 1
24 460 1
24 520 1
24 533 1
24 605 1
24 677 1
24 814 1
24 835 1
24 845 1
24 869 1
24 979 1
24 1027 1
24 1161 1
24 1213 1
24 1224 1
24 1300 1
24 1312 1
24 1581 1
24 1619 1
25 51 1
25 52 1
25 97 1
25 143 1
25 148 1
25 178 1
25 212 1
25 221 1
25 271 1
25 370 1
25 483 1
25 614 1
25 639 1
25 660 1
25 786 1
25 864 1
25 871 1
25 923 1
25 987 1
25 1090 1
25 1171 1
25 1203 1
25 1466 1
25 1535 1
25 1543 1
25 1676 1
26 42 1
26 46 1
26 48 1
26 80 1
26 85 1
26 89 1
26 101 1
26 126 1
26 218 1
26 304 1
26 358 1
26 405 1
26 418 1
26 434 1
26 446 1
26 447 1
26 494 1
26 518 1
26 544 1
26 563 1
26 575 1
26 590 1
26 641 1
26 679 1
26 728 1
26 730 1
26 780 1
26 793 1
26 848 1
26 876 1
26 892 1
26 897 1
26 902 1
26 911 1
26 920 1
26 948 1
26 1031 1
26 1151 1
26 1183 1
26 1298 1
26 1339 1
26 1352 1
26 1448 1
26 1492 1
26 1555 1
26 1588 1
26 1608 1
26 1627 1
27 46 1
27 49 1
27 54 1
27 61 1
27 74 1
27 100 1
27 135 1
27 146 1
27 169 1
27 217 1
27 222 1
27 232 1
27 246 1
27 254 1
27 291 1
27 298 1
27 315 1
27 316 1
27 364 1
27 368 1
27 381 1
27 384 1
27 386 1
27 398 1
27 437 1
27 454 1
27 465 1
27 488 1
27 509 1
27 649 1
27 663 1
27 676 1
27 700 1
27 768 1
27 893 1
27 966 1
27 1163 1
27 1167 1
27 1351 1
27 1356 1
27 1431 1
28 57 1
28 103 1
28 131 1
28 133 1
28 143 1
28 243 1
28 372 1
28 416 1
28 495 1
28 519 1
28 526 1
28 767 1
28 785 1
28 836 1
28 938 1
28 1028 1
28 1080 1
28 1094 1
28 1109 1
28 1142 1
28 1248 1
28 1321 1
28 1326 1
28 1437 1
28 1487 1
28 1552 1
28 1667 1
29 36 1
29 43 1
29 45 1
29 67 1
29 142 1
29 196 1
29 198 1
29 222 1
29 315 1
29 476 1
29 487 1
29 546 1
29 691 1
29 719 1
29 742 1
29 807 1
29 928 1
29 1088 1
29 1123 1
29 1145 1
29 1184 1
29 1260 1
29 1584 1
29 1626 1
29 1643 1
30 31 1
30 58 1
30 60 1
30 81 1
30 103 1
30 115 1
30 125 1
30 155 1
30 201 1
30 208 1
30 239 1
30 249 1
30 258 1
30 270 1
30 277 1
30 289 1
30 330 1
30 400 1
30 438 1
30 467 1
30 540 1
30 550 1
30 587 1
30 606 1
30 642 1
30 688 1
30 706 1
30 766 1
30 780 1
30 797 1
30 811 1
30 837 1
30 852 1
30 891 1
30 934 1
30 969 1
30 1009 1
30 1037 1
30 1073 1
30 1115 1
30 1130 1
30 1192 1
30 1243 1
30 1254 1
30 1261 1
30 1269 1
30 1370 1
30 1504 1
30 1509 1
30 1617 1
30 1644 1
31 32 1
31 41 1
31 53 1
31 81 1
31 86 1
31 114 1
31 147 1
31 159 1
31 164 1
31 175 1
31 211 1
31 286 1
31 297 1
31 338 1
31 459 1
31 561 1
31 582 1
31 688 1
31 765 1
31 784 1
31 808 1
31 935 1
31 943 1
31 1202 1
31 1282 1
31 1340 1
31 1481 1
31 1491 1
31 1522 1
31 1531 1
32 34 1
32 44 1
32 45 1
32 54 1
32 72 1
32 75 1
32 76 1
32 103 1
32 107 1
32 112 1
32 115 1
32 156 1
32 195 1
32 206 1
32 209 1
32 232 1
32 262 1
32 263 1
32 273 1
32 322 1
32 535 1
32 673 1
32 675 1
32 678 1
32 790 1
32 906 1
32 963 1
32 996 1
32 1030 1
32 1035 1
32 1168 1
32 1229 1
32 1243 1
32 1447 1
32 1477 1
32 1506 1
32 1521 1
32 1582 1
33 66 1
33 79 1
33 83 1
33 113 1
33 116 1
33 181 1
33 208 1
33 241 1
33 307 1
33 384 1
33 511 1
33 524 1
33 567 1
33 623 1
33 711 1
33 717 1
33 727 1
33 751 1
33 859 1
33 863 1
33 944 1
33 989 1
33 1026 1
33 1278 1
33 1319 1
33 1435 1
33 1685 1
34 75 1
34 109 1
34 160 1
34 196 1
34 214 1
34 242 1
34 373 1
34 461 1
34 485 1
34 610 1
34 661 1
34 704 1
34 1259 1
34 1345 1
34 1388 1
35 85 1
35 88 1
35 93 1
35 104 1
35 118 1
35 130 1
35 155 1
35 165 1
35 193 1
35 202 1
35 220 1
35 236 1
35 237 1
35 327 1
35 339 1
35 369 1
35 392 1
35 420 1
35 453 1
35 473 1
35 477 1
35 487 1
35 517 1
35 522 1
35 526 1
35 538 1
35 588 1
35 589 1
35 603 1
35 626 1
35 636 1
35 687 1
35 841 1
35 926 1
35 936 1
35 950 1
35 1206 1
35 1252 1
35 1254 1
35 1302 1
35 1418 1
35 1555 1
35 1647 1
36 53 1
36 65 1
36 99 1
36 119 1
36 185 1
36 221 1
36 247 1
36 293 1
36 321 1
36 407 1
36 411 1
36 516 1
36 614 1
36 657 1
36 675 1
36 735 1
36 818 1
36 925 1
36 989 1
36 1184 1
36 1198 1
36 1281 1
36 1371 1
36 1372 1
36 1390 1
36 1485 1
36 1592 1
36 1614 1
37 47 1
37 63 1
37 72 1
37 87 1
37 99 1
37 104 1
37 119 1
37 184 1
37 259 1
37 266 1
37 279 1
37 300 1
37 344 1
37 349 1
37 350 1
37 444 1
37 504 1
37 547 1
37 586 1
37 637 1
37 672 1
37 699 1
37 762 1
37 804 1
37 856 1
37 1223 1
37 1236 1
37 1293 1
37 1302 1
37 1425 1
37 1435 1
38 129 1
38 135 1
38 203 1
38 243 1
38 340 1
38 394 1
38 414 1
38 633 1
38 634 1
38 668 1
38 971 1
38 1055 1
38 1085 1
38 1141 1
38 1199 1
38 1301 1
38 1461 1
38 1480 1
38 1656 1
39 51 1
39 174 1
39 200 1
39 201 1
39 542 1
39 570 1
39 621 1
39 737 1
39 793 1
39 916 1
39 1021 1
39 1060 1
39 1062 1
39 1314 1
39 1438 1
39 1443 1
39 1460 1
39 1609 1
39 1669 1
40 62 1
40 65 1
40 90 1
40 94 1
40 145 1
40 147 1
40 157 1
40 160 1
40 216 1
40 226 1
40 239 1
40 240 1
40 245 1
40 247 1
40 251 1
40 253 1
40 268 1
40 304 1
40 318 1
40 352 1
40 388 1
40 467 1
40 475 1
40 508 1
40 572 1
40 614 1
40 624 1
40 636 1
40 649 1
40 654 1
40 673 1
40 681 1
40 749 1
40 782 1
40 828 1
40 841 1
40 875 1
40 890 1
40 899 1
40 1009 1
40 1020 1
40 1096 1
40 1450 1
40 1465 1
40 1467 1
40 1510 1
40 1514 1
40 1552 1
41 63 1
41 69 1
41 81 1
41 214 1
41 277 1
41 297 1
41 350 1
41 363 1
41 415 1
41 497 1
41 540 1
41 632 1
41 732 1
41 848 1
41 1018 1
41 1163 1
41 1274 1
41 1479 1
41 1520 1
41 1590 1
41 1620 1
41 1625 1
42 47 1
42 61 1
42 64 1
42 72 1
42 95 1
42 108 1
42 128 1
42 132 1
42 152 1
42 166 1
42 231 1
42 291 1
42 299 1
42 404 1
42 533 1
42 588 1
42 1031 1
42 1233 1
42 1397 1
42 1486 1
42 1602 1
42 1632 1
43 169 1
43 332 1
43 478 1
43 1004 1
43 1182 1
43 1410 1
43 1576 1
44 54 1
44 124 1
44 135 1
44 143 1
44 166 1
44 227 1
44 275 1
44 306 1
44 308 1
44 360 1
44 411 1
44 423 1
44 577 1
44 657 1
44 711 1
44 753 1
44 850 1
44 888 1
44 972 1
44 1141 1
44 1289 1
44 1315 1
44 1318 1
44 1357 1
44 1446 1
45 50 1
45 69 1
45 75 1
45 86 1
45 121 1
45 237 1
45 238 1
45 240 1
45 271 1
45 282 1
45 308 1
45 363 1
45 389 1
45 528 1
45 664 1
45 698 1
45 719 1
45 771 1
45 867 1
45 964 1
45 965 1
45 982 1
45 1206 1
45 1218 1
45 1389 1
45 1423 1
45 1700 1
46 58 1
46 60 1
46 89 1
46 92 1
46 97 1
46 215 1
46 235 1
46 294 1
46 347 1
46 374 1
46 480 1
46 488 1
46 840 1
46 875 1
46 1085 1
46 1120 1
46 1664 1
47 93 1
47 119 1
47 122 1
47 146 1
47 154 1
47 207 1
47 217 1
47 229 1
47 258 1
47 265 1
47 307 1
47 374 1
47 446 1
47 491 1
47 527 1
47 531 1
47 566 1
47 589 1
47 656 1
47 658 1
47 666 1
47 726 1
47 740 1
47 746 1
47 869 1
47 951 1
47 968 1
47 974 1
47 1001 1
47 1212 1
47 1220 1
47 1246 1
47 1273 1
47 1369 1
47 1557 1
47 1691 1
48 111 1
48 348 1
48 667 1
48 719 1
48 1093 1
48 1633 1
49 70 1
49 71 1
49 111 1
49 120 1
49 186 1
49 259 1
49 366 1
49 403 1
49 441 1
49 510 1
49 512 1
49 524 1
49 525 1
49 608 1
49 637 1
49 656 1
49 659 1
49 730 1
49 865 1
49 927 1
49 941 1
49 973 1
49 978 1
49 1197 1
49 1326 1
49 1399 1
49 1436 1
49 1445 1
49 1562 1
49 1603 1
49 1604 1
49 1611 1
49 1664 1
50 66 1
50 76 1
50 77 1
50 79 1
50 96 1
50 127 1
50 145 1
50 176 1
50 178 1
50 286 1
50 310 1
50 339 1
50 340 1
50 514 1
50 555 1
50 585 1
50 615 1
50 651 1
50 742 1
50 828 1
50 892 1
50 934 1
50 937 1
50 968 1
50 996 1
50 1025 1
50 1125 1
50 1293 1
50 1387 1
50 1422 1
50 1467 1
50 1577 1
50 1581 1
51 53 1
51 56 1
51 64 1
51 84 1
51 87 1
51 92 1
51 99 1
51 150 1
51 200 1
51 203 1
51 229 1
51 231 1
51 250 1
51 263 1
51 278 1
51 279 1
51 371 1
51 380 1
51 429 1
51 469 1
51 485 1
51 541 1
51 617 1
51 625 1
51 684 1
51 744 1
51 853 1
51 856 1
51 932 1
51 1002 1
51 1044 1
51 1094 1
51 1176 1
51 1218 1
51 1237 1
51 1289 1
51 1406 1
51 1426 1
51 1509 1
51 1547 1
51 1572 1
52 72 1
52 78 1
52 118 1
52 149 1
52 170 1
52 272 1
52 300 1
52 323 1
52 364 1
52 365 1
52 423 1
52 478 1
52 481 1
52 585 1
52 629 1
52 644 1
52 648 1
52 650 1
52 791 1
52 854 1
52 1017 1
52 1073 1
52 1115 1
52 1296 1
52 1353 1
52 1524 1
52 1554 1
52 1630 1
52 1689 1
53 111 1
53 141 1
53 459 1
53 516 1
53 837 1
53 857 1
53 900 1
53 926 1
53 931 1
53 1517 1
54 95 1
54 106 1
54 107 1
54 151 1
54 172 1
54 186 1
54 190 1
54 192 1
54 276 1
54 321 1
54 385 1
54 407 1
54 463 1
54 522 1
54 656 1
54 716 1
54 734 1
54 742 1
54 751 1
54 768 1
54 778 1
54 841 1
54 1003 1
54 1013 1
54 1033 1
54 1095 1
54 1109 1
54 1261 1
54 1265 1
54 1457 1
54 1557 1
54 1683 1
55 65 1
55 201 1
55 218 1
55 233 1
55 368 1
55 731 1
55 776 1
55 1275 1
56 91 1
56 123 1
56 124 1
56 175 1
56 251 1
56 310 1
56 323 1
56 393 1
56 399 1
56 410 1
56 415 1
56 499 1
56 528 1
56 599 1
56 606 1
56 634 1
56 650 1
56 662 1
56 865 1
56 955 1
56 1124 1
56 1169 1
56 1263 1
56 1355 1
57 286 1
57 326 1
57 349 1
57 356 1
57 676 1
57 1078 1
57 1119 1
57 1366 1
57 1405 1
57 1554 1
58 165 1
58 603 1
58 1090 1
58 1262 1
58 1422 1
59 71 1
59 92 1
59 192 1
59 243 1
59 271 1
59 321 1
59 332 1
59 403 1
59 543 1
59 554 1
59 561 1
59 602 1
59 646 1
59 700 1
59 775 1
59 779 1
59 788 1
59 824 1
59 890 1
59 1194 1
59 1262 1
59 1440 1
59 1491 1
59 1548 1
60 61 1
60 68 1
60 70 1
60 124 1
60 127 1
60 195 1
60 204 1
60 233 1
60 254 1
60 267 1
60 269 1
60 307 1
60 346 1
60 412 1
60 418 1
60 491 1
60 511 1
60 525 1
60 559 1
60 588 1
60 609 1
60 651 1
60 740 1
60 765 1
60 773 1
60 810 1
60 825 1
60 954 1
60 965 1
60 1044 1
60 1063 1
60 1069 1
60 1113 1
60 1153 1
60 1284 1
60 1302 1
60 1314 1
60 1462 1
60 1465 1
60 1503 1
60 1646 1
61 137 1
61 138 1
61 162 1
61 229 1
61 350 1
61 443 1
61 661 1
61 880 1
61 882 1
61 894 1
61 966 1
61 1141 1
61 1211 1
61 1541 1
62 73 1
62 80 1
62 130 1
62 134 1
62 138 1
62 200 1
62 206 1
62 212 1
62 299 1
62 304 1
62 383 1
62 389 1
62 422 1
62 470 1
62 484 1
62 489 1
62 537 1
62 708 1
62 803 1
62 845 1
62 921 1
62 961 1
62 1049 1
62 1113 1
62 1129 1
62 1224 1
62 1235 1
62 1236 1
62 1523 1
62 1541 1
63 91 1
63 183 1
63 199 1
63 205 1
63 219 1
63 230 1
63 260 1
63 312 1
63 482 1
63 488 1
63 581 1
63 686 1
63 716 1
63 879 1
63 894 1
63 1204 1
63 1294 1
63 1479 1
64 100 1
64 188 1
64 278 1
64 280 1
64 319 1
64 359 1
64 452 1
64 496 1
64 517 1
64 693 1
64 702 1
64 876 1
64 937 1
64 965 1
64 1137 1
64 1148 1
64 1253 1
64 1409 1
64 1419 1
64 1521 1
64 1542 1
65 139 1
65 185 1
65 268 1
65 887 1
65 1463 1
66 70 1
66 149 1
66 202 1
66 245 1
66 276 1
66 314 1
66 322 1
66 343 1
66 431 1
66 450 1
66 508 1
66 620 1
66 678 1
66 716 1
66 810 1
66 831 1
66 854 1
66 1031 1
66 1066 1
66 1151 1
66 1228 1
66 1280 1
66 1480 1
66 1545 1
66 1583 1
66 1665 1
67 167 1
67 266 1
67 426 1
67 816 1
67 1320 1
67 1457 1
67 1671 1
68 78 1
68 84 1
68 105 1
68 181 1
68 224 1
68 291 1
68 325 1
68 392 1
68 419 1
68 455 1
68 564 1
68 814 1
68 849 1
68 928 1
68 1185 1
68 1671 1
69 85 1
69 86 1
69 116 1
69 137 1
69 147 1
69 151 1
69 222 1
69 261 1
69 294 1
69 342 1
69 362 1
69 400 1
69 526 1
69 591 1
69 676 1
69 777 1
69 839 1
69 1225 1
69 1325 1
69 1397 1
69 1428 1
70 182 1
70 322 1
70 525 1
70 726 1
70 1061 1
70 1289 1
70 1329 1
70 1331 1
71 287 1
71 470 1
71 569 1
71 621 1
71 930 1
71 984 1
71 1052 1
71 1177 1
71 1226 1
71 1312 1
72 74 1
72 284 1
72 492 1
72 736 1
72 1112 1
72 1696 1
73 124 1
73 191 1
73 215 1
73 337 1
73 401 1
73 434 1
73 530 1
73 584 1
73 764 1
73 883 1
73 906 1
73 910 1
73 929 1
73 1106 1
73 1189 1
73 1280 1
73 1291 1
73 1379 1
73 1396 1
73 1462 1
73 1498 1
73 1536 1
74 162 1
74 199 1
74 213 1
74 215 1
74 228 1
74 305 1
74 309 1
74 316 1
74 346 1
74 435 1
74 527 1
74 536 1
74 566 1
74 594 1
74 598 1
74 660 1
74 872 1
74 887 1
74 893 1
74 907 1
74 1048 1
74 1116 1
74 1210 1
74 1277 1
74 1361 1
74 1574 1
74 1593 1
75 79 1
75 615 1
75 685 1
75 922 1
75 994 1
75 1247 1
75 1580 1
76 149 1
76 316 1
76 530 1
76 572 1
76 686 1
76 808 1
76 991 1
76 1084 1
76 1238 1
76 1255 1
76 1387 1
76 1505 1
76 1534 1
77 234 1
77 290 1
77 549 1
77 1530 1
78 93 1
78 101 1
78 112 1
78 117 1
78 123 1
78 164 1
78 198 1
78 236 1
78 241 1
78 311 1
78 319 1
78 389 1
78 934 1
78 1081 1
78 1311 1
79 128 1
79 299 1
79 420 1
79 430 1
79 451 1
79 472 1
79 507 1
79 545 1
79 568 1
79 574 1
79 661 1
79 723 1
79 736 1
79 1013 1
79 1279 1
79 1297 1
79 1554 1
79 1666 1
80 100 1
80 102 1
80 110 1
80 113 1
80 127 1
80 186 1
80 200 1
80 301 1
80 335 1
80 421 1
80 435 1
80 445 1
80 463 1
80 516 1
80 531 1
80 532 1
80 574 1
80 597 1
80 677 1
80 763 1
80 788 1
80 857 1
80 1174 1
80 1208 1
80 1221 1
80 1363 1
80 1456 1
80 1470 1
80 1483 1
80 1596 1
81 159 1
81 277 1
81 298 1
81 314 1
81 316 1
81 351 1
81 462 1
81 480 1
81 542 1
81 637 1
81 640 1
81 641 1
81 647 1
81 672 1
81 703 1
81 943 1
81 1058 1
81 1059 1
81 1378 1
81 1402 1
81 1450 1
81 1455 1
81 1478 1
81 1538 1
81 1551 1
81 1561 1
81 1605 1
82 208 1
82 514 1
82 695 1
82 729 1
82 757 1
82 802 1
82 857 1
82 904 1
82 927 1
82 935 1
82 964 1
82 1050 1
82 1079 1
82 1272 1
82 1277 1
82 1520 1
82 1615 1
82 1662 1
83 199 1
83 223 1
83 404 1
83 413 1
83 1062 1
83 1073 1
83 1202 1
84 173 1
84 285 1
84 457 1
84 590 1
84 612 1
84 617 1
84 718 1
84 755 1
84 976 1
84 999 1
84 1149 1
84 1189 1
84 1367 1
84 1575 1
85 100 1
85 103 1
85 183 1
85 246 1
85 255 1
85 343 1
85 364 1
85 465 1
85 521 1
85 541 1
85 583 1
85 626 1
85 643 1
85 702 1
85 781 1
85 789 1
85 821 1
85 839 1
85 936 1
85 1239 1
85 1418 1
85 1463 1
85 1475 1
85 1576 1
86 155 1
86 179 1
86 231 1
86 276 1
86 949 1
86 971 1
86 1383 1
86 1395 1
87 91 1
87 105 1
87 121 1
87 288 1
87 429 1
87 582 1
87 680 1
87 773 1
87 811 1
87 963 1
87 1207 1
87 1669 1
88 121 1
88 134 1
88 166 1
88 256 1
88 280 1
88 297 1
88 333 1
88 335 1
88 487 1
88 602 1
88 709 1
88 737 1
88 773 1
88 889 1
88 899 1
88 1033 1
88 1138 1
88 1181 1
88 1339 1
88 1344 1
88 1477 1
88 1546 1
88 1636 1
89 225 1
89 256 1
89 264 1
89 289 1
89 406 1
89 480 1
89 947 1
89 1056 1
89 1162 1
89 1322 1
89 1433 1
90 171 1
90 172 1
90 513 1
91 106 1
91 202 1
91 313 1
91 329 1
91 441 1
91 448 1
91 506 1
91 911 1
91 1170 1
91 1184 1
92 93 1
92 172 1
92 178 1
92 228 1
92 271 1
92 285 1
92 348 1
92 920 1
92 950 1
92 1109 1
92 1266 1
92 1495 1
92 1508 1
92 1675 1
93 96 1
93 98 1
93 158 1
93 244 1
93 248 1
93 381 1
93 461 1
93 547 1
93 609 1
93 640 1
93 1012 1
93 1075 1
93 1099 1
93 1318 1
93 1638 1
94 323 1
94 371 1
94 574 1
94 888 1
94 1301 1
94 1357 1
94 1471 1
94 1488 1
94 1527 1
95 125 1
95 249 1
95 621 1
95 764 1
95 858 1
95 1182 1
95 1341 1
96 145 1
96 168 1
96 177 1
96 190 1
96 220 1
96 330 1
96 339 1
96 377 1
96 402 1
96 468 1
96 611 1
96 628 1
96 641 1
96 689 1
96 885 1
96 1029 1
96 1039 1
96 1164 1
96 1167 1
96 1236 1
96 1358 1
96 1572 1
97 110 1
97 125 1
97 129 1
97 143 1
97 183 1
97 230 1
97 245 1
97 262 1
97 345 1
97 483 1
97 707 1
97 771 1
97 802 1
97 805 1
97 821 1
97 843 1
97 913 1
97 931 1
97 975 1
97 990 1
97 1058 1
97 1071 1
97 1096 1
97 1137 1
97 1249 1
97 1327 1
97 1342 1
97 1377 1
97 1382 1
97 1408 1
97 1563 1
97 1674 1
98 173 1
98 186 1
98 244 1
98 382 1
98 397 1
98 505 1
98 918 1
98 1051 1
99 246 1
99 342 1
99 781 1
99 959 1
99 1171 1
99 1279 1
99 1459 1
99 1594 1
99 1656 1
99 1687 1
100 110 1
100 133 1
100 174 1
100 527 1
100 674 1
100 704 1
100 791 1
100 1144 1
100 1154 1
100 1412 1
100 1483 1
100 1525 1
100 1665 1
101 197 1
101 225 1
101 299 1
101 612 1
101 693 1
101 803 1
101 838 1
101 1089 1
102 1245 1
103 120 1
103 168 1
103 183 1
103 240 1
103 343 1
103 359 1
103 542 1
103 579 1
103 691 1
103 713 1
103 848 1
103 877 1
103 945 1
103 1018 1
103 1082 1
103 1188 1
103 1223 1
103 1321 1
103 1324 1
103 1376 1
103 1514 1
103 1522 1
103 1545 1
103 1575 1
104 136 1
104 150 1
104 152 1
104 177 1
104 180 1
104 197 1
104 234 1
104 246 1
104 264 1
104 283 1
104 408 1
104 413 1
104 441 1
104 446 1
104 638 1
104 671 1
104 1017 1
104 1099 1
104 1109 1
104 1123 1
104 1124 1
104 1144 1
104 1476 1
104 1623 1
105 367 1
105 619 1
105 645 1
105 863 1
105 978 1
105 1349 1
106 156 1
106 177 1
106 336 1
106 619 1
106 825 1
106 960 1
106 1021 1
106 1235 1
107 131 1
107 133 1
107 158 1
107 199 1
107 224 1
107 274 1
107 320 1
107 328 1
107 490 1
107 607 1
107 613 1
107 632 1
107 701 1
107 718 1
107 776 1
107 1003 1
107 1048 1
107 1114 1
107 1270 1
107 1296 1
107 1303 1
107 1354 1
108 248 1
108 267 1
108 494 1
108 628 1
108 635 1
108 1071 1
108 1143 1
109 169 1
109 452 1
109 640 1
109 693 1
109 1683 1
110 213 1
110 255 1
110 336 1
110 440 1
110 441 1
110 452 1
110 600 1
110 794 1
110 849 1
110 1154 1
110 1304 1
110 1458 1
110 1561 1
111 152 1
111 735 1
111 1079 1
111 1152 1
111 1525 1
112 132 1
112 164 1
112 269 1
112 419 1
112 489 1
112 767 1
112 932 1
112 1047 1
112 1310 1
113 214 1
113 436 1
113 437 1
113 494 1
113 563 1
113 605 1
113 757 1
113 836 1
113 1692 1
114 216 1
114 268 1
114 293 1
114 425 1
114 608 1
114 635 1
114 747 1
114 1067 1
114 1479 1
115 148 1
115 289 1
115 1115 1
116 167 1
116 185 1
116 471 1
116 768 1
116 1533 1
116 1563 1
117 249 1
117 255 1
117 855 1
117 897 1
117 1110 1
118 121 1
118 192 1
118 209 1
118 507 1
118 1022 1
118 1121 1
118 1404 1
119 194 1
119 307 1
119 361 1
119 368 1
119 372 1
119 433 1
119 474 1
119 495 1
119 510 1
119 526 1
119 638 1
119 724 1
119 842 1
119 859 1
119 964 1
119 1019 1
119 1038 1
119 1057 1
119 1101 1
119 1334 1
119 1372 1
119 1378 1
119 1697 1
120 158 1
120 168 1
120 285 1
120 310 1
120 584 1
120 795 1
120 838 1
120 1105 1
120 1475 1
120 1682 1
121 430 1
121 1239 1
122 284 1
122 640 1
122 757 1
122 1000 1
122 1421 1
122 1447 1
122 1588 1
123 197 1
123 311 1
123 314 1
123 402 1
123 431 1
123 1212 1
123 1400 1
123 1670 1
123 1700 1
124 134 1
124 150 1
124 188 1
124 210 1
124 408 1
124 414 1
124 468 1
124 500 1
124 590 1
124 639 1
124 658 1
124 684 1
124 729 1
124 743 1
124 769 1
124 798 1
124 933 1
124 1107 1
124 1246 1
124 1415 1
124 1540 1
125 580 1
125 904 1
125 913 1
125 1161 1
125 1303 1
125 1560 1
125 1637 1
126 136 1
126 224 1
126 252 1
126 263 1
126 296 1
126 424 1
126 519 1
126 670 1
126 728 1
126 812 1
126 874 1
126 1020 1
126 1045 1
126 1055 1
126 1106 1
126 1332 1
126 1446 1
126 1605 1
127 204 1
127 281 1
127 308 1
127 448 1
127 504 1
127 531 1
127 555 1
127 610 1
127 671 1
127 777 1
127 898 1
127 911 1
127 1015 1
127 1280 1
127 1286 1
127 1506 1
128 142 1
128 157 1
128 161 1
128 196 1
128 220 1
128 250 1
128 310 1
128 369 1
128 476 1
128 530 1
128 633 1
128 1040 1
128 1376 1
129 132 1
129 170 1
129 198 1
129 226 1
129 379 1
129 535 1
129 668 1
129 1016 1
129 1084 1
129 1242 1
129 1253 1
129 1327 1
129 1493 1
129 1594 1
130 179 1
130 269 1
130 539 1
130 548 1
130 759 1
130 799 1
130 921 1
130 1188 1
130 1397 1
130 1610 1
131 204 1
131 224 1
131 347 1
131 387 1
131 769 1
131 981 1
131 1083 1
131 1257 1
132 193 1
132 936 1
132 991 1
132 1084 1
132 1347 1
132 1358 1
132 1450 1
132 1578 1
132 1680 1
132 1694 1
133 302 1
133 352 1
133 402 1
133 417 1
133 658 1
133 662 1
133 697 1
133 751 1
133 851 1
133 953 1
133 957 1
133 1003 1
133 1035 1
133 1068 1
133 1195 1
133 1200 1
133 1328 1
133 1545 1
133 1604 1
134 137 1
134 217 1
134 357 1
134 365 1
134 486 1
134 606 1
134 629 1
134 685 1
134 852 1
134 979 1
134 1186 1
134 1349 1
135 683 1
135 732 1
135 1548 1
136 728 1
137 139 1
137 154 1
137 184 1
137 191 1
137 217 1
137 244 1
137 489 1
137 491 1
137 555 1
137 561 1
137 712 1
137 755 1
137 786 1
137 836 1
137 1059 1
137 1069 1
137 1391 1
137 1393 1
137 1454 1
138 366 1
138 453 1
138 470 1
138 549 1
139 469 1
139 551 1
139 938 1
139 939 1
140 216 1
140 219 1
140 288 1
140 500 1
140 864 1
140 1112 1
140 1323 1
140 1535 1
141 153 1
141 308 1
141 499 1
141 827 1
141 868 1
141 1081 1
141 1087 1
141 1098 1
141 1227 1
142 144 1
142 175 1
142 189 1
142 257 1
142 324 1
142 327 1
142 394 1
142 538 1
142 629 1
142 686 1
142 697 1
142 860 1
142 943 1
142 1002 1
142 1059 1
142 1255 1
142 1288 1
142 1306 1
142 1390 1
142 1515 1
143 372 1
143 401 1
143 889 1
143 931 1
143 1006 1
143 1105 1
143 1160 1
143 1327 1
144 233 1
144 380 1
144 545 1
144 820 1
144 871 1
144 1112 1
145 399 1
145 403 1
145 572 1
145 653 1
145 739 1
145 787 1
145 859 1
145 1070 1
145 1468 1
146 173 1
146 273 1
146 365 1
146 390 1
146 404 1
146 432 1
146 519 1
146 611 1
146 725 1
146 1086 1
146 1681 1
147 318 1
147 378 1
147 445 1
147 588 1
147 956 1
147 1380 1
147 1448 1
148 154 1
148 182 1
148 377 1
148 1176 1
148 1243 1
148 1392 1
149 228 1
149 285 1
149 351 1
149 388 1
149 421 1
149 644 1
149 831 1
149 1043 1
149 1264 1
149 1364 1
150 194 1
150 296 1
150 342 1
150 712 1
150 777 1
150 905 1
150 953 1
150 1353 1
150 1526 1
150 1608 1
150 1629 1
151 820 1
151 952 1
151 1412 1
152 621 1
152 1201 1
152 1331 1
152 1360 1
153 260 1
153 335 1
153 627 1
153 692 1
153 709 1
153 748 1
153 749 1
153 830 1
153 1192 1
153 1367 1
153 1373 1
153 1655 1
153 1658 1
154 226 1
154 362 1
154 761 1
154 1022 1
154 1228 1
154 1254 1
154 1317 1
154 1689 1
155 181 1
155 185 1
155 243 1
155 367 1
155 388 1
155 390 1
155 473 1
155 646 1
155 681 1
155 758 1
155 829 1
155 1067 1
155 1152 1
155 1215 1
155 1230 1
155 1247 1
155 1340 1
155 1384 1
155 1478 1
155 1569 1
155 1670 1
156 221 1
156 781 1
156 938 1
156 1012 1
156 1238 1
156 1614 1
157 439 1
157 458 1
157 681 1
157 895 1
158 159 1
158 349 1
158 400 1
158 402 1
158 489 1
158 654 1
158 705 1
158 724 1
158 772 1
158 985 1
158 987 1
158 992 1
158 1126 1
158 1225 1
158 1458 1
159 824 1
159 863 1
159 1268 1
159 1323 1
159 1478 1
160 272 1
160 636 1
160 662 1
160 926 1
160 1145 1
160 1292 1
160 1619 1
161 280 1
161 290 1
161 443 1
161 447 1
161 499 1
161 665 1
161 994 1
161 1105 1
161 1108 1
161 1169 1
161 1199 1
161 1625 1
161 1654 1
162 220 1
162 375 1
162 467 1
162 558 1
162 752 1
162 904 1
162 1040 1
163 261 1
163 306 1
163 416 1
163 444 1
163 1426 1
163 1512 1
164 207 1
164 244 1
164 248 1
164 282 1
164 287 1
164 317 1
164 484 1
164 504 1
164 534 1
164 558 1
164 601 1
164 751 1
164 928 1
164 1229 1
164 1269 1
164 1352 1
164 1456 1
164 1485 1
165 603 1
165 915 1
165 1216 1
166 796 1
166 812 1
166 823 1
166 1616 1
167 187 1
167 282 1
167 313 1
167 566 1
167 685 1
167 1135 1
167 1507 1
168 237 1
168 744 1
168 927 1
168 1260 1
168 1617 1
169 176 1
169 206 1
169 330 1
169 366 1
169 424 1
169 509 1
169 528 1
169 768 1
169 822 1
169 928 1
169 942 1
169 1156 1
169 1433 1
169 1507 1
170 331 1
170 341 1
170 387 1
170 391 1
170 521 1
170 574 1
170 594 1
170 885 1
170 1023 1
170 1111 1
170 1334 1
170 1599 1
170 1674 1
171 395 1
171 891 1
171 1620 1
172 191 1
172 237 1
172 250 1
172 477 1
172 513 1
172 690 1
172 875 1
172 909 1
172 943 1
172 1038 1
172 1587 1
173 232 1
173 409 1
173 463 1
173 466 1
173 619 1
173 985 1
173 1043 1
173 1046 1
173 1095 1
173 1131 1
173 1217 1
173 1311 1
173 1596 1
174 195 1
174 368 1
174 377 1
174 409 1
174 426 1
174 442 1
174 691 1
174 882 1
174 908 1
174 1128 1
174 1215 1
174 1415 1
174 1449 1
174 1564 1
175 181 1
175 189 1
175 227 1
175 259 1
175 342 1
175 482 1
175 510 1
175 592 1
175 682 1
175 840 1
175 1276 1
175 1366 1
175 1400 1
175 1452 1
176 254 1
176 257 1
176 374 1
176 632 1
176 704 1
176 1143 1
176 1216 1
176 1264 1
176 1691 1
177 203 1
177 274 1
177 353 1
177 707 1
177 770 1
177 1495 1
177 1520 1
178 360 1
178 373 1
178 382 1
178 426 1
178 479 1
178 551 1
178 997 1
178 1317 1
178 1577 1
179 296 1
179 302 1
179 421 1
179 512 1
179 519 1
179 587 1
179 642 1
179 655 1
179 686 1
179 703 1
179 729 1
179 867 1
179 870 1
179 945 1
179 1157 1
179 1208 1
179 1213 1
179 1231 1
179 1653 1
179 1684 1
180 798 1
180 941 1
181 780 1
181 1408 1
181 1490 1
182 321 1
182 1176 1
183 340 1
183 913 1
183 973 1
183 1256 1
183 1481 1
184 211 1
184 292 1
184 341 1
184 432 1
184 527 1
184 1001 1
184 1103 1
184 1104 1
184 1187 1
184 1242 1
184 1432 1
184 1560 1
184 1667 1
185 394 1
185 417 1
185 733 1
185 1118 1
185 1626 1
186 211 1
186 223 1
186 235 1
186 418 1
186 427 1
186 506 1
186 575 1
186 576 1
186 674 1
186 684 1
186 736 1
186 892 1
186 1064 1
186 1110 1
186 1129 1
186 1196 1
186 1263 1
186 1276 1
186 1444 1
186 1509 1
186 1640 1
187 549 1
187 1449 1
188 309 1
188 377 1
189 257 1
189 415 1
189 505 1
189 745 1
190 227 1
190 881 1
190 1012 1
190 1261 1
190 1546 1
191 270 1
191 369 1
191 496 1
191 708 1
191 821 1
191 1032 1
191 1213 1
191 1284 1
191 1306 1
192 225 1
192 301 1
192 328 1
192 397 1
192 1440 1
193 305 1
193 361 1
193 452 1
193 501 1
193 511 1
193 550 1
193 571 1
193 647 1
193 772 1
193 1132 1
193 1207 1
193 1398 1
193 1446 1
194 254 1
194 485 1
194 502 1
194 528 1
194 1128 1
195 375 1
195 505 1
195 787 1
195 1643 1
196 396 1
196 407 1
196 485 1
196 490 1
196 956 1
196 1132 1
196 1549 1
196 1623 1
197 329 1
197 503 1
197 523 1
197 659 1
197 1428 1
197 1635 1
198 1184 1
199 242 1
199 265 1
199 354 1
199 453 1
199 559 1
199 720 1
199 1008 1
199 1304 1
199 1320 1
199 1491 1
200 283 1
200 465 1
200 568 1
200 1205 1
200 1301 1
201 239 1
201 646 1
201 688 1
201 967 1
201 969 1
201 1052 1
201 1632 1
202 266 1
202 323 1
202 356 1
202 439 1
202 469 1
202 506 1
202 667 1
202 762 1
202 957 1
202 976 1
202 1093 1
202 1305 1
202 1466 1
202 1511 1
202 1574 1
202 1641 1
203 263 1
203 337 1
203 353 1
203 370 1
203 371 1
203 428 1
203 513 1
204 332 1
204 358 1
204 397 1
204 451 1
204 954 1
204 1114 1
204 1323 1
205 406 1
205 738 1
205 1330 1
205 1456 1
206 213 1
206 334 1
206 589 1
206 624 1
206 790 1
206 822 1
206 825 1
206 833 1
206 840 1
206 986 1
206 1201 1
206 1259 1
206 1439 1
207 297 1
207 785 1
207 863 1
207 955 1
207 1300 1
207 1464 1
208 442 1
208 616 1
208 795 1
208 958 1
208 1090 1
208 1161 1
208 1190 1
208 1194 1
208 1336 1
208 1343 1
208 1402 1
209 247 1
209 439 1
209 492 1
209 537 1
209 544 1
209 984 1
209 1025 1
209 1046 1
209 1067 1
209 1101 1
209 1453 1
209 1469 1
209 1471 1
209 1557 1
209 1601 1
209 1605 1
210 437 1
210 855 1
211 449 1
211 885 1
212 289 1
212 696 1
212 756 1
212 919 1
213 262 1
213 305 1
213 353 1
213 412 1
213 416 1
213 924 1
213 1168 1
213 1227 1
213 1374 1
213 1671 1
214 552 1
214 843 1
215 270 1
215 305 1
215 455 1
215 1036 1
215 1296 1
215 1510 1
216 725 1
216 743 1
216 836 1
217 278 1
217 391 1
217 942 1
218 258 1
218 525 1
218 737 1
218 919 1
218 1127 1
219 235 1
219 355 1
219 496 1
219 813 1
220 279 1
220 977 1
220 1348 1
220 1687 1
221 275 1
221 278 1
221 288 1
221 302 1
221 357 1
221 460 1
221 512 1
221 600 1
221 608 1
221 615 1
221 1105 1
221 1219 1
221 1252 1
221 1272 1
221 1295 1
221 1326 1
221 1346 1
221 1438 1
221 1514 1
222 344 1
222 350 1
222 1010 1
222 1024 1
223 256 1
223 1107 1
223 1266 1
223 1607 1
224 239 1
224 288 1
224 345 1
224 614 1
224 903 1
224 1206 1
224 1290 1
224 1433 1
224 1501 1
225 337 1
225 390 1
225 474 1
225 568 1
225 1617 1
226 721 1
226 805 1
227 273 1
227 317 1
227 375 1
227 410 1
227 781 1
227 1281 1
228 260 1
228 627 1
228 706 1
228 1175 1
228 1209 1
228 1421 1
228 1473 1
228 1510 1
228 1668 1
229 616 1
229 649 1
229 852 1
230 699 1
230 1447 1
231 320 1
231 331 1
231 562 1
231 616 1
231 623 1
231 792 1
231 833 1
231 961 1
231 1299 1
231 1549 1
232 498 1
233 750 1
233 1504 1
233 1616 1
234 412 1
234 458 1
234 1537 1
235 346 1
235 405 1
235 455 1
235 603 1
235 638 1
235 790 1
235 800 1
235 1062 1
235 1233 1
236 250 1
236 482 1
236 543 1
236 809 1
236 859 1
236 944 1
236 1461 1
236 1490 1
237 1160 1
238 241 1
238 326 1
238 333 1
238 425 1
238 442 1
238 547 1
238 557 1
238 701 1
238 710 1
238 734 1
238 772 1
238 828 1
238 1023 1
238 1250 1
238 1287 1
238 1342 1
238 1389 1
238 1432 1
239 247 1
239 287 1
239 830 1
239 875 1
239 973 1
239 1040 1
239 1365 1
239 1392 1
239 1441 1
239 1605 1
239 1641 1
240 242 1
240 251 1
240 309 1
240 378 1
240 551 1
240 647 1
240 701 1
240 1006 1
240 1362 1
240 1583 1
241 280 1
241 340 1
241 376 1
241 884 1
241 952 1
241 1066 1
241 1449 1
241 1455 1
241 1642 1
241 1698 1
242 449 1
242 825 1
242 1181 1
243 454 1
243 613 1
243 729 1
243 1045 1
243 1512 1
244 252 1
244 744 1
244 759 1
244 861 1
244 984 1
245 367 1
245 1658 1
246 264 1
246 501 1
246 578 1
246 906 1
246 985 1
246 1081 1
246 1459 1
246 1484 1
246 1576 1
246 1585 1
247 332 1
247 366 1
247 669 1
247 957 1
247 1219 1
247 1484 1
248 477 1
248 493 1
248 631 1
248 784 1
248 1099 1
248 1221 1
249 363 1
249 769 1
249 897 1
249 1019 1
249 1428 1
249 1475 1
249 1499 1
250 344 1
250 543 1
250 605 1
250 847 1
250 858 1
250 909 1
250 929 1
250 944 1
251 382 1
251 468 1
251 561 1
251 652 1
251 696 1
251 971 1
251 1024 1
251 1493 1
251 1578 1
252 300 1
252 376 1
252 450 1
252 456 1
252 701 1
252 837 1
252 864 1
252 895 1
252 1104 1
252 1543 1
253 266 1
253 313 1
253 326 1
253 401 1
253 596 1
253 639 1
253 672 1
253 710 1
253 924 1
253 1091 1
253 1150 1
253 1164 1
253 1234 1
253 1291 1
253 1380 1
254 598 1
254 845 1
254 1247 1
255 306 1
255 398 1
255 424 1
255 431 1
255 915 1
255 993 1
255 1053 1
255 1276 1
255 1313 1
255 1385 1
256 312 1
256 328 1
256 440 1
256 498 1
256 581 1
256 829 1
256 1388 1
257 267 1
257 565 1
257 644 1
257 674 1
257 736 1
257 772 1
257 1355 1
257 1589 1
258 854 1
258 883 1
258 975 1
258 1172 1
258 1309 1
258 1483 1
258 1699 1
259 708 1
259 710 1
259 773 1
259 890 1
259 1178 1
259 1183 1
259 1287 1
259 1474 1
260 277 1
260 281 1
260 475 1
260 548 1
260 596 1
260 641 1
260 1037 1
260 1087 1
260 1427 1
260 1534 1
260 1622 1
260 1657 1
260 1672 1
261 300 1
261 433 1
261 531 1
261 553 1
261 1042 1
261 1142 1
261 1220 1
262 642 1
262 1321 1
263 435 1
263 472 1
263 544 1
264 816 1
264 1523 1
264 1585 1
265 293 1
265 313 1
265 387 1
265 695 1
265 803 1
265 815 1
265 894 1
265 954 1
265 1087 1
265 1221 1
265 1413 1
265 1590 1
265 1602 1
265 1643 1
267 400 1
267 753 1
267 806 1
268 1160 1
269 303 1
269 319 1
269 702 1
269 816 1
269 1359 1
269 1533 1
269 1633 1
270 449 1
271 770 1
271 867 1
271 923 1
272 309 1
272 1454 1
273 418 1
273 618 1
273 784 1
273 892 1
273 1032 1
273 1151 1
274 292 1
274 393 1
274 466 1
274 607 1
274 755 1
274 765 1
274 945 1
274 1165 1
274 1233 1
274 1295 1
274 1300 1
275 447 1
275 600 1
275 622 1
275 806 1
275 827 1
275 1170 1
275 1342 1
276 329 1
276 515 1
276 620 1
276 630 1
276 1394 1
276 1424 1
277 592 1
277 1264 1
278 379 1
279 393 1
279 463 1
279 484 1
279 556 1
279 827 1
279 858 1
279 1407 1
279 1629 1
280 523 1
280 763 1
280 1341 1
281 976 1
281 989 1
281 1283 1
282 399 1
282 606 1
282 802 1
282 1107 1
282 1442 1
283 317 1
283 693 1
283 988 1
283 1146 1
283 1481 1
284 398 1
284 409 1
284 626 1
284 664 1
284 1103 1
284 1149 1
284 1537 1
285 793 1
285 866 1
286 419 1
286 421 1
286 580 1
286 602 1
286 905 1
287 471 1
287 504 1
287 518 1
287 523 1
287 720 1
287 753 1
287 1089 1
287 1335 1
287 1429 1
287 1463 1
287 1603 1
288 298 1
288 666 1
288 746 1
288 748 1
288 1225 1
288 1366 1
289 1435 1
290 328 1
290 1037 1
290 1182 1
290 1324 1
292 317 1
292 322 1
292 579 1
292 668 1
292 1165 1
293 338 1
293 895 1
293 896 1
293 924 1
293 1143 1
293 1571 1
293 1629 1
294 486 1
294 655 1
294 788 1
294 1026 1
294 1390 1
295 451 1
295 532 1
295 565 1
295 667 1
295 896 1
295 948 1
295 1063 1
296 434 1
296 579 1
296 874 1
296 898 1
296 1638 1
297 536 1
297 647 1
297 724 1
297 731 1
297 1371 1
297 1404 1
297 1503 1
298 386 1
298 492 1
298 517 1
298 813 1
298 993 1
298 1044 1
298 1197 1
298 1587 1
299 1578 1
299 1690 1
300 325 1
300 1057 1
300 1651 1
301 325 1
301 599 1
301 789 1
301 1074 1
301 1532 1
301 1598 1
302 327 1
302 357 1
302 393 1
302 431 1
302 553 1
302 564 1
302 604 1
302 711 1
302 826 1
302 980 1
302 1037 1
302 1157 1
302 1314 1
302 1401 1
302 1502 1
302 1542 1
302 1553 1
302 1564 1
302 1600 1
303 382 1
303 1266 1
303 1348 1
304 333 1
304 575 1
304 1270 1
304 1541 1
305 497 1
305 634 1
305 725 1
305 1088 1
306 436 1
306 502 1
306 918 1
306 1622 1
306 1698 1
307 345 1
307 456 1
307 503 1
307 511 1
307 569 1
307 707 1
307 719 1
307 767 1
307 1385 1
307 1546 1
307 1644 1
308 752 1
308 860 1
308 1097 1
308 1504 1
309 933 1
309 1092 1
309 1325 1
309 1357 1
310 1023 1
310 1086 1
310 1208 1
310 1209 1
311 361 1
311 834 1
311 1011 1
311 1072 1
311 1369 1
312 331 1
312 345 1
312 576 1
312 652 1
312 683 1
312 687 1
312 782 1
312 910 1
312 1033 1
312 1121 1
312 1414 1
313 401 1
313 750 1
313 785 1
314 604 1
314 1212 1
314 1455 1
315 573 1
315 1494 1
316 506 1
316 521 1
316 665 1
316 711 1
316 741 1
316 817 1
316 937 1
316 1242 1
316 1250 1
316 1356 1
317 501 1
317 546 1
317 1146 1
317 1246 1
317 1567 1
318 493 1
318 513 1
318 1194 1
318 1424 1
319 1005 1
319 1315 1
319 1345 1
319 1679 1
320 560 1
320 935 1
320 1570 1
321 444 1
321 656 1
321 1182 1
322 785 1
323 533 1
323 832 1
323 1026 1
323 1133 1
323 1188 1
323 1698 1
324 353 1
324 481 1
324 486 1
324 556 1
324 619 1
324 813 1
324 861 1
324 902 1
324 1185 1
324 1672 1
325 755 1
325 1117 1
325 1380 1
325 1451 1
326 373 1
326 450 1
326 557 1
326 631 1
326 1470 1
326 1488 1
326 1532 1
327 343 1
327 503 1
327 819 1
328 333 1
328 425 1
328 460 1
328 501 1
328 591 1
328 682 1
328 962 1
328 1011 1
328 1038 1
328 1215 1
328 1313 1
328 1332 1
328 1418 1
328 1616 1
329 380 1
329 414 1
329 432 1
329 634 1
329 659 1
329 846 1
329 920 1
329 948 1
329 1112 1
329 1196 1
329 1272 1
330 482 1
330 516 1
330 538 1
330 586 1
330 587 1
330 960 1
330 961 1
330 1111 1
330 1148 1
330 1492 1
330 1650 1
330 1662 1
331 351 1
331 472 1
332 337 1
332 1598 1
333 709 1
333 881 1
333 974 1
333 1007 1
333 1269 1
333 1379 1
333 1570 1
334 507 1
334 846 1
334 1085 1
335 494 1
335 517 1
335 595 1
335 609 1
335 738 1
335 878 1
335 1080 1
335 1308 1
335 1335 1
335 1339 1
335 1362 1
335 1395 1
335 1465 1
336 438 1
336 534 1
336 545 1
336 712 1
336 824 1
336 942 1
336 1017 1
336 1020 1
336 1081 1
336 1481 1
337 754 1
338 415 1
338 595 1
338 1423 1
339 585 1
340 356 1
340 622 1
340 962 1
340 1293 1
340 1677 1
341 358 1
341 395 1
341 903 1
341 1108 1
341 1231 1
341 1238 1
342 443 1
342 537 1
342 567 1
342 869 1
342 919 1
342 995 1
342 1251 1
342 1403 1
343 495 1
343 536 1
343 586 1
343 671 1
343 758 1
343 1047 1
343 1391 1
343 1582 1
344 442 1
344 523 1
344 545 1
344 815 1
344 886 1
344 990 1
344 1139 1
344 1229 1
344 1308 1
344 1508 1
345 1162 1
346 738 1
346 741 1
346 909 1
346 1023 1
347 425 1
347 438 1
347 853 1
347 898 1
347 1307 1
347 1547 1
347 1672 1
348 396 1
348 648 1
348 663 1
348 1589 1
349 436 1
349 670 1
349 807 1
349 1004 1
349 1156 1
349 1639 1
350 413 1
350 437 1
350 451 1
350 612 1
350 715 1
350 826 1
350 1020 1
350 1211 1
350 1308 1
350 1520 1
350 1644 1
350 1664 1
351 1180 1
352 358 1
352 727 1
352 873 1
353 428 1
353 589 1
353 814 1
353 1204 1
353 1259 1
354 827 1
355 362 1
355 593 1
355 665 1
355 731 1
355 804 1
355 847 1
355 998 1
355 1111 1
355 1118 1
355 1147 1
355 1391 1
356 1049 1
356 1287 1
356 1616 1
357 370 1
357 536 1
357 552 1
357 564 1
357 573 1
357 682 1
357 723 1
357 1034 1
357 1203 1
357 1370 1
358 578 1
358 900 1
358 1054 1
358 1129 1
358 1270 1
358 1297 1
358 1353 1
359 1082 1
359 1316 1
359 1327 1
359 1407 1
360 721 1
360 1310 1
361 1316 1
361 1514 1
362 392 1
362 499 1
362 636 1
362 801 1
362 1208 1
362 1624 1
363 405 1
363 518 1
363 585 1
363 733 1
363 1275 1
364 381 1
364 419 1
364 529 1
364 541 1
364 912 1
364 991 1
364 999 1
364 1042 1
364 1139 1
364 1252 1
364 1640 1
365 486 1
365 553 1
365 873 1
365 904 1
365 1056 1
365 1091 1
365 1128 1
365 1424 1
365 1448 1
365 1586 1
366 395 1
366 1013 1
366 1032 1
367 539 1
367 592 1
367 1241 1
367 1329 1
367 1536 1
368 408 1
368 472 1
368 548 1
368 599 1
368 1091 1
368 1486 1
369 654 1
369 677 1
369 698 1
369 749 1
370 381 1
370 754 1
370 942 1
370 1098 1
370 1192 1
371 397 1
371 462 1
371 635 1
371 1400 1
372 378 1
372 1012 1
373 569 1
373 852 1
373 1298 1
373 1384 1
373 1621 1
373 1665 1
374 879 1
374 1474 1
375 514 1
375 708 1
375 787 1
375 1434 1
376 440 1
376 507 1
376 597 1
376 1005 1
376 1430 1
377 610 1
377 819 1
377 907 1
377 949 1
377 1106 1
377 1354 1
377 1681 1
378 385 1
378 967 1
378 1173 1
378 1210 1
378 1612 1
379 1358 1
380 554 1
380 981 1
380 1101 1
380 1386 1
381 905 1
381 991 1
381 1136 1
382 678 1
382 706 1
382 837 1
382 1129 1
383 422 1
383 1107 1
383 1692 1
384 411 1
384 476 1
384 1186 1
385 635 1
385 726 1
385 956 1
385 1439 1
385 1448 1
385 1634 1
386 490 1
386 644 1
386 882 1
386 1489 1
386 1496 1
386 1570 1
387 594 1
387 604 1
387 610 1
387 820 1
387 855 1
387 901 1
387 950 1
387 963 1
387 1174 1
387 1452 1
388 801 1
389 420 1
389 455 1
389 596 1
389 797 1
389 1387 1
390 896 1
390 1606 1
392 394 1
392 453 1
392 538 1
392 609 1
392 826 1
392 959 1
392 1458 1
393 466 1
393 570 1
393 1132 1
393 1524 1
394 529 1
394 872 1
394 1256 1
394 1580 1
395 417 1
395 637 1
395 756 1
395 966 1
395 1257 1
395 1476 1
395 1562 1
395 1623 1
396 446 1
396 580 1
396 955 1
396 1278 1
396 1649 1
397 405 1
397 428 1
397 505 1
397 1068 1
397 1157 1
397 1297 1
398 994 1
398 1122 1
399 422 1
399 539 1
399 715 1
399 946 1
399 1008 1
399 1246 1
399 1364 1
399 1677 1
399 1696 1
400 535 1
400 908 1
400 1224 1
400 1331 1
401 887 1
401 1396 1
401 1524 1
402 695 1
403 471 1
403 590 1
403 607 1
403 1329 1
403 1474 1
404 601 1
404 624 1
404 1011 1
404 1219 1
404 1249 1
405 564 1
405 741 1
405 1063 1
405 1103 1
405 1374 1
405 1631 1
406 822 1
406 1177 1
406 1496 1
406 1610 1
407 476 1
407 625 1
407 720 1
408 454 1
408 792 1
409 448 1
411 1084 1
412 567 1
412 834 1
412 844 1
412 1544 1
413 414 1
413 445 1
413 722 1
413 778 1
413 901 1
413 1060 1
413 1274 1
413 1398 1
413 1639 1
413 1684 1
413 1697 1
414 582 1
414 620 1
414 739 1
414 745 1
414 853 1
414 903 1
414 925 1
415 497 1
415 546 1
415 627 1
415 631 1
415 727 1
415 848 1
415 983 1
415 1332 1
415 1336 1
416 567 1
416 680 1
416 917 1
416 1569 1
417 593 1
417 1489 1
417 1550 1
418 443 1
418 496 1
418 576 1
418 1664 1
419 723 1
420 427 1
420 698 1
420 861 1
420 921 1
420 1315 1
421 492 1
421 529 1
421 563 1
421 583 1
421 718 1
421 1004 1
421 1126 1
421 1381 1
421 1523 1
421 1568 1
421 1660 1
422 1378 1
422 1637 1
423 479 1
423 1244 1
424 720 1
424 1042 1
424 1486 1
425 607 1
425 721 1
425 794 1
425 809 1
425 1645 1
425 1699 1
426 427 1
426 429 1
426 448 1
426 571 1
426 799 1
426 967 1
426 1057 1
426 1579 1
427 650 1
427 748 1
427 917 1
427 951 1
427 969 1
427 1199 1
427 1251 1
427 1579 1
428 570 1
428 1333 1
429 601 1
429 1057 1
430 464 1
430 549 1
430 707 1
430 1265 1
430 1268 1
430 1274 1
430 1538 1
430 1622 1
432 1070 1
432 1307 1
433 444 1
433 596 1
434 557 1
434 866 1
434 1065 1
434 1188 1
434 1243 1
434 1430 1
434 1661 1
435 661 1
435 687 1
435 1049 1
435 1461 1
435 1667 1
436 481 1
436 1011 1
436 1106 1
436 1248 1
436 1344 1
436 1583 1
437 509 1
437 815 1
437 1045 1
437 1177 1
437 1195 1
438 547 1
438 653 1
438 851 1
438 940 1
438 1079 1
438 1094 1
438 1156 1
439 475 1
439 532 1
439 840 1
439 886 1
440 1249 1
441 479 1
441 483 1
441 760 1
442 478 1
442 582 1
442 666 1
442 683 1
442 817 1
442 1134 1
442 1370 1
442 1437 1
442 1475 1
442 1515 1
443 1543 1
443 1553 1
444 604 1
444 747 1
444 1118 1
444 1251 1
445 456 1
445 1060 1
445 1668 1
446 470 1
446 1043 1
447 843 1
447 1027 1
448 679 1
448 684 1
448 784 1
448 907 1
448 1064 1
448 1191 1
448 1267 1
448 1350 1
448 1417 1
448 1439 1
449 1014 1
449 1598 1
450 595 1
450 1072 1
450 1497 1
451 524 1
451 830 1
451 1114 1
451 1218 1
451 1344 1
451 1646 1
452 548 1
452 558 1
452 571 1
452 664 1
452 1207 1
452 1230 1
453 535 1
453 1260 1
454 459 1
454 1390 1
454 1480 1
454 1623 1
455 534 1
455 763 1
455 1336 1
456 586 1
456 1319 1
456 1419 1
456 1550 1
456 1676 1
457 649 1
457 730 1
457 738 1
457 888 1
457 922 1
457 1071 1
458 497 1
458 612 1
458 653 1
458 895 1
458 955 1
458 1214 1
458 1417 1
459 717 1
459 774 1
459 907 1
459 998 1
460 554 1
460 664 1
460 796 1
460 984 1
460 1229 1
460 1272 1
460 1325 1
460 1627 1
461 556 1
461 617 1
461 796 1
461 886 1
461 1257 1
461 1441 1
461 1655 1
461 1668 1
462 800 1
462 817 1
462 1140 1
462 1380 1
462 1383 1
462 1695 1
463 498 1
463 690 1
463 1480 1
464 783 1
466 1095 1
467 469 1
467 560 1
467 1288 1
467 1302 1
467 1320 1
467 1391 1
467 1437 1
467 1557 1
468 1207 1
469 1365 1
470 997 1
470 1447 1
470 1609 1
471 490 1
471 702 1
471 963 1
471 972 1
471 1575 1
472 559 1
472 780 1
472 1005 1
472 1027 1
472 1408 1
472 1570 1
472 1673 1
473 901 1
473 1412 1
473 1500 1
473 1508 1
473 1569 1
475 520 1
475 629 1
476 622 1
476 625 1
476 1497 1
476 1618 1
478 908 1
478 1123 1
478 1693 1
479 584 1
479 724 1
479 745 1
479 792 1
479 814 1
479 881 1
479 970 1
479 1097 1
479 1154 1
481 514 1
482 787 1
482 870 1
482 988 1
482 1085 1
482 1299 1
482 1412 1
484 876 1
484 1100 1
484 1166 1
484 1323 1
485 1362 1
486 813 1
486 828 1
486 1144 1
486 1298 1
486 1299 1
486 1628 1
487 1159 1
488 782 1
488 1453 1
489 1172 1
489 1634 1
490 552 1
490 575 1
490 654 1
490 663 1
490 880 1
490 1056 1
490 1417 1
490 1568 1
490 1646 1
491 927 1
491 1350 1
492 844 1
492 877 1
492 1198 1
493 500 1
493 766 1
493 819 1
493 1021 1
493 1237 1
493 1304 1
494 1289 1
495 616 1
495 745 1
495 1028 1
495 1257 1
496 540 1
496 1386 1
496 1652 1
497 572 1
497 676 1
497 1399 1
497 1567 1
497 1648 1
498 508 1
498 847 1
499 557 1
500 778 1
500 1076 1
500 1359 1
501 605 1
501 1186 1
502 806 1
502 987 1
502 1143 1
503 522 1
503 906 1
503 945 1
503 1486 1
504 560 1
504 832 1
505 587 1
506 692 1
506 979 1
506 1064 1
506 1135 1
506 1153 1
506 1167 1
506 1195 1
506 1444 1
507 651 1
507 846 1
507 850 1
507 1036 1
507 1403 1
507 1404 1
508 529 1
508 1010 1
508 1497 1
509 704 1
510 608 1
510 712 1
510 883 1
510 1159 1
510 1275 1
511 920 1
511 1600 1
513 689 1
514 677 1
514 810 1
514 1555 1
515 622 1
515 862 1
516 699 1
516 1078 1
516 1650 1
517 1566 1
518 672 1
520 669 1
520 1083 1
520 1117 1
521 524 1
521 541 1
521 669 1
521 898 1
521 1046 1
521 1155 1
521 1222 1
521 1630 1
522 556 1
522 731 1
522 796 1
522 979 1
522 1158 1
522 1544 1
522 1554 1
523 753 1
523 1465 1
523 1540 1
524 554 1
524 597 1
524 626 1
524 643 1
524 660 1
524 835 1
524 1424 1
525 1445 1
526 761 1
526 779 1
526 1058 1
526 1635 1
526 1659 1
526 1674 1
527 1028 1
527 1104 1
527 1267 1
528 573 1
528 1074 1
528 1215 1
529 1256 1
529 1311 1
529 1522 1
529 1534 1
530 543 1
530 1189 1
530 1234 1
530 1235 1
530 1271 1
530 1496 1
531 687 1
531 1179 1
532 929 1
533 1516 1
534 591 1
534 682 1
534 818 1
534 962 1
534 1042 1
534 1059 1
534 1074 1
534 1095 1
534 1181 1
534 1472 1
535 1006 1
535 1016 1
535 1626 1
536 583 1
536 740 1
536 1360 1
539 692 1
540 1214 1
540 1495 1
540 1620 1
541 618 1
541 769 1
541 810 1
541 1082 1
541 1204 1
541 1240 1
541 1313 1
541 1502 1
541 1530 1
542 953 1
543 1189 1
543 1234 1
543 1394 1
545 552 1
545 670 1
545 694 1
545 746 1
545 1092 1
545 1431 1
546 849 1
546 1274 1
547 653 1
547 697 1
547 1157 1
548 705 1
548 1337 1
549 782 1
549 872 1
549 880 1
549 1155 1
549 1348 1
549 1533 1
550 771 1
550 1010 1
550 1271 1
551 900 1
553 916 1
553 1267 1
553 1656 1
555 645 1
555 884 1
555 894 1
555 919 1
556 968 1
556 1089 1
556 1114 1
556 1126 1
557 579 1
557 673 1
557 1124 1
557 1381 1
557 1427 1
559 1014 1
561 623 1
561 754 1
561 866 1
561 902 1
561 1351 1
561 1450 1
561 1624 1
562 580 1
562 974 1
562 1083 1
562 1150 1
562 1211 1
562 1371 1
562 1439 1
563 1025 1
563 1407 1
564 1255 1
565 628 1
565 705 1
566 581 1
566 660 1
566 985 1
566 1077 1
567 752 1
567 1284 1
567 1569 1
567 1573 1
568 746 1
568 790 1
568 794 1
568 1499 1
569 602 1
569 722 1
569 1018 1
569 1087 1
569 1322 1
570 620 1
570 683 1
570 779 1
570 869 1
570 905 1
570 1258 1
570 1425 1
570 1695 1
571 831 1
572 734 1
572 1242 1
574 659 1
574 717 1
574 1487 1
575 595 1
575 618 1
575 685 1
575 766 1
575 1116 1
575 1150 1
575 1226 1
576 1169 1
577 823 1
577 1053 1
577 1133 1
577 1173 1
577 1372 1
577 1680 1
578 1098 1
579 700 1
579 1153 1
579 1174 1
579 1368 1
581 1670 1
582 592 1
582 1089 1
582 1513 1
583 584 1
583 717 1
583 1077 1
583 1136 1
583 1139 1
584 662 1
584 811 1
584 1597 1
585 891 1
585 1567 1
586 663 1
586 830 1
586 913 1
586 970 1
586 1507 1
586 1674 1
586 1676 1
587 792 1
587 972 1
587 1653 1
589 665 1
589 1237 1
590 648 1
590 733 1
590 1460 1
590 1516 1
591 759 1
591 1338 1
591 1414 1
592 886 1
592 1196 1
593 709 1
593 804 1
593 968 1
593 1316 1
593 1516 1
594 771 1
594 1513 1
594 1556 1
594 1689 1
595 1282 1
596 639 1
596 1464 1
597 633 1
597 691 1
597 877 1
597 1415 1
597 1607 1
598 783 1
598 1368 1
599 1125 1
600 1148 1
600 1525 1
602 760 1
602 789 1
602 791 1
602 1259 1
603 615 1
603 743 1
603 1247 1
603 1517 1
604 1134 1
604 1502 1
605 841 1
605 917 1
605 1176 1
606 627 1
606 723 1
606 1528 1
608 739 1
608 1226 1
608 1285 1
608 1426 1
609 972 1
610 1092 1
610 1201 1
610 1210 1
611 767 1
611 804 1
611 1136 1
612 678 1
612 999 1
612 1036 1
612 1162 1
612 1191 1
613 642 1
613 703 1
613 1431 1
614 1024 1
615 696 1
615 1303 1
615 1342 1
616 902 1
616 1054 1
616 1350 1
617 880 1
617 1146 1
617 1175 1
617 1553 1
618 679 1
618 988 1
618 1075 1
620 1386 1
620 1676 1
621 1033 1
621 1656 1
622 625 1
622 808 1
622 1379 1
622 1487 1
623 990 1
623 1098 1
623 1621 1
624 1047 1
624 1544 1
625 758 1
625 760 1
625 889 1
625 1014 1
625 1138 1
625 1193 1
625 1205 1
626 643 1
626 839 1
627 915 1
627 1356 1
628 732 1
628 849 1
628 947 1
629 914 1
629 1685 1
630 1113 1
631 786 1
631 1343 1
631 1548 1
631 1579 1
631 1585 1
632 1013 1
633 706 1
633 923 1
633 1072 1
633 1134 1
634 957 1
634 1371 1
636 1273 1
636 1683 1
637 922 1
637 1029 1
637 1113 1
638 670 1
638 679 1
640 1025 1
640 1121 1
640 1386 1
642 896 1
642 1001 1
643 1137 1
644 743 1
644 941 1
644 1420 1
645 1064 1
645 1290 1
647 797 1
647 1241 1
647 1418 1
649 695 1
649 879 1
649 1111 1
649 1286 1
650 783 1
650 1130 1
650 1383 1
651 735 1
651 922 1
651 1154 1
651 1200 1
651 1539 1
652 658 1
652 1262 1
652 1425 1
653 1456 1
654 826 1
654 833 1
654 1018 1
654 1609 1
655 805 1
655 1688 1
656 1187 1
657 856 1
657 887 1
658 715 1
658 1403 1
658 1693 1
660 1240 1
661 1108 1
661 1300 1
661 1359 1
661 1660 1
662 1490 1
663 1646 1
664 696 1
664 1691 1
665 912 1
666 748 1
666 874 1
666 897 1
666 1420 1
666 1442 1
666 1642 1
667 1022 1
667 1364 1
669 1245 1
670 1156 1
670 1228 1
671 1401 1
672 823 1
672 1528 1
673 698 1
673 1283 1
674 1519 1
677 835 1
678 958 1
679 1221 1
679 1233 1
680 1210 1
681 756 1
681 910 1
681 1488 1
682 962 1
682 1055 1
682 1131 1
683 761 1
683 987 1
683 1657 1
685 756 1
685 1634 1
686 1271 1
686 1377 1
686 1401 1
687 839 1
687 946 1
687 970 1
687 1385 1
688 713 1
688 959 1
688 965 1
688 1134 1
688 1355 1
688 1679 1
689 1282 1
689 1562 1
690 1642 1
691 742 1
691 860 1
691 908 1
691 932 1
691 939 1
691 1093 1
691 1125 1
691 1287 1
691 1515 1
691 1680 1
692 774 1
692 1049 1
693 1016 1
693 1128 1
694 749 1
694 1278 1
695 1050 1
695 1566 1
696 874 1
696 1004 1
696 1279 1
696 1451 1
696 1550 1
698 992 1
698 1029 1
699 762 1
699 842 1
699 992 1
699 1650 1
700 820 1
700 915 1
700 938 1
701 1000 1
701 1155 1
702 1093 1
704 1193 1
704 1335 1
705 1521 1
706 1121 1
707 733 1
707 802 1
707 1041 1
707 1527 1
707 1566 1
707 1595 1
707 1647 1
708 752 1
709 1269 1
710 935 1
710 952 1
710 1337 1
711 1435 1
711 1629 1
712 1338 1
714 764 1
714 842 1
714 862 1
714 909 1
714 1482 1
717 1468 1
718 850 1
718 1175 1
719 1592 1
720 1070 1
720 1586 1
721 847 1
721 1052 1
722 1181 1
722 1493 1
722 1531 1
723 1489 1
724 865 1
724 1286 1
724 1666 1
725 1015 1
725 1392 1
725 1687 1
726 998 1
726 1022 1
727 1239 1
727 1330 1
727 1599 1
728 735 1
728 1068 1
729 964 1
729 1479 1
730 995 1
730 1119 1
731 1667 1
732 1203 1
733 1190 1
734 1522 1
735 1245 1
735 1280 1
736 1263 1
737 1178 1
738 977 1
738 1395 1
738 1582 1
739 867 1
739 1076 1
739 1102 1
739 1231 1
739 1345 1
741 956 1
741 1382 1
741 1460 1
742 1007 1
742 1159 1
743 1163 1
743 1467 1
744 1086 1
745 775 1
745 1190 1
747 1051 1
747 1367 1
748 1651 1
750 1061 1
750 1504 1
751 1364 1
752 1326 1
754 793 1
754 932 1
754 1341 1
756 812 1
756 834 1
756 870 1
757 1054 1
757 1104 1
757 1267 1
757 1352 1
757 1651 1
758 1519 1
759 823 1
760 951 1
760 1337 1
762 800 1
762 1180 1
762 1501 1
762 1568 1
764 1410 1
764 1505 1
764 1577 1
765 832 1
765 1204 1
766 815 1
766 879 1
766 966 1
766 1416 1
766 1499 1
767 1142 1
768 783 1
768 801 1
768 881 1
768 1333 1
768 1438 1
768 1539 1
769 933 1
769 1017 1
769 1240 1
770 949 1
770 1130 1
770 1354 1
770 1604 1
771 821 1
772 986 1
773 877 1
773 1183 1
774 1641 1
775 1268 1
775 1603 1
777 917 1
778 977 1
778 1043 1
778 1352 1
778 1378 1
778 1398 1
778 1593 1
779 1511 1
780 855 1
780 1687 1
781 1278 1
781 1348 1
782 1213 1
784 809 1
784 1608 1
787 805 1
787 1343 1
788 1026 1
788 1138 1
788 1363 1
789 812 1
789 899 1
789 982 1
789 1061 1
789 1223 1
789 1307 1
789 1598 1
790 1513 1
793 1069 1
794 873 1
794 903 1
797 1015 1
797 1193 1
797 1572 1
797 1694 1
799 807 1
799 971 1
799 1092 1
799 1297 1
799 1528 1
800 1161 1
800 1431 1
800 1432 1
800 1453 1
801 1053 1
801 1324 1
802 889 1
802 1595 1
804 1613 1
805 811 1
805 1158 1
805 1361 1
805 1517 1
806 1573 1
808 1573 1
809 977 1
809 1166 1
810 936 1
810 1158 1
810 1529 1
811 1285 1
813 843 1
814 854 1
814 973 1
815 1318 1
817 1584 1
818 1123 1
818 1193 1
818 1347 1
818 1498 1
819 914 1
819 1036 1
820 1056 1
821 1058 1
822 910 1
822 1471 1
823 1075 1
823 1329 1
823 1394 1
824 1419 1
825 1006 1
825 1333 1
827 1306 1
827 1345 1
827 1624 1
828 893 1
828 1041 1
829 899 1
831 1675 1
832 1593 1
833 1264 1
834 921 1
834 933 1
834 1178 1
834 1292 1
834 1591 1
834 1645 1
835 1590 1
836 1632 1
837 980 1
837 982 1
837 1654 1
838 996 1
838 1250 1
838 1375 1
838 1675 1
838 1695 1
840 1120 1
841 1014 1
841 1462 1
842 1310 1
843 975 1
844 1691 1
845 986 1
845 1066 1
847 1673 1
848 1066 1
848 1307 1
850 1178 1
850 1185 1
850 1216 1
850 1357 1
851 940 1
852 993 1
852 1192 1
852 1509 1
852 1689 1
853 941 1
853 1305 1
853 1551 1
854 883 1
854 1337 1
855 1034 1
855 1214 1
857 959 1
857 1363 1
860 930 1
860 1068 1
860 1076 1
860 1159 1
861 967 1
861 1009 1
862 1603 1
862 1690 1
863 1122 1
863 1222 1
863 1434 1
864 1543 1
865 914 1
865 995 1
869 1052 1
869 1425 1
870 1281 1
872 1030 1
875 1443 1
876 1096 1
876 1564 1
877 1027 1
877 1035 1
877 1241 1
877 1275 1
877 1427 1
878 1375 1
879 1131 1
879 1584 1
881 1051 1
881 1222 1
882 1523 1
883 1179 1
883 1658 1
885 1039 1
886 969 1
887 930 1
887 1273 1
891 900 1
891 970 1
891 1028 1
892 1008 1
892 1110 1
892 1186 1
893 1490 1
893 1627 1
894 1005 1
895 1322 1
895 1559 1
896 1032 1
896 1147 1
897 1440 1
898 1053 1
898 1110 1
898 1291 1
898 1334 1
898 1416 1
898 1422 1
898 1488 1
898 1500 1
899 1080 1
899 1198 1
901 1577 1
903 1099 1
903 1163 1
903 1231 1
904 1441 1
904 1466 1
906 1545 1
908 1375 1
908 1472 1
908 1546 1
909 939 1
909 1135 1
909 1384 1
910 1149 1
910 1335 1
911 1684 1
912 1652 1
913 1235 1
915 1503 1
916 1360 1
916 1427 1
916 1454 1
917 1281 1
917 1405 1
917 1587 1
918 1021 1
918 1521 1
918 1611 1
919 1007 1
919 1170 1
919 1423 1
919 1591 1
919 1628 1
920 1410 1
920 1601 1
921 1171 1
922 925 1
922 1091 1
922 1440 1
923 988 1
923 1138 1
923 1464 1
923 1532 1
924 983 1
924 1351 1
925 1088 1
925 1668 1
927 1126 1
927 1341 1
929 983 1
930 1002 1
931 947 1
931 1365 1
931 1526 1
931 1653 1
932 1152 1
932 1205 1
932 1226 1
932 1680 1
932 1694 1
933 1379 1
934 1080 1
934 1583 1
935 1574 1
936 1139 1
936 1415 1
937 1381 1
938 1133 1
938 1179 1
938 1294 1
938 1551 1
941 1024 1
941 1035 1
942 1227 1
944 1419 1
945 1165 1
946 1429 1
946 1663 1
947 1339 1
947 1531 1
949 1067 1
949 1361 1
949 1405 1
951 953 1
951 1655 1
953 1633 1
954 1003 1
954 1063 1
955 1277 1
955 1491 1
955 1571 1
958 1048 1
958 1228 1
958 1349 1
960 1054 1
960 1433 1
960 1586 1
960 1685 1
962 975 1
962 1613 1
962 1625 1
963 1002 1
963 1030 1
963 1684 1
964 1266 1
964 1552 1
965 986 1
966 1416 1
966 1559 1
966 1686 1
967 1117 1
967 1690 1
968 1296 1
968 1683 1
969 1041 1
969 1473 1
971 1511 1
972 1232 1
972 1381 1
974 1175 1
974 1191 1
974 1220 1
974 1548 1
974 1648 1
977 1039 1
977 1162 1
979 1295 1
980 1219 1
981 996 1
981 1374 1
982 1094 1
982 1661 1
983 1400 1
983 1529 1
983 1544 1
983 1584 1
984 1627 1
985 1198 1
985 1239 1
985 1276 1
986 1592 1
987 992 1
987 1029 1
987 1230 1
988 1146 1
988 1194 1
990 1010 1
990 1122 1
990 1621 1
992 1217 1
993 1459 1
994 1007 1
994 1283 1
994 1411 1
994 1555 1
996 1558 1
997 1589 1
998 1125 1
998 1389 1
998 1494 1
998 1533 1
999 1649 1
999 1695 1
1000 1392 1
1001 1445 1
1002 1212 1
1002 1301 1
1004 1172 1
1004 1328 1
1004 1645 1
1006 1102 1
1006 1127 1
1006 1606 1
1008 1318 1
1009 1218 1
1010 1072 1
1011 1593 1
1013 1048 1
1015 1648 1
1016 1097 1
1016 1657 1
1018 1270 1
1018 1420 1
1019 1225 1
1019 1334 1
1019 1693 1
1020 1309 1
1022 1404 1
1023 1611 1
1024 1041 1
1024 1271 1
1024 1376 1
1025 1309 1
1025 1595 1
1027 1083 1
1028 1069 1
1028 1303 1
1028 1315 1
1028 1317 1
1029 1700 1
1031 1220 1
1031 1328 1
1032 1151 1
1032 1388 1
1032 1670 1
1033 1453 1
1033 1502 1
1033 1585 1
1034 1177 1
1034 1320 1
1037 1622 1
1039 1103 1
1040 1359 1
1043 1046 1
1043 1102 1
1044 1311 1
1044 1591 1
1045 1493 1
1046 1076 1
1047 1187 1
1049 1077 1
1049 1136 1
1049 1599 1
1051 1367 1
1053 1306 1
1053 1455 1
1056 1611 1
1057 1639 1
1058 1100 1
1059 1117 1
1059 1571 1
1062 1073 1
1062 1149 1
1062 1284 1
1062 1482 1
1062 1602 1
1064 1065 1
1064 1145 1
1064 1497 1
1066 1560 1
1067 1395 1
1067 1458 1
1069 1197 1
1069 1606 1
1070 1285 1
1071 1086 1
1078 1330 1
1079 1434 1
1079 1681 1
1080 1671 1
1082 1140 1
1082 1258 1
1082 1388 1
1083 1174 1
1085 1506 1
1085 1535 1
1086 1558 1
1088 1553 1
1089 1286 1
1090 1663 1
1090 1666 1
1091 1579 1
1091 1631 1
1092 1466 1
1095 1244 1
1095 1413 1
1095 1442 1
1095 1697 1
1096 1614 1
1096 1661 1
1097 1397 1
1097 1437 1
1098 1209 1
1099 1195 1
1099 1383 1
1100 1416 1
1101 1214 1
1101 1361 1
1102 1127 1
1102 1574 1
1102 1614 1
1103 1150 1
1103 1343 1
1105 1423 1
1106 1254 1
1106 1291 1
1106 1366 1
1107 1185 1
1107 1201 1
1108 1387 1
1108 1518 1
1108 1586 1
1109 1518 1
1113 1512 1
1113 1660 1
1114 1232 1
1114 1265 1
1115 1148 1
1115 1262 1
1115 1662 1
1116 1606 1
1117 1224 1
1119 1526 1
1119 1562 1
1119 1597 1
1120 1173 1
1120 1618 1
1122 1211 1
1123 1172 1
1126 1144 1
1126 1232 1
1127 1476 1
1131 1288 1
1132 1313 1
1135 1592 1
1141 1258 1
1143 1365 1
1143 1422 1
1146 1669 1
1147 1430 1
1147 1538 1
1148 1155 1
1148 1385 1
1148 1430 1
1150 1234 1
1150 1401 1
1150 1414 1
1151 1363 1
1152 1578 1
1153 1160 1
1153 1353 1
1153 1403 1
1153 1600 1
1153 1615 1
1154 1200 1
1156 1563 1
1157 1299 1
1157 1421 1
1157 1617 1
1161 1236 1
1162 1561 1
1162 1600 1
1163 1560 1
1165 1409 1
1166 1295 1
1166 1568 1
1168 1537 1
1169 1319 1
1169 1651 1
1170 1288 1
1170 1317 1
1170 1650 1
1174 1692 1
1176 1638 1
1177 1183 1
1177 1457 1
1179 1658 1
1181 1472 1
1183 1393 1
1186 1351 1
1187 1240 1
1187 1265 1
1187 1632 1
1187 1692 1
1189 1304 1
1189 1426 1
1193 1202 1
1193 1258 1
1193 1565 1
1194 1485 1
1194 1494 1
1195 1332 1
1196 1558 1
1196 1609 1
1201 1434 1
1202 1661 1
1207 1678 1
1208 1305 1
1208 1607 1
1208 1618 1
1208 1637 1
1209 1244 1
1209 1347 1
1210 1384 1
1210 1612 1
1211 1248 1
1211 1505 1
1213 1398 1
1213 1402 1
1215 1528 1
1217 1244 1
1217 1293 1
1217 1405 1
1217 1591 1
1218 1222 1
1218 1369 1
1219 1238 1
1219 1537 1
1221 1260 1
1222 1582 1
1226 1347 1
1227 1564 1
1229 1314 1
1229 1389 1
1229 1599 1
1230 1649 1
1234 1414 1
1234 1487 1
1236 1362 1
1238 1679 1
1239 1360 1
1239 1535 1
1242 1588 1
1243 1256 1
1243 1261 1
1243 1355 1
1243 1688 1
1245 1677 1
1252 1410 1
1253 1255 1
1253 1411 1
1255 1375 1
1258 1595 1
1264 1571 1
1265 1393 1
1268 1346 1
1268 1407 1
1269 1635 1
1269 1644 1
1273 1356 1
1274 1563 1
1276 1292 1
1276 1350 1
1276 1510 1
1277 1316 1
1284 1374 1
1286 1654 1
1291 1536 1
1291 1558 1
1293 1677 1
1294 1322 1
1294 1484 1
1297 1556 1
1297 1630 1
1302 1436 1
1303 1354 1
1303 1573 1
1306 1457 1
1310 1373 1
1310 1432 1
1310 1444 1
1310 1639 1
1316 1566 1
1316 1604 1
1317 1476 1
1317 1499 1
1318 1474 1
1323 1445 1
1326 1349 1
1326 1532 1
1329 1536 1
1331 1516 1
1336 1505 1
1336 1601 1
1337 1690 1
1340 1619 1
1343 1444 1
1345 1382 1
1346 1452 1
1346 1607 1
1348 1601 1
1352 1429 1
1354 1429 1
1357 1373 1
1357 1652 1
1360 1696 1
1361 1526 1
1369 1393 1
1369 1409 1
1369 1638 1
1370 1581 1
1377 1477 1
1378 1454 1
1379 1547 1
1380 1443 1
1380 1463 1
1381 1660 1
1387 1494 1
1389 1659 1
1390 1471 1
1392 1399 1
1397 1588 1
1400 1527 1
1405 1464 1
1411 1518 1
1412 1648 1
1414 1495 1
1415 1443 1
1415 1655 1
1419 1469 1
1420 1596 1
1421 1470 1
1423 1477 1
1423 1612 1
1426 1512 1
1427 1529 1
1427 1686 1
1430 1451 1
1431 1482 1
1438 1530 1
1439 1647 1
1444 1615 1
1449 1666 1
1451 1515 1
1454 1681 1
1458 1630 1
1459 1519 1
1461 1468 1
1463 1482 1
1463 1519 1
1466 1576 1
1482 1672 1
1484 1678 1
1489 1580 1
1494 1663 1
1502 1693 1
1503 1559 1
1505 1626 1
1506 1654 1
1508 1589 1
1509 1610 1
1513 1556 1
1518 1565 1
1522 1534 1
1528 1662 1
1529 1597 1
1537 1634 1
1542 1659 1
1546 1686 1
1546 1694 1
1554 1643 1
1559 1669 1
1559 1686 1
1563 1636 1
1567 1688 1
1571 1590 1
1579 1631 1
1585 1587 1
1589 1678 1
1592 1688 1
1593 1619 1
1603 1682 1
1611 1613 1
1618 1652 1
1622 1657 1
1623 1696 1
1625 1653 1
1637 1663 1
1645 1673 1
1666 1682 1
1678 1697 1
1688 1700 1
