1900 7583 
1 5 1
1 37 1
1 42 1
1 45 1
1 55 1
1 103 1
1 117 1
1 127 1
1 153 1
1 154 1
1 175 1
1 187 1
1 218 1
1 289 1
1 309 1
1 373 1
1 443 1
1 632 1
1 725 1
1 958 1
1 988 1
1 1079 1
1 1095 1
1 1105 1
1 1260 1
1 1530 1
1 1542 1
1 1701 1
1 1806 1
2 5 1
2 6 1
2 7 1
2 8 1
2 9 1
2 11 1
2 13 1
2 17 1
2 19 1
2 20 1
2 21 1
2 27 1
2 30 1
2 31 1
2 32 1
2 35 1
2 38 1
2 44 1
2 46 1
2 48 1
2 51 1
2 52 1
2 53 1
2 54 1
2 59 1
2 66 1
2 67 1
2 72 1
2 73 1
2 77 1
2 88 1
2 95 1
2 96 1
2 97 1
2 99 1
2 104 1
2 110 1
2 121 1
2 126 1
2 130 1
2 131 1
2 134 1
2 142 1
2 145 1
2 150 1
2 151 1
2 154 1
2 156 1
2 159 1
2 166 1
2 180 1
2 186 1
2 192 1
2 199 1
2 202 1
2 206 1
2 213 1
2 225 1
2 227 1
2 231 1
2 244 1
2 252 1
2 258 1
2 265 1
2 283 1
2 319 1
2 320 1
2 326 1
2 327 1
2 337 1
2 359 1
2 365 1
2 370 1
2 406 1
2 417 1
2 429 1
2 430 1
2 439 1
2 458 1
2 468 1
2 487 1
2 510 1
2 511 1
2 536 1
2 567 1
2 597 1
2 608 1
2 610 1
2 624 1
2 631 1
2 640 1
2 644 1
2 681 1
2 685 1
2 718 1
2 754 1
2 764 1
2 794 1
2 831 1
2 876 1
2 882 1
2 918 1
2 924 1
2 937 1
2 940 1
2 947 1
2 953 1
2 985 1
2 1005 1
2 1013 1
2 1039 1
2 1040 1
2 1051 1
2 1068 1
2 1109 1
2 1128 1
2 1130 1
2 1132 1
2 1137 1
2 1161 1
2 1179 1
2 1193 1
2 1205 1
2 1226 1
2 1279 1
2 1292 1
2 1318 1
2 1336 1
2 1346 1
2 1351 1
2 1415 1
2 1431 1
2 1445 1
2 1449 1
2 1472 1
2 1519 1
2 1601 1
2 1614 1
2 1621 1
2 1631 1
2 1667 1
2 1687 1
2 1750 1
2 1776 1
2 1777 1
2 1784 1
2 1796 1
2 1817 1
2 1832 1
2 1835 1
2 1877 1
2 1890 1
2 1893 1
3 5 1
3 6 1
3 7 1
3 8 1
3 9 1
3 10 1
3 12 1
3 20 1
3 34 1
3 36 1
3 45 1
3 50 1
3 54 1
3 55 1
3 78 1
3 80 1
3 112 1
3 118 1
3 120 1
3 133 1
3 137 1
3 143 1
3 144 1
3 168 1
3 190 1
3 194 1
3 231 1
3 236 1
3 257 1
3 261 1
3 311 1
3 337 1
3 338 1
3 361 1
3 435 1
3 459 1
3 462 1
3 463 1
3 509 1
3 535 1
3 536 1
3 537 1
3 540 1
3 559 1
3 568 1
3 592 1
3 623 1
3 635 1
3 655 1
3 682 1
3 687 1
3 729 1
3 754 1
3 788 1
3 803 1
3 832 1
3 872 1
3 912 1
3 914 1
3 932 1
3 966 1
3 1004 1
3 1050 1
3 1058 1
3 1080 1
3 1082 1
3 1086 1
3 1120 1
3 1128 1
3 1156 1
3 1157 1
3 1207 1
3 1209 1
3 1283 1
3 1308 1
3 1355 1
3 1400 1
3 1429 1
3 1509 1
3 1516 1
3 1552 1
3 1603 1
3 1681 1
3 1686 1
3 1721 1
3 1760 1
3 1766 1
3 1777 1
3 1813 1
4 5 1
4 6 1
4 7 1
4 8 1
4 9 1
4 13 1
4 15 1
4 16 1
4 18 1
4 26 1
4 31 1
4 33 1
4 35 1
4 37 1
4 38 1
4 56 1
4 57 1
4 63 1
4 77 1
4 79 1
4 85 1
4 94 1
4 98 1
4 99 1
4 100 1
4 106 1
4 121 1
4 128 1
4 132 1
4 139 1
4 144 1
4 149 1
4 160 1
4 174 1
4 195 1
4 207 1
4 210 1
4 223 1
4 235 1
4 243 1
4 268 1
4 269 1
4 276 1
4 286 1
4 290 1
4 342 1
4 346 1
4 369 1
4 402 1
4 407 1
4 409 1
4 411 1
4 431 1
4 494 1
4 497 1
4 502 1
4 512 1
4 518 1
4 528 1
4 544 1
4 550 1
4 557 1
4 564 1
4 566 1
4 591 1
4 618 1
4 640 1
4 668 1
4 688 1
4 696 1
4 700 1
4 714 1
4 739 1
4 740 1
4 778 1
4 780 1
4 787 1
4 811 1
4 855 1
4 862 1
4 868 1
4 884 1
4 889 1
4 903 1
4 904 1
4 907 1
4 928 1
4 929 1
4 934 1
4 977 1
4 992 1
4 1050 1
4 1109 1
4 1153 1
4 1165 1
4 1168 1
4 1205 1
4 1289 1
4 1314 1
4 1408 1
4 1526 1
4 1561 1
4 1565 1
4 1583 1
4 1613 1
4 1623 1
4 1649 1
4 1679 1
4 1713 1
4 1754 1
4 1813 1
4 1828 1
4 1830 1
4 1867 1
5 6 1
5 13 1
5 15 1
5 16 1
5 17 1
5 21 1
5 24 1
5 27 1
5 32 1
5 43 1
5 44 1
5 52 1
5 66 1
5 67 1
5 75 1
5 89 1
5 105 1
5 114 1
5 123 1
5 139 1
5 150 1
5 154 1
5 161 1
5 212 1
5 236 1
5 241 1
5 251 1
5 269 1
5 306 1
5 386 1
5 397 1
5 399 1
5 409 1
5 501 1
5 524 1
5 532 1
5 619 1
5 653 1
5 675 1
5 684 1
5 738 1
5 848 1
5 858 1
5 940 1
5 1025 1
5 1073 1
5 1112 1
5 1191 1
5 1246 1
5 1306 1
5 1339 1
5 1388 1
5 1406 1
5 1441 1
5 1523 1
5 1549 1
5 1554 1
5 1765 1
5 1805 1
5 1829 1
5 1887 1
6 7 1
6 10 1
6 15 1
6 18 1
6 25 1
6 32 1
6 37 1
6 38 1
6 40 1
6 48 1
6 49 1
6 60 1
6 63 1
6 78 1
6 84 1
6 102 1
6 103 1
6 110 1
6 131 1
6 134 1
6 141 1
6 146 1
6 148 1
6 157 1
6 159 1
6 180 1
6 187 1
6 188 1
6 200 1
6 207 1
6 237 1
6 245 1
6 288 1
6 314 1
6 321 1
6 388 1
6 419 1
6 422 1
6 435 1
6 445 1
6 473 1
6 477 1
6 488 1
6 525 1
6 526 1
6 539 1
6 556 1
6 585 1
6 590 1
6 591 1
6 595 1
6 615 1
6 633 1
6 639 1
6 701 1
6 710 1
6 718 1
6 721 1
6 736 1
6 745 1
6 751 1
6 775 1
6 793 1
6 804 1
6 808 1
6 812 1
6 813 1
6 838 1
6 839 1
6 866 1
6 898 1
6 962 1
6 995 1
6 1017 1
6 1032 1
6 1058 1
6 1078 1
6 1091 1
6 1108 1
6 1121 1
6 1179 1
6 1182 1
6 1187 1
6 1194 1
6 1196 1
6 1200 1
6 1228 1
6 1235 1
6 1251 1
6 1332 1
6 1334 1
6 1335 1
6 1345 1
6 1361 1
6 1365 1
6 1367 1
6 1434 1
6 1442 1
6 1469 1
6 1475 1
6 1527 1
6 1532 1
6 1544 1
6 1571 1
6 1592 1
6 1669 1
6 1710 1
6 1841 1
6 1843 1
6 1847 1
7 8 1
7 10 1
7 11 1
7 12 1
7 13 1
7 14 1
7 16 1
7 17 1
7 18 1
7 22 1
7 23 1
7 25 1
7 29 1
7 30 1
7 31 1
7 34 1
7 36 1
7 39 1
7 41 1
7 51 1
7 58 1
7 60 1
7 62 1
7 64 1
7 76 1
7 81 1
7 85 1
7 88 1
7 92 1
7 103 1
7 107 1
7 115 1
7 118 1
7 119 1
7 122 1
7 128 1
7 129 1
7 130 1
7 134 1
7 136 1
7 138 1
7 153 1
7 155 1
7 158 1
7 170 1
7 171 1
7 174 1
7 175 1
7 178 1
7 179 1
7 183 1
7 187 1
7 198 1
7 202 1
7 204 1
7 216 1
7 217 1
7 221 1
7 248 1
7 250 1
7 261 1
7 262 1
7 267 1
7 274 1
7 277 1
7 281 1
7 302 1
7 307 1
7 309 1
7 316 1
7 324 1
7 356 1
7 387 1
7 390 1
7 394 1
7 401 1
7 415 1
7 422 1
7 452 1
7 470 1
7 472 1
7 493 1
7 503 1
7 512 1
7 548 1
7 555 1
7 568 1
7 573 1
7 574 1
7 586 1
7 589 1
7 602 1
7 603 1
7 627 1
7 643 1
7 650 1
7 679 1
7 683 1
7 687 1
7 726 1
7 754 1
7 780 1
7 802 1
7 809 1
7 824 1
7 876 1
7 877 1
7 888 1
7 919 1
7 924 1
7 926 1
7 970 1
7 999 1
7 1041 1
7 1044 1
7 1045 1
7 1049 1
7 1071 1
7 1083 1
7 1114 1
7 1134 1
7 1164 1
7 1263 1
7 1267 1
7 1288 1
7 1297 1
7 1374 1
7 1411 1
7 1412 1
7 1436 1
7 1623 1
7 1645 1
7 1659 1
7 1725 1
7 1775 1
7 1783 1
7 1824 1
7 1827 1
8 9 1
8 11 1
8 12 1
8 17 1
8 19 1
8 21 1
8 23 1
8 24 1
8 31 1
8 45 1
8 49 1
8 72 1
8 74 1
8 78 1
8 87 1
8 95 1
8 96 1
8 99 1
8 100 1
8 111 1
8 117 1
8 124 1
8 126 1
8 132 1
8 133 1
8 140 1
8 170 1
8 173 1
8 175 1
8 193 1
8 198 1
8 219 1
8 232 1
8 233 1
8 264 1
8 275 1
8 287 1
8 307 1
8 330 1
8 338 1
8 397 1
8 409 1
8 411 1
8 419 1
8 434 1
8 441 1
8 467 1
8 491 1
8 539 1
8 592 1
8 615 1
8 616 1
8 676 1
8 698 1
8 715 1
8 744 1
8 775 1
8 795 1
8 799 1
8 807 1
8 822 1
8 939 1
8 962 1
8 965 1
8 1009 1
8 1020 1
8 1074 1
8 1103 1
8 1152 1
8 1225 1
8 1245 1
8 1278 1
8 1280 1
8 1298 1
8 1299 1
8 1322 1
8 1325 1
8 1339 1
8 1365 1
8 1428 1
8 1449 1
8 1509 1
8 1528 1
8 1530 1
8 1639 1
8 1794 1
8 1850 1
8 1896 1
9 10 1
9 12 1
9 14 1
9 20 1
9 23 1
9 24 1
9 34 1
9 36 1
9 39 1
9 43 1
9 55 1
9 58 1
9 71 1
9 81 1
9 86 1
9 93 1
9 110 1
9 116 1
9 125 1
9 134 1
9 160 1
9 172 1
9 176 1
9 185 1
9 186 1
9 195 1
9 216 1
9 230 1
9 264 1
9 270 1
9 284 1
9 300 1
9 301 1
9 315 1
9 320 1
9 334 1
9 417 1
9 425 1
9 443 1
9 449 1
9 468 1
9 478 1
9 486 1
9 487 1
9 509 1
9 512 1
9 544 1
9 546 1
9 568 1
9 585 1
9 600 1
9 609 1
9 628 1
9 635 1
9 661 1
9 766 1
9 785 1
9 794 1
9 831 1
9 858 1
9 860 1
9 869 1
9 908 1
9 913 1
9 939 1
9 952 1
9 983 1
9 994 1
9 1010 1
9 1046 1
9 1070 1
9 1081 1
9 1088 1
9 1170 1
9 1197 1
9 1293 1
9 1297 1
9 1327 1
9 1353 1
9 1356 1
9 1432 1
9 1502 1
9 1566 1
9 1624 1
9 1682 1
9 1711 1
9 1732 1
9 1769 1
9 1784 1
9 1815 1
9 1819 1
9 1829 1
9 1840 1
9 1847 1
10 11 1
10 16 1
10 22 1
10 23 1
10 26 1
10 27 1
10 28 1
10 29 1
10 30 1
10 33 1
10 41 1
10 43 1
10 50 1
10 51 1
10 52 1
10 57 1
10 58 1
10 59 1
10 65 1
10 69 1
10 71 1
10 72 1
10 74 1
10 85 1
10 106 1
10 109 1
10 122 1
10 127 1
10 128 1
10 149 1
10 151 1
10 157 1
10 166 1
10 179 1
10 195 1
10 196 1
10 209 1
10 210 1
10 211 1
10 214 1
10 237 1
10 248 1
10 251 1
10 253 1
10 266 1
10 270 1
10 294 1
10 318 1
10 327 1
10 355 1
10 375 1
10 376 1
10 380 1
10 383 1
10 408 1
10 424 1
10 436 1
10 455 1
10 462 1
10 480 1
10 501 1
10 538 1
10 560 1
10 565 1
10 580 1
10 597 1
10 626 1
10 644 1
10 647 1
10 688 1
10 702 1
10 720 1
10 731 1
10 744 1
10 792 1
10 795 1
10 823 1
10 884 1
10 896 1
10 900 1
10 931 1
10 946 1
10 947 1
10 949 1
10 956 1
10 959 1
10 1001 1
10 1002 1
10 1003 1
10 1035 1
10 1104 1
10 1118 1
10 1143 1
10 1162 1
10 1189 1
10 1193 1
10 1203 1
10 1227 1
10 1254 1
10 1273 1
10 1278 1
10 1284 1
10 1316 1
10 1339 1
10 1340 1
10 1383 1
10 1386 1
10 1402 1
10 1433 1
10 1468 1
10 1472 1
10 1490 1
10 1498 1
10 1526 1
10 1529 1
10 1553 1
10 1611 1
10 1626 1
10 1637 1
10 1639 1
10 1648 1
10 1671 1
10 1672 1
10 1700 1
10 1705 1
10 1757 1
10 1797 1
10 1809 1
10 1845 1
10 1857 1
10 1876 1
10 1880 1
10 1881 1
11 14 1
11 19 1
11 21 1
11 49 1
11 59 1
11 64 1
11 82 1
11 86 1
11 202 1
11 220 1
11 222 1
11 232 1
11 296 1
11 299 1
11 305 1
11 313 1
11 341 1
11 385 1
11 407 1
11 409 1
11 549 1
11 645 1
11 657 1
11 665 1
11 709 1
11 716 1
11 842 1
11 848 1
11 879 1
11 956 1
11 980 1
11 991 1
11 1020 1
11 1136 1
11 1187 1
11 1265 1
11 1281 1
11 1356 1
11 1391 1
11 1604 1
11 1620 1
11 1767 1
11 1794 1
12 28 1
12 90 1
12 113 1
12 215 1
12 229 1
12 441 1
12 445 1
12 492 1
12 510 1
12 584 1
12 642 1
12 691 1
12 776 1
12 980 1
12 1002 1
12 1034 1
12 1041 1
12 1065 1
12 1331 1
12 1347 1
12 1357 1
12 1466 1
12 1523 1
12 1640 1
12 1672 1
12 1749 1
12 1794 1
13 14 1
13 19 1
13 25 1
13 46 1
13 48 1
13 174 1
13 193 1
13 221 1
13 229 1
13 285 1
13 358 1
13 359 1
13 367 1
13 419 1
13 430 1
13 479 1
13 495 1
13 504 1
13 544 1
13 589 1
13 707 1
13 726 1
13 784 1
13 806 1
13 887 1
13 899 1
13 1097 1
13 1282 1
13 1342 1
13 1376 1
13 1621 1
13 1710 1
13 1755 1
13 1771 1
13 1822 1
14 15 1
14 18 1
14 20 1
14 28 1
14 62 1
14 102 1
14 127 1
14 137 1
14 263 1
14 314 1
14 329 1
14 386 1
14 410 1
14 416 1
14 419 1
14 429 1
14 439 1
14 484 1
14 490 1
14 552 1
14 614 1
14 687 1
14 712 1
14 724 1
14 730 1
14 798 1
14 847 1
14 877 1
14 886 1
14 912 1
14 954 1
14 974 1
14 1037 1
14 1057 1
14 1085 1
14 1092 1
14 1132 1
14 1237 1
14 1250 1
14 1284 1
14 1341 1
14 1373 1
14 1394 1
14 1502 1
14 1569 1
14 1672 1
14 1756 1
14 1784 1
14 1867 1
15 33 1
15 40 1
15 56 1
15 64 1
15 69 1
15 115 1
15 303 1
15 309 1
15 358 1
15 391 1
15 483 1
15 583 1
15 750 1
15 1411 1
15 1731 1
16 36 1
16 42 1
16 47 1
16 61 1
16 100 1
16 106 1
16 126 1
16 161 1
16 176 1
16 209 1
16 272 1
16 335 1
16 426 1
16 471 1
16 508 1
16 512 1
16 531 1
16 719 1
16 727 1
16 761 1
16 769 1
16 775 1
16 829 1
16 928 1
16 944 1
16 1032 1
16 1059 1
16 1090 1
16 1221 1
16 1418 1
16 1495 1
16 1567 1
16 1610 1
16 1709 1
16 1792 1
16 1852 1
16 1857 1
17 26 1
17 44 1
17 57 1
17 62 1
17 80 1
17 81 1
17 82 1
17 101 1
17 112 1
17 113 1
17 118 1
17 124 1
17 157 1
17 167 1
17 180 1
17 182 1
17 185 1
17 197 1
17 199 1
17 205 1
17 213 1
17 220 1
17 222 1
17 226 1
17 229 1
17 249 1
17 275 1
17 279 1
17 303 1
17 306 1
17 336 1
17 338 1
17 343 1
17 356 1
17 366 1
17 416 1
17 461 1
17 467 1
17 469 1
17 480 1
17 490 1
17 499 1
17 511 1
17 513 1
17 533 1
17 535 1
17 547 1
17 549 1
17 551 1
17 554 1
17 558 1
17 584 1
17 634 1
17 637 1
17 643 1
17 648 1
17 658 1
17 672 1
17 674 1
17 680 1
17 684 1
17 785 1
17 830 1
17 853 1
17 904 1
17 939 1
17 950 1
17 965 1
17 977 1
17 998 1
17 1019 1
17 1027 1
17 1037 1
17 1057 1
17 1113 1
17 1182 1
17 1213 1
17 1223 1
17 1228 1
17 1242 1
17 1245 1
17 1281 1
17 1296 1
17 1324 1
17 1347 1
17 1386 1
17 1447 1
17 1455 1
17 1504 1
17 1514 1
17 1522 1
17 1545 1
17 1571 1
17 1637 1
17 1670 1
17 1684 1
17 1738 1
17 1760 1
17 1789 1
17 1826 1
17 1850 1
17 1854 1
18 24 1
18 27 1
18 28 1
18 29 1
18 30 1
18 63 1
18 65 1
18 68 1
18 70 1
18 83 1
18 90 1
18 122 1
18 139 1
18 145 1
18 158 1
18 200 1
18 210 1
18 245 1
18 247 1
18 263 1
18 271 1
18 303 1
18 305 1
18 314 1
18 324 1
18 325 1
18 396 1
18 405 1
18 427 1
18 449 1
18 465 1
18 493 1
18 497 1
18 500 1
18 533 1
18 541 1
18 551 1
18 605 1
18 659 1
18 673 1
18 697 1
18 742 1
18 778 1
18 781 1
18 782 1
18 788 1
18 806 1
18 820 1
18 832 1
18 850 1
18 856 1
18 891 1
18 938 1
18 941 1
18 960 1
18 968 1
18 1009 1
18 1020 1
18 1053 1
18 1071 1
18 1147 1
18 1157 1
18 1222 1
18 1272 1
18 1276 1
18 1343 1
18 1353 1
18 1410 1
18 1416 1
18 1474 1
18 1559 1
18 1786 1
18 1795 1
18 1815 1
18 1870 1
19 22 1
19 44 1
19 47 1
19 48 1
19 53 1
19 55 1
19 66 1
19 91 1
19 121 1
19 175 1
19 176 1
19 182 1
19 217 1
19 219 1
19 291 1
19 479 1
19 502 1
19 528 1
19 540 1
19 545 1
19 578 1
19 634 1
19 638 1
19 646 1
19 730 1
19 749 1
19 803 1
19 898 1
19 911 1
19 1076 1
19 1152 1
19 1230 1
19 1348 1
19 1432 1
19 1452 1
19 1476 1
19 1581 1
19 1589 1
19 1608 1
19 1630 1
19 1655 1
19 1708 1
19 1799 1
19 1881 1
20 70 1
20 84 1
20 105 1
20 141 1
20 184 1
20 279 1
20 580 1
20 649 1
20 763 1
20 779 1
20 1070 1
20 1320 1
20 1488 1
20 1548 1
20 1606 1
20 1882 1
21 22 1
21 143 1
21 163 1
21 165 1
21 196 1
21 220 1
21 249 1
21 389 1
21 440 1
21 465 1
21 466 1
21 468 1
21 605 1
21 620 1
21 686 1
21 746 1
21 766 1
21 770 1
21 775 1
21 986 1
21 1046 1
21 1099 1
21 1150 1
21 1190 1
21 1275 1
21 1352 1
21 1431 1
21 1464 1
21 1496 1
21 1683 1
21 1786 1
22 33 1
22 59 1
22 62 1
22 114 1
22 228 1
22 374 1
22 455 1
22 562 1
22 581 1
22 591 1
22 600 1
22 652 1
22 758 1
22 1014 1
22 1147 1
22 1382 1
22 1389 1
22 1441 1
22 1532 1
23 25 1
23 32 1
23 49 1
23 93 1
23 105 1
23 151 1
23 155 1
23 164 1
23 184 1
23 204 1
23 255 1
23 272 1
23 297 1
23 322 1
23 347 1
23 381 1
23 387 1
23 406 1
23 432 1
23 475 1
23 550 1
23 623 1
23 625 1
23 724 1
23 955 1
23 993 1
23 1011 1
23 1218 1
23 1237 1
23 1240 1
23 1269 1
23 1328 1
23 1383 1
23 1402 1
23 1492 1
23 1565 1
23 1605 1
23 1683 1
23 1712 1
23 1798 1
23 1810 1
23 1832 1
24 26 1
24 203 1
24 224 1
24 291 1
24 347 1
24 454 1
24 856 1
24 1067 1
24 1077 1
24 1175 1
24 1183 1
24 1576 1
24 1650 1
24 1661 1
24 1759 1
24 1872 1
25 29 1
25 35 1
25 40 1
25 60 1
25 80 1
25 87 1
25 119 1
25 120 1
25 122 1
25 192 1
25 200 1
25 203 1
25 238 1
25 259 1
25 313 1
25 349 1
25 496 1
25 577 1
25 581 1
25 651 1
25 688 1
25 708 1
25 751 1
25 767 1
25 927 1
25 1025 1
25 1127 1
25 1138 1
25 1155 1
25 1292 1
25 1348 1
25 1459 1
25 1519 1
25 1641 1
25 1658 1
25 1668 1
25 1735 1
26 42 1
26 61 1
26 166 1
26 199 1
26 249 1
26 256 1
26 340 1
26 371 1
26 431 1
26 578 1
26 634 1
26 666 1
26 682 1
26 733 1
26 787 1
26 859 1
26 885 1
26 931 1
26 1000 1
26 1001 1
26 1106 1
26 1140 1
26 1178 1
26 1252 1
26 1464 1
26 1507 1
26 1510 1
26 1665 1
26 1896 1
27 53 1
27 61 1
27 68 1
27 89 1
27 91 1
27 116 1
27 172 1
27 226 1
27 250 1
27 261 1
27 318 1
27 351 1
27 376 1
27 390 1
27 435 1
27 517 1
27 587 1
27 618 1
27 756 1
27 814 1
27 920 1
27 924 1
27 943 1
27 1011 1
27 1027 1
27 1059 1
27 1077 1
27 1158 1
27 1252 1
27 1275 1
27 1380 1
27 1454 1
27 1527 1
27 1588 1
27 1801 1
28 42 1
28 54 1
28 63 1
28 75 1
28 109 1
28 138 1
28 164 1
28 170 1
28 191 1
28 198 1
28 205 1
28 227 1
28 265 1
28 304 1
28 331 1
28 366 1
28 385 1
28 437 1
28 451 1
28 461 1
28 464 1
28 520 1
28 572 1
28 579 1
28 588 1
28 597 1
28 621 1
28 648 1
28 731 1
28 778 1
28 895 1
28 901 1
28 928 1
28 1147 1
28 1220 1
28 1242 1
28 1255 1
28 1355 1
28 1399 1
28 1466 1
28 1468 1
28 1474 1
28 1558 1
28 1584 1
28 1673 1
28 1745 1
28 1758 1
29 34 1
29 57 1
29 65 1
29 133 1
29 145 1
29 234 1
29 260 1
29 277 1
29 288 1
29 302 1
29 315 1
29 341 1
29 403 1
29 404 1
29 489 1
29 514 1
29 590 1
29 627 1
29 693 1
29 694 1
29 903 1
29 1017 1
29 1152 1
29 1163 1
29 1213 1
29 1315 1
29 1413 1
29 1605 1
29 1822 1
29 1824 1
29 1825 1
30 40 1
30 47 1
30 50 1
30 52 1
30 56 1
30 65 1
30 66 1
30 92 1
30 93 1
30 119 1
30 140 1
30 144 1
30 224 1
30 238 1
30 284 1
30 322 1
30 575 1
30 623 1
30 699 1
30 759 1
30 982 1
30 990 1
30 1059 1
30 1062 1
30 1098 1
30 1377 1
30 1429 1
30 1508 1
30 1543 1
30 1690 1
30 1856 1
31 67 1
31 68 1
31 92 1
31 124 1
31 156 1
31 177 1
31 187 1
31 254 1
31 271 1
31 406 1
31 472 1
31 496 1
31 637 1
31 755 1
31 782 1
31 916 1
31 945 1
31 1134 1
31 1165 1
31 1205 1
31 1403 1
31 1411 1
31 1442 1
31 1458 1
31 1506 1
32 35 1
32 38 1
32 39 1
32 56 1
32 67 1
32 74 1
32 79 1
32 91 1
32 109 1
32 230 1
32 239 1
32 276 1
32 420 1
32 900 1
32 1435 1
32 1632 1
32 1763 1
32 1808 1
33 43 1
33 46 1
33 73 1
33 144 1
33 171 1
33 201 1
33 248 1
33 252 1
33 323 1
33 325 1
33 355 1
33 362 1
33 403 1
33 432 1
33 448 1
33 452 1
33 504 1
33 526 1
33 567 1
33 572 1
33 593 1
33 622 1
33 624 1
33 637 1
33 723 1
33 769 1
33 807 1
33 878 1
33 883 1
33 1036 1
33 1074 1
33 1192 1
33 1207 1
33 1256 1
33 1358 1
33 1360 1
33 1385 1
33 1558 1
33 1600 1
33 1634 1
33 1792 1
33 1805 1
33 1864 1
34 51 1
34 224 1
34 294 1
34 300 1
34 474 1
34 521 1
34 527 1
34 823 1
34 832 1
34 835 1
34 949 1
34 980 1
34 1129 1
34 1184 1
34 1351 1
34 1511 1
34 1656 1
34 1703 1
34 1746 1
34 1819 1
34 1868 1
35 132 1
35 150 1
35 208 1
35 223 1
35 268 1
35 281 1
35 297 1
35 352 1
35 778 1
35 801 1
35 846 1
35 975 1
35 1085 1
35 1278 1
35 1582 1
36 37 1
36 97 1
36 337 1
36 417 1
36 564 1
36 722 1
36 1499 1
36 1726 1
37 82 1
37 90 1
37 94 1
37 116 1
37 127 1
37 141 1
37 162 1
37 169 1
37 228 1
37 337 1
37 338 1
37 369 1
37 371 1
37 393 1
37 428 1
37 445 1
37 498 1
37 504 1
37 514 1
37 546 1
37 592 1
37 668 1
37 735 1
37 814 1
37 822 1
37 897 1
37 950 1
37 989 1
37 1040 1
37 1080 1
37 1103 1
37 1165 1
37 1175 1
37 1232 1
37 1235 1
37 1253 1
37 1306 1
37 1375 1
37 1386 1
37 1393 1
37 1443 1
37 1510 1
37 1521 1
37 1539 1
37 1671 1
37 1736 1
37 1768 1
37 1783 1
37 1868 1
37 1884 1
38 39 1
38 41 1
38 64 1
38 83 1
38 102 1
38 165 1
38 173 1
38 184 1
38 193 1
38 206 1
38 225 1
38 281 1
38 299 1
38 308 1
38 381 1
38 486 1
38 517 1
38 753 1
38 787 1
38 804 1
38 825 1
38 886 1
38 1052 1
38 1171 1
38 1323 1
38 1342 1
38 1425 1
38 1457 1
38 1472 1
38 1588 1
38 1646 1
38 1747 1
39 41 1
39 45 1
39 46 1
39 68 1
39 69 1
39 109 1
39 167 1
39 193 1
39 212 1
39 232 1
39 235 1
39 256 1
39 273 1
39 289 1
39 305 1
39 313 1
39 352 1
39 382 1
39 426 1
39 457 1
39 465 1
39 546 1
39 566 1
39 575 1
39 604 1
39 605 1
39 675 1
39 682 1
39 728 1
39 870 1
39 957 1
39 991 1
39 1218 1
39 1220 1
39 1269 1
39 1338 1
39 1369 1
39 1370 1
39 1421 1
39 1451 1
39 1525 1
39 1584 1
39 1587 1
39 1684 1
39 1690 1
39 1711 1
39 1750 1
39 1873 1
40 77 1
40 91 1
40 135 1
40 205 1
40 225 1
40 259 1
40 301 1
40 342 1
40 349 1
40 375 1
40 397 1
40 454 1
40 470 1
40 580 1
40 629 1
40 631 1
40 747 1
40 824 1
40 841 1
40 996 1
40 1077 1
40 1082 1
40 1090 1
40 1116 1
40 1168 1
40 1199 1
40 1262 1
40 1487 1
40 1521 1
40 1787 1
40 1825 1
40 1860 1
41 47 1
41 161 1
41 244 1
41 295 1
41 312 1
41 456 1
41 632 1
41 653 1
41 835 1
41 882 1
41 923 1
41 964 1
41 1378 1
41 1422 1
41 1426 1
41 1627 1
41 1832 1
42 82 1
42 100 1
42 115 1
42 142 1
42 146 1
42 147 1
42 168 1
42 218 1
42 295 1
42 333 1
42 346 1
42 402 1
42 481 1
42 639 1
42 846 1
42 1123 1
42 1144 1
42 1190 1
42 1383 1
42 1419 1
42 1456 1
42 1569 1
42 1720 1
42 1871 1
42 1878 1
43 60 1
43 71 1
43 75 1
43 146 1
43 183 1
43 188 1
43 378 1
43 442 1
43 555 1
43 563 1
43 751 1
43 805 1
43 906 1
43 1043 1
43 1291 1
43 1314 1
43 1416 1
43 1477 1
43 1614 1
43 1677 1
43 1861 1
44 73 1
44 75 1
44 77 1
44 79 1
44 89 1
44 108 1
44 112 1
44 114 1
44 205 1
44 227 1
44 280 1
44 308 1
44 311 1
44 372 1
44 384 1
44 389 1
44 423 1
44 555 1
44 581 1
44 585 1
44 595 1
44 604 1
44 610 1
44 843 1
44 873 1
44 890 1
44 950 1
44 1079 1
44 1097 1
44 1142 1
44 1319 1
44 1344 1
44 1560 1
44 1608 1
44 1772 1
44 1890 1
45 76 1
45 140 1
45 160 1
45 182 1
45 283 1
45 304 1
45 327 1
45 542 1
45 621 1
45 709 1
45 851 1
45 866 1
45 901 1
45 1027 1
45 1056 1
45 1196 1
45 1323 1
45 1471 1
45 1539 1
45 1580 1
45 1604 1
45 1649 1
46 50 1
46 83 1
46 111 1
46 123 1
46 125 1
46 148 1
46 163 1
46 290 1
46 310 1
46 320 1
46 343 1
46 479 1
46 493 1
46 533 1
46 607 1
46 660 1
46 899 1
46 919 1
46 1005 1
46 1067 1
46 1084 1
46 1130 1
46 1328 1
46 1342 1
46 1356 1
46 1527 1
46 1739 1
46 1757 1
46 1772 1
46 1853 1
47 106 1
47 400 1
47 408 1
47 410 1
47 628 1
47 948 1
47 999 1
47 1103 1
47 1121 1
47 1178 1
47 1242 1
47 1436 1
47 1512 1
47 1657 1
47 1782 1
48 241 1
48 350 1
48 505 1
48 537 1
48 552 1
48 953 1
48 969 1
48 1189 1
48 1526 1
48 1855 1
48 1898 1
49 97 1
49 178 1
49 180 1
49 203 1
49 399 1
49 462 1
49 534 1
49 630 1
49 680 1
49 691 1
49 933 1
49 985 1
49 1096 1
49 1627 1
50 58 1
50 61 1
50 71 1
50 86 1
50 123 1
50 148 1
50 157 1
50 171 1
50 207 1
50 216 1
50 244 1
50 285 1
50 321 1
50 363 1
50 405 1
50 413 1
50 421 1
50 425 1
50 539 1
50 548 1
50 559 1
50 579 1
50 615 1
50 645 1
50 690 1
50 721 1
50 773 1
50 802 1
50 838 1
50 912 1
50 915 1
50 989 1
50 997 1
50 1030 1
50 1040 1
50 1123 1
50 1146 1
50 1236 1
50 1265 1
50 1272 1
50 1469 1
50 1477 1
50 1484 1
50 1564 1
50 1822 1
50 1854 1
50 1865 1
51 53 1
51 54 1
51 73 1
51 88 1
51 96 1
51 135 1
51 143 1
51 264 1
51 312 1
51 362 1
51 386 1
51 394 1
51 459 1
51 582 1
51 752 1
51 874 1
51 1342 1
51 1439 1
51 1492 1
51 1543 1
51 1597 1
51 1628 1
51 1728 1
51 1815 1
52 84 1
52 104 1
52 108 1
52 194 1
52 224 1
52 346 1
52 370 1
52 371 1
52 448 1
52 566 1
52 629 1
52 752 1
52 1042 1
52 1050 1
52 1126 1
52 1297 1
52 1395 1
52 1470 1
52 1582 1
52 1659 1
52 1709 1
52 1741 1
52 1764 1
52 1851 1
53 310 1
53 421 1
53 453 1
53 494 1
53 598 1
53 841 1
53 1063 1
53 1208 1
53 1430 1
53 1669 1
54 69 1
54 76 1
54 87 1
54 94 1
54 156 1
54 177 1
54 189 1
54 214 1
54 229 1
54 252 1
54 403 1
54 415 1
54 554 1
54 607 1
54 618 1
54 800 1
54 870 1
54 1148 1
54 1152 1
54 1220 1
54 1365 1
54 1379 1
54 1408 1
54 1578 1
54 1587 1
55 152 1
55 185 1
55 202 1
55 316 1
55 479 1
55 543 1
55 690 1
55 967 1
55 1012 1
55 1204 1
55 1224 1
55 1256 1
55 1309 1
56 70 1
56 225 1
56 519 1
56 659 1
56 1414 1
57 72 1
57 107 1
57 129 1
57 149 1
57 173 1
57 207 1
57 221 1
57 308 1
57 359 1
57 404 1
57 416 1
57 485 1
57 495 1
57 590 1
57 598 1
57 759 1
57 1113 1
57 1169 1
57 1249 1
58 79 1
58 87 1
58 97 1
58 113 1
58 364 1
58 451 1
58 605 1
58 1075 1
58 1371 1
58 1701 1
59 70 1
59 102 1
59 159 1
59 282 1
59 383 1
59 678 1
59 749 1
59 996 1
59 1366 1
59 1846 1
60 113 1
60 131 1
60 138 1
60 305 1
60 306 1
60 434 1
60 565 1
60 675 1
60 713 1
60 773 1
60 1265 1
60 1298 1
60 1302 1
60 1532 1
60 1574 1
60 1623 1
60 1717 1
60 1752 1
61 531 1
61 651 1
61 709 1
61 739 1
61 962 1
61 1311 1
61 1550 1
62 78 1
62 118 1
62 373 1
62 375 1
62 934 1
62 1270 1
62 1301 1
62 1570 1
62 1866 1
63 99 1
63 105 1
63 136 1
63 299 1
63 378 1
63 526 1
63 999 1
64 76 1
64 158 1
64 215 1
64 237 1
64 240 1
64 276 1
64 543 1
64 721 1
64 863 1
64 1226 1
65 89 1
65 94 1
65 101 1
65 120 1
65 162 1
65 328 1
65 513 1
65 561 1
65 881 1
65 970 1
65 1323 1
65 1452 1
65 1599 1
65 1704 1
66 74 1
66 86 1
66 93 1
66 130 1
66 165 1
66 197 1
66 235 1
66 260 1
66 283 1
66 343 1
66 374 1
66 385 1
66 398 1
66 442 1
66 463 1
66 518 1
66 562 1
66 577 1
66 594 1
66 667 1
66 679 1
66 771 1
66 796 1
66 801 1
66 825 1
66 872 1
66 908 1
66 1019 1
66 1023 1
66 1057 1
66 1114 1
66 1117 1
66 1139 1
66 1218 1
66 1340 1
66 1389 1
66 1395 1
66 1420 1
66 1425 1
66 1459 1
66 1555 1
66 1602 1
66 1788 1
67 80 1
67 83 1
67 104 1
67 107 1
67 125 1
67 137 1
67 142 1
67 167 1
67 239 1
67 334 1
67 346 1
67 571 1
67 596 1
67 655 1
67 668 1
67 811 1
67 873 1
67 916 1
67 917 1
67 1017 1
67 1030 1
67 1050 1
67 1051 1
67 1052 1
67 1125 1
67 1190 1
67 1195 1
67 1515 1
67 1591 1
68 246 1
68 264 1
68 444 1
68 980 1
68 1013 1
68 1059 1
68 1347 1
68 1388 1
69 101 1
69 135 1
69 155 1
69 253 1
69 255 1
69 295 1
69 351 1
69 412 1
69 455 1
69 537 1
69 626 1
69 647 1
69 662 1
69 880 1
69 960 1
69 1015 1
69 1112 1
69 1128 1
69 1423 1
69 1858 1
69 1896 1
70 189 1
70 570 1
70 1160 1
70 1534 1
71 95 1
71 213 1
71 280 1
71 549 1
71 1092 1
71 1229 1
71 1434 1
71 1491 1
71 1847 1
72 103 1
72 108 1
72 111 1
72 130 1
72 146 1
72 261 1
72 331 1
72 424 1
72 558 1
72 656 1
72 663 1
72 673 1
72 815 1
72 829 1
72 974 1
72 1056 1
72 1126 1
72 1198 1
72 1244 1
72 1480 1
73 111 1
73 170 1
73 178 1
73 233 1
73 266 1
73 1233 1
73 1331 1
73 1473 1
73 1636 1
73 1694 1
73 1783 1
73 1791 1
73 1894 1
74 81 1
74 98 1
74 153 1
74 260 1
74 284 1
74 403 1
74 505 1
74 541 1
74 766 1
74 840 1
74 867 1
74 905 1
74 921 1
74 1020 1
74 1149 1
74 1368 1
74 1561 1
74 1596 1
74 1607 1
74 1806 1
75 121 1
75 262 1
75 273 1
75 366 1
75 500 1
75 507 1
75 523 1
75 604 1
75 698 1
75 776 1
75 859 1
75 1207 1
76 242 1
76 538 1
76 653 1
76 816 1
76 852 1
76 932 1
76 1039 1
76 1320 1
76 1434 1
76 1447 1
77 85 1
77 92 1
77 214 1
77 314 1
77 323 1
77 334 1
77 422 1
77 574 1
77 594 1
77 617 1
77 675 1
77 760 1
77 944 1
77 957 1
77 1094 1
77 1261 1
77 1334 1
77 1446 1
77 1586 1
77 1607 1
78 184 1
78 742 1
78 1024 1
78 1183 1
78 1304 1
78 1497 1
79 88 1
79 114 1
79 151 1
79 168 1
79 402 1
79 499 1
79 538 1
79 665 1
79 677 1
79 718 1
79 728 1
79 798 1
79 1346 1
79 1481 1
79 1579 1
79 1774 1
79 1855 1
80 112 1
80 117 1
80 192 1
80 235 1
80 429 1
80 601 1
80 948 1
80 1100 1
80 1410 1
81 155 1
81 182 1
81 219 1
81 289 1
81 376 1
81 484 1
81 496 1
81 667 1
81 997 1
81 1247 1
81 1445 1
81 1612 1
81 1666 1
81 1840 1
81 1880 1
82 90 1
82 138 1
82 139 1
82 169 1
82 191 1
82 283 1
82 299 1
82 311 1
82 418 1
82 423 1
82 450 1
82 464 1
82 469 1
82 478 1
82 485 1
82 490 1
82 591 1
82 696 1
82 700 1
82 755 1
82 757 1
82 771 1
82 776 1
82 880 1
82 884 1
82 889 1
82 901 1
82 938 1
82 970 1
82 1088 1
82 1142 1
82 1159 1
82 1216 1
82 1225 1
82 1369 1
82 1375 1
82 1730 1
82 1844 1
83 84 1
83 128 1
83 222 1
83 896 1
83 1489 1
83 1757 1
84 246 1
84 372 1
84 440 1
84 497 1
84 582 1
84 643 1
84 653 1
84 705 1
84 722 1
84 746 1
84 771 1
84 818 1
84 978 1
84 1122 1
84 1127 1
84 1200 1
84 1397 1
85 214 1
85 475 1
85 702 1
86 206 1
86 277 1
86 286 1
86 392 1
86 747 1
86 1086 1
86 1281 1
86 1550 1
87 137 1
87 153 1
87 163 1
87 196 1
87 208 1
87 332 1
87 420 1
87 569 1
87 589 1
87 772 1
87 821 1
87 838 1
87 985 1
87 1007 1
87 1353 1
87 1600 1
87 1808 1
87 1840 1
88 107 1
88 108 1
88 173 1
88 231 1
88 275 1
88 463 1
88 476 1
88 500 1
88 517 1
88 1317 1
88 1515 1
89 98 1
89 101 1
89 119 1
89 141 1
89 154 1
89 242 1
89 250 1
89 257 1
89 263 1
89 298 1
89 329 1
89 332 1
89 380 1
89 408 1
89 447 1
89 461 1
89 520 1
89 641 1
89 758 1
89 1055 1
89 1326 1
89 1420 1
89 1556 1
89 1705 1
89 1707 1
89 1790 1
89 1895 1
90 95 1
90 125 1
90 181 1
90 204 1
90 241 1
90 278 1
90 357 1
90 423 1
90 473 1
90 503 1
90 601 1
90 628 1
90 699 1
90 704 1
90 728 1
90 748 1
90 977 1
90 1015 1
90 1053 1
90 1120 1
90 1157 1
90 1329 1
90 1413 1
90 1831 1
90 1833 1
91 142 1
91 190 1
91 203 1
91 215 1
91 282 1
91 322 1
91 328 1
91 384 1
91 392 1
91 406 1
91 448 1
91 538 1
91 548 1
91 706 1
91 764 1
91 792 1
91 846 1
91 871 1
91 930 1
91 1013 1
92 438 1
92 574 1
92 617 1
92 810 1
92 914 1
92 1741 1
92 1861 1
93 131 1
93 212 1
93 248 1
93 317 1
93 374 1
93 377 1
93 433 1
93 625 1
93 1209 1
93 1341 1
93 1852 1
94 98 1
94 117 1
94 279 1
94 290 1
94 303 1
94 1199 1
94 1276 1
94 1312 1
94 1320 1
94 1631 1
94 1727 1
94 1788 1
95 96 1
95 158 1
95 179 1
95 200 1
95 243 1
95 254 1
95 255 1
95 292 1
95 391 1
95 413 1
95 425 1
95 454 1
95 498 1
95 510 1
95 521 1
95 533 1
95 541 1
95 564 1
95 636 1
95 733 1
95 761 1
95 810 1
95 936 1
95 1041 1
95 1095 1
95 1112 1
95 1173 1
95 1250 1
95 1259 1
95 1268 1
95 1276 1
95 1410 1
95 1481 1
95 1517 1
95 1691 1
95 1800 1
95 1853 1
96 110 1
96 115 1
96 183 1
96 365 1
96 383 1
96 423 1
96 583 1
96 719 1
96 833 1
96 864 1
96 954 1
96 1184 1
96 1252 1
96 1696 1
96 1879 1
97 160 1
97 267 1
97 340 1
97 351 1
97 358 1
97 447 1
97 488 1
97 521 1
97 677 1
97 812 1
97 831 1
97 1054 1
97 1221 1
97 1254 1
97 1328 1
97 1742 1
97 1806 1
98 256 1
98 287 1
98 441 1
98 1360 1
99 208 1
99 884 1
99 1134 1
99 1466 1
100 194 1
100 233 1
100 276 1
100 304 1
100 407 1
100 565 1
100 569 1
100 576 1
100 669 1
100 1395 1
100 1450 1
101 104 1
101 124 1
101 147 1
101 152 1
101 161 1
101 168 1
101 222 1
101 253 1
101 255 1
101 282 1
101 285 1
101 287 1
101 378 1
101 392 1
101 432 1
101 540 1
101 551 1
101 554 1
101 607 1
101 669 1
101 672 1
101 725 1
101 798 1
101 800 1
101 816 1
101 869 1
101 910 1
101 954 1
101 986 1
101 993 1
101 1033 1
101 1166 1
101 1226 1
101 1236 1
101 1321 1
101 1372 1
101 1380 1
101 1398 1
101 1477 1
101 1498 1
102 177 1
102 195 1
102 217 1
102 438 1
102 482 1
102 516 1
102 770 1
102 774 1
103 239 1
103 241 1
103 426 1
103 443 1
103 446 1
103 475 1
103 542 1
103 547 1
103 588 1
103 649 1
103 717 1
103 725 1
103 789 1
103 861 1
103 899 1
103 953 1
103 1266 1
103 1473 1
103 1507 1
103 1550 1
104 129 1
104 152 1
104 185 1
104 188 1
104 209 1
104 219 1
104 227 1
104 245 1
104 282 1
104 344 1
104 362 1
104 418 1
104 480 1
104 514 1
104 598 1
104 603 1
104 877 1
104 923 1
104 933 1
104 987 1
104 1051 1
104 1138 1
104 1194 1
104 1249 1
104 1438 1
104 1475 1
104 1496 1
104 1584 1
104 1697 1
105 172 1
105 181 1
105 228 1
105 304 1
105 431 1
105 460 1
105 750 1
105 1000 1
105 1013 1
105 1314 1
105 1324 1
105 1336 1
105 1542 1
106 135 1
106 196 1
106 198 1
106 243 1
106 356 1
106 513 1
106 725 1
106 920 1
106 1056 1
106 1210 1
106 1456 1
107 258 1
107 323 1
107 446 1
107 680 1
107 774 1
107 921 1
108 116 1
108 120 1
108 136 1
108 147 1
108 148 1
108 149 1
108 216 1
108 234 1
108 317 1
108 364 1
108 379 1
108 424 1
108 428 1
108 515 1
108 553 1
108 567 1
108 610 1
108 617 1
108 732 1
108 771 1
108 801 1
108 996 1
108 1002 1
108 1060 1
108 1076 1
108 1099 1
108 1336 1
108 1396 1
108 1563 1
108 1649 1
108 1715 1
108 1872 1
108 1895 1
109 582 1
109 1274 1
109 1440 1
109 1894 1
110 145 1
110 354 1
110 530 1
110 569 1
110 923 1
110 936 1
110 1025 1
110 1710 1
110 1752 1
110 1803 1
110 1820 1
110 1837 1
111 163 1
111 420 1
111 607 1
111 1176 1
111 1178 1
111 1288 1
111 1512 1
112 178 1
112 293 1
112 329 1
112 384 1
112 1212 1
112 1528 1
112 1781 1
113 190 1
113 223 1
113 239 1
113 268 1
113 302 1
113 393 1
113 697 1
113 703 1
113 790 1
113 840 1
113 871 1
113 1149 1
113 1213 1
113 1251 1
113 1300 1
113 1448 1
113 1571 1
113 1594 1
114 132 1
114 133 1
114 246 1
114 273 1
114 325 1
114 350 1
114 491 1
114 527 1
114 655 1
114 873 1
114 881 1
114 1009 1
114 1246 1
114 1708 1
115 223 1
115 324 1
115 360 1
115 365 1
115 508 1
115 525 1
115 633 1
115 664 1
115 714 1
115 768 1
115 830 1
115 843 1
115 855 1
115 923 1
115 1010 1
115 1186 1
115 1250 1
115 1258 1
115 1301 1
115 1376 1
115 1610 1
115 1808 1
115 1849 1
116 208 1
116 215 1
116 232 1
116 234 1
116 252 1
116 271 1
116 278 1
116 310 1
116 318 1
116 364 1
116 587 1
116 593 1
116 700 1
116 708 1
116 773 1
116 779 1
116 826 1
116 943 1
116 1021 1
116 1039 1
116 1100 1
116 1215 1
116 1290 1
116 1472 1
117 245 1
117 292 1
117 343 1
117 381 1
117 424 1
117 1258 1
117 1261 1
118 367 1
118 481 1
118 556 1
118 765 1
118 972 1
118 1014 1
118 1136 1
118 1255 1
118 1310 1
118 1456 1
118 1484 1
118 1511 1
118 1633 1
118 1652 1
118 1758 1
119 129 1
119 183 1
119 186 1
119 373 1
119 434 1
119 488 1
119 754 1
119 820 1
119 984 1
119 1543 1
120 204 1
120 325 1
120 364 1
120 598 1
120 1722 1
121 123 1
121 167 1
121 384 1
121 387 1
121 388 1
121 391 1
121 469 1
121 557 1
121 632 1
121 817 1
121 997 1
121 1629 1
121 1638 1
122 126 1
122 147 1
122 238 1
122 263 1
122 391 1
122 428 1
122 467 1
122 719 1
122 741 1
122 827 1
122 938 1
122 1142 1
122 1177 1
122 1388 1
122 1449 1
122 1478 1
122 1547 1
122 1608 1
122 1838 1
122 1884 1
123 159 1
123 298 1
123 374 1
123 457 1
123 751 1
123 757 1
123 783 1
123 784 1
123 806 1
123 836 1
123 889 1
123 926 1
123 937 1
123 965 1
123 1030 1
123 1111 1
123 1285 1
123 1560 1
123 1715 1
124 399 1
124 1011 1
124 1028 1
124 1113 1
124 1350 1
124 1794 1
125 140 1
125 179 1
125 226 1
125 353 1
125 532 1
125 587 1
125 670 1
125 689 1
125 801 1
125 1048 1
125 1479 1
125 1492 1
125 1569 1
126 220 1
126 495 1
126 1147 1
126 1548 1
127 156 1
127 162 1
127 231 1
127 233 1
127 275 1
127 293 1
127 380 1
127 395 1
127 726 1
127 1055 1
127 1125 1
127 1181 1
127 1236 1
127 1577 1
127 1695 1
127 1732 1
128 211 1
128 723 1
128 917 1
129 143 1
129 152 1
129 194 1
129 197 1
129 312 1
129 341 1
129 377 1
129 434 1
129 453 1
129 498 1
129 614 1
129 720 1
129 768 1
129 866 1
129 1079 1
129 1105 1
129 1321 1
129 1363 1
129 1450 1
129 1469 1
129 1531 1
129 1553 1
129 1559 1
129 1573 1
129 1862 1
130 136 1
130 166 1
130 351 1
130 465 1
130 477 1
130 522 1
130 559 1
130 867 1
130 943 1
130 996 1
130 1185 1
130 1397 1
130 1555 1
130 1573 1
130 1870 1
131 294 1
131 298 1
131 319 1
131 340 1
131 368 1
131 483 1
131 898 1
131 967 1
131 975 1
131 1517 1
131 1522 1
131 1780 1
131 1866 1
132 192 1
132 201 1
132 357 1
132 373 1
132 503 1
132 585 1
132 978 1
133 415 1
133 556 1
133 679 1
133 906 1
133 1089 1
133 1272 1
133 1778 1
134 172 1
134 174 1
134 190 1
134 211 1
134 339 1
134 476 1
134 510 1
134 760 1
134 845 1
134 934 1
134 1108 1
134 1609 1
134 1807 1
135 290 1
135 458 1
135 600 1
135 678 1
135 755 1
135 829 1
135 907 1
135 947 1
135 995 1
135 1216 1
135 1816 1
136 291 1
136 302 1
136 1108 1
136 1182 1
136 1279 1
136 1344 1
136 1393 1
136 1493 1
137 162 1
137 169 1
137 228 1
137 257 1
137 293 1
137 439 1
137 455 1
137 460 1
137 466 1
137 509 1
137 516 1
137 517 1
137 930 1
137 1046 1
137 1101 1
137 1171 1
137 1210 1
137 1354 1
137 1399 1
137 1574 1
137 1582 1
137 1633 1
137 1654 1
137 1869 1
137 1898 1
138 404 1
138 609 1
138 614 1
138 674 1
138 713 1
138 793 1
138 895 1
138 976 1
138 1299 1
138 1627 1
138 1676 1
138 1681 1
139 181 1
139 599 1
139 656 1
139 864 1
139 1029 1
139 1268 1
139 1804 1
139 1864 1
139 1880 1
140 176 1
140 254 1
140 310 1
140 324 1
140 389 1
140 800 1
140 990 1
140 1240 1
140 1286 1
140 1323 1
140 1776 1
141 243 1
141 286 1
141 621 1
141 683 1
141 1198 1
141 1845 1
142 1757 1
142 1871 1
143 525 1
143 686 1
144 191 1
144 249 1
144 486 1
144 493 1
144 626 1
144 649 1
144 669 1
144 793 1
144 851 1
144 894 1
144 1061 1
144 1263 1
144 1290 1
144 1308 1
145 254 1
145 352 1
145 523 1
145 548 1
145 608 1
145 1128 1
145 1570 1
145 1622 1
145 1729 1
146 150 1
146 164 1
146 189 1
146 191 1
146 658 1
146 676 1
146 903 1
146 1281 1
146 1568 1
146 1685 1
147 188 1
147 570 1
147 719 1
147 747 1
147 935 1
147 1175 1
147 1280 1
147 1384 1
147 1612 1
147 1803 1
148 230 1
148 323 1
148 379 1
148 573 1
148 611 1
148 677 1
148 815 1
148 883 1
148 1692 1
149 442 1
149 680 1
149 918 1
149 936 1
149 955 1
149 976 1
149 1104 1
149 1299 1
149 1589 1
150 177 1
150 197 1
150 363 1
150 372 1
150 447 1
150 482 1
150 545 1
150 554 1
150 743 1
150 988 1
150 1210 1
150 1552 1
151 1628 1
152 893 1
152 926 1
152 1204 1
152 1588 1
152 1801 1
153 389 1
154 259 1
154 1051 1
155 456 1
155 933 1
155 1748 1
156 206 1
156 213 1
156 240 1
156 247 1
156 300 1
156 405 1
156 414 1
156 599 1
156 925 1
156 942 1
156 1124 1
156 1202 1
156 1211 1
156 1228 1
156 1307 1
156 1518 1
156 1747 1
156 1787 1
156 1878 1
157 169 1
157 280 1
157 345 1
157 353 1
157 397 1
157 408 1
157 696 1
157 770 1
157 1037 1
157 1489 1
158 377 1
158 746 1
158 856 1
158 1818 1
159 171 1
159 301 1
159 411 1
159 459 1
159 654 1
159 689 1
159 887 1
159 1203 1
159 1249 1
159 1291 1
159 1409 1
159 1454 1
159 1489 1
159 1862 1
160 339 1
160 478 1
160 616 1
160 1223 1
160 1270 1
160 1401 1
160 1418 1
160 1875 1
161 221 1
161 297 1
161 308 1
161 360 1
161 379 1
161 520 1
161 576 1
161 582 1
161 726 1
161 897 1
161 1018 1
161 1136 1
161 1174 1
161 1270 1
161 1545 1
161 1660 1
161 1746 1
161 1833 1
162 509 1
162 1898 1
163 164 1
163 165 1
163 266 1
163 269 1
163 326 1
163 414 1
163 752 1
163 763 1
163 1248 1
163 1513 1
163 1661 1
163 1833 1
164 317 1
164 441 1
164 444 1
164 667 1
164 1726 1
164 1811 1
164 1860 1
165 611 1
165 1387 1
165 1420 1
165 1856 1
166 347 1
166 973 1
167 625 1
167 727 1
167 1214 1
167 1511 1
167 1673 1
168 189 1
168 277 1
168 692 1
168 864 1
168 1107 1
168 1593 1
169 437 1
169 654 1
169 1203 1
169 1252 1
170 319 1
170 560 1
170 715 1
170 1001 1
170 1104 1
170 1139 1
171 181 1
171 186 1
171 210 1
171 421 1
171 482 1
171 550 1
171 765 1
171 1085 1
171 1338 1
171 1537 1
171 1623 1
172 287 1
172 378 1
172 987 1
172 1523 1
172 1557 1
173 381 1
173 1417 1
174 331 1
174 1207 1
174 1375 1
175 270 1
175 331 1
175 411 1
175 448 1
175 544 1
175 734 1
175 809 1
175 911 1
175 1076 1
175 1491 1
176 281 1
176 456 1
176 572 1
176 620 1
176 685 1
176 720 1
176 738 1
176 760 1
176 1041 1
176 1083 1
176 1096 1
176 1302 1
176 1351 1
176 1597 1
176 1716 1
176 1840 1
177 292 1
177 460 1
177 1145 1
177 1194 1
177 1634 1
177 1821 1
178 336 1
178 393 1
178 412 1
178 430 1
178 466 1
178 471 1
178 630 1
178 730 1
178 790 1
178 880 1
178 1311 1
178 1464 1
178 1798 1
179 279 1
179 333 1
179 348 1
179 440 1
179 859 1
179 1111 1
179 1422 1
179 1848 1
180 201 1
180 322 1
180 642 1
180 712 1
180 882 1
180 902 1
180 1092 1
180 1301 1
180 1331 1
181 209 1
181 212 1
181 260 1
181 445 1
181 495 1
181 553 1
181 616 1
181 698 1
181 971 1
181 1002 1
181 1185 1
181 1197 1
181 1205 1
181 1560 1
181 1611 1
181 1715 1
182 288 1
182 289 1
182 367 1
182 427 1
182 741 1
182 743 1
182 784 1
182 837 1
182 981 1
182 1533 1
182 1535 1
182 1708 1
182 1872 1
183 278 1
183 432 1
183 721 1
183 735 1
183 1239 1
183 1438 1
183 1861 1
184 375 1
184 440 1
184 523 1
184 636 1
184 760 1
184 1140 1
184 1206 1
184 1738 1
185 285 1
185 563 1
185 664 1
185 802 1
185 1325 1
185 1418 1
185 1675 1
185 1692 1
186 293 1
186 328 1
186 595 1
186 689 1
186 707 1
186 714 1
186 866 1
186 1169 1
186 1231 1
186 1300 1
186 1307 1
186 1452 1
186 1492 1
186 1509 1
186 1546 1
186 1784 1
187 913 1
187 1260 1
187 1308 1
188 307 1
188 357 1
188 390 1
188 427 1
188 473 1
188 807 1
188 837 1
188 874 1
188 1022 1
188 1024 1
188 1104 1
189 234 1
189 240 1
189 265 1
189 274 1
189 306 1
189 326 1
189 332 1
189 528 1
189 617 1
189 621 1
189 1271 1
189 1325 1
189 1578 1
189 1817 1
189 1889 1
190 247 1
190 402 1
190 418 1
190 1132 1
190 1377 1
190 1538 1
190 1899 1
191 342 1
191 352 1
191 413 1
191 418 1
191 568 1
191 662 1
191 744 1
191 850 1
191 880 1
191 1026 1
191 1066 1
191 1463 1
191 1520 1
191 1698 1
191 1730 1
192 267 1
192 503 1
192 925 1
192 997 1
192 1407 1
193 218 1
193 236 1
193 258 1
193 266 1
193 416 1
193 452 1
193 526 1
193 963 1
193 1160 1
193 1200 1
193 1295 1
193 1754 1
193 1798 1
194 201 1
194 236 1
194 256 1
194 312 1
194 341 1
194 383 1
194 563 1
194 1449 1
194 1841 1
195 926 1
195 1087 1
195 1422 1
195 1728 1
196 875 1
196 966 1
196 1551 1
197 278 1
197 600 1
197 654 1
197 744 1
197 757 1
197 960 1
197 1451 1
197 1661 1
197 1764 1
198 199 1
198 296 1
198 952 1
198 1254 1
198 1535 1
198 1624 1
199 246 1
199 262 1
199 363 1
199 380 1
199 644 1
199 963 1
199 1138 1
199 1154 1
199 1370 1
199 1540 1
199 1661 1
199 1726 1
200 685 1
200 833 1
200 1150 1
200 1337 1
200 1484 1
201 226 1
201 286 1
201 431 1
201 657 1
201 1211 1
201 1331 1
201 1431 1
201 1483 1
202 368 1
202 1077 1
202 1441 1
203 230 1
203 417 1
203 550 1
203 666 1
203 711 1
203 740 1
203 756 1
203 799 1
203 1018 1
203 1058 1
203 1334 1
203 1390 1
203 1890 1
204 247 1
204 271 1
204 377 1
204 394 1
204 450 1
204 466 1
204 519 1
204 530 1
204 609 1
204 704 1
204 723 1
204 761 1
204 807 1
204 879 1
204 905 1
204 919 1
204 961 1
204 1135 1
204 1304 1
204 1589 1
204 1590 1
205 218 1
205 717 1
205 723 1
205 734 1
205 963 1
205 1357 1
205 1838 1
206 1349 1
207 211 1
207 217 1
207 268 1
207 410 1
207 1734 1
208 274 1
208 1244 1
209 390 1
209 442 1
209 655 1
209 660 1
209 763 1
209 854 1
209 1191 1
209 1494 1
210 557 1
210 666 1
210 710 1
210 720 1
210 823 1
210 1373 1
210 1412 1
210 1536 1
210 1688 1
210 1766 1
211 671 1
211 792 1
211 839 1
211 1330 1
211 1743 1
212 242 1
212 253 1
212 257 1
212 429 1
212 464 1
212 498 1
212 683 1
212 817 1
212 1159 1
212 1697 1
212 1735 1
213 251 1
213 354 1
213 405 1
213 462 1
213 637 1
213 764 1
213 822 1
213 910 1
213 1063 1
213 1133 1
213 1155 1
213 1312 1
213 1620 1
213 1888 1
213 1899 1
214 318 1
214 356 1
214 386 1
214 427 1
214 1246 1
214 1345 1
214 1698 1
215 237 1
215 307 1
215 359 1
215 1060 1
215 1294 1
215 1524 1
215 1769 1
216 259 1
216 334 1
216 729 1
216 788 1
216 1497 1
217 291 1
217 400 1
217 484 1
217 506 1
217 570 1
217 665 1
217 1399 1
217 1461 1
217 1495 1
217 1892 1
218 238 1
218 461 1
218 515 1
218 527 1
218 669 1
218 710 1
218 753 1
218 767 1
218 890 1
218 983 1
218 1247 1
218 1313 1
219 267 1
219 288 1
219 426 1
219 505 1
219 693 1
219 846 1
219 847 1
219 872 1
219 1012 1
219 1042 1
219 1044 1
219 1350 1
219 1862 1
220 443 1
220 558 1
220 615 1
220 1066 1
220 1121 1
220 1191 1
220 1465 1
220 1491 1
221 265 1
221 326 1
221 481 1
221 560 1
221 679 1
221 783 1
221 1007 1
221 1054 1
221 1221 1
221 1643 1
221 1830 1
222 573 1
222 1846 1
222 1886 1
223 269 1
223 481 1
223 556 1
223 758 1
223 1048 1
223 1156 1
223 1298 1
223 1725 1
224 578 1
224 816 1
224 854 1
224 1440 1
225 339 1
225 376 1
225 497 1
225 839 1
225 945 1
225 1301 1
225 1354 1
225 1427 1
225 1430 1
226 292 1
226 362 1
226 737 1
226 1141 1
226 1327 1
226 1392 1
226 1773 1
227 251 1
227 272 1
227 274 1
227 280 1
227 320 1
227 571 1
227 749 1
227 803 1
227 1124 1
227 1722 1
228 511 1
228 702 1
228 717 1
228 1058 1
228 1171 1
228 1530 1
228 1541 1
229 300 1
229 886 1
229 1477 1
230 711 1
230 1183 1
230 1585 1
231 242 1
231 348 1
231 353 1
231 366 1
231 401 1
232 296 1
232 333 1
232 877 1
232 1777 1
233 407 1
233 699 1
233 965 1
233 982 1
233 1105 1
233 1154 1
233 1395 1
233 1839 1
233 1884 1
234 457 1
234 522 1
234 563 1
234 863 1
234 974 1
234 1190 1
234 1572 1
234 1577 1
234 1837 1
235 240 1
235 297 1
235 433 1
235 546 1
235 594 1
235 699 1
235 787 1
235 1102 1
235 1110 1
235 1149 1
235 1189 1
235 1256 1
235 1417 1
235 1510 1
235 1775 1
235 1849 1
236 1031 1
236 1359 1
236 1574 1
237 272 1
237 382 1
237 703 1
237 1319 1
237 1683 1
237 1744 1
238 360 1
238 472 1
238 515 1
238 686 1
238 1288 1
238 1714 1
239 309 1
239 315 1
239 316 1
239 350 1
239 357 1
239 412 1
239 524 1
239 547 1
239 650 1
239 681 1
239 790 1
239 852 1
239 969 1
239 978 1
239 994 1
239 1000 1
239 1146 1
239 1381 1
239 1442 1
239 1457 1
239 1634 1
239 1785 1
240 244 1
240 250 1
240 294 1
240 388 1
240 612 1
240 701 1
240 942 1
240 1264 1
241 410 1
241 616 1
241 746 1
241 828 1
241 904 1
241 920 1
241 1209 1
241 1426 1
241 1624 1
242 1696 1
243 935 1
243 1517 1
244 438 1
244 656 1
244 909 1
244 1219 1
244 1490 1
245 347 1
245 449 1
245 855 1
245 1073 1
245 1829 1
245 1839 1
246 344 1
246 422 1
246 444 1
246 537 1
246 559 1
246 796 1
246 819 1
246 1022 1
246 1333 1
246 1629 1
246 1739 1
247 330 1
247 335 1
247 797 1
247 862 1
247 1274 1
247 1640 1
247 1864 1
248 329 1
248 348 1
248 477 1
248 485 1
248 697 1
248 781 1
248 849 1
248 1057 1
248 1096 1
248 1166 1
249 313 1
249 333 1
249 370 1
249 613 1
249 822 1
249 1187 1
249 1240 1
249 1446 1
249 1666 1
249 1691 1
249 1748 1
250 395 1
251 345 1
251 484 1
251 619 1
252 258 1
252 298 1
252 365 1
252 399 1
252 979 1
252 1501 1
252 1748 1
253 1518 1
253 1596 1
254 355 1
255 1792 1
256 412 1
256 727 1
256 1039 1
256 1090 1
256 1141 1
256 1217 1
256 1761 1
256 1796 1
257 270 1
257 335 1
257 529 1
257 824 1
257 826 1
257 1364 1
257 1414 1
257 1506 1
258 321 1
258 398 1
258 456 1
258 706 1
258 784 1
258 1063 1
259 344 1
259 1118 1
259 1172 1
260 387 1
260 500 1
260 921 1
261 262 1
261 398 1
261 437 1
261 489 1
261 515 1
261 636 1
261 663 1
261 750 1
261 762 1
261 815 1
261 853 1
261 1007 1
261 1380 1
261 1786 1
261 1816 1
262 316 1
262 854 1
262 1380 1
262 1599 1
263 284 1
263 296 1
263 363 1
263 705 1
263 845 1
263 1352 1
263 1699 1
263 1754 1
264 1354 1
264 1743 1
265 999 1
265 1818 1
266 392 1
266 492 1
267 647 1
267 732 1
267 1183 1
268 336 1
268 396 1
268 492 1
268 494 1
268 530 1
268 604 1
268 824 1
268 883 1
268 1257 1
268 1401 1
268 1587 1
268 1869 1
268 1881 1
269 710 1
269 740 1
269 1117 1
270 273 1
270 489 1
270 1047 1
270 1206 1
270 1562 1
270 1564 1
270 1795 1
271 713 1
271 753 1
271 786 1
271 861 1
271 885 1
271 1271 1
271 1372 1
272 686 1
272 1248 1
273 360 1
273 476 1
273 489 1
273 906 1
273 1036 1
273 1520 1
273 1723 1
274 492 1
275 301 1
275 452 1
275 571 1
275 602 1
275 785 1
275 967 1
275 1381 1
275 1547 1
275 1853 1
276 345 1
276 437 1
276 486 1
276 861 1
276 1458 1
276 1545 1
276 1765 1
277 606 1
277 630 1
277 967 1
277 1644 1
278 295 1
278 332 1
278 335 1
278 436 1
278 491 1
278 587 1
278 695 1
278 830 1
278 1462 1
278 1850 1
279 578 1
279 672 1
279 1467 1
280 821 1
280 827 1
280 1485 1
280 1686 1
281 369 1
281 372 1
281 436 1
281 516 1
281 531 1
281 569 1
281 572 1
281 596 1
281 606 1
281 634 1
281 647 1
281 652 1
281 713 1
281 786 1
281 900 1
281 939 1
281 951 1
281 988 1
281 992 1
281 1004 1
281 1018 1
281 1060 1
281 1142 1
281 1157 1
281 1339 1
281 1415 1
281 1460 1
281 1610 1
281 1660 1
281 1713 1
282 369 1
282 641 1
283 382 1
283 478 1
283 706 1
283 837 1
283 995 1
283 1266 1
283 1337 1
283 1425 1
283 1699 1
284 358 1
284 828 1
284 1401 1
285 371 1
285 433 1
285 474 1
285 1110 1
285 1461 1
285 1814 1
286 353 1
287 463 1
287 555 1
287 691 1
287 786 1
287 1618 1
287 1719 1
288 328 1
288 540 1
288 628 1
288 808 1
288 1184 1
288 1445 1
288 1603 1
289 336 1
289 1544 1
290 400 1
290 767 1
290 1162 1
290 1314 1
291 818 1
291 900 1
291 1663 1
292 800 1
292 909 1
292 1378 1
293 1213 1
293 1217 1
293 1349 1
294 321 1
294 345 1
294 354 1
294 395 1
294 450 1
294 712 1
294 919 1
294 946 1
294 1065 1
294 1087 1
294 1187 1
294 1366 1
294 1500 1
294 1504 1
294 1592 1
294 1732 1
295 469 1
295 487 1
295 494 1
295 541 1
295 799 1
295 929 1
295 1612 1
295 1716 1
296 404 1
296 640 1
296 1064 1
296 1795 1
296 1835 1
297 340 1
297 781 1
297 1619 1
298 330 1
298 348 1
298 367 1
298 733 1
298 1309 1
298 1466 1
298 1517 1
298 1743 1
299 507 1
299 545 1
300 350 1
300 623 1
300 678 1
300 1382 1
301 1045 1
301 1562 1
301 1608 1
302 317 1
302 430 1
302 743 1
302 1177 1
302 1556 1
302 1613 1
302 1718 1
303 1012 1
303 1072 1
303 1139 1
303 1488 1
303 1499 1
304 311 1
304 731 1
304 970 1
305 319 1
305 368 1
305 762 1
305 844 1
305 891 1
305 1071 1
305 1089 1
305 1196 1
305 1396 1
305 1439 1
305 1638 1
305 1897 1
306 958 1
306 1745 1
307 971 1
308 589 1
308 1378 1
309 330 1
309 450 1
309 638 1
309 1476 1
309 1701 1
310 361 1
310 1703 1
310 1754 1
311 747 1
311 890 1
311 1300 1
312 355 1
312 396 1
312 421 1
312 832 1
312 868 1
312 892 1
312 1173 1
312 1242 1
312 1575 1
312 1836 1
313 414 1
313 575 1
313 651 1
313 791 1
313 844 1
313 979 1
313 1631 1
313 1896 1
314 315 1
314 635 1
314 914 1
314 932 1
314 994 1
314 1094 1
314 1274 1
314 1495 1
315 994 1
315 1358 1
316 451 1
316 519 1
316 532 1
316 691 1
316 1087 1
316 1327 1
316 1799 1
317 379 1
317 580 1
317 750 1
317 808 1
317 1023 1
317 1371 1
317 1500 1
317 1542 1
317 1655 1
317 1720 1
318 1797 1
318 1800 1
319 611 1
319 779 1
319 914 1
319 1005 1
319 1676 1
319 1888 1
320 549 1
320 1043 1
320 1138 1
320 1161 1
320 1453 1
320 1599 1
321 1892 1
322 327 1
322 339 1
322 382 1
322 471 1
322 576 1
322 630 1
322 682 1
322 809 1
322 929 1
322 1114 1
322 1694 1
323 811 1
323 840 1
324 1192 1
325 349 1
325 473 1
325 731 1
325 1386 1
325 1405 1
326 344 1
326 354 1
326 414 1
326 458 1
326 673 1
326 678 1
326 872 1
326 1021 1
326 1330 1
326 1425 1
326 1714 1
327 458 1
327 990 1
328 656 1
328 664 1
328 1188 1
328 1307 1
329 439 1
329 667 1
329 1416 1
329 1541 1
330 642 1
330 1055 1
330 1167 1
330 1396 1
331 707 1
331 836 1
331 1376 1
332 560 1
332 681 1
332 1546 1
332 1723 1
333 648 1
333 1486 1
334 1533 1
335 649 1
336 394 1
336 499 1
336 1062 1
336 1419 1
336 1503 1
336 1793 1
337 534 1
337 593 1
337 876 1
337 1188 1
337 1277 1
337 1706 1
338 361 1
338 433 1
338 674 1
338 1413 1
339 388 1
339 834 1
339 1885 1
340 342 1
340 349 1
340 368 1
340 398 1
340 477 1
340 521 1
340 716 1
340 755 1
340 1110 1
340 1409 1
340 1751 1
340 1752 1
341 453 1
341 763 1
341 1143 1
341 1260 1
342 646 1
342 728 1
342 813 1
342 941 1
342 952 1
342 984 1
342 1170 1
342 1662 1
342 1788 1
342 1813 1
343 676 1
343 1690 1
344 508 1
344 660 1
344 885 1
344 1061 1
344 1333 1
344 1638 1
345 1068 1
346 612 1
346 930 1
346 1675 1
346 1814 1
347 401 1
347 535 1
347 1292 1
347 1883 1
348 752 1
348 1418 1
348 1749 1
349 588 1
349 622 1
349 650 1
349 1141 1
349 1439 1
349 1448 1
349 1486 1
350 1069 1
351 453 1
351 513 1
351 1094 1
351 1257 1
351 1432 1
352 506 1
352 542 1
352 608 1
352 1615 1
353 535 1
353 567 1
353 707 1
353 865 1
353 1678 1
353 1695 1
354 506 1
354 1123 1
354 1144 1
354 1820 1
355 385 1
355 451 1
355 464 1
355 602 1
355 761 1
355 834 1
355 961 1
355 1283 1
355 1443 1
355 1572 1
356 467 1
356 470 1
357 524 1
357 684 1
357 878 1
357 911 1
357 938 1
357 941 1
358 459 1
358 506 1
358 819 1
358 1049 1
358 1087 1
358 1114 1
358 1377 1
358 1520 1
359 631 1
359 1500 1
359 1524 1
359 1756 1
360 1650 1
360 1821 1
361 468 1
361 681 1
361 734 1
361 870 1
361 945 1
361 1248 1
361 1894 1
363 393 1
363 816 1
363 998 1
363 1296 1
363 1693 1
364 850 1
364 1144 1
364 1741 1
364 1803 1
364 1858 1
365 1146 1
367 370 1
367 658 1
367 1201 1
367 1232 1
367 1642 1
367 1775 1
368 396 1
368 401 1
368 415 1
368 791 1
368 879 1
368 955 1
368 987 1
368 1634 1
368 1769 1
369 460 1
369 507 1
369 531 1
369 629 1
369 646 1
369 652 1
369 789 1
369 851 1
369 856 1
369 863 1
369 1069 1
369 1337 1
369 1362 1
369 1364 1
369 1609 1
369 1619 1
369 1716 1
370 1008 1
370 1010 1
370 1068 1
370 1110 1
370 1652 1
370 1851 1
371 608 1
371 1355 1
371 1744 1
371 1851 1
372 830 1
372 1259 1
372 1384 1
372 1424 1
373 435 1
373 507 1
373 770 1
373 1807 1
374 735 1
374 852 1
374 946 1
374 962 1
374 1804 1
375 483 1
375 795 1
375 825 1
375 1073 1
375 1200 1
375 1238 1
375 1501 1
375 1826 1
376 772 1
376 927 1
376 1793 1
377 470 1
377 490 1
377 606 1
377 714 1
377 894 1
377 1113 1
377 1367 1
377 1551 1
377 1648 1
377 1827 1
378 511 1
378 833 1
378 869 1
378 958 1
378 1049 1
378 1670 1
378 1855 1
379 613 1
379 624 1
379 815 1
379 1115 1
379 1405 1
380 395 1
382 991 1
382 1802 1
383 981 1
383 1721 1
383 1773 1
383 1892 1
384 614 1
384 693 1
384 858 1
384 893 1
384 1115 1
384 1194 1
385 579 1
385 590 1
385 601 1
385 612 1
385 683 1
385 777 1
385 818 1
385 834 1
385 885 1
385 892 1
385 1033 1
385 1120 1
385 1491 1
385 1751 1
385 1802 1
385 1808 1
385 1842 1
386 586 1
386 670 1
386 1088 1
386 1536 1
387 657 1
387 1172 1
387 1879 1
388 651 1
388 740 1
388 1062 1
388 1173 1
388 1370 1
388 1769 1
389 1068 1
389 1171 1
389 1475 1
390 501 1
390 1007 1
390 1458 1
390 1617 1
391 413 1
391 428 1
391 949 1
391 1606 1
392 645 1
392 703 1
392 739 1
392 892 1
392 1218 1
392 1700 1
392 1711 1
393 1464 1
393 1652 1
394 602 1
394 670 1
394 1140 1
394 1481 1
394 1639 1
395 662 1
395 1237 1
396 444 1
396 491 1
396 732 1
396 868 1
396 1125 1
396 1156 1
396 1232 1
396 1881 1
397 400 1
397 835 1
397 867 1
397 1006 1
397 1151 1
397 1179 1
397 1256 1
397 1522 1
397 1731 1
398 1636 1
398 1806 1
399 476 1
399 711 1
399 984 1
399 1483 1
399 1521 1
399 1780 1
400 420 1
400 536 1
400 930 1
400 989 1
400 1433 1
400 1619 1
400 1762 1
401 638 1
401 1026 1
401 1494 1
402 508 1
402 860 1
402 871 1
402 1151 1
402 1184 1
402 1869 1
402 1872 1
402 1899 1
403 483 1
403 1396 1
403 1834 1
404 514 1
404 988 1
404 1182 1
404 1318 1
404 1849 1
405 772 1
405 927 1
405 1028 1
405 1065 1
405 1268 1
405 1294 1
405 1391 1
406 1011 1
406 1815 1
406 1838 1
408 865 1
408 1397 1
409 436 1
409 454 1
409 570 1
409 622 1
409 688 1
409 813 1
409 876 1
409 1212 1
410 519 1
410 764 1
410 1099 1
410 1163 1
410 1555 1
410 1611 1
412 529 1
413 474 1
413 947 1
413 1032 1
413 1158 1
413 1225 1
413 1693 1
413 1839 1
414 472 1
414 474 1
414 525 1
414 534 1
414 599 1
414 765 1
414 981 1
414 1378 1
414 1429 1
414 1562 1
414 1635 1
416 425 1
416 743 1
416 1202 1
416 1379 1
416 1585 1
416 1637 1
416 1638 1
416 1702 1
416 1837 1
417 645 1
417 1047 1
417 1554 1
417 1834 1
418 581 1
418 808 1
418 812 1
418 1072 1
418 1403 1
418 1442 1
419 636 1
419 762 1
419 964 1
419 1046 1
419 1282 1
419 1577 1
420 447 1
420 530 1
420 557 1
420 759 1
420 1031 1
420 1075 1
420 1288 1
421 482 1
421 496 1
421 663 1
421 811 1
421 874 1
421 1300 1
421 1865 1
423 971 1
424 438 1
424 736 1
424 1258 1
424 1338 1
425 504 1
425 745 1
425 849 1
425 910 1
425 911 1
425 1016 1
426 446 1
426 457 1
426 592 1
426 1299 1
426 1405 1
427 1284 1
427 1570 1
428 564 1
428 785 1
428 922 1
428 1740 1
429 1306 1
430 449 1
430 561 1
430 579 1
430 790 1
430 1435 1
430 1706 1
431 860 1
431 998 1
431 1227 1
432 561 1
432 1275 1
432 1798 1
433 953 1
433 1407 1
433 1763 1
434 488 1
434 595 1
434 597 1
434 806 1
434 844 1
434 1122 1
434 1295 1
434 1310 1
434 1416 1
434 1515 1
434 1551 1
434 1618 1
435 1287 1
435 1364 1
436 1340 1
437 480 1
437 565 1
437 1199 1
437 1215 1
437 1317 1
437 1467 1
437 1596 1
437 1718 1
437 1790 1
438 609 1
438 857 1
438 929 1
438 1359 1
438 1559 1
439 1567 1
439 1664 1
440 499 1
440 697 1
440 1019 1
440 1025 1
440 1069 1
440 1271 1
440 1428 1
440 1525 1
441 553 1
441 586 1
441 671 1
441 756 1
441 1237 1
443 446 1
443 502 1
443 618 1
443 736 1
443 844 1
443 1233 1
443 1241 1
443 1494 1
443 1681 1
444 520 1
444 539 1
444 701 1
444 1169 1
444 1789 1
444 1811 1
445 847 1
445 1484 1
445 1632 1
447 612 1
447 745 1
447 890 1
447 1035 1
447 1158 1
447 1196 1
447 1406 1
448 485 1
448 804 1
448 1089 1
448 1100 1
448 1599 1
448 1875 1
449 1065 1
449 1245 1
449 1847 1
450 644 1
450 968 1
451 532 1
451 661 1
451 695 1
451 907 1
451 1731 1
452 622 1
452 936 1
452 1217 1
453 522 1
453 704 1
453 1143 1
453 1151 1
453 1260 1
453 1473 1
453 1508 1
454 501 1
454 553 1
454 666 1
454 674 1
454 795 1
454 951 1
454 964 1
454 1310 1
454 1536 1
454 1562 1
454 1624 1
454 1802 1
455 635 1
455 724 1
455 753 1
455 952 1
455 1544 1
455 1760 1
456 893 1
456 978 1
456 1699 1
457 522 1
457 805 1
457 1461 1
458 1330 1
459 529 1
459 692 1
459 742 1
459 796 1
459 986 1
459 1008 1
459 1216 1
459 1485 1
459 1650 1
459 1742 1
459 1759 1
459 1793 1
460 1129 1
460 1499 1
461 571 1
461 733 1
461 748 1
461 963 1
461 1173 1
461 1234 1
462 843 1
462 1243 1
462 1284 1
462 1287 1
462 1424 1
462 1670 1
463 1665 1
464 547 1
464 574 1
465 594 1
465 865 1
465 1014 1
465 1160 1
466 705 1
466 1135 1
466 1201 1
466 1768 1
467 658 1
467 853 1
467 895 1
467 1584 1
467 1845 1
469 487 1
469 1307 1
469 1343 1
469 1503 1
470 471 1
470 794 1
470 1015 1
471 524 1
471 534 1
471 558 1
471 562 1
471 601 1
471 642 1
471 670 1
471 715 1
471 874 1
471 1315 1
471 1515 1
472 475 1
472 1001 1
474 671 1
474 738 1
475 529 1
475 627 1
475 676 1
475 1786 1
476 603 1
476 712 1
476 745 1
476 1460 1
476 1680 1
477 961 1
477 986 1
477 1122 1
477 1900 1
478 769 1
478 1029 1
478 1188 1
478 1493 1
479 561 1
479 971 1
479 1613 1
480 659 1
480 1308 1
480 1738 1
481 613 1
481 1134 1
481 1630 1
482 516 1
482 663 1
482 700 1
482 1141 1
482 1185 1
482 1504 1
482 1527 1
482 1534 1
482 1874 1
483 629 1
484 1230 1
484 1448 1
485 523 1
486 610 1
486 633 1
486 1014 1
486 1075 1
486 1093 1
486 1133 1
486 1459 1
487 1044 1
487 1074 1
487 1410 1
488 584 1
488 1012 1
488 1066 1
488 1227 1
488 1414 1
488 1667 1
488 1679 1
489 864 1
489 1330 1
489 1450 1
489 1715 1
490 596 1
490 868 1
490 1036 1
491 711 1
491 1193 1
491 1199 1
491 1310 1
491 1334 1
491 1656 1
491 1708 1
492 662 1
492 1032 1
492 1137 1
492 1398 1
493 1118 1
493 1201 1
493 1762 1
494 620 1
494 1098 1
494 1201 1
494 1446 1
494 1866 1
495 633 1
495 857 1
495 1771 1
496 518 1
496 1034 1
496 1233 1
496 1439 1
497 502 1
497 586 1
497 894 1
497 976 1
497 1618 1
497 1655 1
497 1662 1
497 1698 1
497 1744 1
498 736 1
498 1434 1
498 1625 1
498 1827 1
499 639 1
499 730 1
499 732 1
499 776 1
499 1167 1
501 575 1
501 777 1
501 1151 1
501 1707 1
502 505 1
502 527 1
502 741 1
502 1067 1
502 1103 1
502 1401 1
502 1447 1
503 627 1
503 692 1
503 1019 1
503 1036 1
503 1133 1
503 1637 1
504 1099 1
504 1621 1
504 1790 1
505 690 1
505 1006 1
506 690 1
506 722 1
506 944 1
506 1420 1
507 1009 1
507 1392 1
509 772 1
509 798 1
509 1072 1
509 1089 1
509 1091 1
509 1643 1
510 820 1
510 1807 1
511 518 1
511 782 1
511 1031 1
511 1243 1
511 1279 1
511 1506 1
511 1615 1
512 619 1
512 689 1
512 1324 1
512 1349 1
512 1490 1
512 1719 1
512 1723 1
512 1750 1
513 545 1
513 611 1
513 937 1
513 1016 1
513 1227 1
514 819 1
514 1849 1
515 724 1
515 1267 1
515 1897 1
516 583 1
516 1670 1
517 552 1
517 756 1
517 1740 1
518 528 1
518 536 1
518 613 1
518 757 1
518 814 1
518 833 1
518 1106 1
518 1707 1
518 1844 1
519 1589 1
520 867 1
520 1056 1
520 1144 1
521 684 1
521 959 1
521 1150 1
521 1779 1
522 782 1
522 883 1
522 972 1
522 1163 1
522 1293 1
522 1549 1
522 1558 1
522 1576 1
522 1900 1
523 1437 1
524 543 1
524 1625 1
525 566 1
525 1590 1
525 1820 1
526 892 1
526 913 1
526 1084 1
526 1240 1
527 1008 1
528 727 1
528 1363 1
528 1389 1
528 1785 1
528 1865 1
529 1064 1
529 1535 1
530 1016 1
530 1153 1
530 1177 1
530 1234 1
530 1727 1
530 1884 1
531 804 1
531 888 1
531 1312 1
531 1359 1
531 1403 1
531 1770 1
532 552 1
532 869 1
532 912 1
532 1198 1
532 1411 1
532 1440 1
533 709 1
533 1391 1
533 1683 1
533 1728 1
534 542 1
534 562 1
534 588 1
534 625 1
534 1052 1
534 1366 1
534 1635 1
535 1292 1
536 1602 1
537 577 1
537 1080 1
537 1745 1
538 705 1
538 802 1
538 954 1
538 972 1
538 1258 1
538 1369 1
538 1432 1
538 1535 1
539 1111 1
539 1239 1
539 1400 1
539 1412 1
539 1563 1
539 1582 1
540 543 1
540 551 1
540 599 1
540 640 1
540 641 1
540 708 1
540 742 1
540 1086 1
540 1172 1
540 1219 1
541 925 1
543 641 1
543 875 1
543 1368 1
544 894 1
544 1030 1
544 1130 1
544 1402 1
544 1480 1
544 1595 1
544 1863 1
545 1427 1
546 1333 1
546 1863 1
547 576 1
547 717 1
547 780 1
547 948 1
547 1079 1
547 1332 1
547 1381 1
548 654 1
548 704 1
548 922 1
548 1467 1
548 1622 1
548 1702 1
549 1538 1
550 660 1
550 1062 1
550 1328 1
550 1451 1
550 1495 1
551 708 1
551 1571 1
552 685 1
552 786 1
552 789 1
552 836 1
552 955 1
552 1268 1
552 1487 1
552 1604 1
552 1744 1
552 1766 1
553 993 1
554 596 1
554 643 1
554 716 1
554 817 1
554 819 1
554 827 1
554 842 1
554 975 1
554 1313 1
554 1343 1
554 1359 1
554 1482 1
554 1537 1
554 1566 1
554 1825 1
554 1863 1
555 603 1
555 957 1
555 1255 1
555 1776 1
556 729 1
556 1695 1
557 657 1
557 694 1
558 797 1
558 1091 1
558 1428 1
558 1755 1
559 1233 1
559 1372 1
559 1620 1
559 1697 1
559 1758 1
559 1876 1
561 619 1
561 910 1
562 573 1
562 593 1
562 767 1
562 1382 1
562 1564 1
563 956 1
565 1298 1
565 1772 1
566 1123 1
566 1480 1
566 1590 1
567 577 1
567 901 1
567 1085 1
568 1645 1
569 583 1
569 809 1
569 810 1
569 836 1
569 1176 1
569 1478 1
569 1579 1
569 1600 1
570 624 1
570 961 1
570 1043 1
570 1047 1
570 1120 1
570 1226 1
570 1421 1
570 1534 1
570 1603 1
571 584 1
571 873 1
571 1651 1
572 777 1
572 794 1
572 1097 1
572 1229 1
572 1358 1
572 1473 1
574 1045 1
574 1525 1
575 659 1
576 737 1
576 797 1
576 944 1
576 1000 1
576 1106 1
576 1537 1
577 677 1
577 902 1
577 1253 1
577 1819 1
577 1878 1
578 749 1
578 1071 1
578 1421 1
578 1455 1
578 1619 1
578 1663 1
579 1148 1
579 1745 1
581 638 1
581 847 1
581 1455 1
581 1476 1
581 1568 1
582 1264 1
583 631 1
583 1075 1
583 1709 1
584 1091 1
584 1347 1
584 1388 1
584 1763 1
585 1635 1
586 1313 1
586 1718 1
587 1235 1
587 1262 1
587 1479 1
587 1569 1
587 1602 1
587 1838 1
588 1026 1
588 1823 1
589 692 1
589 1060 1
589 1734 1
591 715 1
591 773 1
591 1119 1
591 1583 1
591 1891 1
592 620 1
592 626 1
593 606 1
593 774 1
593 820 1
593 920 1
593 987 1
593 991 1
593 992 1
593 1180 1
593 1687 1
594 632 1
594 865 1
594 1033 1
594 1195 1
594 1417 1
594 1750 1
594 1782 1
595 748 1
596 973 1
597 722 1
597 1080 1
597 1295 1
597 1437 1
597 1591 1
597 1666 1
597 1688 1
597 1696 1
597 1823 1
597 1868 1
598 1204 1
599 1092 1
600 917 1
602 779 1
602 1016 1
602 1487 1
602 1604 1
602 1854 1
603 1819 1
604 831 1
604 881 1
604 889 1
604 1095 1
604 1241 1
604 1259 1
604 1470 1
604 1587 1
604 1646 1
605 791 1
605 1387 1
606 774 1
607 695 1
607 1176 1
607 1836 1
608 850 1
609 848 1
609 863 1
609 908 1
609 1170 1
609 1559 1
609 1803 1
610 661 1
610 706 1
610 1302 1
610 1500 1
611 793 1
611 972 1
611 1101 1
611 1457 1
612 741 1
612 917 1
613 650 1
613 942 1
613 1518 1
613 1628 1
614 1008 1
614 1778 1
616 694 1
616 748 1
616 828 1
616 860 1
616 943 1
616 1064 1
616 1419 1
616 1435 1
616 1485 1
616 1630 1
617 1006 1
617 1028 1
617 1116 1
617 1172 1
617 1276 1
617 1394 1
617 1406 1
617 1632 1
617 1656 1
618 803 1
618 976 1
618 1149 1
618 1219 1
619 817 1
620 1073 1
620 1338 1
620 1797 1
621 766 1
621 893 1
621 1253 1
621 1263 1
621 1524 1
621 1678 1
621 1751 1
622 765 1
622 924 1
622 1482 1
623 1692 1
624 1098 1
624 1318 1
624 1471 1
625 1186 1
625 1211 1
625 1212 1
625 1900 1
626 1397 1
627 729 1
627 982 1
627 1093 1
627 1130 1
627 1166 1
627 1180 1
627 1595 1
627 1617 1
627 1885 1
628 693 1
628 703 1
628 823 1
628 990 1
628 1124 1
628 1567 1
628 1736 1
629 646 1
629 652 1
629 1186 1
629 1572 1
630 813 1
630 1695 1
631 664 1
631 698 1
631 1271 1
631 1315 1
631 1862 1
632 1066 1
632 1417 1
632 1782 1
633 639 1
633 661 1
633 665 1
633 737 1
633 797 1
633 805 1
633 842 1
633 1231 1
633 1254 1
633 1651 1
633 1762 1
634 859 1
634 1311 1
634 1528 1
634 1722 1
635 783 1
636 1170 1
636 1174 1
636 1392 1
636 1714 1
636 1883 1
637 810 1
637 1206 1
637 1890 1
638 739 1
638 857 1
638 1049 1
638 1660 1
638 1880 1
639 648 1
639 1516 1
639 1720 1
639 1800 1
640 789 1
640 849 1
640 879 1
640 1093 1
640 1275 1
641 1497 1
642 1131 1
643 916 1
643 1083 1
643 1357 1
643 1733 1
643 1778 1
644 1232 1
644 1630 1
644 1833 1
645 1729 1
646 1777 1
647 887 1
647 951 1
647 1793 1
647 1811 1
648 673 1
648 840 1
648 1303 1
649 1483 1
649 1660 1
650 668 1
650 898 1
650 916 1
650 998 1
650 1048 1
650 1278 1
650 1470 1
651 1047 1
652 687 1
652 716 1
652 940 1
652 1033 1
652 1266 1
652 1622 1
652 1647 1
652 1669 1
652 1732 1
652 1809 1
653 672 1
653 931 1
653 1127 1
653 1181 1
653 1289 1
653 1436 1
653 1482 1
654 1154 1
655 1293 1
655 1514 1
656 1105 1
657 1042 1
657 1236 1
658 1027 1
659 701 1
659 888 1
659 969 1
659 1052 1
659 1362 1
659 1446 1
659 1663 1
660 671 1
660 1737 1
661 1791 1
662 799 1
662 1639 1
663 899 1
663 1119 1
663 1737 1
664 843 1
665 848 1
666 829 1
666 1038 1
666 1539 1
666 1578 1
667 1673 1
668 702 1
668 1509 1
668 1539 1
668 1641 1
668 1676 1
669 827 1
670 718 1
670 1024 1
670 1035 1
670 1244 1
671 796 1
671 1061 1
671 1662 1
671 1729 1
672 1866 1
673 858 1
673 1496 1
674 909 1
674 1118 1
674 1255 1
674 1283 1
677 769 1
677 839 1
677 1125 1
677 1878 1
678 977 1
678 1824 1
679 1038 1
679 1315 1
680 735 1
680 1180 1
681 1023 1
682 695 1
682 1197 1
682 1214 1
682 1883 1
684 928 1
684 1415 1
685 1004 1
687 696 1
687 1724 1
688 1106 1
688 1195 1
688 1202 1
688 1263 1
688 1707 1
689 841 1
689 1117 1
689 1119 1
690 738 1
690 935 1
690 1753 1
691 694 1
691 1835 1
693 1017 1
693 1231 1
693 1326 1
693 1653 1
694 995 1
695 759 1
696 1069 1
697 762 1
697 853 1
697 1166 1
698 1238 1
699 737 1
699 907 1
699 968 1
699 1225 1
699 1742 1
700 780 1
700 1135 1
700 1222 1
700 1433 1
700 1547 1
700 1829 1
701 1478 1
703 932 1
704 1772 1
706 908 1
706 1248 1
707 870 1
707 1176 1
707 1332 1
708 734 1
708 758 1
708 1770 1
709 1391 1
710 826 1
710 1053 1
710 1115 1
710 1321 1
710 1632 1
711 857 1
712 791 1
712 1353 1
712 1616 1
713 835 1
713 861 1
713 1018 1
713 1257 1
713 1560 1
715 826 1
715 862 1
715 946 1
715 1215 1
715 1748 1
716 781 1
716 783 1
716 921 1
716 1251 1
716 1633 1
716 1755 1
717 902 1
718 1054 1
718 1642 1
719 845 1
720 984 1
720 1625 1
722 818 1
722 915 1
722 1137 1
722 1503 1
723 1259 1
724 882 1
724 1042 1
724 1770 1
724 1844 1
725 837 1
725 1809 1
726 1174 1
726 1229 1
726 1250 1
726 1598 1
727 1761 1
728 966 1
728 1153 1
729 768 1
729 1497 1
730 1348 1
730 1489 1
731 852 1
731 854 1
731 895 1
731 1164 1
731 1239 1
731 1264 1
733 1148 1
733 1238 1
733 1294 1
734 982 1
734 1084 1
734 1167 1
734 1561 1
734 1592 1
734 1616 1
734 1701 1
734 1812 1
735 1165 1
735 1697 1
735 1773 1
735 1900 1
736 1485 1
736 1598 1
737 841 1
737 881 1
737 1573 1
738 1048 1
738 1269 1
738 1273 1
738 1563 1
739 891 1
740 1257 1
740 1316 1
740 1390 1
740 1789 1
741 878 1
741 1294 1
741 1317 1
741 1674 1
743 1565 1
744 1730 1
745 959 1
745 1277 1
745 1383 1
747 805 1
747 935 1
748 849 1
749 1116 1
750 1650 1
751 1746 1
752 1749 1
752 1851 1
753 1247 1
754 1262 1
754 1431 1
754 1576 1
754 1684 1
754 1713 1
754 1869 1
755 768 1
755 777 1
755 1228 1
757 909 1
757 1161 1
759 1467 1
761 887 1
762 1124 1
762 1486 1
762 1897 1
763 821 1
763 1520 1
764 957 1
764 1404 1
765 1261 1
765 1481 1
767 851 1
767 922 1
768 1686 1
768 1877 1
769 966 1
769 1379 1
770 1709 1
771 1006 1
772 927 1
772 1095 1
772 1394 1
772 1459 1
773 903 1
773 1224 1
773 1295 1
773 1717 1
773 1810 1
776 1026 1
776 1531 1
776 1548 1
777 1759 1
778 788 1
778 1022 1
778 1309 1
778 1734 1
778 1738 1
778 1836 1
779 1109 1
779 1244 1
780 905 1
780 948 1
780 1641 1
781 1063 1
781 1424 1
781 1753 1
781 1812 1
782 812 1
782 1015 1
783 1400 1
784 842 1
784 913 1
784 1285 1
784 1322 1
784 1818 1
785 825 1
785 871 1
785 1116 1
785 1820 1
787 1101 1
787 1286 1
787 1844 1
788 941 1
788 1272 1
789 792 1
789 828 1
789 1083 1
789 1107 1
789 1164 1
790 974 1
790 1070 1
790 1222 1
790 1689 1
791 1291 1
791 1337 1
792 956 1
794 1088 1
794 1691 1
795 875 1
795 964 1
795 1191 1
795 1280 1
795 1325 1
795 1679 1
796 1857 1
797 1540 1
798 1045 1
798 1055 1
798 1086 1
798 1390 1
798 1651 1
799 1465 1
800 1606 1
801 1374 1
803 915 1
803 1101 1
803 1162 1
803 1220 1
803 1247 1
803 1487 1
803 1651 1
803 1774 1
804 814 1
805 1362 1
805 1702 1
805 1706 1
806 886 1
806 1593 1
807 959 1
808 1162 1
809 1690 1
810 821 1
810 855 1
810 933 1
810 983 1
810 1131 1
810 1262 1
810 1373 1
810 1426 1
810 1440 1
811 1346 1
811 1532 1
811 1549 1
812 1010 1
813 1029 1
813 1616 1
813 1859 1
814 1282 1
814 1824 1
815 1109 1
815 1372 1
816 1273 1
816 1389 1
816 1426 1
817 838 1
817 1407 1
817 1436 1
818 1145 1
818 1208 1
818 1327 1
818 1801 1
819 960 1
819 1366 1
819 1595 1
819 1828 1
820 888 1
820 968 1
820 992 1
820 1098 1
820 1188 1
820 1316 1
820 1463 1
821 1324 1
821 1606 1
821 1702 1
823 1094 1
823 1189 1
823 1197 1
823 1277 1
823 1490 1
824 1043 1
824 1735 1
825 951 1
825 1513 1
825 1642 1
825 1694 1
826 875 1
826 1193 1
826 1230 1
826 1243 1
827 834 1
827 862 1
827 949 1
827 1003 1
827 1107 1
827 1203 1
827 1265 1
827 1343 1
827 1349 1
827 1547 1
827 1577 1
827 1659 1
827 1742 1
827 1768 1
827 1781 1
827 1789 1
827 1882 1
828 1082 1
829 931 1
829 1687 1
829 1852 1
830 878 1
830 1164 1
830 1303 1
830 1552 1
831 1557 1
831 1664 1
831 1785 1
835 1316 1
835 1419 1
835 1424 1
836 1111 1
838 1678 1
838 1848 1
839 896 1
839 1511 1
840 845 1
840 973 1
840 1588 1
841 1554 1
842 918 1
842 937 1
843 906 1
843 1287 1
846 1185 1
846 1759 1
847 1585 1
848 1159 1
849 1160 1
849 1674 1
850 1034 1
850 1169 1
850 1528 1
851 922 1
851 1096 1
851 1100 1
851 1246 1
851 1733 1
852 1139 1
852 1897 1
853 891 1
853 1243 1
853 1362 1
853 1393 1
854 1609 1
855 1886 1
856 896 1
856 1038 1
856 1102 1
856 1192 1
856 1321 1
857 1031 1
858 1208 1
858 1408 1
859 1290 1
859 1422 1
859 1529 1
860 1445 1
861 1373 1
861 1404 1
861 1538 1
861 1657 1
861 1874 1
862 925 1
862 1414 1
862 1779 1
862 1871 1
863 985 1
863 1438 1
863 1501 1
863 1617 1
864 1223 1
865 1387 1
867 915 1
868 989 1
868 1156 1
868 1332 1
868 1346 1
869 1713 1
870 1505 1
870 1621 1
871 918 1
871 1594 1
871 1743 1
872 1154 1
873 1676 1
875 1352 1
877 1874 1
878 1061 1
878 1305 1
879 1371 1
879 1692 1
880 934 1
880 1159 1
880 1645 1
882 1003 1
882 1428 1
882 1761 1
883 973 1
883 1174 1
884 1267 1
885 897 1
885 902 1
885 1021 1
885 1210 1
885 1333 1
885 1530 1
885 1628 1
888 1122 1
888 1229 1
888 1312 1
888 1510 1
889 897 1
889 950 1
890 1238 1
890 1293 1
890 1335 1
890 1521 1
890 1770 1
890 1841 1
891 1230 1
891 1827 1
892 1084 1
892 1368 1
894 940 1
895 1374 1
897 1131 1
897 1423 1
897 1696 1
898 905 1
898 1894 1
899 1023 1
899 1287 1
899 1329 1
899 1460 1
899 1654 1
899 1693 1
899 1700 1
901 958 1
901 983 1
901 1816 1
902 904 1
902 1471 1
902 1859 1
903 1040 1
903 1437 1
903 1617 1
903 1790 1
903 1812 1
903 1828 1
903 1836 1
903 1891 1
905 1021 1
905 1335 1
905 1781 1
906 1381 1
906 1609 1
909 1129 1
909 1542 1
910 1192 1
910 1336 1
911 1067 1
912 945 1
912 1044 1
914 1241 1
915 1427 1
916 1355 1
917 1543 1
918 1737 1
920 1741 1
921 1351 1
922 1753 1
922 1863 1
923 1817 1
924 1004 1
925 1403 1
925 1611 1
926 1180 1
927 942 1
927 1546 1
928 1102 1
929 975 1
929 1267 1
932 1305 1
932 1392 1
932 1444 1
933 1153 1
933 1895 1
935 1409 1
935 1594 1
935 1635 1
936 1038 1
936 1564 1
936 1755 1
936 1796 1
937 1034 1
937 1081 1
937 1775 1
938 979 1
938 1078 1
938 1365 1
940 1291 1
940 1787 1
940 1843 1
941 1319 1
941 1350 1
941 1406 1
941 1519 1
941 1699 1
941 1858 1
942 1078 1
943 1799 1
945 1384 1
945 1595 1
946 1121 1
946 1427 1
946 1756 1
948 1234 1
949 969 1
949 1221 1
950 1767 1
950 1783 1
952 1028 1
952 1583 1
953 1557 1
953 1594 1
953 1597 1
953 1649 1
953 1700 1
953 1768 1
953 1831 1
954 1181 1
954 1326 1
954 1354 1
954 1398 1
954 1493 1
955 1361 1
955 1721 1
956 979 1
956 1081 1
956 1350 1
956 1514 1
956 1823 1
956 1889 1
958 1663 1
959 1093 1
959 1636 1
960 1064 1
961 1108 1
962 1145 1
962 1215 1
963 1119 1
963 1132 1
963 1204 1
963 1286 1
963 1596 1
963 1622 1
963 1830 1
964 981 1
964 1280 1
964 1302 1
964 1303 1
964 1400 1
964 1454 1
964 1771 1
966 1496 1
966 1549 1
967 1037 1
969 1341 1
969 1647 1
970 1461 1
971 993 1
971 1317 1
971 1376 1
971 1691 1
971 1826 1
972 1329 1
973 1003 1
973 1475 1
974 1076 1
975 1168 1
977 1682 1
978 1078 1
978 1198 1
978 1303 1
978 1516 1
979 1548 1
980 1352 1
982 1685 1
982 1839 1
983 1024 1
983 1131 1
983 1816 1
984 1368 1
984 1719 1
984 1877 1
986 1102 1
986 1504 1
987 1523 1
987 1590 1
988 1005 1
989 1206 1
989 1212 1
990 1505 1
991 1369 1
991 1448 1
991 1610 1
992 1107 1
992 1462 1
992 1580 1
993 1202 1
993 1289 1
994 1488 1
994 1657 1
995 1161 1
996 1269 1
996 1345 1
997 1249 1
997 1408 1
997 1444 1
998 1680 1
999 1035 1
999 1654 1
1000 1070 1
1000 1150 1
1000 1344 1
1002 1572 1
1002 1615 1
1002 1767 1
1003 1241 1
1003 1714 1
1003 1864 1
1004 1029 1
1004 1222 1
1004 1656 1
1005 1888 1
1007 1345 1
1007 1686 1
1008 1580 1
1009 1285 1
1009 1508 1
1009 1788 1
1011 1195 1
1011 1717 1
1012 1615 1
1013 1394 1
1013 1631 1
1013 1807 1
1015 1022 1
1017 1082 1
1017 1140 1
1017 1641 1
1018 1224 1
1018 1647 1
1018 1689 1
1022 1090 1
1022 1456 1
1022 1845 1
1023 1296 1
1023 1677 1
1024 1264 1
1025 1155 1
1025 1282 1
1025 1541 1
1026 1081 1
1027 1385 1
1029 1402 1
1029 1451 1
1029 1771 1
1031 1181 1
1035 1054 1
1035 1261 1
1035 1895 1
1040 1557 1
1040 1761 1
1041 1135 1
1041 1326 1
1041 1507 1
1042 1126 1
1042 1780 1
1042 1861 1
1043 1239 1
1043 1503 1
1043 1653 1
1044 1399 1
1047 1306 1
1047 1375 1
1047 1405 1
1048 1129 1
1048 1133 1
1048 1602 1
1048 1723 1
1048 1889 1
1049 1074 1
1049 1251 1
1050 1072 1
1051 1186 1
1051 1682 1
1051 1799 1
1052 1053 1
1052 1474 1
1052 1729 1
1053 1655 1
1054 1136 1
1054 1322 1
1054 1344 1
1054 1575 1
1054 1842 1
1055 1374 1
1055 1575 1
1057 1720 1
1058 1217 1
1060 1516 1
1061 1137 1
1062 1837 1
1065 1357 1
1065 1581 1
1065 1598 1
1067 1853 1
1068 1112 1
1068 1223 1
1072 1834 1
1073 1618 1
1074 1235 1
1074 1736 1
1076 1158 1
1076 1580 1
1077 1719 1
1078 1760 1
1080 1253 1
1081 1127 1
1081 1304 1
1081 1657 1
1083 1556 1
1083 1669 1
1085 1126 1
1085 1874 1
1087 1728 1
1088 1363 1
1088 1544 1
1089 1143 1
1089 1216 1
1089 1531 1
1089 1852 1
1090 1746 1
1091 1465 1
1091 1826 1
1092 1097 1
1092 1117 1
1092 1581 1
1094 1553 1
1095 1612 1
1095 1842 1
1096 1175 1
1096 1393 1
1096 1665 1
1096 1856 1
1097 1581 1
1098 1488 1
1099 1555 1
1100 1733 1
1101 1318 1
1101 1749 1
1102 1671 1
1103 1706 1
1105 1115 1
1105 1576 1
1106 1168 1
1106 1283 1
1106 1348 1
1106 1385 1
1107 1319 1
1109 1479 1
1110 1145 1
1112 1322 1
1113 1810 1
1115 1813 1
1116 1586 1
1117 1705 1
1120 1231 1
1121 1658 1
1122 1163 1
1123 1550 1
1124 1390 1
1125 1664 1
1127 1146 1
1127 1482 1
1129 1522 1
1132 1818 1
1133 1209 1
1133 1518 1
1134 1277 1
1134 1423 1
1134 1478 1
1134 1585 1
1135 1601 1
1136 1297 1
1136 1540 1
1136 1545 1
1137 1179 1
1137 1279 1
1138 1367 1
1139 1155 1
1139 1498 1
1140 1534 1
1141 1600 1
1141 1791 1
1142 1629 1
1142 1667 1
1144 1858 1
1145 1270 1
1145 1740 1
1146 1313 1
1146 1358 1
1147 1148 1
1147 1704 1
1148 1356 1
1148 1483 1
1149 1167 1
1149 1219 1
1149 1290 1
1149 1421 1
1149 1565 1
1149 1607 1
1152 1285 1
1154 1502 1
1156 1363 1
1156 1763 1
1157 1531 1
1160 1214 1
1161 1441 1
1161 1688 1
1162 1879 1
1163 1367 1
1163 1828 1
1165 1289 1
1165 1304 1
1166 1177 1
1166 1266 1
1166 1423 1
1166 1885 1
1168 1385 1
1168 1453 1
1170 1508 1
1171 1178 1
1172 1470 1
1174 1616 1
1180 1601 1
1182 1340 1
1183 1371 1
1184 1601 1
1184 1642 1
1184 1731 1
1185 1273 1
1187 1437 1
1187 1846 1
1188 1296 1
1189 1898 1
1190 1680 1
1190 1737 1
1190 1893 1
1191 1234 1
1191 1652 1
1193 1214 1
1193 1498 1
1193 1505 1
1194 1361 1
1196 1208 1
1196 1463 1
1197 1329 1
1200 1286 1
1201 1211 1
1202 1668 1
1203 1682 1
1204 1274 1
1204 1605 1
1204 1626 1
1204 1648 1
1206 1245 1
1206 1438 1
1207 1360 1
1207 1444 1
1207 1486 1
1209 1404 1
1209 1711 1
1211 1583 1
1212 1320 1
1212 1710 1
1213 1224 1
1215 1404 1
1217 1654 1
1219 1305 1
1219 1453 1
1219 1552 1
1220 1513 1
1222 1727 1
1223 1597 1
1224 1412 1
1224 1848 1
1225 1444 1
1226 1567 1
1226 1774 1
1227 1659 1
1228 1311 1
1228 1429 1
1229 1598 1
1231 1309 1
1232 1433 1
1232 1514 1
1233 1876 1
1234 1653 1
1237 1462 1
1237 1586 1
1237 1860 1
1242 1361 1
1242 1387 1
1242 1463 1
1245 1471 1
1245 1733 1
1246 1468 1
1247 1360 1
1248 1533 1
1248 1678 1
1248 1765 1
1249 1767 1
1251 1843 1
1253 1751 1
1254 1435 1
1254 1712 1
1255 1476 1
1255 1499 1
1258 1382 1
1258 1579 1
1259 1873 1
1262 1370 1
1264 1566 1
1266 1647 1
1271 1568 1
1271 1773 1
1273 1453 1
1273 1687 1
1274 1460 1
1274 1586 1
1274 1724 1
1275 1693 1
1277 1591 1
1279 1703 1
1282 1887 1
1283 1443 1
1284 1658 1
1284 1736 1
1284 1867 1
1285 1513 1
1288 1614 1
1288 1855 1
1289 1413 1
1289 1450 1
1291 1379 1
1291 1494 1
1291 1529 1
1295 1305 1
1297 1561 1
1298 1454 1
1302 1717 1
1304 1556 1
1305 1430 1
1305 1525 1
1305 1875 1
1307 1554 1
1307 1648 1
1308 1377 1
1311 1335 1
1311 1415 1
1312 1409 1
1315 1533 1
1315 1674 1
1315 1804 1
1315 1843 1
1317 1479 1
1321 1430 1
1321 1469 1
1325 1730 1
1326 1578 1
1326 1653 1
1330 1593 1
1330 1725 1
1330 1740 1
1331 1626 1
1331 1886 1
1333 1468 1
1333 1739 1
1334 1455 1
1334 1664 1
1335 1364 1
1335 1506 1
1335 1537 1
1335 1568 1
1337 1341 1
1338 1480 1
1338 1795 1
1340 1536 1
1341 1871 1
1344 1614 1
1344 1685 1
1346 1575 1
1347 1540 1
1347 1797 1
1348 1727 1
1349 1879 1
1349 1882 1
1351 1791 1
1352 1541 1
1352 1779 1
1354 1384 1
1356 1512 1
1356 1765 1
1358 1805 1
1359 1605 1
1361 1739 1
1362 1398 1
1363 1443 1
1363 1801 1
1365 1526 1
1366 1846 1
1368 1643 1
1369 1505 1
1372 1529 1
1372 1703 1
1374 1407 1
1375 1458 1
1376 1566 1
1377 1579 1
1377 1668 1
1379 1822 1
1384 1593 1
1385 1551 1
1389 1689 1
1390 1507 1
1390 1644 1
1392 1452 1
1393 1613 1
1393 1712 1
1394 1524 1
1395 1644 1
1398 1809 1
1399 1776 1
1406 1620 1
1406 1766 1
1409 1607 1
1412 1592 1
1413 1673 1
1417 1640 1
1419 1474 1
1419 1867 1
1423 1465 1
1427 1553 1
1427 1563 1
1427 1756 1
1428 1823 1
1429 1668 1
1429 1688 1
1430 1502 1
1431 1558 1
1432 1636 1
1432 1854 1
1434 1447 1
1434 1800 1
1436 1674 1
1436 1870 1
1438 1493 1
1438 1698 1
1440 1805 1
1442 1457 1
1444 1724 1
1444 1782 1
1450 1546 1
1451 1462 1
1452 1646 1
1458 1814 1
1459 1658 1
1460 1677 1
1462 1633 1
1475 1603 1
1478 1680 1
1480 1538 1
1481 1501 1
1483 1519 1
1483 1574 1
1487 1679 1
1488 1724 1
1491 1705 1
1492 1726 1
1494 1796 1
1495 1722 1
1496 1645 1
1497 1512 1
1503 1747 1
1506 1882 1
1509 1792 1
1510 1675 1
1513 1787 1
1513 1899 1
1515 1662 1
1519 1671 1
1525 1627 1
1530 1873 1
1534 1841 1
1535 1646 1
1536 1802 1
1536 1850 1
1539 1644 1
1543 1764 1
1544 1573 1
1544 1689 1
1546 1591 1
1549 1685 1
1550 1735 1
1550 1764 1
1551 1570 1
1551 1821 1
1551 1892 1
1552 1832 1
1557 1758 1
1557 1877 1
1557 1883 1
1563 1629 1
1564 1712 1
1566 1875 1
1569 1640 1
1571 1643 1
1571 1848 1
1573 1887 1
1574 1865 1
1576 1716 1
1582 1747 1
1583 1725 1
1583 1842 1
1584 1672 1
1586 1677 1
1588 1873 1
1594 1667 1
1595 1779 1
1598 1810 1
1602 1781 1
1605 1626 1
1609 1625 1
1617 1891 1
1618 1684 1
1618 1804 1
1618 1834 1
1619 1857 1
1626 1721 1
1627 1718 1
1628 1694 1
1628 1860 1
1631 1835 1
1633 1870 1
1635 1778 1
1639 1753 1
1644 1681 1
1652 1675 1
1658 1666 1
1659 1665 1
1661 1812 1
1671 1704 1
1671 1752 1
1674 1785 1
1685 1891 1
1686 1821 1
1688 1704 1
1688 1889 1
1690 1825 1
1692 1888 1
1695 1734 1
1698 1831 1
1700 1831 1
1702 1887 1
1713 1859 1
1719 1859 1
1724 1762 1
1726 1893 1
1729 1830 1
1733 1886 1
1740 1893 1
1741 1774 1
1750 1817 1
1754 1811 1
1754 1856 1
1756 1780 1
1756 1876 1
1763 1885 1
1768 1814 1
1774 1868 1
