300 1184 
1 5 1
1 6 1
1 7 1
1 8 1
1 13 1
1 16 1
1 18 1
1 25 1
1 27 1
1 34 1
1 35 1
1 41 1
1 47 1
1 58 1
1 60 1
1 62 1
1 79 1
1 84 1
1 88 1
1 92 1
1 93 1
1 94 1
1 97 1
1 106 1
1 108 1
1 140 1
1 145 1
1 151 1
1 163 1
1 166 1
1 187 1
1 197 1
1 201 1
1 209 1
1 227 1
1 228 1
1 243 1
1 253 1
1 256 1
1 284 1
1 295 1
1 297 1
2 5 1
2 7 1
2 13 1
2 17 1
2 18 1
2 26 1
2 43 1
2 49 1
2 56 1
2 67 1
2 68 1
2 84 1
2 85 1
2 95 1
2 182 1
2 185 1
2 207 1
2 210 1
2 239 1
2 258 1
3 5 1
3 6 1
3 9 1
3 10 1
3 11 1
3 14 1
3 15 1
3 17 1
3 21 1
3 28 1
3 29 1
3 31 1
3 38 1
3 40 1
3 43 1
3 44 1
3 48 1
3 51 1
3 55 1
3 56 1
3 91 1
3 93 1
3 96 1
3 114 1
3 119 1
3 131 1
3 134 1
3 166 1
3 219 1
3 222 1
3 225 1
4 5 1
4 6 1
4 7 1
4 8 1
4 12 1
4 15 1
4 30 1
4 33 1
4 38 1
4 50 1
4 66 1
4 67 1
4 70 1
4 74 1
4 76 1
4 80 1
4 96 1
4 100 1
4 112 1
4 124 1
4 130 1
4 135 1
4 149 1
4 157 1
4 169 1
4 173 1
4 186 1
4 211 1
4 218 1
4 220 1
4 237 1
4 238 1
4 269 1
5 6 1
5 7 1
5 8 1
5 9 1
5 10 1
5 11 1
5 12 1
5 13 1
5 16 1
5 17 1
5 18 1
5 21 1
5 23 1
5 33 1
5 35 1
5 36 1
5 38 1
5 45 1
5 54 1
5 55 1
5 72 1
5 74 1
5 87 1
5 90 1
5 93 1
5 98 1
5 109 1
5 110 1
5 116 1
5 133 1
5 161 1
5 171 1
5 181 1
5 182 1
5 202 1
5 204 1
5 206 1
5 209 1
5 229 1
5 232 1
5 234 1
5 241 1
5 245 1
5 259 1
5 281 1
5 285 1
5 288 1
5 291 1
6 8 1
6 14 1
6 17 1
6 19 1
6 30 1
6 37 1
6 42 1
6 47 1
6 59 1
6 65 1
6 72 1
6 84 1
6 86 1
6 101 1
6 115 1
6 135 1
6 138 1
6 147 1
6 176 1
6 189 1
6 191 1
6 220 1
6 229 1
6 244 1
6 250 1
6 271 1
7 9 1
7 11 1
7 12 1
7 14 1
7 23 1
7 33 1
7 55 1
7 60 1
7 67 1
7 68 1
7 89 1
7 129 1
7 160 1
7 177 1
7 296 1
7 299 1
8 9 1
8 10 1
8 15 1
8 22 1
8 26 1
8 27 1
8 28 1
8 44 1
8 45 1
8 77 1
8 84 1
8 106 1
8 130 1
8 157 1
8 162 1
8 168 1
8 187 1
8 198 1
8 223 1
8 300 1
9 10 1
9 14 1
9 18 1
9 20 1
9 21 1
9 26 1
9 30 1
9 32 1
9 39 1
9 44 1
9 51 1
9 52 1
9 81 1
9 85 1
9 102 1
9 103 1
9 116 1
9 118 1
9 142 1
9 144 1
9 147 1
9 154 1
9 158 1
9 161 1
9 169 1
9 176 1
9 207 1
9 209 1
9 222 1
9 224 1
9 239 1
9 250 1
9 256 1
9 281 1
9 297 1
9 300 1
10 11 1
10 20 1
10 26 1
10 27 1
10 29 1
10 34 1
10 35 1
10 36 1
10 40 1
10 42 1
10 50 1
10 54 1
10 76 1
10 90 1
10 92 1
10 104 1
10 115 1
10 127 1
10 131 1
10 136 1
10 152 1
10 155 1
10 160 1
10 166 1
10 175 1
10 178 1
10 185 1
10 224 1
10 236 1
10 250 1
10 272 1
11 12 1
11 13 1
11 15 1
11 16 1
11 19 1
11 20 1
11 25 1
11 34 1
11 37 1
11 42 1
11 49 1
11 54 1
11 59 1
11 75 1
11 97 1
11 115 1
11 124 1
11 135 1
11 180 1
11 184 1
11 196 1
11 232 1
11 236 1
11 259 1
11 264 1
11 274 1
11 298 1
12 16 1
12 20 1
12 22 1
12 37 1
12 43 1
12 48 1
12 58 1
12 64 1
12 73 1
12 88 1
12 89 1
12 103 1
12 113 1
12 120 1
12 154 1
12 190 1
12 225 1
12 252 1
12 255 1
13 21 1
13 22 1
13 24 1
13 25 1
13 33 1
13 40 1
13 78 1
13 89 1
13 98 1
13 107 1
13 112 1
13 120 1
13 129 1
13 153 1
13 159 1
13 179 1
13 188 1
13 227 1
13 231 1
13 242 1
13 262 1
13 276 1
13 277 1
13 282 1
13 293 1
14 29 1
14 31 1
14 36 1
14 49 1
14 71 1
14 78 1
14 98 1
14 140 1
14 158 1
14 176 1
14 177 1
14 215 1
14 263 1
15 92 1
15 287 1
16 19 1
16 22 1
16 25 1
16 28 1
16 41 1
16 46 1
16 52 1
16 66 1
16 69 1
16 71 1
16 87 1
16 90 1
16 103 1
16 107 1
16 112 1
16 113 1
16 118 1
16 122 1
16 128 1
16 137 1
16 153 1
16 215 1
16 246 1
17 19 1
17 23 1
17 24 1
17 27 1
17 52 1
17 61 1
17 68 1
17 70 1
17 77 1
17 82 1
17 94 1
17 130 1
17 141 1
17 149 1
17 202 1
17 263 1
17 271 1
17 295 1
17 297 1
18 32 1
18 38 1
18 75 1
18 117 1
18 156 1
18 197 1
18 218 1
18 258 1
18 264 1
18 299 1
19 23 1
19 24 1
19 45 1
19 55 1
19 60 1
19 67 1
19 79 1
19 89 1
19 99 1
19 145 1
19 173 1
19 191 1
19 206 1
19 217 1
19 261 1
19 290 1
19 298 1
20 42 1
20 43 1
20 46 1
20 110 1
20 114 1
20 129 1
20 138 1
20 142 1
20 171 1
20 257 1
20 261 1
20 270 1
20 282 1
20 298 1
21 24 1
21 28 1
21 30 1
21 34 1
21 46 1
21 53 1
21 54 1
21 73 1
21 80 1
21 82 1
21 94 1
21 140 1
21 152 1
21 162 1
21 194 1
21 199 1
21 200 1
21 261 1
21 263 1
21 299 1
22 123 1
22 149 1
22 232 1
22 288 1
23 32 1
23 113 1
23 156 1
23 172 1
23 245 1
23 268 1
24 37 1
24 39 1
24 41 1
24 57 1
24 68 1
24 76 1
24 96 1
24 117 1
24 148 1
24 246 1
24 271 1
25 44 1
25 47 1
25 48 1
25 70 1
25 71 1
25 85 1
25 105 1
25 121 1
25 151 1
25 212 1
25 216 1
25 231 1
25 248 1
25 251 1
25 268 1
25 277 1
25 278 1
26 36 1
26 62 1
26 65 1
26 74 1
26 99 1
26 130 1
26 139 1
26 154 1
26 189 1
26 221 1
26 231 1
26 233 1
26 264 1
26 276 1
27 29 1
27 31 1
27 32 1
27 45 1
27 46 1
27 58 1
27 64 1
27 66 1
27 80 1
27 121 1
27 193 1
27 194 1
27 205 1
27 208 1
27 217 1
27 220 1
27 235 1
27 266 1
27 275 1
27 280 1
27 289 1
27 292 1
27 299 1
28 65 1
28 200 1
28 219 1
29 31 1
29 56 1
29 75 1
29 78 1
29 83 1
29 87 1
29 125 1
29 144 1
29 149 1
29 172 1
29 174 1
29 180 1
29 191 1
29 201 1
29 211 1
29 225 1
29 242 1
29 249 1
30 35 1
30 50 1
30 52 1
30 73 1
30 86 1
30 123 1
30 155 1
30 200 1
30 210 1
30 238 1
30 251 1
30 270 1
31 39 1
31 51 1
31 62 1
31 94 1
31 104 1
31 110 1
31 121 1
31 134 1
31 136 1
31 168 1
31 180 1
31 208 1
31 249 1
32 72 1
32 79 1
32 86 1
32 170 1
32 185 1
32 187 1
32 212 1
32 214 1
32 215 1
32 217 1
33 61 1
33 108 1
33 118 1
33 128 1
33 135 1
33 183 1
33 186 1
33 214 1
34 40 1
34 63 1
34 71 1
34 75 1
34 83 1
34 131 1
34 157 1
34 162 1
34 205 1
35 39 1
35 47 1
35 59 1
35 61 1
35 72 1
35 102 1
35 111 1
35 117 1
35 166 1
35 178 1
35 216 1
35 254 1
35 294 1
36 78 1
36 217 1
36 283 1
37 41 1
37 51 1
37 59 1
37 62 1
37 109 1
37 148 1
37 213 1
38 53 1
38 63 1
38 69 1
38 80 1
38 82 1
38 88 1
38 100 1
38 101 1
38 132 1
38 165 1
38 171 1
38 185 1
38 218 1
38 255 1
38 268 1
38 272 1
38 283 1
38 292 1
39 82 1
39 95 1
39 127 1
39 145 1
39 172 1
39 200 1
39 241 1
40 50 1
40 168 1
40 280 1
41 136 1
41 229 1
41 266 1
42 57 1
42 176 1
43 56 1
43 143 1
43 165 1
44 64 1
44 120 1
44 147 1
44 222 1
44 224 1
44 235 1
44 266 1
45 57 1
45 60 1
45 70 1
45 74 1
45 85 1
45 141 1
46 53 1
46 69 1
46 91 1
46 92 1
46 122 1
46 129 1
46 141 1
46 161 1
46 165 1
46 184 1
46 234 1
46 243 1
46 283 1
47 48 1
47 49 1
47 63 1
47 88 1
47 95 1
47 117 1
47 142 1
47 156 1
47 208 1
47 226 1
47 252 1
47 265 1
47 273 1
47 274 1
48 57 1
48 58 1
48 99 1
48 233 1
48 242 1
48 265 1
48 267 1
49 53 1
49 83 1
49 102 1
49 119 1
49 134 1
49 183 1
49 244 1
49 269 1
49 296 1
49 300 1
50 63 1
50 97 1
50 103 1
50 104 1
50 107 1
50 136 1
50 151 1
50 162 1
50 167 1
50 275 1
51 81 1
51 97 1
51 100 1
51 186 1
51 189 1
51 192 1
51 222 1
51 256 1
52 116 1
52 194 1
52 257 1
52 286 1
53 120 1
53 170 1
53 183 1
53 300 1
54 279 1
55 111 1
55 151 1
55 215 1
55 260 1
55 267 1
56 91 1
56 105 1
56 108 1
56 125 1
56 132 1
56 160 1
56 180 1
57 86 1
57 95 1
57 115 1
57 128 1
57 152 1
57 224 1
57 264 1
58 64 1
58 143 1
58 158 1
58 167 1
58 169 1
58 245 1
59 61 1
59 65 1
59 102 1
59 124 1
59 177 1
59 213 1
59 243 1
59 250 1
59 253 1
59 259 1
60 81 1
60 101 1
60 144 1
60 164 1
60 226 1
60 230 1
61 118 1
61 141 1
61 153 1
61 167 1
61 254 1
62 125 1
62 204 1
63 66 1
63 110 1
63 126 1
63 179 1
63 201 1
63 223 1
63 228 1
63 285 1
64 69 1
64 93 1
64 124 1
64 198 1
64 220 1
64 267 1
65 77 1
65 174 1
65 175 1
65 234 1
65 278 1
67 73 1
67 83 1
67 119 1
67 121 1
67 138 1
67 199 1
67 266 1
69 112 1
69 229 1
70 77 1
70 100 1
70 106 1
70 109 1
70 123 1
70 150 1
70 175 1
70 181 1
70 199 1
70 257 1
71 96 1
71 98 1
71 177 1
71 227 1
71 248 1
72 87 1
72 91 1
72 202 1
72 262 1
73 132 1
74 76 1
74 79 1
75 114 1
75 155 1
75 183 1
75 207 1
75 227 1
76 127 1
77 81 1
77 108 1
77 122 1
77 178 1
77 181 1
77 204 1
77 246 1
77 284 1
78 126 1
78 163 1
79 165 1
79 214 1
80 106 1
80 156 1
80 196 1
80 255 1
81 148 1
81 238 1
83 90 1
83 126 1
83 131 1
83 146 1
84 134 1
84 140 1
84 212 1
84 221 1
84 240 1
85 122 1
85 133 1
85 155 1
85 189 1
85 192 1
85 203 1
85 207 1
85 249 1
85 292 1
86 182 1
86 260 1
87 105 1
87 195 1
88 146 1
88 150 1
88 161 1
88 182 1
88 296 1
89 111 1
89 123 1
89 133 1
89 143 1
89 148 1
89 190 1
89 243 1
89 274 1
89 275 1
90 174 1
90 188 1
90 242 1
91 119 1
91 128 1
91 154 1
91 219 1
92 99 1
92 137 1
92 216 1
93 101 1
93 114 1
93 126 1
93 167 1
93 170 1
93 198 1
93 231 1
94 259 1
94 293 1
95 139 1
95 205 1
95 239 1
95 281 1
96 125 1
96 132 1
96 157 1
96 263 1
97 276 1
97 290 1
98 116 1
99 107 1
99 127 1
99 160 1
99 164 1
99 203 1
99 213 1
100 111 1
100 113 1
100 163 1
100 179 1
100 186 1
100 187 1
101 147 1
101 280 1
102 104 1
102 164 1
102 197 1
103 105 1
103 133 1
104 209 1
104 252 1
104 253 1
105 265 1
105 287 1
105 294 1
106 109 1
106 173 1
106 210 1
106 251 1
108 170 1
108 193 1
108 262 1
111 190 1
112 199 1
112 201 1
112 252 1
113 188 1
113 235 1
113 247 1
114 184 1
117 150 1
117 197 1
117 211 1
117 236 1
117 273 1
119 137 1
119 153 1
119 172 1
119 240 1
119 262 1
121 208 1
121 214 1
121 286 1
122 142 1
122 193 1
122 216 1
122 267 1
123 273 1
124 218 1
124 226 1
124 287 1
124 294 1
125 225 1
126 234 1
127 163 1
129 145 1
129 178 1
129 282 1
130 238 1
130 240 1
131 137 1
131 139 1
131 198 1
131 288 1
132 143 1
132 146 1
132 233 1
132 254 1
132 295 1
134 212 1
134 230 1
135 139 1
135 144 1
135 195 1
136 150 1
136 196 1
136 211 1
137 138 1
137 277 1
138 174 1
138 237 1
139 192 1
140 221 1
141 146 1
141 159 1
141 270 1
141 279 1
142 235 1
143 169 1
143 171 1
143 237 1
143 241 1
143 260 1
146 152 1
146 159 1
146 181 1
146 247 1
147 191 1
147 210 1
148 190 1
148 289 1
149 164 1
149 204 1
150 159 1
150 175 1
150 213 1
151 196 1
151 253 1
151 289 1
152 194 1
152 275 1
153 173 1
155 228 1
156 158 1
157 192 1
157 230 1
160 168 1
160 188 1
160 193 1
160 248 1
161 269 1
161 271 1
162 184 1
163 205 1
163 279 1
163 295 1
165 291 1
168 258 1
169 223 1
170 272 1
171 179 1
172 272 1
177 247 1
177 251 1
177 287 1
180 202 1
182 232 1
182 236 1
183 244 1
184 285 1
187 219 1
188 195 1
188 239 1
188 276 1
188 293 1
189 203 1
189 206 1
189 221 1
189 268 1
190 195 1
190 257 1
191 254 1
191 261 1
193 226 1
193 296 1
194 203 1
194 244 1
194 269 1
196 249 1
196 288 1
197 256 1
200 237 1
200 245 1
201 206 1
203 240 1
203 292 1
204 223 1
204 260 1
205 277 1
205 278 1
206 281 1
207 228 1
207 284 1
209 265 1
210 270 1
213 247 1
215 233 1
216 293 1
217 283 1
219 241 1
219 255 1
222 246 1
223 230 1
224 286 1
228 290 1
229 258 1
233 248 1
233 274 1
236 291 1
241 289 1
245 273 1
247 291 1
247 297 1
253 290 1
255 286 1
258 285 1
261 284 1
263 279 1
264 298 1
268 282 1
270 278 1
273 280 1
292 294 1
