300 1184 
1 5 1
1 6 1
1 7 1
1 8 1
1 9 1
1 15 1
1 16 1
1 19 1
1 23 1
1 25 1
1 26 1
1 27 1
1 32 1
1 35 1
1 36 1
1 41 1
1 48 1
1 50 1
1 53 1
1 59 1
1 64 1
1 81 1
1 104 1
1 137 1
1 138 1
1 141 1
1 145 1
1 166 1
1 169 1
1 176 1
1 185 1
1 200 1
1 208 1
1 209 1
1 222 1
1 227 1
1 233 1
1 250 1
1 279 1
1 285 1
1 287 1
1 290 1
2 5 1
2 7 1
2 16 1
2 22 1
2 24 1
2 28 1
2 40 1
2 41 1
2 70 1
2 78 1
2 84 1
2 92 1
2 102 1
2 103 1
2 107 1
2 117 1
2 132 1
2 136 1
2 143 1
2 150 1
2 200 1
2 216 1
2 217 1
2 256 1
2 273 1
2 276 1
2 283 1
2 291 1
3 5 1
3 6 1
3 9 1
3 16 1
3 20 1
3 23 1
3 25 1
3 37 1
3 43 1
3 47 1
3 57 1
3 58 1
3 61 1
3 63 1
3 167 1
3 209 1
3 229 1
3 262 1
3 270 1
3 282 1
3 299 1
4 5 1
4 6 1
4 8 1
4 10 1
4 11 1
4 12 1
4 17 1
4 47 1
4 78 1
4 84 1
4 92 1
4 95 1
4 109 1
4 172 1
4 186 1
4 192 1
4 205 1
4 215 1
4 222 1
4 262 1
4 284 1
5 6 1
5 7 1
5 8 1
5 9 1
5 10 1
5 11 1
5 14 1
5 19 1
5 20 1
5 22 1
5 24 1
5 25 1
5 27 1
5 28 1
5 29 1
5 30 1
5 32 1
5 37 1
5 43 1
5 44 1
5 47 1
5 50 1
5 53 1
5 57 1
5 58 1
5 62 1
5 65 1
5 69 1
5 72 1
5 77 1
5 80 1
5 87 1
5 89 1
5 96 1
5 97 1
5 100 1
5 105 1
5 108 1
5 114 1
5 120 1
5 123 1
5 152 1
5 155 1
5 160 1
5 161 1
5 163 1
5 170 1
5 173 1
5 177 1
5 182 1
5 184 1
5 198 1
5 210 1
5 211 1
5 215 1
5 216 1
5 220 1
5 223 1
5 232 1
5 235 1
5 244 1
5 245 1
5 261 1
5 268 1
5 276 1
5 277 1
5 278 1
5 282 1
5 283 1
5 295 1
5 296 1
6 7 1
6 10 1
6 11 1
6 12 1
6 13 1
6 14 1
6 17 1
6 20 1
6 21 1
6 22 1
6 27 1
6 33 1
6 36 1
6 38 1
6 40 1
6 42 1
6 53 1
6 61 1
6 63 1
6 64 1
6 86 1
6 87 1
6 92 1
6 94 1
6 117 1
6 118 1
6 120 1
6 124 1
6 127 1
6 142 1
6 183 1
6 186 1
6 188 1
6 192 1
6 206 1
6 218 1
6 219 1
6 221 1
6 248 1
6 249 1
6 259 1
6 267 1
6 268 1
6 269 1
6 281 1
6 290 1
7 8 1
7 13 1
7 15 1
7 18 1
7 19 1
7 30 1
7 41 1
7 42 1
7 45 1
7 51 1
7 61 1
7 80 1
7 90 1
7 97 1
7 134 1
7 170 1
7 176 1
7 182 1
7 189 1
7 193 1
7 211 1
7 228 1
7 235 1
7 260 1
8 9 1
8 10 1
8 76 1
8 146 1
9 11 1
9 12 1
9 15 1
9 28 1
9 29 1
9 32 1
9 43 1
9 48 1
9 51 1
9 65 1
9 67 1
9 83 1
9 86 1
9 131 1
9 135 1
9 144 1
9 189 1
9 204 1
9 230 1
9 234 1
9 243 1
9 249 1
9 250 1
9 254 1
9 269 1
9 275 1
10 13 1
10 14 1
10 15 1
10 17 1
10 18 1
10 22 1
10 24 1
10 31 1
10 33 1
10 34 1
10 36 1
10 45 1
10 49 1
10 50 1
10 54 1
10 55 1
10 56 1
10 58 1
10 70 1
10 71 1
10 78 1
10 85 1
10 88 1
10 96 1
10 97 1
10 99 1
10 109 1
10 110 1
10 123 1
10 134 1
10 136 1
10 138 1
10 140 1
10 149 1
10 160 1
10 161 1
10 163 1
10 168 1
10 182 1
10 204 1
10 216 1
10 226 1
10 248 1
10 259 1
10 278 1
11 12 1
11 21 1
11 26 1
11 33 1
11 41 1
11 49 1
11 65 1
11 67 1
11 73 1
11 103 1
11 116 1
11 168 1
11 179 1
11 270 1
12 13 1
12 27 1
12 30 1
12 52 1
12 54 1
12 79 1
12 95 1
12 103 1
12 152 1
12 196 1
12 214 1
12 222 1
13 14 1
13 26 1
13 75 1
13 91 1
13 99 1
13 121 1
13 124 1
13 135 1
13 151 1
13 167 1
13 176 1
13 184 1
13 195 1
13 197 1
13 203 1
13 223 1
13 231 1
13 236 1
13 243 1
13 299 1
14 16 1
14 19 1
14 48 1
14 57 1
14 68 1
14 72 1
14 85 1
14 91 1
14 98 1
14 109 1
14 117 1
14 123 1
14 132 1
14 133 1
14 134 1
14 199 1
14 242 1
14 254 1
14 255 1
14 257 1
14 267 1
14 286 1
15 17 1
15 20 1
15 21 1
15 31 1
15 32 1
15 59 1
15 94 1
15 98 1
15 253 1
15 294 1
16 18 1
16 23 1
16 28 1
16 29 1
16 34 1
16 40 1
16 57 1
16 60 1
16 70 1
16 76 1
16 77 1
16 84 1
16 86 1
16 87 1
16 89 1
16 108 1
16 112 1
16 135 1
16 142 1
16 146 1
16 148 1
16 158 1
16 159 1
16 169 1
16 174 1
16 186 1
16 190 1
16 202 1
16 214 1
16 224 1
16 254 1
16 267 1
16 272 1
16 295 1
17 18 1
17 31 1
17 73 1
17 79 1
17 93 1
17 122 1
17 153 1
17 220 1
17 233 1
17 234 1
17 277 1
17 295 1
18 30 1
18 42 1
18 46 1
18 53 1
18 67 1
18 98 1
18 100 1
18 106 1
18 112 1
18 164 1
18 171 1
18 194 1
18 197 1
19 24 1
19 25 1
19 38 1
19 56 1
19 75 1
19 113 1
19 154 1
20 21 1
20 37 1
20 68 1
20 103 1
20 112 1
20 121 1
20 129 1
20 152 1
20 199 1
20 210 1
20 214 1
20 232 1
20 254 1
20 279 1
20 281 1
21 69 1
21 83 1
21 110 1
21 156 1
21 170 1
21 193 1
22 23 1
22 34 1
22 35 1
22 38 1
22 39 1
22 59 1
22 72 1
22 81 1
22 82 1
22 96 1
22 99 1
22 105 1
22 106 1
22 116 1
22 128 1
22 133 1
22 148 1
22 167 1
22 201 1
22 253 1
22 256 1
22 287 1
23 37 1
23 54 1
23 147 1
23 236 1
23 276 1
23 280 1
24 33 1
24 45 1
24 47 1
24 76 1
24 112 1
24 161 1
24 175 1
24 234 1
24 241 1
24 255 1
24 274 1
25 26 1
25 39 1
25 43 1
25 51 1
25 52 1
25 58 1
25 66 1
25 71 1
25 76 1
25 92 1
25 113 1
25 123 1
25 127 1
25 155 1
25 173 1
25 207 1
25 226 1
26 99 1
26 104 1
26 140 1
26 147 1
26 163 1
26 172 1
26 239 1
26 292 1
27 85 1
27 203 1
27 206 1
27 264 1
27 279 1
28 29 1
28 34 1
28 35 1
28 38 1
28 39 1
28 40 1
28 44 1
28 46 1
28 60 1
28 64 1
28 67 1
28 73 1
28 74 1
28 122 1
28 130 1
28 138 1
28 151 1
28 156 1
28 221 1
28 225 1
28 227 1
28 237 1
28 241 1
28 291 1
28 298 1
29 42 1
29 69 1
29 79 1
29 150 1
29 151 1
29 162 1
29 182 1
29 190 1
29 217 1
29 218 1
29 230 1
29 248 1
29 264 1
30 31 1
30 49 1
30 55 1
30 59 1
30 61 1
30 64 1
30 71 1
30 88 1
30 154 1
30 157 1
30 159 1
30 166 1
30 169 1
30 206 1
31 49 1
31 51 1
31 60 1
31 93 1
31 100 1
31 125 1
31 127 1
31 135 1
31 178 1
31 179 1
31 188 1
31 213 1
31 229 1
31 240 1
31 244 1
31 246 1
31 273 1
32 54 1
32 82 1
32 140 1
32 145 1
33 89 1
33 119 1
33 143 1
33 238 1
33 242 1
33 267 1
34 35 1
34 36 1
34 48 1
34 52 1
34 74 1
34 93 1
34 100 1
34 124 1
34 130 1
34 175 1
34 187 1
34 212 1
35 75 1
35 162 1
35 165 1
35 277 1
36 80 1
36 105 1
36 107 1
36 149 1
36 186 1
36 221 1
36 258 1
37 44 1
37 62 1
37 118 1
37 126 1
37 145 1
37 177 1
37 225 1
37 296 1
38 39 1
38 45 1
38 52 1
38 95 1
38 113 1
38 114 1
38 144 1
38 191 1
39 44 1
39 46 1
39 260 1
39 274 1
39 288 1
40 75 1
40 106 1
40 200 1
41 102 1
41 108 1
41 142 1
41 143 1
41 178 1
41 181 1
41 208 1
41 249 1
41 262 1
41 266 1
42 55 1
42 63 1
42 65 1
42 72 1
42 77 1
42 84 1
42 126 1
42 146 1
42 202 1
42 272 1
42 286 1
43 56 1
43 62 1
43 108 1
43 141 1
43 185 1
43 207 1
43 214 1
43 224 1
43 264 1
44 46 1
44 50 1
44 115 1
44 119 1
44 131 1
44 216 1
44 239 1
44 261 1
45 68 1
45 116 1
45 137 1
45 167 1
45 253 1
46 141 1
46 239 1
47 77 1
47 165 1
48 66 1
48 147 1
48 175 1
48 188 1
48 199 1
48 212 1
48 249 1
48 273 1
49 68 1
49 139 1
49 143 1
49 148 1
50 60 1
50 66 1
50 119 1
50 126 1
50 148 1
50 156 1
50 166 1
50 180 1
50 183 1
50 194 1
50 209 1
51 62 1
51 70 1
51 130 1
51 133 1
51 181 1
51 195 1
51 208 1
51 239 1
52 88 1
52 89 1
52 114 1
52 162 1
52 232 1
53 78 1
53 91 1
53 145 1
53 160 1
53 187 1
53 191 1
53 222 1
53 258 1
53 278 1
54 55 1
54 56 1
54 134 1
54 158 1
54 207 1
54 255 1
55 83 1
55 94 1
55 159 1
55 181 1
55 185 1
55 250 1
55 253 1
56 69 1
56 83 1
56 132 1
56 153 1
56 155 1
56 170 1
56 263 1
57 105 1
57 191 1
57 230 1
58 63 1
58 81 1
58 82 1
58 111 1
58 122 1
58 125 1
58 206 1
58 215 1
58 220 1
58 228 1
58 232 1
58 247 1
58 275 1
58 280 1
58 287 1
59 81 1
59 129 1
59 231 1
60 66 1
60 71 1
60 73 1
60 90 1
60 98 1
60 122 1
60 153 1
60 157 1
60 198 1
60 265 1
61 124 1
61 179 1
62 128 1
62 144 1
62 168 1
62 218 1
63 74 1
63 198 1
63 261 1
64 160 1
66 82 1
66 86 1
66 94 1
66 95 1
66 101 1
66 175 1
66 197 1
66 240 1
66 252 1
66 260 1
66 261 1
67 74 1
67 97 1
67 102 1
67 162 1
67 190 1
68 109 1
69 80 1
69 91 1
69 133 1
69 171 1
69 174 1
69 183 1
69 292 1
70 117 1
70 125 1
70 141 1
70 164 1
70 213 1
70 288 1
71 126 1
71 173 1
71 193 1
72 209 1
72 244 1
72 280 1
72 282 1
73 85 1
74 79 1
74 88 1
74 107 1
74 110 1
74 121 1
74 128 1
75 107 1
75 111 1
75 152 1
75 177 1
75 259 1
75 265 1
75 291 1
76 118 1
76 202 1
76 250 1
77 101 1
78 90 1
79 93 1
79 146 1
79 204 1
79 235 1
80 114 1
80 153 1
81 129 1
81 165 1
81 195 1
82 96 1
82 127 1
83 270 1
83 272 1
84 90 1
84 154 1
84 177 1
84 257 1
85 240 1
85 257 1
85 284 1
86 87 1
86 115 1
86 218 1
87 159 1
87 233 1
88 104 1
88 106 1
88 264 1
89 101 1
89 172 1
89 184 1
89 260 1
89 276 1
89 281 1
90 118 1
91 219 1
91 263 1
92 119 1
92 139 1
92 203 1
92 246 1
93 236 1
94 120 1
94 183 1
94 268 1
94 295 1
95 211 1
95 248 1
96 101 1
96 116 1
96 174 1
96 257 1
96 271 1
97 102 1
97 111 1
97 113 1
97 210 1
97 213 1
97 224 1
97 238 1
97 256 1
97 291 1
98 166 1
98 247 1
99 138 1
100 139 1
100 245 1
101 142 1
101 150 1
101 299 1
102 121 1
102 139 1
102 149 1
102 201 1
103 104 1
103 180 1
103 229 1
104 115 1
104 284 1
105 208 1
105 256 1
105 293 1
106 297 1
107 110 1
107 111 1
108 163 1
108 196 1
108 268 1
108 297 1
109 158 1
109 202 1
109 228 1
110 115 1
110 140 1
110 201 1
111 189 1
111 205 1
111 230 1
112 226 1
112 288 1
112 290 1
113 201 1
113 210 1
114 137 1
114 195 1
115 131 1
115 136 1
115 147 1
116 131 1
116 136 1
116 164 1
116 188 1
116 217 1
116 247 1
116 252 1
116 285 1
117 185 1
117 189 1
117 219 1
117 221 1
117 225 1
117 263 1
117 265 1
117 294 1
118 171 1
118 178 1
118 193 1
118 229 1
118 231 1
118 246 1
119 120 1
119 132 1
119 157 1
119 288 1
120 125 1
120 157 1
121 204 1
122 128 1
122 137 1
122 168 1
123 199 1
123 273 1
124 154 1
125 174 1
125 220 1
126 130 1
126 165 1
126 212 1
126 251 1
127 179 1
128 129 1
128 172 1
128 200 1
128 207 1
129 169 1
129 297 1
131 176 1
131 181 1
131 196 1
131 217 1
132 227 1
132 266 1
132 282 1
132 297 1
133 144 1
133 190 1
134 149 1
134 223 1
135 156 1
135 171 1
135 197 1
138 258 1
138 275 1
139 161 1
139 283 1
140 219 1
141 180 1
141 266 1
142 277 1
143 158 1
143 252 1
144 150 1
144 151 1
144 242 1
146 187 1
148 164 1
148 173 1
148 192 1
148 205 1
148 275 1
149 155 1
154 192 1
154 240 1
154 243 1
155 215 1
157 191 1
157 298 1
161 180 1
161 184 1
161 272 1
162 279 1
162 281 1
162 299 1
163 194 1
163 300 1
165 187 1
165 213 1
165 238 1
165 251 1
165 258 1
165 266 1
165 294 1
166 196 1
166 280 1
166 296 1
167 198 1
168 226 1
168 286 1
169 237 1
169 285 1
172 224 1
172 296 1
174 237 1
175 178 1
176 238 1
178 252 1
180 194 1
181 285 1
182 227 1
182 228 1
183 262 1
183 269 1
184 205 1
184 243 1
186 225 1
191 244 1
191 278 1
191 300 1
194 235 1
194 251 1
197 236 1
200 298 1
202 203 1
204 241 1
206 271 1
209 211 1
209 212 1
209 233 1
209 246 1
216 223 1
218 242 1
218 289 1
220 247 1
220 251 1
220 259 1
221 245 1
221 284 1
221 289 1
225 241 1
226 231 1
226 255 1
226 287 1
232 234 1
232 269 1
233 237 1
235 271 1
235 286 1
235 289 1
237 245 1
238 270 1
240 271 1
241 283 1
242 293 1
244 274 1
244 300 1
247 263 1
248 265 1
257 274 1
262 293 1
264 292 1
269 293 1
272 290 1
274 300 1
280 289 1
280 292 1
288 298 1
293 294 1
