1700 6783 
1 5 1
1 6 1
1 8 1
1 9 1
1 11 1
1 12 1
1 13 1
1 14 1
1 17 1
1 19 1
1 21 1
1 23 1
1 25 1
1 26 1
1 27 1
1 28 1
1 29 1
1 32 1
1 36 1
1 37 1
1 38 1
1 40 1
1 47 1
1 48 1
1 59 1
1 61 1
1 62 1
1 76 1
1 79 1
1 82 1
1 102 1
1 107 1
1 109 1
1 115 1
1 145 1
1 160 1
1 161 1
1 173 1
1 176 1
1 181 1
1 187 1
1 194 1
1 205 1
1 224 1
1 239 1
1 246 1
1 253 1
1 256 1
1 261 1
1 263 1
1 281 1
1 295 1
1 321 1
1 353 1
1 355 1
1 357 1
1 361 1
1 369 1
1 379 1
1 383 1
1 397 1
1 419 1
1 426 1
1 456 1
1 462 1
1 465 1
1 469 1
1 487 1
1 498 1
1 506 1
1 516 1
1 526 1
1 534 1
1 556 1
1 581 1
1 595 1
1 607 1
1 625 1
1 643 1
1 651 1
1 672 1
1 699 1
1 714 1
1 720 1
1 731 1
1 739 1
1 741 1
1 745 1
1 757 1
1 759 1
1 801 1
1 805 1
1 809 1
1 828 1
1 829 1
1 835 1
1 837 1
1 846 1
1 853 1
1 859 1
1 862 1
1 886 1
1 892 1
1 914 1
1 920 1
1 923 1
1 933 1
1 937 1
1 1009 1
1 1010 1
1 1027 1
1 1050 1
1 1082 1
1 1097 1
1 1104 1
1 1142 1
1 1147 1
1 1192 1
1 1201 1
1 1228 1
1 1238 1
1 1249 1
1 1265 1
1 1274 1
1 1304 1
1 1318 1
1 1324 1
1 1379 1
1 1406 1
1 1419 1
1 1463 1
1 1497 1
1 1514 1
1 1543 1
1 1550 1
1 1567 1
1 1586 1
1 1620 1
1 1639 1
1 1660 1
2 5 1
2 6 1
2 7 1
2 8 1
2 9 1
2 10 1
2 31 1
2 39 1
2 43 1
2 45 1
2 69 1
2 81 1
2 84 1
2 97 1
2 102 1
2 110 1
2 123 1
2 143 1
2 146 1
2 148 1
2 165 1
2 170 1
2 175 1
2 178 1
2 196 1
2 203 1
2 206 1
2 217 1
2 239 1
2 261 1
2 277 1
2 294 1
2 309 1
2 310 1
2 325 1
2 335 1
2 337 1
2 356 1
2 368 1
2 374 1
2 393 1
2 407 1
2 424 1
2 427 1
2 433 1
2 567 1
2 571 1
2 590 1
2 608 1
2 629 1
2 699 1
2 708 1
2 709 1
2 732 1
2 755 1
2 843 1
2 940 1
2 1043 1
2 1054 1
2 1068 1
2 1155 1
2 1194 1
2 1205 1
2 1273 1
2 1314 1
2 1324 1
2 1416 1
2 1420 1
2 1460 1
2 1461 1
2 1521 1
2 1536 1
2 1565 1
2 1612 1
2 1630 1
2 1679 1
2 1691 1
3 5 1
3 7 1
3 9 1
3 10 1
3 11 1
3 17 1
3 19 1
3 21 1
3 23 1
3 24 1
3 33 1
3 37 1
3 46 1
3 53 1
3 55 1
3 58 1
3 59 1
3 64 1
3 65 1
3 70 1
3 73 1
3 76 1
3 78 1
3 87 1
3 97 1
3 101 1
3 103 1
3 105 1
3 111 1
3 119 1
3 131 1
3 133 1
3 146 1
3 150 1
3 161 1
3 163 1
3 170 1
3 177 1
3 184 1
3 190 1
3 195 1
3 205 1
3 207 1
3 208 1
3 217 1
3 221 1
3 223 1
3 225 1
3 229 1
3 230 1
3 231 1
3 243 1
3 246 1
3 254 1
3 268 1
3 274 1
3 286 1
3 303 1
3 314 1
3 325 1
3 329 1
3 333 1
3 348 1
3 349 1
3 366 1
3 376 1
3 398 1
3 405 1
3 425 1
3 432 1
3 451 1
3 457 1
3 462 1
3 468 1
3 478 1
3 512 1
3 514 1
3 523 1
3 588 1
3 589 1
3 596 1
3 616 1
3 622 1
3 630 1
3 631 1
3 636 1
3 641 1
3 676 1
3 700 1
3 716 1
3 733 1
3 737 1
3 754 1
3 767 1
3 836 1
3 842 1
3 897 1
3 901 1
3 913 1
3 945 1
3 957 1
3 963 1
3 982 1
3 1047 1
3 1115 1
3 1163 1
3 1170 1
3 1269 1
3 1333 1
3 1334 1
3 1346 1
3 1360 1
3 1392 1
3 1394 1
3 1433 1
3 1435 1
3 1559 1
3 1576 1
3 1615 1
3 1622 1
4 5 1
4 6 1
4 8 1
4 25 1
4 27 1
4 29 1
4 44 1
4 50 1
4 53 1
4 92 1
4 107 1
4 146 1
4 174 1
4 214 1
4 215 1
4 228 1
4 259 1
4 286 1
4 300 1
4 316 1
4 327 1
4 334 1
4 397 1
4 411 1
4 439 1
4 463 1
4 486 1
4 508 1
4 517 1
4 525 1
4 529 1
4 530 1
4 533 1
4 555 1
4 604 1
4 610 1
4 611 1
4 652 1
4 760 1
4 781 1
4 860 1
4 905 1
4 993 1
4 1039 1
4 1135 1
4 1181 1
4 1255 1
4 1282 1
4 1528 1
4 1593 1
4 1600 1
4 1687 1
5 6 1
5 7 1
5 11 1
5 18 1
5 19 1
5 21 1
5 26 1
5 29 1
5 30 1
5 32 1
5 42 1
5 50 1
5 57 1
5 60 1
5 63 1
5 78 1
5 95 1
5 99 1
5 107 1
5 113 1
5 117 1
5 118 1
5 124 1
5 126 1
5 127 1
5 130 1
5 135 1
5 139 1
5 140 1
5 147 1
5 148 1
5 149 1
5 153 1
5 157 1
5 158 1
5 181 1
5 189 1
5 195 1
5 204 1
5 206 1
5 224 1
5 280 1
5 296 1
5 297 1
5 304 1
5 308 1
5 338 1
5 365 1
5 381 1
5 382 1
5 402 1
5 409 1
5 429 1
5 438 1
5 443 1
5 467 1
5 472 1
5 479 1
5 482 1
5 496 1
5 503 1
5 505 1
5 517 1
5 523 1
5 556 1
5 577 1
5 590 1
5 608 1
5 629 1
5 640 1
5 668 1
5 669 1
5 688 1
5 698 1
5 706 1
5 713 1
5 743 1
5 750 1
5 780 1
5 799 1
5 804 1
5 855 1
5 889 1
5 896 1
5 897 1
5 927 1
5 949 1
5 953 1
5 968 1
5 978 1
5 1084 1
5 1092 1
5 1124 1
5 1128 1
5 1134 1
5 1137 1
5 1203 1
5 1218 1
5 1233 1
5 1236 1
5 1277 1
5 1295 1
5 1337 1
5 1412 1
5 1474 1
5 1493 1
5 1504 1
5 1523 1
5 1552 1
5 1553 1
5 1616 1
6 7 1
6 8 1
6 13 1
6 15 1
6 17 1
6 24 1
6 27 1
6 29 1
6 30 1
6 41 1
6 45 1
6 61 1
6 67 1
6 68 1
6 70 1
6 71 1
6 82 1
6 83 1
6 87 1
6 155 1
6 167 1
6 168 1
6 192 1
6 199 1
6 250 1
6 256 1
6 261 1
6 299 1
6 311 1
6 314 1
6 364 1
6 428 1
6 479 1
6 499 1
6 560 1
6 626 1
6 670 1
6 692 1
6 711 1
6 719 1
6 781 1
6 846 1
6 875 1
6 932 1
6 945 1
6 955 1
6 992 1
6 1062 1
6 1078 1
6 1108 1
6 1109 1
6 1205 1
6 1229 1
6 1233 1
6 1252 1
6 1262 1
6 1314 1
6 1321 1
6 1402 1
6 1494 1
6 1508 1
6 1516 1
6 1542 1
6 1602 1
6 1614 1
6 1646 1
6 1659 1
6 1676 1
6 1700 1
7 9 1
7 10 1
7 12 1
7 13 1
7 14 1
7 15 1
7 16 1
7 20 1
7 26 1
7 35 1
7 43 1
7 59 1
7 75 1
7 79 1
7 83 1
7 115 1
7 123 1
7 136 1
7 153 1
7 219 1
7 255 1
7 265 1
7 289 1
7 290 1
7 335 1
7 337 1
7 346 1
7 373 1
7 455 1
7 517 1
7 522 1
7 554 1
7 563 1
7 570 1
7 804 1
7 1073 1
7 1105 1
7 1201 1
7 1276 1
7 1342 1
7 1422 1
7 1516 1
7 1572 1
7 1596 1
7 1601 1
8 10 1
8 11 1
8 16 1
8 18 1
8 22 1
8 34 1
8 39 1
8 41 1
8 53 1
8 55 1
8 56 1
8 65 1
8 76 1
8 93 1
8 101 1
8 116 1
8 122 1
8 131 1
8 141 1
8 144 1
8 149 1
8 203 1
8 210 1
8 226 1
8 233 1
8 236 1
8 277 1
8 281 1
8 285 1
8 288 1
8 298 1
8 301 1
8 322 1
8 343 1
8 345 1
8 350 1
8 383 1
8 421 1
8 460 1
8 480 1
8 500 1
8 501 1
8 503 1
8 507 1
8 598 1
8 599 1
8 647 1
8 682 1
8 689 1
8 744 1
8 801 1
8 807 1
8 842 1
8 848 1
8 853 1
8 857 1
8 880 1
8 899 1
8 944 1
8 981 1
8 989 1
8 1117 1
8 1146 1
8 1174 1
8 1255 1
8 1280 1
8 1297 1
8 1314 1
8 1318 1
8 1337 1
8 1343 1
8 1375 1
8 1414 1
8 1436 1
8 1468 1
8 1502 1
8 1545 1
8 1570 1
8 1579 1
8 1685 1
9 12 1
9 14 1
9 16 1
9 24 1
9 28 1
9 31 1
9 33 1
9 42 1
9 48 1
9 54 1
9 58 1
9 63 1
9 68 1
9 90 1
9 110 1
9 112 1
9 115 1
9 117 1
9 151 1
9 170 1
9 171 1
9 190 1
9 214 1
9 260 1
9 282 1
9 315 1
9 338 1
9 358 1
9 388 1
9 400 1
9 421 1
9 433 1
9 434 1
9 464 1
9 511 1
9 544 1
9 597 1
9 761 1
9 774 1
9 801 1
9 817 1
9 827 1
9 856 1
9 936 1
9 964 1
9 980 1
9 1017 1
9 1114 1
9 1150 1
9 1188 1
9 1193 1
9 1225 1
9 1275 1
9 1289 1
9 1352 1
9 1379 1
9 1406 1
9 1524 1
9 1603 1
9 1651 1
10 20 1
10 23 1
10 34 1
10 39 1
10 46 1
10 52 1
10 64 1
10 74 1
10 81 1
10 89 1
10 97 1
10 125 1
10 132 1
10 156 1
10 171 1
10 178 1
10 201 1
10 209 1
10 217 1
10 232 1
10 246 1
10 408 1
10 409 1
10 415 1
10 429 1
10 478 1
10 507 1
10 591 1
10 643 1
10 665 1
10 723 1
10 727 1
10 789 1
10 802 1
10 830 1
10 832 1
10 843 1
10 864 1
10 883 1
10 922 1
10 940 1
10 1060 1
10 1176 1
10 1244 1
10 1299 1
10 1336 1
10 1357 1
10 1369 1
10 1386 1
10 1455 1
10 1507 1
10 1564 1
10 1586 1
10 1623 1
11 12 1
11 13 1
11 14 1
11 15 1
11 18 1
11 25 1
11 28 1
11 31 1
11 35 1
11 38 1
11 44 1
11 46 1
11 69 1
11 89 1
11 94 1
11 100 1
11 104 1
11 106 1
11 112 1
11 116 1
11 119 1
11 127 1
11 150 1
11 157 1
11 202 1
11 207 1
11 236 1
11 242 1
11 263 1
11 291 1
11 292 1
11 296 1
11 302 1
11 329 1
11 339 1
11 379 1
11 528 1
11 530 1
11 557 1
11 559 1
11 563 1
11 567 1
11 572 1
11 631 1
11 647 1
11 656 1
11 749 1
11 771 1
11 837 1
11 860 1
11 912 1
11 963 1
11 966 1
11 999 1
11 1038 1
11 1042 1
11 1051 1
11 1068 1
11 1091 1
11 1186 1
11 1195 1
11 1216 1
11 1295 1
11 1330 1
11 1334 1
11 1370 1
11 1389 1
11 1406 1
11 1414 1
11 1573 1
11 1578 1
11 1618 1
12 15 1
12 16 1
12 17 1
12 21 1
12 22 1
12 27 1
12 44 1
12 49 1
12 56 1
12 66 1
12 71 1
12 77 1
12 86 1
12 104 1
12 113 1
12 122 1
12 237 1
12 238 1
12 250 1
12 252 1
12 255 1
12 258 1
12 272 1
12 283 1
12 309 1
12 341 1
12 347 1
12 351 1
12 379 1
12 403 1
12 455 1
12 458 1
12 482 1
12 485 1
12 489 1
12 503 1
12 515 1
12 588 1
12 590 1
12 619 1
12 620 1
12 632 1
12 656 1
12 671 1
12 674 1
12 675 1
12 679 1
12 693 1
12 724 1
12 746 1
12 761 1
12 779 1
12 784 1
12 799 1
12 817 1
12 859 1
12 862 1
12 888 1
12 894 1
12 926 1
12 928 1
12 990 1
12 1001 1
12 1020 1
12 1084 1
12 1106 1
12 1116 1
12 1137 1
12 1152 1
12 1192 1
12 1217 1
12 1229 1
12 1381 1
12 1387 1
12 1436 1
12 1544 1
12 1587 1
12 1602 1
12 1610 1
12 1644 1
12 1664 1
12 1678 1
13 20 1
13 31 1
13 36 1
13 42 1
13 74 1
13 83 1
13 89 1
13 95 1
13 102 1
13 110 1
13 140 1
13 196 1
13 209 1
13 219 1
13 225 1
13 332 1
13 340 1
13 452 1
13 466 1
13 477 1
13 486 1
13 511 1
13 547 1
13 551 1
13 563 1
13 568 1
13 609 1
13 618 1
13 633 1
13 684 1
13 744 1
13 777 1
13 911 1
13 923 1
13 947 1
13 965 1
13 1008 1
13 1053 1
13 1120 1
13 1166 1
13 1173 1
13 1226 1
13 1290 1
13 1301 1
13 1484 1
14 22 1
14 43 1
14 64 1
14 66 1
14 88 1
14 130 1
14 161 1
14 215 1
14 251 1
14 257 1
14 259 1
14 269 1
14 459 1
14 532 1
14 571 1
14 596 1
14 699 1
14 738 1
14 803 1
14 817 1
14 839 1
14 871 1
14 975 1
14 1059 1
14 1116 1
14 1134 1
14 1209 1
14 1530 1
14 1592 1
15 18 1
15 20 1
15 24 1
15 30 1
15 32 1
15 37 1
15 38 1
15 51 1
15 58 1
15 63 1
15 68 1
15 72 1
15 95 1
15 98 1
15 99 1
15 109 1
15 121 1
15 129 1
15 137 1
15 143 1
15 149 1
15 160 1
15 187 1
15 200 1
15 255 1
15 262 1
15 284 1
15 317 1
15 326 1
15 344 1
15 375 1
15 460 1
15 464 1
15 530 1
15 538 1
15 565 1
15 703 1
15 731 1
15 783 1
15 809 1
15 906 1
15 961 1
15 1070 1
15 1077 1
15 1108 1
15 1119 1
15 1125 1
15 1184 1
15 1226 1
15 1280 1
15 1281 1
15 1387 1
15 1440 1
15 1547 1
15 1560 1
15 1689 1
16 19 1
16 45 1
16 47 1
16 79 1
16 86 1
16 88 1
16 136 1
16 166 1
16 309 1
16 341 1
16 360 1
16 366 1
16 768 1
16 1036 1
16 1101 1
16 1103 1
16 1166 1
16 1224 1
16 1310 1
16 1383 1
16 1543 1
16 1563 1
16 1662 1
17 40 1
17 60 1
17 98 1
17 106 1
17 433 1
17 445 1
17 495 1
17 758 1
17 835 1
17 1028 1
17 1039 1
17 1188 1
17 1329 1
17 1361 1
17 1444 1
18 30 1
18 40 1
18 77 1
18 145 1
18 151 1
18 236 1
18 245 1
18 258 1
18 259 1
18 328 1
18 404 1
18 479 1
18 685 1
18 737 1
18 751 1
18 916 1
18 921 1
18 979 1
18 999 1
18 1116 1
18 1195 1
18 1218 1
18 1513 1
18 1632 1
19 22 1
19 23 1
19 28 1
19 39 1
19 54 1
19 62 1
19 65 1
19 86 1
19 87 1
19 88 1
19 90 1
19 100 1
19 105 1
19 114 1
19 121 1
19 126 1
19 142 1
19 144 1
19 145 1
19 159 1
19 172 1
19 180 1
19 189 1
19 221 1
19 247 1
19 280 1
19 283 1
19 285 1
19 287 1
19 316 1
19 323 1
19 393 1
19 403 1
19 510 1
19 513 1
19 524 1
19 555 1
19 570 1
19 580 1
19 584 1
19 587 1
19 599 1
19 621 1
19 666 1
19 760 1
19 770 1
19 793 1
19 803 1
19 870 1
19 944 1
19 990 1
19 1037 1
19 1107 1
19 1302 1
19 1358 1
19 1498 1
19 1591 1
19 1629 1
19 1633 1
19 1655 1
19 1684 1
20 25 1
20 35 1
20 47 1
20 65 1
20 73 1
20 111 1
20 164 1
20 185 1
20 192 1
20 197 1
20 220 1
20 227 1
20 253 1
20 325 1
20 352 1
20 363 1
20 499 1
20 794 1
20 829 1
20 937 1
20 946 1
20 970 1
20 1118 1
20 1130 1
20 1235 1
20 1273 1
20 1277 1
20 1444 1
20 1580 1
20 1681 1
20 1700 1
21 35 1
21 75 1
21 105 1
21 164 1
21 187 1
21 377 1
21 423 1
21 467 1
21 723 1
21 776 1
21 821 1
21 887 1
21 1090 1
21 1157 1
21 1162 1
22 26 1
22 41 1
22 55 1
22 56 1
22 60 1
22 67 1
22 92 1
22 94 1
22 111 1
22 125 1
22 128 1
22 136 1
22 166 1
22 208 1
22 361 1
22 441 1
22 451 1
22 476 1
22 534 1
22 567 1
22 584 1
22 585 1
22 642 1
22 681 1
22 786 1
22 878 1
22 927 1
22 944 1
22 978 1
22 1193 1
22 1328 1
22 1344 1
22 1368 1
22 1369 1
22 1372 1
22 1377 1
22 1479 1
22 1480 1
22 1546 1
22 1596 1
23 34 1
23 47 1
23 51 1
23 61 1
23 78 1
23 113 1
23 126 1
23 138 1
23 140 1
23 174 1
23 218 1
23 267 1
23 288 1
23 324 1
23 327 1
23 439 1
23 542 1
23 633 1
23 753 1
23 972 1
23 990 1
23 1011 1
23 1022 1
23 1095 1
23 1324 1
23 1351 1
23 1352 1
23 1393 1
23 1488 1
23 1524 1
23 1654 1
23 1674 1
23 1676 1
23 1691 1
24 40 1
24 42 1
24 54 1
24 56 1
24 70 1
24 99 1
24 139 1
24 142 1
24 212 1
24 306 1
24 352 1
24 455 1
24 676 1
24 744 1
24 960 1
24 1040 1
24 1042 1
24 1149 1
24 1250 1
24 1267 1
25 33 1
25 44 1
25 49 1
25 55 1
25 93 1
25 138 1
25 159 1
25 218 1
25 248 1
25 256 1
25 278 1
25 317 1
25 401 1
25 471 1
25 487 1
25 556 1
25 609 1
25 633 1
25 637 1
25 755 1
25 787 1
25 862 1
25 963 1
25 1010 1
25 1066 1
25 1086 1
25 1139 1
25 1192 1
25 1335 1
25 1380 1
25 1484 1
25 1584 1
26 52 1
26 60 1
26 66 1
26 108 1
26 195 1
26 206 1
26 289 1
26 346 1
26 410 1
26 475 1
26 493 1
26 560 1
26 591 1
26 614 1
26 617 1
26 693 1
26 856 1
26 908 1
26 1006 1
26 1100 1
26 1104 1
26 1141 1
26 1143 1
26 1191 1
26 1471 1
27 41 1
27 62 1
27 64 1
27 80 1
27 100 1
27 113 1
27 176 1
27 229 1
27 380 1
27 485 1
27 549 1
27 579 1
27 605 1
27 631 1
27 922 1
27 939 1
27 952 1
27 1043 1
27 1069 1
27 1201 1
27 1325 1
27 1349 1
27 1363 1
27 1452 1
27 1600 1
27 1690 1
28 48 1
28 112 1
28 232 1
28 241 1
28 329 1
28 342 1
28 368 1
28 441 1
28 599 1
28 608 1
28 749 1
28 820 1
28 827 1
28 833 1
28 860 1
28 984 1
28 1030 1
28 1145 1
28 1148 1
28 1342 1
28 1505 1
28 1566 1
28 1581 1
28 1665 1
29 33 1
29 37 1
29 46 1
29 72 1
29 74 1
29 76 1
29 92 1
29 103 1
29 151 1
29 153 1
29 198 1
29 205 1
29 213 1
29 231 1
29 238 1
29 287 1
29 328 1
29 381 1
29 401 1
29 428 1
29 436 1
29 448 1
29 469 1
29 491 1
29 494 1
29 508 1
29 515 1
29 544 1
29 554 1
29 606 1
29 707 1
29 732 1
29 820 1
29 834 1
29 1014 1
29 1072 1
29 1136 1
29 1291 1
29 1415 1
29 1428 1
29 1464 1
29 1485 1
29 1489 1
29 1597 1
29 1635 1
29 1636 1
29 1693 1
30 36 1
30 43 1
30 53 1
30 63 1
30 75 1
30 87 1
30 103 1
30 245 1
30 273 1
30 307 1
30 364 1
30 377 1
30 406 1
30 443 1
30 537 1
30 690 1
30 818 1
30 863 1
30 1135 1
30 1200 1
30 1518 1
31 32 1
31 36 1
31 50 1
31 57 1
31 61 1
31 77 1
31 155 1
31 161 1
31 166 1
31 183 1
31 262 1
31 293 1
31 333 1
31 386 1
31 502 1
31 548 1
31 550 1
31 559 1
31 603 1
31 679 1
31 725 1
31 733 1
31 1161 1
31 1290 1
31 1370 1
31 1430 1
32 34 1
32 57 1
32 80 1
32 93 1
32 141 1
32 142 1
32 160 1
32 201 1
32 234 1
32 282 1
32 322 1
32 447 1
32 469 1
32 545 1
32 569 1
32 659 1
32 740 1
32 769 1
32 911 1
32 1252 1
32 1481 1
32 1671 1
33 49 1
33 133 1
33 159 1
33 287 1
33 546 1
33 678 1
33 742 1
33 767 1
33 783 1
33 988 1
33 1015 1
33 1049 1
33 1083 1
33 1485 1
33 1540 1
33 1579 1
33 1639 1
34 52 1
34 173 1
34 308 1
34 386 1
34 436 1
34 440 1
34 603 1
34 889 1
34 904 1
34 950 1
34 976 1
34 1234 1
34 1315 1
34 1500 1
34 1525 1
34 1655 1
34 1682 1
35 52 1
35 86 1
35 106 1
35 156 1
35 181 1
35 182 1
35 186 1
35 198 1
35 231 1
35 235 1
35 243 1
35 258 1
35 368 1
35 376 1
35 410 1
35 472 1
35 473 1
35 604 1
35 626 1
35 673 1
35 675 1
35 748 1
35 854 1
35 927 1
35 1005 1
35 1006 1
35 1035 1
35 1094 1
35 1169 1
35 1240 1
35 1302 1
35 1304 1
35 1311 1
35 1580 1
35 1620 1
35 1632 1
35 1638 1
36 58 1
36 67 1
36 94 1
36 223 1
36 269 1
36 427 1
36 631 1
36 725 1
36 795 1
36 820 1
36 962 1
36 1498 1
37 38 1
37 120 1
37 333 1
37 360 1
37 1235 1
37 1257 1
37 1659 1
37 1687 1
38 81 1
38 85 1
38 138 1
38 144 1
38 154 1
38 221 1
38 244 1
38 305 1
38 310 1
38 320 1
38 331 1
38 335 1
38 374 1
38 376 1
38 396 1
38 451 1
38 487 1
38 506 1
38 549 1
38 635 1
38 717 1
38 774 1
38 786 1
38 834 1
38 895 1
38 1050 1
38 1130 1
38 1134 1
38 1246 1
38 1281 1
38 1291 1
38 1297 1
38 1316 1
38 1416 1
38 1424 1
38 1425 1
38 1465 1
38 1491 1
38 1553 1
38 1628 1
38 1668 1
38 1688 1
39 50 1
39 51 1
39 114 1
39 118 1
39 185 1
39 188 1
39 189 1
39 190 1
39 200 1
39 218 1
39 299 1
39 332 1
39 363 1
39 384 1
39 387 1
39 621 1
39 722 1
39 802 1
39 857 1
39 956 1
39 1252 1
39 1529 1
39 1697 1
40 126 1
40 194 1
40 202 1
40 367 1
40 540 1
40 1014 1
40 1663 1
41 67 1
41 71 1
41 73 1
41 98 1
41 114 1
41 150 1
41 281 1
41 414 1
41 484 1
41 571 1
41 735 1
41 863 1
41 894 1
41 1313 1
41 1314 1
41 1316 1
41 1350 1
41 1604 1
41 1642 1
42 280 1
42 330 1
43 103 1
43 118 1
43 324 1
43 507 1
43 609 1
43 1653 1
44 45 1
44 49 1
44 90 1
44 106 1
44 129 1
44 191 1
44 252 1
44 265 1
44 266 1
44 326 1
44 328 1
44 330 1
44 356 1
44 415 1
44 442 1
44 562 1
44 688 1
44 745 1
44 762 1
44 873 1
44 961 1
44 1044 1
44 1143 1
44 1173 1
44 1376 1
44 1455 1
44 1669 1
45 78 1
45 80 1
45 85 1
45 108 1
45 123 1
45 148 1
45 162 1
45 182 1
45 191 1
45 233 1
45 234 1
45 253 1
45 270 1
45 272 1
45 294 1
45 385 1
45 389 1
45 395 1
45 417 1
45 551 1
45 587 1
45 599 1
45 831 1
45 974 1
45 1002 1
45 1182 1
45 1183 1
45 1289 1
45 1321 1
45 1364 1
45 1369 1
45 1456 1
45 1668 1
46 48 1
46 74 1
46 495 1
46 625 1
46 644 1
46 680 1
46 1323 1
46 1381 1
46 1423 1
46 1451 1
46 1641 1
47 127 1
47 128 1
47 370 1
47 371 1
47 384 1
47 477 1
47 513 1
47 601 1
47 805 1
47 813 1
47 883 1
47 918 1
47 1189 1
47 1403 1
47 1404 1
47 1542 1
48 54 1
48 68 1
48 70 1
48 119 1
48 135 1
48 155 1
48 158 1
48 197 1
48 205 1
48 317 1
48 341 1
48 448 1
48 561 1
48 605 1
48 709 1
48 767 1
48 798 1
48 811 1
48 901 1
48 930 1
48 1331 1
48 1365 1
48 1486 1
48 1567 1
49 51 1
49 187 1
49 211 1
49 235 1
49 339 1
49 405 1
49 452 1
49 492 1
49 546 1
49 547 1
49 715 1
49 762 1
49 799 1
49 816 1
49 849 1
49 887 1
49 1128 1
49 1180 1
49 1218 1
49 1288 1
49 1298 1
49 1308 1
49 1470 1
49 1559 1
50 209 1
50 256 1
50 284 1
50 407 1
50 511 1
50 613 1
50 643 1
50 1125 1
50 1136 1
51 185 1
51 381 1
51 389 1
51 531 1
51 582 1
51 617 1
51 702 1
51 904 1
51 1005 1
51 1536 1
51 1587 1
52 136 1
52 154 1
52 159 1
52 168 1
52 240 1
52 249 1
52 278 1
52 434 1
52 475 1
52 662 1
52 1098 1
52 1111 1
52 1135 1
52 1172 1
52 1188 1
52 1270 1
52 1394 1
52 1517 1
52 1528 1
52 1600 1
53 135 1
53 162 1
53 390 1
53 478 1
53 538 1
53 543 1
53 657 1
53 1020 1
53 1425 1
53 1623 1
54 71 1
54 114 1
54 120 1
54 130 1
54 141 1
54 144 1
54 164 1
54 169 1
54 178 1
54 186 1
54 248 1
54 388 1
54 550 1
54 581 1
54 634 1
54 657 1
54 697 1
54 768 1
54 806 1
54 962 1
54 1049 1
54 1075 1
54 1080 1
54 1107 1
54 1226 1
54 1330 1
54 1338 1
54 1354 1
54 1601 1
55 57 1
55 59 1
55 66 1
55 72 1
55 82 1
55 172 1
55 210 1
55 1052 1
55 1086 1
55 1440 1
55 1640 1
56 62 1
56 69 1
56 209 1
56 270 1
56 273 1
56 481 1
56 649 1
56 686 1
56 695 1
56 852 1
56 1184 1
56 1219 1
56 1261 1
56 1464 1
57 96 1
57 269 1
57 459 1
57 701 1
57 820 1
57 984 1
57 1118 1
57 1165 1
57 1266 1
57 1496 1
57 1625 1
58 142 1
58 146 1
58 156 1
58 230 1
58 380 1
58 398 1
58 446 1
58 499 1
58 666 1
58 669 1
58 694 1
58 715 1
58 729 1
58 829 1
58 1043 1
58 1112 1
58 1339 1
58 1578 1
59 75 1
59 84 1
59 171 1
59 210 1
59 240 1
59 350 1
59 405 1
59 431 1
59 440 1
59 461 1
59 504 1
59 524 1
59 528 1
59 534 1
59 536 1
59 634 1
59 654 1
59 686 1
59 759 1
59 964 1
59 994 1
59 1015 1
59 1186 1
59 1269 1
59 1276 1
59 1278 1
59 1287 1
59 1312 1
59 1329 1
59 1470 1
59 1533 1
59 1539 1
59 1611 1
59 1612 1
60 338 1
60 445 1
60 454 1
60 682 1
60 713 1
60 807 1
60 1177 1
60 1329 1
60 1463 1
61 85 1
61 172 1
61 181 1
61 264 1
61 265 1
61 367 1
61 532 1
61 593 1
61 652 1
61 758 1
61 867 1
61 1430 1
61 1462 1
61 1501 1
61 1650 1
62 98 1
62 104 1
62 121 1
62 131 1
62 150 1
62 175 1
62 184 1
62 214 1
62 232 1
62 255 1
62 260 1
62 264 1
62 273 1
62 319 1
62 359 1
62 362 1
62 416 1
62 417 1
62 430 1
62 521 1
62 535 1
62 558 1
62 568 1
62 639 1
62 649 1
62 782 1
62 793 1
62 900 1
62 971 1
62 1029 1
62 1067 1
62 1140 1
62 1205 1
62 1231 1
62 1318 1
62 1344 1
62 1368 1
62 1445 1
63 271 1
63 291 1
63 1027 1
63 1693 1
64 107 1
64 296 1
64 343 1
64 357 1
64 388 1
64 442 1
64 501 1
64 513 1
64 551 1
64 566 1
64 579 1
64 594 1
64 842 1
64 877 1
64 969 1
64 1020 1
64 1497 1
64 1690 1
65 81 1
65 90 1
65 132 1
65 202 1
65 253 1
65 260 1
65 424 1
65 431 1
65 476 1
65 620 1
65 664 1
65 787 1
65 789 1
65 972 1
65 1061 1
65 1285 1
65 1435 1
66 69 1
66 149 1
66 157 1
66 235 1
66 458 1
66 511 1
66 536 1
66 548 1
66 600 1
66 783 1
66 808 1
66 844 1
66 894 1
66 902 1
66 1100 1
66 1118 1
66 1143 1
66 1221 1
66 1245 1
66 1415 1
66 1452 1
66 1539 1
66 1576 1
66 1581 1
66 1634 1
67 94 1
67 433 1
67 500 1
67 626 1
67 707 1
67 730 1
67 1355 1
68 91 1
68 239 1
68 248 1
68 445 1
68 711 1
68 1400 1
68 1450 1
69 73 1
69 97 1
69 164 1
69 180 1
69 193 1
69 393 1
69 399 1
69 410 1
69 470 1
69 505 1
69 540 1
69 585 1
69 621 1
69 655 1
69 689 1
69 692 1
69 756 1
69 854 1
69 858 1
69 876 1
69 967 1
69 989 1
69 1080 1
69 1154 1
69 1260 1
69 1305 1
69 1345 1
69 1489 1
69 1548 1
69 1568 1
69 1607 1
69 1643 1
70 112 1
70 128 1
70 175 1
70 180 1
70 195 1
70 204 1
70 249 1
70 270 1
70 442 1
70 457 1
70 688 1
70 960 1
70 1058 1
70 1506 1
70 1562 1
71 72 1
71 77 1
71 95 1
71 109 1
71 125 1
71 134 1
71 233 1
71 271 1
71 389 1
71 425 1
71 670 1
71 763 1
71 949 1
71 962 1
71 1204 1
71 1334 1
72 80 1
72 82 1
72 96 1
72 168 1
72 192 1
72 279 1
72 295 1
72 326 1
72 354 1
72 360 1
72 400 1
72 418 1
72 428 1
72 533 1
72 600 1
72 635 1
72 663 1
72 698 1
72 867 1
72 1025 1
72 1321 1
72 1374 1
72 1633 1
73 79 1
73 84 1
73 101 1
73 108 1
73 173 1
73 179 1
73 213 1
73 227 1
73 248 1
73 283 1
73 383 1
73 395 1
73 426 1
73 428 1
73 429 1
73 535 1
73 656 1
73 659 1
73 676 1
73 710 1
73 910 1
73 930 1
73 978 1
73 991 1
73 1040 1
73 1041 1
73 1137 1
73 1351 1
73 1392 1
73 1396 1
73 1480 1
73 1502 1
73 1509 1
74 89 1
74 109 1
74 118 1
74 122 1
74 211 1
74 259 1
74 262 1
74 291 1
74 370 1
74 482 1
74 752 1
74 891 1
74 1097 1
74 1129 1
74 1139 1
74 1140 1
74 1171 1
74 1231 1
74 1295 1
74 1340 1
74 1400 1
75 122 1
75 155 1
75 466 1
75 867 1
75 998 1
76 84 1
76 85 1
76 91 1
76 105 1
76 128 1
76 147 1
76 156 1
76 165 1
76 238 1
76 382 1
76 391 1
76 529 1
76 606 1
76 745 1
76 762 1
76 811 1
76 823 1
76 831 1
76 981 1
76 1090 1
76 1171 1
76 1217 1
76 1231 1
76 1338 1
76 1492 1
76 1516 1
76 1523 1
76 1526 1
76 1551 1
76 1559 1
76 1594 1
76 1639 1
77 110 1
77 141 1
77 225 1
77 290 1
77 373 1
77 516 1
77 519 1
77 716 1
77 741 1
77 796 1
77 823 1
77 842 1
77 849 1
77 871 1
77 946 1
77 1035 1
77 1038 1
77 1443 1
78 115 1
78 117 1
78 137 1
78 160 1
78 186 1
78 198 1
78 257 1
78 301 1
78 371 1
78 429 1
78 449 1
78 483 1
78 598 1
78 650 1
78 664 1
78 1033 1
78 1310 1
78 1557 1
78 1568 1
78 1588 1
78 1629 1
79 83 1
79 117 1
79 147 1
79 173 1
79 354 1
79 654 1
79 709 1
80 96 1
80 233 1
80 288 1
80 481 1
80 627 1
80 705 1
80 893 1
80 972 1
80 1116 1
80 1167 1
81 549 1
81 655 1
81 685 1
81 723 1
81 776 1
81 789 1
81 992 1
81 1320 1
82 91 1
82 92 1
82 162 1
82 240 1
82 251 1
82 386 1
82 392 1
82 411 1
82 435 1
82 472 1
82 495 1
82 587 1
82 687 1
82 721 1
82 884 1
82 1294 1
82 1466 1
82 1512 1
82 1538 1
82 1549 1
82 1583 1
82 1599 1
83 88 1
83 138 1
83 226 1
83 228 1
83 303 1
83 305 1
83 349 1
83 350 1
83 494 1
83 704 1
83 896 1
83 988 1
83 1179 1
83 1235 1
83 1388 1
83 1425 1
83 1450 1
83 1656 1
84 119 1
84 121 1
84 124 1
84 139 1
84 158 1
84 220 1
84 222 1
84 277 1
84 299 1
84 303 1
84 344 1
84 348 1
84 409 1
84 443 1
84 450 1
84 473 1
84 677 1
84 836 1
84 936 1
84 952 1
84 1007 1
84 1071 1
84 1337 1
84 1626 1
84 1635 1
84 1667 1
85 91 1
85 100 1
85 101 1
85 102 1
85 208 1
85 216 1
85 245 1
85 275 1
85 292 1
85 314 1
85 355 1
85 372 1
85 420 1
85 548 1
85 574 1
85 600 1
85 615 1
85 696 1
85 922 1
85 929 1
85 1006 1
85 1107 1
85 1126 1
85 1176 1
85 1362 1
85 1414 1
85 1497 1
85 1527 1
85 1532 1
86 96 1
86 376 1
86 456 1
86 852 1
86 1158 1
86 1279 1
86 1575 1
87 116 1
87 151 1
87 261 1
87 274 1
87 668 1
87 881 1
87 904 1
87 1045 1
87 1117 1
88 165 1
88 204 1
88 893 1
89 223 1
89 336 1
89 461 1
89 729 1
89 771 1
89 916 1
89 957 1
89 1069 1
89 1078 1
89 1152 1
89 1164 1
89 1510 1
90 473 1
90 821 1
90 1571 1
91 93 1
91 152 1
91 200 1
91 358 1
91 638 1
91 756 1
91 815 1
91 818 1
91 908 1
91 1250 1
91 1294 1
91 1340 1
91 1385 1
91 1473 1
91 1503 1
91 1508 1
91 1610 1
92 99 1
92 290 1
92 317 1
92 638 1
92 642 1
92 865 1
92 944 1
92 1075 1
92 1106 1
92 1167 1
92 1411 1
93 130 1
93 137 1
93 167 1
93 176 1
93 179 1
93 197 1
93 250 1
93 254 1
93 281 1
93 322 1
93 416 1
93 422 1
93 534 1
93 536 1
93 545 1
93 583 1
93 589 1
93 649 1
93 700 1
93 720 1
93 987 1
93 1026 1
93 1066 1
93 1175 1
93 1220 1
93 1234 1
93 1281 1
93 1399 1
94 104 1
94 169 1
94 198 1
94 224 1
94 331 1
94 384 1
94 389 1
94 401 1
94 422 1
94 425 1
94 451 1
94 481 1
94 619 1
94 639 1
94 781 1
94 791 1
94 816 1
94 1177 1
94 1392 1
94 1538 1
94 1593 1
94 1693 1
95 108 1
95 116 1
95 162 1
95 165 1
95 168 1
95 175 1
95 199 1
95 215 1
95 267 1
95 268 1
95 301 1
95 391 1
95 449 1
95 581 1
95 635 1
95 713 1
95 791 1
95 1088 1
95 1169 1
95 1253 1
95 1272 1
95 1377 1
95 1512 1
95 1551 1
95 1578 1
96 120 1
96 291 1
96 327 1
96 363 1
96 420 1
96 585 1
96 1619 1
97 133 1
97 306 1
97 342 1
97 415 1
97 431 1
97 432 1
97 480 1
97 481 1
97 698 1
97 797 1
97 845 1
97 935 1
97 1300 1
97 1333 1
98 111 1
98 137 1
98 196 1
98 270 1
98 366 1
98 370 1
98 657 1
98 709 1
98 812 1
98 869 1
98 967 1
98 968 1
98 996 1
98 1195 1
98 1279 1
98 1513 1
99 148 1
99 211 1
99 240 1
99 455 1
99 470 1
99 494 1
99 840 1
99 853 1
99 886 1
99 1470 1
99 1501 1
100 140 1
100 154 1
100 163 1
100 178 1
100 179 1
100 263 1
100 292 1
100 313 1
100 425 1
100 496 1
100 582 1
100 650 1
100 666 1
100 726 1
100 824 1
100 902 1
100 947 1
100 984 1
100 1010 1
100 1092 1
100 1098 1
100 1124 1
100 1138 1
100 1151 1
100 1365 1
100 1485 1
100 1512 1
100 1685 1
101 134 1
101 244 1
101 310 1
101 331 1
101 356 1
101 447 1
101 490 1
101 510 1
101 519 1
101 574 1
101 639 1
101 727 1
101 903 1
101 1155 1
101 1564 1
102 372 1
102 580 1
102 1085 1
102 1113 1
102 1284 1
103 177 1
103 347 1
103 403 1
103 773 1
103 1063 1
103 1065 1
103 1138 1
103 1153 1
103 1397 1
104 166 1
104 176 1
104 188 1
104 298 1
104 312 1
104 334 1
104 470 1
104 474 1
104 518 1
104 541 1
104 561 1
104 567 1
104 1064 1
104 1089 1
104 1477 1
104 1646 1
105 129 1
105 191 1
105 199 1
105 471 1
105 510 1
105 533 1
105 1275 1
105 1286 1
105 1569 1
106 157 1
106 191 1
106 194 1
106 247 1
106 272 1
106 284 1
106 300 1
106 408 1
106 541 1
106 614 1
106 687 1
106 739 1
106 759 1
106 836 1
106 1250 1
106 1259 1
106 1323 1
106 1487 1
106 1488 1
106 1556 1
106 1618 1
106 1632 1
106 1652 1
107 134 1
107 174 1
107 193 1
107 315 1
107 735 1
107 916 1
107 928 1
107 1102 1
107 1223 1
108 123 1
108 125 1
108 127 1
108 183 1
108 192 1
108 258 1
108 323 1
108 326 1
108 392 1
108 404 1
108 419 1
108 420 1
108 482 1
108 1062 1
108 1499 1
109 124 1
109 237 1
109 251 1
109 268 1
109 334 1
109 361 1
109 371 1
109 379 1
109 630 1
109 651 1
109 671 1
109 680 1
109 824 1
109 897 1
109 958 1
109 1009 1
109 1094 1
109 1129 1
109 1181 1
109 1356 1
109 1417 1
109 1477 1
109 1548 1
109 1570 1
110 292 1
110 362 1
110 382 1
110 430 1
110 575 1
110 619 1
110 681 1
110 1666 1
111 363 1
111 488 1
111 565 1
111 613 1
111 654 1
111 791 1
111 1468 1
112 120 1
112 1025 1
113 124 1
113 134 1
113 135 1
113 154 1
113 182 1
113 207 1
113 227 1
113 228 1
113 280 1
113 329 1
113 351 1
113 369 1
113 394 1
113 477 1
113 577 1
113 623 1
113 728 1
113 806 1
113 864 1
113 1004 1
113 1059 1
113 1073 1
113 1255 1
113 1256 1
113 1276 1
113 1479 1
113 1532 1
113 1565 1
114 132 1
114 237 1
114 795 1
114 1207 1
114 1220 1
114 1230 1
114 1638 1
115 129 1
115 152 1
115 169 1
115 265 1
115 276 1
115 302 1
115 311 1
115 336 1
115 524 1
115 541 1
115 605 1
115 689 1
115 731 1
115 777 1
115 800 1
115 948 1
115 955 1
115 1025 1
115 1028 1
115 1180 1
115 1301 1
115 1405 1
115 1410 1
115 1482 1
115 1568 1
116 133 1
116 394 1
116 396 1
116 1019 1
116 1050 1
116 1415 1
117 188 1
117 220 1
117 483 1
117 526 1
117 616 1
117 780 1
117 925 1
117 1480 1
117 1657 1
118 132 1
118 143 1
118 206 1
118 498 1
118 597 1
118 653 1
118 669 1
118 1123 1
119 172 1
119 244 1
119 260 1
119 266 1
119 286 1
119 313 1
119 1142 1
119 1154 1
119 1177 1
119 1339 1
119 1452 1
120 1003 1
120 1500 1
120 1540 1
120 1621 1
121 307 1
121 332 1
121 344 1
121 638 1
121 717 1
121 946 1
121 1260 1
122 226 1
122 300 1
122 552 1
123 131 1
123 153 1
123 180 1
123 476 1
123 489 1
123 490 1
123 661 1
123 815 1
123 913 1
123 1109 1
123 1382 1
123 1526 1
124 324 1
124 395 1
124 768 1
124 891 1
124 1145 1
124 1625 1
125 163 1
125 169 1
125 200 1
125 201 1
125 306 1
125 385 1
125 408 1
125 558 1
125 683 1
125 698 1
125 710 1
125 855 1
125 877 1
125 903 1
125 929 1
125 1034 1
125 1051 1
125 1112 1
125 1339 1
125 1382 1
125 1396 1
125 1519 1
125 1534 1
126 170 1
126 194 1
126 232 1
126 237 1
126 277 1
126 288 1
126 590 1
126 659 1
126 683 1
126 747 1
126 923 1
126 1161 1
126 1201 1
126 1249 1
126 1258 1
126 1391 1
126 1695 1
127 275 1
127 347 1
127 485 1
127 525 1
127 566 1
127 877 1
127 1216 1
128 219 1
129 297 1
129 441 1
129 520 1
129 880 1
129 1526 1
130 167 1
130 193 1
130 212 1
130 444 1
130 845 1
130 930 1
130 1062 1
130 1623 1
131 357 1
131 1105 1
132 223 1
132 224 1
132 268 1
132 284 1
132 498 1
132 521 1
132 565 1
132 569 1
132 571 1
132 682 1
132 907 1
132 1133 1
132 1263 1
132 1282 1
132 1401 1
132 1515 1
132 1577 1
132 1583 1
133 526 1
133 584 1
133 623 1
133 1349 1
134 139 1
134 174 1
134 213 1
134 412 1
134 564 1
134 725 1
134 732 1
134 891 1
134 966 1
134 989 1
134 1050 1
134 1079 1
134 1119 1
134 1356 1
134 1411 1
134 1475 1
134 1497 1
135 753 1
135 1435 1
136 199 1
136 303 1
136 458 1
136 607 1
136 707 1
136 814 1
136 890 1
136 959 1
136 1007 1
136 1613 1
137 143 1
137 349 1
137 422 1
137 644 1
137 690 1
137 739 1
137 849 1
137 1053 1
137 1113 1
137 1251 1
137 1299 1
138 145 1
138 1423 1
138 1688 1
139 152 1
139 177 1
139 523 1
139 940 1
139 1110 1
139 1203 1
139 1253 1
139 1351 1
139 1400 1
140 218 1
140 222 1
140 391 1
140 1064 1
140 1152 1
140 1306 1
140 1310 1
140 1378 1
140 1562 1
140 1590 1
141 158 1
141 432 1
141 564 1
141 595 1
142 147 1
142 171 1
142 212 1
142 230 1
142 374 1
142 398 1
142 418 1
142 635 1
142 652 1
142 663 1
142 697 1
142 813 1
142 818 1
142 905 1
142 1022 1
142 1184 1
142 1284 1
142 1372 1
142 1648 1
143 177 1
143 184 1
143 207 1
143 214 1
143 667 1
143 746 1
143 895 1
144 338 1
144 441 1
144 589 1
144 765 1
145 152 1
145 231 1
145 238 1
145 285 1
145 407 1
145 474 1
145 480 1
145 488 1
145 508 1
145 602 1
145 645 1
145 788 1
145 810 1
145 819 1
145 1024 1
145 1031 1
145 1315 1
145 1437 1
145 1517 1
145 1563 1
145 1697 1
146 183 1
146 454 1
146 509 1
146 521 1
146 865 1
146 1646 1
147 196 1
147 272 1
147 273 1
147 320 1
147 343 1
147 601 1
147 665 1
147 713 1
147 879 1
147 904 1
147 1036 1
147 1090 1
147 1141 1
147 1261 1
147 1265 1
147 1300 1
147 1677 1
148 271 1
148 285 1
148 502 1
148 582 1
148 646 1
148 760 1
148 1082 1
148 1083 1
148 1242 1
149 167 1
149 212 1
149 252 1
149 364 1
149 559 1
149 875 1
149 1016 1
149 1206 1
149 1230 1
149 1322 1
149 1421 1
149 1430 1
149 1581 1
149 1606 1
150 347 1
150 792 1
150 943 1
150 1313 1
151 295 1
151 364 1
151 493 1
151 545 1
151 553 1
151 692 1
151 696 1
151 1068 1
151 1115 1
151 1163 1
151 1242 1
151 1361 1
151 1514 1
151 1524 1
151 1686 1
152 163 1
152 375 1
152 453 1
152 580 1
152 636 1
152 716 1
152 1025 1
152 1298 1
153 186 1
153 202 1
153 242 1
153 257 1
153 266 1
153 276 1
153 279 1
153 307 1
153 494 1
153 746 1
153 750 1
153 913 1
153 929 1
153 973 1
153 1081 1
153 1105 1
153 1149 1
153 1154 1
153 1183 1
153 1224 1
153 1225 1
153 1366 1
153 1384 1
153 1534 1
153 1677 1
153 1686 1
154 289 1
154 335 1
154 779 1
154 1041 1
154 1398 1
155 183 1
155 203 1
155 221 1
155 264 1
155 275 1
155 289 1
155 296 1
155 340 1
155 520 1
155 751 1
155 1162 1
155 1199 1
155 1218 1
155 1542 1
155 1699 1
156 234 1
156 342 1
156 348 1
156 385 1
156 415 1
156 537 1
156 738 1
156 771 1
156 1095 1
156 1217 1
156 1350 1
156 1431 1
156 1628 1
157 216 1
157 399 1
157 585 1
157 771 1
157 870 1
157 1073 1
157 1305 1
157 1644 1
158 188 1
158 226 1
158 249 1
158 293 1
158 305 1
158 321 1
158 334 1
158 373 1
158 378 1
158 449 1
158 459 1
158 546 1
158 575 1
158 629 1
158 719 1
158 798 1
158 901 1
158 905 1
158 970 1
158 1037 1
158 1132 1
158 1188 1
158 1347 1
158 1439 1
158 1504 1
158 1534 1
158 1555 1
158 1591 1
159 201 1
159 234 1
159 262 1
159 328 1
159 416 1
159 468 1
159 527 1
159 577 1
159 917 1
159 969 1
159 1004 1
159 1192 1
159 1303 1
160 184 1
160 315 1
160 345 1
160 467 1
160 648 1
160 800 1
160 882 1
160 986 1
160 1005 1
160 1036 1
160 1360 1
160 1363 1
160 1373 1
160 1592 1
161 203 1
161 263 1
161 401 1
161 569 1
161 765 1
161 915 1
161 964 1
161 976 1
161 1024 1
161 1230 1
161 1427 1
161 1440 1
161 1458 1
162 520 1
162 730 1
162 861 1
162 1185 1
163 547 1
163 710 1
163 720 1
163 826 1
163 932 1
163 1481 1
164 352 1
164 662 1
164 844 1
164 1252 1
164 1401 1
164 1440 1
164 1506 1
164 1663 1
165 182 1
165 185 1
165 241 1
165 337 1
165 382 1
165 406 1
165 467 1
165 564 1
165 822 1
165 863 1
165 905 1
165 1211 1
165 1237 1
165 1243 1
165 1460 1
165 1518 1
166 354 1
166 738 1
166 858 1
166 1369 1
167 179 1
167 228 1
167 365 1
167 372 1
167 637 1
167 1247 1
167 1614 1
168 254 1
168 308 1
168 1297 1
168 1304 1
169 254 1
169 304 1
169 361 1
169 1325 1
169 1594 1
170 229 1
170 282 1
170 339 1
170 375 1
170 741 1
170 849 1
170 870 1
170 1100 1
170 1152 1
170 1260 1
170 1371 1
170 1570 1
171 197 1
171 677 1
171 1057 1
171 1309 1
171 1363 1
171 1372 1
172 204 1
172 247 1
172 400 1
172 1127 1
172 1204 1
172 1456 1
173 282 1
173 743 1
173 800 1
173 1057 1
173 1469 1
174 578 1
175 283 1
175 987 1
175 1321 1
176 306 1
176 311 1
176 332 1
176 663 1
176 917 1
176 1074 1
176 1079 1
176 1141 1
176 1630 1
177 210 1
177 491 1
177 523 1
177 588 1
177 747 1
177 752 1
177 766 1
177 945 1
177 1175 1
177 1246 1
177 1493 1
177 1499 1
177 1626 1
178 239 1
178 339 1
178 454 1
178 554 1
178 592 1
178 606 1
178 648 1
178 697 1
178 788 1
178 801 1
178 864 1
178 874 1
178 881 1
178 892 1
178 909 1
178 981 1
178 1030 1
178 1124 1
178 1340 1
178 1577 1
178 1615 1
179 213 1
179 552 1
179 681 1
179 821 1
179 1013 1
179 1612 1
180 247 1
180 321 1
180 489 1
180 1364 1
180 1487 1
181 287 1
181 377 1
181 464 1
181 748 1
181 786 1
181 859 1
181 926 1
181 938 1
181 1412 1
182 271 1
182 440 1
182 527 1
182 619 1
182 810 1
182 858 1
182 916 1
182 1103 1
182 1124 1
182 1148 1
182 1347 1
182 1359 1
182 1643 1
183 217 1
183 312 1
183 773 1
183 861 1
183 882 1
183 1067 1
183 1104 1
183 1244 1
184 349 1
184 438 1
184 802 1
184 1009 1
184 1669 1
185 312 1
185 667 1
185 748 1
185 1680 1
186 211 1
186 279 1
186 390 1
186 512 1
186 746 1
186 1316 1
186 1492 1
187 193 1
187 290 1
187 453 1
187 495 1
187 655 1
187 697 1
187 701 1
187 772 1
187 778 1
187 830 1
187 986 1
187 995 1
187 1414 1
187 1428 1
187 1521 1
188 189 1
188 190 1
188 220 1
188 305 1
188 385 1
188 436 1
188 730 1
188 882 1
188 1056 1
188 1179 1
188 1228 1
188 1237 1
188 1405 1
188 1477 1
188 1551 1
188 1562 1
189 578 1
189 1121 1
190 241 1
190 318 1
190 501 1
190 586 1
190 911 1
190 959 1
190 1054 1
190 1289 1
190 1478 1
191 252 1
191 583 1
191 1183 1
192 658 1
192 942 1
193 300 1
193 319 1
193 333 1
193 521 1
193 552 1
193 632 1
193 884 1
193 1154 1
193 1158 1
193 1472 1
194 229 1
194 244 1
194 249 1
194 505 1
194 610 1
194 620 1
194 723 1
194 861 1
194 893 1
194 935 1
194 1394 1
194 1476 1
194 1651 1
194 1680 1
195 318 1
195 411 1
195 539 1
195 583 1
195 593 1
195 624 1
195 630 1
195 858 1
195 1016 1
195 1157 1
195 1196 1
195 1438 1
196 298 1
196 330 1
196 492 1
196 561 1
196 880 1
196 1083 1
196 1095 1
197 279 1
197 356 1
197 418 1
197 434 1
197 462 1
197 683 1
197 764 1
197 922 1
197 1312 1
198 298 1
198 427 1
198 492 1
198 504 1
198 673 1
198 851 1
198 987 1
198 1023 1
198 1396 1
199 243 1
199 310 1
199 327 1
199 375 1
199 520 1
199 700 1
199 1024 1
200 216 1
200 243 1
200 342 1
200 404 1
200 448 1
200 559 1
200 1055 1
200 1447 1
201 242 1
201 313 1
201 667 1
201 926 1
201 961 1
201 1013 1
201 1032 1
201 1111 1
201 1146 1
201 1283 1
202 257 1
202 459 1
202 515 1
202 566 1
202 574 1
202 878 1
202 1093 1
202 1384 1
202 1418 1
202 1439 1
202 1639 1
203 208 1
203 241 1
203 251 1
203 344 1
203 413 1
203 466 1
203 488 1
203 489 1
203 657 1
203 726 1
203 962 1
203 1000 1
203 1106 1
203 1107 1
203 1120 1
203 1241 1
203 1243 1
203 1350 1
203 1380 1
203 1465 1
203 1481 1
203 1591 1
204 225 1
204 323 1
204 400 1
204 447 1
204 527 1
204 866 1
204 933 1
204 968 1
204 1084 1
204 1357 1
205 222 1
205 250 1
205 266 1
205 325 1
205 472 1
205 542 1
205 718 1
205 770 1
205 1262 1
205 1376 1
206 227 1
206 336 1
206 618 1
206 703 1
206 775 1
206 818 1
206 884 1
206 908 1
206 1555 1
207 297 1
207 381 1
207 387 1
207 901 1
207 1070 1
207 1156 1
207 1170 1
207 1469 1
208 343 1
208 450 1
208 885 1
208 1029 1
208 1115 1
209 219 1
209 230 1
209 402 1
209 1131 1
209 1169 1
209 1272 1
209 1464 1
209 1595 1
210 216 1
210 532 1
210 648 1
210 726 1
210 869 1
210 921 1
210 999 1
210 1075 1
210 1144 1
210 1539 1
211 235 1
211 399 1
211 464 1
211 522 1
211 617 1
211 719 1
211 852 1
211 1455 1
212 514 1
212 868 1
212 1174 1
212 1636 1
213 276 1
213 457 1
213 675 1
213 684 1
213 783 1
213 1294 1
213 1434 1
213 1480 1
213 1579 1
214 215 1
214 267 1
214 274 1
214 359 1
214 439 1
214 487 1
214 587 1
214 682 1
214 864 1
214 891 1
214 1013 1
214 1031 1
214 1208 1
214 1631 1
214 1687 1
215 402 1
215 442 1
215 605 1
215 740 1
215 982 1
215 1027 1
216 1138 1
216 1507 1
216 1520 1
217 509 1
217 810 1
217 885 1
217 906 1
217 1290 1
217 1511 1
218 242 1
218 388 1
218 411 1
218 764 1
219 267 1
219 763 1
219 780 1
219 857 1
219 909 1
219 1123 1
219 1345 1
219 1503 1
219 1647 1
220 222 1
220 299 1
220 316 1
220 393 1
220 426 1
220 588 1
220 651 1
220 850 1
220 937 1
220 1088 1
220 1215 1
220 1667 1
221 417 1
221 453 1
221 826 1
221 831 1
221 992 1
221 1233 1
222 406 1
222 468 1
222 470 1
222 755 1
222 790 1
222 929 1
223 360 1
223 362 1
223 374 1
223 509 1
223 743 1
223 873 1
223 982 1
223 1175 1
223 1354 1
224 651 1
225 748 1
225 1018 1
226 245 1
226 302 1
226 529 1
226 658 1
226 999 1
226 1037 1
226 1173 1
226 1210 1
226 1322 1
226 1330 1
226 1353 1
226 1425 1
226 1642 1
227 384 1
227 1168 1
227 1328 1
228 558 1
228 848 1
228 1052 1
228 1109 1
228 1166 1
228 1196 1
228 1228 1
228 1323 1
228 1473 1
228 1550 1
229 380 1
229 421 1
229 575 1
229 753 1
229 1098 1
230 274 1
230 391 1
230 659 1
230 722 1
230 828 1
230 1446 1
230 1459 1
230 1575 1
230 1589 1
230 1597 1
230 1635 1
231 275 1
231 491 1
231 548 1
231 727 1
231 836 1
231 941 1
231 1228 1
231 1263 1
231 1694 1
232 358 1
232 368 1
232 369 1
232 394 1
232 493 1
232 662 1
232 892 1
232 1441 1
233 236 1
233 246 1
233 315 1
233 430 1
233 474 1
233 497 1
233 739 1
233 961 1
233 973 1
233 977 1
233 1684 1
234 308 1
234 604 1
234 652 1
234 1267 1
235 304 1
235 463 1
235 473 1
235 475 1
235 617 1
235 672 1
235 712 1
235 837 1
235 876 1
235 996 1
235 1004 1
235 1206 1
235 1567 1
236 654 1
236 773 1
236 778 1
236 934 1
236 1582 1
237 572 1
237 1454 1
238 485 1
238 568 1
238 586 1
238 1479 1
239 358 1
239 387 1
239 638 1
239 884 1
239 952 1
239 1087 1
239 1462 1
239 1471 1
240 357 1
240 507 1
240 882 1
240 1466 1
241 286 1
241 337 1
241 402 1
241 420 1
241 660 1
241 1213 1
241 1679 1
242 1194 1
243 440 1
244 293 1
244 434 1
244 624 1
244 704 1
244 735 1
244 1119 1
244 1441 1
245 314 1
245 510 1
245 612 1
246 443 1
246 456 1
246 506 1
246 580 1
246 615 1
246 646 1
246 1043 1
246 1167 1
246 1239 1
246 1362 1
247 736 1
247 1487 1
247 1545 1
248 278 1
248 323 1
248 359 1
248 471 1
248 803 1
248 1051 1
248 1335 1
249 302 1
249 1514 1
250 297 1
250 371 1
250 421 1
250 424 1
250 553 1
250 650 1
250 938 1
250 1148 1
251 438 1
251 570 1
251 573 1
251 764 1
251 792 1
251 910 1
251 941 1
251 1181 1
251 1626 1
251 1679 1
252 527 1
252 742 1
253 435 1
253 957 1
253 993 1
254 478 1
254 536 1
254 537 1
254 642 1
254 675 1
254 691 1
254 871 1
254 1285 1
254 1402 1
254 1479 1
254 1506 1
254 1627 1
255 278 1
255 522 1
255 909 1
255 1067 1
255 1337 1
256 264 1
256 862 1
256 934 1
256 1092 1
256 1194 1
256 1210 1
256 1447 1
257 269 1
257 313 1
257 490 1
257 504 1
257 920 1
257 965 1
258 625 1
258 1087 1
258 1561 1
259 294 1
259 340 1
259 414 1
259 848 1
259 900 1
259 1200 1
259 1267 1
259 1660 1
260 321 1
260 346 1
260 396 1
260 518 1
260 576 1
260 1339 1
260 1454 1
261 353 1
261 806 1
261 839 1
261 873 1
261 1004 1
262 294 1
262 309 1
262 316 1
262 319 1
262 366 1
262 397 1
262 576 1
262 736 1
262 919 1
262 1072 1
262 1133 1
262 1506 1
262 1552 1
264 733 1
264 757 1
264 779 1
264 1158 1
264 1371 1
264 1379 1
264 1421 1
264 1661 1
265 276 1
265 319 1
265 403 1
265 418 1
265 450 1
265 461 1
265 497 1
265 500 1
265 543 1
265 544 1
265 618 1
265 620 1
265 767 1
265 782 1
265 863 1
265 938 1
265 1022 1
265 1159 1
265 1198 1
265 1268 1
265 1292 1
265 1523 1
265 1603 1
266 502 1
266 514 1
266 542 1
266 557 1
266 724 1
266 924 1
266 1313 1
266 1384 1
266 1493 1
266 1508 1
267 477 1
267 1279 1
267 1574 1
268 413 1
268 423 1
268 479 1
268 506 1
268 541 1
268 578 1
268 597 1
268 613 1
268 648 1
268 711 1
268 769 1
268 798 1
268 991 1
268 995 1
269 407 1
269 448 1
269 586 1
269 763 1
269 851 1
269 943 1
269 1011 1
269 1239 1
269 1244 1
269 1289 1
269 1292 1
270 301 1
270 318 1
270 359 1
270 437 1
270 444 1
270 644 1
270 812 1
270 848 1
270 1217 1
270 1303 1
270 1332 1
270 1443 1
270 1598 1
270 1670 1
271 554 1
272 805 1
272 825 1
272 1259 1
272 1489 1
273 320 1
273 345 1
273 377 1
273 483 1
273 515 1
273 612 1
273 710 1
273 807 1
273 868 1
273 924 1
273 941 1
273 974 1
273 1164 1
273 1410 1
273 1695 1
274 304 1
274 311 1
274 353 1
274 432 1
274 687 1
274 1535 1
275 419 1
275 625 1
275 1186 1
275 1205 1
275 1212 1
275 1631 1
276 336 1
276 351 1
276 543 1
276 734 1
276 1491 1
277 491 1
277 672 1
277 717 1
277 813 1
277 825 1
277 954 1
277 976 1
277 1071 1
277 1114 1
277 1158 1
277 1238 1
277 1499 1
278 740 1
278 775 1
278 949 1
279 373 1
279 383 1
279 681 1
279 684 1
279 785 1
279 914 1
279 1104 1
279 1365 1
279 1443 1
279 1513 1
279 1529 1
279 1620 1
280 395 1
280 623 1
280 1133 1
280 1358 1
280 1399 1
280 1421 1
281 422 1
281 563 1
281 642 1
281 756 1
281 1222 1
281 1271 1
281 1391 1
281 1419 1
281 1486 1
281 1489 1
281 1588 1
281 1653 1
282 602 1
282 646 1
282 679 1
282 870 1
282 888 1
282 953 1
282 1307 1
283 365 1
283 560 1
283 584 1
283 740 1
283 1274 1
284 445 1
284 528 1
284 793 1
284 1251 1
284 1401 1
285 569 1
285 794 1
286 340 1
286 405 1
286 603 1
286 621 1
286 701 1
286 825 1
286 1118 1
286 1123 1
286 1187 1
287 622 1
287 650 1
287 1157 1
288 312 1
288 427 1
288 696 1
288 768 1
288 846 1
288 1012 1
288 1144 1
288 1146 1
288 1189 1
288 1211 1
288 1614 1
290 320 1
290 330 1
290 655 1
290 1026 1
290 1214 1
290 1221 1
290 1292 1
290 1345 1
291 293 1
291 348 1
291 594 1
291 636 1
291 734 1
291 847 1
291 903 1
291 1033 1
291 1069 1
291 1111 1
292 295 1
292 355 1
293 318 1
293 324 1
293 439 1
293 1605 1
294 369 1
294 538 1
294 576 1
294 600 1
294 931 1
294 1021 1
294 1186 1
294 1220 1
294 1236 1
294 1637 1
295 530 1
295 718 1
295 1196 1
295 1404 1
295 1496 1
295 1669 1
295 1675 1
296 399 1
296 581 1
296 695 1
296 776 1
296 780 1
296 866 1
296 988 1
296 1045 1
296 1156 1
296 1232 1
297 437 1
297 566 1
297 758 1
297 844 1
297 928 1
297 1056 1
297 1513 1
297 1516 1
297 1652 1
298 834 1
298 960 1
299 346 1
299 490 1
299 888 1
299 934 1
299 1178 1
300 552 1
300 704 1
300 1389 1
301 307 1
301 387 1
301 394 1
301 457 1
301 557 1
301 572 1
301 624 1
301 1100 1
301 1114 1
301 1611 1
302 351 1
302 1331 1
302 1617 1
303 437 1
303 760 1
303 1063 1
303 1407 1
303 1572 1
304 365 1
304 460 1
304 597 1
304 822 1
304 994 1
304 1319 1
304 1334 1
304 1519 1
304 1643 1
306 390 1
306 986 1
306 1534 1
307 456 1
307 705 1
307 1087 1
308 390 1
308 412 1
308 721 1
308 790 1
308 1227 1
308 1468 1
309 1644 1
310 322 1
310 331 1
310 722 1
310 1209 1
310 1259 1
311 392 1
311 414 1
311 1028 1
311 1164 1
311 1593 1
311 1603 1
312 556 1
312 1210 1
312 1484 1
313 450 1
313 674 1
313 678 1
313 1558 1
313 1592 1
314 624 1
314 1065 1
314 1187 1
314 1615 1
315 879 1
315 1272 1
315 1398 1
315 1520 1
316 397 1
316 706 1
316 837 1
317 513 1
317 841 1
317 920 1
317 1082 1
317 1589 1
318 499 1
318 1153 1
318 1174 1
318 1187 1
318 1561 1
319 1287 1
319 1654 1
320 518 1
320 677 1
321 396 1
321 449 1
321 486 1
321 679 1
321 785 1
321 1085 1
321 1136 1
321 1140 1
321 1469 1
321 1577 1
322 463 1
322 895 1
322 1343 1
322 1572 1
323 518 1
323 555 1
323 594 1
323 893 1
323 899 1
323 1141 1
323 1408 1
323 1445 1
323 1460 1
324 353 1
324 398 1
324 727 1
324 778 1
324 785 1
324 1122 1
324 1274 1
325 444 1
325 720 1
325 792 1
325 1261 1
326 367 1
326 488 1
326 1393 1
326 1455 1
326 1520 1
327 350 1
327 1412 1
328 537 1
328 614 1
328 686 1
328 850 1
329 414 1
329 460 1
329 465 1
329 838 1
329 925 1
329 931 1
329 995 1
329 1320 1
329 1442 1
329 1587 1
330 984 1
330 1139 1
330 1185 1
330 1612 1
331 372 1
331 378 1
331 423 1
331 512 1
331 519 1
331 1200 1
331 1347 1
331 1399 1
331 1415 1
331 1567 1
332 522 1
332 564 1
332 752 1
332 819 1
332 824 1
332 835 1
332 1245 1
333 447 1
333 685 1
333 1434 1
334 550 1
334 1502 1
335 341 1
335 883 1
335 1008 1
335 1688 1
336 430 1
336 438 1
336 612 1
336 627 1
336 714 1
336 865 1
336 908 1
336 954 1
336 1047 1
336 1317 1
336 1343 1
336 1459 1
336 1645 1
337 345 1
337 362 1
337 598 1
337 917 1
337 1127 1
337 1151 1
337 1197 1
337 1364 1
337 1374 1
337 1377 1
338 354 1
338 435 1
338 512 1
338 550 1
338 562 1
338 694 1
338 822 1
338 889 1
338 1082 1
338 1110 1
338 1131 1
338 1307 1
338 1311 1
338 1403 1
338 1468 1
338 1673 1
338 1674 1
339 392 1
339 1487 1
340 595 1
340 1075 1
340 1597 1
341 437 1
341 691 1
341 816 1
341 1021 1
341 1247 1
341 1429 1
342 378 1
342 743 1
342 828 1
342 1403 1
343 796 1
344 352 1
344 524 1
344 547 1
344 592 1
344 747 1
344 913 1
344 1060 1
344 1080 1
344 1254 1
344 1263 1
344 1353 1
344 1434 1
344 1442 1
345 519 1
345 525 1
345 535 1
345 736 1
345 833 1
345 958 1
345 1220 1
346 602 1
346 690 1
347 670 1
347 737 1
347 742 1
347 964 1
347 1240 1
347 1617 1
348 355 1
348 855 1
348 1052 1
348 1417 1
348 1438 1
348 1678 1
349 413 1
349 733 1
349 1224 1
349 1375 1
349 1588 1
349 1687 1
350 404 1
350 568 1
350 686 1
350 844 1
350 1393 1
350 1402 1
350 1454 1
350 1546 1
350 1557 1
350 1637 1
351 912 1
351 1533 1
351 1585 1
351 1609 1
352 474 1
352 562 1
352 653 1
352 1034 1
353 468 1
353 555 1
353 716 1
353 841 1
353 1002 1
353 1232 1
353 1454 1
353 1469 1
354 412 1
354 1110 1
354 1123 1
355 668 1
355 754 1
355 1096 1
355 1286 1
355 1595 1
356 380 1
356 408 1
356 412 1
356 593 1
356 764 1
356 1023 1
356 1101 1
356 1348 1
356 1561 1
357 508 1
357 1196 1
358 593 1
358 628 1
358 994 1
358 1068 1
358 1103 1
358 1509 1
359 877 1
359 965 1
359 1545 1
359 1584 1
359 1665 1
360 386 1
360 744 1
360 745 1
360 873 1
360 925 1
360 1248 1
360 1277 1
360 1590 1
360 1633 1
361 476 1
361 533 1
361 573 1
361 943 1
361 1049 1
361 1074 1
361 1202 1
361 1470 1
362 641 1
362 1564 1
362 1576 1
363 370 1
363 1221 1
363 1444 1
364 367 1
364 1115 1
364 1223 1
365 496 1
365 1120 1
366 737 1
366 754 1
366 1552 1
367 628 1
367 859 1
367 1222 1
368 622 1
368 623 1
368 673 1
368 1087 1
368 1282 1
368 1536 1
369 436 1
369 475 1
369 516 1
369 769 1
369 966 1
369 1038 1
369 1458 1
370 1182 1
370 1511 1
371 406 1
371 678 1
371 774 1
371 1223 1
371 1482 1
371 1535 1
372 718 1
372 879 1
372 1155 1
372 1242 1
372 1451 1
373 378 1
373 531 1
373 1034 1
373 1361 1
373 1417 1
373 1519 1
374 1225 1
375 799 1
376 1212 1
376 1474 1
377 938 1
377 1079 1
377 1099 1
377 1503 1
377 1601 1
377 1655 1
378 423 1
378 1264 1
378 1383 1
378 1538 1
380 452 1
380 729 1
380 805 1
380 1098 1
380 1483 1
381 610 1
381 1390 1
382 553 1
383 1280 1
383 1429 1
383 1453 1
384 612 1
384 1241 1
384 1464 1
384 1642 1
385 765 1
385 1426 1
385 1490 1
385 1538 1
386 540 1
386 1194 1
386 1378 1
386 1675 1
387 557 1
387 671 1
387 1313 1
387 1368 1
387 1555 1
388 634 1
388 1666 1
389 446 1
389 738 1
389 831 1
389 915 1
389 1018 1
389 1482 1
389 1554 1
389 1659 1
389 1692 1
390 942 1
390 1142 1
390 1316 1
391 1389 1
393 446 1
393 454 1
393 466 1
393 502 1
393 637 1
393 712 1
393 724 1
393 874 1
393 950 1
393 1000 1
393 1038 1
393 1077 1
393 1111 1
393 1160 1
393 1161 1
393 1247 1
393 1312 1
393 1539 1
393 1610 1
394 551 1
394 1113 1
394 1699 1
395 410 1
395 417 1
395 463 1
395 594 1
395 673 1
395 728 1
395 946 1
395 974 1
395 987 1
395 1244 1
395 1482 1
395 1566 1
395 1625 1
395 1683 1
396 486 1
396 866 1
396 900 1
396 948 1
396 1475 1
396 1507 1
397 465 1
397 484 1
397 498 1
397 539 1
397 975 1
397 1485 1
398 471 1
398 576 1
398 770 1
398 866 1
398 949 1
398 1178 1
398 1216 1
398 1282 1
399 431 1
399 516 1
399 653 1
399 1076 1
399 1650 1
400 896 1
400 936 1
400 1055 1
400 1682 1
400 1693 1
401 614 1
401 776 1
401 915 1
401 1532 1
401 1550 1
402 503 1
402 610 1
402 1646 1
403 461 1
403 484 1
403 542 1
403 632 1
403 715 1
403 1341 1
403 1364 1
403 1389 1
403 1666 1
404 413 1
404 419 1
404 1130 1
404 1238 1
404 1453 1
405 416 1
405 426 1
405 695 1
406 1404 1
406 1556 1
407 409 1
407 715 1
407 782 1
409 452 1
409 608 1
409 628 1
409 1168 1
410 544 1
410 1023 1
410 1171 1
411 446 1
411 575 1
411 611 1
411 719 1
411 832 1
411 952 1
411 1204 1
411 1227 1
411 1423 1
413 1602 1
414 1544 1
415 1026 1
415 1463 1
415 1511 1
416 1608 1
417 562 1
417 729 1
417 1058 1
417 1391 1
417 1586 1
418 497 1
418 592 1
418 640 1
418 898 1
418 1046 1
418 1379 1
419 970 1
420 821 1
420 1147 1
420 1527 1
421 424 1
421 435 1
421 528 1
421 683 1
421 878 1
421 1099 1
421 1159 1
421 1356 1
421 1366 1
422 1176 1
422 1614 1
423 664 1
423 850 1
423 1054 1
423 1374 1
424 453 1
424 538 1
424 553 1
424 578 1
424 616 1
424 649 1
424 718 1
424 895 1
424 1203 1
424 1212 1
424 1213 1
424 1308 1
424 1409 1
424 1501 1
424 1696 1
425 726 1
425 845 1
425 909 1
425 1371 1
425 1387 1
427 615 1
427 1210 1
428 493 1
428 676 1
428 705 1
428 1202 1
428 1312 1
428 1628 1
429 579 1
429 1271 1
430 660 1
430 997 1
430 1002 1
430 1332 1
430 1624 1
431 1395 1
431 1442 1
432 990 1
432 1057 1
432 1167 1
433 462 1
433 798 1
433 876 1
433 1156 1
434 444 1
434 529 1
434 666 1
434 735 1
436 531 1
436 714 1
436 816 1
436 1019 1
436 1044 1
436 1048 1
436 1061 1
436 1109 1
436 1114 1
436 1202 1
436 1298 1
436 1324 1
436 1529 1
437 483 1
437 691 1
437 808 1
437 1438 1
438 570 1
438 967 1
439 500 1
439 1172 1
439 1387 1
439 1667 1
440 993 1
440 1035 1
440 1293 1
440 1351 1
440 1370 1
440 1448 1
441 492 1
441 561 1
441 613 1
441 809 1
441 855 1
442 611 1
442 731 1
442 823 1
442 939 1
442 969 1
442 1424 1
442 1528 1
443 663 1
443 680 1
443 766 1
443 872 1
444 636 1
444 956 1
444 1063 1
444 1510 1
444 1530 1
444 1546 1
445 1371 1
446 712 1
446 1278 1
446 1302 1
446 1599 1
447 880 1
447 1031 1
447 1354 1
447 1408 1
447 1669 1
448 484 1
448 647 1
448 800 1
448 928 1
448 1675 1
449 1505 1
450 615 1
450 627 1
450 1074 1
450 1332 1
450 1518 1
450 1543 1
450 1596 1
451 586 1
451 606 1
451 898 1
451 1368 1
451 1565 1
452 641 1
452 1296 1
453 747 1
453 1191 1
453 1338 1
454 839 1
454 1595 1
455 458 1
457 572 1
457 684 1
457 693 1
457 804 1
457 890 1
457 1271 1
458 469 1
458 687 1
458 890 1
458 1012 1
458 1092 1
458 1206 1
458 1301 1
458 1310 1
458 1564 1
458 1634 1
458 1676 1
459 1625 1
460 465 1
460 695 1
460 1190 1
460 1248 1
461 505 1
461 545 1
461 1268 1
461 1318 1
462 856 1
462 934 1
462 1683 1
463 997 1
463 1153 1
464 795 1
465 646 1
465 838 1
465 1151 1
465 1571 1
466 662 1
466 749 1
466 1091 1
466 1634 1
467 772 1
468 496 1
468 622 1
468 847 1
468 854 1
468 919 1
468 971 1
468 1059 1
468 1150 1
468 1397 1
469 699 1
469 918 1
470 704 1
470 1182 1
470 1336 1
471 504 1
471 940 1
471 982 1
471 1386 1
472 1432 1
472 1491 1
473 660 1
473 947 1
473 955 1
473 1169 1
473 1641 1
474 591 1
474 954 1
474 1307 1
474 1322 1
474 1629 1
475 546 1
475 918 1
475 965 1
475 1675 1
475 1689 1
476 480 1
476 535 1
476 721 1
476 847 1
477 992 1
477 1160 1
477 1171 1
477 1197 1
478 898 1
479 881 1
479 1089 1
480 501 1
480 721 1
480 939 1
480 1001 1
480 1014 1
480 1663 1
481 514 1
481 526 1
481 640 1
481 778 1
481 826 1
481 872 1
481 927 1
481 1002 1
481 1266 1
481 1317 1
482 531 1
482 637 1
482 779 1
482 1134 1
482 1380 1
483 775 1
484 497 1
484 539 1
484 782 1
484 1086 1
484 1254 1
484 1283 1
484 1604 1
485 532 1
485 1030 1
485 1070 1
485 1658 1
486 543 1
486 607 1
486 807 1
486 1257 1
486 1666 1
487 785 1
487 843 1
487 887 1
487 1159 1
487 1353 1
488 1106 1
488 1170 1
488 1386 1
488 1419 1
488 1619 1
489 1046 1
489 1093 1
489 1542 1
489 1624 1
489 1637 1
491 706 1
491 838 1
491 1277 1
492 509 1
492 589 1
492 598 1
492 1448 1
494 906 1
495 645 1
495 1129 1
495 1202 1
496 1036 1
496 1457 1
498 539 1
498 665 1
498 667 1
498 960 1
498 1065 1
498 1215 1
498 1386 1
498 1433 1
499 1142 1
499 1149 1
499 1153 1
499 1490 1
499 1502 1
499 1624 1
500 517 1
500 1681 1
501 658 1
501 998 1
501 1054 1
501 1286 1
501 1397 1
501 1503 1
501 1531 1
502 788 1
502 827 1
503 751 1
503 835 1
503 1649 1
504 985 1
504 1273 1
505 596 1
505 640 1
505 669 1
505 751 1
505 810 1
505 998 1
505 1119 1
505 1515 1
505 1636 1
507 809 1
507 985 1
507 1008 1
507 1211 1
507 1256 1
507 1265 1
507 1421 1
508 604 1
508 708 1
508 851 1
508 883 1
508 1029 1
508 1225 1
508 1271 1
508 1684 1
509 1178 1
510 1150 1
510 1232 1
511 791 1
511 827 1
511 894 1
511 1086 1
511 1240 1
511 1317 1
511 1366 1
512 707 1
512 1053 1
513 1129 1
514 558 1
514 840 1
514 924 1
514 956 1
514 1358 1
514 1475 1
514 1665 1
514 1668 1
515 632 1
515 841 1
516 1331 1
516 1349 1
516 1575 1
517 560 1
517 955 1
517 1145 1
517 1674 1
518 998 1
519 525 1
519 861 1
519 1021 1
519 1162 1
520 1024 1
520 1195 1
522 641 1
522 1018 1
522 1079 1
522 1096 1
522 1515 1
523 565 1
523 755 1
523 1596 1
524 616 1
524 1012 1
524 1373 1
524 1405 1
524 1652 1
525 611 1
525 1162 1
527 766 1
528 777 1
528 1428 1
529 1159 1
529 1376 1
529 1645 1
530 540 1
530 674 1
530 702 1
530 712 1
530 790 1
530 898 1
531 577 1
531 1403 1
531 1615 1
531 1626 1
532 633 1
532 1047 1
532 1241 1
532 1246 1
533 579 1
533 708 1
533 787 1
533 869 1
533 914 1
533 1007 1
534 592 1
534 752 1
534 1019 1
534 1065 1
535 1132 1
539 728 1
539 951 1
539 1278 1
542 1422 1
542 1613 1
543 787 1
543 1046 1
543 1062 1
543 1658 1
543 1699 1
544 583 1
544 834 1
544 991 1
544 1278 1
546 628 1
546 644 1
546 796 1
546 1449 1
546 1529 1
547 549 1
547 574 1
547 618 1
547 890 1
547 1060 1
547 1198 1
547 1224 1
547 1380 1
547 1540 1
548 661 1
549 582 1
549 672 1
549 1163 1
549 1185 1
549 1636 1
550 939 1
550 1584 1
550 1617 1
551 1230 1
552 601 1
552 1056 1
552 1144 1
553 1163 1
553 1499 1
553 1616 1
554 1549 1
555 1001 1
555 1391 1
556 601 1
556 714 1
556 761 1
556 1273 1
556 1417 1
556 1453 1
557 762 1
557 1028 1
557 1140 1
557 1296 1
558 1550 1
559 763 1
559 1166 1
559 1254 1
559 1572 1
560 804 1
560 879 1
560 1172 1
560 1563 1
560 1616 1
561 591 1
561 933 1
561 988 1
561 1242 1
561 1467 1
562 647 1
562 784 1
562 1122 1
562 1374 1
562 1411 1
562 1673 1
563 603 1
563 1301 1
563 1429 1
564 824 1
564 1585 1
566 609 1
566 1248 1
566 1328 1
566 1396 1
567 794 1
567 1247 1
567 1648 1
569 794 1
569 833 1
569 968 1
569 1130 1
569 1287 1
569 1456 1
569 1580 1
570 573 1
570 796 1
570 1126 1
570 1311 1
570 1508 1
571 573 1
571 907 1
571 918 1
571 1326 1
572 653 1
572 693 1
572 832 1
572 868 1
572 974 1
572 1016 1
572 1093 1
572 1190 1
573 602 1
573 685 1
573 814 1
573 902 1
574 1328 1
575 1076 1
575 1698 1
576 596 1
576 706 1
576 761 1
576 1015 1
576 1478 1
577 607 1
577 674 1
577 700 1
577 711 1
577 793 1
577 906 1
577 1071 1
577 1199 1
577 1696 1
578 645 1
578 958 1
578 1266 1
579 753 1
579 757 1
579 970 1
579 1063 1
579 1207 1
579 1291 1
579 1292 1
579 1670 1
580 661 1
580 966 1
581 838 1
582 814 1
582 959 1
582 1017 1
582 1120 1
583 777 1
585 1081 1
586 629 1
586 639 1
586 680 1
586 902 1
586 1565 1
587 741 1
587 886 1
589 627 1
589 830 1
589 1346 1
589 1672 1
592 1286 1
593 595 1
593 1042 1
594 881 1
594 1573 1
595 1128 1
596 661 1
596 833 1
596 912 1
596 1348 1
597 1327 1
598 660 1
598 991 1
598 1190 1
599 705 1
599 972 1
599 1660 1
600 656 1
600 765 1
600 1110 1
600 1189 1
600 1362 1
600 1628 1
601 702 1
602 750 1
602 1219 1
602 1335 1
603 772 1
603 1429 1
605 937 1
605 1609 1
606 788 1
606 1016 1
606 1381 1
606 1492 1
606 1566 1
606 1658 1
606 1673 1
607 694 1
607 975 1
608 1193 1
608 1212 1
608 1258 1
608 1344 1
610 770 1
610 845 1
610 935 1
610 942 1
611 728 1
611 795 1
611 812 1
611 1191 1
612 1241 1
612 1408 1
613 643 1
613 754 1
613 868 1
613 1510 1
613 1681 1
614 645 1
614 985 1
614 1697 1
615 671 1
615 857 1
615 871 1
615 1257 1
617 702 1
617 867 1
617 1617 1
618 758 1
618 774 1
618 1420 1
618 1621 1
619 690 1
619 691 1
619 786 1
619 792 1
619 808 1
619 828 1
619 889 1
619 996 1
619 1069 1
619 1081 1
619 1236 1
619 1517 1
619 1603 1
620 626 1
620 668 1
620 1049 1
620 1151 1
620 1466 1
620 1624 1
621 634 1
622 1084 1
622 1536 1
622 1556 1
622 1599 1
622 1662 1
623 773 1
623 1449 1
624 943 1
624 1088 1
626 730 1
626 1525 1
628 1303 1
629 790 1
629 1409 1
629 1424 1
629 1481 1
631 840 1
631 912 1
631 925 1
631 1570 1
632 1366 1
632 1576 1
633 694 1
634 689 1
634 1064 1
634 1447 1
634 1478 1
635 830 1
635 1407 1
636 658 1
636 903 1
636 1003 1
636 1041 1
636 1239 1
636 1495 1
637 688 1
637 703 1
637 708 1
637 1283 1
637 1333 1
637 1448 1
638 717 1
638 802 1
638 969 1
638 1257 1
638 1260 1
638 1279 1
638 1319 1
638 1326 1
640 703 1
641 722 1
641 1074 1
642 930 1
642 959 1
642 1017 1
642 1547 1
643 670 1
643 1097 1
643 1246 1
644 742 1
644 811 1
644 1072 1
644 1243 1
644 1261 1
644 1401 1
645 664 1
646 696 1
647 817 1
647 1306 1
648 819 1
648 1588 1
649 819 1
649 1157 1
649 1696 1
650 851 1
650 1144 1
651 806 1
651 907 1
651 1359 1
651 1467 1
652 1175 1
653 823 1
654 825 1
654 1204 1
655 665 1
655 701 1
655 1055 1
655 1390 1
656 932 1
656 1091 1
658 781 1
658 1090 1
659 725 1
659 736 1
659 1180 1
659 1356 1
659 1498 1
659 1604 1
660 1085 1
660 1332 1
660 1573 1
662 919 1
662 1395 1
663 1018 1
665 1039 1
665 1299 1
665 1420 1
665 1608 1
666 1382 1
666 1684 1
667 797 1
667 856 1
667 1268 1
667 1327 1
668 692 1
668 1240 1
668 1342 1
668 1535 1
669 1032 1
669 1515 1
671 840 1
671 1143 1
671 1630 1
673 677 1
674 678 1
674 1080 1
676 1388 1
678 1135 1
679 953 1
679 1650 1
680 1051 1
680 1085 1
680 1336 1
680 1373 1
682 1020 1
682 1208 1
682 1350 1
683 921 1
683 1685 1
684 914 1
685 814 1
685 1446 1
685 1458 1
685 1524 1
685 1606 1
686 757 1
686 1535 1
687 923 1
688 1066 1
688 1378 1
688 1526 1
688 1670 1
689 1078 1
689 1213 1
689 1253 1
689 1308 1
689 1418 1
689 1604 1
691 977 1
691 1083 1
691 1102 1
691 1127 1
691 1459 1
692 756 1
692 784 1
692 1173 1
692 1409 1
693 832 1
693 1343 1
694 973 1
694 1058 1
694 1689 1
695 1293 1
695 1431 1
695 1528 1
697 734 1
697 1438 1
698 1331 1
699 900 1
699 1132 1
700 772 1
700 948 1
700 1042 1
700 1088 1
700 1168 1
700 1654 1
701 1486 1
702 749 1
702 815 1
702 888 1
703 724 1
703 963 1
704 797 1
704 1148 1
708 979 1
708 1467 1
709 986 1
709 1160 1
709 1352 1
709 1461 1
710 808 1
710 953 1
711 846 1
711 1393 1
711 1692 1
712 977 1
712 1472 1
712 1654 1
712 1663 1
713 1000 1
713 1234 1
714 847 1
714 899 1
714 1459 1
715 983 1
715 1275 1
716 1032 1
716 1383 1
716 1471 1
717 950 1
717 1243 1
717 1407 1
719 759 1
719 1427 1
720 1155 1
721 750 1
722 1360 1
723 1677 1
724 732 1
724 878 1
724 1605 1
726 734 1
726 1488 1
727 812 1
727 876 1
728 897 1
728 1033 1
729 853 1
729 1039 1
729 1101 1
729 1560 1
730 854 1
730 869 1
730 887 1
730 971 1
730 1037 1
730 1270 1
730 1562 1
731 797 1
731 1457 1
732 766 1
732 803 1
732 1342 1
732 1367 1
732 1432 1
732 1651 1
735 1281 1
735 1579 1
735 1609 1
736 967 1
736 1373 1
736 1408 1
736 1698 1
737 1076 1
737 1127 1
737 1668 1
738 822 1
738 1375 1
738 1427 1
738 1537 1
738 1682 1
740 826 1
742 942 1
742 1346 1
743 1005 1
743 1023 1
743 1236 1
745 1594 1
746 1001 1
748 920 1
748 1011 1
748 1680 1
749 1249 1
750 958 1
750 1072 1
750 1474 1
750 1607 1
751 815 1
751 1522 1
752 1647 1
753 1006 1
753 1147 1
754 769 1
754 1003 1
754 1533 1
755 1265 1
755 1287 1
756 784 1
756 1309 1
756 1433 1
756 1525 1
759 1021 1
759 1249 1
759 1406 1
759 1683 1
760 1270 1
761 1293 1
762 954 1
762 1296 1
763 1394 1
764 775 1
764 936 1
764 1031 1
764 1437 1
765 1359 1
766 980 1
766 1035 1
767 951 1
767 997 1
767 1091 1
767 1577 1
768 1032 1
769 811 1
769 932 1
769 1102 1
770 843 1
770 1040 1
770 1452 1
771 885 1
771 1165 1
772 875 1
772 1071 1
772 1185 1
772 1376 1
772 1472 1
773 860 1
773 1581 1
775 839 1
776 789 1
776 1545 1
777 973 1
777 1112 1
777 1276 1
778 1117 1
778 1132 1
780 813 1
780 1121 1
780 1327 1
780 1474 1
780 1692 1
781 1052 1
781 1108 1
781 1634 1
782 1611 1
782 1613 1
784 983 1
784 1191 1
784 1362 1
784 1622 1
785 910 1
786 1112 1
787 1658 1
788 977 1
788 983 1
788 1000 1
788 1315 1
788 1361 1
788 1632 1
789 980 1
790 1033 1
791 981 1
791 1097 1
791 1131 1
791 1156 1
791 1179 1
791 1209 1
792 1117 1
792 1222 1
793 899 1
793 1477 1
794 1664 1
796 874 1
796 931 1
797 1521 1
798 872 1
798 1486 1
799 1311 1
799 1622 1
800 1003 1
801 957 1
801 1446 1
801 1461 1
802 852 1
802 1326 1
803 1012 1
803 1121 1
803 1495 1
805 911 1
806 886 1
806 1017 1
806 1284 1
806 1435 1
806 1694 1
807 1209 1
807 1294 1
808 1413 1
809 948 1
810 1015 1
810 1251 1
810 1641 1
811 829 1
811 1530 1
812 1433 1
812 1611 1
813 865 1
813 921 1
813 993 1
813 1465 1
815 875 1
816 945 1
816 1267 1
816 1344 1
817 1656 1
818 874 1
818 1048 1
818 1272 1
820 1145 1
821 850 1
821 1335 1
823 1288 1
824 841 1
824 1113 1
824 1245 1
824 1296 1
825 1045 1
827 1047 1
827 1174 1
827 1183 1
827 1358 1
828 971 1
828 1522 1
831 1101 1
832 1131 1
834 989 1
834 1077 1
835 1254 1
836 983 1
836 1483 1
838 885 1
838 892 1
839 1126 1
840 1064 1
840 1448 1
842 1193 1
843 1055 1
843 1147 1
843 1367 1
843 1533 1
845 1138 1
845 1402 1
847 979 1
847 1221 1
847 1319 1
847 1559 1
848 1597 1
849 1034 1
849 1146 1
850 1177 1
850 1266 1
853 951 1
853 1149 1
854 1150 1
855 1014 1
855 1026 1
855 1190 1
855 1264 1
855 1512 1
857 896 1
859 1053 1
859 1673 1
860 1073 1
860 1618 1
862 1125 1
862 1136 1
862 1219 1
862 1582 1
863 1198 1
864 1103 1
864 1232 1
864 1525 1
864 1571 1
865 1670 1
866 947 1
866 1133 1
866 1182 1
866 1443 1
867 1181 1
867 1461 1
868 915 1
868 924 1
868 1422 1
869 872 1
869 907 1
869 1178 1
869 1222 1
870 1426 1
870 1590 1
870 1616 1
872 1044 1
872 1078 1
873 1165 1
875 978 1
875 1367 1
875 1385 1
875 1409 1
875 1458 1
875 1661 1
876 917 1
876 1048 1
876 1094 1
876 1269 1
876 1631 1
877 935 1
877 1093 1
877 1333 1
877 1377 1
878 1027 1
878 1235 1
878 1259 1
879 1300 1
879 1698 1
881 931 1
881 1573 1
882 1478 1
883 1011 1
883 1095 1
886 950 1
886 1226 1
888 1698 1
889 1540 1
891 919 1
891 1405 1
891 1492 1
891 1653 1
891 1690 1
892 1213 1
892 1305 1
892 1606 1
893 910 1
893 956 1
893 1275 1
894 1009 1
895 1416 1
896 1263 1
896 1306 1
898 1505 1
899 1325 1
899 1689 1
899 1691 1
903 926 1
904 985 1
904 1203 1
904 1424 1
906 1139 1
906 1214 1
907 1168 1
909 1208 1
909 1410 1
909 1558 1
912 1375 1
912 1449 1
912 1587 1
912 1630 1
912 1647 1
913 1517 1
914 933 1
914 1013 1
915 976 1
915 1061 1
915 1121 1
915 1262 1
915 1304 1
915 1355 1
916 1059 1
916 1274 1
916 1430 1
917 1094 1
918 1457 1
919 1076 1
919 1122 1
919 1514 1
922 1245 1
922 1541 1
923 1398 1
924 1022 1
925 1320 1
926 951 1
926 1363 1
927 1569 1
928 1511 1
930 1184 1
930 1199 1
930 1500 1
932 1432 1
932 1608 1
934 1057 1
934 1089 1
934 1299 1
934 1553 1
935 1058 1
937 941 1
937 1560 1
939 1457 1
941 1044 1
941 1061 1
942 1585 1
943 1355 1
943 1451 1
944 1336 1
946 1237 1
946 1607 1
947 979 1
948 1645 1
949 1189 1
949 1284 1
950 1348 1
951 1258 1
952 1599 1
953 1307 1
954 1239 1
955 994 1
955 1413 1
955 1436 1
955 1462 1
956 997 1
956 1041 1
956 1341 1
956 1527 1
958 975 1
958 1164 1
959 980 1
960 1099 1
964 1046 1
964 1495 1
964 1592 1
967 996 1
967 1441 1
967 1462 1
967 1640 1
968 1233 1
968 1491 1
969 1419 1
969 1488 1
969 1598 1
970 1179 1
970 1207 1
971 1048 1
971 1122 1
972 1494 1
972 1631 1
974 1365 1
974 1563 1
975 1395 1
977 1102 1
977 1667 1
979 1105 1
980 995 1
980 1594 1
982 1070 1
982 1206 1
982 1426 1
982 1627 1
983 1388 1
985 1618 1
985 1671 1
987 1317 1
987 1555 1
988 1672 1
992 1341 1
992 1378 1
993 1348 1
993 1547 1
994 1319 1
996 1418 1
997 1215 1
997 1216 1
997 1586 1
999 1007 1
999 1223 1
1000 1227 1
1001 1008 1
1003 1060 1
1003 1089 1
1005 1010 1
1006 1490 1
1008 1019 1
1008 1215 1
1009 1219 1
1009 1413 1
1010 1354 1
1010 1359 1
1011 1066 1
1013 1309 1
1013 1607 1
1013 1655 1
1014 1067 1
1014 1530 1
1015 1541 1
1015 1621 1
1016 1353 1
1018 1096 1
1018 1553 1
1019 1370 1
1020 1208 1
1024 1030 1
1024 1280 1
1024 1496 1
1024 1589 1
1026 1045 1
1026 1126 1
1026 1214 1
1028 1029 1
1029 1585 1
1031 1270 1
1032 1557 1
1032 1600 1
1034 1381 1
1036 1040 1
1036 1199 1
1036 1574 1
1038 1330 1
1039 1264 1
1040 1172 1
1041 1077 1
1041 1653 1
1042 1056 1
1042 1198 1
1042 1494 1
1043 1341 1
1046 1325 1
1046 1495 1
1047 1556 1
1048 1283 1
1049 1096 1
1049 1392 1
1050 1160 1
1050 1345 1
1050 1569 1
1051 1251 1
1051 1649 1
1056 1390 1
1058 1385 1
1059 1651 1
1063 1125 1
1063 1165 1
1063 1288 1
1063 1467 1
1066 1108 1
1067 1227 1
1068 1442 1
1069 1081 1
1069 1437 1
1069 1623 1
1074 1410 1
1078 1399 1
1079 1412 1
1079 1523 1
1080 1327 1
1081 1384 1
1081 1589 1
1083 1099 1
1083 1420 1
1083 1595 1
1086 1640 1
1087 1137 1
1087 1444 1
1088 1128 1
1088 1473 1
1088 1674 1
1089 1519 1
1090 1297 1
1090 1320 1
1096 1303 1
1096 1679 1
1097 1207 1
1097 1214 1
1097 1656 1
1097 1686 1
1099 1315 1
1101 1302 1
1102 1543 1
1103 1305 1
1103 1322 1
1104 1161 1
1104 1584 1
1105 1326 1
1106 1447 1
1108 1231 1
1108 1253 1
1109 1211 1
1109 1431 1
1109 1476 1
1109 1620 1
1110 1400 1
1111 1610 1
1116 1372 1
1116 1437 1
1116 1578 1
1116 1644 1
1118 1501 1
1118 1657 1
1119 1546 1
1120 1382 1
1121 1262 1
1123 1510 1
1124 1504 1
1125 1465 1
1126 1187 1
1126 1621 1
1128 1340 1
1129 1357 1
1130 1293 1
1132 1176 1
1132 1256 1
1135 1483 1
1136 1288 1
1140 1476 1
1141 1170 1
1141 1439 1
1141 1445 1
1141 1571 1
1144 1385 1
1145 1268 1
1146 1347 1
1149 1229 1
1149 1250 1
1149 1568 1
1150 1180 1
1150 1255 1
1154 1561 1
1155 1451 1
1155 1566 1
1160 1471 1
1161 1446 1
1161 1493 1
1162 1200 1
1163 1548 1
1163 1638 1
1164 1671 1
1166 1229 1
1166 1441 1
1167 1427 1
1168 1509 1
1168 1681 1
1169 1619 1
1170 1554 1
1171 1295 1
1171 1346 1
1171 1388 1
1172 1357 1
1172 1383 1
1176 1662 1
1178 1300 1
1180 1413 1
1181 1609 1
1182 1197 1
1183 1234 1
1186 1285 1
1187 1197 1
1191 1360 1
1191 1659 1
1194 1672 1
1196 1308 1
1196 1483 1
1198 1238 1
1198 1582 1
1202 1473 1
1202 1622 1
1205 1256 1
1205 1522 1
1205 1554 1
1206 1404 1
1207 1521 1
1208 1290 1
1208 1432 1
1210 1531 1
1211 1416 1
1213 1349 1
1216 1678 1
1218 1688 1
1222 1248 1
1223 1601 1
1225 1269 1
1226 1367 1
1229 1423 1
1230 1237 1
1234 1574 1
1235 1606 1
1239 1509 1
1241 1643 1
1243 1285 1
1246 1531 1
1247 1397 1
1249 1450 1
1249 1522 1
1252 1700 1
1253 1258 1
1253 1291 1
1253 1418 1
1253 1652 1
1254 1672 1
1254 1695 1
1257 1552 1
1260 1264 1
1260 1605 1
1264 1544 1
1265 1436 1
1269 1700 1
1271 1685 1
1272 1638 1
1274 1680 1
1277 1504 1
1277 1537 1
1282 1306 1
1284 1338 1
1284 1661 1
1285 1649 1
1287 1662 1
1288 1309 1
1289 1569 1
1291 1298 1
1291 1551 1
1293 1431 1
1293 1453 1
1293 1605 1
1293 1676 1
1296 1323 1
1299 1355 1
1308 1329 1
1310 1352 1
1310 1434 1
1317 1463 1
1317 1660 1
1318 1498 1
1318 1537 1
1319 1428 1
1321 1541 1
1327 1411 1
1328 1657 1
1333 1390 1
1333 1591 1
1334 1520 1
1334 1678 1
1337 1635 1
1337 1692 1
1342 1558 1
1349 1407 1
1351 1557 1
1357 1560 1
1358 1398 1
1360 1450 1
1361 1661 1
1365 1645 1
1366 1518 1
1373 1449 1
1375 1505 1
1378 1696 1
1380 1496 1
1380 1527 1
1385 1395 1
1387 1627 1
1389 1541 1
1402 1422 1
1404 1466 1
1404 1490 1
1406 1472 1
1406 1580 1
1407 1532 1
1408 1665 1
1414 1583 1
1415 1648 1
1417 1456 1
1417 1548 1
1418 1439 1
1419 1537 1
1421 1549 1
1422 1531 1
1424 1426 1
1432 1608 1
1433 1682 1
1436 1699 1
1438 1460 1
1438 1500 1
1438 1598 1
1439 1445 1
1439 1664 1
1441 1574 1
1441 1640 1
1445 1627 1
1446 1494 1
1451 1677 1
1454 1484 1
1458 1650 1
1462 1507 1
1463 1629 1
1463 1691 1
1465 1475 1
1468 1613 1
1470 1476 1
1473 1683 1
1474 1648 1
1479 1582 1
1479 1619 1
1484 1694 1
1485 1547 1
1485 1694 1
1497 1649 1
1500 1598 1
1504 1671 1
1505 1583 1
1513 1544 1
1513 1602 1
1518 1549 1
1519 1686 1
1525 1558 1
1531 1633 1
1536 1590 1
1552 1554 1
1556 1575 1
1567 1637 1
1570 1593 1
1580 1641 1
1582 1690 1
1584 1657 1
1596 1642 1
1628 1695 1
1632 1647 1
1634 1656 1
1640 1664 1
1646 1697 1
