800 3182 
1 5 1
1 6 1
1 7 1
1 8 1
1 9 1
1 12 1
1 13 1
1 15 1
1 17 1
1 18 1
1 21 1
1 22 1
1 29 1
1 32 1
1 52 1
1 55 1
1 66 1
1 71 1
1 72 1
1 80 1
1 82 1
1 87 1
1 93 1
1 99 1
1 101 1
1 103 1
1 104 1
1 105 1
1 121 1
1 122 1
1 130 1
1 132 1
1 140 1
1 142 1
1 144 1
1 147 1
1 148 1
1 168 1
1 172 1
1 173 1
1 189 1
1 196 1
1 199 1
1 204 1
1 222 1
1 243 1
1 260 1
1 273 1
1 278 1
1 283 1
1 305 1
1 313 1
1 317 1
1 324 1
1 365 1
1 375 1
1 380 1
1 421 1
1 426 1
1 431 1
1 436 1
1 441 1
1 459 1
1 470 1
1 475 1
1 481 1
1 486 1
1 489 1
1 491 1
1 514 1
1 519 1
1 545 1
1 546 1
1 547 1
1 561 1
1 563 1
1 566 1
1 579 1
1 585 1
1 595 1
1 596 1
1 611 1
1 615 1
1 621 1
1 623 1
1 628 1
1 640 1
1 642 1
1 649 1
1 661 1
1 663 1
1 665 1
1 675 1
1 692 1
1 697 1
1 720 1
1 740 1
1 756 1
1 770 1
1 771 1
1 775 1
1 800 1
2 5 1
2 7 1
2 9 1
2 14 1
2 23 1
2 26 1
2 31 1
2 33 1
2 34 1
2 41 1
2 46 1
2 51 1
2 77 1
2 78 1
2 83 1
2 98 1
2 113 1
2 130 1
2 137 1
2 162 1
2 198 1
2 248 1
2 260 1
2 286 1
2 323 1
2 326 1
2 343 1
2 470 1
2 502 1
2 610 1
2 772 1
3 5 1
3 6 1
3 9 1
3 10 1
3 16 1
3 20 1
3 49 1
3 58 1
3 64 1
3 80 1
3 90 1
3 96 1
3 114 1
3 153 1
3 168 1
3 172 1
3 267 1
3 351 1
3 445 1
3 476 1
3 477 1
3 498 1
3 676 1
3 748 1
4 5 1
4 6 1
4 8 1
4 11 1
4 12 1
4 18 1
4 23 1
4 30 1
4 32 1
4 33 1
4 36 1
4 39 1
4 46 1
4 58 1
4 59 1
4 64 1
4 65 1
4 82 1
4 84 1
4 87 1
4 90 1
4 94 1
4 98 1
4 109 1
4 121 1
4 126 1
4 128 1
4 132 1
4 134 1
4 144 1
4 151 1
4 153 1
4 156 1
4 158 1
4 164 1
4 172 1
4 175 1
4 186 1
4 189 1
4 205 1
4 210 1
4 211 1
4 213 1
4 221 1
4 232 1
4 235 1
4 239 1
4 245 1
4 282 1
4 284 1
4 288 1
4 302 1
4 315 1
4 327 1
4 356 1
4 358 1
4 362 1
4 375 1
4 377 1
4 393 1
4 441 1
4 455 1
4 458 1
4 464 1
4 483 1
4 490 1
4 522 1
4 532 1
4 556 1
4 558 1
4 565 1
4 588 1
4 590 1
4 633 1
4 641 1
4 705 1
4 720 1
4 749 1
4 753 1
4 774 1
5 6 1
5 7 1
5 8 1
5 10 1
5 14 1
5 20 1
5 25 1
5 27 1
5 43 1
5 58 1
5 107 1
5 127 1
5 173 1
5 251 1
5 269 1
5 281 1
5 286 1
5 289 1
5 293 1
5 297 1
5 336 1
5 404 1
5 428 1
5 511 1
5 516 1
5 522 1
5 632 1
5 671 1
5 691 1
6 7 1
6 8 1
6 14 1
6 15 1
6 16 1
6 19 1
6 22 1
6 25 1
6 26 1
6 28 1
6 32 1
6 38 1
6 39 1
6 40 1
6 45 1
6 47 1
6 51 1
6 60 1
6 62 1
6 64 1
6 69 1
6 72 1
6 75 1
6 76 1
6 80 1
6 85 1
6 93 1
6 96 1
6 97 1
6 101 1
6 113 1
6 130 1
6 131 1
6 136 1
6 137 1
6 145 1
6 151 1
6 159 1
6 175 1
6 181 1
6 184 1
6 188 1
6 209 1
6 253 1
6 264 1
6 268 1
6 277 1
6 279 1
6 280 1
6 288 1
6 308 1
6 309 1
6 316 1
6 332 1
6 351 1
6 354 1
6 379 1
6 390 1
6 412 1
6 417 1
6 419 1
6 424 1
6 425 1
6 432 1
6 436 1
6 438 1
6 456 1
6 471 1
6 494 1
6 506 1
6 569 1
6 572 1
6 573 1
6 576 1
6 589 1
6 591 1
6 597 1
6 609 1
6 627 1
6 628 1
6 644 1
6 665 1
6 666 1
6 672 1
6 693 1
6 698 1
6 717 1
6 721 1
6 766 1
6 773 1
7 9 1
7 10 1
7 11 1
7 12 1
7 13 1
7 19 1
7 27 1
7 29 1
7 36 1
7 44 1
7 46 1
7 52 1
7 60 1
7 61 1
7 63 1
7 66 1
7 70 1
7 81 1
7 118 1
7 127 1
7 133 1
7 139 1
7 145 1
7 233 1
7 246 1
7 264 1
7 283 1
7 287 1
7 301 1
7 315 1
7 319 1
7 356 1
7 370 1
7 377 1
7 410 1
7 439 1
7 500 1
7 505 1
7 594 1
7 602 1
7 715 1
8 10 1
8 15 1
8 17 1
8 22 1
8 33 1
8 36 1
8 39 1
8 40 1
8 41 1
8 53 1
8 65 1
8 77 1
8 97 1
8 100 1
8 106 1
8 111 1
8 115 1
8 118 1
8 162 1
8 164 1
8 165 1
8 173 1
8 174 1
8 199 1
8 253 1
8 311 1
8 319 1
8 354 1
8 377 1
8 487 1
8 582 1
8 786 1
8 788 1
8 797 1
9 11 1
9 13 1
9 14 1
9 19 1
9 26 1
9 35 1
9 50 1
9 56 1
9 68 1
9 88 1
9 89 1
9 97 1
9 99 1
9 108 1
9 109 1
9 112 1
9 137 1
9 138 1
9 176 1
9 177 1
9 178 1
9 199 1
9 223 1
9 281 1
9 308 1
9 328 1
9 356 1
9 358 1
9 366 1
9 372 1
9 496 1
9 507 1
9 531 1
9 629 1
9 681 1
9 692 1
10 11 1
10 16 1
10 18 1
10 20 1
10 23 1
10 37 1
10 38 1
10 49 1
10 52 1
10 55 1
10 81 1
10 85 1
10 91 1
10 101 1
10 112 1
10 125 1
10 131 1
10 144 1
10 146 1
10 149 1
10 160 1
10 169 1
10 171 1
10 178 1
10 184 1
10 202 1
10 218 1
10 229 1
10 239 1
10 246 1
10 262 1
10 275 1
10 278 1
10 291 1
10 296 1
10 306 1
10 312 1
10 321 1
10 340 1
10 365 1
10 381 1
10 387 1
10 412 1
10 425 1
10 453 1
10 462 1
10 543 1
10 556 1
10 571 1
10 573 1
10 600 1
10 743 1
10 794 1
10 800 1
11 12 1
11 16 1
11 17 1
11 25 1
11 31 1
11 39 1
11 47 1
11 67 1
11 76 1
11 92 1
11 122 1
11 161 1
11 186 1
11 206 1
11 253 1
11 291 1
11 297 1
11 322 1
11 326 1
11 344 1
11 345 1
11 347 1
11 367 1
11 378 1
11 383 1
11 418 1
11 439 1
11 446 1
11 452 1
11 454 1
11 460 1
11 515 1
11 663 1
11 718 1
11 739 1
12 18 1
12 21 1
12 29 1
12 35 1
12 42 1
12 43 1
12 44 1
12 72 1
12 94 1
12 107 1
12 124 1
12 130 1
12 139 1
12 147 1
12 148 1
12 177 1
12 197 1
12 207 1
12 208 1
12 252 1
12 281 1
12 292 1
12 304 1
12 305 1
12 306 1
12 309 1
12 310 1
12 311 1
12 320 1
12 325 1
12 333 1
12 346 1
12 401 1
12 432 1
12 449 1
12 467 1
12 468 1
12 473 1
12 486 1
12 494 1
12 500 1
12 532 1
12 553 1
12 598 1
12 626 1
12 659 1
12 667 1
12 670 1
12 741 1
12 774 1
12 795 1
13 15 1
13 17 1
13 21 1
13 58 1
13 75 1
13 77 1
13 84 1
13 138 1
13 158 1
13 258 1
13 329 1
13 391 1
13 422 1
13 447 1
13 476 1
13 491 1
13 582 1
13 620 1
13 641 1
13 648 1
13 725 1
13 732 1
13 791 1
14 22 1
14 27 1
14 34 1
14 35 1
14 44 1
14 78 1
14 86 1
14 88 1
14 116 1
14 120 1
14 126 1
14 153 1
14 157 1
14 195 1
14 227 1
14 275 1
14 284 1
14 434 1
14 469 1
14 500 1
14 566 1
14 619 1
14 631 1
14 644 1
14 699 1
14 754 1
14 764 1
14 786 1
15 25 1
15 38 1
15 41 1
15 47 1
15 60 1
15 75 1
15 82 1
15 151 1
15 167 1
15 177 1
15 184 1
15 225 1
15 236 1
15 270 1
15 274 1
15 283 1
15 290 1
15 291 1
15 342 1
15 398 1
15 420 1
15 479 1
15 513 1
15 517 1
15 533 1
15 548 1
15 552 1
15 553 1
15 572 1
15 578 1
15 613 1
15 624 1
15 626 1
15 647 1
15 652 1
15 735 1
15 744 1
16 24 1
16 29 1
16 42 1
16 45 1
16 54 1
16 73 1
16 75 1
16 159 1
16 187 1
16 197 1
16 218 1
16 260 1
16 281 1
16 572 1
16 604 1
16 762 1
17 19 1
17 24 1
17 33 1
17 34 1
17 40 1
17 45 1
17 48 1
17 52 1
17 70 1
17 94 1
17 95 1
17 104 1
17 123 1
17 143 1
17 188 1
17 294 1
17 352 1
17 353 1
17 370 1
17 377 1
17 460 1
17 590 1
17 621 1
17 772 1
17 777 1
18 24 1
18 27 1
18 30 1
18 31 1
18 34 1
18 53 1
18 65 1
18 73 1
18 102 1
18 162 1
18 175 1
18 194 1
18 208 1
18 235 1
18 278 1
18 381 1
18 407 1
18 418 1
18 437 1
18 481 1
18 482 1
18 526 1
18 527 1
18 628 1
18 650 1
18 697 1
18 705 1
18 787 1
18 798 1
19 20 1
19 21 1
19 23 1
19 30 1
19 35 1
19 37 1
19 38 1
19 43 1
19 57 1
19 71 1
19 78 1
19 100 1
19 119 1
19 122 1
19 129 1
19 141 1
19 157 1
19 180 1
19 188 1
19 203 1
19 206 1
19 247 1
19 249 1
19 250 1
19 284 1
19 286 1
19 382 1
19 395 1
19 496 1
19 503 1
19 509 1
19 530 1
19 542 1
19 544 1
19 587 1
19 630 1
19 656 1
19 695 1
19 747 1
19 756 1
20 28 1
20 48 1
20 51 1
20 59 1
20 63 1
20 66 1
20 79 1
20 85 1
20 88 1
20 91 1
20 108 1
20 171 1
20 176 1
20 217 1
20 304 1
20 355 1
20 357 1
20 433 1
20 467 1
20 482 1
20 497 1
20 543 1
20 642 1
20 712 1
20 763 1
21 31 1
21 147 1
21 167 1
21 182 1
21 192 1
21 195 1
21 196 1
21 205 1
21 214 1
21 222 1
21 239 1
21 244 1
21 389 1
21 478 1
21 519 1
21 574 1
21 700 1
21 718 1
21 722 1
21 726 1
21 766 1
22 28 1
22 32 1
22 42 1
22 62 1
22 86 1
22 93 1
22 129 1
22 141 1
22 211 1
22 246 1
22 266 1
22 290 1
22 322 1
22 329 1
22 331 1
22 344 1
22 353 1
22 355 1
22 372 1
22 383 1
22 394 1
22 402 1
22 460 1
22 514 1
22 535 1
22 538 1
22 549 1
22 575 1
22 586 1
22 588 1
22 598 1
22 626 1
22 631 1
22 772 1
22 791 1
23 24 1
23 42 1
23 44 1
23 59 1
23 85 1
23 89 1
23 102 1
23 125 1
23 132 1
23 146 1
23 170 1
23 206 1
23 210 1
23 287 1
23 368 1
23 403 1
23 573 1
23 625 1
23 679 1
23 693 1
23 706 1
23 717 1
23 773 1
24 66 1
24 74 1
24 115 1
24 127 1
24 194 1
24 207 1
24 261 1
24 271 1
24 305 1
24 368 1
24 430 1
24 529 1
24 557 1
24 603 1
24 648 1
24 769 1
25 26 1
25 30 1
25 36 1
25 41 1
25 77 1
25 81 1
25 146 1
25 226 1
25 274 1
25 375 1
25 589 1
25 656 1
25 714 1
25 733 1
25 788 1
26 49 1
26 55 1
26 71 1
26 113 1
26 128 1
26 157 1
26 170 1
26 201 1
26 213 1
26 238 1
26 258 1
26 265 1
26 269 1
26 291 1
26 297 1
26 329 1
26 335 1
26 364 1
26 379 1
26 418 1
26 504 1
26 525 1
26 634 1
26 674 1
26 689 1
26 739 1
26 747 1
27 40 1
27 90 1
27 526 1
27 613 1
28 37 1
28 55 1
28 67 1
28 102 1
28 104 1
28 160 1
28 170 1
28 180 1
28 197 1
28 198 1
28 384 1
28 420 1
28 421 1
28 448 1
28 466 1
28 511 1
28 525 1
29 62 1
29 69 1
29 106 1
29 124 1
29 241 1
29 495 1
29 598 1
30 46 1
30 74 1
30 88 1
30 193 1
30 216 1
30 237 1
30 262 1
30 271 1
30 502 1
30 513 1
30 737 1
30 758 1
30 775 1
31 53 1
31 86 1
31 250 1
31 316 1
31 373 1
31 516 1
31 561 1
31 620 1
31 719 1
32 50 1
32 59 1
32 80 1
32 91 1
32 99 1
32 107 1
32 115 1
32 123 1
32 140 1
32 149 1
32 169 1
32 187 1
32 220 1
32 243 1
32 251 1
32 313 1
32 344 1
32 354 1
32 360 1
32 404 1
32 406 1
32 409 1
32 428 1
32 444 1
32 451 1
32 484 1
32 496 1
32 531 1
32 542 1
32 582 1
32 591 1
32 597 1
32 605 1
32 608 1
32 612 1
32 645 1
32 761 1
33 79 1
33 100 1
33 138 1
33 141 1
33 190 1
33 311 1
33 410 1
33 506 1
34 50 1
34 51 1
34 56 1
34 61 1
34 68 1
34 69 1
34 79 1
34 93 1
34 107 1
34 109 1
34 119 1
34 120 1
34 203 1
34 212 1
34 280 1
34 289 1
34 347 1
34 449 1
34 471 1
34 520 1
34 521 1
34 554 1
34 580 1
34 664 1
34 785 1
35 37 1
35 54 1
35 90 1
35 104 1
35 105 1
35 129 1
35 139 1
35 150 1
35 231 1
35 252 1
35 254 1
35 255 1
35 261 1
35 380 1
35 387 1
35 400 1
35 413 1
35 505 1
35 520 1
35 617 1
35 672 1
35 723 1
36 48 1
36 63 1
36 81 1
36 237 1
36 637 1
36 677 1
37 74 1
37 76 1
37 78 1
37 83 1
37 94 1
37 119 1
37 122 1
37 140 1
37 159 1
37 163 1
37 209 1
37 219 1
37 238 1
37 255 1
37 259 1
37 267 1
37 342 1
37 393 1
37 402 1
37 423 1
37 434 1
37 646 1
37 704 1
37 789 1
38 62 1
38 91 1
38 116 1
38 154 1
38 229 1
38 296 1
38 334 1
39 45 1
39 54 1
39 158 1
39 310 1
39 437 1
39 438 1
39 523 1
39 647 1
39 726 1
39 793 1
39 798 1
40 48 1
40 145 1
40 161 1
40 424 1
40 446 1
40 503 1
40 618 1
41 43 1
41 49 1
41 57 1
41 135 1
41 148 1
41 191 1
41 289 1
41 367 1
41 380 1
41 388 1
41 397 1
41 478 1
41 618 1
41 629 1
41 654 1
41 688 1
41 788 1
42 47 1
42 50 1
42 57 1
42 67 1
42 70 1
42 71 1
42 83 1
42 121 1
42 132 1
42 155 1
42 169 1
42 220 1
42 225 1
42 228 1
42 234 1
42 321 1
42 368 1
42 385 1
42 389 1
42 415 1
42 461 1
42 515 1
42 574 1
42 582 1
42 586 1
42 606 1
42 619 1
42 737 1
42 770 1
42 789 1
43 135 1
43 176 1
43 226 1
43 252 1
43 350 1
43 354 1
43 578 1
44 149 1
44 185 1
44 204 1
44 469 1
45 529 1
45 679 1
45 742 1
46 57 1
46 148 1
46 160 1
46 294 1
46 359 1
46 360 1
46 372 1
46 614 1
47 68 1
47 69 1
47 125 1
47 134 1
47 218 1
47 394 1
48 53 1
48 56 1
48 79 1
48 121 1
48 133 1
48 134 1
48 210 1
48 233 1
48 285 1
48 325 1
48 434 1
48 448 1
48 730 1
49 89 1
49 105 1
49 138 1
49 212 1
49 277 1
49 287 1
49 293 1
49 314 1
49 323 1
49 371 1
49 416 1
49 571 1
49 661 1
49 665 1
49 762 1
49 771 1
50 224 1
50 378 1
50 400 1
50 594 1
50 619 1
50 693 1
50 759 1
50 786 1
51 98 1
51 108 1
51 113 1
51 205 1
51 374 1
51 433 1
51 440 1
51 613 1
51 632 1
51 635 1
51 643 1
51 703 1
52 95 1
52 128 1
52 234 1
52 306 1
52 521 1
53 54 1
53 294 1
53 295 1
53 298 1
53 300 1
53 336 1
53 358 1
53 413 1
53 564 1
53 583 1
53 790 1
54 60 1
54 64 1
54 142 1
54 183 1
54 232 1
54 259 1
54 507 1
54 528 1
54 531 1
54 602 1
54 773 1
54 799 1
55 56 1
55 83 1
55 103 1
55 157 1
55 174 1
55 192 1
55 217 1
55 239 1
55 312 1
55 398 1
55 472 1
55 508 1
55 510 1
55 658 1
55 750 1
55 763 1
56 161 1
56 257 1
56 276 1
56 513 1
56 674 1
56 731 1
56 747 1
57 73 1
57 112 1
57 117 1
57 127 1
57 155 1
57 182 1
57 213 1
57 255 1
57 263 1
57 313 1
57 334 1
57 337 1
57 355 1
57 407 1
57 468 1
57 551 1
57 604 1
57 627 1
57 669 1
57 680 1
57 683 1
57 744 1
58 61 1
58 140 1
58 164 1
58 167 1
58 176 1
58 178 1
58 179 1
58 216 1
58 223 1
58 391 1
58 512 1
58 629 1
58 630 1
58 641 1
58 753 1
59 67 1
59 72 1
59 82 1
59 92 1
59 98 1
59 102 1
59 111 1
59 117 1
59 150 1
59 156 1
59 200 1
59 223 1
59 224 1
59 225 1
59 228 1
59 249 1
59 263 1
59 312 1
59 317 1
59 320 1
59 326 1
59 352 1
59 370 1
59 378 1
59 443 1
59 514 1
59 536 1
59 729 1
59 755 1
59 756 1
59 764 1
60 61 1
60 74 1
60 151 1
60 191 1
60 351 1
60 481 1
60 513 1
60 527 1
60 538 1
60 664 1
61 63 1
61 70 1
61 86 1
61 96 1
61 119 1
61 233 1
61 654 1
61 708 1
61 768 1
62 68 1
62 106 1
62 185 1
62 246 1
62 293 1
62 388 1
62 396 1
62 406 1
62 417 1
63 101 1
63 139 1
63 152 1
63 182 1
63 282 1
63 318 1
64 65 1
64 100 1
64 181 1
64 250 1
64 298 1
64 341 1
64 614 1
65 118 1
65 166 1
65 451 1
65 581 1
66 73 1
66 299 1
66 301 1
66 307 1
66 357 1
66 421 1
66 429 1
66 486 1
66 494 1
66 568 1
66 589 1
66 695 1
67 92 1
67 141 1
67 187 1
67 214 1
67 267 1
67 282 1
67 343 1
67 395 1
67 484 1
67 511 1
67 733 1
68 105 1
68 117 1
68 150 1
68 244 1
68 358 1
69 110 1
69 240 1
69 253 1
69 302 1
69 363 1
69 403 1
69 595 1
69 610 1
69 636 1
70 179 1
70 180 1
70 257 1
70 698 1
70 715 1
71 103 1
71 146 1
71 359 1
71 578 1
71 608 1
71 660 1
71 680 1
71 683 1
71 685 1
71 748 1
72 87 1
72 96 1
72 112 1
72 118 1
72 208 1
72 243 1
72 432 1
72 554 1
72 611 1
72 734 1
73 99 1
73 114 1
73 133 1
73 144 1
73 155 1
73 203 1
73 222 1
73 272 1
73 298 1
73 300 1
73 307 1
73 350 1
73 376 1
73 402 1
73 456 1
73 461 1
73 466 1
73 472 1
73 492 1
73 607 1
73 646 1
73 696 1
74 76 1
74 186 1
74 188 1
74 191 1
74 510 1
75 164 1
75 190 1
75 213 1
75 292 1
75 346 1
75 398 1
75 425 1
75 455 1
75 457 1
75 498 1
75 529 1
75 589 1
75 592 1
75 610 1
75 655 1
76 116 1
76 124 1
76 154 1
76 241 1
76 349 1
76 359 1
76 549 1
76 603 1
76 711 1
77 84 1
77 114 1
77 341 1
77 363 1
77 420 1
77 492 1
78 120 1
78 145 1
78 217 1
78 234 1
78 248 1
78 366 1
78 462 1
78 636 1
78 728 1
79 87 1
79 156 1
79 183 1
79 335 1
79 337 1
79 344 1
79 413 1
79 455 1
79 469 1
79 651 1
79 676 1
79 701 1
79 734 1
79 745 1
80 92 1
80 256 1
80 416 1
81 111 1
81 123 1
81 322 1
81 330 1
81 459 1
81 754 1
81 797 1
82 84 1
82 241 1
82 254 1
82 385 1
82 533 1
82 781 1
83 89 1
83 109 1
83 128 1
83 136 1
83 137 1
83 143 1
83 207 1
83 230 1
83 334 1
83 335 1
83 406 1
83 441 1
83 443 1
83 450 1
83 486 1
83 545 1
83 586 1
83 706 1
83 727 1
84 174 1
84 214 1
84 298 1
84 418 1
84 691 1
84 702 1
84 745 1
84 782 1
85 106 1
85 108 1
85 131 1
85 143 1
85 162 1
85 241 1
85 245 1
85 256 1
85 263 1
85 302 1
85 304 1
85 328 1
85 349 1
85 400 1
85 401 1
85 449 1
85 644 1
85 654 1
85 694 1
85 733 1
85 754 1
85 765 1
85 767 1
86 200 1
86 232 1
86 477 1
86 667 1
87 115 1
87 386 1
88 95 1
88 129 1
88 173 1
88 249 1
88 327 1
88 361 1
88 555 1
88 588 1
89 114 1
89 195 1
89 296 1
89 329 1
89 361 1
89 362 1
89 382 1
89 438 1
89 530 1
89 609 1
89 662 1
89 744 1
89 782 1
90 124 1
90 769 1
90 776 1
90 786 1
91 97 1
91 160 1
91 169 1
91 249 1
91 269 1
91 740 1
92 174 1
92 317 1
92 717 1
92 720 1
93 95 1
93 111 1
93 142 1
93 313 1
93 328 1
93 748 1
94 103 1
94 134 1
94 166 1
94 266 1
94 299 1
94 407 1
94 489 1
94 567 1
94 618 1
94 703 1
94 722 1
94 743 1
95 152 1
95 167 1
95 181 1
95 204 1
95 209 1
95 379 1
95 388 1
95 539 1
95 555 1
95 705 1
96 154 1
96 201 1
96 426 1
96 452 1
96 501 1
96 517 1
96 679 1
96 797 1
97 194 1
97 200 1
97 215 1
97 237 1
97 308 1
97 437 1
97 569 1
97 607 1
97 660 1
97 781 1
97 795 1
98 110 1
98 248 1
98 445 1
98 599 1
98 632 1
98 667 1
99 133 1
99 192 1
99 193 1
99 208 1
99 224 1
99 226 1
99 227 1
99 235 1
99 266 1
99 396 1
99 450 1
99 602 1
99 734 1
100 125 1
100 273 1
100 279 1
100 301 1
100 303 1
100 373 1
100 473 1
100 518 1
100 594 1
100 675 1
100 777 1
101 136 1
101 171 1
101 273 1
101 286 1
101 300 1
101 318 1
101 399 1
101 431 1
101 490 1
101 492 1
101 501 1
101 559 1
101 581 1
101 659 1
101 663 1
101 716 1
102 117 1
102 156 1
102 171 1
102 190 1
102 193 1
102 197 1
102 217 1
102 218 1
102 228 1
102 247 1
102 250 1
102 254 1
102 309 1
102 322 1
102 330 1
102 331 1
102 347 1
102 359 1
102 369 1
102 403 1
102 423 1
102 487 1
102 707 1
102 721 1
103 135 1
103 159 1
103 163 1
103 584 1
103 607 1
103 747 1
104 142 1
104 182 1
104 190 1
104 323 1
104 360 1
104 638 1
104 703 1
104 793 1
105 687 1
106 110 1
106 126 1
106 166 1
106 203 1
106 394 1
106 427 1
106 465 1
106 610 1
106 670 1
106 674 1
107 163 1
108 110 1
108 276 1
108 790 1
109 373 1
109 712 1
110 202 1
110 236 1
110 297 1
110 334 1
110 371 1
110 411 1
110 453 1
110 456 1
110 463 1
110 475 1
110 794 1
111 338 1
111 714 1
112 120 1
112 136 1
112 231 1
112 410 1
112 414 1
112 442 1
112 528 1
112 566 1
112 575 1
113 116 1
113 158 1
113 168 1
113 212 1
113 264 1
113 295 1
113 462 1
113 509 1
113 587 1
113 739 1
114 177 1
114 220 1
114 270 1
114 309 1
114 315 1
114 342 1
114 487 1
114 664 1
114 753 1
115 165 1
115 459 1
116 389 1
116 736 1
117 368 1
117 617 1
118 225 1
118 289 1
118 528 1
118 533 1
118 559 1
118 637 1
118 646 1
118 657 1
118 690 1
119 219 1
119 350 1
119 361 1
119 434 1
119 560 1
119 690 1
120 123 1
120 152 1
120 166 1
120 179 1
120 198 1
120 312 1
120 393 1
120 414 1
120 515 1
120 569 1
120 611 1
120 660 1
121 126 1
121 240 1
121 244 1
121 340 1
121 431 1
121 656 1
121 745 1
121 790 1
122 147 1
122 219 1
122 230 1
122 447 1
123 207 1
123 235 1
123 327 1
123 405 1
123 432 1
123 593 1
123 698 1
123 784 1
124 210 1
124 222 1
124 267 1
124 307 1
124 319 1
124 380 1
124 405 1
124 447 1
124 456 1
125 149 1
125 154 1
125 189 1
125 193 1
125 214 1
125 262 1
125 264 1
125 326 1
125 339 1
125 384 1
125 387 1
125 426 1
125 454 1
126 240 1
126 268 1
126 280 1
126 402 1
127 179 1
127 339 1
127 546 1
127 612 1
127 770 1
128 233 1
128 518 1
129 215 1
129 231 1
129 242 1
129 303 1
129 310 1
129 378 1
129 443 1
129 560 1
129 638 1
129 653 1
129 736 1
129 740 1
129 746 1
130 131 1
130 362 1
130 386 1
130 474 1
130 707 1
131 499 1
131 643 1
131 694 1
131 798 1
132 152 1
132 155 1
132 165 1
132 251 1
132 257 1
132 333 1
132 339 1
132 362 1
132 381 1
132 409 1
132 427 1
132 431 1
132 435 1
132 474 1
132 678 1
133 135 1
133 201 1
133 252 1
133 257 1
133 515 1
133 710 1
134 153 1
134 192 1
134 236 1
134 271 1
134 305 1
134 320 1
134 436 1
134 514 1
134 677 1
134 758 1
134 770 1
135 598 1
136 212 1
136 219 1
136 369 1
136 388 1
136 713 1
136 744 1
137 244 1
137 282 1
137 390 1
137 484 1
138 237 1
138 304 1
138 508 1
138 593 1
139 236 1
139 473 1
139 700 1
139 787 1
140 143 1
140 189 1
140 227 1
140 269 1
140 332 1
140 340 1
140 343 1
140 409 1
140 440 1
140 504 1
141 316 1
141 374 1
141 625 1
141 668 1
142 383 1
142 560 1
142 723 1
143 342 1
143 559 1
143 685 1
143 749 1
144 284 1
144 567 1
144 585 1
144 752 1
145 202 1
145 247 1
145 718 1
146 247 1
146 493 1
146 573 1
146 745 1
147 163 1
147 259 1
147 277 1
147 314 1
147 485 1
147 501 1
147 579 1
147 584 1
147 675 1
147 774 1
148 443 1
148 588 1
149 150 1
149 231 1
149 349 1
149 429 1
150 435 1
150 556 1
151 382 1
151 452 1
151 485 1
151 536 1
151 748 1
151 749 1
151 765 1
152 255 1
152 285 1
153 175 1
153 201 1
153 341 1
153 635 1
153 688 1
154 183 1
154 245 1
154 465 1
154 728 1
155 238 1
155 355 1
155 664 1
155 762 1
156 215 1
156 287 1
156 601 1
156 796 1
157 183 1
157 318 1
157 681 1
158 187 1
158 195 1
158 226 1
158 635 1
159 229 1
159 709 1
159 761 1
160 161 1
160 165 1
160 168 1
160 170 1
160 180 1
160 184 1
160 185 1
160 204 1
160 220 1
160 221 1
160 229 1
160 232 1
160 325 1
160 336 1
160 408 1
160 427 1
160 474 1
160 482 1
160 666 1
161 211 1
161 216 1
161 265 1
161 392 1
161 401 1
163 181 1
163 191 1
163 419 1
163 506 1
164 268 1
164 505 1
164 704 1
164 774 1
165 261 1
165 288 1
165 385 1
165 475 1
165 537 1
165 641 1
166 272 1
166 288 1
166 642 1
166 653 1
166 655 1
166 700 1
167 196 1
167 317 1
167 369 1
167 479 1
167 510 1
167 761 1
167 767 1
168 489 1
168 600 1
169 455 1
169 478 1
170 172 1
170 198 1
170 238 1
170 256 1
170 333 1
170 369 1
170 419 1
170 511 1
170 525 1
170 561 1
170 608 1
171 254 1
171 330 1
171 391 1
171 548 1
171 594 1
172 363 1
172 373 1
172 475 1
172 632 1
172 650 1
172 687 1
173 199 1
173 248 1
173 272 1
173 307 1
173 346 1
173 347 1
173 468 1
173 539 1
173 631 1
173 698 1
174 178 1
174 211 1
174 242 1
174 285 1
174 398 1
174 615 1
175 356 1
175 375 1
175 467 1
175 480 1
175 575 1
175 616 1
175 692 1
176 265 1
176 363 1
176 458 1
176 565 1
176 590 1
177 194 1
177 200 1
177 444 1
177 459 1
177 638 1
177 640 1
177 668 1
177 702 1
177 763 1
178 186 1
178 348 1
178 397 1
178 410 1
178 534 1
178 577 1
178 681 1
178 685 1
178 730 1
179 185 1
179 243 1
179 321 1
179 405 1
179 503 1
179 521 1
179 527 1
179 656 1
179 795 1
180 276 1
180 321 1
180 325 1
180 336 1
180 497 1
180 559 1
180 596 1
180 750 1
181 251 1
181 494 1
181 502 1
181 537 1
181 676 1
182 205 1
182 260 1
182 712 1
184 285 1
184 423 1
184 649 1
184 792 1
185 648 1
186 202 1
186 215 1
186 372 1
187 357 1
187 412 1
187 413 1
187 544 1
187 800 1
188 228 1
188 338 1
188 415 1
188 517 1
188 640 1
189 489 1
189 668 1
190 230 1
190 662 1
190 750 1
192 259 1
192 351 1
192 385 1
193 206 1
193 262 1
193 270 1
193 350 1
193 552 1
193 597 1
193 603 1
193 618 1
194 196 1
194 386 1
194 399 1
194 474 1
194 483 1
194 750 1
194 796 1
195 240 1
196 216 1
196 224 1
196 371 1
196 766 1
197 221 1
197 223 1
197 263 1
197 290 1
197 376 1
197 404 1
197 516 1
197 570 1
197 580 1
197 662 1
197 691 1
197 699 1
197 720 1
198 295 1
198 316 1
198 401 1
198 463 1
198 466 1
198 520 1
198 584 1
199 278 1
199 318 1
199 335 1
199 339 1
199 365 1
199 458 1
199 672 1
199 762 1
200 338 1
200 395 1
200 608 1
201 275 1
202 306 1
202 323 1
202 441 1
202 442 1
202 473 1
202 495 1
202 504 1
202 541 1
202 604 1
202 633 1
202 713 1
203 209 1
203 592 1
203 647 1
203 659 1
203 661 1
203 777 1
203 787 1
205 567 1
205 671 1
206 221 1
206 524 1
206 546 1
206 711 1
207 274 1
207 384 1
207 529 1
207 569 1
208 337 1
209 476 1
209 516 1
210 488 1
210 643 1
210 794 1
211 314 1
211 348 1
211 353 1
211 523 1
211 706 1
212 293 1
212 352 1
212 611 1
212 623 1
213 283 1
213 294 1
213 527 1
213 541 1
214 234 1
214 266 1
214 446 1
214 534 1
215 242 1
215 414 1
215 435 1
215 596 1
216 367 1
216 547 1
216 653 1
217 271 1
217 324 1
217 332 1
217 337 1
217 396 1
217 429 1
217 510 1
217 532 1
217 552 1
217 563 1
217 565 1
217 590 1
217 642 1
217 658 1
217 674 1
217 711 1
217 776 1
218 399 1
218 406 1
218 751 1
219 324 1
219 422 1
219 470 1
219 488 1
219 669 1
220 495 1
220 609 1
220 746 1
221 242 1
221 454 1
221 520 1
221 620 1
223 370 1
223 390 1
223 616 1
224 764 1
225 227 1
225 276 1
225 311 1
225 605 1
225 627 1
225 686 1
225 732 1
226 292 1
226 445 1
226 780 1
228 299 1
228 526 1
228 538 1
228 547 1
228 584 1
228 625 1
228 719 1
228 731 1
229 230 1
229 290 1
229 330 1
229 461 1
229 490 1
229 781 1
230 300 1
230 320 1
230 374 1
230 491 1
230 534 1
230 570 1
232 261 1
232 430 1
232 448 1
232 488 1
232 543 1
232 575 1
232 644 1
232 686 1
232 795 1
233 279 1
233 303 1
233 348 1
233 678 1
233 680 1
233 773 1
233 791 1
234 302 1
234 303 1
234 405 1
234 562 1
234 566 1
234 606 1
234 669 1
234 729 1
235 477 1
235 519 1
235 680 1
236 277 1
236 422 1
236 563 1
236 637 1
236 787 1
237 296 1
237 345 1
237 361 1
237 383 1
237 396 1
237 525 1
237 547 1
238 395 1
238 729 1
239 477 1
239 540 1
239 624 1
239 727 1
239 755 1
241 245 1
241 332 1
241 349 1
242 265 1
243 258 1
243 270 1
243 273 1
243 275 1
243 279 1
243 460 1
243 491 1
243 496 1
243 499 1
243 539 1
243 578 1
243 639 1
243 751 1
244 256 1
244 324 1
244 536 1
244 593 1
244 616 1
244 666 1
245 426 1
245 438 1
245 464 1
245 483 1
245 517 1
246 274 1
246 315 1
246 420 1
246 424 1
246 508 1
246 556 1
246 643 1
246 652 1
246 699 1
246 735 1
249 299 1
249 327 1
249 453 1
249 553 1
250 479 1
250 565 1
250 612 1
250 707 1
251 451 1
252 258 1
252 553 1
253 780 1
254 272 1
254 280 1
254 328 1
254 424 1
254 461 1
255 542 1
256 427 1
257 381 1
257 540 1
258 310 1
258 341 1
258 793 1
261 367 1
261 595 1
261 792 1
262 268 1
262 458 1
262 479 1
262 502 1
262 738 1
262 742 1
263 472 1
263 536 1
263 682 1
264 524 1
265 478 1
266 439 1
266 557 1
266 733 1
266 737 1
267 292 1
267 333 1
267 353 1
267 425 1
267 498 1
267 512 1
267 524 1
267 541 1
267 622 1
267 638 1
267 767 1
267 789 1
268 389 1
268 407 1
268 493 1
268 512 1
268 576 1
269 338 1
269 740 1
270 364 1
270 449 1
270 592 1
271 308 1
271 470 1
272 499 1
273 572 1
273 691 1
273 772 1
274 689 1
275 450 1
275 655 1
275 784 1
276 645 1
277 357 1
277 615 1
277 760 1
278 365 1
279 348 1
279 506 1
279 617 1
279 651 1
279 704 1
279 798 1
280 319 1
280 392 1
280 521 1
280 609 1
281 577 1
281 581 1
281 591 1
281 677 1
281 710 1
281 719 1
282 345 1
282 386 1
282 697 1
283 393 1
283 417 1
283 422 1
283 465 1
283 550 1
283 633 1
283 730 1
283 758 1
284 409 1
285 295 1
285 464 1
285 652 1
286 384 1
286 436 1
286 523 1
286 625 1
287 301 1
287 650 1
287 796 1
288 399 1
288 423 1
288 483 1
288 591 1
289 411 1
289 476 1
289 498 1
289 652 1
289 678 1
290 397 1
290 626 1
291 446 1
291 523 1
292 601 1
292 653 1
293 579 1
294 692 1
296 484 1
297 471 1
297 688 1
298 440 1
299 554 1
299 686 1
300 534 1
302 374 1
302 550 1
303 314 1
303 667 1
304 583 1
305 340 1
305 416 1
305 530 1
306 453 1
306 550 1
306 695 1
309 415 1
309 532 1
309 760 1
310 570 1
312 331 1
312 701 1
313 662 1
313 690 1
313 724 1
314 331 1
314 364 1
314 778 1
315 364 1
315 457 1
315 501 1
315 602 1
315 613 1
315 655 1
315 781 1
316 394 1
316 636 1
316 660 1
317 387 1
317 759 1
318 376 1
318 448 1
318 493 1
318 683 1
319 537 1
320 451 1
320 545 1
321 408 1
321 548 1
321 568 1
322 463 1
322 714 1
323 376 1
323 580 1
324 345 1
324 533 1
324 554 1
324 696 1
324 724 1
326 343 1
326 670 1
327 403 1
327 535 1
327 538 1
328 404 1
328 767 1
330 390 1
330 713 1
330 735 1
331 366 1
331 499 1
332 469 1
332 507 1
332 725 1
333 346 1
333 400 1
333 430 1
333 567 1
333 571 1
333 708 1
334 480 1
334 711 1
335 371 1
335 465 1
335 583 1
335 682 1
335 780 1
336 392 1
336 415 1
336 440 1
336 592 1
338 360 1
338 437 1
338 463 1
338 495 1
338 763 1
339 439 1
339 683 1
339 756 1
340 411 1
340 758 1
343 416 1
343 430 1
343 503 1
343 684 1
343 794 1
344 635 1
344 651 1
344 731 1
344 732 1
344 792 1
345 411 1
345 551 1
345 562 1
345 694 1
345 717 1
345 765 1
346 622 1
347 468 1
347 777 1
348 397 1
348 564 1
348 568 1
348 725 1
350 352 1
351 665 1
351 721 1
353 512 1
356 435 1
356 442 1
356 539 1
356 688 1
357 576 1
358 676 1
359 682 1
359 752 1
360 412 1
360 452 1
360 769 1
362 382 1
363 558 1
363 595 1
364 366 1
366 557 1
368 724 1
369 471 1
369 562 1
369 710 1
370 428 1
370 490 1
370 577 1
370 585 1
370 597 1
370 709 1
371 408 1
371 493 1
371 571 1
371 603 1
371 639 1
371 640 1
371 771 1
372 379 1
373 630 1
375 462 1
375 464 1
375 551 1
376 417 1
376 673 1
376 727 1
376 779 1
377 429 1
377 497 1
377 726 1
378 783 1
380 709 1
381 678 1
381 769 1
382 530 1
384 428 1
385 392 1
385 562 1
387 518 1
387 558 1
387 576 1
387 596 1
387 796 1
388 601 1
389 391 1
389 466 1
390 433 1
390 487 1
390 581 1
390 776 1
391 408 1
392 480 1
394 414 1
394 537 1
395 419 1
395 639 1
396 444 1
396 687 1
397 739 1
398 457 1
399 492 1
400 637 1
400 718 1
400 759 1
401 421 1
402 500 1
402 671 1
403 442 1
404 454 1
404 485 1
404 699 1
405 509 1
406 488 1
406 522 1
407 702 1
407 779 1
408 574 1
408 687 1
409 444 1
409 705 1
409 741 1
410 612 1
411 605 1
411 623 1
413 535 1
414 587 1
414 696 1
414 771 1
415 504 1
415 545 1
416 445 1
416 614 1
417 579 1
417 673 1
417 712 1
418 457 1
418 622 1
419 535 1
420 543 1
421 450 1
421 467 1
421 550 1
424 447 1
424 481 1
426 614 1
429 433 1
430 560 1
433 509 1
433 791 1
434 583 1
434 585 1
434 628 1
434 649 1
435 507 1
435 524 1
435 546 1
435 657 1
435 724 1
436 697 1
437 482 1
437 508 1
437 541 1
439 704 1
442 601 1
442 738 1
442 778 1
444 568 1
444 606 1
444 651 1
446 709 1
447 580 1
450 505 1
453 574 1
453 729 1
453 736 1
454 564 1
454 615 1
455 604 1
455 605 1
455 695 1
456 684 1
457 624 1
457 721 1
458 631 1
459 563 1
459 668 1
459 693 1
459 764 1
459 783 1
461 557 1
462 480 1
464 671 1
464 788 1
465 599 1
468 497 1
469 621 1
469 629 1
470 472 1
471 634 1
473 542 1
474 658 1
476 701 1
477 624 1
478 765 1
479 707 1
479 785 1
480 485 1
482 686 1
485 555 1
486 531 1
486 549 1
486 577 1
486 648 1
486 799 1
487 797 1
488 522 1
488 689 1
489 519 1
489 645 1
490 732 1
491 658 1
494 544 1
495 555 1
496 779 1
497 757 1
498 622 1
499 722 1
500 599 1
500 738 1
500 753 1
501 620 1
504 552 1
504 586 1
504 681 1
504 783 1
505 669 1
506 558 1
508 715 1
509 528 1
509 789 1
511 540 1
511 561 1
513 526 1
513 673 1
513 703 1
513 742 1
514 630 1
514 682 1
514 792 1
516 518 1
516 657 1
517 719 1
519 800 1
520 661 1
520 778 1
521 549 1
527 746 1
528 548 1
528 636 1
529 540 1
531 799 1
533 760 1
536 544 1
539 627 1
540 551 1
540 607 1
540 735 1
540 752 1
543 766 1
544 570 1
544 654 1
544 734 1
546 710 1
547 666 1
547 768 1
550 564 1
551 600 1
553 759 1
554 587 1
555 728 1
557 617 1
557 634 1
557 726 1
557 754 1
562 593 1
562 606 1
563 599 1
564 725 1
566 679 1
567 752 1
567 768 1
568 670 1
568 706 1
568 775 1
568 776 1
568 784 1
569 673 1
569 730 1
571 689 1
571 743 1
574 600 1
575 760 1
580 616 1
580 619 1
580 731 1
581 659 1
584 742 1
589 621 1
589 743 1
590 634 1
591 677 1
592 741 1
595 675 1
598 755 1
600 633 1
602 714 1
602 716 1
605 623 1
609 716 1
610 657 1
610 696 1
610 755 1
611 741 1
614 778 1
615 649 1
617 684 1
619 646 1
619 647 1
621 737 1
621 757 1
622 672 1
624 684 1
625 663 1
625 783 1
632 639 1
634 650 1
634 722 1
635 746 1
638 736 1
639 645 1
639 715 1
639 751 1
649 727 1
650 723 1
651 728 1
651 790 1
656 757 1
662 700 1
662 793 1
663 685 1
669 702 1
672 690 1
678 749 1
681 701 1
684 708 1
685 799 1
690 713 1
691 694 1
696 780 1
698 785 1
700 708 1
702 768 1
705 779 1
712 723 1
714 716 1
714 785 1
720 761 1
726 757 1
733 775 1
733 782 1
735 738 1
741 751 1
745 782 1
776 784 1
