1300 5184 
1 5 1
1 6 1
1 8 1
1 10 1
1 11 1
1 12 1
1 13 1
1 14 1
1 18 1
1 30 1
1 31 1
1 36 1
1 39 1
1 51 1
1 52 1
1 59 1
1 60 1
1 63 1
1 89 1
1 94 1
1 98 1
1 107 1
1 111 1
1 120 1
1 121 1
1 165 1
1 198 1
1 200 1
1 211 1
1 229 1
1 232 1
1 257 1
1 277 1
1 299 1
1 307 1
1 342 1
1 346 1
1 362 1
1 363 1
1 391 1
1 421 1
1 439 1
1 499 1
1 518 1
1 539 1
1 608 1
1 616 1
1 634 1
1 639 1
1 651 1
1 659 1
1 663 1
1 671 1
1 687 1
1 696 1
1 718 1
1 749 1
1 765 1
1 768 1
1 771 1
1 776 1
1 854 1
1 859 1
1 863 1
1 886 1
1 906 1
1 917 1
1 950 1
1 1035 1
1 1049 1
1 1052 1
1 1070 1
1 1073 1
1 1086 1
1 1087 1
1 1092 1
1 1104 1
1 1118 1
1 1131 1
1 1152 1
1 1154 1
1 1189 1
1 1245 1
1 1257 1
2 5 1
2 7 1
2 11 1
2 14 1
2 17 1
2 36 1
2 83 1
2 85 1
2 118 1
2 159 1
2 169 1
2 206 1
2 231 1
2 242 1
2 286 1
2 320 1
2 338 1
2 357 1
2 418 1
2 424 1
2 435 1
2 458 1
2 541 1
2 587 1
2 637 1
2 689 1
2 736 1
2 808 1
2 864 1
2 875 1
2 912 1
2 974 1
2 999 1
2 1125 1
3 5 1
3 6 1
3 7 1
3 8 1
3 18 1
3 21 1
3 22 1
3 27 1
3 35 1
3 37 1
3 44 1
3 46 1
3 66 1
3 87 1
3 101 1
3 122 1
3 134 1
3 138 1
3 149 1
3 156 1
3 165 1
3 176 1
3 183 1
3 244 1
3 245 1
3 252 1
3 256 1
3 268 1
3 271 1
3 282 1
3 303 1
3 306 1
3 314 1
3 326 1
3 328 1
3 337 1
3 351 1
3 359 1
3 417 1
3 425 1
3 438 1
3 463 1
3 493 1
3 557 1
3 605 1
3 623 1
3 642 1
3 698 1
3 717 1
3 737 1
3 742 1
3 831 1
3 833 1
3 842 1
3 913 1
3 941 1
3 1041 1
3 1059 1
3 1157 1
3 1181 1
3 1185 1
3 1258 1
3 1269 1
3 1270 1
4 5 1
4 6 1
4 7 1
4 9 1
4 10 1
4 11 1
4 16 1
4 21 1
4 24 1
4 26 1
4 27 1
4 30 1
4 44 1
4 47 1
4 61 1
4 81 1
4 92 1
4 113 1
4 118 1
4 120 1
4 123 1
4 135 1
4 148 1
4 156 1
4 163 1
4 171 1
4 186 1
4 204 1
4 205 1
4 208 1
4 210 1
4 218 1
4 229 1
4 230 1
4 231 1
4 238 1
4 273 1
4 279 1
4 280 1
4 290 1
4 301 1
4 332 1
4 334 1
4 341 1
4 399 1
4 402 1
4 413 1
4 422 1
4 450 1
4 453 1
4 462 1
4 468 1
4 473 1
4 502 1
4 503 1
4 532 1
4 537 1
4 576 1
4 611 1
4 619 1
4 628 1
4 729 1
4 838 1
4 859 1
4 941 1
4 969 1
4 1034 1
4 1084 1
4 1097 1
4 1130 1
4 1147 1
4 1252 1
4 1278 1
5 6 1
5 8 1
5 9 1
5 11 1
5 16 1
5 25 1
5 28 1
5 31 1
5 39 1
5 41 1
5 48 1
5 61 1
5 65 1
5 68 1
5 72 1
5 88 1
5 90 1
5 91 1
5 93 1
5 96 1
5 98 1
5 99 1
5 102 1
5 105 1
5 106 1
5 119 1
5 120 1
5 121 1
5 126 1
5 128 1
5 135 1
5 139 1
5 142 1
5 146 1
5 147 1
5 150 1
5 151 1
5 154 1
5 167 1
5 221 1
5 223 1
5 225 1
5 227 1
5 239 1
5 241 1
5 248 1
5 258 1
5 274 1
5 289 1
5 290 1
5 295 1
5 299 1
5 319 1
5 329 1
5 355 1
5 373 1
5 378 1
5 394 1
5 403 1
5 411 1
5 413 1
5 455 1
5 456 1
5 490 1
5 491 1
5 499 1
5 545 1
5 588 1
5 678 1
5 681 1
5 682 1
5 697 1
5 704 1
5 706 1
5 730 1
5 747 1
5 761 1
5 762 1
5 764 1
5 772 1
5 803 1
5 843 1
5 888 1
5 901 1
5 902 1
5 921 1
5 928 1
5 959 1
5 982 1
5 1055 1
5 1061 1
5 1171 1
5 1205 1
5 1232 1
5 1237 1
5 1251 1
6 7 1
6 8 1
6 10 1
6 12 1
6 23 1
6 26 1
6 28 1
6 31 1
6 39 1
6 40 1
6 41 1
6 42 1
6 43 1
6 53 1
6 73 1
6 80 1
6 83 1
6 85 1
6 91 1
6 104 1
6 122 1
6 123 1
6 130 1
6 131 1
6 139 1
6 150 1
6 155 1
6 196 1
6 205 1
6 206 1
6 209 1
6 215 1
6 220 1
6 282 1
6 284 1
6 288 1
6 307 1
6 323 1
6 337 1
6 357 1
6 360 1
6 382 1
6 389 1
6 436 1
6 443 1
6 451 1
6 470 1
6 479 1
6 481 1
6 504 1
6 553 1
6 578 1
6 609 1
6 613 1
6 690 1
6 709 1
6 712 1
6 738 1
6 751 1
6 759 1
6 809 1
6 826 1
6 882 1
6 920 1
6 929 1
6 965 1
6 975 1
6 995 1
6 1034 1
6 1043 1
6 1070 1
6 1081 1
6 1121 1
6 1140 1
6 1165 1
6 1183 1
6 1240 1
7 9 1
7 15 1
7 22 1
7 27 1
7 37 1
7 38 1
7 41 1
7 48 1
7 49 1
7 62 1
7 67 1
7 74 1
7 84 1
7 102 1
7 192 1
7 207 1
7 251 1
7 294 1
7 315 1
7 344 1
7 349 1
7 372 1
7 374 1
7 376 1
7 381 1
7 400 1
7 410 1
7 418 1
7 444 1
7 447 1
7 489 1
7 643 1
7 644 1
7 667 1
7 676 1
7 692 1
7 702 1
7 749 1
7 754 1
7 773 1
7 778 1
7 814 1
7 816 1
7 879 1
7 880 1
7 901 1
7 903 1
7 943 1
7 948 1
7 970 1
7 981 1
7 991 1
7 1005 1
7 1025 1
7 1049 1
7 1087 1
7 1101 1
7 1182 1
7 1251 1
8 9 1
8 10 1
8 12 1
8 15 1
8 16 1
8 20 1
8 23 1
8 24 1
8 25 1
8 29 1
8 30 1
8 31 1
8 35 1
8 53 1
8 55 1
8 65 1
8 75 1
8 89 1
8 95 1
8 100 1
8 112 1
8 140 1
8 143 1
8 146 1
8 161 1
8 177 1
8 198 1
8 232 1
8 238 1
8 249 1
8 252 1
8 273 1
8 278 1
8 284 1
8 302 1
8 328 1
8 363 1
8 391 1
8 405 1
8 411 1
8 426 1
8 446 1
8 449 1
8 458 1
8 477 1
8 495 1
8 520 1
8 527 1
8 530 1
8 538 1
8 540 1
8 580 1
8 610 1
8 635 1
8 651 1
8 671 1
8 688 1
8 694 1
8 699 1
8 723 1
8 724 1
8 768 1
8 779 1
8 780 1
8 803 1
8 804 1
8 839 1
8 864 1
8 943 1
8 973 1
8 1056 1
8 1078 1
8 1089 1
8 1123 1
8 1150 1
8 1175 1
8 1245 1
8 1269 1
9 17 1
9 18 1
9 19 1
9 32 1
9 33 1
9 35 1
9 38 1
9 57 1
9 64 1
9 66 1
9 77 1
9 112 1
9 113 1
9 132 1
9 142 1
9 174 1
9 193 1
9 198 1
9 212 1
9 221 1
9 275 1
9 335 1
9 336 1
9 364 1
9 379 1
9 382 1
9 448 1
9 460 1
9 517 1
9 548 1
9 552 1
9 567 1
9 595 1
9 629 1
9 668 1
9 702 1
9 765 1
9 772 1
9 820 1
9 860 1
9 930 1
9 992 1
9 1008 1
9 1032 1
9 1124 1
9 1128 1
9 1173 1
9 1187 1
9 1203 1
9 1209 1
9 1295 1
10 13 1
10 16 1
10 20 1
10 64 1
10 84 1
10 97 1
10 98 1
10 100 1
10 115 1
10 144 1
10 156 1
10 175 1
10 179 1
10 188 1
10 201 1
10 230 1
10 261 1
10 269 1
10 310 1
10 336 1
10 338 1
10 352 1
10 379 1
10 512 1
10 521 1
10 615 1
10 620 1
10 720 1
10 876 1
10 940 1
10 985 1
10 994 1
10 1068 1
10 1121 1
10 1150 1
11 12 1
11 13 1
11 15 1
11 17 1
11 20 1
11 21 1
11 29 1
11 33 1
11 44 1
11 53 1
11 58 1
11 70 1
11 72 1
11 73 1
11 78 1
11 91 1
11 95 1
11 97 1
11 107 1
11 108 1
11 109 1
11 139 1
11 152 1
11 153 1
11 172 1
11 174 1
11 181 1
11 207 1
11 214 1
11 215 1
11 222 1
11 223 1
11 236 1
11 248 1
11 265 1
11 297 1
11 330 1
11 354 1
11 360 1
11 398 1
11 442 1
11 467 1
11 475 1
11 505 1
11 516 1
11 527 1
11 531 1
11 565 1
11 575 1
11 594 1
11 653 1
11 668 1
11 673 1
11 689 1
11 700 1
11 724 1
11 747 1
11 797 1
11 809 1
11 842 1
11 880 1
11 907 1
11 933 1
11 978 1
11 983 1
11 992 1
11 1003 1
11 1027 1
11 1030 1
11 1061 1
11 1142 1
11 1231 1
12 13 1
12 14 1
12 15 1
12 19 1
12 21 1
12 33 1
12 35 1
12 45 1
12 48 1
12 50 1
12 51 1
12 53 1
12 54 1
12 55 1
12 63 1
12 66 1
12 67 1
12 72 1
12 73 1
12 77 1
12 78 1
12 81 1
12 86 1
12 99 1
12 105 1
12 116 1
12 134 1
12 148 1
12 150 1
12 171 1
12 173 1
12 183 1
12 214 1
12 218 1
12 245 1
12 285 1
12 287 1
12 295 1
12 300 1
12 311 1
12 318 1
12 343 1
12 352 1
12 364 1
12 390 1
12 410 1
12 416 1
12 432 1
12 459 1
12 461 1
12 467 1
12 476 1
12 480 1
12 495 1
12 579 1
12 597 1
12 649 1
12 667 1
12 676 1
12 703 1
12 705 1
12 709 1
12 744 1
12 773 1
12 793 1
12 799 1
12 830 1
12 900 1
12 926 1
12 955 1
12 962 1
12 982 1
12 993 1
12 1007 1
12 1011 1
12 1031 1
12 1047 1
12 1057 1
12 1128 1
12 1129 1
12 1152 1
12 1159 1
12 1178 1
12 1190 1
12 1207 1
12 1210 1
12 1241 1
12 1244 1
12 1245 1
12 1259 1
13 14 1
13 18 1
13 19 1
13 23 1
13 30 1
13 48 1
13 49 1
13 111 1
13 122 1
13 133 1
13 151 1
13 152 1
13 166 1
13 173 1
13 176 1
13 209 1
13 212 1
13 250 1
13 268 1
13 279 1
13 286 1
13 323 1
13 369 1
13 371 1
13 375 1
13 476 1
13 507 1
13 511 1
13 527 1
13 538 1
13 539 1
13 543 1
13 576 1
13 690 1
13 691 1
13 731 1
13 737 1
13 752 1
13 808 1
13 907 1
13 986 1
13 1006 1
13 1032 1
13 1215 1
13 1242 1
13 1246 1
14 25 1
14 27 1
14 52 1
14 62 1
14 81 1
14 111 1
14 115 1
14 199 1
14 265 1
14 300 1
14 458 1
14 477 1
14 535 1
14 613 1
14 646 1
14 664 1
14 720 1
14 725 1
14 736 1
14 787 1
14 833 1
14 850 1
14 1139 1
14 1164 1
15 17 1
15 23 1
15 32 1
15 33 1
15 38 1
15 46 1
15 54 1
15 75 1
15 89 1
15 114 1
15 126 1
15 137 1
15 147 1
15 154 1
15 161 1
15 172 1
15 194 1
15 216 1
15 247 1
15 260 1
15 272 1
15 276 1
15 320 1
15 343 1
15 408 1
15 429 1
15 450 1
15 495 1
15 504 1
15 505 1
15 583 1
15 593 1
15 607 1
15 641 1
15 666 1
15 752 1
15 805 1
15 835 1
15 843 1
15 897 1
15 962 1
15 984 1
15 1051 1
15 1066 1
15 1149 1
15 1262 1
15 1292 1
16 24 1
16 32 1
16 50 1
16 69 1
16 88 1
16 123 1
16 124 1
16 140 1
16 144 1
16 155 1
16 170 1
16 181 1
16 213 1
16 217 1
16 224 1
16 226 1
16 235 1
16 264 1
16 270 1
16 348 1
16 370 1
16 383 1
16 397 1
16 415 1
16 427 1
16 433 1
16 479 1
16 559 1
16 569 1
16 594 1
16 595 1
16 623 1
16 627 1
16 629 1
16 653 1
16 709 1
16 756 1
16 766 1
16 913 1
16 927 1
16 1078 1
16 1154 1
16 1197 1
17 19 1
17 20 1
17 22 1
17 26 1
17 29 1
17 37 1
17 71 1
17 76 1
17 78 1
17 84 1
17 89 1
17 104 1
17 109 1
17 110 1
17 117 1
17 131 1
17 140 1
17 142 1
17 151 1
17 152 1
17 161 1
17 168 1
17 193 1
17 196 1
17 197 1
17 202 1
17 222 1
17 262 1
17 330 1
17 331 1
17 336 1
17 339 1
17 359 1
17 379 1
17 409 1
17 431 1
17 456 1
17 497 1
17 505 1
17 512 1
17 526 1
17 531 1
17 591 1
17 625 1
17 728 1
17 731 1
17 735 1
17 744 1
17 815 1
17 838 1
17 842 1
17 847 1
17 888 1
17 892 1
17 1013 1
17 1053 1
17 1059 1
17 1094 1
17 1111 1
18 60 1
18 109 1
18 239 1
18 478 1
18 489 1
18 704 1
18 1225 1
19 29 1
19 46 1
19 71 1
19 105 1
19 145 1
19 147 1
19 165 1
19 176 1
19 256 1
19 257 1
19 261 1
19 346 1
19 353 1
19 362 1
19 370 1
19 382 1
19 396 1
19 505 1
19 521 1
19 546 1
19 560 1
19 603 1
19 617 1
19 639 1
19 655 1
19 665 1
19 712 1
19 717 1
19 721 1
19 761 1
19 777 1
19 796 1
19 820 1
19 825 1
19 876 1
19 893 1
19 980 1
19 982 1
19 1003 1
19 1184 1
19 1229 1
20 28 1
20 34 1
20 74 1
20 86 1
20 110 1
20 114 1
20 132 1
20 148 1
20 167 1
20 174 1
20 259 1
20 301 1
20 361 1
20 444 1
20 494 1
20 524 1
20 548 1
20 557 1
20 614 1
20 700 1
20 774 1
20 895 1
20 993 1
20 1056 1
20 1082 1
20 1261 1
21 22 1
21 25 1
21 34 1
21 64 1
21 69 1
21 72 1
21 93 1
21 103 1
21 109 1
21 111 1
21 114 1
21 121 1
21 132 1
21 146 1
21 185 1
21 214 1
21 225 1
21 229 1
21 251 1
21 262 1
21 263 1
21 276 1
21 278 1
21 299 1
21 325 1
21 426 1
21 436 1
21 466 1
21 485 1
21 529 1
21 566 1
21 713 1
21 783 1
21 827 1
21 851 1
21 886 1
21 914 1
21 961 1
21 1040 1
21 1088 1
21 1105 1
21 1186 1
21 1226 1
22 26 1
22 32 1
22 40 1
22 41 1
22 49 1
22 82 1
22 96 1
22 99 1
22 125 1
22 136 1
22 157 1
22 186 1
22 203 1
22 233 1
22 242 1
22 250 1
22 274 1
22 288 1
22 397 1
22 427 1
22 480 1
22 551 1
22 572 1
22 665 1
22 699 1
22 832 1
22 957 1
22 1100 1
22 1193 1
22 1204 1
22 1298 1
23 24 1
23 87 1
23 119 1
23 141 1
23 173 1
23 191 1
23 300 1
23 309 1
23 326 1
23 500 1
23 509 1
23 550 1
23 588 1
23 609 1
23 619 1
23 686 1
23 759 1
23 844 1
23 913 1
23 1015 1
23 1048 1
23 1141 1
23 1221 1
24 38 1
24 47 1
24 349 1
24 472 1
24 585 1
24 629 1
24 697 1
24 809 1
24 831 1
24 1110 1
25 44 1
25 55 1
25 58 1
25 79 1
25 86 1
25 97 1
25 118 1
25 143 1
25 145 1
25 155 1
25 157 1
25 164 1
25 182 1
25 188 1
25 194 1
25 203 1
25 235 1
25 246 1
25 342 1
25 380 1
25 401 1
25 428 1
25 464 1
25 466 1
25 565 1
25 568 1
25 631 1
25 654 1
25 669 1
25 702 1
25 856 1
25 892 1
25 1041 1
25 1076 1
25 1144 1
25 1200 1
25 1209 1
25 1252 1
25 1255 1
26 36 1
26 47 1
26 49 1
26 94 1
26 142 1
26 440 1
26 523 1
26 536 1
26 572 1
26 621 1
26 951 1
26 1069 1
26 1111 1
26 1161 1
26 1191 1
27 28 1
27 39 1
27 71 1
27 76 1
27 80 1
27 96 1
27 113 1
27 200 1
27 222 1
27 235 1
27 431 1
27 447 1
27 480 1
27 486 1
27 607 1
27 687 1
27 741 1
27 866 1
27 875 1
27 908 1
27 937 1
27 1050 1
27 1109 1
27 1185 1
27 1192 1
27 1250 1
27 1266 1
28 57 1
28 160 1
28 168 1
28 272 1
28 278 1
28 283 1
28 307 1
28 308 1
28 331 1
28 332 1
28 394 1
28 396 1
28 511 1
28 656 1
28 699 1
28 759 1
28 770 1
28 812 1
28 968 1
28 981 1
28 1166 1
29 37 1
29 43 1
29 45 1
29 60 1
29 94 1
29 139 1
29 166 1
29 191 1
29 200 1
29 210 1
29 225 1
29 234 1
29 236 1
29 260 1
29 263 1
29 288 1
29 362 1
29 391 1
29 395 1
29 415 1
29 502 1
29 550 1
29 587 1
29 673 1
29 688 1
29 719 1
29 732 1
29 753 1
29 788 1
29 824 1
29 848 1
29 862 1
29 964 1
29 967 1
29 992 1
29 1009 1
29 1027 1
29 1146 1
29 1293 1
30 34 1
30 40 1
30 50 1
30 62 1
30 63 1
30 75 1
30 221 1
30 246 1
30 318 1
30 321 1
30 338 1
30 372 1
30 450 1
30 460 1
30 523 1
30 586 1
30 611 1
30 665 1
30 732 1
30 807 1
30 917 1
30 1256 1
31 34 1
31 36 1
31 42 1
31 46 1
31 61 1
31 99 1
31 101 1
31 108 1
31 116 1
31 129 1
31 159 1
31 165 1
31 183 1
31 192 1
31 265 1
31 290 1
31 334 1
31 343 1
31 347 1
31 563 1
31 616 1
31 626 1
31 667 1
31 731 1
31 763 1
31 821 1
31 972 1
31 988 1
31 1013 1
31 1160 1
32 79 1
32 189 1
32 206 1
32 282 1
32 328 1
32 760 1
32 954 1
32 1218 1
33 42 1
33 43 1
33 47 1
33 51 1
33 54 1
33 56 1
33 63 1
33 65 1
33 74 1
33 76 1
33 88 1
33 93 1
33 95 1
33 117 1
33 131 1
33 145 1
33 155 1
33 158 1
33 164 1
33 170 1
33 178 1
33 185 1
33 210 1
33 255 1
33 259 1
33 266 1
33 285 1
33 347 1
33 375 1
33 385 1
33 398 1
33 428 1
33 437 1
33 457 1
33 508 1
33 513 1
33 534 1
33 535 1
33 556 1
33 561 1
33 568 1
33 589 1
33 590 1
33 662 1
33 730 1
33 829 1
33 844 1
33 856 1
33 862 1
33 874 1
33 898 1
33 978 1
33 1000 1
33 1001 1
33 1006 1
33 1007 1
33 1019 1
33 1044 1
33 1058 1
33 1072 1
33 1153 1
33 1188 1
33 1217 1
33 1256 1
33 1258 1
34 40 1
34 42 1
34 62 1
34 70 1
34 90 1
34 110 1
34 112 1
34 117 1
34 119 1
34 120 1
34 129 1
34 140 1
34 218 1
34 321 1
34 325 1
34 341 1
34 397 1
34 445 1
34 540 1
34 550 1
34 692 1
34 698 1
34 762 1
34 795 1
34 855 1
34 869 1
34 884 1
34 945 1
34 967 1
34 1038 1
34 1091 1
34 1096 1
34 1124 1
34 1198 1
34 1267 1
35 52 1
35 56 1
35 82 1
35 149 1
35 199 1
35 224 1
35 716 1
35 723 1
35 734 1
35 748 1
36 45 1
36 59 1
36 70 1
36 100 1
36 104 1
36 136 1
36 171 1
36 173 1
36 187 1
36 190 1
36 209 1
36 376 1
36 381 1
36 404 1
36 428 1
36 435 1
36 504 1
36 563 1
36 592 1
36 619 1
36 681 1
36 695 1
36 713 1
36 817 1
36 1016 1
36 1123 1
36 1190 1
36 1220 1
36 1277 1
37 57 1
37 58 1
37 226 1
37 233 1
37 234 1
37 244 1
37 263 1
37 281 1
37 302 1
37 309 1
37 324 1
37 344 1
37 371 1
37 387 1
37 422 1
37 455 1
37 464 1
37 488 1
37 551 1
37 555 1
37 575 1
37 648 1
37 676 1
37 701 1
37 707 1
37 723 1
37 877 1
37 989 1
37 1130 1
37 1153 1
38 50 1
38 58 1
38 66 1
38 69 1
38 75 1
38 79 1
38 81 1
38 91 1
38 92 1
38 115 1
38 124 1
38 159 1
38 203 1
38 206 1
38 237 1
38 247 1
38 270 1
38 339 1
38 340 1
38 346 1
38 363 1
38 386 1
38 392 1
38 426 1
38 446 1
38 451 1
38 454 1
38 457 1
38 461 1
38 500 1
38 506 1
38 578 1
38 603 1
38 605 1
38 634 1
38 658 1
38 679 1
38 697 1
38 772 1
38 794 1
38 974 1
38 978 1
38 1019 1
38 1033 1
38 1060 1
38 1075 1
38 1088 1
38 1132 1
38 1163 1
38 1195 1
38 1266 1
38 1282 1
39 43 1
39 71 1
39 153 1
39 395 1
39 407 1
39 410 1
39 477 1
39 510 1
39 552 1
39 588 1
39 713 1
39 884 1
39 900 1
39 922 1
39 1144 1
39 1281 1
40 310 1
40 429 1
40 519 1
40 1049 1
41 45 1
41 56 1
41 82 1
41 84 1
41 85 1
41 128 1
41 258 1
41 290 1
41 659 1
41 728 1
41 802 1
41 912 1
41 1020 1
41 1124 1
41 1141 1
42 59 1
42 70 1
42 74 1
42 100 1
42 121 1
42 127 1
42 146 1
42 170 1
42 204 1
42 248 1
42 295 1
42 303 1
42 307 1
42 352 1
42 423 1
42 497 1
42 544 1
42 558 1
42 584 1
42 595 1
42 610 1
42 621 1
42 674 1
42 697 1
42 740 1
42 757 1
42 845 1
42 854 1
42 868 1
42 905 1
42 920 1
42 980 1
42 1029 1
42 1039 1
42 1090 1
42 1125 1
42 1133 1
42 1220 1
43 61 1
43 207 1
43 217 1
43 366 1
43 388 1
43 399 1
43 642 1
43 746 1
43 929 1
43 1218 1
44 60 1
44 67 1
44 82 1
44 94 1
44 98 1
44 135 1
44 197 1
44 201 1
44 241 1
44 277 1
44 296 1
44 347 1
44 361 1
44 373 1
44 386 1
44 472 1
44 484 1
44 535 1
44 538 1
44 632 1
44 679 1
44 694 1
44 873 1
44 959 1
44 1112 1
44 1161 1
44 1238 1
44 1264 1
45 55 1
45 59 1
45 68 1
45 189 1
45 284 1
45 389 1
45 397 1
45 532 1
45 745 1
45 922 1
45 1098 1
46 51 1
46 64 1
46 92 1
46 96 1
46 103 1
46 131 1
46 351 1
46 434 1
46 491 1
46 556 1
46 567 1
46 725 1
46 767 1
46 1024 1
46 1115 1
46 1266 1
47 386 1
47 551 1
47 1038 1
48 56 1
48 57 1
48 65 1
48 67 1
48 87 1
48 113 1
48 127 1
48 174 1
48 182 1
48 196 1
48 219 1
48 333 1
48 369 1
48 599 1
48 602 1
48 639 1
48 729 1
48 823 1
48 868 1
48 954 1
48 1027 1
48 1028 1
49 69 1
49 115 1
49 127 1
49 177 1
49 180 1
49 242 1
49 250 1
49 283 1
49 383 1
49 637 1
49 705 1
49 799 1
49 937 1
49 955 1
49 1238 1
50 52 1
50 54 1
50 126 1
50 144 1
50 224 1
50 240 1
50 255 1
50 357 1
50 403 1
50 445 1
50 629 1
50 630 1
50 662 1
50 1019 1
50 1070 1
50 1247 1
51 92 1
51 101 1
51 103 1
51 366 1
51 369 1
51 377 1
51 436 1
51 439 1
51 547 1
51 560 1
51 596 1
51 597 1
51 623 1
51 643 1
51 659 1
51 871 1
51 894 1
51 1085 1
51 1114 1
51 1173 1
51 1201 1
51 1242 1
52 93 1
52 107 1
52 110 1
52 205 1
52 313 1
52 317 1
52 703 1
52 1069 1
52 1177 1
52 1188 1
52 1263 1
53 245 1
53 617 1
53 655 1
53 707 1
53 715 1
53 852 1
53 1060 1
54 105 1
54 106 1
54 129 1
54 160 1
54 185 1
54 331 1
54 378 1
54 430 1
54 486 1
54 616 1
54 668 1
54 677 1
54 735 1
54 786 1
54 850 1
54 923 1
54 972 1
54 1027 1
54 1055 1
54 1077 1
55 77 1
55 124 1
55 125 1
55 152 1
55 220 1
55 313 1
55 348 1
55 485 1
55 515 1
55 548 1
55 574 1
55 577 1
55 685 1
55 744 1
55 787 1
55 855 1
55 863 1
55 925 1
55 932 1
55 985 1
55 1121 1
55 1192 1
55 1272 1
56 68 1
56 78 1
56 88 1
56 137 1
56 178 1
56 202 1
56 205 1
56 208 1
56 213 1
56 264 1
56 269 1
56 275 1
56 281 1
56 301 1
56 399 1
56 402 1
56 442 1
56 446 1
56 459 1
56 522 1
56 602 1
56 677 1
56 694 1
56 797 1
56 813 1
56 844 1
56 878 1
56 938 1
56 1024 1
56 1036 1
56 1093 1
56 1142 1
56 1233 1
56 1248 1
57 128 1
57 238 1
57 252 1
57 275 1
57 366 1
57 384 1
57 562 1
57 778 1
57 864 1
57 887 1
57 952 1
57 1094 1
57 1295 1
58 125 1
58 127 1
58 128 1
58 163 1
58 169 1
58 180 1
58 561 1
58 608 1
58 707 1
58 804 1
58 857 1
58 870 1
58 947 1
58 1058 1
58 1118 1
58 1127 1
58 1138 1
59 161 1
59 168 1
59 466 1
59 483 1
59 554 1
59 564 1
59 882 1
59 1142 1
59 1190 1
59 1197 1
59 1249 1
60 247 1
60 474 1
60 484 1
60 941 1
61 124 1
61 202 1
61 231 1
61 481 1
61 545 1
61 651 1
61 872 1
61 911 1
61 1006 1
61 1062 1
61 1154 1
62 77 1
62 138 1
62 368 1
62 380 1
62 620 1
62 758 1
62 976 1
62 991 1
62 1300 1
63 80 1
63 209 1
63 329 1
63 414 1
63 415 1
63 494 1
63 557 1
63 670 1
63 1038 1
63 1226 1
63 1297 1
64 150 1
64 186 1
64 219 1
64 239 1
64 329 1
64 464 1
64 618 1
64 627 1
64 650 1
64 670 1
64 720 1
64 964 1
64 986 1
64 987 1
64 1133 1
64 1292 1
65 223 1
65 371 1
65 526 1
65 726 1
65 847 1
65 922 1
65 924 1
65 1251 1
66 83 1
66 87 1
66 198 1
66 203 1
66 211 1
66 228 1
66 233 1
66 286 1
66 326 1
66 463 1
66 468 1
66 486 1
66 554 1
66 612 1
66 676 1
66 680 1
66 764 1
66 831 1
66 986 1
66 988 1
66 1101 1
66 1128 1
66 1158 1
66 1185 1
66 1229 1
66 1287 1
67 68 1
67 185 1
67 191 1
67 208 1
67 243 1
67 271 1
67 274 1
67 316 1
67 549 1
67 1002 1
67 1132 1
67 1202 1
68 83 1
68 141 1
68 188 1
68 274 1
68 568 1
68 582 1
68 637 1
68 672 1
68 1032 1
68 1124 1
68 1163 1
68 1254 1
68 1257 1
69 539 1
69 796 1
69 1042 1
70 76 1
70 106 1
70 308 1
70 348 1
70 437 1
70 451 1
70 508 1
70 604 1
70 682 1
70 746 1
70 906 1
70 957 1
70 1099 1
71 73 1
71 79 1
71 90 1
71 157 1
71 158 1
71 159 1
71 162 1
71 180 1
71 255 1
71 275 1
71 355 1
71 448 1
71 467 1
71 477 1
71 592 1
71 733 1
71 785 1
71 875 1
71 938 1
71 984 1
72 136 1
72 197 1
72 310 1
72 324 1
72 582 1
72 851 1
72 944 1
72 956 1
73 118 1
73 134 1
73 189 1
73 267 1
73 282 1
73 313 1
73 673 1
73 696 1
73 750 1
73 774 1
73 775 1
73 930 1
73 1007 1
73 1192 1
74 277 1
74 406 1
74 445 1
74 972 1
74 1184 1
75 133 1
75 154 1
75 181 1
75 189 1
75 279 1
75 297 1
75 303 1
75 405 1
75 569 1
75 889 1
76 108 1
76 228 1
76 259 1
76 262 1
76 362 1
76 390 1
76 443 1
76 453 1
76 645 1
76 663 1
76 726 1
76 798 1
76 863 1
76 892 1
76 899 1
76 918 1
76 942 1
76 968 1
76 1047 1
76 1092 1
76 1155 1
77 179 1
77 200 1
77 237 1
77 249 1
77 253 1
77 312 1
77 476 1
77 534 1
77 728 1
77 789 1
77 884 1
78 86 1
78 122 1
78 230 1
78 488 1
78 627 1
78 701 1
78 862 1
78 1093 1
78 1109 1
79 80 1
79 90 1
79 102 1
79 143 1
79 168 1
79 171 1
79 177 1
79 207 1
79 353 1
79 408 1
79 436 1
79 443 1
79 471 1
79 480 1
79 508 1
79 577 1
79 601 1
79 672 1
79 719 1
79 853 1
79 872 1
79 1211 1
79 1287 1
80 254 1
80 818 1
80 1194 1
81 101 1
81 123 1
81 129 1
81 175 1
81 315 1
81 551 1
81 787 1
81 894 1
81 1139 1
81 1232 1
82 85 1
82 107 1
82 112 1
82 195 1
82 246 1
82 315 1
82 343 1
82 522 1
82 536 1
82 585 1
82 604 1
82 705 1
82 1026 1
82 1135 1
82 1140 1
82 1158 1
82 1284 1
83 95 1
83 135 1
83 158 1
83 184 1
83 219 1
83 297 1
83 385 1
83 392 1
83 441 1
83 490 1
83 1201 1
84 181 1
84 394 1
84 404 1
84 433 1
84 738 1
84 830 1
85 97 1
85 102 1
85 192 1
85 528 1
85 848 1
85 944 1
85 946 1
85 1276 1
86 172 1
86 333 1
87 134 1
87 260 1
87 268 1
87 1008 1
87 1066 1
88 240 1
88 1274 1
89 130 1
89 143 1
89 204 1
89 230 1
89 237 1
89 241 1
89 269 1
89 352 1
89 441 1
89 482 1
89 496 1
89 792 1
89 902 1
89 935 1
89 1044 1
89 1083 1
89 1167 1
90 220 1
90 353 1
90 645 1
90 825 1
90 1057 1
90 1291 1
91 229 1
91 243 1
91 267 1
91 319 1
91 337 1
91 398 1
91 406 1
91 438 1
91 637 1
91 643 1
91 680 1
91 690 1
91 695 1
91 717 1
91 767 1
91 954 1
91 1135 1
91 1149 1
91 1176 1
91 1278 1
92 106 1
92 160 1
92 172 1
92 201 1
92 267 1
92 387 1
92 412 1
92 475 1
92 546 1
92 564 1
92 581 1
92 633 1
92 645 1
92 754 1
92 902 1
92 949 1
92 951 1
92 990 1
92 1112 1
92 1147 1
92 1171 1
92 1237 1
92 1273 1
93 108 1
93 137 1
93 223 1
93 378 1
93 489 1
93 509 1
93 698 1
93 775 1
93 870 1
93 890 1
93 946 1
93 948 1
93 955 1
93 1196 1
93 1234 1
94 162 1
94 178 1
94 325 1
94 482 1
94 554 1
94 623 1
94 710 1
94 841 1
94 1152 1
95 151 1
95 251 1
95 418 1
96 104 1
96 192 1
96 272 1
96 331 1
96 410 1
96 818 1
96 1189 1
97 119 1
97 163 1
97 184 1
97 213 1
97 214 1
97 280 1
97 283 1
97 291 1
97 377 1
97 399 1
97 424 1
97 429 1
97 449 1
97 459 1
97 575 1
97 592 1
97 638 1
97 661 1
97 735 1
97 739 1
97 740 1
97 854 1
97 858 1
97 957 1
97 985 1
97 1002 1
97 1018 1
98 210 1
98 257 1
98 269 1
98 277 1
98 616 1
98 712 1
98 782 1
98 792 1
98 916 1
98 1108 1
98 1299 1
99 764 1
99 807 1
99 846 1
99 1135 1
99 1139 1
100 103 1
100 114 1
100 132 1
100 136 1
100 138 1
100 175 1
100 187 1
100 194 1
100 220 1
100 246 1
100 291 1
100 297 1
100 365 1
100 390 1
100 462 1
100 509 1
100 519 1
100 534 1
100 547 1
100 633 1
100 660 1
100 739 1
100 861 1
100 885 1
100 952 1
100 997 1
100 1014 1
100 1045 1
100 1108 1
100 1222 1
100 1241 1
101 201 1
101 228 1
101 377 1
101 440 1
101 537 1
101 604 1
101 702 1
102 130 1
102 224 1
102 292 1
102 306 1
102 361 1
102 396 1
102 748 1
102 949 1
102 970 1
102 1121 1
102 1249 1
103 237 1
103 240 1
103 280 1
103 294 1
103 341 1
103 1046 1
103 1271 1
104 138 1
104 145 1
104 248 1
104 265 1
104 417 1
104 614 1
104 627 1
104 677 1
104 803 1
104 992 1
105 336 1
105 816 1
105 1233 1
106 193 1
106 199 1
106 221 1
106 497 1
106 581 1
106 789 1
106 1234 1
107 242 1
107 261 1
107 310 1
107 363 1
107 426 1
107 1090 1
107 1106 1
108 372 1
108 431 1
108 459 1
108 471 1
108 566 1
108 614 1
108 1060 1
108 1092 1
109 137 1
109 354 1
109 516 1
109 566 1
109 1177 1
110 116 1
110 190 1
110 195 1
110 234 1
110 481 1
110 603 1
110 685 1
110 947 1
110 1099 1
110 1168 1
110 1236 1
110 1300 1
111 154 1
111 211 1
111 227 1
111 271 1
111 337 1
111 442 1
111 492 1
111 535 1
111 660 1
111 720 1
111 790 1
111 904 1
111 970 1
111 998 1
111 1066 1
111 1199 1
111 1207 1
111 1278 1
112 117 1
112 125 1
112 130 1
112 144 1
112 149 1
112 180 1
112 304 1
112 365 1
112 502 1
112 557 1
112 661 1
112 799 1
112 858 1
112 861 1
113 133 1
113 254 1
113 435 1
113 501 1
113 543 1
113 710 1
113 750 1
113 751 1
113 786 1
113 800 1
113 1241 1
114 608 1
114 733 1
114 756 1
114 1255 1
115 116 1
115 126 1
115 158 1
115 187 1
115 190 1
115 234 1
115 266 1
115 292 1
115 300 1
115 340 1
115 380 1
115 460 1
115 492 1
115 552 1
115 630 1
115 635 1
115 693 1
115 755 1
115 776 1
115 797 1
115 798 1
115 885 1
115 1168 1
115 1291 1
116 1011 1
116 1102 1
118 153 1
118 211 1
118 215 1
118 256 1
118 263 1
118 268 1
118 289 1
118 332 1
118 396 1
118 579 1
118 615 1
118 694 1
118 809 1
118 811 1
118 965 1
119 296 1
119 304 1
119 507 1
119 519 1
119 541 1
119 949 1
119 1218 1
120 499 1
120 908 1
120 950 1
120 1045 1
120 1097 1
121 421 1
122 141 1
122 345 1
122 520 1
122 835 1
122 1000 1
123 133 1
123 164 1
123 197 1
123 219 1
123 236 1
123 381 1
123 699 1
123 738 1
123 762 1
123 915 1
123 1181 1
124 179 1
124 193 1
124 869 1
124 933 1
125 147 1
125 351 1
125 374 1
125 589 1
125 601 1
125 620 1
125 760 1
125 849 1
125 934 1
125 995 1
125 1130 1
126 231 1
126 296 1
126 401 1
126 573 1
126 859 1
126 1047 1
126 1282 1
127 170 1
127 182 1
127 439 1
127 497 1
127 524 1
127 573 1
127 804 1
127 805 1
127 855 1
127 1288 1
128 202 1
128 339 1
128 591 1
129 1139 1
130 153 1
130 254 1
130 258 1
130 322 1
130 358 1
130 385 1
130 590 1
130 722 1
130 821 1
130 940 1
130 1038 1
130 1162 1
130 1169 1
130 1187 1
131 177 1
131 212 1
131 347 1
131 351 1
131 385 1
131 640 1
131 903 1
131 1065 1
131 1164 1
132 141 1
132 484 1
132 561 1
132 761 1
132 883 1
133 162 1
133 317 1
133 393 1
133 936 1
134 253 1
134 289 1
134 424 1
134 434 1
134 997 1
134 1059 1
134 1267 1
135 166 1
135 215 1
135 217 1
135 293 1
135 345 1
135 364 1
135 412 1
135 510 1
135 565 1
135 707 1
135 1076 1
136 148 1
136 175 1
136 303 1
136 528 1
136 602 1
136 624 1
136 646 1
136 724 1
136 735 1
137 156 1
137 184 1
137 232 1
137 309 1
137 374 1
137 645 1
137 770 1
137 777 1
137 971 1
137 1119 1
137 1155 1
138 328 1
138 356 1
138 1058 1
138 1291 1
139 356 1
139 478 1
139 780 1
139 852 1
140 149 1
140 195 1
140 222 1
140 281 1
140 357 1
140 376 1
140 400 1
140 598 1
140 1030 1
141 169 1
141 315 1
142 259 1
142 349 1
142 365 1
142 493 1
142 512 1
142 528 1
142 820 1
142 898 1
142 1056 1
143 157 1
143 204 1
143 216 1
143 243 1
143 367 1
143 485 1
143 559 1
143 827 1
143 832 1
143 961 1
143 1082 1
143 1134 1
144 178 1
144 252 1
144 276 1
144 333 1
144 432 1
144 728 1
144 818 1
144 871 1
144 1262 1
145 225 1
145 296 1
145 525 1
145 562 1
145 625 1
145 686 1
145 692 1
145 739 1
145 791 1
145 921 1
145 1013 1
145 1224 1
146 182 1
146 298 1
146 299 1
146 744 1
146 767 1
146 984 1
146 1225 1
147 238 1
147 276 1
147 409 1
147 541 1
148 233 1
148 429 1
148 794 1
148 1073 1
148 1148 1
150 163 1
150 195 1
150 542 1
150 651 1
150 714 1
150 783 1
150 1273 1
151 166 1
151 216 1
151 255 1
151 273 1
151 320 1
151 323 1
151 335 1
151 344 1
151 348 1
151 461 1
151 528 1
151 576 1
151 687 1
151 689 1
151 725 1
151 734 1
151 803 1
151 879 1
151 941 1
151 963 1
151 1053 1
151 1157 1
152 160 1
152 244 1
152 273 1
152 427 1
152 602 1
152 1108 1
153 311 1
153 312 1
153 314 1
153 369 1
153 420 1
153 450 1
153 454 1
153 553 1
153 622 1
153 683 1
153 830 1
153 856 1
153 860 1
153 946 1
153 1035 1
153 1212 1
154 861 1
154 1080 1
155 167 1
155 287 1
155 330 1
155 492 1
155 509 1
155 745 1
155 754 1
155 862 1
155 886 1
155 1176 1
155 1235 1
156 167 1
156 184 1
156 186 1
156 781 1
156 867 1
156 940 1
156 1084 1
157 232 1
157 395 1
157 414 1
157 456 1
157 613 1
157 621 1
157 870 1
158 164 1
158 241 1
158 247 1
158 573 1
158 599 1
158 608 1
158 746 1
158 791 1
158 850 1
158 1067 1
159 239 1
159 249 1
159 257 1
159 285 1
159 291 1
159 326 1
159 350 1
159 413 1
159 414 1
159 562 1
159 597 1
159 661 1
159 671 1
159 680 1
159 811 1
159 887 1
159 919 1
159 976 1
159 1071 1
159 1267 1
159 1272 1
160 236 1
160 451 1
160 542 1
160 823 1
161 162 1
161 266 1
161 285 1
161 330 1
161 465 1
161 571 1
161 1287 1
162 354 1
162 356 1
162 409 1
162 906 1
162 975 1
162 1126 1
162 1198 1
163 270 1
163 600 1
163 652 1
163 696 1
163 789 1
163 817 1
163 828 1
163 910 1
163 1094 1
163 1209 1
163 1216 1
164 748 1
164 1106 1
165 169 1
165 666 1
165 760 1
165 846 1
166 317 1
166 679 1
166 811 1
166 940 1
166 1166 1
166 1167 1
166 1169 1
166 1260 1
167 179 1
167 226 1
167 449 1
167 582 1
167 688 1
167 722 1
167 869 1
167 1264 1
168 188 1
168 217 1
168 298 1
168 441 1
168 466 1
168 517 1
168 1036 1
169 411 1
169 498 1
169 1029 1
169 1112 1
169 1243 1
170 314 1
170 444 1
170 622 1
170 740 1
170 783 1
170 1253 1
170 1278 1
171 264 1
171 333 1
171 500 1
171 512 1
171 716 1
171 1044 1
171 1289 1
172 218 1
172 280 1
172 383 1
172 456 1
172 510 1
172 532 1
172 563 1
172 798 1
172 1043 1
173 176 1
173 183 1
173 190 1
173 294 1
173 321 1
173 334 1
173 340 1
173 384 1
173 475 1
173 752 1
173 813 1
173 840 1
173 919 1
173 1021 1
174 213 1
174 498 1
174 782 1
174 1054 1
174 1208 1
175 187 1
175 196 1
175 245 1
175 625 1
175 722 1
176 306 1
176 498 1
176 745 1
176 840 1
177 322 1
177 419 1
177 526 1
177 529 1
177 584 1
177 647 1
177 652 1
177 740 1
177 779 1
177 807 1
177 1049 1
178 235 1
178 308 1
178 444 1
178 511 1
178 822 1
178 905 1
178 1065 1
178 1216 1
179 446 1
179 819 1
179 824 1
179 828 1
179 1221 1
180 227 1
180 262 1
181 194 1
181 208 1
181 323 1
181 521 1
181 759 1
181 895 1
181 922 1
181 936 1
181 1148 1
181 1191 1
182 287 1
182 309 1
182 639 1
182 810 1
182 817 1
182 946 1
182 973 1
182 1223 1
183 294 1
183 302 1
183 475 1
183 483 1
183 565 1
183 576 1
183 810 1
183 1013 1
183 1079 1
183 1276 1
184 191 1
184 270 1
184 291 1
184 361 1
184 440 1
184 593 1
184 606 1
184 607 1
184 628 1
184 644 1
184 647 1
184 710 1
184 1280 1
185 227 1
185 305 1
185 388 1
186 496 1
186 595 1
186 613 1
186 655 1
186 836 1
186 994 1
186 1048 1
186 1094 1
186 1138 1
186 1205 1
187 264 1
187 496 1
188 216 1
188 271 1
188 350 1
188 375 1
188 455 1
188 514 1
188 571 1
188 765 1
188 1008 1
188 1016 1
188 1074 1
188 1110 1
189 378 1
189 1067 1
190 199 1
190 650 1
190 790 1
190 1110 1
190 1300 1
191 556 1
191 733 1
191 950 1
192 212 1
192 865 1
193 298 1
193 452 1
193 467 1
193 935 1
193 959 1
193 1153 1
194 465 1
194 1052 1
194 1212 1
195 382 1
195 394 1
195 402 1
195 403 1
195 540 1
195 549 1
195 942 1
195 1131 1
195 1210 1
196 286 1
196 372 1
196 682 1
196 960 1
196 1183 1
197 881 1
197 898 1
197 903 1
197 1102 1
198 579 1
198 692 1
198 729 1
198 1080 1
199 757 1
199 770 1
199 782 1
199 815 1
199 1029 1
200 278 1
200 542 1
200 674 1
200 1120 1
200 1134 1
202 306 1
202 400 1
202 600 1
202 656 1
202 872 1
202 1000 1
202 1014 1
202 1031 1
202 1119 1
203 251 1
203 327 1
203 367 1
204 311 1
204 434 1
204 530 1
204 611 1
204 683 1
204 721 1
204 1134 1
205 646 1
205 766 1
205 812 1
205 889 1
206 304 1
206 472 1
206 678 1
206 730 1
206 880 1
206 900 1
206 978 1
206 1202 1
207 226 1
207 314 1
207 468 1
207 554 1
207 802 1
207 874 1
207 1093 1
207 1169 1
208 474 1
209 283 1
209 359 1
209 742 1
210 261 1
210 391 1
210 920 1
210 1104 1
211 243 1
211 289 1
211 327 1
211 411 1
211 452 1
211 454 1
211 703 1
211 1215 1
211 1216 1
212 316 1
212 358 1
212 409 1
212 1160 1
212 1263 1
212 1292 1
213 284 1
213 839 1
213 890 1
214 249 1
214 292 1
214 313 1
214 416 1
214 515 1
214 541 1
214 665 1
214 952 1
214 1029 1
214 1213 1
216 379 1
216 420 1
216 652 1
216 662 1
216 683 1
216 1182 1
217 240 1
217 445 1
217 786 1
217 884 1
217 923 1
217 953 1
217 1070 1
217 1198 1
218 407 1
218 478 1
218 695 1
219 228 1
219 260 1
219 312 1
219 359 1
219 421 1
219 453 1
219 566 1
219 854 1
219 1247 1
220 287 1
220 376 1
220 425 1
220 785 1
220 853 1
220 896 1
220 1170 1
221 335 1
221 368 1
221 388 1
221 430 1
221 508 1
221 868 1
221 1085 1
221 1143 1
222 340 1
222 800 1
223 288 1
223 329 1
223 389 1
223 423 1
223 430 1
223 493 1
223 503 1
223 827 1
224 424 1
224 487 1
224 1009 1
224 1221 1
224 1248 1
225 503 1
225 514 1
225 635 1
225 708 1
225 1023 1
225 1089 1
226 468 1
226 664 1
226 698 1
226 711 1
226 824 1
226 1082 1
227 332 1
227 420 1
227 463 1
227 487 1
227 518 1
227 686 1
227 1023 1
227 1082 1
227 1213 1
227 1217 1
229 253 1
229 266 1
229 318 1
229 324 1
229 413 1
229 529 1
229 542 1
229 570 1
229 701 1
229 742 1
229 845 1
229 861 1
229 966 1
229 1074 1
229 1084 1
229 1087 1
229 1136 1
229 1166 1
229 1204 1
229 1255 1
229 1298 1
230 653 1
230 748 1
230 1134 1
230 1279 1
231 267 1
231 272 1
231 295 1
231 416 1
231 593 1
231 633 1
231 1012 1
232 398 1
232 653 1
232 664 1
232 878 1
232 962 1
232 1160 1
233 254 1
233 317 1
233 523 1
233 547 1
233 581 1
233 610 1
233 634 1
233 741 1
233 781 1
233 1072 1
233 1122 1
234 360 1
234 422 1
234 442 1
234 461 1
234 525 1
234 531 1
234 533 1
234 631 1
234 775 1
234 784 1
234 787 1
234 865 1
234 1144 1
235 590 1
235 933 1
235 969 1
235 1178 1
235 1252 1
236 1065 1
237 319 1
237 452 1
237 469 1
237 571 1
237 615 1
237 641 1
237 727 1
237 732 1
237 838 1
237 1079 1
237 1136 1
237 1293 1
238 934 1
238 1236 1
239 253 1
239 298 1
239 404 1
239 1172 1
240 244 1
240 485 1
240 533 1
240 878 1
240 977 1
240 1172 1
240 1265 1
241 256 1
241 279 1
241 293 1
241 320 1
241 441 1
241 473 1
241 496 1
241 792 1
241 1084 1
241 1268 1
242 642 1
242 681 1
242 872 1
242 1214 1
243 327 1
243 447 1
243 657 1
244 301 1
244 338 1
244 349 1
244 433 1
244 866 1
244 997 1
244 1019 1
245 546 1
245 747 1
245 1203 1
246 250 1
246 439 1
246 925 1
246 1083 1
246 1135 1
247 511 1
247 805 1
247 896 1
247 1032 1
247 1113 1
247 1184 1
248 588 1
248 830 1
249 405 1
249 438 1
249 575 1
249 1001 1
250 366 1
250 582 1
250 593 1
250 649 1
250 709 1
250 918 1
251 518 1
251 572 1
251 877 1
252 517 1
252 1033 1
253 549 1
253 784 1
253 841 1
253 845 1
254 318 1
254 648 1
254 891 1
255 433 1
255 648 1
255 916 1
255 1055 1
255 1123 1
256 258 1
256 416 1
256 507 1
256 624 1
256 930 1
257 354 1
257 656 1
257 846 1
257 916 1
257 1012 1
257 1112 1
257 1174 1
257 1230 1
258 322 1
258 540 1
258 632 1
258 749 1
259 293 1
259 360 1
259 447 1
259 488 1
259 879 1
259 939 1
259 1170 1
259 1256 1
259 1284 1
260 293 1
260 316 1
260 356 1
260 373 1
260 443 1
260 584 1
260 598 1
260 610 1
260 675 1
260 684 1
260 801 1
260 895 1
260 993 1
260 1010 1
260 1051 1
260 1107 1
260 1173 1
261 346 1
261 365 1
261 368 1
261 670 1
261 1150 1
262 580 1
262 777 1
262 839 1
262 886 1
262 975 1
262 1111 1
263 305 1
263 319 1
263 355 1
263 428 1
263 704 1
263 914 1
263 1002 1
263 1145 1
264 305 1
265 457 1
265 532 1
265 750 1
265 826 1
265 1132 1
266 489 1
267 342 1
267 1056 1
267 1249 1
268 305 1
268 578 1
268 622 1
268 1240 1
268 1277 1
269 281 1
269 355 1
269 743 1
269 782 1
269 1299 1
271 358 1
271 393 1
271 437 1
271 553 1
271 658 1
271 1219 1
272 501 1
273 304 1
273 344 1
273 603 1
273 618 1
273 672 1
273 683 1
273 953 1
273 971 1
273 1223 1
273 1224 1
274 536 1
274 543 1
274 689 1
274 727 1
274 798 1
274 822 1
274 878 1
274 1035 1
274 1044 1
275 339 1
275 525 1
275 650 1
275 900 1
275 1238 1
276 335 1
276 368 1
276 791 1
276 864 1
276 943 1
276 1045 1
276 1218 1
277 316 1
277 327 1
277 463 1
277 1125 1
277 1236 1
278 465 1
278 473 1
278 538 1
278 570 1
278 768 1
278 1115 1
279 494 1
279 931 1
279 1037 1
280 392 1
280 768 1
281 911 1
282 302 1
282 312 1
282 395 1
282 406 1
282 1210 1
283 420 1
283 652 1
283 990 1
283 1271 1
284 555 1
284 626 1
284 785 1
284 1092 1
284 1246 1
285 570 1
285 684 1
285 722 1
285 1136 1
285 1143 1
285 1148 1
285 1300 1
286 403 1
286 626 1
286 704 1
286 840 1
286 858 1
286 942 1
286 1229 1
286 1287 1
287 345 1
287 412 1
287 583 1
287 1257 1
288 292 1
288 806 1
289 470 1
289 671 1
289 700 1
289 736 1
289 1179 1
289 1270 1
290 405 1
290 572 1
290 849 1
291 464 1
291 474 1
291 708 1
291 844 1
291 852 1
292 325 1
292 633 1
292 850 1
292 1026 1
292 1144 1
293 1203 1
294 322 1
295 367 1
296 321 1
296 607 1
296 675 1
296 730 1
296 741 1
296 1015 1
296 1180 1
296 1181 1
296 1280 1
298 591 1
299 384 1
299 494 1
299 609 1
299 636 1
299 753 1
299 828 1
299 913 1
299 989 1
299 1073 1
299 1175 1
300 648 1
300 1021 1
300 1126 1
300 1194 1
300 1227 1
301 350 1
301 524 1
301 586 1
301 904 1
301 1096 1
302 308 1
302 513 1
302 517 1
302 656 1
302 684 1
302 881 1
303 674 1
303 823 1
303 932 1
304 386 1
304 404 1
304 612 1
304 738 1
304 1077 1
304 1273 1
305 311 1
305 448 1
305 597 1
305 944 1
305 1004 1
306 1103 1
306 1137 1
307 781 1
307 1017 1
307 1109 1
310 615 1
310 841 1
310 1122 1
310 1199 1
310 1297 1
311 558 1
311 838 1
311 987 1
312 1102 1
313 377 1
313 539 1
313 780 1
313 906 1
313 1120 1
314 501 1
314 506 1
314 654 1
314 737 1
314 948 1
315 324 1
315 341 1
315 401 1
315 585 1
316 387 1
316 1017 1
316 1065 1
317 860 1
318 407 1
318 417 1
318 425 1
318 469 1
318 606 1
318 618 1
318 700 1
318 742 1
318 871 1
320 555 1
320 890 1
320 964 1
321 370 1
321 452 1
321 545 1
321 561 1
321 612 1
321 717 1
321 725 1
321 771 1
321 931 1
321 1118 1
321 1176 1
321 1234 1
322 503 1
322 549 1
322 559 1
322 814 1
322 964 1
322 1146 1
323 350 1
323 418 1
323 488 1
323 571 1
323 679 1
323 882 1
323 923 1
323 998 1
323 1129 1
323 1182 1
323 1268 1
324 455 1
324 647 1
325 392 1
325 531 1
326 374 1
326 400 1
326 677 1
326 952 1
326 1079 1
326 1268 1
327 774 1
327 954 1
328 393 1
329 1118 1
329 1248 1
330 437 1
330 458 1
330 556 1
330 675 1
330 734 1
330 762 1
330 1004 1
330 1042 1
330 1117 1
330 1215 1
331 334 1
331 422 1
331 431 1
331 618 1
331 991 1
331 1116 1
332 434 1
333 345 1
333 673 1
333 1145 1
334 358 1
334 432 1
334 460 1
334 594 1
334 600 1
334 976 1
334 1119 1
334 1254 1
335 417 1
335 685 1
335 933 1
335 974 1
335 1274 1
336 353 1
336 390 1
336 569 1
337 473 1
337 502 1
337 522 1
337 527 1
337 621 1
337 868 1
337 897 1
338 402 1
338 415 1
338 419 1
338 567 1
338 614 1
338 659 1
338 1051 1
338 1288 1
339 544 1
339 1156 1
340 342 1
341 600 1
341 723 1
341 1023 1
342 510 1
342 604 1
342 982 1
343 367 1
343 401 1
343 412 1
343 564 1
343 849 1
343 1151 1
343 1258 1
344 371 1
344 834 1
344 911 1
345 596 1
345 681 1
345 1174 1
346 1012 1
346 1067 1
347 375 1
347 381 1
347 388 1
347 432 1
347 1245 1
347 1280 1
348 430 1
348 594 1
348 743 1
348 1060 1
348 1086 1
348 1242 1
349 364 1
349 1151 1
349 1275 1
350 373 1
350 389 1
350 478 1
350 552 1
350 640 1
350 763 1
350 882 1
350 1243 1
351 537 1
351 547 1
351 644 1
351 870 1
352 423 1
352 440 1
352 558 1
352 781 1
354 666 1
355 917 1
355 960 1
355 1219 1
356 448 1
356 525 1
356 555 1
356 586 1
356 649 1
356 910 1
356 936 1
356 950 1
356 1066 1
356 1101 1
356 1190 1
356 1206 1
357 642 1
357 663 1
357 801 1
357 815 1
358 620 1
359 598 1
359 760 1
360 568 1
360 601 1
360 769 1
360 1284 1
361 628 1
361 909 1
362 384 1
363 414 1
363 958 1
363 1103 1
363 1147 1
364 1259 1
365 406 1
365 462 1
365 858 1
365 1107 1
365 1243 1
365 1261 1
366 370 1
366 479 1
367 564 1
367 961 1
368 504 1
369 763 1
370 407 1
370 462 1
370 790 1
370 1162 1
371 548 1
372 408 1
372 427 1
372 506 1
372 788 1
372 912 1
372 970 1
372 979 1
372 1011 1
372 1023 1
372 1117 1
374 470 1
374 484 1
374 688 1
374 729 1
374 841 1
374 843 1
374 892 1
374 1048 1
375 765 1
375 987 1
375 1016 1
375 1076 1
375 1096 1
376 383 1
376 393 1
376 487 1
376 495 1
376 1012 1
376 1033 1
377 898 1
377 1063 1
379 380 1
379 626 1
379 1166 1
379 1246 1
380 514 1
380 996 1
381 523 1
381 797 1
382 636 1
382 786 1
382 1081 1
382 1182 1
382 1233 1
383 1150 1
383 1156 1
384 790 1
384 918 1
384 919 1
386 387 1
386 423 1
386 716 1
386 979 1
386 1003 1
386 1036 1
386 1093 1
386 1116 1
388 632 1
388 745 1
388 855 1
388 1131 1
388 1180 1
389 714 1
390 1111 1
391 515 1
391 573 1
391 726 1
391 769 1
391 780 1
391 883 1
391 1290 1
392 499 1
392 708 1
392 925 1
392 963 1
392 1035 1
393 483 1
393 624 1
393 863 1
393 1053 1
394 1076 1
395 408 1
395 598 1
396 570 1
397 530 1
397 1083 1
397 1239 1
399 685 1
399 1114 1
400 516 1
400 1202 1
400 1251 1
401 516 1
401 599 1
401 625 1
401 1178 1
402 546 1
402 800 1
402 908 1
403 490 1
403 506 1
403 716 1
404 438 1
404 520 1
404 668 1
404 693 1
404 732 1
404 808 1
404 887 1
404 1078 1
404 1159 1
405 457 1
405 636 1
405 1055 1
405 1177 1
407 419 1
407 487 1
407 771 1
407 896 1
407 985 1
407 1098 1
407 1281 1
408 731 1
408 859 1
408 1151 1
408 1200 1
409 421 1
409 583 1
409 701 1
409 795 1
409 837 1
409 903 1
409 930 1
409 1062 1
410 471 1
410 796 1
410 1039 1
410 1204 1
411 584 1
411 693 1
411 932 1
411 1005 1
411 1097 1
411 1114 1
412 680 1
412 1165 1
412 1276 1
413 491 1
413 515 1
413 569 1
413 587 1
413 605 1
413 1090 1
414 454 1
414 469 1
414 617 1
414 837 1
414 981 1
414 1105 1
415 419 1
415 472 1
415 980 1
415 1167 1
415 1207 1
416 449 1
416 471 1
416 526 1
416 733 1
417 425 1
417 530 1
417 550 1
417 714 1
417 867 1
418 465 1
418 558 1
418 715 1
418 1117 1
419 491 1
419 778 1
420 518 1
420 777 1
420 990 1
420 1282 1
421 453 1
421 493 1
421 995 1
422 501 1
422 774 1
422 775 1
423 836 1
423 977 1
423 1157 1
423 1169 1
423 1191 1
423 1214 1
423 1295 1
424 810 1
424 920 1
426 1057 1
427 479 1
427 578 1
427 631 1
427 724 1
428 476 1
428 507 1
428 605 1
428 622 1
428 779 1
428 799 1
428 1161 1
430 500 1
430 814 1
431 483 1
431 1180 1
433 866 1
433 1223 1
434 435 1
434 474 1
434 758 1
434 1072 1
434 1087 1
434 1105 1
434 1141 1
434 1292 1
435 674 1
436 628 1
436 996 1
436 1089 1
436 1145 1
436 1149 1
437 840 1
437 921 1
437 1086 1
438 1196 1
439 1067 1
440 583 1
440 649 1
440 766 1
440 876 1
441 845 1
442 519 1
442 632 1
442 638 1
442 972 1
442 983 1
442 999 1
442 1219 1
442 1290 1
443 612 1
443 1010 1
443 1103 1
443 1155 1
444 470 1
444 481 1
444 560 1
444 574 1
444 822 1
444 1117 1
444 1158 1
444 1237 1
445 1022 1
445 1064 1
445 1208 1
447 536 1
448 587 1
448 1244 1
449 537 1
449 544 1
449 592 1
452 490 1
452 925 1
452 1030 1
452 1046 1
453 534 1
453 599 1
453 1088 1
454 469 1
454 513 1
454 646 1
454 750 1
454 1130 1
455 492 1
455 601 1
455 939 1
455 971 1
455 1024 1
455 1162 1
455 1206 1
456 939 1
457 769 1
458 635 1
458 891 1
458 907 1
459 482 1
459 486 1
459 609 1
459 640 1
459 669 1
459 966 1
459 1040 1
460 524 1
460 846 1
460 893 1
460 959 1
461 755 1
461 801 1
461 806 1
461 926 1
461 963 1
461 1020 1
462 995 1
462 1195 1
463 482 1
463 675 1
463 751 1
463 953 1
463 1041 1
463 1153 1
463 1281 1
463 1283 1
464 1080 1
465 650 1
465 1202 1
466 1178 1
466 1212 1
467 800 1
467 834 1
468 606 1
468 832 1
468 853 1
469 520 1
469 1068 1
469 1196 1
470 560 1
471 498 1
471 533 1
471 563 1
471 947 1
473 619 1
473 784 1
473 848 1
473 1266 1
473 1297 1
474 580 1
474 1072 1
475 1254 1
476 924 1
476 1015 1
477 545 1
477 589 1
477 682 1
477 1010 1
477 1061 1
477 1194 1
478 521 1
478 640 1
478 793 1
479 1037 1
480 513 1
481 596 1
481 630 1
481 1183 1
481 1262 1
482 837 1
483 636 1
483 961 1
483 1276 1
484 574 1
485 909 1
486 968 1
486 1017 1
487 766 1
488 1098 1
489 794 1
489 1102 1
489 1129 1
489 1274 1
490 839 1
491 758 1
491 895 1
493 590 1
493 1293 1
494 843 1
495 754 1
495 969 1
496 654 1
496 904 1
497 581 1
497 1220 1
500 522 1
500 718 1
500 891 1
500 1008 1
501 606 1
501 647 1
501 713 1
501 737 1
502 1034 1
502 1069 1
502 1263 1
503 514 1
503 533 1
503 827 1
503 869 1
504 711 1
504 1233 1
505 617 1
505 853 1
507 927 1
507 945 1
508 805 1
508 1123 1
509 1167 1
510 847 1
511 1161 1
512 1033 1
513 577 1
513 669 1
513 795 1
516 880 1
516 934 1
516 1051 1
516 1109 1
517 670 1
517 719 1
518 529 1
518 559 1
518 801 1
518 1025 1
519 1064 1
520 867 1
520 883 1
521 661 1
521 715 1
522 544 1
522 718 1
522 958 1
524 562 1
524 849 1
524 905 1
524 999 1
525 721 1
525 924 1
525 969 1
526 687 1
526 706 1
526 788 1
526 988 1
529 815 1
529 1046 1
529 1204 1
530 611 1
530 662 1
530 770 1
531 776 1
531 874 1
531 893 1
531 966 1
531 1039 1
531 1228 1
532 785 1
533 684 1
534 1095 1
535 543 1
535 644 1
535 660 1
536 757 1
536 1107 1
536 1122 1
539 796 1
539 829 1
540 577 1
540 672 1
540 810 1
540 998 1
540 1210 1
540 1285 1
541 795 1
541 990 1
541 1113 1
543 663 1
543 806 1
543 835 1
543 856 1
543 1243 1
544 638 1
544 987 1
544 1211 1
545 875 1
545 1147 1
546 808 1
546 816 1
546 1183 1
546 1260 1
547 586 1
547 596 1
547 658 1
548 914 1
548 1250 1
549 756 1
549 1163 1
550 553 1
550 585 1
550 1100 1
551 1100 1
552 734 1
552 763 1
552 873 1
552 1216 1
553 579 1
555 580 1
555 1142 1
557 902 1
557 1026 1
558 567 1
558 634 1
558 928 1
558 996 1
558 1186 1
559 829 1
559 867 1
559 923 1
560 589 1
560 624 1
560 767 1
560 865 1
560 947 1
560 989 1
560 1188 1
560 1244 1
560 1275 1
561 574 1
561 638 1
561 926 1
561 1050 1
561 1097 1
563 712 1
565 657 1
567 1009 1
567 1208 1
568 643 1
569 726 1
570 938 1
571 696 1
571 904 1
571 921 1
571 1249 1
572 812 1
573 1047 1
573 1125 1
573 1176 1
573 1227 1
574 968 1
575 1001 1
575 1018 1
576 660 1
576 820 1
576 857 1
576 909 1
576 945 1
576 1020 1
577 1007 1
577 1225 1
578 897 1
579 773 1
579 802 1
579 860 1
579 1177 1
579 1222 1
580 1132 1
581 591 1
581 666 1
581 1122 1
582 1022 1
582 1042 1
582 1239 1
583 641 1
583 1175 1
588 851 1
589 926 1
589 988 1
590 784 1
591 657 1
591 1192 1
591 1196 1
591 1288 1
592 711 1
593 631 1
593 714 1
594 891 1
594 1099 1
595 690 1
595 1040 1
595 1296 1
596 630 1
597 654 1
597 1005 1
597 1265 1
598 691 1
598 743 1
598 1133 1
599 966 1
599 1269 1
600 715 1
600 1043 1
601 792 1
602 727 1
602 749 1
602 899 1
602 1200 1
604 658 1
604 794 1
604 1187 1
605 806 1
605 1062 1
606 657 1
608 1138 1
608 1195 1
610 1168 1
611 1061 1
611 1077 1
612 1103 1
613 655 1
613 1193 1
614 710 1
614 788 1
614 1000 1
615 1120 1
616 835 1
616 915 1
616 927 1
617 761 1
618 899 1
618 1203 1
621 641 1
621 718 1
621 937 1
622 771 1
622 1235 1
623 852 1
623 1095 1
623 1283 1
624 967 1
624 977 1
625 705 1
626 667 1
626 708 1
626 1186 1
628 1037 1
628 1046 1
629 758 1
630 747 1
630 1050 1
630 1068 1
634 1110 1
635 678 1
635 819 1
635 842 1
635 901 1
635 1042 1
635 1063 1
636 678 1
636 789 1
636 793 1
636 996 1
636 1053 1
636 1275 1
636 1294 1
637 695 1
637 1138 1
637 1143 1
637 1297 1
638 949 1
639 736 1
639 816 1
639 1020 1
640 821 1
642 755 1
642 981 1
642 1280 1
643 887 1
643 1048 1
643 1083 1
644 888 1
646 824 1
648 1021 1
648 1264 1
649 889 1
649 1184 1
650 753 1
650 1159 1
650 1279 1
651 1016 1
651 1078 1
651 1228 1
652 669 1
652 769 1
652 1199 1
652 1248 1
653 1279 1
654 664 1
654 932 1
654 1201 1
655 924 1
655 958 1
656 1179 1
657 819 1
657 1006 1
657 1174 1
658 1236 1
658 1296 1
659 764 1
659 837 1
659 1253 1
660 1165 1
661 706 1
661 752 1
661 783 1
661 828 1
661 832 1
661 885 1
662 1018 1
662 1116 1
663 772 1
663 829 1
663 912 1
664 917 1
664 1088 1
665 1086 1
667 814 1
667 818 1
667 819 1
667 1113 1
668 1002 1
668 1004 1
668 1043 1
668 1133 1
670 779 1
670 951 1
670 977 1
672 881 1
673 686 1
673 817 1
673 825 1
674 693 1
674 953 1
676 1137 1
677 691 1
677 743 1
677 1025 1
677 1106 1
679 866 1
680 894 1
680 1075 1
682 691 1
682 703 1
682 897 1
682 1063 1
682 1194 1
683 834 1
683 848 1
683 1136 1
685 739 1
685 826 1
686 905 1
687 1208 1
687 1230 1
688 804 1
688 1024 1
688 1104 1
688 1114 1
688 1263 1
691 822 1
693 956 1
693 1291 1
693 1294 1
696 986 1
697 994 1
698 879 1
698 1140 1
700 727 1
700 1260 1
701 711 1
701 719 1
703 706 1
703 1106 1
704 721 1
704 746 1
704 831 1
706 1295 1
708 1005 1
710 751 1
710 890 1
710 915 1
710 994 1
711 776 1
711 894 1
711 931 1
711 967 1
711 1145 1
711 1188 1
712 821 1
712 1108 1
713 753 1
714 889 1
714 999 1
715 1018 1
716 1031 1
717 1063 1
717 1226 1
717 1298 1
718 834 1
718 937 1
719 909 1
720 1213 1
721 1156 1
722 918 1
722 939 1
722 942 1
722 1252 1
723 1239 1
724 756 1
724 1186 1
727 956 1
729 919 1
730 741 1
733 1081 1
734 1286 1
735 1137 1
737 857 1
739 1244 1
740 1172 1
741 931 1
741 1234 1
742 956 1
742 1231 1
742 1283 1
748 755 1
748 825 1
749 979 1
749 1015 1
749 1100 1
751 807 1
753 1050 1
755 757 1
755 1071 1
756 881 1
756 973 1
756 1222 1
757 908 1
759 773 1
759 1017 1
759 1054 1
762 1146 1
762 1168 1
763 865 1
763 1162 1
765 871 1
765 1062 1
766 812 1
766 826 1
766 1022 1
766 1286 1
767 778 1
767 877 1
769 1198 1
770 1221 1
772 1155 1
772 1193 1
772 1270 1
773 1222 1
773 1277 1
774 991 1
774 1022 1
774 1052 1
775 1220 1
775 1262 1
775 1282 1
776 873 1
776 934 1
777 907 1
780 847 1
780 1010 1
780 1115 1
781 802 1
782 793 1
782 965 1
782 1137 1
783 1115 1
784 811 1
786 1052 1
789 791 1
789 823 1
791 958 1
793 1081 1
794 1073 1
794 1129 1
796 1217 1
797 836 1
797 857 1
797 1231 1
799 813 1
800 1240 1
801 1059 1
801 1085 1
804 928 1
804 938 1
804 1003 1
805 1181 1
805 1283 1
806 813 1
806 851 1
806 965 1
807 1293 1
809 883 1
809 1054 1
810 833 1
810 929 1
811 1289 1
812 960 1
814 1195 1
814 1256 1
814 1290 1
815 833 1
815 916 1
816 1191 1
817 873 1
817 960 1
817 980 1
817 1026 1
817 1039 1
818 1255 1
820 836 1
820 888 1
823 901 1
823 1172 1
824 896 1
825 1036 1
825 1185 1
828 885 1
828 910 1
829 935 1
829 936 1
829 1091 1
829 1107 1
834 1128 1
834 1224 1
834 1241 1
835 911 1
835 915 1
835 943 1
835 998 1
837 1089 1
837 1164 1
837 1296 1
839 1058 1
839 1157 1
841 928 1
843 974 1
847 1286 1
848 975 1
850 1105 1
852 1095 1
852 1285 1
853 945 1
853 1170 1
857 1289 1
859 1074 1
859 1200 1
860 876 1
860 927 1
861 951 1
862 1205 1
863 1250 1
864 1009 1
866 1250 1
866 1286 1
867 1075 1
867 1217 1
870 874 1
871 1077 1
871 1219 1
872 877 1
872 1225 1
873 1090 1
876 893 1
877 944 1
877 984 1
877 1296 1
880 935 1
880 983 1
883 1158 1
884 910 1
884 929 1
884 1209 1
889 1247 1
891 1143 1
891 1175 1
892 899 1
892 955 1
893 1261 1
897 989 1
900 1149 1
901 1232 1
902 1164 1
904 993 1
904 1037 1
904 1146 1
905 1127 1
905 1259 1
907 971 1
907 1131 1
912 914 1
914 1014 1
915 1141 1
915 1148 1
917 1011 1
921 1028 1
921 1064 1
921 1113 1
922 1095 1
922 1238 1
924 1074 1
926 1014 1
928 997 1
929 1120 1
931 1197 1
934 1275 1
935 1031 1
936 948 1
936 1028 1
936 1034 1
938 957 1
938 962 1
939 1170 1
941 983 1
941 1075 1
941 1189 1
941 1239 1
941 1272 1
942 1127 1
942 1284 1
943 1041 1
944 1151 1
947 1154 1
948 1253 1
950 1040 1
950 1069 1
951 1127 1
952 976 1
954 1025 1
954 1299 1
956 1207 1
962 963 1
963 973 1
963 1021 1
964 1030 1
967 1054 1
968 1068 1
969 1004 1
972 1045 1
973 1259 1
975 1096 1
975 1273 1
976 1071 1
976 1091 1
976 1173 1
978 979 1
978 1160 1
978 1257 1
979 1242 1
983 1268 1
984 1214 1
984 1253 1
987 1189 1
988 1285 1
989 1197 1
990 1274 1
991 1211 1
992 1271 1
993 1057 1
994 1187 1
994 1199 1
997 1171 1
997 1240 1
997 1267 1
999 1001 1
1000 1214 1
1002 1064 1
1002 1227 1
1004 1180 1
1008 1163 1
1011 1298 1
1017 1079 1
1018 1028 1
1020 1140 1
1023 1174 1
1023 1237 1
1024 1119 1
1025 1224 1
1027 1179 1
1031 1206 1
1032 1294 1
1035 1215 1
1035 1264 1
1037 1104 1
1040 1223 1
1044 1213 1
1046 1232 1
1047 1071 1
1048 1159 1
1052 1080 1
1061 1231 1
1061 1235 1
1063 1098 1
1065 1091 1
1071 1085 1
1071 1126 1
1072 1193 1
1084 1152 1
1085 1126 1
1085 1165 1
1092 1101 1
1093 1116 1
1093 1272 1
1096 1099 1
1109 1211 1
1109 1261 1
1110 1260 1
1110 1289 1
1112 1206 1
1114 1279 1
1118 1179 1
1141 1156 1
1143 1299 1
1145 1205 1
1146 1270 1
1147 1247 1
1151 1229 1
1154 1171 1
1160 1230 1
1163 1254 1
1163 1265 1
1165 1235 1
1167 1228 1
1169 1285 1
1172 1265 1
1178 1212 1
1178 1228 1
1179 1201 1
1182 1246 1
1186 1226 1
1186 1277 1
1214 1294 1
1217 1227 1
1220 1271 1
1224 1258 1
1224 1269 1
1225 1230 1
1236 1281 1
1239 1290 1
1264 1288 1
