1600 6380 
1 5 1
1 6 1
1 7 1
1 8 1
1 9 1
1 12 1
1 13 1
1 14 1
1 17 1
1 19 1
1 20 1
1 27 1
1 29 1
1 35 1
1 36 1
1 43 1
1 48 1
1 49 1
1 52 1
1 59 1
1 62 1
1 67 1
1 71 1
1 87 1
1 89 1
1 109 1
1 110 1
1 127 1
1 129 1
1 131 1
1 137 1
1 152 1
1 157 1
1 165 1
1 168 1
1 174 1
1 180 1
1 193 1
1 194 1
1 195 1
1 207 1
1 211 1
1 212 1
1 217 1
1 227 1
1 232 1
1 235 1
1 252 1
1 253 1
1 265 1
1 297 1
1 306 1
1 317 1
1 343 1
1 344 1
1 345 1
1 346 1
1 377 1
1 415 1
1 437 1
1 442 1
1 445 1
1 448 1
1 473 1
1 475 1
1 496 1
1 538 1
1 543 1
1 545 1
1 546 1
1 555 1
1 564 1
1 568 1
1 582 1
1 583 1
1 597 1
1 612 1
1 615 1
1 671 1
1 725 1
1 731 1
1 738 1
1 749 1
1 756 1
1 813 1
1 840 1
1 846 1
1 856 1
1 863 1
1 873 1
1 899 1
1 910 1
1 932 1
1 934 1
1 961 1
1 964 1
1 972 1
1 991 1
1 993 1
1 995 1
1 999 1
1 1010 1
1 1023 1
1 1047 1
1 1064 1
1 1081 1
1 1133 1
1 1135 1
1 1165 1
1 1198 1
1 1204 1
1 1216 1
1 1230 1
1 1245 1
1 1261 1
1 1265 1
1 1282 1
1 1291 1
1 1365 1
1 1435 1
1 1436 1
1 1445 1
1 1525 1
2 5 1
2 6 1
2 8 1
2 9 1
2 10 1
2 18 1
2 22 1
2 30 1
2 31 1
2 33 1
2 44 1
2 50 1
2 82 1
2 113 1
2 118 1
2 130 1
2 135 1
2 143 1
2 180 1
2 193 1
2 224 1
2 238 1
2 267 1
2 270 1
2 314 1
2 319 1
2 345 1
2 359 1
2 378 1
2 390 1
2 436 1
2 481 1
2 485 1
2 488 1
2 520 1
2 530 1
2 547 1
2 587 1
2 591 1
2 615 1
2 623 1
2 710 1
2 742 1
2 771 1
2 831 1
2 847 1
2 857 1
2 875 1
2 892 1
2 899 1
2 924 1
2 951 1
2 1019 1
2 1051 1
2 1112 1
2 1140 1
2 1172 1
2 1224 1
2 1226 1
2 1258 1
2 1338 1
2 1437 1
2 1460 1
2 1517 1
2 1557 1
3 5 1
3 6 1
3 7 1
3 8 1
3 10 1
3 11 1
3 12 1
3 13 1
3 16 1
3 18 1
3 19 1
3 33 1
3 34 1
3 44 1
3 47 1
3 51 1
3 62 1
3 63 1
3 69 1
3 72 1
3 74 1
3 81 1
3 105 1
3 108 1
3 121 1
3 139 1
3 141 1
3 143 1
3 158 1
3 204 1
3 254 1
3 255 1
3 256 1
3 333 1
3 334 1
3 355 1
3 373 1
3 375 1
3 387 1
3 410 1
3 411 1
3 425 1
3 444 1
3 456 1
3 458 1
3 516 1
3 536 1
3 540 1
3 631 1
3 698 1
3 729 1
3 732 1
3 740 1
3 759 1
3 774 1
3 787 1
3 800 1
3 898 1
3 913 1
3 928 1
3 957 1
3 984 1
3 1013 1
3 1026 1
3 1049 1
3 1063 1
3 1108 1
3 1143 1
3 1154 1
3 1173 1
3 1220 1
3 1225 1
3 1238 1
3 1264 1
3 1299 1
3 1336 1
3 1346 1
3 1357 1
3 1375 1
3 1379 1
3 1458 1
3 1459 1
3 1486 1
3 1488 1
3 1496 1
4 5 1
4 9 1
4 22 1
4 26 1
4 78 1
4 145 1
4 205 1
4 319 1
4 355 1
4 420 1
4 421 1
4 426 1
4 474 1
4 493 1
4 560 1
4 683 1
4 804 1
4 815 1
4 827 1
4 856 1
4 888 1
4 951 1
4 1055 1
4 1061 1
4 1200 1
4 1303 1
4 1394 1
4 1433 1
5 6 1
5 7 1
5 8 1
5 9 1
5 10 1
5 11 1
5 14 1
5 15 1
5 17 1
5 21 1
5 25 1
5 28 1
5 29 1
5 31 1
5 34 1
5 35 1
5 37 1
5 46 1
5 54 1
5 55 1
5 62 1
5 68 1
5 73 1
5 79 1
5 84 1
5 86 1
5 88 1
5 96 1
5 99 1
5 100 1
5 106 1
5 107 1
5 116 1
5 123 1
5 129 1
5 131 1
5 132 1
5 144 1
5 145 1
5 146 1
5 161 1
5 165 1
5 166 1
5 170 1
5 172 1
5 181 1
5 182 1
5 183 1
5 184 1
5 191 1
5 194 1
5 200 1
5 210 1
5 220 1
5 221 1
5 226 1
5 228 1
5 229 1
5 236 1
5 246 1
5 249 1
5 251 1
5 252 1
5 257 1
5 262 1
5 264 1
5 293 1
5 308 1
5 309 1
5 310 1
5 317 1
5 326 1
5 336 1
5 339 1
5 348 1
5 354 1
5 361 1
5 365 1
5 406 1
5 414 1
5 445 1
5 455 1
5 466 1
5 471 1
5 489 1
5 497 1
5 499 1
5 504 1
5 513 1
5 520 1
5 528 1
5 537 1
5 549 1
5 573 1
5 575 1
5 580 1
5 589 1
5 591 1
5 603 1
5 610 1
5 612 1
5 621 1
5 624 1
5 640 1
5 653 1
5 655 1
5 669 1
5 672 1
5 674 1
5 677 1
5 714 1
5 726 1
5 751 1
5 782 1
5 795 1
5 797 1
5 850 1
5 855 1
5 892 1
5 900 1
5 926 1
5 949 1
5 970 1
5 988 1
5 1018 1
5 1044 1
5 1063 1
5 1066 1
5 1069 1
5 1085 1
5 1106 1
5 1113 1
5 1121 1
5 1178 1
5 1182 1
5 1189 1
5 1219 1
5 1228 1
5 1235 1
5 1248 1
5 1313 1
5 1325 1
5 1326 1
5 1334 1
5 1373 1
5 1374 1
5 1387 1
5 1409 1
5 1430 1
5 1451 1
5 1461 1
5 1478 1
5 1504 1
5 1509 1
5 1526 1
5 1533 1
6 7 1
6 10 1
6 13 1
6 17 1
6 22 1
6 23 1
6 24 1
6 27 1
6 35 1
6 40 1
6 41 1
6 42 1
6 45 1
6 54 1
6 80 1
6 82 1
6 83 1
6 84 1
6 86 1
6 94 1
6 97 1
6 101 1
6 106 1
6 108 1
6 118 1
6 119 1
6 121 1
6 131 1
6 135 1
6 136 1
6 138 1
6 160 1
6 164 1
6 172 1
6 180 1
6 196 1
6 214 1
6 222 1
6 254 1
6 287 1
6 292 1
6 303 1
6 308 1
6 318 1
6 326 1
6 329 1
6 342 1
6 348 1
6 350 1
6 354 1
6 371 1
6 402 1
6 403 1
6 452 1
6 473 1
6 477 1
6 482 1
6 484 1
6 489 1
6 579 1
6 600 1
6 603 1
6 611 1
6 643 1
6 685 1
6 689 1
6 700 1
6 727 1
6 779 1
6 823 1
6 824 1
6 858 1
6 859 1
6 861 1
6 885 1
6 911 1
6 959 1
6 981 1
6 1003 1
6 1115 1
6 1120 1
6 1124 1
6 1151 1
6 1157 1
6 1162 1
6 1176 1
6 1193 1
6 1195 1
6 1212 1
6 1218 1
6 1239 1
6 1249 1
6 1267 1
6 1292 1
6 1368 1
6 1410 1
6 1412 1
6 1420 1
6 1432 1
6 1451 1
6 1460 1
6 1464 1
6 1465 1
6 1495 1
6 1581 1
7 11 1
7 13 1
7 15 1
7 17 1
7 21 1
7 53 1
7 56 1
7 57 1
7 95 1
7 162 1
7 252 1
7 263 1
7 303 1
7 320 1
7 380 1
7 464 1
7 543 1
7 547 1
7 561 1
7 638 1
7 653 1
7 678 1
7 735 1
7 772 1
7 786 1
7 822 1
7 891 1
7 910 1
7 924 1
7 981 1
7 1065 1
7 1090 1
7 1110 1
7 1243 1
7 1253 1
7 1291 1
7 1311 1
7 1316 1
7 1363 1
7 1368 1
7 1385 1
7 1406 1
7 1442 1
7 1481 1
7 1486 1
7 1523 1
7 1532 1
7 1557 1
8 16 1
8 27 1
8 29 1
8 51 1
8 55 1
8 105 1
8 190 1
8 245 1
8 349 1
8 410 1
8 415 1
8 452 1
8 472 1
8 521 1
8 568 1
8 706 1
8 716 1
8 769 1
8 864 1
8 1069 1
8 1177 1
8 1187 1
8 1255 1
8 1280 1
8 1298 1
8 1333 1
8 1362 1
8 1379 1
8 1402 1
8 1525 1
9 11 1
9 12 1
9 16 1
9 21 1
9 41 1
9 43 1
9 47 1
9 58 1
9 63 1
9 77 1
9 111 1
9 114 1
9 117 1
9 158 1
9 165 1
9 173 1
9 193 1
9 206 1
9 233 1
9 237 1
9 246 1
9 250 1
9 259 1
9 260 1
9 269 1
9 271 1
9 276 1
9 299 1
9 301 1
9 323 1
9 361 1
9 366 1
9 378 1
9 379 1
9 381 1
9 383 1
9 385 1
9 413 1
9 420 1
9 422 1
9 433 1
9 436 1
9 476 1
9 479 1
9 545 1
9 548 1
9 559 1
9 565 1
9 585 1
9 646 1
9 696 1
9 731 1
9 767 1
9 768 1
9 772 1
9 780 1
9 793 1
9 812 1
9 820 1
9 831 1
9 844 1
9 847 1
9 851 1
9 861 1
9 862 1
9 869 1
9 870 1
9 877 1
9 881 1
9 885 1
9 895 1
9 918 1
9 943 1
9 964 1
9 967 1
9 986 1
9 1031 1
9 1188 1
9 1294 1
9 1334 1
9 1337 1
9 1341 1
9 1406 1
9 1472 1
9 1517 1
9 1570 1
9 1575 1
9 1576 1
10 20 1
10 21 1
10 32 1
10 33 1
10 41 1
10 49 1
10 50 1
10 53 1
10 87 1
10 88 1
10 100 1
10 113 1
10 117 1
10 162 1
10 175 1
10 182 1
10 188 1
10 190 1
10 207 1
10 229 1
10 239 1
10 258 1
10 295 1
10 318 1
10 327 1
10 365 1
10 376 1
10 383 1
10 394 1
10 409 1
10 430 1
10 431 1
10 441 1
10 443 1
10 485 1
10 614 1
10 626 1
10 634 1
10 656 1
10 718 1
10 752 1
10 770 1
10 893 1
10 917 1
10 937 1
10 942 1
10 978 1
10 1109 1
10 1128 1
10 1131 1
10 1244 1
10 1254 1
10 1345 1
10 1381 1
10 1401 1
10 1424 1
10 1465 1
10 1543 1
11 12 1
11 14 1
11 18 1
11 23 1
11 25 1
11 31 1
11 38 1
11 39 1
11 46 1
11 48 1
11 51 1
11 64 1
11 65 1
11 73 1
11 81 1
11 86 1
11 95 1
11 117 1
11 153 1
11 164 1
11 181 1
11 183 1
11 199 1
11 219 1
11 221 1
11 244 1
11 303 1
11 311 1
11 314 1
11 322 1
11 328 1
11 374 1
11 382 1
11 408 1
11 454 1
11 483 1
11 507 1
11 574 1
11 643 1
11 728 1
11 783 1
11 785 1
11 834 1
11 839 1
11 855 1
11 917 1
11 921 1
11 924 1
11 971 1
11 1018 1
11 1109 1
11 1124 1
11 1171 1
11 1177 1
11 1204 1
11 1235 1
11 1319 1
11 1334 1
11 1336 1
11 1378 1
11 1396 1
11 1397 1
11 1412 1
11 1512 1
11 1547 1
12 20 1
12 26 1
12 29 1
12 39 1
12 61 1
12 66 1
12 69 1
12 79 1
12 82 1
12 90 1
12 116 1
12 142 1
12 164 1
12 170 1
12 192 1
12 194 1
12 195 1
12 197 1
12 220 1
12 223 1
12 224 1
12 232 1
12 260 1
12 312 1
12 313 1
12 320 1
12 322 1
12 356 1
12 362 1
12 363 1
12 366 1
12 373 1
12 380 1
12 470 1
12 487 1
12 525 1
12 563 1
12 586 1
12 590 1
12 619 1
12 638 1
12 654 1
12 695 1
12 743 1
12 747 1
12 767 1
12 847 1
12 879 1
12 905 1
12 914 1
12 967 1
12 977 1
12 994 1
12 1028 1
12 1046 1
12 1097 1
12 1101 1
12 1103 1
12 1107 1
12 1148 1
12 1236 1
12 1258 1
12 1314 1
12 1337 1
12 1362 1
12 1391 1
12 1436 1
12 1439 1
12 1509 1
12 1518 1
12 1557 1
13 14 1
13 15 1
13 19 1
13 22 1
13 35 1
13 56 1
13 60 1
13 78 1
13 133 1
13 214 1
13 272 1
13 288 1
13 299 1
13 302 1
13 368 1
13 388 1
13 408 1
13 429 1
13 490 1
13 516 1
13 536 1
13 557 1
13 565 1
13 595 1
13 603 1
13 608 1
13 691 1
13 699 1
13 703 1
13 1168 1
13 1285 1
13 1298 1
13 1361 1
13 1409 1
13 1504 1
13 1527 1
13 1589 1
14 15 1
14 16 1
14 18 1
14 20 1
14 23 1
14 24 1
14 28 1
14 37 1
14 42 1
14 47 1
14 50 1
14 53 1
14 61 1
14 71 1
14 77 1
14 95 1
14 132 1
14 145 1
14 157 1
14 175 1
14 202 1
14 226 1
14 238 1
14 256 1
14 261 1
14 275 1
14 286 1
14 313 1
14 325 1
14 331 1
14 346 1
14 424 1
14 431 1
14 453 1
14 470 1
14 513 1
14 517 1
14 526 1
14 668 1
14 680 1
14 709 1
14 727 1
14 741 1
14 815 1
14 860 1
14 940 1
14 944 1
14 950 1
14 969 1
14 995 1
14 1004 1
14 1015 1
14 1018 1
14 1035 1
14 1038 1
14 1045 1
14 1056 1
14 1082 1
14 1205 1
14 1215 1
14 1218 1
14 1265 1
14 1283 1
14 1312 1
14 1519 1
14 1528 1
14 1542 1
14 1549 1
15 19 1
15 26 1
15 97 1
15 136 1
15 179 1
15 273 1
15 320 1
15 672 1
15 696 1
15 764 1
15 1016 1
15 1045 1
15 1406 1
16 24 1
16 25 1
16 38 1
16 44 1
16 60 1
16 71 1
16 90 1
16 128 1
16 151 1
16 159 1
16 167 1
16 213 1
16 258 1
16 277 1
16 339 1
16 341 1
16 459 1
16 596 1
16 640 1
16 687 1
16 763 1
16 832 1
16 980 1
16 999 1
16 1196 1
16 1342 1
17 74 1
17 119 1
17 308 1
17 365 1
17 456 1
17 897 1
17 942 1
17 1045 1
17 1365 1
18 34 1
18 38 1
18 40 1
18 187 1
18 270 1
18 380 1
18 482 1
18 752 1
18 819 1
18 826 1
18 1043 1
19 30 1
19 49 1
19 56 1
19 65 1
19 100 1
19 107 1
19 109 1
19 112 1
19 122 1
19 128 1
19 134 1
19 149 1
19 173 1
19 180 1
19 205 1
19 240 1
19 248 1
19 281 1
19 305 1
19 343 1
19 404 1
19 436 1
19 446 1
19 458 1
19 463 1
19 516 1
19 553 1
19 734 1
19 821 1
19 837 1
19 917 1
19 929 1
19 972 1
19 981 1
19 1031 1
19 1073 1
19 1075 1
19 1174 1
19 1209 1
19 1307 1
19 1375 1
19 1395 1
19 1418 1
19 1453 1
19 1508 1
20 24 1
20 26 1
20 37 1
20 59 1
20 65 1
20 97 1
20 121 1
20 138 1
20 146 1
20 175 1
20 207 1
20 211 1
20 228 1
20 238 1
20 304 1
20 323 1
20 421 1
20 675 1
20 692 1
20 736 1
20 821 1
20 907 1
20 1431 1
20 1471 1
20 1562 1
20 1565 1
21 45 1
21 111 1
21 122 1
21 137 1
21 201 1
21 299 1
21 370 1
21 454 1
21 562 1
21 890 1
21 976 1
21 1095 1
21 1334 1
21 1498 1
22 23 1
22 25 1
22 33 1
22 45 1
22 46 1
22 50 1
22 101 1
22 102 1
22 108 1
22 111 1
22 177 1
22 185 1
22 235 1
22 391 1
22 397 1
22 427 1
22 472 1
22 476 1
22 481 1
22 635 1
22 717 1
22 791 1
22 906 1
22 987 1
22 998 1
22 1015 1
22 1038 1
22 1089 1
22 1135 1
22 1150 1
22 1263 1
22 1387 1
22 1411 1
22 1535 1
23 32 1
23 40 1
23 45 1
23 49 1
23 53 1
23 63 1
23 84 1
23 85 1
23 88 1
23 93 1
23 101 1
23 110 1
23 132 1
23 137 1
23 167 1
23 170 1
23 224 1
23 236 1
23 252 1
23 269 1
23 277 1
23 283 1
23 357 1
23 411 1
23 415 1
23 458 1
23 507 1
23 542 1
23 559 1
23 569 1
23 640 1
23 648 1
23 676 1
23 694 1
23 704 1
23 714 1
23 822 1
23 844 1
23 923 1
23 973 1
23 988 1
23 1116 1
23 1233 1
23 1289 1
23 1361 1
23 1389 1
23 1390 1
23 1403 1
23 1424 1
23 1549 1
23 1558 1
24 27 1
24 40 1
24 54 1
24 57 1
24 60 1
24 61 1
24 74 1
24 81 1
24 86 1
24 93 1
24 133 1
24 151 1
24 154 1
24 167 1
24 185 1
24 197 1
24 224 1
24 226 1
24 245 1
24 247 1
24 306 1
24 368 1
24 400 1
24 420 1
24 435 1
24 512 1
24 541 1
24 544 1
24 585 1
24 592 1
24 627 1
24 680 1
24 723 1
24 802 1
24 879 1
24 900 1
24 971 1
24 1071 1
24 1105 1
24 1132 1
24 1205 1
24 1243 1
24 1305 1
24 1317 1
24 1342 1
24 1420 1
24 1484 1
24 1503 1
24 1553 1
24 1575 1
24 1585 1
24 1595 1
25 28 1
25 30 1
25 32 1
25 36 1
25 39 1
25 48 1
25 67 1
25 69 1
25 70 1
25 76 1
25 79 1
25 89 1
25 96 1
25 98 1
25 120 1
25 129 1
25 183 1
25 186 1
25 202 1
25 203 1
25 219 1
25 227 1
25 229 1
25 242 1
25 263 1
25 267 1
25 268 1
25 269 1
25 325 1
25 332 1
25 352 1
25 437 1
25 521 1
25 565 1
25 586 1
25 619 1
25 814 1
25 843 1
25 860 1
25 948 1
25 963 1
25 974 1
25 976 1
25 977 1
25 1240 1
25 1252 1
25 1264 1
25 1273 1
25 1308 1
25 1328 1
25 1341 1
25 1405 1
25 1472 1
25 1479 1
25 1568 1
26 28 1
26 30 1
26 43 1
26 57 1
26 68 1
26 77 1
26 91 1
26 92 1
26 103 1
26 104 1
26 113 1
26 141 1
26 148 1
26 163 1
26 164 1
26 173 1
26 227 1
26 247 1
26 255 1
26 289 1
26 309 1
26 312 1
26 321 1
26 375 1
26 377 1
26 401 1
26 407 1
26 438 1
26 453 1
26 468 1
26 511 1
26 579 1
26 581 1
26 599 1
26 607 1
26 699 1
26 705 1
26 733 1
26 759 1
26 882 1
26 915 1
26 949 1
26 978 1
26 1056 1
26 1062 1
26 1115 1
26 1119 1
26 1128 1
26 1148 1
26 1160 1
26 1163 1
26 1165 1
26 1174 1
26 1208 1
26 1270 1
26 1317 1
26 1550 1
27 31 1
27 124 1
27 145 1
27 171 1
27 174 1
27 211 1
27 298 1
27 347 1
27 353 1
27 691 1
27 710 1
27 766 1
27 806 1
27 925 1
27 943 1
27 980 1
27 1038 1
27 1052 1
27 1064 1
27 1083 1
27 1126 1
27 1226 1
27 1306 1
27 1333 1
27 1379 1
28 52 1
28 75 1
28 83 1
28 203 1
28 287 1
28 298 1
28 312 1
28 378 1
28 387 1
28 564 1
28 605 1
28 710 1
28 739 1
28 835 1
28 866 1
28 936 1
28 1030 1
28 1170 1
28 1186 1
28 1288 1
28 1337 1
28 1339 1
28 1355 1
28 1381 1
28 1446 1
28 1551 1
29 36 1
29 59 1
29 67 1
29 75 1
29 92 1
29 122 1
29 123 1
29 159 1
29 160 1
29 188 1
29 201 1
29 231 1
29 262 1
29 277 1
29 285 1
29 309 1
29 428 1
29 491 1
29 561 1
29 604 1
29 746 1
29 783 1
29 849 1
29 867 1
29 872 1
29 936 1
29 956 1
29 999 1
29 1012 1
29 1062 1
29 1232 1
29 1234 1
29 1327 1
29 1381 1
29 1409 1
29 1477 1
29 1494 1
29 1528 1
29 1539 1
29 1546 1
29 1596 1
30 32 1
30 36 1
30 38 1
30 48 1
30 78 1
30 79 1
30 83 1
30 93 1
30 94 1
30 103 1
30 104 1
30 116 1
30 123 1
30 128 1
30 133 1
30 149 1
30 186 1
30 190 1
30 230 1
30 242 1
30 260 1
30 272 1
30 285 1
30 330 1
30 335 1
30 368 1
30 438 1
30 444 1
30 481 1
30 486 1
30 489 1
30 493 1
30 508 1
30 512 1
30 544 1
30 634 1
30 645 1
30 651 1
30 660 1
30 663 1
30 702 1
30 705 1
30 792 1
30 796 1
30 817 1
30 859 1
30 871 1
30 878 1
30 1034 1
30 1110 1
30 1112 1
30 1155 1
30 1220 1
30 1227 1
30 1295 1
30 1349 1
30 1441 1
30 1463 1
30 1520 1
30 1527 1
30 1559 1
31 66 1
31 689 1
31 809 1
31 1011 1
31 1171 1
31 1356 1
32 41 1
32 42 1
32 235 1
32 1003 1
32 1072 1
32 1099 1
32 1340 1
32 1398 1
32 1582 1
33 34 1
33 37 1
33 67 1
33 70 1
33 89 1
33 99 1
33 114 1
33 121 1
33 130 1
33 140 1
33 177 1
33 181 1
33 198 1
33 202 1
33 220 1
33 266 1
33 280 1
33 289 1
33 340 1
33 351 1
33 363 1
33 366 1
33 395 1
33 397 1
33 430 1
33 553 1
33 567 1
33 581 1
33 623 1
33 636 1
33 689 1
33 694 1
33 751 1
33 768 1
33 796 1
33 856 1
33 874 1
33 963 1
33 964 1
33 992 1
33 993 1
33 1032 1
33 1074 1
33 1079 1
33 1081 1
33 1115 1
33 1164 1
33 1188 1
33 1393 1
33 1426 1
33 1561 1
34 140 1
34 152 1
34 154 1
34 174 1
34 216 1
34 352 1
34 384 1
34 584 1
34 643 1
34 651 1
34 778 1
34 895 1
34 960 1
34 979 1
34 1170 1
34 1215 1
34 1423 1
34 1473 1
35 44 1
35 70 1
35 72 1
35 73 1
35 76 1
35 91 1
35 101 1
35 112 1
35 117 1
35 126 1
35 130 1
35 176 1
35 178 1
35 195 1
35 203 1
35 215 1
35 225 1
35 266 1
35 272 1
35 283 1
35 291 1
35 339 1
35 352 1
35 404 1
35 428 1
35 497 1
35 531 1
35 558 1
35 563 1
35 583 1
35 593 1
35 682 1
35 687 1
35 692 1
35 711 1
35 733 1
35 755 1
35 834 1
35 867 1
35 897 1
35 906 1
35 1074 1
35 1134 1
35 1254 1
35 1285 1
35 1298 1
35 1300 1
35 1364 1
35 1413 1
35 1452 1
35 1507 1
35 1578 1
36 39 1
36 46 1
36 52 1
36 58 1
36 83 1
36 91 1
36 95 1
36 102 1
36 111 1
36 143 1
36 163 1
36 185 1
36 196 1
36 200 1
36 217 1
36 219 1
36 227 1
36 265 1
36 272 1
36 291 1
36 293 1
36 330 1
36 340 1
36 358 1
36 369 1
36 372 1
36 423 1
36 460 1
36 484 1
36 498 1
36 518 1
36 529 1
36 637 1
36 645 1
36 663 1
36 714 1
36 757 1
36 789 1
36 841 1
36 947 1
36 961 1
36 1027 1
36 1138 1
36 1150 1
36 1206 1
36 1244 1
36 1275 1
36 1301 1
36 1307 1
36 1348 1
36 1365 1
36 1444 1
36 1589 1
36 1597 1
37 81 1
37 89 1
37 160 1
37 434 1
37 517 1
37 593 1
37 1173 1
37 1431 1
37 1516 1
38 62 1
38 68 1
38 85 1
38 114 1
38 126 1
38 138 1
38 147 1
38 234 1
38 290 1
38 405 1
38 423 1
38 464 1
38 508 1
38 532 1
38 624 1
38 644 1
38 677 1
38 680 1
38 751 1
38 809 1
38 843 1
38 902 1
38 914 1
38 1223 1
38 1573 1
38 1600 1
39 64 1
39 110 1
39 113 1
39 118 1
39 125 1
39 212 1
39 321 1
39 332 1
39 428 1
39 433 1
39 517 1
39 576 1
39 690 1
39 819 1
39 863 1
39 880 1
39 1061 1
39 1209 1
39 1469 1
39 1570 1
39 1575 1
40 43 1
40 54 1
40 68 1
40 127 1
40 184 1
40 189 1
40 271 1
40 378 1
40 394 1
40 398 1
40 461 1
40 541 1
40 573 1
40 782 1
40 866 1
40 1043 1
40 1250 1
40 1258 1
40 1313 1
40 1327 1
40 1485 1
40 1584 1
41 42 1
41 69 1
41 72 1
41 91 1
41 92 1
41 96 1
41 98 1
41 108 1
41 109 1
41 112 1
41 119 1
41 123 1
41 126 1
41 170 1
41 175 1
41 261 1
41 294 1
41 302 1
41 330 1
41 347 1
41 353 1
41 359 1
41 385 1
41 392 1
41 410 1
41 413 1
41 500 1
41 642 1
41 661 1
41 718 1
41 734 1
41 858 1
41 903 1
41 925 1
41 1030 1
41 1046 1
41 1050 1
41 1075 1
41 1091 1
41 1105 1
41 1143 1
41 1198 1
41 1274 1
41 1278 1
41 1316 1
41 1417 1
41 1545 1
41 1556 1
41 1570 1
41 1585 1
41 1587 1
42 51 1
42 56 1
42 98 1
42 157 1
42 198 1
42 281 1
42 338 1
42 351 1
42 367 1
42 601 1
42 749 1
42 757 1
42 825 1
42 1058 1
42 1247 1
42 1259 1
42 1590 1
43 63 1
43 71 1
43 87 1
43 142 1
43 161 1
43 209 1
43 256 1
43 259 1
43 274 1
43 292 1
43 331 1
43 345 1
43 357 1
43 682 1
43 1123 1
43 1411 1
43 1524 1
43 1558 1
44 66 1
44 150 1
44 297 1
44 333 1
44 349 1
44 1188 1
44 1189 1
44 1389 1
44 1537 1
45 47 1
45 52 1
45 58 1
45 219 1
45 243 1
45 361 1
45 370 1
45 381 1
45 488 1
45 510 1
45 522 1
45 616 1
45 642 1
45 870 1
45 947 1
45 1159 1
45 1253 1
46 189 1
46 225 1
46 384 1
46 465 1
46 500 1
46 621 1
46 700 1
46 746 1
46 1133 1
46 1276 1
46 1580 1
47 87 1
47 153 1
47 282 1
47 426 1
47 1275 1
48 75 1
48 102 1
48 132 1
48 143 1
48 169 1
48 178 1
48 203 1
48 250 1
48 491 1
48 539 1
48 1081 1
48 1229 1
49 127 1
49 233 1
49 265 1
49 297 1
49 412 1
49 419 1
49 531 1
49 572 1
49 661 1
49 765 1
49 821 1
49 872 1
49 1200 1
49 1211 1
49 1453 1
50 199 1
50 207 1
50 314 1
50 630 1
50 820 1
50 1127 1
50 1221 1
50 1280 1
51 55 1
51 58 1
51 72 1
51 112 1
51 119 1
51 124 1
51 134 1
51 155 1
51 156 1
51 192 1
51 226 1
51 265 1
51 282 1
51 318 1
51 349 1
51 357 1
51 358 1
51 382 1
51 440 1
51 448 1
51 451 1
51 480 1
51 492 1
51 509 1
51 606 1
51 657 1
51 904 1
51 929 1
51 1074 1
51 1125 1
51 1130 1
51 1217 1
51 1227 1
51 1234 1
51 1258 1
51 1476 1
52 55 1
52 93 1
52 189 1
52 222 1
52 702 1
52 787 1
52 827 1
52 931 1
52 1177 1
52 1242 1
52 1530 1
53 78 1
53 90 1
53 106 1
53 257 1
53 477 1
53 632 1
53 896 1
53 932 1
53 1424 1
53 1546 1
53 1558 1
54 96 1
54 156 1
54 230 1
54 332 1
54 720 1
54 918 1
54 1125 1
54 1278 1
55 57 1
55 104 1
55 140 1
55 154 1
55 234 1
55 237 1
55 508 1
55 1278 1
55 1296 1
55 1483 1
56 59 1
56 64 1
56 82 1
56 94 1
56 120 1
56 142 1
56 194 1
56 197 1
56 244 1
56 383 1
56 516 1
56 760 1
56 798 1
56 836 1
56 898 1
56 902 1
56 1347 1
56 1447 1
56 1569 1
57 60 1
57 66 1
57 97 1
57 103 1
57 104 1
57 134 1
57 282 1
57 313 1
57 449 1
57 759 1
57 778 1
57 1343 1
57 1455 1
57 1528 1
58 61 1
58 133 1
58 335 1
58 356 1
58 394 1
58 721 1
58 757 1
58 758 1
58 838 1
58 872 1
58 974 1
58 1188 1
58 1426 1
59 65 1
59 116 1
59 141 1
59 156 1
59 328 1
59 450 1
59 475 1
59 492 1
59 597 1
59 657 1
59 1001 1
59 1089 1
59 1134 1
59 1149 1
59 1157 1
59 1251 1
59 1261 1
59 1343 1
59 1367 1
59 1384 1
59 1492 1
59 1559 1
60 206 1
60 738 1
60 1083 1
61 155 1
61 166 1
61 200 1
61 215 1
61 327 1
61 469 1
61 495 1
61 523 1
61 570 1
61 620 1
61 629 1
61 755 1
61 789 1
61 791 1
61 821 1
61 861 1
61 954 1
61 959 1
61 1263 1
61 1344 1
61 1425 1
61 1483 1
62 74 1
62 105 1
62 144 1
62 165 1
62 199 1
62 284 1
62 551 1
62 673 1
62 1026 1
62 1240 1
62 1448 1
62 1510 1
63 64 1
63 85 1
63 99 1
63 140 1
63 148 1
63 155 1
63 171 1
63 172 1
63 197 1
63 209 1
63 243 1
63 246 1
63 274 1
63 289 1
63 295 1
63 319 1
63 339 1
63 372 1
63 527 1
63 550 1
63 552 1
63 618 1
63 702 1
63 723 1
63 865 1
63 1004 1
63 1098 1
63 1150 1
63 1226 1
63 1542 1
64 688 1
64 698 1
64 1011 1
64 1586 1
65 326 1
65 441 1
65 559 1
65 633 1
65 657 1
65 667 1
65 671 1
65 736 1
65 795 1
65 805 1
65 814 1
65 817 1
65 928 1
65 990 1
65 1104 1
65 1155 1
65 1541 1
65 1574 1
66 80 1
66 94 1
66 103 1
66 109 1
66 125 1
66 248 1
66 322 1
66 415 1
66 512 1
66 606 1
66 920 1
66 935 1
66 1138 1
66 1269 1
66 1294 1
66 1308 1
66 1389 1
66 1459 1
66 1463 1
66 1468 1
66 1471 1
66 1585 1
66 1590 1
67 114 1
67 134 1
67 153 1
67 158 1
67 211 1
67 217 1
67 302 1
67 316 1
67 324 1
67 328 1
67 338 1
67 364 1
67 374 1
67 647 1
67 706 1
67 771 1
67 1099 1
67 1467 1
67 1482 1
68 125 1
68 150 1
68 179 1
68 208 1
68 231 1
68 254 1
68 523 1
68 774 1
68 786 1
68 836 1
68 1039 1
68 1068 1
68 1086 1
68 1102 1
68 1237 1
68 1358 1
68 1428 1
68 1495 1
68 1596 1
69 70 1
69 73 1
69 80 1
69 115 1
69 118 1
69 152 1
69 159 1
69 169 1
69 188 1
69 205 1
69 247 1
69 280 1
69 281 1
69 308 1
69 370 1
69 386 1
69 404 1
69 426 1
69 452 1
69 487 1
69 575 1
69 592 1
69 639 1
69 685 1
69 701 1
69 727 1
69 734 1
69 938 1
69 996 1
69 1032 1
69 1034 1
69 1098 1
69 1144 1
69 1165 1
69 1324 1
69 1371 1
69 1423 1
69 1429 1
69 1515 1
69 1557 1
69 1577 1
70 90 1
70 266 1
70 294 1
70 499 1
70 580 1
70 661 1
70 707 1
70 894 1
70 1140 1
70 1176 1
70 1296 1
70 1485 1
71 130 1
71 749 1
71 1026 1
71 1487 1
72 80 1
72 231 1
72 278 1
72 288 1
72 334 1
72 446 1
72 493 1
72 551 1
72 557 1
72 734 1
72 1205 1
72 1249 1
72 1357 1
72 1484 1
72 1548 1
73 75 1
73 100 1
73 406 1
73 770 1
73 787 1
73 789 1
73 906 1
73 974 1
73 1068 1
73 1200 1
73 1225 1
73 1314 1
73 1419 1
73 1452 1
74 76 1
74 84 1
74 85 1
74 135 1
74 144 1
74 177 1
74 205 1
74 240 1
74 251 1
74 356 1
74 411 1
74 442 1
74 478 1
74 507 1
74 521 1
74 567 1
74 597 1
74 656 1
74 712 1
74 969 1
74 1033 1
74 1098 1
74 1155 1
74 1192 1
74 1456 1
74 1508 1
74 1540 1
74 1558 1
75 76 1
75 151 1
75 298 1
75 346 1
75 643 1
75 748 1
75 760 1
75 858 1
75 960 1
75 1230 1
75 1233 1
75 1242 1
75 1274 1
75 1292 1
76 77 1
76 120 1
76 135 1
76 162 1
76 256 1
76 268 1
76 279 1
76 342 1
76 414 1
76 446 1
76 526 1
76 739 1
76 833 1
76 1123 1
76 1137 1
76 1173 1
76 1233 1
76 1351 1
76 1369 1
77 401 1
77 779 1
77 1182 1
78 153 1
78 244 1
78 336 1
78 386 1
78 452 1
78 622 1
78 946 1
78 1080 1
78 1372 1
78 1427 1
78 1526 1
79 229 1
79 1088 1
79 1339 1
80 238 1
80 794 1
80 1295 1
81 106 1
81 449 1
81 892 1
81 1214 1
81 1384 1
81 1422 1
82 182 1
82 216 1
82 222 1
82 275 1
82 283 1
82 286 1
82 382 1
82 476 1
82 515 1
82 571 1
82 676 1
82 881 1
82 1147 1
83 115 1
83 333 1
83 421 1
83 534 1
83 596 1
83 641 1
83 1079 1
83 1143 1
83 1149 1
83 1211 1
83 1353 1
83 1402 1
83 1468 1
84 155 1
84 270 1
84 286 1
84 408 1
84 490 1
84 588 1
84 597 1
84 730 1
84 888 1
84 937 1
84 998 1
84 1056 1
84 1111 1
84 1153 1
84 1429 1
84 1458 1
85 185 1
85 209 1
85 254 1
85 354 1
85 391 1
85 425 1
85 441 1
85 635 1
85 637 1
85 650 1
85 723 1
85 870 1
85 1432 1
86 98 1
86 594 1
86 624 1
86 665 1
86 826 1
86 830 1
86 991 1
86 995 1
86 1135 1
86 1220 1
86 1311 1
86 1464 1
86 1502 1
87 88 1
87 457 1
87 753 1
88 182 1
88 371 1
88 790 1
88 791 1
89 124 1
89 172 1
89 179 1
89 280 1
89 439 1
90 102 1
90 107 1
90 337 1
90 347 1
90 358 1
90 376 1
90 454 1
90 503 1
90 625 1
90 666 1
90 676 1
90 677 1
90 972 1
90 1184 1
90 1199 1
90 1294 1
90 1427 1
90 1554 1
91 92 1
91 173 1
91 176 1
91 244 1
91 334 1
91 393 1
91 467 1
91 601 1
91 660 1
91 695 1
91 801 1
91 986 1
91 1027 1
91 1054 1
91 1065 1
91 1182 1
91 1197 1
91 1349 1
91 1394 1
91 1544 1
92 99 1
92 105 1
92 168 1
92 496 1
92 503 1
92 508 1
92 511 1
92 520 1
92 618 1
92 648 1
92 744 1
92 913 1
92 1118 1
92 1136 1
92 1156 1
93 380 1
93 407 1
93 476 1
93 661 1
93 1039 1
93 1116 1
93 1479 1
93 1552 1
94 120 1
94 176 1
94 184 1
94 187 1
94 317 1
94 416 1
94 718 1
94 1002 1
94 1024 1
95 115 1
95 137 1
95 171 1
95 190 1
95 204 1
95 236 1
95 328 1
95 445 1
95 607 1
95 639 1
95 652 1
95 785 1
95 801 1
95 818 1
95 976 1
95 1316 1
95 1440 1
95 1515 1
95 1599 1
96 110 1
96 128 1
96 240 1
96 255 1
96 257 1
96 266 1
96 284 1
96 316 1
96 443 1
96 495 1
96 535 1
96 689 1
96 740 1
96 761 1
96 773 1
96 953 1
96 956 1
96 1330 1
96 1478 1
96 1499 1
97 171 1
97 191 1
97 222 1
97 383 1
97 467 1
97 594 1
97 848 1
97 887 1
97 1078 1
97 1207 1
97 1593 1
97 1600 1
98 147 1
98 157 1
98 159 1
98 250 1
98 285 1
98 304 1
98 326 1
98 388 1
98 548 1
98 663 1
98 711 1
98 743 1
98 851 1
98 927 1
98 967 1
98 988 1
98 1047 1
98 1085 1
98 1241 1
98 1311 1
99 136 1
99 166 1
99 231 1
99 253 1
99 346 1
99 384 1
99 586 1
99 665 1
99 683 1
99 686 1
99 969 1
99 1017 1
99 1029 1
100 295 1
100 465 1
100 620 1
100 655 1
100 776 1
100 838 1
100 1398 1
100 1480 1
100 1579 1
101 115 1
101 177 1
101 196 1
101 262 1
101 527 1
101 599 1
101 684 1
101 747 1
101 822 1
101 902 1
101 916 1
101 1040 1
101 1321 1
101 1387 1
102 107 1
102 498 1
102 845 1
102 1041 1
102 1204 1
103 126 1
103 139 1
103 235 1
103 279 1
103 429 1
103 526 1
103 544 1
103 598 1
103 611 1
103 664 1
103 954 1
103 981 1
103 1476 1
104 131 1
104 136 1
104 148 1
104 166 1
104 217 1
104 306 1
104 393 1
104 409 1
104 465 1
104 745 1
104 792 1
104 1013 1
104 1247 1
104 1440 1
104 1447 1
104 1497 1
105 362 1
105 449 1
106 626 1
107 129 1
107 142 1
107 201 1
107 273 1
107 291 1
107 337 1
107 524 1
107 605 1
107 641 1
107 731 1
107 756 1
107 832 1
107 922 1
107 950 1
107 1246 1
107 1354 1
107 1374 1
107 1415 1
107 1417 1
107 1531 1
108 158 1
108 267 1
108 293 1
108 311 1
108 467 1
108 510 1
108 543 1
108 709 1
108 955 1
108 1004 1
108 1370 1
108 1592 1
109 124 1
109 213 1
109 215 1
109 241 1
109 247 1
109 260 1
109 341 1
109 391 1
109 396 1
109 524 1
109 613 1
109 671 1
109 703 1
109 709 1
109 739 1
109 748 1
109 929 1
109 1131 1
109 1385 1
109 1469 1
109 1510 1
109 1577 1
110 161 1
110 181 1
110 191 1
110 214 1
110 228 1
110 284 1
110 329 1
110 344 1
110 358 1
110 379 1
110 456 1
110 470 1
110 518 1
110 556 1
110 619 1
110 780 1
110 935 1
110 993 1
110 1029 1
110 1030 1
110 1072 1
110 1088 1
110 1117 1
110 1148 1
110 1167 1
110 1209 1
110 1222 1
110 1245 1
110 1366 1
110 1442 1
110 1592 1
111 239 1
111 345 1
111 433 1
111 1184 1
111 1394 1
112 242 1
112 261 1
112 335 1
112 720 1
112 1217 1
113 144 1
113 192 1
113 916 1
113 940 1
114 186 1
114 376 1
114 444 1
114 535 1
114 539 1
114 743 1
114 759 1
114 1105 1
114 1179 1
114 1212 1
114 1317 1
114 1351 1
114 1406 1
114 1414 1
114 1509 1
115 353 1
115 685 1
115 836 1
115 868 1
115 995 1
115 1000 1
115 1232 1
115 1423 1
116 149 1
116 249 1
116 300 1
116 336 1
116 401 1
116 495 1
116 519 1
116 560 1
116 608 1
116 926 1
116 1286 1
116 1346 1
116 1464 1
116 1516 1
117 127 1
117 138 1
117 141 1
117 146 1
117 169 1
117 239 1
117 261 1
117 317 1
117 442 1
117 457 1
117 461 1
117 534 1
117 570 1
117 596 1
117 664 1
117 715 1
117 765 1
117 795 1
117 943 1
117 1020 1
117 1073 1
117 1075 1
117 1097 1
117 1121 1
117 1392 1
117 1401 1
118 147 1
118 498 1
118 1018 1
119 392 1
119 451 1
119 488 1
119 539 1
119 702 1
119 727 1
119 1053 1
119 1172 1
119 1410 1
119 1586 1
120 122 1
120 139 1
120 196 1
120 198 1
120 208 1
120 271 1
120 296 1
120 303 1
120 360 1
120 396 1
120 412 1
120 423 1
120 509 1
120 578 1
120 660 1
120 686 1
120 704 1
120 810 1
120 850 1
120 857 1
120 871 1
120 996 1
120 1024 1
120 1039 1
120 1273 1
120 1456 1
120 1458 1
120 1473 1
120 1483 1
120 1514 1
121 246 1
121 249 1
121 251 1
121 295 1
121 355 1
121 396 1
121 404 1
121 439 1
121 455 1
121 466 1
121 483 1
121 599 1
121 600 1
121 673 1
121 675 1
121 742 1
121 761 1
121 805 1
121 852 1
121 859 1
121 932 1
121 1030 1
121 1093 1
121 1209 1
121 1240 1
121 1247 1
121 1269 1
121 1271 1
121 1355 1
121 1390 1
121 1434 1
122 125 1
122 233 1
122 636 1
122 700 1
122 784 1
122 986 1
122 1291 1
122 1492 1
123 201 1
123 258 1
123 324 1
123 342 1
123 803 1
123 1211 1
124 462 1
124 479 1
124 613 1
124 629 1
124 766 1
124 1090 1
124 1119 1
124 1135 1
124 1348 1
124 1476 1
124 1596 1
125 150 1
125 178 1
125 212 1
125 274 1
125 487 1
125 632 1
125 645 1
125 938 1
125 1014 1
125 1430 1
126 156 1
126 184 1
126 543 1
126 624 1
126 653 1
126 777 1
126 904 1
126 1086 1
126 1210 1
127 163 1
127 233 1
127 435 1
127 583 1
127 666 1
127 830 1
127 961 1
128 275 1
128 327 1
128 484 1
128 799 1
128 843 1
128 992 1
128 1048 1
128 1218 1
128 1265 1
128 1551 1
128 1565 1
129 148 1
129 210 1
129 213 1
129 225 1
129 237 1
129 263 1
129 264 1
129 276 1
129 319 1
129 340 1
129 459 1
129 502 1
129 539 1
129 729 1
129 953 1
129 954 1
129 968 1
129 1021 1
129 1145 1
129 1228 1
129 1343 1
129 1407 1
130 150 1
130 187 1
130 368 1
130 573 1
130 949 1
131 139 1
131 216 1
131 542 1
131 587 1
131 595 1
131 719 1
131 1049 1
131 1092 1
132 191 1
132 249 1
132 521 1
132 549 1
132 644 1
132 670 1
132 713 1
132 782 1
133 439 1
133 501 1
133 818 1
133 1059 1
134 178 1
134 248 1
134 362 1
134 387 1
134 390 1
134 406 1
134 462 1
134 478 1
134 560 1
134 722 1
134 1108 1
134 1366 1
135 241 1
135 394 1
135 403 1
135 434 1
135 455 1
135 481 1
135 505 1
135 647 1
135 669 1
135 840 1
135 966 1
135 1163 1
135 1501 1
136 270 1
136 369 1
136 371 1
136 416 1
136 480 1
136 531 1
136 707 1
136 794 1
136 798 1
136 816 1
136 860 1
136 901 1
136 1028 1
136 1052 1
136 1100 1
136 1228 1
136 1279 1
136 1321 1
137 151 1
137 198 1
137 423 1
137 434 1
137 537 1
137 577 1
137 610 1
137 753 1
137 754 1
137 758 1
137 826 1
137 982 1
137 1331 1
137 1355 1
137 1462 1
137 1531 1
138 152 1
138 263 1
138 268 1
138 626 1
138 692 1
138 1054 1
138 1144 1
138 1151 1
138 1367 1
138 1581 1
139 422 1
139 506 1
139 515 1
139 519 1
139 588 1
139 763 1
139 832 1
139 867 1
139 891 1
139 1140 1
139 1289 1
139 1497 1
140 147 1
140 176 1
140 255 1
140 287 1
140 447 1
140 567 1
140 625 1
140 701 1
140 747 1
140 769 1
140 1002 1
140 1067 1
140 1096 1
140 1194 1
140 1335 1
140 1432 1
140 1463 1
141 163 1
141 241 1
141 312 1
141 460 1
141 528 1
141 545 1
141 604 1
141 611 1
141 1034 1
141 1038 1
141 1084 1
141 1119 1
141 1324 1
141 1358 1
142 209 1
142 223 1
142 349 1
142 351 1
142 386 1
142 413 1
142 1093 1
142 1186 1
142 1572 1
143 146 1
143 187 1
143 210 1
143 300 1
143 464 1
143 652 1
143 788 1
143 835 1
143 912 1
143 959 1
143 1008 1
143 1103 1
143 1206 1
143 1274 1
143 1469 1
143 1533 1
144 160 1
144 189 1
144 195 1
144 204 1
144 206 1
144 225 1
144 234 1
144 237 1
144 258 1
144 273 1
144 374 1
144 425 1
144 484 1
144 541 1
144 550 1
144 562 1
144 574 1
144 603 1
144 614 1
144 635 1
144 639 1
144 646 1
144 665 1
144 741 1
144 1210 1
144 1231 1
144 1357 1
144 1480 1
145 174 1
145 301 1
145 307 1
145 321 1
145 325 1
145 338 1
145 350 1
145 391 1
145 428 1
145 589 1
145 609 1
145 628 1
145 638 1
145 925 1
145 1029 1
145 1040 1
145 1306 1
145 1527 1
145 1549 1
146 154 1
146 161 1
146 240 1
146 408 1
146 632 1
146 1434 1
146 1590 1
147 280 1
147 467 1
147 523 1
147 686 1
147 724 1
147 1249 1
148 283 1
148 464 1
148 474 1
148 485 1
148 916 1
148 1352 1
148 1474 1
149 230 1
149 310 1
149 389 1
149 517 1
149 528 1
149 675 1
149 708 1
149 1005 1
149 1070 1
149 1220 1
150 162 1
150 253 1
150 500 1
150 662 1
150 846 1
150 887 1
150 903 1
150 909 1
150 1151 1
150 1202 1
151 720 1
151 736 1
151 738 1
151 1257 1
152 168 1
152 285 1
152 310 1
152 453 1
152 479 1
152 503 1
152 614 1
152 807 1
152 1544 1
153 259 1
153 381 1
153 530 1
153 590 1
153 612 1
153 646 1
153 683 1
153 729 1
153 824 1
153 878 1
153 889 1
153 1022 1
153 1051 1
153 1163 1
153 1271 1
153 1466 1
154 218 1
154 220 1
154 236 1
154 245 1
154 895 1
154 919 1
154 1233 1
155 200 1
155 290 1
155 292 1
155 320 1
155 366 1
155 376 1
155 459 1
155 613 1
156 179 1
156 206 1
156 363 1
156 416 1
156 433 1
156 434 1
156 531 1
156 698 1
156 904 1
156 906 1
156 939 1
156 975 1
156 1010 1
156 1031 1
156 1076 1
156 1179 1
157 168 1
157 251 1
157 402 1
157 793 1
157 1519 1
157 1586 1
158 192 1
158 267 1
158 1131 1
158 1267 1
159 186 1
159 214 1
159 686 1
160 232 1
160 302 1
160 359 1
160 519 1
160 1002 1
160 1024 1
160 1052 1
160 1078 1
160 1286 1
160 1330 1
160 1457 1
160 1521 1
161 223 1
161 348 1
161 441 1
161 450 1
161 535 1
161 576 1
161 611 1
161 761 1
161 917 1
161 958 1
161 1052 1
161 1065 1
161 1372 1
161 1396 1
162 188 1
162 218 1
162 515 1
162 553 1
163 204 1
163 460 1
163 671 1
163 830 1
163 852 1
163 1513 1
164 167 1
164 215 1
164 301 1
164 341 1
164 473 1
164 629 1
164 631 1
164 788 1
164 864 1
164 876 1
164 1422 1
164 1443 1
165 232 1
165 268 1
165 417 1
165 422 1
165 909 1
165 1042 1
165 1250 1
165 1326 1
166 208 1
166 243 1
166 253 1
166 329 1
166 377 1
166 399 1
166 443 1
166 589 1
166 602 1
166 728 1
166 1118 1
166 1122 1
166 1139 1
166 1302 1
166 1350 1
166 1380 1
166 1489 1
167 262 1
167 888 1
168 169 1
168 199 1
168 397 1
168 1308 1
169 797 1
169 1144 1
169 1276 1
169 1429 1
169 1475 1
170 208 1
170 210 1
170 296 1
170 469 1
170 506 1
170 865 1
170 938 1
170 965 1
170 1041 1
170 1080 1
170 1156 1
170 1565 1
170 1582 1
171 245 1
171 257 1
171 329 1
171 343 1
171 406 1
171 430 1
171 538 1
171 637 1
171 701 1
171 737 1
171 934 1
171 1077 1
171 1137 1
171 1190 1
171 1326 1
171 1584 1
172 606 1
173 288 1
173 309 1
173 340 1
173 372 1
173 379 1
173 400 1
173 437 1
173 455 1
173 456 1
173 487 1
173 548 1
173 644 1
173 658 1
173 695 1
173 696 1
173 701 1
173 896 1
173 1124 1
173 1477 1
173 1571 1
174 239 1
174 327 1
174 347 1
174 777 1
175 364 1
175 402 1
175 440 1
175 461 1
175 555 1
175 755 1
175 958 1
175 1152 1
175 1270 1
175 1286 1
175 1512 1
176 230 1
176 331 1
176 369 1
176 504 1
176 584 1
176 662 1
176 730 1
176 1049 1
176 1437 1
176 1457 1
177 216 1
177 544 1
177 658 1
177 1058 1
177 1067 1
177 1092 1
177 1336 1
178 300 1
178 636 1
178 1100 1
178 1102 1
178 1141 1
178 1420 1
178 1495 1
179 519 1
179 746 1
179 1194 1
179 1243 1
179 1319 1
180 183 1
180 323 1
180 1036 1
180 1174 1
180 1481 1
181 202 1
181 292 1
181 344 1
181 445 1
181 504 1
181 610 1
181 919 1
181 1300 1
182 275 1
182 708 1
182 911 1
183 510 1
183 659 1
183 785 1
183 820 1
183 908 1
183 1075 1
183 1360 1
184 193 1
184 221 1
184 228 1
184 600 1
184 724 1
184 882 1
184 939 1
184 1189 1
184 1320 1
185 298 1
185 304 1
185 333 1
185 364 1
185 393 1
185 478 1
185 912 1
185 1242 1
185 1536 1
186 427 1
186 430 1
186 447 1
186 864 1
187 223 1
187 325 1
187 337 1
187 365 1
187 457 1
187 486 1
187 506 1
187 511 1
187 591 1
187 633 1
187 707 1
187 728 1
187 754 1
187 775 1
187 797 1
187 810 1
187 884 1
187 927 1
187 970 1
187 1139 1
187 1235 1
187 1358 1
187 1390 1
187 1482 1
188 218 1
188 515 1
188 697 1
188 719 1
188 952 1
188 1336 1
188 1539 1
189 397 1
189 525 1
189 547 1
189 555 1
189 574 1
189 605 1
189 669 1
189 782 1
189 852 1
189 890 1
189 893 1
189 1214 1
189 1215 1
189 1283 1
189 1440 1
189 1565 1
189 1598 1
190 287 1
190 432 1
190 1329 1
191 622 1
191 635 1
191 1178 1
192 276 1
192 435 1
192 816 1
192 1190 1
192 1493 1
193 568 1
193 1198 1
193 1250 1
194 212 1
194 614 1
194 721 1
194 854 1
194 1173 1
194 1598 1
195 213 1
195 389 1
195 437 1
195 753 1
195 880 1
195 926 1
195 1238 1
195 1404 1
196 375 1
196 438 1
196 756 1
197 760 1
197 1265 1
197 1290 1
197 1520 1
198 218 1
198 248 1
198 300 1
198 494 1
198 631 1
198 731 1
198 765 1
198 777 1
198 805 1
198 1300 1
198 1529 1
198 1534 1
199 664 1
199 723 1
199 796 1
199 994 1
200 305 1
200 525 1
200 641 1
200 724 1
200 770 1
200 900 1
200 1035 1
200 1320 1
200 1505 1
200 1579 1
201 277 1
201 427 1
201 628 1
201 1184 1
201 1195 1
201 1354 1
201 1531 1
201 1533 1
202 708 1
202 1032 1
202 1360 1
202 1598 1
203 242 1
203 281 1
203 306 1
203 392 1
203 403 1
203 413 1
203 490 1
203 552 1
203 581 1
203 934 1
203 1150 1
203 1186 1
203 1263 1
203 1397 1
203 1428 1
203 1489 1
203 1552 1
204 472 1
204 711 1
204 714 1
204 803 1
204 816 1
204 830 1
204 992 1
204 1091 1
204 1102 1
204 1109 1
204 1540 1
205 1246 1
206 264 1
206 324 1
206 621 1
206 843 1
206 1001 1
206 1127 1
206 1364 1
207 234 1
207 522 1
207 594 1
207 930 1
207 1066 1
207 1239 1
207 1470 1
208 1323 1
209 243 1
209 307 1
209 405 1
209 657 1
209 679 1
209 850 1
209 1087 1
209 1285 1
209 1378 1
210 301 1
210 459 1
210 502 1
210 525 1
210 561 1
210 607 1
210 654 1
210 792 1
210 814 1
210 839 1
210 930 1
210 1055 1
210 1304 1
210 1308 1
210 1370 1
211 838 1
211 1492 1
212 241 1
212 289 1
212 299 1
212 313 1
212 316 1
212 359 1
212 377 1
212 466 1
212 472 1
212 479 1
212 486 1
212 496 1
212 529 1
212 556 1
212 563 1
212 584 1
212 595 1
212 670 1
212 684 1
212 742 1
212 775 1
212 794 1
212 877 1
212 899 1
212 932 1
212 1147 1
212 1257 1
212 1529 1
213 429 1
213 996 1
213 1019 1
214 724 1
214 1371 1
214 1398 1
215 278 1
215 384 1
215 800 1
215 1084 1
216 463 1
216 773 1
216 828 1
216 853 1
216 1113 1
216 1331 1
217 291 1
217 372 1
217 447 1
217 667 1
217 904 1
217 1217 1
217 1234 1
217 1526 1
218 221 1
218 316 1
218 492 1
218 524 1
218 633 1
218 1007 1
218 1008 1
218 1136 1
219 288 1
219 424 1
219 569 1
219 755 1
219 1365 1
220 364 1
220 730 1
220 812 1
220 1005 1
220 1055 1
220 1117 1
220 1256 1
220 1539 1
221 571 1
221 694 1
221 776 1
222 361 1
222 557 1
222 687 1
222 852 1
222 918 1
222 1064 1
222 1183 1
222 1293 1
223 269 1
223 578 1
223 824 1
223 856 1
223 933 1
223 975 1
223 1079 1
224 305 1
224 315 1
224 529 1
224 1097 1
224 1181 1
224 1448 1
225 1454 1
226 662 1
226 850 1
227 315 1
227 741 1
227 773 1
227 833 1
227 963 1
227 1586 1
228 409 1
228 431 1
228 490 1
228 500 1
228 699 1
228 751 1
228 793 1
229 318 1
229 584 1
229 746 1
229 1080 1
229 1146 1
230 650 1
230 762 1
230 876 1
231 419 1
231 794 1
231 1053 1
232 818 1
233 405 1
233 454 1
233 636 1
233 1037 1
233 1222 1
233 1255 1
234 276 1
234 296 1
234 389 1
234 577 1
234 658 1
234 842 1
234 855 1
234 1025 1
234 1078 1
234 1203 1
234 1215 1
234 1223 1
234 1325 1
234 1408 1
234 1414 1
234 1484 1
235 777 1
236 250 1
236 356 1
236 1076 1
236 1284 1
237 315 1
237 651 1
237 933 1
237 1097 1
237 1182 1
238 273 1
238 314 1
238 451 1
238 509 1
238 579 1
238 582 1
238 585 1
238 776 1
238 912 1
238 1124 1
238 1486 1
239 649 1
240 304 1
240 593 1
240 1470 1
241 307 1
241 310 1
241 429 1
241 438 1
241 492 1
241 507 1
241 540 1
241 590 1
241 652 1
241 659 1
241 776 1
241 842 1
241 983 1
241 985 1
241 1162 1
241 1217 1
241 1427 1
241 1550 1
241 1573 1
241 1598 1
242 279 1
242 502 1
242 1263 1
242 1600 1
243 443 1
243 527 1
244 419 1
244 1358 1
244 1426 1
244 1575 1
245 344 1
245 367 1
245 373 1
245 526 1
245 772 1
245 832 1
245 991 1
245 1359 1
246 278 1
246 390 1
246 417 1
246 418 1
246 422 1
246 450 1
246 540 1
246 589 1
246 626 1
246 798 1
246 819 1
246 1007 1
246 1164 1
247 1224 1
248 400 1
248 1057 1
248 1423 1
248 1451 1
249 282 1
249 533 1
249 883 1
249 976 1
250 335 1
250 449 1
250 522 1
250 691 1
250 1362 1
251 577 1
252 473 1
252 533 1
252 565 1
252 566 1
252 685 1
252 781 1
252 983 1
252 985 1
253 286 1
253 293 1
253 387 1
253 754 1
254 1579 1
255 337 1
255 558 1
255 602 1
255 998 1
255 1016 1
255 1160 1
255 1213 1
255 1481 1
255 1591 1
256 259 1
256 305 1
256 760 1
256 883 1
256 903 1
256 1179 1
256 1411 1
257 271 1
257 354 1
257 360 1
257 382 1
257 848 1
257 1027 1
257 1137 1
257 1272 1
257 1362 1
257 1418 1
258 294 1
258 829 1
258 908 1
258 1060 1
258 1197 1
259 264 1
259 668 1
259 688 1
259 762 1
259 988 1
259 1192 1
259 1207 1
259 1260 1
259 1412 1
259 1466 1
260 370 1
260 420 1
260 509 1
260 617 1
260 672 1
260 726 1
260 844 1
260 896 1
260 1145 1
260 1288 1
260 1513 1
261 475 1
261 730 1
261 990 1
261 1175 1
262 274 1
262 1211 1
262 1242 1
263 952 1
263 1166 1
263 1346 1
264 997 1
265 297 1
265 357 1
265 965 1
265 1241 1
265 1345 1
265 1490 1
266 586 1
266 882 1
266 987 1
266 1482 1
267 499 1
267 970 1
267 1081 1
267 1574 1
268 278 1
268 290 1
268 374 1
268 435 1
268 715 1
268 750 1
268 823 1
268 975 1
268 979 1
268 1022 1
268 1393 1
268 1441 1
268 1488 1
268 1502 1
268 1524 1
268 1581 1
269 279 1
269 447 1
269 469 1
269 690 1
269 712 1
269 812 1
269 1305 1
269 1320 1
269 1363 1
269 1580 1
270 352 1
270 613 1
270 828 1
270 1477 1
271 601 1
271 861 1
272 825 1
272 1007 1
272 1413 1
273 343 1
273 580 1
273 628 1
274 284 1
274 381 1
274 426 1
274 469 1
274 503 1
274 554 1
274 605 1
274 725 1
274 779 1
274 786 1
274 839 1
274 1029 1
274 1047 1
274 1108 1
274 1356 1
275 379 1
275 482 1
275 732 1
275 1051 1
275 1225 1
275 1293 1
276 296 1
276 706 1
276 1203 1
276 1344 1
276 1454 1
277 551 1
277 871 1
277 1010 1
277 1166 1
278 311 1
278 405 1
278 505 1
278 510 1
278 781 1
278 1006 1
278 1252 1
279 920 1
279 1322 1
280 431 1
280 514 1
281 542 1
281 616 1
282 564 1
282 583 1
282 617 1
282 625 1
282 697 1
282 736 1
282 868 1
282 978 1
282 1057 1
282 1094 1
282 1134 1
283 315 1
283 474 1
283 848 1
283 877 1
283 940 1
283 1111 1
283 1207 1
283 1331 1
283 1403 1
283 1578 1
284 353 1
284 398 1
284 535 1
284 566 1
284 683 1
284 1279 1
284 1315 1
284 1573 1
285 362 1
285 363 1
285 486 1
285 575 1
285 669 1
285 1281 1
285 1518 1
285 1520 1
286 403 1
286 513 1
286 1011 1
287 407 1
287 905 1
287 1045 1
288 424 1
288 1180 1
289 290 1
289 395 1
289 697 1
289 774 1
289 1534 1
290 498 1
290 600 1
291 294 1
291 351 1
291 371 1
291 491 1
291 524 1
291 616 1
291 834 1
291 884 1
291 894 1
291 1399 1
292 360 1
292 367 1
292 874 1
292 990 1
292 1070 1
292 1101 1
292 1257 1
293 593 1
293 612 1
293 979 1
293 1138 1
293 1333 1
294 559 1
294 659 1
294 944 1
294 1121 1
295 355 1
295 400 1
295 414 1
295 499 1
295 566 1
295 952 1
295 1175 1
295 1197 1
295 1507 1
295 1526 1
296 398 1
296 465 1
296 680 1
296 774 1
296 873 1
296 1015 1
296 1136 1
297 322 1
297 442 1
297 621 1
297 849 1
298 311 1
298 336 1
298 409 1
298 451 1
298 576 1
298 660 1
298 784 1
298 955 1
298 1000 1
298 1140 1
298 1154 1
298 1168 1
298 1213 1
298 1231 1
298 1366 1
299 980 1
299 1091 1
300 307 1
300 421 1
300 425 1
300 439 1
300 533 1
300 682 1
300 771 1
300 824 1
300 1146 1
300 1400 1
301 338 1
301 768 1
301 921 1
301 1224 1
302 609 1
303 1120 1
304 1117 1
304 1285 1
306 514 1
306 556 1
306 780 1
306 808 1
306 809 1
306 957 1
306 973 1
306 1375 1
306 1471 1
307 573 1
307 622 1
307 989 1
307 1376 1
308 798 1
309 323 1
309 815 1
309 915 1
309 1202 1
310 331 1
310 341 1
310 427 1
310 582 1
310 750 1
310 841 1
310 1069 1
310 1091 1
311 369 1
311 934 1
312 569 1
312 893 1
312 1153 1
312 1260 1
312 1500 1
313 321 1
313 432 1
313 558 1
313 1343 1
313 1386 1
314 390 1
314 410 1
314 444 1
314 463 1
314 549 1
314 896 1
314 996 1
314 1167 1
314 1234 1
314 1319 1
315 1569 1
316 324 1
316 633 1
316 771 1
316 792 1
316 1284 1
316 1346 1
316 1452 1
317 385 1
317 424 1
317 930 1
317 1152 1
317 1262 1
318 348 1
318 649 1
318 803 1
319 334 1
319 412 1
319 418 1
319 446 1
319 1149 1
319 1205 1
319 1391 1
319 1404 1
320 879 1
320 1060 1
320 1194 1
320 1311 1
321 460 1
321 534 1
321 664 1
321 1067 1
321 1089 1
321 1201 1
322 458 1
322 946 1
322 965 1
322 1302 1
322 1339 1
322 1547 1
323 679 1
323 732 1
323 1049 1
323 1503 1
324 642 1
324 1238 1
324 1395 1
324 1464 1
325 392 1
325 546 1
325 663 1
325 1232 1
325 1291 1
325 1329 1
325 1364 1
326 577 1
326 641 1
326 721 1
326 1318 1
326 1591 1
327 494 1
327 562 1
327 1046 1
327 1268 1
328 332 1
328 393 1
329 532 1
329 554 1
329 870 1
329 1082 1
329 1213 1
329 1309 1
330 350 1
330 385 1
330 764 1
330 766 1
330 1022 1
330 1100 1
330 1187 1
331 342 1
331 623 1
331 656 1
331 712 1
331 778 1
331 971 1
331 1298 1
331 1310 1
331 1368 1
331 1428 1
331 1455 1
331 1460 1
331 1469 1
331 1553 1
331 1583 1
332 831 1
333 947 1
334 367 1
334 845 1
334 939 1
334 1190 1
334 1409 1
334 1514 1
334 1588 1
335 482 1
335 1161 1
335 1368 1
336 557 1
336 799 1
336 1507 1
337 558 1
337 617 1
337 829 1
337 891 1
337 1130 1
337 1146 1
337 1199 1
337 1277 1
337 1356 1
337 1360 1
337 1387 1
337 1416 1
337 1531 1
338 350 1
338 1497 1
339 448 1
339 471 1
339 707 1
339 770 1
339 1069 1
339 1566 1
340 1074 1
340 1181 1
340 1339 1
341 395 1
341 826 1
342 804 1
343 485 1
343 693 1
343 1180 1
343 1396 1
343 1461 1
344 462 1
344 677 1
344 822 1
344 1061 1
344 1318 1
345 396 1
345 545 1
345 681 1
345 875 1
345 892 1
345 1099 1
345 1373 1
345 1472 1
345 1583 1
346 466 1
346 615 1
346 1003 1
346 1411 1
348 373 1
348 388 1
348 419 1
348 649 1
348 859 1
348 1162 1
348 1383 1
348 1543 1
349 388 1
349 470 1
349 585 1
349 658 1
349 825 1
349 886 1
349 1158 1
350 493 1
350 598 1
351 399 1
351 402 1
351 463 1
351 478 1
351 627 1
351 764 1
351 930 1
351 1218 1
351 1283 1
351 1307 1
351 1350 1
351 1373 1
351 1550 1
351 1562 1
352 360 1
352 655 1
352 1025 1
352 1187 1
352 1321 1
352 1561 1
353 931 1
353 1185 1
354 416 1
354 483 1
354 681 1
354 796 1
354 1068 1
354 1436 1
354 1493 1
355 401 1
355 619 1
355 639 1
355 951 1
355 955 1
356 675 1
356 979 1
356 1389 1
356 1554 1
357 554 1
357 1514 1
358 563 1
359 1281 1
360 1328 1
360 1560 1
361 398 1
361 895 1
361 1016 1
361 1050 1
361 1239 1
363 523 1
363 581 1
363 650 1
363 1020 1
363 1095 1
363 1120 1
363 1241 1
363 1494 1
364 667 1
364 678 1
364 816 1
364 913 1
364 929 1
365 620 1
365 648 1
365 729 1
365 752 1
365 1044 1
365 1530 1
365 1591 1
366 412 1
366 1028 1
366 1401 1
367 375 1
367 417 1
367 418 1
367 622 1
367 831 1
367 846 1
367 1126 1
367 1272 1
367 1361 1
368 395 1
368 440 1
368 468 1
368 527 1
368 529 1
368 750 1
368 1450 1
368 1503 1
368 1564 1
369 407 1
369 835 1
370 505 1
370 534 1
370 538 1
370 732 1
370 762 1
370 807 1
370 1430 1
370 1485 1
371 868 1
371 1386 1
371 1430 1
372 552 1
372 797 1
372 840 1
372 1159 1
372 1462 1
372 1463 1
372 1487 1
372 1524 1
373 546 1
373 1017 1
373 1299 1
373 1545 1
374 1093 1
374 1128 1
374 1237 1
374 1440 1
375 549 1
375 800 1
376 522 1
376 528 1
376 845 1
376 1043 1
376 1115 1
376 1167 1
376 1216 1
377 471 1
378 436 1
378 488 1
378 654 1
378 710 1
378 968 1
378 1011 1
379 518 1
379 644 1
379 813 1
379 867 1
379 1051 1
379 1057 1
379 1219 1
380 411 1
380 618 1
380 1253 1
381 386 1
381 418 1
381 462 1
381 475 1
381 536 1
381 572 1
381 763 1
381 781 1
381 795 1
381 1066 1
381 1522 1
381 1532 1
382 974 1
382 1120 1
382 1230 1
382 1310 1
383 532 1
383 1518 1
384 389 1
384 662 1
384 769 1
384 1127 1
385 887 1
385 912 1
385 1243 1
385 1262 1
385 1563 1
386 1132 1
387 841 1
387 1199 1
388 697 1
388 733 1
388 992 1
388 1090 1
388 1287 1
388 1436 1
389 678 1
389 983 1
389 1180 1
389 1540 1
389 1572 1
390 764 1
390 921 1
390 1397 1
391 468 1
391 506 1
391 625 1
391 703 1
391 733 1
391 1226 1
391 1553 1
392 1055 1
393 432 1
393 477 1
393 1119 1
394 1313 1
394 1340 1
395 399 1
395 514 1
395 688 1
395 737 1
395 997 1
395 1071 1
395 1084 1
395 1244 1
395 1446 1
395 1461 1
395 1538 1
396 399 1
396 570 1
396 630 1
396 673 1
396 982 1
396 997 1
396 1060 1
396 1162 1
396 1332 1
398 432 1
398 513 1
398 629 1
398 1066 1
398 1122 1
398 1393 1
399 1014 1
399 1260 1
399 1408 1
400 1342 1
401 514 1
401 608 1
401 659 1
401 1062 1
401 1293 1
401 1353 1
402 958 1
402 1350 1
403 711 1
404 578 1
404 592 1
405 627 1
405 1037 1
405 1068 1
405 1142 1
405 1254 1
406 496 1
406 566 1
406 1293 1
406 1323 1
406 1445 1
407 541 1
407 857 1
407 1377 1
408 414 1
408 588 1
408 1059 1
408 1380 1
408 1542 1
409 468 1
409 567 1
409 1092 1
409 1256 1
409 1516 1
410 653 1
410 807 1
410 925 1
410 939 1
410 966 1
410 1017 1
410 1123 1
411 610 1
411 754 1
411 886 1
411 1021 1
411 1477 1
411 1556 1
412 564 1
412 809 1
412 1466 1
413 417 1
413 440 1
413 530 1
413 548 1
413 672 1
413 834 1
413 1040 1
413 1085 1
413 1106 1
413 1129 1
413 1268 1
413 1513 1
414 678 1
414 1506 1
415 758 1
415 802 1
415 1282 1
417 1506 1
417 1520 1
418 518 1
418 596 1
418 679 1
418 894 1
418 1257 1
418 1404 1
419 602 1
419 705 1
419 900 1
419 1141 1
419 1204 1
420 556 1
420 768 1
420 1185 1
420 1277 1
421 555 1
421 652 1
421 690 1
421 781 1
421 882 1
421 1016 1
421 1279 1
421 1585 1
421 1590 1
422 511 1
422 530 1
422 592 1
422 1347 1
424 1262 1
424 1395 1
424 1407 1
425 501 1
425 607 1
425 616 1
425 642 1
425 704 1
425 1109 1
425 1125 1
425 1304 1
426 554 1
426 818 1
426 890 1
426 1272 1
426 1299 1
427 1533 1
428 501 1
428 551 1
428 801 1
428 862 1
428 1001 1
428 1548 1
429 471 1
429 561 1
429 590 1
429 623 1
429 1019 1
429 1050 1
429 1431 1
429 1525 1
430 450 1
430 477 1
430 494 1
430 940 1
430 1222 1
430 1380 1
430 1441 1
430 1462 1
430 1505 1
431 789 1
432 1196 1
433 668 1
433 1216 1
433 1408 1
433 1517 1
433 1536 1
434 505 1
434 721 1
434 810 1
434 913 1
434 960 1
434 985 1
434 1000 1
434 1006 1
434 1255 1
434 1442 1
434 1589 1
435 448 1
435 1087 1
435 1505 1
436 569 1
436 828 1
436 1027 1
437 494 1
437 495 1
437 502 1
437 520 1
437 1065 1
437 1420 1
437 1455 1
438 453 1
438 1015 1
439 1269 1
440 578 1
440 968 1
440 1087 1
441 1208 1
441 1446 1
442 637 1
442 847 1
442 956 1
442 962 1
442 1385 1
443 853 1
443 860 1
444 552 1
444 763 1
444 835 1
444 878 1
444 881 1
444 1223 1
445 480 1
445 504 1
445 606 1
445 841 1
445 945 1
445 1023 1
445 1113 1
445 1266 1
445 1546 1
445 1599 1
446 1184 1
446 1592 1
447 538 1
447 550 1
447 1253 1
447 1347 1
447 1419 1
449 457 1
449 691 1
449 722 1
449 790 1
449 869 1
449 1047 1
449 1373 1
449 1475 1
450 715 1
450 1577 1
451 1071 1
451 1225 1
451 1287 1
451 1407 1
452 946 1
452 1560 1
453 461 1
453 889 1
453 923 1
453 1271 1
453 1419 1
454 532 1
454 694 1
454 786 1
454 851 1
454 1444 1
454 1535 1
455 674 1
455 903 1
455 1073 1
455 1183 1
457 571 1
457 582 1
457 779 1
457 784 1
457 999 1
457 1245 1
457 1267 1
457 1404 1
457 1405 1
458 474 1
458 651 1
458 674 1
458 1529 1
459 483 1
459 501 1
459 609 1
459 676 1
459 744 1
459 890 1
460 617 1
460 772 1
460 1203 1
461 1126 1
461 1152 1
461 1170 1
462 842 1
462 1422 1
462 1488 1
462 1569 1
462 1587 1
463 706 1
463 1261 1
463 1321 1
463 1450 1
464 1187 1
465 693 1
465 1350 1
465 1501 1
466 497 1
466 568 1
466 1290 1
466 1309 1
467 1281 1
469 1113 1
469 1156 1
469 1341 1
469 1388 1
470 712 1
470 1392 1
471 598 1
471 887 1
471 1275 1
473 650 1
473 884 1
473 971 1
473 1310 1
473 1433 1
474 948 1
475 575 1
475 1133 1
475 1379 1
476 480 1
476 601 1
476 757 1
476 1008 1
476 1425 1
477 489 1
478 497 1
478 628 1
478 703 1
478 716 1
478 908 1
478 1221 1
478 1487 1
478 1515 1
478 1568 1
480 717 1
480 865 1
480 874 1
480 1009 1
481 827 1
481 959 1
481 1528 1
482 579 1
482 836 1
482 1048 1
482 1174 1
482 1322 1
482 1371 1
482 1421 1
483 1512 1
484 491 1
484 699 1
484 705 1
484 801 1
484 1221 1
485 512 1
485 540 1
485 588 1
485 1410 1
485 1502 1
485 1563 1
486 1100 1
487 580 1
487 681 1
487 788 1
487 799 1
487 806 1
487 808 1
487 937 1
487 1287 1
487 1366 1
487 1372 1
488 756 1
488 820 1
488 919 1
488 1125 1
488 1278 1
488 1335 1
489 893 1
490 849 1
492 546 1
492 682 1
492 704 1
492 866 1
492 1095 1
492 1206 1
492 1219 1
492 1372 1
494 1022 1
494 1268 1
496 648 1
496 1139 1
497 911 1
497 947 1
497 1232 1
497 1302 1
498 1164 1
499 1197 1
499 1352 1
499 1537 1
499 1544 1
500 829 1
500 1053 1
501 572 1
501 681 1
501 695 1
501 862 1
501 1147 1
501 1327 1
502 618 1
502 693 1
502 1270 1
502 1479 1
503 1363 1
503 1457 1
503 1458 1
504 690 1
505 536 1
505 739 1
505 1006 1
505 1036 1
505 1294 1
505 1310 1
507 1086 1
507 1229 1
508 533 1
508 609 1
508 666 1
508 957 1
508 966 1
508 990 1
508 1110 1
508 1158 1
509 828 1
509 881 1
509 1025 1
509 1145 1
509 1390 1
512 537 1
512 1281 1
512 1371 1
514 537 1
514 944 1
515 608 1
515 909 1
516 553 1
516 931 1
516 1014 1
518 594 1
518 813 1
518 857 1
518 928 1
518 1304 1
518 1414 1
518 1538 1
519 673 1
520 574 1
520 656 1
520 744 1
520 819 1
520 1094 1
520 1106 1
521 1002 1
521 1194 1
522 948 1
522 1104 1
522 1175 1
522 1427 1
522 1563 1
523 630 1
523 670 1
523 684 1
524 655 1
524 864 1
524 1007 1
524 1042 1
524 1382 1
524 1425 1
524 1545 1
525 547 1
525 898 1
525 1098 1
525 1306 1
528 944 1
528 1033 1
528 1324 1
528 1560 1
529 1448 1
531 571 1
531 726 1
531 1024 1
531 1416 1
531 1433 1
531 1475 1
532 911 1
532 1005 1
532 1009 1
532 1041 1
532 1082 1
533 550 1
533 1555 1
534 542 1
534 599 1
534 808 1
534 936 1
535 570 1
536 687 1
536 719 1
536 1305 1
536 1376 1
537 1282 1
537 1421 1
538 1439 1
539 837 1
539 935 1
541 1410 1
542 1443 1
544 665 1
544 790 1
544 1021 1
545 1264 1
546 587 1
546 817 1
546 956 1
546 1133 1
546 1152 1
546 1554 1
548 576 1
548 640 1
548 778 1
548 784 1
548 941 1
548 1198 1
549 1231 1
549 1303 1
550 790 1
550 878 1
550 1118 1
551 560 1
551 587 1
551 630 1
551 666 1
551 717 1
551 853 1
551 1342 1
551 1511 1
553 748 1
553 1116 1
554 719 1
554 767 1
554 865 1
556 722 1
556 780 1
556 837 1
557 562 1
557 595 1
557 1110 1
557 1553 1
558 602 1
558 604 1
558 649 1
558 1551 1
559 572 1
560 646 1
560 846 1
560 1418 1
561 883 1
562 800 1
562 1486 1
562 1500 1
562 1564 1
565 667 1
565 983 1
565 1021 1
566 638 1
566 1216 1
566 1377 1
566 1402 1
567 604 1
567 1035 1
567 1196 1
569 1251 1
569 1438 1
570 1338 1
570 1447 1
571 674 1
571 1222 1
571 1241 1
571 1312 1
572 716 1
572 1171 1
573 825 1
573 922 1
573 1494 1
574 1251 1
574 1555 1
575 745 1
576 634 1
576 1231 1
577 1259 1
577 1570 1
578 1058 1
578 1332 1
578 1357 1
578 1512 1
580 591 1
580 645 1
580 854 1
580 935 1
580 1130 1
581 928 1
581 1465 1
581 1518 1
582 631 1
582 1014 1
582 1046 1
582 1079 1
582 1121 1
583 632 1
584 693 1
584 773 1
585 1033 1
587 696 1
587 740 1
587 1200 1
587 1338 1
587 1364 1
588 853 1
589 855 1
589 889 1
589 989 1
590 833 1
590 1388 1
590 1504 1
591 814 1
591 1159 1
592 627 1
592 1323 1
592 1399 1
594 765 1
594 788 1
594 1039 1
594 1374 1
595 991 1
595 1315 1
596 598 1
596 717 1
596 1344 1
597 1028 1
597 1114 1
597 1237 1
598 654 1
598 775 1
598 1037 1
598 1536 1
600 737 1
600 880 1
600 1151 1
600 1237 1
600 1338 1
601 808 1
601 1183 1
602 620 1
602 700 1
604 783 1
604 1077 1
605 1127 1
605 1154 1
605 1201 1
605 1305 1
605 1391 1
606 718 1
606 1483 1
606 1519 1
607 915 1
607 1551 1
608 926 1
608 994 1
609 1490 1
611 615 1
611 647 1
611 769 1
611 1094 1
612 647 1
612 1037 1
612 1359 1
613 888 1
613 994 1
614 750 1
614 854 1
614 962 1
614 1277 1
614 1374 1
615 1012 1
615 1272 1
616 758 1
616 886 1
616 1331 1
616 1378 1
617 726 1
617 1300 1
618 1012 1
618 1210 1
618 1273 1
618 1578 1
619 955 1
620 728 1
620 738 1
620 899 1
620 1116 1
620 1600 1
621 1415 1
622 709 1
622 989 1
622 1325 1
622 1501 1
623 1083 1
624 761 1
624 1153 1
626 692 1
626 725 1
626 1114 1
626 1196 1
626 1530 1
627 954 1
627 989 1
627 1287 1
628 634 1
628 811 1
630 1169 1
630 1170 1
631 1314 1
631 1443 1
632 735 1
632 793 1
632 1445 1
633 1498 1
634 923 1
634 1128 1
634 1142 1
635 921 1
636 688 1
636 1259 1
637 1025 1
637 1277 1
638 716 1
638 1448 1
638 1559 1
639 713 1
639 873 1
639 1063 1
639 1561 1
641 1114 1
641 1454 1
643 894 1
644 713 1
644 749 1
644 953 1
645 668 1
645 1086 1
645 1130 1
645 1238 1
645 1401 1
645 1561 1
646 838 1
646 845 1
646 1271 1
646 1355 1
647 679 1
647 907 1
647 1010 1
647 1096 1
647 1415 1
648 753 1
648 1378 1
650 833 1
650 875 1
650 884 1
650 937 1
650 1072 1
650 1493 1
651 766 1
651 942 1
651 1266 1
652 722 1
652 785 1
652 811 1
653 840 1
653 907 1
653 1210 1
653 1425 1
653 1434 1
654 767 1
654 961 1
654 1036 1
655 1541 1
655 1593 1
656 942 1
656 1292 1
657 1104 1
658 684 1
658 914 1
658 978 1
658 1394 1
658 1568 1
659 1048 1
660 945 1
661 670 1
661 933 1
662 1359 1
662 1476 1
663 1019 1
663 1519 1
666 805 1
666 1070 1
666 1071 1
666 1429 1
666 1597 1
668 902 1
668 969 1
668 1131 1
668 1132 1
668 1517 1
669 1328 1
670 745 1
670 1507 1
671 1101 1
671 1248 1
671 1275 1
671 1313 1
673 880 1
674 1312 1
675 866 1
675 936 1
675 1061 1
675 1431 1
676 1009 1
678 708 1
678 869 1
678 889 1
679 885 1
680 868 1
680 1289 1
681 837 1
681 1082 1
681 1262 1
681 1307 1
682 905 1
682 1594 1
683 1017 1
683 1335 1
683 1474 1
684 829 1
685 747 1
685 1348 1
685 1400 1
685 1432 1
688 1388 1
690 698 1
690 1004 1
690 1138 1
690 1435 1
692 713 1
692 725 1
692 1259 1
692 1421 1
692 1522 1
693 743 1
693 977 1
693 1111 1
693 1159 1
694 909 1
694 1180 1
694 1535 1
696 720 1
696 787 1
696 869 1
696 1228 1
697 863 1
698 748 1
698 943 1
698 975 1
699 735 1
699 1164 1
700 1581 1
702 876 1
703 715 1
704 873 1
704 1105 1
705 977 1
705 1040 1
706 745 1
706 762 1
706 775 1
706 811 1
706 1461 1
707 1335 1
708 802 1
708 941 1
708 1181 1
709 737 1
709 849 1
711 1048 1
711 1083 1
711 1359 1
712 806 1
712 823 1
712 1252 1
712 1283 1
713 862 1
713 1309 1
714 803 1
714 804 1
714 848 1
715 744 1
715 823 1
716 1005 1
717 874 1
717 968 1
717 1092 1
717 1202 1
717 1395 1
718 1324 1
718 1491 1
718 1563 1
719 735 1
719 1315 1
720 879 1
721 791 1
721 1009 1
721 1457 1
723 844 1
723 1147 1
723 1158 1
724 1035 1
724 1063 1
724 1149 1
724 1236 1
725 1112 1
725 1530 1
726 741 1
726 752 1
727 905 1
727 1012 1
727 1538 1
728 740 1
728 863 1
730 1031 1
730 1085 1
730 1192 1
730 1219 1
730 1384 1
731 1056 1
731 1236 1
732 742 1
732 1330 1
733 1301 1
733 1402 1
733 1403 1
734 871 1
734 938 1
734 1034 1
734 1322 1
734 1571 1
737 1145 1
737 1361 1
739 810 1
739 811 1
739 1078 1
739 1332 1
739 1508 1
741 876 1
741 1240 1
741 1482 1
742 927 1
745 973 1
746 872 1
746 964 1
746 1178 1
746 1185 1
746 1580 1
747 897 1
747 1103 1
747 1444 1
748 1367 1
748 1391 1
749 1399 1
750 897 1
750 1070 1
750 1541 1
751 993 1
752 1033 1
753 1072 1
754 886 1
756 1088 1
756 1459 1
757 919 1
757 1193 1
757 1367 1
758 802 1
758 1451 1
761 922 1
761 966 1
762 783 1
762 827 1
762 984 1
762 1023 1
762 1191 1
762 1286 1
762 1320 1
762 1407 1
763 891 1
763 945 1
764 1227 1
764 1582 1
765 982 1
765 1392 1
766 970 1
766 1360 1
766 1550 1
767 918 1
767 1161 1
768 815 1
768 1041 1
769 813 1
769 1439 1
770 987 1
771 1156 1
771 1541 1
773 806 1
773 920 1
773 952 1
773 1064 1
775 963 1
775 1190 1
775 1449 1
775 1473 1
777 842 1
777 1479 1
777 1516 1
779 1171 1
779 1356 1
779 1491 1
780 799 1
780 960 1
780 967 1
780 1399 1
780 1433 1
782 804 1
785 1564 1
786 924 1
786 1175 1
786 1490 1
787 941 1
787 1468 1
788 1315 1
789 1301 1
790 883 1
790 1500 1
792 839 1
792 1089 1
792 1441 1
793 901 1
794 812 1
794 1099 1
795 1013 1
796 1003 1
796 1117 1
797 933 1
797 1144 1
797 1485 1
798 807 1
798 817 1
799 1020 1
800 1053 1
800 1522 1
801 1054 1
801 1169 1
801 1323 1
801 1369 1
802 1221 1
803 1102 1
804 1562 1
805 1192 1
805 1318 1
805 1487 1
807 858 1
809 927 1
809 957 1
809 1006 1
809 1344 1
809 1424 1
810 1186 1
812 1136 1
814 910 1
814 1026 1
814 1112 1
815 1076 1
816 1080 1
816 1199 1
817 1453 1
819 951 1
820 1594 1
821 1141 1
822 1456 1
822 1536 1
823 923 1
824 950 1
824 1193 1
825 1129 1
827 984 1
827 1001 1
827 1191 1
827 1382 1
829 1256 1
829 1312 1
830 915 1
830 1154 1
830 1376 1
833 920 1
833 1428 1
833 1452 1
834 851 1
834 953 1
834 1191 1
835 910 1
835 1103 1
835 1347 1
836 1587 1
837 854 1
837 1096 1
837 1595 1
839 901 1
839 1185 1
843 1318 1
843 1405 1
843 1592 1
844 885 1
845 1143 1
846 987 1
849 1077 1
849 1172 1
850 962 1
850 1044 1
850 1393 1
852 965 1
854 922 1
854 1088 1
854 1114 1
854 1352 1
854 1595 1
855 1203 1
856 1416 1
857 1111 1
858 1155 1
858 1163 1
860 1229 1
860 1236 1
861 1491 1
862 1050 1
865 1408 1
865 1489 1
866 916 1
866 1571 1
867 1160 1
868 877 1
869 997 1
870 946 1
870 1169 1
870 1499 1
871 907 1
871 1183 1
873 1255 1
873 1405 1
873 1527 1
873 1572 1
874 958 1
874 1106 1
874 1239 1
876 1413 1
878 901 1
878 1043 1
882 1543 1
883 931 1
883 1480 1
885 1445 1
889 898 1
889 1107 1
889 1129 1
890 1000 1
891 945 1
891 1139 1
891 1326 1
893 1296 1
894 1193 1
895 1008 1
895 1322 1
895 1545 1
897 941 1
898 908 1
899 1059 1
899 1212 1
900 1325 1
900 1455 1
901 1417 1
903 1020 1
903 1543 1
905 980 1
906 1201 1
906 1213 1
907 914 1
907 1104 1
907 1511 1
908 948 1
908 1118 1
909 973 1
909 1392 1
910 1450 1
911 1244 1
911 1273 1
912 1122 1
913 1284 1
913 1376 1
914 1032 1
915 962 1
915 985 1
915 1084 1
915 1101 1
917 1297 1
919 1176 1
919 1522 1
921 1332 1
921 1383 1
922 1059 1
922 1095 1
924 1250 1
927 1251 1
927 1499 1
928 1077 1
930 1107 1
930 1249 1
931 1054 1
931 1141 1
932 1191 1
932 1340 1
932 1532 1
933 949 1
933 1161 1
933 1290 1
934 950 1
935 1058 1
936 986 1
936 1437 1
937 982 1
938 972 1
939 1123 1
939 1584 1
941 1166 1
941 1593 1
946 1352 1
947 1327 1
948 1093 1
951 1599 1
952 1057 1
954 1172 1
955 1397 1
955 1513 1
955 1583 1
956 1067 1
957 1248 1
959 998 1
961 1504 1
962 1337 1
963 1383 1
965 984 1
966 1158 1
969 1279 1
970 1076 1
970 1413 1
972 1087 1
974 1062 1
974 1235 1
974 1269 1
980 1013 1
982 1270 1
983 1023 1
983 1261 1
983 1412 1
985 1134 1
985 1453 1
986 1566 1
988 1176 1
990 1167 1
990 1484 1
990 1555 1
991 1509 1
993 1266 1
993 1280 1
994 1282 1
995 1502 1
995 1567 1
998 1375 1
1000 1511 1
1001 1146 1
1003 1060 1
1003 1288 1
1004 1576 1
1005 1421 1
1006 1166 1
1006 1505 1
1007 1042 1
1007 1094 1
1009 1248 1
1009 1319 1
1011 1042 1
1013 1096 1
1013 1351 1
1013 1403 1
1014 1597 1
1016 1584 1
1018 1246 1
1019 1090 1
1019 1510 1
1020 1470 1
1020 1523 1
1022 1153 1
1024 1189 1
1025 1599 1
1026 1264 1
1026 1382 1
1026 1386 1
1028 1467 1
1029 1377 1
1033 1556 1
1035 1036 1
1035 1160 1
1035 1165 1
1035 1511 1
1035 1564 1
1035 1588 1
1039 1142 1
1039 1295 1
1039 1456 1
1041 1161 1
1043 1224 1
1044 1168 1
1046 1474 1
1049 1108 1
1049 1380 1
1050 1202 1
1052 1207 1
1054 1169 1
1055 1107 1
1055 1345 1
1059 1297 1
1059 1435 1
1060 1562 1
1062 1514 1
1063 1465 1
1064 1073 1
1064 1495 1
1065 1168 1
1065 1214 1
1065 1267 1
1067 1157 1
1068 1329 1
1072 1354 1
1072 1582 1
1075 1181 1
1075 1523 1
1076 1177 1
1076 1208 1
1076 1284 1
1076 1438 1
1076 1480 1
1080 1214 1
1081 1179 1
1086 1142 1
1088 1385 1
1091 1353 1
1092 1369 1
1092 1435 1
1092 1535 1
1093 1304 1
1094 1227 1
1095 1256 1
1095 1276 1
1095 1489 1
1097 1316 1
1097 1494 1
1099 1297 1
1099 1302 1
1099 1303 1
1100 1353 1
1100 1370 1
1101 1554 1
1102 1178 1
1102 1246 1
1102 1574 1
1103 1274 1
1104 1126 1
1105 1547 1
1106 1132 1
1108 1129 1
1108 1276 1
1109 1122 1
1109 1223 1
1112 1348 1
1113 1201 1
1113 1341 1
1115 1370 1
1118 1329 1
1118 1474 1
1120 1388 1
1121 1299 1
1121 1317 1
1122 1260 1
1122 1567 1
1125 1468 1
1126 1157 1
1127 1510 1
1129 1295 1
1129 1578 1
1132 1137 1
1133 1560 1
1137 1148 1
1137 1501 1
1137 1521 1
1139 1247 1
1144 1593 1
1147 1508 1
1148 1349 1
1149 1309 1
1149 1382 1
1150 1591 1
1154 1289 1
1154 1537 1
1158 1351 1
1160 1568 1
1162 1195 1
1162 1206 1
1164 1467 1
1165 1208 1
1166 1266 1
1166 1416 1
1167 1229 1
1167 1574 1
1167 1577 1
1169 1499 1
1171 1396 1
1173 1328 1
1177 1383 1
1179 1280 1
1180 1538 1
1182 1268 1
1182 1288 1
1187 1195 1
1191 1386 1
1192 1449 1
1192 1470 1
1192 1523 1
1199 1450 1
1200 1245 1
1201 1449 1
1202 1454 1
1206 1230 1
1207 1292 1
1209 1212 1
1213 1515 1
1215 1434 1
1217 1252 1
1218 1492 1
1218 1521 1
1218 1539 1
1218 1576 1
1222 1377 1
1223 1306 1
1223 1546 1
1223 1548 1
1224 1572 1
1225 1254 1
1232 1540 1
1233 1303 1
1235 1544 1
1239 1491 1
1242 1296 1
1244 1340 1
1244 1532 1
1245 1580 1
1247 1297 1
1249 1462 1
1251 1438 1
1253 1573 1
1257 1443 1
1260 1381 1
1260 1496 1
1262 1369 1
1264 1333 1
1265 1290 1
1268 1314 1
1269 1447 1
1269 1552 1
1270 1398 1
1271 1345 1
1271 1384 1
1272 1475 1
1272 1579 1
1273 1418 1
1275 1549 1
1276 1497 1
1283 1301 1
1283 1467 1
1287 1472 1
1288 1363 1
1288 1446 1
1288 1506 1
1289 1400 1
1290 1354 1
1301 1500 1
1305 1556 1
1309 1537 1
1312 1330 1
1314 1460 1
1314 1534 1
1317 1437 1
1317 1459 1
1319 1547 1
1321 1566 1
1322 1555 1
1322 1571 1
1323 1349 1
1332 1442 1
1336 1417 1
1338 1576 1
1342 1548 1
1348 1422 1
1350 1400 1
1354 1466 1
1354 1594 1
1375 1534 1
1379 1415 1
1381 1503 1
1382 1426 1
1384 1498 1
1387 1542 1
1390 1478 1
1397 1566 1
1401 1419 1
1406 1414 1
1407 1471 1
1409 1588 1
1410 1438 1
1412 1524 1
1420 1473 1
1431 1481 1
1433 1525 1
1438 1439 1
1440 1444 1
1440 1488 1
1441 1506 1
1446 1449 1
1459 1496 1
1462 1493 1
1463 1595 1
1469 1583 1
1473 1478 1
1475 1496 1
1482 1559 1
1488 1587 1
1488 1596 1
1489 1490 1
1489 1552 1
1491 1498 1
1502 1567 1
1504 1521 1
1512 1529 1
1530 1567 1
1544 1569 1
1564 1588 1
1564 1594 1
1576 1589 1
1577 1597 1
