200 783 
1 5 1
1 6 1
1 7 1
1 8 1
1 9 1
1 10 1
1 12 1
1 15 1
1 16 1
1 24 1
1 25 1
1 33 1
1 34 1
1 37 1
1 39 1
1 42 1
1 59 1
1 69 1
1 72 1
1 78 1
1 98 1
1 108 1
1 110 1
1 126 1
1 151 1
1 166 1
1 167 1
1 188 1
2 5 1
2 6 1
2 8 1
2 9 1
2 14 1
2 19 1
2 28 1
2 31 1
2 35 1
2 40 1
2 45 1
2 49 1
2 71 1
2 80 1
2 95 1
2 100 1
2 109 1
2 119 1
2 138 1
2 156 1
2 179 1
3 5 1
3 6 1
3 8 1
3 15 1
3 24 1
3 28 1
3 30 1
3 34 1
3 39 1
3 61 1
3 83 1
3 86 1
3 97 1
3 116 1
3 139 1
3 148 1
3 155 1
3 191 1
4 5 1
4 7 1
4 10 1
4 11 1
4 13 1
4 18 1
4 20 1
4 27 1
4 29 1
4 33 1
4 35 1
4 52 1
4 57 1
4 65 1
4 88 1
4 91 1
4 92 1
4 93 1
4 105 1
4 109 1
4 115 1
4 152 1
4 186 1
5 6 1
5 7 1
5 8 1
5 9 1
5 11 1
5 13 1
5 14 1
5 16 1
5 17 1
5 18 1
5 19 1
5 20 1
5 21 1
5 22 1
5 26 1
5 33 1
5 36 1
5 37 1
5 41 1
5 44 1
5 45 1
5 46 1
5 53 1
5 65 1
5 67 1
5 76 1
5 78 1
5 85 1
5 87 1
5 95 1
5 102 1
5 109 1
5 120 1
5 121 1
5 127 1
5 138 1
5 143 1
5 146 1
5 147 1
5 150 1
5 157 1
5 159 1
5 167 1
5 173 1
5 175 1
5 176 1
6 7 1
6 10 1
6 11 1
6 13 1
6 15 1
6 19 1
6 21 1
6 23 1
6 30 1
6 34 1
6 39 1
6 48 1
6 55 1
6 56 1
6 57 1
6 66 1
6 67 1
6 70 1
6 76 1
6 77 1
6 78 1
6 82 1
6 84 1
6 87 1
6 101 1
6 102 1
6 121 1
6 122 1
6 123 1
6 133 1
6 156 1
6 162 1
6 175 1
6 180 1
6 181 1
6 197 1
7 11 1
7 12 1
7 16 1
7 18 1
7 20 1
7 27 1
7 29 1
7 50 1
7 51 1
7 70 1
7 71 1
7 72 1
7 75 1
7 94 1
7 107 1
7 115 1
7 125 1
7 127 1
7 150 1
7 165 1
7 182 1
7 185 1
8 9 1
8 10 1
8 16 1
8 23 1
8 31 1
8 32 1
8 34 1
8 48 1
8 51 1
8 54 1
8 55 1
8 58 1
8 64 1
8 88 1
8 105 1
8 112 1
8 114 1
8 118 1
8 119 1
8 128 1
8 157 1
8 160 1
8 177 1
8 187 1
9 12 1
9 17 1
9 22 1
9 26 1
9 28 1
9 30 1
9 36 1
9 42 1
9 47 1
9 54 1
9 63 1
9 64 1
9 79 1
9 80 1
9 85 1
9 102 1
9 113 1
9 125 1
9 139 1
9 147 1
9 162 1
10 12 1
10 14 1
10 19 1
10 23 1
10 25 1
10 37 1
10 41 1
10 45 1
10 46 1
10 47 1
10 50 1
10 58 1
10 61 1
10 62 1
10 74 1
10 82 1
10 83 1
10 89 1
10 90 1
10 113 1
10 115 1
10 119 1
10 123 1
10 127 1
10 135 1
10 140 1
10 143 1
10 180 1
10 182 1
10 196 1
10 199 1
11 13 1
11 14 1
11 15 1
11 23 1
11 33 1
11 44 1
11 52 1
11 64 1
11 103 1
11 133 1
11 134 1
11 154 1
11 160 1
12 17 1
12 55 1
12 67 1
12 80 1
12 95 1
12 104 1
12 107 1
12 110 1
12 127 1
12 131 1
12 184 1
13 22 1
13 35 1
13 53 1
13 91 1
13 145 1
13 179 1
14 17 1
14 25 1
14 30 1
14 38 1
14 48 1
14 62 1
14 73 1
14 99 1
14 105 1
14 117 1
14 120 1
14 130 1
14 153 1
14 165 1
14 169 1
14 192 1
14 197 1
15 44 1
15 59 1
15 62 1
15 67 1
15 111 1
15 119 1
15 163 1
15 171 1
15 184 1
16 18 1
16 21 1
16 25 1
16 26 1
16 32 1
16 52 1
16 62 1
16 64 1
16 91 1
16 97 1
16 106 1
16 117 1
16 121 1
16 130 1
16 145 1
16 156 1
16 170 1
16 184 1
16 191 1
16 199 1
17 31 1
17 36 1
17 58 1
17 101 1
18 22 1
18 24 1
18 26 1
18 38 1
18 43 1
18 44 1
18 47 1
18 77 1
18 78 1
18 84 1
18 116 1
18 122 1
18 123 1
18 137 1
18 152 1
18 159 1
18 164 1
18 169 1
18 191 1
19 20 1
19 53 1
19 68 1
20 21 1
20 39 1
20 41 1
20 48 1
20 49 1
20 54 1
20 57 1
20 75 1
20 85 1
20 112 1
20 171 1
20 178 1
20 184 1
21 24 1
21 70 1
21 86 1
21 90 1
21 96 1
21 128 1
21 131 1
21 132 1
21 133 1
21 166 1
21 170 1
21 171 1
22 51 1
22 56 1
22 71 1
22 83 1
22 183 1
23 27 1
23 47 1
23 53 1
23 70 1
23 79 1
23 110 1
24 40 1
24 57 1
24 107 1
25 27 1
25 31 1
25 32 1
25 43 1
25 59 1
25 69 1
25 74 1
25 75 1
25 77 1
25 81 1
25 82 1
25 124 1
25 131 1
25 173 1
26 28 1
26 29 1
26 36 1
26 40 1
26 46 1
26 66 1
26 89 1
26 122 1
26 135 1
26 157 1
26 158 1
26 161 1
26 187 1
27 29 1
27 32 1
27 43 1
27 50 1
27 55 1
27 63 1
27 65 1
27 68 1
27 74 1
27 103 1
27 108 1
27 129 1
27 136 1
27 159 1
27 174 1
27 185 1
27 193 1
27 194 1
28 35 1
28 41 1
28 79 1
28 82 1
28 84 1
28 99 1
28 144 1
28 150 1
28 151 1
28 174 1
28 176 1
29 72 1
29 135 1
29 156 1
30 63 1
30 87 1
30 126 1
30 153 1
30 199 1
31 88 1
31 110 1
31 182 1
31 188 1
32 38 1
32 40 1
32 45 1
32 69 1
32 80 1
32 81 1
32 101 1
32 116 1
32 118 1
32 131 1
32 132 1
32 148 1
32 195 1
33 42 1
33 46 1
33 58 1
33 60 1
33 74 1
33 128 1
33 143 1
33 146 1
33 149 1
33 165 1
33 166 1
33 180 1
33 181 1
33 193 1
33 194 1
34 49 1
34 61 1
34 71 1
34 91 1
34 94 1
34 125 1
34 134 1
34 146 1
34 154 1
34 175 1
35 37 1
35 43 1
35 61 1
35 73 1
35 85 1
35 95 1
35 113 1
35 115 1
35 148 1
35 200 1
36 38 1
36 65 1
36 96 1
36 102 1
36 106 1
36 113 1
36 178 1
36 183 1
37 51 1
37 93 1
37 149 1
37 173 1
37 195 1
37 200 1
38 56 1
38 111 1
38 138 1
38 146 1
38 151 1
38 197 1
39 83 1
39 104 1
39 185 1
40 49 1
40 94 1
41 42 1
41 54 1
41 79 1
41 108 1
41 109 1
41 161 1
42 60 1
43 52 1
43 69 1
43 100 1
43 106 1
43 158 1
43 162 1
43 179 1
44 124 1
45 81 1
45 121 1
45 136 1
45 137 1
45 144 1
45 178 1
46 117 1
47 60 1
47 141 1
47 149 1
48 50 1
48 66 1
48 168 1
49 63 1
49 68 1
50 129 1
51 60 1
51 87 1
51 106 1
51 139 1
52 73 1
52 76 1
52 97 1
52 118 1
52 125 1
53 134 1
54 56 1
54 68 1
54 132 1
54 152 1
54 158 1
55 94 1
56 59 1
56 76 1
56 84 1
56 89 1
56 111 1
57 93 1
57 129 1
57 130 1
57 133 1
57 141 1
57 163 1
58 86 1
58 166 1
58 172 1
58 175 1
58 193 1
59 66 1
59 81 1
59 104 1
59 161 1
60 75 1
60 151 1
60 196 1
61 200 1
62 96 1
62 116 1
62 171 1
63 72 1
63 86 1
63 90 1
63 111 1
63 141 1
64 77 1
64 98 1
64 141 1
65 147 1
65 179 1
66 124 1
67 147 1
68 103 1
69 100 1
70 73 1
70 92 1
71 97 1
72 98 1
73 165 1
75 140 1
75 153 1
75 163 1
75 195 1
76 114 1
76 168 1
77 168 1
78 90 1
78 167 1
79 88 1
79 96 1
79 99 1
79 103 1
79 120 1
79 123 1
79 137 1
79 198 1
80 132 1
80 139 1
80 144 1
80 188 1
80 190 1
82 100 1
82 148 1
82 155 1
83 92 1
83 93 1
84 89 1
84 126 1
84 142 1
84 152 1
84 155 1
84 196 1
85 188 1
86 92 1
86 172 1
87 114 1
87 140 1
87 182 1
88 153 1
88 196 1
89 137 1
89 144 1
89 158 1
89 178 1
90 98 1
91 189 1
94 104 1
94 122 1
94 160 1
95 120 1
95 138 1
95 177 1
95 192 1
96 99 1
96 176 1
97 163 1
97 192 1
98 105 1
98 140 1
99 186 1
100 101 1
100 169 1
101 112 1
101 172 1
102 107 1
102 112 1
102 142 1
102 164 1
103 117 1
103 142 1
103 180 1
104 108 1
104 118 1
104 128 1
104 177 1
104 181 1
104 191 1
105 114 1
108 181 1
111 154 1
112 130 1
113 198 1
114 164 1
116 126 1
116 174 1
116 186 1
116 195 1
117 150 1
117 169 1
118 143 1
118 170 1
119 124 1
120 168 1
120 189 1
122 161 1
122 183 1
122 198 1
123 136 1
123 142 1
124 134 1
124 159 1
124 183 1
125 173 1
125 194 1
130 145 1
131 145 1
131 154 1
131 164 1
132 157 1
134 135 1
134 136 1
134 197 1
135 167 1
138 190 1
141 149 1
142 193 1
142 199 1
145 176 1
148 170 1
152 155 1
152 194 1
153 186 1
153 198 1
155 174 1
156 160 1
156 172 1
156 187 1
156 189 1
158 162 1
162 200 1
166 177 1
168 190 1
173 189 1
175 185 1
181 190 1
182 187 1
183 192 1
