600 2383 
1 5 1
1 6 1
1 7 1
1 8 1
1 72 1
1 93 1
1 100 1
1 135 1
1 141 1
1 145 1
1 159 1
1 170 1
1 322 1
2 5 1
2 6 1
2 8 1
2 12 1
2 13 1
2 14 1
2 27 1
2 28 1
2 30 1
2 35 1
2 49 1
2 54 1
2 62 1
2 63 1
2 65 1
2 77 1
2 78 1
2 87 1
2 141 1
2 200 1
2 206 1
2 219 1
2 254 1
2 262 1
2 266 1
2 271 1
2 273 1
2 286 1
2 299 1
2 313 1
2 323 1
2 336 1
2 391 1
2 429 1
2 437 1
2 449 1
2 476 1
2 486 1
2 495 1
2 499 1
2 508 1
2 548 1
3 5 1
3 7 1
3 22 1
3 35 1
3 64 1
3 108 1
3 115 1
3 134 1
3 373 1
3 424 1
3 544 1
4 5 1
4 6 1
4 9 1
4 10 1
4 11 1
4 15 1
4 16 1
4 19 1
4 21 1
4 25 1
4 29 1
4 30 1
4 48 1
4 63 1
4 69 1
4 74 1
4 86 1
4 88 1
4 101 1
4 104 1
4 105 1
4 115 1
4 120 1
4 123 1
4 171 1
4 173 1
4 178 1
4 204 1
4 210 1
4 222 1
4 232 1
4 303 1
4 325 1
4 330 1
4 338 1
4 344 1
4 400 1
4 401 1
4 430 1
4 439 1
4 454 1
4 489 1
4 505 1
4 591 1
4 600 1
5 6 1
5 7 1
5 8 1
5 9 1
5 11 1
5 13 1
5 14 1
5 17 1
5 18 1
5 19 1
5 22 1
5 23 1
5 24 1
5 26 1
5 32 1
5 33 1
5 36 1
5 37 1
5 39 1
5 45 1
5 46 1
5 51 1
5 57 1
5 79 1
5 86 1
5 87 1
5 98 1
5 113 1
5 118 1
5 120 1
5 130 1
5 148 1
5 176 1
5 179 1
5 188 1
5 202 1
5 218 1
5 236 1
5 247 1
5 257 1
5 284 1
5 291 1
5 322 1
5 340 1
5 342 1
5 366 1
5 373 1
5 375 1
5 388 1
5 434 1
5 501 1
5 506 1
5 517 1
5 566 1
5 577 1
5 586 1
5 596 1
6 7 1
6 8 1
6 9 1
6 10 1
6 12 1
6 13 1
6 15 1
6 17 1
6 24 1
6 26 1
6 54 1
6 55 1
6 56 1
6 67 1
6 82 1
6 83 1
6 99 1
6 127 1
6 135 1
6 136 1
6 138 1
6 151 1
6 155 1
6 201 1
6 213 1
6 224 1
6 227 1
6 230 1
6 412 1
6 536 1
6 584 1
6 595 1
6 596 1
7 9 1
7 10 1
7 13 1
7 14 1
7 15 1
7 16 1
7 17 1
7 19 1
7 20 1
7 21 1
7 25 1
7 27 1
7 29 1
7 33 1
7 34 1
7 37 1
7 38 1
7 39 1
7 44 1
7 49 1
7 50 1
7 51 1
7 53 1
7 55 1
7 57 1
7 58 1
7 69 1
7 72 1
7 74 1
7 76 1
7 104 1
7 111 1
7 113 1
7 115 1
7 128 1
7 136 1
7 151 1
7 171 1
7 173 1
7 176 1
7 179 1
7 185 1
7 189 1
7 209 1
7 212 1
7 221 1
7 237 1
7 238 1
7 296 1
7 308 1
7 315 1
7 333 1
7 334 1
7 345 1
7 346 1
7 347 1
7 371 1
7 386 1
7 403 1
7 455 1
7 463 1
7 483 1
7 512 1
7 522 1
7 525 1
7 550 1
7 551 1
7 564 1
7 577 1
7 595 1
8 12 1
8 16 1
8 17 1
8 20 1
8 21 1
8 22 1
8 23 1
8 31 1
8 45 1
8 46 1
8 50 1
8 52 1
8 54 1
8 55 1
8 64 1
8 66 1
8 71 1
8 72 1
8 76 1
8 82 1
8 93 1
8 98 1
8 112 1
8 118 1
8 121 1
8 131 1
8 134 1
8 144 1
8 158 1
8 160 1
8 167 1
8 169 1
8 174 1
8 199 1
8 231 1
8 239 1
8 255 1
8 263 1
8 267 1
8 271 1
8 321 1
8 327 1
8 345 1
8 361 1
8 389 1
8 391 1
8 410 1
8 415 1
8 420 1
8 447 1
8 453 1
8 458 1
8 491 1
8 526 1
9 10 1
9 11 1
9 24 1
9 33 1
9 38 1
9 47 1
9 51 1
9 62 1
9 69 1
9 92 1
9 98 1
9 104 1
9 159 1
9 184 1
9 205 1
9 243 1
9 256 1
9 343 1
9 354 1
9 370 1
9 421 1
9 497 1
9 552 1
10 11 1
10 12 1
10 18 1
10 23 1
10 29 1
10 32 1
10 34 1
10 37 1
10 40 1
10 78 1
10 79 1
10 81 1
10 84 1
10 89 1
10 91 1
10 92 1
10 119 1
10 123 1
10 152 1
10 162 1
10 173 1
10 184 1
10 210 1
10 232 1
10 233 1
10 239 1
10 247 1
10 319 1
10 321 1
10 334 1
10 346 1
10 382 1
10 395 1
10 402 1
10 418 1
10 430 1
10 435 1
10 444 1
10 472 1
10 473 1
10 475 1
10 480 1
10 501 1
10 512 1
10 536 1
10 596 1
10 597 1
11 15 1
11 19 1
11 26 1
11 41 1
11 43 1
11 45 1
11 88 1
11 110 1
11 112 1
11 114 1
11 153 1
11 170 1
11 214 1
11 228 1
11 248 1
11 252 1
11 260 1
11 266 1
11 276 1
11 280 1
11 310 1
11 313 1
11 331 1
11 345 1
11 470 1
11 475 1
11 497 1
11 556 1
11 561 1
11 586 1
12 70 1
12 117 1
12 169 1
12 218 1
12 395 1
12 591 1
13 14 1
13 18 1
13 23 1
13 28 1
13 32 1
13 40 1
13 50 1
13 52 1
13 60 1
13 63 1
13 76 1
13 77 1
13 78 1
13 91 1
13 125 1
13 142 1
13 152 1
13 167 1
13 185 1
13 192 1
13 199 1
13 202 1
13 212 1
13 220 1
13 224 1
13 226 1
13 235 1
13 239 1
13 242 1
13 251 1
13 258 1
13 282 1
13 284 1
13 295 1
13 299 1
13 314 1
13 328 1
13 354 1
13 355 1
13 365 1
13 392 1
13 427 1
13 446 1
13 448 1
13 449 1
13 485 1
13 486 1
13 490 1
13 495 1
13 504 1
13 523 1
13 524 1
13 538 1
13 555 1
13 558 1
13 568 1
13 587 1
14 24 1
14 28 1
14 36 1
14 49 1
14 61 1
14 84 1
14 98 1
14 143 1
14 172 1
14 179 1
14 197 1
14 200 1
14 222 1
14 252 1
14 277 1
14 291 1
14 331 1
14 363 1
14 371 1
14 390 1
14 439 1
14 443 1
15 16 1
15 20 1
15 27 1
15 30 1
15 36 1
15 38 1
15 48 1
15 66 1
15 70 1
15 85 1
15 91 1
15 107 1
15 111 1
15 132 1
15 142 1
15 194 1
15 215 1
15 219 1
15 231 1
15 232 1
15 236 1
15 251 1
15 275 1
15 280 1
15 346 1
15 349 1
15 360 1
15 361 1
15 369 1
15 374 1
15 413 1
15 462 1
15 463 1
15 524 1
15 578 1
16 18 1
16 56 1
16 59 1
16 85 1
16 100 1
16 109 1
16 192 1
16 194 1
16 209 1
16 226 1
16 251 1
16 511 1
16 580 1
16 585 1
17 21 1
17 42 1
17 43 1
17 44 1
17 51 1
17 53 1
17 65 1
17 66 1
17 73 1
17 77 1
17 95 1
17 97 1
17 105 1
17 116 1
17 119 1
17 130 1
17 134 1
17 163 1
17 165 1
17 177 1
17 184 1
17 194 1
17 205 1
17 242 1
17 243 1
17 244 1
17 258 1
17 259 1
17 264 1
17 271 1
17 283 1
17 297 1
17 304 1
17 311 1
17 312 1
17 348 1
17 420 1
17 447 1
17 462 1
17 478 1
17 480 1
17 492 1
17 505 1
17 516 1
17 541 1
17 549 1
17 551 1
17 563 1
18 20 1
18 22 1
18 25 1
18 26 1
18 38 1
18 54 1
18 66 1
18 88 1
18 90 1
18 95 1
18 100 1
18 107 1
18 125 1
18 161 1
18 211 1
18 261 1
18 285 1
18 299 1
18 387 1
18 390 1
18 408 1
18 418 1
18 425 1
18 435 1
18 452 1
18 476 1
18 483 1
18 531 1
19 33 1
19 35 1
19 42 1
19 56 1
19 60 1
19 99 1
19 103 1
19 117 1
19 148 1
19 160 1
19 188 1
19 241 1
19 245 1
19 249 1
19 273 1
19 295 1
19 297 1
19 358 1
19 382 1
19 421 1
19 439 1
19 475 1
19 513 1
19 552 1
20 48 1
20 67 1
20 68 1
20 75 1
20 89 1
20 95 1
20 103 1
20 111 1
20 121 1
20 123 1
20 137 1
20 151 1
20 168 1
20 177 1
20 180 1
20 186 1
20 192 1
20 223 1
20 229 1
20 239 1
20 243 1
20 252 1
20 259 1
20 279 1
20 309 1
20 321 1
20 396 1
20 404 1
20 406 1
20 454 1
20 496 1
20 538 1
21 27 1
21 58 1
21 68 1
21 70 1
21 97 1
21 174 1
21 181 1
21 211 1
21 216 1
21 227 1
21 263 1
21 274 1
21 308 1
21 333 1
21 338 1
21 372 1
21 376 1
21 394 1
21 402 1
21 410 1
21 453 1
21 458 1
21 484 1
21 508 1
21 553 1
22 25 1
22 29 1
22 59 1
22 68 1
22 71 1
22 96 1
22 157 1
22 201 1
22 322 1
22 332 1
22 339 1
22 371 1
22 527 1
23 28 1
23 30 1
23 31 1
23 34 1
23 39 1
23 43 1
23 61 1
23 77 1
23 85 1
23 124 1
23 152 1
23 161 1
23 259 1
23 292 1
23 319 1
23 414 1
23 466 1
23 471 1
23 517 1
23 596 1
24 32 1
24 43 1
24 52 1
24 101 1
24 139 1
24 217 1
24 241 1
24 282 1
24 316 1
24 406 1
24 529 1
25 40 1
25 81 1
25 292 1
25 364 1
25 390 1
26 34 1
26 37 1
26 58 1
26 59 1
26 80 1
26 118 1
26 129 1
26 153 1
26 172 1
26 208 1
26 218 1
26 301 1
26 328 1
26 378 1
26 389 1
26 450 1
26 457 1
26 572 1
26 583 1
27 31 1
27 41 1
27 48 1
27 52 1
27 63 1
27 80 1
27 81 1
27 87 1
27 94 1
27 97 1
27 108 1
27 114 1
27 129 1
27 137 1
27 143 1
27 164 1
27 187 1
27 199 1
27 224 1
27 241 1
27 268 1
27 275 1
27 280 1
27 325 1
27 337 1
27 372 1
27 386 1
27 394 1
27 413 1
27 440 1
27 499 1
27 510 1
27 534 1
27 540 1
27 585 1
28 31 1
28 44 1
28 53 1
28 57 1
28 69 1
28 82 1
28 83 1
28 86 1
28 103 1
28 147 1
28 168 1
28 193 1
28 203 1
28 204 1
28 249 1
28 260 1
28 261 1
28 268 1
28 277 1
28 302 1
28 303 1
28 321 1
28 338 1
28 363 1
28 369 1
28 370 1
28 389 1
28 403 1
28 408 1
28 411 1
28 415 1
28 431 1
28 432 1
28 544 1
29 79 1
29 99 1
29 125 1
29 128 1
29 136 1
29 203 1
29 337 1
29 400 1
30 36 1
30 67 1
30 122 1
30 156 1
30 305 1
30 343 1
30 393 1
30 429 1
30 545 1
30 553 1
31 39 1
31 46 1
31 85 1
31 110 1
31 135 1
31 153 1
31 157 1
31 176 1
31 196 1
31 316 1
31 384 1
31 571 1
32 40 1
32 89 1
32 102 1
32 119 1
32 131 1
32 133 1
32 143 1
32 189 1
32 204 1
32 257 1
32 312 1
32 348 1
32 500 1
32 512 1
33 47 1
33 55 1
33 60 1
33 86 1
33 87 1
33 101 1
33 109 1
33 139 1
33 155 1
33 157 1
33 168 1
33 176 1
33 203 1
33 211 1
33 213 1
33 223 1
33 230 1
33 243 1
33 343 1
33 404 1
33 416 1
33 423 1
33 458 1
33 592 1
34 35 1
34 41 1
34 42 1
34 44 1
34 46 1
34 47 1
34 58 1
34 65 1
34 72 1
34 83 1
34 113 1
34 121 1
34 130 1
34 138 1
34 140 1
34 146 1
34 147 1
34 149 1
34 150 1
34 151 1
34 154 1
34 178 1
34 196 1
34 200 1
34 215 1
34 228 1
34 233 1
34 241 1
34 256 1
34 270 1
34 274 1
34 279 1
34 294 1
34 300 1
34 303 1
34 318 1
34 319 1
34 327 1
34 364 1
34 406 1
34 419 1
34 434 1
34 435 1
34 436 1
34 441 1
34 446 1
34 449 1
34 460 1
34 477 1
34 488 1
34 502 1
34 515 1
34 539 1
34 545 1
34 550 1
34 555 1
35 41 1
35 49 1
35 62 1
35 109 1
35 123 1
35 210 1
35 253 1
35 275 1
35 280 1
35 339 1
35 410 1
35 428 1
35 456 1
36 84 1
36 106 1
36 126 1
36 139 1
36 166 1
36 285 1
36 305 1
37 42 1
37 56 1
37 61 1
37 76 1
37 138 1
37 149 1
37 162 1
37 164 1
37 169 1
37 193 1
37 214 1
37 247 1
37 254 1
37 256 1
37 467 1
38 59 1
38 71 1
38 75 1
38 155 1
38 182 1
38 293 1
38 298 1
38 367 1
38 368 1
38 397 1
38 422 1
38 426 1
38 482 1
38 513 1
38 567 1
38 593 1
39 94 1
39 96 1
39 115 1
39 118 1
39 135 1
39 150 1
39 464 1
39 465 1
40 50 1
40 154 1
40 269 1
40 359 1
40 582 1
41 47 1
41 60 1
41 67 1
41 70 1
41 74 1
41 75 1
41 95 1
41 106 1
41 127 1
41 132 1
41 150 1
41 230 1
41 233 1
41 276 1
41 277 1
41 313 1
41 350 1
41 353 1
41 364 1
41 431 1
41 466 1
41 507 1
41 546 1
41 573 1
42 61 1
42 73 1
42 80 1
42 83 1
42 90 1
42 96 1
42 113 1
42 126 1
42 130 1
42 244 1
42 318 1
42 333 1
42 341 1
42 386 1
42 387 1
42 393 1
42 492 1
42 514 1
42 519 1
42 532 1
43 45 1
43 137 1
43 185 1
43 242 1
43 336 1
43 465 1
43 498 1
43 521 1
43 566 1
43 600 1
44 99 1
44 108 1
44 120 1
44 147 1
44 154 1
44 333 1
44 504 1
44 535 1
44 542 1
44 581 1
45 156 1
45 175 1
45 379 1
46 122 1
46 148 1
46 156 1
46 208 1
46 213 1
46 278 1
46 352 1
46 358 1
46 372 1
46 511 1
47 64 1
47 106 1
47 149 1
47 279 1
47 285 1
47 298 1
47 318 1
47 360 1
47 378 1
47 545 1
48 53 1
48 106 1
48 117 1
48 127 1
48 203 1
48 286 1
48 408 1
48 437 1
48 600 1
49 64 1
49 79 1
49 90 1
49 100 1
49 220 1
49 385 1
49 535 1
49 548 1
49 556 1
49 558 1
49 578 1
49 593 1
50 92 1
50 110 1
50 172 1
50 206 1
50 221 1
50 250 1
50 273 1
50 360 1
50 388 1
50 494 1
50 567 1
51 73 1
51 237 1
51 248 1
51 363 1
51 551 1
52 93 1
52 159 1
52 215 1
52 320 1
52 373 1
52 571 1
53 57 1
53 101 1
53 117 1
53 387 1
53 442 1
53 562 1
54 217 1
55 180 1
55 401 1
55 573 1
55 574 1
56 65 1
56 102 1
56 133 1
56 312 1
56 359 1
56 368 1
56 381 1
56 385 1
56 422 1
56 546 1
56 591 1
57 90 1
57 94 1
57 116 1
57 145 1
57 152 1
57 183 1
57 196 1
57 207 1
57 240 1
57 257 1
57 273 1
57 290 1
57 326 1
57 391 1
57 459 1
57 533 1
57 557 1
58 129 1
58 208 1
58 436 1
58 507 1
59 75 1
59 84 1
59 122 1
59 146 1
59 164 1
59 178 1
59 181 1
59 188 1
59 223 1
59 228 1
59 283 1
59 292 1
59 326 1
59 355 1
59 522 1
59 560 1
60 62 1
60 126 1
60 225 1
60 244 1
60 290 1
60 326 1
60 424 1
60 431 1
60 470 1
60 532 1
60 568 1
60 577 1
61 82 1
61 124 1
61 179 1
61 183 1
61 237 1
61 244 1
61 308 1
61 317 1
61 490 1
61 530 1
62 71 1
62 74 1
62 111 1
62 141 1
62 145 1
62 210 1
62 214 1
62 258 1
62 288 1
62 294 1
62 390 1
62 466 1
62 487 1
62 539 1
62 590 1
62 595 1
63 80 1
63 169 1
63 187 1
63 236 1
63 253 1
63 519 1
63 571 1
64 68 1
64 92 1
64 269 1
64 427 1
64 470 1
64 576 1
65 73 1
65 78 1
65 127 1
65 226 1
65 258 1
65 291 1
65 294 1
65 310 1
65 342 1
65 414 1
65 525 1
66 81 1
66 109 1
66 198 1
66 201 1
66 430 1
67 93 1
67 220 1
67 246 1
67 264 1
67 359 1
67 441 1
67 491 1
67 539 1
68 114 1
68 252 1
68 262 1
68 315 1
68 332 1
68 356 1
68 589 1
70 103 1
70 131 1
70 144 1
70 189 1
70 346 1
70 426 1
70 579 1
71 91 1
71 94 1
71 96 1
71 105 1
71 144 1
71 232 1
71 317 1
71 339 1
71 429 1
73 310 1
73 381 1
74 172 1
74 225 1
74 255 1
74 269 1
74 445 1
75 125 1
75 132 1
75 146 1
75 307 1
75 414 1
75 468 1
75 537 1
75 538 1
76 142 1
76 166 1
76 194 1
76 198 1
76 212 1
77 89 1
77 275 1
78 112 1
78 128 1
78 149 1
78 158 1
78 286 1
78 317 1
78 393 1
78 474 1
78 598 1
79 102 1
79 132 1
79 170 1
79 171 1
79 205 1
79 261 1
79 402 1
79 480 1
79 493 1
79 518 1
79 566 1
79 567 1
80 211 1
80 231 1
80 282 1
80 437 1
81 105 1
81 133 1
81 136 1
81 406 1
81 409 1
81 488 1
82 88 1
82 102 1
82 124 1
82 148 1
82 197 1
82 226 1
82 289 1
82 295 1
82 320 1
82 347 1
82 377 1
82 457 1
82 469 1
82 472 1
82 474 1
82 536 1
82 540 1
82 570 1
82 582 1
83 107 1
83 140 1
83 146 1
83 160 1
83 166 1
83 168 1
83 175 1
83 235 1
83 242 1
83 246 1
83 262 1
83 272 1
83 357 1
83 382 1
83 403 1
83 517 1
84 173 1
84 306 1
84 325 1
84 385 1
84 423 1
85 131 1
85 324 1
85 420 1
85 426 1
85 493 1
86 183 1
86 186 1
86 191 1
86 218 1
87 191 1
87 253 1
87 307 1
87 556 1
88 128 1
88 129 1
88 161 1
88 207 1
88 234 1
88 279 1
88 330 1
88 374 1
88 399 1
88 433 1
88 491 1
89 114 1
89 153 1
89 161 1
89 351 1
89 433 1
89 440 1
90 112 1
90 134 1
90 156 1
90 180 1
90 204 1
90 207 1
90 264 1
90 505 1
90 521 1
90 528 1
91 166 1
91 181 1
91 195 1
91 278 1
91 432 1
91 438 1
91 537 1
91 575 1
91 592 1
92 97 1
92 297 1
92 362 1
92 364 1
92 384 1
92 495 1
92 530 1
92 575 1
93 116 1
93 121 1
93 184 1
93 255 1
93 265 1
93 281 1
93 320 1
93 391 1
93 454 1
93 458 1
93 502 1
94 446 1
94 466 1
95 207 1
95 460 1
95 576 1
95 592 1
96 534 1
96 584 1
97 150 1
97 165 1
97 187 1
97 311 1
97 355 1
98 155 1
98 375 1
98 561 1
99 120 1
99 138 1
99 162 1
99 254 1
99 340 1
99 380 1
99 509 1
100 108 1
100 160 1
100 214 1
100 235 1
100 250 1
100 302 1
100 337 1
100 358 1
100 422 1
100 478 1
100 516 1
101 217 1
101 314 1
102 116 1
102 309 1
102 351 1
102 589 1
103 104 1
103 157 1
103 449 1
103 494 1
103 552 1
104 177 1
104 212 1
104 235 1
104 269 1
104 287 1
104 335 1
104 427 1
104 468 1
104 530 1
104 559 1
105 107 1
105 137 1
105 195 1
105 498 1
106 119 1
106 228 1
106 245 1
106 315 1
106 327 1
106 383 1
106 389 1
107 124 1
107 140 1
107 165 1
107 384 1
107 463 1
107 515 1
108 190 1
108 349 1
108 409 1
108 509 1
108 581 1
109 110 1
109 122 1
109 191 1
109 198 1
109 229 1
109 281 1
109 286 1
109 295 1
109 319 1
109 366 1
109 405 1
109 461 1
109 551 1
110 542 1
111 142 1
111 174 1
111 193 1
111 245 1
111 287 1
111 294 1
111 501 1
112 221 1
112 485 1
112 503 1
113 126 1
113 236 1
113 329 1
113 349 1
113 361 1
113 366 1
113 399 1
113 407 1
113 432 1
113 539 1
113 589 1
114 133 1
114 190 1
114 293 1
114 305 1
114 473 1
115 139 1
115 328 1
115 376 1
115 405 1
115 407 1
115 509 1
115 577 1
116 141 1
116 412 1
117 158 1
117 202 1
117 206 1
117 317 1
117 339 1
117 475 1
117 476 1
118 171 1
118 215 1
118 300 1
118 340 1
118 456 1
118 459 1
119 519 1
120 342 1
120 400 1
120 582 1
121 186 1
122 238 1
122 289 1
122 313 1
122 427 1
122 580 1
123 190 1
123 401 1
123 484 1
123 562 1
124 140 1
124 165 1
124 225 1
124 246 1
124 515 1
125 143 1
125 154 1
125 180 1
125 219 1
125 229 1
125 327 1
125 367 1
125 398 1
125 569 1
125 583 1
126 334 1
126 445 1
127 223 1
127 438 1
128 162 1
128 234 1
128 281 1
128 573 1
129 198 1
129 486 1
129 488 1
129 520 1
129 569 1
130 350 1
130 353 1
131 163 1
131 167 1
131 208 1
131 240 1
131 264 1
131 265 1
131 274 1
131 383 1
131 541 1
132 257 1
132 322 1
132 428 1
132 482 1
132 537 1
132 543 1
133 271 1
133 296 1
133 352 1
133 439 1
133 520 1
134 234 1
134 307 1
134 548 1
135 296 1
135 559 1
136 487 1
137 144 1
137 278 1
137 292 1
137 393 1
137 500 1
137 531 1
138 254 1
138 376 1
139 324 1
140 147 1
140 178 1
140 224 1
140 378 1
140 394 1
140 451 1
140 532 1
141 145 1
141 170 1
141 181 1
141 316 1
141 369 1
141 381 1
141 554 1
142 283 1
142 299 1
142 597 1
143 159 1
143 187 1
143 190 1
143 229 1
143 263 1
143 450 1
143 451 1
143 514 1
143 549 1
143 568 1
144 182 1
144 419 1
144 479 1
144 497 1
145 270 1
145 510 1
146 492 1
147 182 1
147 209 1
148 158 1
148 192 1
148 287 1
148 298 1
148 311 1
148 418 1
148 461 1
148 511 1
149 164 1
149 301 1
149 462 1
149 580 1
150 261 1
150 481 1
150 531 1
150 554 1
151 216 1
151 220 1
151 238 1
151 259 1
151 335 1
151 358 1
151 428 1
151 440 1
151 513 1
151 568 1
152 175 1
152 350 1
152 442 1
152 459 1
152 512 1
153 163 1
153 177 1
153 201 1
153 219 1
154 249 1
154 425 1
155 206 1
156 182 1
156 193 1
156 248 1
157 175 1
157 189 1
157 309 1
157 387 1
157 492 1
157 500 1
157 544 1
157 581 1
158 163 1
159 328 1
159 398 1
159 418 1
159 506 1
160 186 1
160 195 1
160 222 1
160 272 1
160 365 1
160 397 1
161 377 1
161 417 1
161 535 1
162 174 1
162 183 1
162 185 1
162 375 1
162 380 1
162 402 1
162 403 1
162 417 1
162 514 1
162 550 1
163 167 1
163 209 1
163 245 1
163 547 1
163 575 1
164 330 1
164 469 1
164 560 1
164 574 1
165 255 1
165 276 1
165 357 1
165 588 1
166 344 1
166 379 1
166 455 1
167 196 1
167 250 1
167 289 1
167 361 1
167 383 1
167 408 1
167 471 1
168 289 1
169 593 1
170 188 1
170 237 1
170 265 1
170 323 1
170 357 1
170 518 1
171 256 1
171 508 1
172 304 1
173 343 1
174 216 1
174 260 1
174 573 1
175 197 1
175 222 1
175 227 1
175 250 1
175 306 1
175 349 1
175 359 1
175 453 1
175 467 1
175 534 1
175 565 1
176 199 1
177 238 1
177 379 1
177 499 1
179 205 1
179 381 1
179 452 1
179 455 1
180 340 1
180 558 1
180 585 1
181 450 1
183 310 1
184 197 1
184 251 1
184 267 1
184 288 1
184 344 1
184 436 1
184 533 1
184 580 1
185 213 1
185 451 1
186 191 1
186 200 1
186 202 1
186 266 1
186 301 1
186 404 1
187 195 1
187 274 1
187 293 1
187 434 1
187 459 1
188 272 1
188 316 1
188 374 1
188 455 1
189 263 1
190 422 1
190 462 1
190 487 1
190 540 1
191 353 1
191 432 1
191 484 1
192 348 1
192 368 1
193 262 1
193 297 1
193 302 1
193 332 1
193 347 1
193 363 1
193 378 1
193 384 1
193 407 1
193 431 1
193 468 1
193 508 1
193 526 1
194 330 1
194 369 1
194 495 1
194 591 1
195 247 1
195 272 1
195 278 1
195 306 1
196 268 1
196 357 1
197 352 1
197 396 1
199 230 1
199 376 1
199 417 1
199 453 1
199 503 1
199 545 1
200 221 1
201 240 1
201 407 1
202 231 1
202 249 1
202 421 1
202 456 1
203 323 1
203 401 1
203 490 1
203 574 1
204 300 1
204 471 1
204 572 1
205 302 1
205 332 1
205 416 1
205 434 1
205 565 1
206 342 1
206 440 1
207 216 1
208 225 1
208 368 1
208 379 1
208 424 1
208 489 1
208 547 1
208 570 1
209 217 1
209 246 1
209 470 1
209 472 1
209 494 1
210 303 1
210 467 1
211 304 1
211 318 1
211 352 1
211 354 1
211 355 1
211 563 1
212 227 1
213 309 1
215 527 1
217 586 1
218 394 1
219 240 1
219 287 1
219 308 1
219 419 1
219 464 1
219 511 1
219 557 1
220 320 1
220 435 1
221 504 1
222 234 1
222 398 1
222 441 1
222 488 1
222 557 1
223 438 1
223 460 1
223 478 1
223 525 1
224 312 1
224 367 1
224 477 1
224 479 1
224 594 1
225 305 1
225 450 1
225 464 1
225 540 1
225 572 1
226 233 1
226 267 1
226 365 1
226 399 1
226 457 1
226 474 1
226 565 1
226 590 1
227 360 1
230 276 1
230 454 1
230 589 1
231 265 1
231 521 1
232 268 1
232 324 1
232 325 1
232 350 1
232 365 1
233 469 1
234 260 1
235 314 1
235 481 1
237 248 1
237 524 1
238 284 1
239 341 1
239 529 1
239 547 1
239 548 1
240 266 1
240 290 1
240 356 1
240 420 1
240 569 1
240 597 1
241 445 1
242 335 1
242 336 1
243 423 1
244 288 1
244 593 1
246 267 1
246 296 1
246 356 1
246 367 1
246 370 1
246 444 1
246 484 1
247 559 1
247 582 1
248 253 1
248 270 1
248 285 1
248 491 1
250 282 1
250 298 1
250 441 1
250 443 1
250 523 1
251 277 1
251 281 1
251 354 1
251 412 1
251 524 1
251 581 1
251 599 1
252 467 1
252 576 1
253 444 1
254 409 1
256 443 1
257 474 1
257 485 1
257 528 1
258 326 1
259 314 1
259 500 1
261 438 1
261 534 1
262 347 1
262 356 1
262 482 1
264 284 1
265 543 1
267 270 1
267 283 1
267 523 1
267 567 1
269 445 1
269 496 1
270 483 1
270 588 1
273 345 1
273 400 1
273 404 1
273 532 1
273 600 1
274 490 1
274 542 1
276 416 1
276 446 1
276 541 1
276 549 1
277 315 1
277 380 1
278 329 1
278 537 1
279 392 1
279 457 1
279 501 1
280 426 1
280 477 1
280 481 1
280 498 1
280 590 1
281 290 1
281 324 1
281 529 1
281 598 1
282 335 1
282 392 1
282 461 1
283 311 1
284 288 1
284 331 1
284 415 1
284 423 1
284 436 1
284 522 1
285 291 1
285 336 1
285 414 1
286 506 1
286 599 1
287 301 1
287 487 1
288 307 1
288 518 1
288 594 1
289 447 1
290 293 1
290 383 1
290 388 1
290 442 1
291 465 1
293 334 1
293 405 1
294 300 1
294 304 1
294 323 1
294 331 1
294 385 1
294 506 1
295 341 1
296 366 1
296 374 1
296 479 1
297 362 1
297 377 1
297 464 1
299 592 1
302 587 1
303 306 1
303 337 1
303 527 1
307 461 1
307 505 1
307 552 1
308 530 1
309 412 1
309 590 1
313 430 1
315 341 1
315 380 1
315 410 1
315 518 1
315 542 1
317 443 1
317 535 1
318 329 1
318 563 1
319 329 1
319 550 1
319 555 1
319 559 1
321 496 1
321 525 1
323 413 1
323 583 1
325 507 1
325 587 1
326 373 1
327 377 1
327 398 1
327 536 1
333 553 1
334 370 1
334 579 1
335 348 1
335 442 1
335 448 1
335 502 1
339 344 1
339 444 1
339 587 1
341 547 1
341 560 1
342 351 1
342 362 1
342 433 1
342 561 1
343 392 1
343 472 1
344 424 1
346 395 1
346 413 1
347 351 1
349 372 1
349 429 1
349 468 1
350 353 1
350 395 1
351 570 1
353 362 1
353 388 1
353 485 1
354 447 1
354 456 1
355 371 1
355 425 1
356 419 1
357 417 1
358 396 1
359 588 1
359 597 1
361 415 1
361 448 1
365 471 1
366 563 1
367 397 1
368 382 1
368 598 1
369 546 1
370 375 1
370 510 1
371 437 1
371 584 1
372 386 1
372 397 1
372 399 1
372 411 1
372 473 1
372 498 1
373 502 1
375 510 1
375 566 1
376 405 1
379 396 1
379 561 1
381 452 1
382 477 1
385 425 1
387 409 1
387 489 1
388 481 1
388 517 1
391 416 1
391 526 1
392 507 1
394 411 1
395 541 1
397 411 1
398 473 1
398 520 1
401 469 1
401 523 1
402 452 1
404 528 1
405 579 1
406 465 1
406 483 1
413 499 1
414 421 1
417 433 1
418 526 1
422 463 1
424 428 1
424 519 1
425 504 1
425 513 1
425 578 1
425 588 1
428 451 1
429 503 1
430 527 1
432 460 1
432 497 1
432 556 1
433 448 1
434 480 1
434 521 1
438 520 1
439 564 1
441 557 1
445 478 1
447 489 1
447 522 1
452 564 1
453 493 1
454 565 1
455 494 1
459 486 1
459 515 1
459 538 1
459 584 1
461 476 1
461 554 1
464 493 1
464 572 1
464 575 1
465 533 1
465 586 1
466 558 1
466 570 1
468 585 1
470 514 1
471 528 1
472 544 1
473 479 1
476 531 1
477 564 1
478 516 1
478 571 1
479 503 1
479 599 1
480 482 1
482 533 1
483 496 1
487 546 1
492 543 1
492 549 1
500 569 1
501 509 1
501 594 1
502 599 1
513 562 1
515 516 1
519 578 1
519 579 1
519 583 1
520 562 1
522 554 1
523 529 1
525 553 1
529 555 1
535 594 1
537 543 1
538 576 1
542 560 1
546 595 1
563 598 1
573 574 1
