1900 7583 
1 5 1
1 6 1
1 8 1
1 10 1
1 12 1
1 14 1
1 19 1
1 22 1
1 23 1
1 27 1
1 40 1
1 49 1
1 55 1
1 66 1
1 72 1
1 80 1
1 82 1
1 89 1
1 99 1
1 100 1
1 102 1
1 106 1
1 112 1
1 119 1
1 126 1
1 137 1
1 146 1
1 159 1
1 160 1
1 161 1
1 175 1
1 197 1
1 198 1
1 237 1
1 239 1
1 247 1
1 253 1
1 256 1
1 266 1
1 272 1
1 275 1
1 276 1
1 280 1
1 303 1
1 328 1
1 341 1
1 355 1
1 358 1
1 372 1
1 381 1
1 384 1
1 414 1
1 415 1
1 465 1
1 479 1
1 482 1
1 487 1
1 510 1
1 524 1
1 529 1
1 537 1
1 544 1
1 553 1
1 576 1
1 594 1
1 603 1
1 610 1
1 633 1
1 638 1
1 642 1
1 658 1
1 681 1
1 686 1
1 708 1
1 719 1
1 729 1
1 784 1
1 785 1
1 803 1
1 822 1
1 841 1
1 852 1
1 859 1
1 894 1
1 955 1
1 1017 1
1 1020 1
1 1062 1
1 1106 1
1 1127 1
1 1141 1
1 1246 1
1 1281 1
1 1290 1
1 1296 1
1 1311 1
1 1313 1
1 1315 1
1 1323 1
1 1327 1
1 1361 1
1 1388 1
1 1397 1
1 1488 1
1 1518 1
1 1532 1
1 1570 1
1 1683 1
1 1700 1
1 1718 1
1 1736 1
1 1753 1
1 1765 1
1 1787 1
1 1810 1
1 1821 1
1 1890 1
2 5 1
2 6 1
2 10 1
2 11 1
2 17 1
2 19 1
2 20 1
2 22 1
2 23 1
2 26 1
2 49 1
2 53 1
2 62 1
2 67 1
2 70 1
2 80 1
2 126 1
2 132 1
2 147 1
2 149 1
2 173 1
2 216 1
2 237 1
2 287 1
2 311 1
2 392 1
2 398 1
2 435 1
2 465 1
2 514 1
2 548 1
2 668 1
2 829 1
2 927 1
2 944 1
2 978 1
2 995 1
2 1053 1
2 1093 1
2 1102 1
2 1140 1
2 1175 1
2 1277 1
2 1430 1
2 1448 1
2 1517 1
2 1518 1
2 1540 1
2 1607 1
2 1634 1
2 1689 1
2 1735 1
3 5 1
3 7 1
3 9 1
3 11 1
3 14 1
3 16 1
3 17 1
3 24 1
3 50 1
3 65 1
3 67 1
3 94 1
3 104 1
3 105 1
3 113 1
3 125 1
3 155 1
3 166 1
3 195 1
3 205 1
3 215 1
3 219 1
3 230 1
3 232 1
3 233 1
3 238 1
3 250 1
3 255 1
3 260 1
3 268 1
3 283 1
3 299 1
3 330 1
3 379 1
3 393 1
3 444 1
3 454 1
3 461 1
3 467 1
3 472 1
3 492 1
3 494 1
3 531 1
3 538 1
3 542 1
3 615 1
3 617 1
3 657 1
3 673 1
3 688 1
3 702 1
3 800 1
3 813 1
3 839 1
3 872 1
3 888 1
3 903 1
3 914 1
3 978 1
3 1006 1
3 1077 1
3 1078 1
3 1101 1
3 1108 1
3 1129 1
3 1220 1
3 1223 1
3 1232 1
3 1247 1
3 1252 1
3 1347 1
3 1476 1
3 1502 1
3 1513 1
3 1523 1
3 1530 1
3 1531 1
3 1610 1
3 1634 1
3 1660 1
3 1663 1
3 1745 1
3 1757 1
3 1809 1
3 1846 1
3 1874 1
4 5 1
4 6 1
4 7 1
4 12 1
4 13 1
4 14 1
4 15 1
4 16 1
4 17 1
4 18 1
4 20 1
4 21 1
4 22 1
4 25 1
4 26 1
4 27 1
4 31 1
4 32 1
4 33 1
4 34 1
4 36 1
4 39 1
4 40 1
4 43 1
4 46 1
4 56 1
4 57 1
4 60 1
4 61 1
4 64 1
4 68 1
4 69 1
4 75 1
4 76 1
4 77 1
4 79 1
4 85 1
4 86 1
4 87 1
4 89 1
4 91 1
4 95 1
4 99 1
4 100 1
4 108 1
4 109 1
4 111 1
4 114 1
4 116 1
4 119 1
4 121 1
4 123 1
4 130 1
4 132 1
4 135 1
4 138 1
4 142 1
4 143 1
4 153 1
4 154 1
4 161 1
4 163 1
4 164 1
4 182 1
4 183 1
4 184 1
4 188 1
4 196 1
4 208 1
4 224 1
4 227 1
4 232 1
4 236 1
4 238 1
4 240 1
4 242 1
4 247 1
4 251 1
4 252 1
4 260 1
4 263 1
4 267 1
4 270 1
4 274 1
4 275 1
4 278 1
4 285 1
4 302 1
4 304 1
4 306 1
4 316 1
4 324 1
4 327 1
4 328 1
4 331 1
4 343 1
4 356 1
4 359 1
4 369 1
4 374 1
4 377 1
4 385 1
4 391 1
4 392 1
4 393 1
4 401 1
4 410 1
4 411 1
4 419 1
4 439 1
4 442 1
4 450 1
4 452 1
4 461 1
4 466 1
4 485 1
4 496 1
4 504 1
4 527 1
4 542 1
4 550 1
4 557 1
4 574 1
4 578 1
4 586 1
4 600 1
4 607 1
4 631 1
4 636 1
4 638 1
4 639 1
4 655 1
4 658 1
4 665 1
4 671 1
4 674 1
4 677 1
4 679 1
4 687 1
4 688 1
4 691 1
4 694 1
4 698 1
4 706 1
4 707 1
4 717 1
4 735 1
4 749 1
4 764 1
4 765 1
4 767 1
4 770 1
4 782 1
4 789 1
4 790 1
4 817 1
4 821 1
4 837 1
4 840 1
4 851 1
4 865 1
4 868 1
4 871 1
4 885 1
4 894 1
4 902 1
4 906 1
4 910 1
4 915 1
4 923 1
4 924 1
4 940 1
4 950 1
4 983 1
4 1046 1
4 1050 1
4 1054 1
4 1071 1
4 1077 1
4 1079 1
4 1100 1
4 1160 1
4 1205 1
4 1210 1
4 1240 1
4 1256 1
4 1288 1
4 1297 1
4 1305 1
4 1314 1
4 1325 1
4 1326 1
4 1351 1
4 1355 1
4 1356 1
4 1363 1
4 1369 1
4 1372 1
4 1388 1
4 1391 1
4 1394 1
4 1424 1
4 1425 1
4 1463 1
4 1490 1
4 1494 1
4 1501 1
4 1520 1
4 1538 1
4 1547 1
4 1548 1
4 1558 1
4 1561 1
4 1577 1
4 1600 1
4 1635 1
4 1646 1
4 1656 1
4 1662 1
4 1664 1
4 1669 1
4 1673 1
4 1675 1
4 1682 1
4 1691 1
4 1695 1
4 1706 1
4 1712 1
4 1738 1
4 1776 1
4 1793 1
4 1798 1
4 1799 1
4 1802 1
4 1804 1
4 1809 1
4 1842 1
4 1869 1
4 1873 1
4 1889 1
4 1896 1
5 6 1
5 7 1
5 8 1
5 9 1
5 10 1
5 12 1
5 15 1
5 19 1
5 24 1
5 32 1
5 33 1
5 34 1
5 53 1
5 55 1
5 60 1
5 61 1
5 67 1
5 83 1
5 86 1
5 87 1
5 100 1
5 104 1
5 128 1
5 134 1
5 138 1
5 148 1
5 172 1
5 187 1
5 211 1
5 213 1
5 222 1
5 248 1
5 258 1
5 271 1
5 279 1
5 291 1
5 293 1
5 308 1
5 310 1
5 316 1
5 338 1
5 349 1
5 350 1
5 360 1
5 372 1
5 390 1
5 395 1
5 428 1
5 434 1
5 435 1
5 445 1
5 447 1
5 451 1
5 462 1
5 473 1
5 476 1
5 485 1
5 488 1
5 489 1
5 503 1
5 504 1
5 572 1
5 577 1
5 582 1
5 610 1
5 663 1
5 669 1
5 690 1
5 693 1
5 806 1
5 828 1
5 876 1
5 882 1
5 887 1
5 924 1
5 945 1
5 953 1
5 962 1
5 964 1
5 977 1
5 982 1
5 985 1
5 991 1
5 1000 1
5 1019 1
5 1022 1
5 1066 1
5 1078 1
5 1135 1
5 1148 1
5 1155 1
5 1156 1
5 1200 1
5 1232 1
5 1239 1
5 1250 1
5 1251 1
5 1272 1
5 1330 1
5 1334 1
5 1359 1
5 1365 1
5 1366 1
5 1369 1
5 1400 1
5 1427 1
5 1441 1
5 1491 1
5 1508 1
5 1520 1
5 1542 1
5 1546 1
5 1547 1
5 1577 1
5 1594 1
5 1616 1
5 1623 1
5 1633 1
5 1667 1
5 1677 1
5 1685 1
5 1728 1
5 1749 1
5 1752 1
5 1801 1
5 1864 1
5 1871 1
5 1894 1
6 7 1
6 8 1
6 13 1
6 19 1
6 20 1
6 27 1
6 31 1
6 32 1
6 36 1
6 39 1
6 44 1
6 51 1
6 52 1
6 57 1
6 58 1
6 59 1
6 60 1
6 61 1
6 62 1
6 63 1
6 64 1
6 65 1
6 68 1
6 69 1
6 82 1
6 87 1
6 103 1
6 106 1
6 121 1
6 124 1
6 130 1
6 131 1
6 135 1
6 147 1
6 164 1
6 167 1
6 168 1
6 170 1
6 179 1
6 191 1
6 192 1
6 198 1
6 207 1
6 209 1
6 225 1
6 231 1
6 246 1
6 276 1
6 277 1
6 290 1
6 294 1
6 297 1
6 303 1
6 325 1
6 367 1
6 368 1
6 369 1
6 376 1
6 378 1
6 397 1
6 399 1
6 409 1
6 412 1
6 464 1
6 468 1
6 475 1
6 479 1
6 481 1
6 494 1
6 496 1
6 520 1
6 528 1
6 531 1
6 533 1
6 539 1
6 543 1
6 572 1
6 573 1
6 581 1
6 598 1
6 605 1
6 614 1
6 641 1
6 643 1
6 659 1
6 684 1
6 687 1
6 694 1
6 711 1
6 730 1
6 735 1
6 757 1
6 799 1
6 809 1
6 816 1
6 828 1
6 839 1
6 846 1
6 847 1
6 848 1
6 878 1
6 898 1
6 904 1
6 927 1
6 953 1
6 966 1
6 968 1
6 997 1
6 1025 1
6 1053 1
6 1074 1
6 1085 1
6 1087 1
6 1089 1
6 1101 1
6 1117 1
6 1176 1
6 1225 1
6 1236 1
6 1237 1
6 1238 1
6 1239 1
6 1247 1
6 1258 1
6 1262 1
6 1267 1
6 1272 1
6 1318 1
6 1320 1
6 1339 1
6 1354 1
6 1371 1
6 1373 1
6 1376 1
6 1426 1
6 1428 1
6 1429 1
6 1459 1
6 1511 1
6 1519 1
6 1555 1
6 1556 1
6 1569 1
6 1585 1
6 1701 1
6 1709 1
6 1718 1
6 1721 1
6 1732 1
6 1776 1
6 1832 1
6 1857 1
7 8 1
7 9 1
7 11 1
7 16 1
7 21 1
7 25 1
7 29 1
7 31 1
7 36 1
7 41 1
7 42 1
7 48 1
7 55 1
7 76 1
7 78 1
7 83 1
7 88 1
7 89 1
7 90 1
7 91 1
7 93 1
7 101 1
7 107 1
7 121 1
7 128 1
7 149 1
7 159 1
7 167 1
7 170 1
7 172 1
7 177 1
7 181 1
7 182 1
7 192 1
7 193 1
7 202 1
7 223 1
7 236 1
7 246 1
7 249 1
7 263 1
7 264 1
7 271 1
7 333 1
7 351 1
7 364 1
7 365 1
7 402 1
7 408 1
7 432 1
7 440 1
7 461 1
7 471 1
7 527 1
7 539 1
7 555 1
7 590 1
7 614 1
7 640 1
7 679 1
7 714 1
7 751 1
7 854 1
7 880 1
7 912 1
7 941 1
7 960 1
7 989 1
7 1115 1
7 1135 1
7 1148 1
7 1202 1
7 1203 1
7 1227 1
7 1241 1
7 1267 1
7 1376 1
7 1380 1
7 1391 1
7 1465 1
7 1470 1
7 1608 1
7 1657 1
7 1670 1
7 1681 1
7 1689 1
7 1694 1
7 1715 1
7 1754 1
7 1770 1
7 1793 1
7 1824 1
7 1833 1
7 1853 1
7 1861 1
7 1881 1
8 9 1
8 10 1
8 11 1
8 12 1
8 13 1
8 14 1
8 17 1
8 18 1
8 25 1
8 26 1
8 28 1
8 29 1
8 37 1
8 60 1
8 68 1
8 71 1
8 72 1
8 78 1
8 92 1
8 118 1
8 120 1
8 123 1
8 130 1
8 144 1
8 156 1
8 177 1
8 186 1
8 196 1
8 206 1
8 221 1
8 235 1
8 239 1
8 254 1
8 257 1
8 286 1
8 290 1
8 330 1
8 335 1
8 370 1
8 384 1
8 413 1
8 472 1
8 498 1
8 562 1
8 602 1
8 614 1
8 719 1
8 825 1
8 876 1
8 890 1
8 913 1
8 1002 1
8 1006 1
8 1025 1
8 1118 1
8 1160 1
8 1166 1
8 1242 1
8 1266 1
8 1305 1
8 1321 1
8 1348 1
8 1359 1
8 1410 1
8 1468 1
8 1510 1
8 1559 1
8 1695 1
8 1859 1
9 20 1
9 34 1
9 48 1
9 88 1
9 92 1
9 110 1
9 112 1
9 140 1
9 141 1
9 180 1
9 189 1
9 196 1
9 203 1
9 238 1
9 263 1
9 268 1
9 284 1
9 314 1
9 344 1
9 366 1
9 367 1
9 382 1
9 448 1
9 471 1
9 513 1
9 648 1
9 725 1
9 736 1
9 781 1
9 877 1
9 1080 1
9 1183 1
9 1514 1
9 1524 1
9 1530 1
9 1555 1
9 1613 1
9 1764 1
9 1784 1
10 13 1
10 18 1
10 21 1
10 30 1
10 73 1
10 115 1
10 205 1
10 218 1
10 227 1
10 353 1
10 374 1
10 443 1
10 492 1
10 499 1
10 677 1
10 827 1
10 875 1
10 1273 1
11 21 1
11 23 1
11 28 1
11 30 1
11 44 1
11 45 1
11 69 1
11 74 1
11 84 1
11 90 1
11 103 1
11 109 1
11 118 1
11 122 1
11 124 1
11 145 1
11 155 1
11 158 1
11 173 1
11 197 1
11 250 1
11 283 1
11 303 1
11 313 1
11 345 1
11 358 1
11 387 1
11 388 1
11 426 1
11 449 1
11 474 1
11 547 1
11 595 1
11 666 1
11 681 1
11 683 1
11 705 1
11 721 1
11 744 1
11 812 1
11 826 1
11 866 1
11 881 1
11 975 1
11 995 1
11 999 1
11 1029 1
11 1107 1
11 1133 1
11 1138 1
11 1174 1
11 1210 1
11 1234 1
11 1341 1
11 1366 1
11 1441 1
11 1451 1
11 1452 1
11 1482 1
11 1560 1
11 1622 1
11 1725 1
11 1731 1
11 1740 1
11 1849 1
11 1851 1
11 1861 1
11 1886 1
12 15 1
12 16 1
12 27 1
12 35 1
12 37 1
12 38 1
12 41 1
12 48 1
12 50 1
12 61 1
12 66 1
12 83 1
12 88 1
12 101 1
12 107 1
12 113 1
12 118 1
12 141 1
12 148 1
12 149 1
12 182 1
12 194 1
12 216 1
12 229 1
12 269 1
12 279 1
12 281 1
12 311 1
12 329 1
12 360 1
12 386 1
12 424 1
12 433 1
12 450 1
12 454 1
12 477 1
12 478 1
12 497 1
12 514 1
12 537 1
12 548 1
12 559 1
12 575 1
12 584 1
12 586 1
12 672 1
12 674 1
12 696 1
12 715 1
12 716 1
12 736 1
12 739 1
12 830 1
12 908 1
12 912 1
12 941 1
12 979 1
12 984 1
12 1113 1
12 1139 1
12 1204 1
12 1228 1
12 1230 1
12 1256 1
12 1280 1
12 1327 1
12 1353 1
12 1377 1
12 1388 1
12 1413 1
12 1480 1
12 1494 1
12 1539 1
12 1568 1
12 1621 1
12 1760 1
12 1765 1
12 1786 1
12 1795 1
12 1810 1
12 1880 1
12 1895 1
12 1899 1
13 15 1
13 24 1
13 35 1
13 94 1
13 102 1
13 137 1
13 302 1
13 379 1
13 395 1
13 508 1
13 516 1
13 601 1
13 689 1
13 714 1
13 744 1
13 905 1
13 989 1
13 1023 1
13 1073 1
13 1159 1
13 1220 1
13 1260 1
13 1275 1
13 1321 1
13 1414 1
13 1595 1
13 1617 1
13 1701 1
13 1891 1
14 38 1
14 46 1
14 86 1
14 125 1
14 134 1
14 166 1
14 250 1
14 281 1
14 383 1
14 422 1
14 428 1
14 544 1
14 547 1
14 613 1
14 749 1
14 767 1
14 818 1
14 931 1
14 956 1
14 1042 1
14 1071 1
14 1255 1
14 1284 1
14 1297 1
14 1325 1
14 1386 1
14 1402 1
14 1488 1
14 1605 1
14 1688 1
14 1754 1
15 57 1
15 125 1
15 169 1
15 220 1
15 257 1
15 265 1
15 293 1
15 340 1
15 352 1
15 574 1
15 790 1
15 1057 1
15 1109 1
15 1183 1
15 1301 1
16 18 1
16 25 1
16 28 1
16 32 1
16 38 1
16 94 1
16 95 1
16 97 1
16 112 1
16 151 1
16 154 1
16 203 1
16 323 1
16 343 1
16 526 1
16 553 1
16 554 1
16 707 1
16 724 1
16 865 1
16 935 1
16 962 1
16 1049 1
16 1127 1
16 1284 1
16 1870 1
16 1874 1
17 23 1
17 30 1
17 37 1
17 47 1
17 62 1
17 64 1
17 133 1
17 137 1
17 194 1
17 208 1
17 217 1
17 228 1
17 232 1
17 264 1
17 300 1
17 311 1
17 318 1
17 342 1
17 398 1
17 451 1
17 462 1
17 484 1
17 515 1
17 576 1
17 595 1
17 602 1
17 616 1
17 731 1
17 746 1
17 754 1
17 785 1
17 813 1
17 817 1
17 891 1
17 922 1
17 1037 1
17 1262 1
17 1436 1
17 1437 1
17 1509 1
17 1710 1
17 1819 1
17 1861 1
17 1885 1
18 22 1
18 30 1
18 31 1
18 33 1
18 34 1
18 39 1
18 41 1
18 59 1
18 76 1
18 84 1
18 85 1
18 91 1
18 96 1
18 109 1
18 127 1
18 162 1
18 168 1
18 169 1
18 201 1
18 205 1
18 254 1
18 256 1
18 300 1
18 314 1
18 324 1
18 342 1
18 347 1
18 361 1
18 362 1
18 366 1
18 453 1
18 490 1
18 502 1
18 518 1
18 559 1
18 570 1
18 585 1
18 606 1
18 622 1
18 623 1
18 676 1
18 700 1
18 703 1
18 814 1
18 817 1
18 844 1
18 857 1
18 875 1
18 882 1
18 945 1
18 951 1
18 987 1
18 1030 1
18 1081 1
18 1089 1
18 1102 1
18 1165 1
18 1167 1
18 1232 1
18 1254 1
18 1274 1
18 1304 1
18 1339 1
18 1370 1
18 1407 1
18 1445 1
18 1480 1
18 1509 1
18 1534 1
18 1596 1
18 1605 1
18 1626 1
18 1630 1
18 1702 1
18 1706 1
18 1748 1
18 1848 1
18 1850 1
19 44 1
19 51 1
19 63 1
19 70 1
19 78 1
19 89 1
19 112 1
19 118 1
19 120 1
19 131 1
19 142 1
19 156 1
19 158 1
19 159 1
19 165 1
19 178 1
19 207 1
19 226 1
19 234 1
19 268 1
19 290 1
19 313 1
19 323 1
19 343 1
19 359 1
19 371 1
19 387 1
19 405 1
19 406 1
19 424 1
19 442 1
19 449 1
19 493 1
19 553 1
19 575 1
19 579 1
19 616 1
19 633 1
19 670 1
19 681 1
19 694 1
19 766 1
19 771 1
19 820 1
19 835 1
19 837 1
19 858 1
19 899 1
19 907 1
19 924 1
19 994 1
19 996 1
19 1056 1
19 1086 1
19 1119 1
19 1150 1
19 1189 1
19 1230 1
19 1244 1
19 1293 1
19 1363 1
19 1371 1
19 1451 1
19 1507 1
19 1543 1
19 1570 1
19 1585 1
19 1598 1
19 1653 1
19 1692 1
19 1746 1
19 1750 1
19 1767 1
19 1777 1
20 26 1
20 39 1
20 54 1
20 81 1
20 134 1
20 218 1
20 250 1
20 274 1
20 289 1
20 352 1
20 438 1
20 453 1
20 480 1
20 515 1
20 799 1
20 843 1
20 871 1
20 888 1
20 968 1
20 1096 1
20 1211 1
20 1790 1
20 1876 1
20 1886 1
21 29 1
21 38 1
21 45 1
21 46 1
21 47 1
21 54 1
21 55 1
21 104 1
21 106 1
21 110 1
21 121 1
21 129 1
21 142 1
21 144 1
21 152 1
21 155 1
21 181 1
21 182 1
21 195 1
21 251 1
21 295 1
21 297 1
21 298 1
21 348 1
21 363 1
21 391 1
21 424 1
21 439 1
21 553 1
21 749 1
21 751 1
21 890 1
21 1004 1
21 1070 1
21 1093 1
21 1147 1
21 1342 1
21 1446 1
21 1472 1
21 1696 1
22 24 1
22 40 1
22 58 1
22 111 1
22 113 1
22 128 1
22 161 1
22 171 1
22 206 1
22 247 1
22 339 1
22 386 1
22 446 1
22 448 1
22 558 1
22 564 1
22 611 1
22 627 1
22 736 1
22 832 1
22 874 1
22 1088 1
22 1352 1
22 1425 1
22 1435 1
22 1783 1
22 1814 1
22 1832 1
23 35 1
23 36 1
23 42 1
23 45 1
23 50 1
23 102 1
23 150 1
23 165 1
23 178 1
23 203 1
23 223 1
23 317 1
23 323 1
23 326 1
23 350 1
23 399 1
23 411 1
23 665 1
23 711 1
23 745 1
23 856 1
23 898 1
23 900 1
23 1119 1
23 1261 1
23 1293 1
23 1322 1
23 1374 1
23 1440 1
23 1457 1
23 1497 1
23 1742 1
23 1755 1
23 1780 1
24 218 1
24 603 1
24 918 1
25 28 1
25 41 1
25 43 1
25 49 1
25 56 1
25 66 1
25 75 1
25 85 1
25 86 1
25 101 1
25 108 1
25 139 1
25 160 1
25 167 1
25 197 1
25 224 1
25 231 1
25 270 1
25 314 1
25 321 1
25 334 1
25 339 1
25 368 1
25 405 1
25 468 1
25 623 1
25 639 1
25 742 1
25 757 1
25 880 1
25 898 1
25 900 1
25 921 1
25 988 1
25 1120 1
25 1142 1
25 1169 1
25 1304 1
25 1366 1
25 1442 1
25 1474 1
25 1791 1
26 29 1
26 33 1
26 47 1
26 102 1
26 103 1
26 109 1
26 117 1
26 122 1
26 145 1
26 164 1
26 199 1
26 213 1
26 304 1
26 374 1
26 493 1
26 516 1
26 534 1
26 545 1
26 581 1
26 655 1
26 661 1
26 712 1
26 870 1
26 906 1
26 964 1
26 974 1
26 1028 1
26 1151 1
26 1159 1
26 1169 1
26 1231 1
26 1291 1
26 1466 1
26 1593 1
26 1604 1
26 1624 1
26 1733 1
26 1865 1
26 1866 1
26 1878 1
27 124 1
27 229 1
27 353 1
27 417 1
27 623 1
27 712 1
27 841 1
27 946 1
27 1449 1
27 1586 1
27 1858 1
28 44 1
28 57 1
28 73 1
28 77 1
28 80 1
28 183 1
28 269 1
28 310 1
28 375 1
28 425 1
28 504 1
28 592 1
28 706 1
28 769 1
28 1133 1
28 1303 1
28 1320 1
28 1338 1
28 1418 1
28 1519 1
29 43 1
29 52 1
29 140 1
29 152 1
29 176 1
29 371 1
29 521 1
29 770 1
29 945 1
29 1107 1
29 1629 1
29 1842 1
29 1900 1
30 35 1
30 48 1
30 52 1
30 53 1
30 59 1
30 63 1
30 98 1
30 101 1
30 131 1
30 186 1
30 244 1
30 274 1
30 285 1
30 310 1
30 316 1
30 333 1
30 341 1
30 363 1
30 380 1
30 391 1
30 392 1
30 396 1
30 398 1
30 436 1
30 461 1
30 501 1
30 620 1
30 624 1
30 758 1
30 759 1
30 766 1
30 775 1
30 832 1
30 861 1
30 871 1
30 975 1
30 1144 1
30 1229 1
30 1241 1
30 1477 1
30 1639 1
30 1656 1
30 1658 1
31 37 1
31 45 1
31 113 1
31 158 1
31 163 1
31 264 1
31 337 1
31 354 1
31 469 1
31 475 1
31 617 1
31 757 1
31 815 1
31 849 1
31 1372 1
31 1383 1
31 1407 1
31 1660 1
31 1705 1
31 1824 1
31 1895 1
32 46 1
32 54 1
32 174 1
32 183 1
32 238 1
32 278 1
32 355 1
32 512 1
32 611 1
32 834 1
32 855 1
32 866 1
32 886 1
32 908 1
32 936 1
32 987 1
32 1324 1
32 1369 1
32 1863 1
33 82 1
33 97 1
33 176 1
33 194 1
33 237 1
33 279 1
33 300 1
33 401 1
33 525 1
33 711 1
33 753 1
33 756 1
33 784 1
33 819 1
33 939 1
33 1190 1
33 1239 1
33 1384 1
33 1395 1
33 1587 1
33 1622 1
33 1642 1
33 1840 1
34 42 1
34 51 1
34 69 1
34 71 1
34 77 1
34 81 1
34 88 1
34 110 1
34 189 1
34 202 1
34 223 1
34 271 1
34 299 1
34 326 1
34 347 1
34 356 1
34 440 1
34 484 1
34 503 1
34 592 1
34 596 1
34 630 1
34 667 1
34 705 1
34 709 1
34 763 1
34 831 1
34 835 1
34 892 1
34 899 1
34 963 1
34 1032 1
34 1204 1
34 1271 1
34 1324 1
34 1338 1
34 1358 1
34 1362 1
34 1602 1
34 1765 1
34 1785 1
35 50 1
35 59 1
35 64 1
35 141 1
35 212 1
35 315 1
35 349 1
35 422 1
35 438 1
35 463 1
35 517 1
35 739 1
35 1305 1
35 1459 1
36 47 1
36 87 1
36 116 1
36 132 1
36 193 1
36 197 1
36 198 1
36 212 1
36 222 1
36 236 1
36 289 1
36 518 1
36 594 1
36 629 1
36 636 1
36 687 1
36 719 1
36 847 1
36 1067 1
36 1152 1
36 1158 1
36 1192 1
36 1248 1
36 1393 1
36 1551 1
36 1589 1
36 1608 1
36 1621 1
36 1655 1
36 1736 1
36 1795 1
36 1810 1
37 40 1
37 42 1
37 52 1
37 93 1
37 136 1
37 307 1
37 409 1
37 503 1
37 520 1
37 539 1
37 716 1
37 861 1
37 891 1
37 959 1
37 1052 1
37 1074 1
37 1194 1
37 1273 1
37 1279 1
37 1323 1
37 1446 1
37 1648 1
37 1820 1
37 1887 1
37 1890 1
38 58 1
38 105 1
38 154 1
38 168 1
38 212 1
38 246 1
38 292 1
38 312 1
38 341 1
38 371 1
38 539 1
38 555 1
38 608 1
38 671 1
38 676 1
38 678 1
38 683 1
38 700 1
38 722 1
38 785 1
38 1033 1
38 1171 1
38 1269 1
38 1575 1
38 1763 1
38 1882 1
39 56 1
39 77 1
39 240 1
39 242 1
39 283 1
39 307 1
39 612 1
39 641 1
39 698 1
39 723 1
39 740 1
39 893 1
39 974 1
39 1035 1
39 1067 1
39 1143 1
39 1159 1
39 1380 1
39 1385 1
39 1469 1
39 1486 1
39 1582 1
39 1627 1
39 1745 1
40 240 1
40 243 1
40 261 1
40 267 1
40 381 1
40 442 1
40 487 1
40 548 1
40 683 1
40 875 1
40 1072 1
40 1158 1
40 1294 1
40 1360 1
40 1451 1
40 1482 1
40 1698 1
40 1751 1
40 1773 1
40 1898 1
41 75 1
41 126 1
41 183 1
41 184 1
41 217 1
41 233 1
41 244 1
41 282 1
41 337 1
41 611 1
41 661 1
41 712 1
41 740 1
41 762 1
41 1016 1
41 1059 1
41 1099 1
41 1127 1
41 1192 1
41 1219 1
41 1269 1
41 1298 1
41 1530 1
41 1587 1
41 1590 1
41 1597 1
41 1830 1
42 43 1
42 65 1
42 179 1
42 202 1
42 270 1
42 275 1
42 280 1
42 419 1
42 432 1
42 718 1
42 832 1
42 842 1
42 965 1
42 974 1
42 1186 1
42 1190 1
42 1357 1
42 1599 1
42 1652 1
42 1827 1
42 1838 1
43 56 1
43 68 1
43 98 1
43 139 1
43 147 1
43 153 1
43 192 1
43 208 1
43 215 1
43 244 1
43 306 1
43 320 1
43 329 1
43 373 1
43 477 1
43 522 1
43 526 1
43 587 1
43 634 1
43 765 1
43 789 1
43 803 1
43 828 1
43 863 1
43 1000 1
43 1252 1
43 1344 1
43 1826 1
43 1869 1
43 1885 1
44 49 1
44 73 1
44 143 1
44 148 1
44 344 1
44 434 1
44 569 1
44 839 1
44 962 1
44 1031 1
44 1190 1
44 1265 1
44 1266 1
44 1456 1
44 1705 1
44 1722 1
45 74 1
45 103 1
45 105 1
45 106 1
45 162 1
45 163 1
45 174 1
45 479 1
45 547 1
45 557 1
45 816 1
45 828 1
45 862 1
45 1121 1
45 1489 1
46 51 1
46 67 1
46 73 1
46 95 1
46 146 1
46 170 1
46 188 1
46 206 1
46 402 1
46 411 1
46 418 1
46 501 1
46 578 1
46 589 1
46 592 1
46 598 1
46 765 1
46 768 1
46 859 1
46 860 1
46 1178 1
46 1331 1
46 1704 1
46 1780 1
46 1792 1
46 1843 1
46 1861 1
46 1863 1
47 62 1
47 71 1
47 79 1
47 98 1
47 117 1
47 172 1
47 215 1
47 253 1
47 511 1
47 593 1
47 648 1
47 650 1
47 754 1
47 778 1
47 807 1
47 933 1
47 1008 1
47 1066 1
47 1106 1
47 1265 1
47 1273 1
47 1293 1
47 1392 1
47 1475 1
47 1551 1
47 1562 1
47 1768 1
47 1775 1
47 1800 1
48 80 1
48 107 1
48 177 1
48 239 1
48 273 1
48 282 1
48 375 1
48 518 1
48 737 1
48 788 1
48 797 1
48 813 1
48 936 1
48 1103 1
48 1193 1
48 1312 1
48 1462 1
48 1466 1
48 1553 1
48 1606 1
49 53 1
49 108 1
49 116 1
49 123 1
49 129 1
49 140 1
49 151 1
49 156 1
49 163 1
49 185 1
49 204 1
49 236 1
49 263 1
49 284 1
49 288 1
49 290 1
49 403 1
49 509 1
49 551 1
49 574 1
49 589 1
49 631 1
49 636 1
49 693 1
49 726 1
49 733 1
49 765 1
49 787 1
49 873 1
49 915 1
49 931 1
49 963 1
49 973 1
49 1013 1
49 1040 1
49 1056 1
49 1083 1
49 1143 1
49 1163 1
49 1259 1
49 1365 1
49 1409 1
49 1537 1
49 1542 1
49 1604 1
49 1732 1
49 1756 1
49 1801 1
50 65 1
50 108 1
50 117 1
50 141 1
50 157 1
50 213 1
50 243 1
50 272 1
50 634 1
50 656 1
50 1198 1
50 1443 1
50 1471 1
50 1495 1
50 1548 1
50 1761 1
51 81 1
51 115 1
51 291 1
51 309 1
51 336 1
51 387 1
51 417 1
51 457 1
51 460 1
51 471 1
51 534 1
51 673 1
51 810 1
51 823 1
51 863 1
51 1002 1
51 1076 1
51 1128 1
51 1161 1
51 1195 1
51 1320 1
51 1534 1
51 1583 1
51 1788 1
51 1897 1
52 75 1
52 90 1
52 93 1
52 114 1
52 146 1
52 155 1
52 220 1
52 227 1
52 233 1
52 237 1
52 244 1
52 251 1
52 252 1
52 265 1
52 289 1
52 295 1
52 486 1
52 528 1
52 646 1
52 707 1
52 731 1
52 780 1
52 818 1
52 819 1
52 848 1
52 886 1
52 923 1
52 992 1
52 1008 1
52 1108 1
52 1111 1
52 1134 1
52 1153 1
52 1253 1
52 1259 1
52 1379 1
52 1472 1
52 1665 1
52 1688 1
52 1700 1
52 1844 1
52 1872 1
53 54 1
53 199 1
53 565 1
53 601 1
53 703 1
53 973 1
53 1089 1
53 1203 1
53 1707 1
53 1763 1
54 66 1
54 71 1
54 132 1
54 165 1
54 293 1
54 397 1
54 427 1
54 608 1
54 621 1
54 664 1
54 717 1
54 839 1
54 1154 1
54 1283 1
55 58 1
55 78 1
55 97 1
55 129 1
55 152 1
55 175 1
55 190 1
55 204 1
55 234 1
55 274 1
55 354 1
55 472 1
55 481 1
55 501 1
55 508 1
55 838 1
55 864 1
55 880 1
55 920 1
55 957 1
55 993 1
55 1019 1
55 1177 1
55 1253 1
55 1344 1
55 1503 1
55 1674 1
55 1724 1
55 1805 1
56 133 1
56 201 1
56 235 1
56 333 1
56 335 1
56 413 1
56 509 1
56 741 1
56 1004 1
56 1020 1
56 1076 1
56 1150 1
56 1166 1
56 1199 1
56 1785 1
56 1787 1
57 74 1
57 84 1
57 156 1
57 185 1
57 285 1
57 317 1
57 365 1
57 400 1
57 466 1
57 569 1
57 596 1
57 616 1
57 664 1
57 825 1
57 859 1
57 970 1
57 1038 1
57 1153 1
57 1314 1
57 1449 1
57 1491 1
58 70 1
58 91 1
58 96 1
58 138 1
58 152 1
58 187 1
58 209 1
58 283 1
58 317 1
58 342 1
58 369 1
58 579 1
58 580 1
58 760 1
58 791 1
58 832 1
58 940 1
58 1018 1
58 1235 1
58 1308 1
58 1372 1
58 1603 1
58 1674 1
58 1726 1
58 1871 1
59 212 1
59 586 1
59 649 1
59 806 1
59 831 1
59 881 1
59 1214 1
59 1217 1
59 1806 1
60 63 1
60 74 1
60 150 1
60 203 1
60 220 1
60 282 1
60 319 1
60 336 1
60 397 1
60 421 1
60 543 1
60 552 1
60 579 1
60 772 1
60 792 1
60 942 1
60 981 1
60 1027 1
60 1075 1
60 1144 1
60 1164 1
60 1273 1
60 1477 1
60 1505 1
60 1730 1
61 199 1
61 366 1
61 398 1
61 473 1
61 478 1
61 577 1
61 681 1
61 726 1
61 820 1
61 920 1
61 934 1
61 966 1
61 1620 1
61 1815 1
62 83 1
62 96 1
62 119 1
62 178 1
62 243 1
62 297 1
62 441 1
62 739 1
62 741 1
62 941 1
62 1058 1
62 1315 1
62 1389 1
62 1430 1
62 1597 1
63 134 1
63 178 1
63 195 1
63 224 1
63 232 1
63 258 1
63 273 1
63 286 1
63 296 1
63 451 1
63 577 1
63 605 1
63 703 1
63 720 1
63 957 1
63 1264 1
63 1440 1
63 1586 1
63 1653 1
63 1883 1
64 81 1
64 138 1
64 242 1
64 318 1
64 320 1
64 437 1
64 438 1
64 445 1
64 499 1
64 637 1
64 659 1
64 1346 1
64 1403 1
64 1411 1
65 82 1
65 90 1
65 104 1
65 171 1
65 261 1
65 284 1
65 331 1
65 458 1
65 520 1
65 521 1
65 568 1
65 572 1
65 685 1
65 699 1
65 722 1
65 794 1
65 840 1
65 862 1
65 1134 1
65 1163 1
65 1307 1
65 1310 1
65 1345 1
65 1357 1
65 1502 1
65 1575 1
65 1757 1
66 72 1
66 160 1
66 223 1
66 254 1
66 281 1
66 350 1
66 406 1
66 450 1
66 512 1
66 628 1
66 710 1
66 738 1
66 834 1
66 883 1
66 896 1
66 994 1
66 1187 1
66 1195 1
66 1227 1
66 1278 1
66 1283 1
66 1532 1
66 1573 1
66 1699 1
66 1738 1
66 1768 1
66 1777 1
67 70 1
67 115 1
67 122 1
67 210 1
67 365 1
67 378 1
67 492 1
67 523 1
67 524 1
67 550 1
67 680 1
67 695 1
67 742 1
67 747 1
67 790 1
67 811 1
67 825 1
67 893 1
67 974 1
67 1252 1
67 1345 1
67 1354 1
67 1358 1
67 1584 1
68 79 1
68 94 1
68 98 1
68 120 1
68 137 1
68 248 1
68 607 1
68 620 1
68 739 1
68 841 1
68 863 1
68 977 1
68 1115 1
68 1207 1
68 1390 1
68 1412 1
68 1413 1
68 1432 1
68 1517 1
68 1527 1
68 1579 1
68 1767 1
68 1834 1
68 1888 1
68 1892 1
69 153 1
69 266 1
69 281 1
69 401 1
69 444 1
69 452 1
69 596 1
69 606 1
69 750 1
69 802 1
69 972 1
69 1671 1
69 1770 1
69 1850 1
70 72 1
70 76 1
70 114 1
70 123 1
70 176 1
70 208 1
70 321 1
70 346 1
70 431 1
70 522 1
70 530 1
70 535 1
70 731 1
70 780 1
70 889 1
70 957 1
70 985 1
70 1098 1
70 1443 1
70 1462 1
70 1469 1
70 1527 1
70 1720 1
70 1723 1
71 1176 1
71 1197 1
71 1258 1
71 1381 1
71 1461 1
71 1864 1
72 92 1
72 95 1
72 99 1
72 201 1
72 206 1
72 269 1
72 796 1
72 811 1
72 877 1
72 914 1
72 970 1
72 988 1
72 1015 1
72 1021 1
72 1105 1
72 1170 1
72 1175 1
72 1329 1
72 1331 1
72 1430 1
72 1480 1
72 1512 1
72 1655 1
72 1721 1
72 1736 1
72 1772 1
72 1825 1
72 1883 1
72 1892 1
72 1897 1
73 79 1
73 92 1
73 165 1
73 214 1
73 249 1
73 348 1
73 391 1
73 419 1
73 457 1
73 499 1
73 535 1
73 541 1
73 561 1
73 626 1
73 725 1
73 846 1
73 896 1
73 1145 1
73 1579 1
73 1696 1
73 1840 1
74 84 1
74 128 1
74 147 1
74 157 1
74 158 1
74 184 1
74 231 1
74 264 1
74 268 1
74 305 1
74 314 1
74 354 1
74 363 1
74 376 1
74 380 1
74 381 1
74 389 1
74 405 1
74 488 1
74 500 1
74 546 1
74 577 1
74 618 1
74 651 1
74 770 1
74 1025 1
74 1131 1
74 1180 1
74 1278 1
74 1286 1
74 1324 1
74 1472 1
74 1516 1
74 1568 1
74 1623 1
74 1693 1
74 1771 1
74 1796 1
75 154 1
75 181 1
75 361 1
75 910 1
75 1323 1
75 1646 1
75 1730 1
76 85 1
76 110 1
76 111 1
76 227 1
76 309 1
76 322 1
76 330 1
76 348 1
76 430 1
76 771 1
76 824 1
76 960 1
76 1011 1
76 1034 1
76 1094 1
76 1171 1
76 1173 1
76 1856 1
76 1872 1
77 93 1
77 459 1
77 505 1
77 580 1
77 762 1
77 789 1
77 870 1
77 892 1
77 909 1
77 1119 1
77 1287 1
77 1335 1
77 1522 1
78 234 1
78 266 1
78 627 1
78 667 1
78 732 1
78 1051 1
78 1346 1
78 1506 1
78 1575 1
78 1803 1
79 214 1
79 235 1
79 332 1
79 408 1
79 424 1
79 512 1
79 615 1
79 730 1
79 1003 1
79 1024 1
79 1462 1
79 1612 1
79 1708 1
79 1743 1
80 195 1
80 321 1
80 767 1
80 954 1
80 1179 1
80 1358 1
80 1486 1
80 1687 1
80 1736 1
80 1872 1
81 129 1
81 198 1
81 498 1
81 848 1
81 1288 1
81 1632 1
81 1643 1
81 1676 1
81 1755 1
82 111 1
82 180 1
82 301 1
82 326 1
82 328 1
82 406 1
82 411 1
82 426 1
82 650 1
82 675 1
82 709 1
82 860 1
82 929 1
82 939 1
82 1033 1
82 1058 1
82 1243 1
82 1808 1
83 105 1
83 228 1
83 301 1
83 304 1
83 360 1
83 456 1
83 742 1
83 777 1
83 1082 1
83 1132 1
83 1251 1
83 1351 1
83 1383 1
83 1406 1
83 1433 1
83 1490 1
83 1508 1
83 1567 1
84 97 1
84 99 1
84 124 1
84 171 1
84 270 1
84 340 1
84 342 1
84 381 1
84 399 1
84 443 1
84 563 1
84 571 1
84 591 1
84 903 1
84 916 1
84 977 1
84 1001 1
84 1224 1
84 1346 1
84 1410 1
84 1541 1
84 1589 1
84 1618 1
84 1638 1
85 139 1
85 186 1
85 240 1
85 261 1
85 272 1
85 287 1
85 335 1
85 365 1
85 427 1
85 452 1
85 474 1
85 621 1
85 738 1
85 771 1
85 776 1
85 831 1
85 868 1
85 1242 1
85 1400 1
86 143 1
86 287 1
86 466 1
86 552 1
86 644 1
86 1079 1
86 1507 1
87 230 1
87 712 1
87 953 1
87 1056 1
87 1453 1
88 133 1
88 190 1
88 192 1
88 233 1
88 296 1
88 602 1
88 625 1
88 639 1
88 677 1
88 751 1
88 783 1
88 805 1
88 952 1
88 1040 1
88 1060 1
88 1261 1
88 1308 1
88 1348 1
88 1544 1
89 100 1
89 136 1
89 148 1
89 153 1
89 173 1
89 185 1
89 191 1
89 196 1
89 332 1
89 748 1
89 836 1
89 879 1
89 1028 1
89 1373 1
89 1431 1
89 1877 1
90 202 1
90 349 1
90 441 1
90 698 1
90 755 1
90 1322 1
90 1361 1
90 1421 1
90 1445 1
90 1757 1
91 146 1
91 199 1
91 310 1
91 395 1
91 622 1
91 629 1
91 631 1
91 1524 1
92 162 1
92 256 1
92 451 1
92 523 1
92 531 1
92 811 1
92 833 1
92 1201 1
92 1543 1
93 162 1
93 200 1
93 304 1
93 358 1
93 827 1
93 1484 1
93 1787 1
94 96 1
94 149 1
94 174 1
94 335 1
94 540 1
94 546 1
94 792 1
94 1155 1
94 1277 1
94 1359 1
94 1419 1
95 187 1
95 193 1
95 409 1
95 414 1
95 420 1
95 642 1
95 708 1
95 1070 1
95 1509 1
96 219 1
96 448 1
96 490 1
96 538 1
96 978 1
96 1229 1
96 1350 1
97 174 1
97 176 1
97 190 1
97 273 1
97 394 1
97 555 1
97 601 1
97 652 1
97 752 1
97 799 1
97 1009 1
97 1538 1
97 1674 1
97 1837 1
98 127 1
98 157 1
98 259 1
98 356 1
98 400 1
98 421 1
98 449 1
98 464 1
98 473 1
98 480 1
98 494 1
98 547 1
98 548 1
98 619 1
98 626 1
98 632 1
98 659 1
98 679 1
98 711 1
98 764 1
98 803 1
98 905 1
98 987 1
98 989 1
98 1025 1
98 1044 1
98 1186 1
98 1191 1
98 1312 1
98 1381 1
98 1419 1
98 1438 1
98 1537 1
98 1552 1
98 1665 1
98 1673 1
98 1739 1
99 460 1
99 596 1
99 724 1
99 1295 1
99 1525 1
99 1664 1
100 114 1
100 115 1
100 122 1
100 127 1
100 135 1
100 267 1
100 678 1
100 1226 1
100 1366 1
100 1541 1
100 1713 1
100 1762 1
100 1801 1
101 169 1
101 205 1
101 684 1
101 685 1
101 697 1
101 793 1
101 1063 1
101 1152 1
101 1401 1
101 1658 1
102 164 1
102 217 1
102 282 1
102 346 1
102 352 1
102 396 1
102 436 1
102 475 1
102 485 1
102 508 1
102 510 1
102 564 1
102 582 1
102 680 1
102 737 1
102 840 1
102 955 1
102 958 1
102 1017 1
102 1063 1
102 1115 1
102 1140 1
102 1176 1
102 1185 1
102 1215 1
102 1336 1
102 1354 1
102 1413 1
102 1565 1
102 1587 1
102 1699 1
102 1718 1
103 367 1
103 670 1
104 285 1
104 691 1
104 826 1
104 843 1
104 947 1
104 1101 1
104 1105 1
104 1421 1
104 1657 1
104 1749 1
105 107 1
105 117 1
105 168 1
105 228 1
105 235 1
105 242 1
105 330 1
105 357 1
105 372 1
105 430 1
105 438 1
105 561 1
105 983 1
105 1042 1
105 1067 1
105 1339 1
105 1385 1
105 1483 1
105 1831 1
106 120 1
106 159 1
106 218 1
106 375 1
106 412 1
106 431 1
106 561 1
106 732 1
106 804 1
106 932 1
106 982 1
106 1077 1
106 1198 1
106 1227 1
106 1237 1
106 1265 1
106 1346 1
106 1654 1
107 119 1
107 200 1
107 221 1
107 305 1
107 318 1
107 325 1
107 376 1
107 423 1
107 558 1
107 606 1
107 716 1
107 920 1
107 952 1
107 972 1
107 980 1
107 1107 1
107 1117 1
107 1189 1
107 1227 1
107 1434 1
107 1536 1
107 1549 1
107 1588 1
107 1771 1
107 1855 1
108 116 1
108 139 1
108 150 1
108 187 1
108 272 1
108 348 1
108 384 1
108 464 1
108 469 1
108 476 1
108 559 1
108 567 1
108 731 1
108 800 1
108 911 1
108 948 1
108 1220 1
108 1223 1
108 1255 1
108 1317 1
108 1332 1
108 1344 1
108 1426 1
108 1453 1
108 1499 1
108 1562 1
108 1716 1
108 1744 1
109 144 1
109 145 1
109 180 1
109 390 1
109 546 1
109 575 1
109 890 1
109 1178 1
109 1616 1
110 125 1
110 177 1
110 540 1
110 541 1
110 570 1
110 603 1
110 627 1
110 859 1
110 949 1
110 976 1
110 1252 1
110 1298 1
110 1543 1
110 1780 1
111 126 1
111 143 1
111 200 1
111 536 1
111 1094 1
111 1173 1
111 1246 1
111 1398 1
111 1540 1
111 1767 1
112 210 1
112 303 1
112 337 1
112 359 1
112 392 1
112 403 1
112 444 1
112 525 1
112 889 1
112 964 1
112 990 1
112 1020 1
112 1362 1
112 1399 1
112 1421 1
112 1500 1
112 1534 1
112 1557 1
112 1707 1
112 1881 1
113 171 1
113 175 1
113 273 1
113 299 1
113 307 1
113 329 1
113 347 1
113 351 1
113 379 1
113 600 1
113 1084 1
113 1188 1
113 1638 1
113 1777 1
114 169 1
114 621 1
114 1012 1
115 127 1
115 145 1
115 172 1
115 185 1
115 248 1
115 294 1
115 319 1
115 322 1
115 378 1
115 445 1
115 482 1
115 499 1
115 532 1
115 543 1
115 630 1
115 685 1
115 918 1
115 975 1
115 1013 1
115 1026 1
115 1034 1
115 1302 1
115 1382 1
115 1510 1
115 1541 1
115 1678 1
115 1762 1
115 1850 1
116 161 1
116 226 1
116 377 1
116 412 1
116 550 1
116 578 1
116 850 1
116 1031 1
116 1170 1
116 1350 1
117 144 1
117 189 1
117 437 1
117 786 1
117 804 1
117 810 1
117 864 1
117 874 1
117 1021 1
117 1212 1
117 1468 1
117 1649 1
117 1674 1
117 1703 1
117 1863 1
118 224 1
118 498 1
118 660 1
118 696 1
118 1081 1
118 1127 1
118 1266 1
118 1298 1
118 1404 1
118 1494 1
118 1657 1
118 1750 1
118 1807 1
119 140 1
119 239 1
119 322 1
119 427 1
119 470 1
119 536 1
119 567 1
119 728 1
119 1513 1
119 1715 1
120 136 1
120 245 1
120 259 1
120 357 1
120 619 1
120 632 1
120 640 1
120 760 1
120 934 1
120 939 1
120 1047 1
120 1053 1
121 130 1
121 133 1
121 150 1
121 166 1
121 167 1
121 191 1
121 295 1
121 370 1
121 416 1
121 750 1
121 919 1
121 1156 1
121 1236 1
121 1317 1
121 1504 1
121 1809 1
121 1865 1
122 135 1
122 284 1
122 540 1
122 760 1
122 792 1
122 1048 1
122 1398 1
122 1620 1
122 1712 1
123 142 1
123 151 1
123 157 1
123 286 1
123 591 1
123 697 1
123 740 1
123 872 1
123 1047 1
123 1122 1
123 1129 1
123 1347 1
124 320 1
124 358 1
124 540 1
124 545 1
124 662 1
124 664 1
124 763 1
124 948 1
124 1078 1
124 1292 1
124 1342 1
124 1484 1
124 1598 1
125 668 1
125 718 1
125 911 1
125 925 1
125 1015 1
125 1042 1
125 1102 1
125 1519 1
125 1898 1
126 217 1
126 260 1
126 333 1
126 364 1
126 628 1
126 876 1
126 916 1
126 1018 1
126 1038 1
126 1052 1
126 1213 1
126 1260 1
126 1348 1
126 1634 1
126 1748 1
126 1871 1
127 200 1
127 219 1
127 259 1
127 291 1
127 356 1
127 363 1
127 495 1
127 532 1
127 587 1
127 630 1
127 727 1
127 834 1
127 1097 1
127 1300 1
127 1659 1
128 136 1
128 179 1
128 190 1
128 211 1
128 327 1
128 370 1
128 432 1
128 450 1
128 477 1
128 552 1
128 576 1
128 587 1
128 588 1
128 589 1
128 675 1
128 686 1
128 788 1
128 807 1
128 808 1
128 1007 1
128 1084 1
128 1135 1
128 1205 1
128 1256 1
128 1288 1
128 1316 1
128 1442 1
128 1457 1
128 1504 1
128 1535 1
128 1573 1
128 1621 1
128 1628 1
128 1802 1
128 1835 1
129 166 1
129 188 1
129 193 1
129 209 1
129 219 1
129 229 1
129 383 1
129 389 1
129 441 1
129 517 1
129 844 1
129 951 1
129 1059 1
129 1174 1
129 1665 1
130 131 1
130 186 1
130 211 1
130 214 1
130 222 1
130 225 1
130 257 1
130 409 1
130 483 1
130 635 1
130 655 1
130 666 1
130 768 1
130 795 1
130 942 1
130 1447 1
130 1498 1
130 1672 1
130 1711 1
130 1879 1
131 364 1
131 380 1
131 387 1
131 429 1
131 644 1
131 701 1
131 733 1
131 756 1
131 836 1
131 854 1
131 991 1
131 1168 1
131 1465 1
131 1532 1
132 204 1
132 292 1
132 295 1
132 327 1
132 349 1
132 431 1
132 489 1
132 502 1
132 507 1
132 560 1
132 642 1
132 647 1
132 699 1
132 702 1
132 941 1
132 947 1
132 986 1
132 1014 1
132 1023 1
132 1098 1
132 1109 1
132 1139 1
132 1143 1
132 1393 1
132 1414 1
132 1526 1
132 1668 1
132 1691 1
132 1800 1
133 423 1
133 759 1
133 1014 1
134 191 1
134 226 1
134 245 1
134 301 1
134 395 1
134 410 1
134 436 1
134 549 1
134 653 1
134 672 1
134 684 1
134 960 1
134 968 1
134 1019 1
134 1040 1
134 1268 1
134 1629 1
135 179 1
135 181 1
135 241 1
135 258 1
135 262 1
135 340 1
135 345 1
135 588 1
135 688 1
135 745 1
135 779 1
135 883 1
135 1014 1
135 1041 1
135 1386 1
135 1438 1
135 1444 1
135 1649 1
135 1771 1
136 173 1
136 175 1
136 362 1
136 695 1
136 787 1
136 935 1
136 1500 1
136 1555 1
136 1681 1
136 1690 1
136 1722 1
137 292 1
137 496 1
137 520 1
137 671 1
137 1015 1
137 1417 1
137 1424 1
137 1742 1
137 1783 1
138 343 1
138 633 1
138 952 1
138 1123 1
138 1436 1
138 1520 1
138 1830 1
139 151 1
139 277 1
139 325 1
139 351 1
139 453 1
139 483 1
139 704 1
139 868 1
139 1133 1
139 1434 1
139 1520 1
139 1571 1
140 354 1
140 493 1
140 529 1
140 1090 1
141 327 1
141 386 1
141 446 1
141 562 1
141 689 1
141 861 1
141 1038 1
141 1191 1
141 1213 1
141 1379 1
141 1705 1
141 1844 1
142 160 1
142 213 1
142 241 1
142 277 1
142 279 1
142 301 1
142 307 1
142 326 1
142 338 1
142 345 1
142 396 1
142 1009 1
142 1178 1
142 1416 1
142 1454 1
142 1552 1
142 1683 1
142 1867 1
143 180 1
143 362 1
143 383 1
143 649 1
143 704 1
143 764 1
143 849 1
143 874 1
143 934 1
143 1212 1
143 1294 1
143 1381 1
143 1455 1
144 257 1
144 308 1
144 604 1
144 950 1
145 201 1
145 241 1
145 720 1
145 827 1
145 1210 1
145 1302 1
145 1506 1
145 1867 1
146 404 1
146 552 1
146 900 1
146 1247 1
147 252 1
147 292 1
147 542 1
147 644 1
147 743 1
147 781 1
147 1012 1
147 1128 1
147 1194 1
148 210 1
148 221 1
148 280 1
148 1582 1
148 1630 1
149 613 1
149 946 1
149 963 1
149 1412 1
149 1419 1
152 189 1
152 465 1
152 700 1
152 942 1
152 1024 1
152 1191 1
152 1431 1
152 1549 1
152 1779 1
153 210 1
153 275 1
153 323 1
153 406 1
153 433 1
153 504 1
153 611 1
153 842 1
153 1121 1
153 1180 1
153 1326 1
154 255 1
154 302 1
154 359 1
154 457 1
154 668 1
154 748 1
154 850 1
154 1110 1
155 265 1
155 399 1
155 468 1
155 568 1
155 749 1
155 1062 1
155 1138 1
155 1275 1
155 1343 1
155 1438 1
155 1500 1
155 1546 1
156 207 1
156 276 1
156 294 1
156 848 1
156 1336 1
156 1591 1
156 1812 1
157 234 1
157 256 1
157 375 1
157 773 1
157 892 1
157 1128 1
157 1188 1
157 1256 1
157 1710 1
158 306 1
158 318 1
158 404 1
158 514 1
158 612 1
158 747 1
158 778 1
158 1222 1
158 1246 1
158 1669 1
158 1751 1
159 170 1
159 288 1
159 324 1
159 346 1
159 430 1
159 506 1
159 551 1
159 715 1
159 1182 1
159 1191 1
159 1200 1
159 1680 1
159 1839 1
160 382 1
160 400 1
160 588 1
160 604 1
160 856 1
160 1545 1
161 269 1
161 505 1
161 537 1
161 635 1
161 648 1
161 755 1
161 796 1
161 1091 1
161 1097 1
161 1116 1
161 1212 1
161 1511 1
161 1579 1
161 1619 1
162 334 1
162 469 1
162 588 1
162 665 1
162 857 1
162 1089 1
162 1201 1
162 1376 1
163 209 1
163 231 1
163 404 1
163 946 1
163 1557 1
163 1629 1
164 220 1
164 254 1
164 1060 1
165 709 1
165 1011 1
166 383 1
166 431 1
166 468 1
166 1296 1
167 774 1
167 1215 1
167 1515 1
168 216 1
168 510 1
168 591 1
168 816 1
168 918 1
169 188 1
169 226 1
169 361 1
169 421 1
169 481 1
169 501 1
169 530 1
169 546 1
169 634 1
169 1018 1
169 1032 1
169 1149 1
169 1214 1
169 1330 1
169 1434 1
169 1516 1
169 1791 1
170 194 1
170 298 1
170 388 1
170 423 1
170 484 1
170 597 1
170 706 1
170 728 1
170 756 1
170 762 1
170 838 1
170 887 1
170 928 1
170 945 1
170 1131 1
170 1218 1
170 1222 1
170 1257 1
170 1262 1
170 1448 1
170 1485 1
170 1508 1
170 1624 1
171 629 1
171 1335 1
171 1875 1
172 1081 1
172 1394 1
173 418 1
173 932 1
173 1018 1
173 1662 1
174 497 1
174 522 1
174 930 1
174 1750 1
175 1323 1
175 1690 1
176 332 1
176 528 1
176 1234 1
176 1368 1
176 1786 1
177 646 1
177 1041 1
177 1319 1
177 1493 1
177 1650 1
177 1723 1
178 350 1
178 446 1
178 523 1
178 633 1
178 690 1
178 1055 1
178 1713 1
179 184 1
179 656 1
179 1216 1
180 261 1
180 299 1
180 541 1
180 570 1
180 637 1
180 647 1
180 650 1
180 701 1
180 1058 1
180 1204 1
180 1417 1
181 247 1
181 266 1
181 338 1
181 357 1
181 367 1
181 558 1
181 652 1
181 698 1
181 901 1
181 955 1
181 1511 1
181 1666 1
181 1738 1
182 245 1
182 455 1
182 550 1
182 593 1
182 797 1
182 830 1
182 833 1
182 1698 1
182 1882 1
183 216 1
183 437 1
183 444 1
183 573 1
183 689 1
183 710 1
183 746 1
183 835 1
183 1008 1
183 1184 1
183 1566 1
183 1797 1
183 1824 1
183 1888 1
184 549 1
184 1614 1
185 385 1
185 913 1
185 957 1
185 1116 1
185 1534 1
185 1851 1
186 207 1
186 486 1
186 624 1
186 919 1
186 1004 1
186 1308 1
186 1319 1
186 1363 1
186 1618 1
186 1853 1
187 579 1
187 660 1
187 1408 1
187 1491 1
188 241 1
188 967 1
188 994 1
188 1000 1
189 249 1
189 1717 1
190 305 1
190 317 1
190 319 1
190 328 1
190 573 1
190 655 1
190 746 1
190 969 1
190 1056 1
190 1076 1
190 1155 1
190 1295 1
190 1686 1
191 644 1
191 829 1
191 1122 1
191 1713 1
192 820 1
192 922 1
192 1264 1
192 1496 1
193 901 1
193 1437 1
194 246 1
194 1643 1
196 255 1
196 403 1
196 845 1
196 873 1
196 1026 1
196 1395 1
196 1478 1
197 276 1
197 334 1
197 341 1
197 482 1
197 653 1
197 737 1
197 847 1
197 982 1
197 1061 1
197 1233 1
197 1627 1
198 229 1
198 243 1
198 407 1
198 412 1
198 426 1
198 453 1
198 514 1
198 571 1
198 647 1
198 804 1
198 969 1
198 1245 1
198 1279 1
198 1318 1
198 1332 1
199 1636 1
200 253 1
200 390 1
200 587 1
200 743 1
200 895 1
200 906 1
200 1337 1
200 1354 1
201 204 1
201 855 1
201 930 1
201 943 1
201 1069 1
201 1130 1
201 1157 1
201 1177 1
201 1335 1
201 1412 1
201 1701 1
202 357 1
202 1065 1
202 1554 1
203 456 1
203 465 1
204 211 1
204 225 1
204 360 1
204 370 1
204 374 1
204 389 1
204 560 1
204 678 1
204 819 1
204 999 1
204 1096 1
204 1222 1
204 1308 1
205 214 1
205 293 1
205 420 1
205 537 1
205 978 1
205 1077 1
205 1125 1
205 1160 1
205 1170 1
205 1623 1
206 337 1
206 494 1
206 650 1
206 652 1
206 714 1
206 855 1
206 909 1
207 1119 1
207 1157 1
207 1470 1
207 1567 1
208 529 1
208 557 1
208 565 1
208 612 1
208 794 1
208 1203 1
209 215 1
209 225 1
209 308 1
209 340 1
209 500 1
209 530 1
209 566 1
209 585 1
209 627 1
209 774 1
209 976 1
209 1039 1
209 1066 1
209 1225 1
209 1231 1
209 1292 1
209 1390 1
209 1423 1
209 1557 1
209 1561 1
210 525 1
210 673 1
210 1290 1
211 298 1
211 519 1
211 560 1
211 726 1
211 1109 1
211 1329 1
211 1392 1
212 312 1
212 422 1
212 758 1
212 1214 1
212 1721 1
212 1724 1
213 230 1
213 253 1
213 312 1
213 425 1
213 458 1
213 532 1
213 581 1
213 823 1
213 1038 1
213 1105 1
213 1250 1
213 1270 1
213 1876 1
214 230 1
214 297 1
214 692 1
214 1044 1
214 1076 1
214 1175 1
214 1210 1
214 1463 1
214 1564 1
214 1641 1
214 1667 1
214 1695 1
214 1896 1
215 260 1
215 400 1
215 403 1
215 750 1
215 980 1
215 1347 1
215 1689 1
216 222 1
216 388 1
216 640 1
216 692 1
216 1084 1
216 1340 1
216 1599 1
217 339 1
218 810 1
218 928 1
218 1837 1
219 221 1
219 463 1
219 680 1
219 881 1
219 935 1
219 1648 1
220 288 1
220 417 1
220 427 1
220 462 1
220 488 1
220 852 1
220 933 1
220 984 1
220 1085 1
220 1139 1
220 1226 1
220 1277 1
220 1406 1
220 1678 1
220 1819 1
222 696 1
222 867 1
222 1258 1
222 1328 1
222 1473 1
222 1609 1
222 1845 1
223 271 1
223 416 1
223 1131 1
223 1431 1
223 1441 1
223 1703 1
224 248 1
224 364 1
224 388 1
224 697 1
224 714 1
224 1221 1
224 1266 1
224 1427 1
225 259 1
225 516 1
225 1287 1
226 507 1
226 634 1
226 1330 1
227 267 1
227 278 1
227 309 1
227 415 1
227 615 1
227 1065 1
227 1128 1
227 1167 1
227 1659 1
228 418 1
228 653 1
228 787 1
228 985 1
229 245 1
229 347 1
229 389 1
229 623 1
229 690 1
229 1048 1
229 1133 1
229 1559 1
229 1833 1
230 457 1
230 891 1
230 1029 1
230 1087 1
230 1368 1
230 1379 1
230 1391 1
230 1452 1
230 1666 1
231 249 1
231 369 1
231 470 1
231 502 1
231 872 1
231 897 1
231 1012 1
231 1632 1
231 1898 1
232 487 1
232 618 1
232 647 1
232 880 1
232 1080 1
232 1690 1
232 1704 1
233 251 1
233 703 1
233 861 1
234 682 1
235 443 1
235 887 1
235 1263 1
235 1408 1
235 1551 1
236 322 1
236 458 1
236 533 1
236 594 1
236 1567 1
236 1590 1
236 1633 1
236 1873 1
237 280 1
237 455 1
237 511 1
237 736 1
237 748 1
237 852 1
237 1071 1
237 1149 1
237 1192 1
237 1526 1
237 1582 1
237 1652 1
237 1785 1
237 1829 1
238 491 1
238 622 1
238 713 1
238 1162 1
238 1644 1
238 1747 1
239 252 1
239 516 1
239 541 1
239 556 1
239 617 1
239 757 1
239 995 1
239 1585 1
239 1769 1
239 1802 1
239 1878 1
240 408 1
240 609 1
241 402 1
241 735 1
241 820 1
241 1113 1
241 1115 1
242 382 1
242 384 1
242 489 1
242 873 1
242 937 1
242 970 1
242 981 1
242 1218 1
242 1326 1
242 1331 1
242 1589 1
242 1747 1
243 296 1
243 352 1
243 353 1
243 404 1
243 415 1
243 442 1
243 502 1
243 567 1
243 664 1
243 851 1
243 1324 1
243 1481 1
243 1664 1
243 1708 1
244 373 1
244 598 1
244 676 1
244 1345 1
244 1719 1
245 262 1
245 312 1
245 415 1
245 419 1
245 420 1
245 484 1
245 519 1
245 593 1
245 600 1
245 702 1
245 802 1
245 878 1
245 1799 1
246 262 1
246 778 1
246 794 1
246 910 1
246 1088 1
246 1295 1
247 377 1
247 439 1
247 518 1
247 1217 1
248 394 1
248 701 1
249 286 1
249 428 1
249 497 1
249 538 1
249 606 1
249 682 1
249 1016 1
249 1118 1
249 1491 1
249 1526 1
249 1631 1
250 255 1
250 300 1
250 332 1
250 500 1
250 595 1
250 752 1
250 1410 1
250 1466 1
250 1529 1
251 265 1
251 278 1
251 294 1
251 313 1
251 463 1
251 557 1
251 705 1
251 738 1
251 838 1
251 925 1
251 943 1
251 959 1
251 1032 1
251 1073 1
251 1138 1
252 331 1
252 351 1
252 486 1
252 500 1
252 519 1
252 646 1
252 781 1
252 1046 1
252 1185 1
252 1661 1
252 1677 1
252 1813 1
253 380 1
253 507 1
254 608 1
254 632 1
254 671 1
254 727 1
254 1125 1
254 1136 1
254 1640 1
254 1694 1
254 1768 1
255 258 1
255 666 1
255 1321 1
255 1513 1
255 1642 1
256 325 1
256 513 1
256 535 1
256 899 1
256 1238 1
256 1487 1
256 1859 1
257 289 1
257 315 1
257 421 1
257 459 1
257 476 1
257 511 1
257 660 1
257 884 1
257 992 1
257 1342 1
257 1419 1
257 1561 1
258 802 1
258 1499 1
258 1646 1
258 1772 1
259 430 1
259 495 1
259 515 1
259 532 1
259 716 1
259 732 1
259 883 1
259 1382 1
259 1414 1
259 1436 1
259 1709 1
260 262 1
260 393 1
260 481 1
260 487 1
260 582 1
260 981 1
260 1226 1
260 1243 1
260 1495 1
260 1505 1
261 458 1
261 854 1
261 1072 1
261 1282 1
261 1818 1
262 334 1
262 460 1
262 466 1
262 590 1
262 829 1
262 952 1
262 1278 1
262 1857 1
263 637 1
263 722 1
263 1883 1
264 1819 1
265 329 1
265 339 1
265 456 1
265 525 1
265 810 1
265 1101 1
265 1315 1
265 1492 1
265 1593 1
265 1630 1
265 1893 1
266 355 1
266 1435 1
266 1564 1
266 1611 1
266 1663 1
266 1794 1
267 288 1
267 321 1
267 592 1
267 748 1
267 773 1
267 1052 1
267 1097 1
267 1145 1
267 1163 1
267 1336 1
267 1451 1
267 1555 1
268 306 1
268 654 1
268 726 1
268 805 1
268 853 1
268 1202 1
268 1248 1
268 1294 1
268 1455 1
269 372 1
269 385 1
269 782 1
269 1057 1
269 1306 1
270 437 1
270 969 1
270 1006 1
270 1051 1
270 1692 1
271 298 1
271 302 1
271 410 1
271 433 1
271 454 1
271 491 1
271 604 1
271 728 1
271 793 1
271 824 1
271 869 1
271 911 1
271 993 1
271 1074 1
271 1148 1
271 1344 1
271 1442 1
271 1568 1
271 1659 1
271 1862 1
272 368 1
272 544 1
272 549 1
272 621 1
272 692 1
273 287 1
273 296 1
273 464 1
273 563 1
273 686 1
273 1027 1
273 1201 1
273 1307 1
273 1602 1
273 1623 1
274 489 1
274 660 1
274 1852 1
275 277 1
275 507 1
275 551 1
275 575 1
275 605 1
275 696 1
275 845 1
275 853 1
275 892 1
275 955 1
275 1017 1
275 1329 1
275 1382 1
275 1584 1
275 1833 1
275 1862 1
276 361 1
276 508 1
276 609 1
276 877 1
276 1208 1
276 1223 1
276 1895 1
277 311 1
277 1064 1
278 382 1
278 423 1
278 834 1
278 1815 1
279 336 1
279 822 1
279 1177 1
280 997 1
280 1048 1
281 440 1
282 467 1
282 1040 1
282 1309 1
283 402 1
283 436 1
283 455 1
283 584 1
283 613 1
283 777 1
283 798 1
283 1290 1
283 1292 1
283 1385 1
283 1549 1
283 1647 1
283 1819 1
284 641 1
284 657 1
284 1168 1
284 1471 1
284 1862 1
285 308 1
285 320 1
285 440 1
285 801 1
285 1132 1
285 1391 1
286 373 1
286 455 1
286 517 1
287 661 1
287 717 1
287 1161 1
287 1611 1
288 291 1
288 309 1
288 505 1
288 674 1
288 781 1
288 856 1
288 1563 1
289 315 1
289 373 1
289 413 1
289 414 1
289 416 1
289 418 1
289 605 1
289 729 1
289 814 1
289 830 1
289 903 1
289 973 1
289 1187 1
289 1195 1
289 1406 1
289 1409 1
289 1512 1
289 1687 1
289 1777 1
290 723 1
290 914 1
290 972 1
290 1193 1
290 1392 1
290 1507 1
290 1775 1
290 1811 1
290 1870 1
291 763 1
291 1146 1
291 1492 1
291 1569 1
292 344 1
292 1393 1
293 506 1
293 1082 1
293 1143 1
293 1407 1
293 1572 1
294 313 1
294 338 1
294 405 1
294 768 1
294 1021 1
295 401 1
295 586 1
295 769 1
295 796 1
295 901 1
295 934 1
295 1097 1
295 1325 1
295 1792 1
295 1817 1
296 1343 1
296 1444 1
296 1641 1
297 319 1
297 812 1
297 1250 1
297 1427 1
299 569 1
299 626 1
299 780 1
299 1058 1
299 1271 1
299 1575 1
299 1884 1
300 345 1
300 420 1
300 470 1
300 573 1
300 595 1
300 973 1
300 1150 1
300 1224 1
300 1286 1
300 1412 1
300 1879 1
301 422 1
301 429 1
301 795 1
301 856 1
301 1005 1
301 1235 1
302 566 1
302 869 1
302 1003 1
303 635 1
303 917 1
303 1141 1
304 305 1
304 612 1
304 777 1
304 819 1
304 821 1
304 850 1
304 1242 1
304 1418 1
304 1659 1
305 315 1
305 316 1
305 454 1
305 485 1
305 624 1
305 725 1
305 786 1
305 836 1
305 853 1
305 867 1
305 950 1
305 1103 1
305 1196 1
305 1222 1
305 1397 1
305 1521 1
305 1566 1
305 1854 1
307 385 1
307 808 1
307 1146 1
307 1468 1
307 1813 1
308 336 1
308 344 1
308 545 1
308 610 1
308 778 1
308 858 1
308 876 1
308 944 1
308 1075 1
308 1687 1
308 1789 1
309 1545 1
310 396 1
310 566 1
310 636 1
310 1639 1
311 470 1
311 480 1
311 993 1
311 1197 1
311 1341 1
311 1666 1
311 1723 1
312 425 1
312 462 1
312 1005 1
312 1190 1
313 410 1
313 413 1
313 472 1
313 651 1
313 959 1
313 1019 1
313 1154 1
313 1288 1
313 1456 1
313 1470 1
314 893 1
314 909 1
314 925 1
314 1234 1
314 1405 1
314 1832 1
315 490 1
315 1024 1
315 1111 1
316 377 1
316 659 1
316 729 1
316 1138 1
316 1680 1
316 1707 1
317 1728 1
318 407 1
318 483 1
318 617 1
318 680 1
318 829 1
318 884 1
318 902 1
318 1065 1
318 1262 1
318 1494 1
318 1576 1
318 1645 1
318 1795 1
318 1813 1
319 590 1
319 683 1
319 1724 1
320 324 1
320 474 1
320 496 1
320 629 1
320 948 1
320 967 1
320 1132 1
320 1316 1
320 1460 1
320 1823 1
320 1880 1
321 408 1
321 594 1
321 628 1
321 933 1
321 1044 1
321 1120 1
321 1238 1
321 1240 1
321 1458 1
321 1619 1
321 1626 1
321 1684 1
321 1723 1
321 1828 1
322 1021 1
323 355 1
323 554 1
323 1152 1
323 1277 1
323 1710 1
323 1778 1
324 414 1
324 506 1
324 670 1
324 786 1
324 879 1
324 965 1
324 1104 1
324 1377 1
324 1454 1
324 1702 1
325 331 1
325 441 1
325 488 1
325 734 1
325 806 1
325 874 1
325 979 1
325 1365 1
325 1856 1
326 368 1
326 460 1
326 639 1
326 779 1
326 928 1
326 1036 1
326 1050 1
326 1332 1
326 1338 1
326 1818 1
327 986 1
327 1463 1
327 1847 1
328 376 1
328 583 1
328 631 1
328 813 1
328 814 1
328 992 1
328 1130 1
328 1558 1
330 524 1
330 1171 1
330 1173 1
330 1456 1
330 1583 1
330 1726 1
330 1744 1
331 1046 1
331 1123 1
331 1205 1
331 1349 1
331 1373 1
331 1782 1
331 1865 1
332 379 1
332 497 1
332 528 1
332 1421 1
333 556 1
333 638 1
333 805 1
333 991 1
333 1411 1
335 397 1
335 562 1
335 885 1
335 991 1
335 1112 1
335 1180 1
335 1413 1
335 1724 1
336 775 1
336 791 1
336 809 1
336 1774 1
337 378 1
337 564 1
337 645 1
337 888 1
337 1206 1
337 1408 1
337 1445 1
338 353 1
338 578 1
338 682 1
338 783 1
338 1181 1
338 1193 1
338 1198 1
338 1437 1
339 490 1
339 641 1
339 669 1
339 904 1
339 1470 1
340 386 1
340 495 1
340 753 1
340 843 1
340 924 1
340 1043 1
340 1206 1
340 1237 1
340 1482 1
340 1615 1
340 1758 1
340 1805 1
341 1807 1
342 690 1
342 1200 1
342 1373 1
342 1668 1
342 1775 1
343 346 1
343 931 1
343 959 1
343 1285 1
344 562 1
344 707 1
344 837 1
344 967 1
344 1124 1
344 1169 1
344 1444 1
345 522 1
345 630 1
345 755 1
345 1332 1
345 1852 1
346 366 1
346 417 1
346 513 1
346 589 1
346 625 1
346 992 1
346 1762 1
347 459 1
347 527 1
347 533 1
347 563 1
347 583 1
347 643 1
347 871 1
347 931 1
347 1157 1
347 1163 1
347 1217 1
347 1261 1
347 1677 1
348 656 1
348 1011 1
348 1510 1
348 1544 1
349 545 1
349 591 1
349 723 1
349 746 1
349 1017 1
349 1027 1
349 1093 1
349 1355 1
349 1679 1
349 1813 1
350 845 1
350 1211 1
350 1355 1
351 1084 1
351 1092 1
351 1253 1
351 1257 1
351 1447 1
352 445 1
352 666 1
352 772 1
352 787 1
352 951 1
352 1026 1
352 1263 1
352 1383 1
352 1497 1
352 1894 1
354 506 1
354 560 1
354 568 1
354 1057 1
354 1126 1
354 1362 1
354 1404 1
354 1716 1
355 433 1
355 811 1
356 1283 1
357 429 1
357 669 1
357 857 1
357 1014 1
357 1051 1
357 1079 1
357 1572 1
357 1827 1
357 1843 1
358 446 1
358 1337 1
358 1576 1
359 719 1
360 447 1
360 456 1
360 467 1
360 783 1
360 817 1
360 869 1
361 362 1
361 371 1
361 602 1
361 767 1
361 908 1
361 1032 1
361 1635 1
361 1770 1
362 473 1
362 567 1
362 668 1
362 926 1
362 937 1
362 1322 1
362 1652 1
363 564 1
363 860 1
364 429 1
364 662 1
364 916 1
364 1114 1
364 1206 1
364 1208 1
364 1315 1
364 1617 1
364 1633 1
364 1644 1
365 571 1
365 884 1
365 1070 1
366 675 1
366 865 1
366 869 1
366 1013 1
366 1050 1
366 1109 1
366 1895 1
367 448 1
367 517 1
367 674 1
367 730 1
367 788 1
367 902 1
367 984 1
367 1235 1
367 1440 1
367 1495 1
367 1690 1
367 1726 1
367 1772 1
368 551 1
368 559 1
368 806 1
368 964 1
368 1147 1
368 1251 1
368 1737 1
369 607 1
369 657 1
369 772 1
369 878 1
369 922 1
369 1073 1
369 1095 1
369 1515 1
369 1812 1
370 428 1
370 509 1
370 797 1
370 999 1
370 1103 1
370 1236 1
370 1408 1
370 1429 1
370 1465 1
371 407 1
371 483 1
371 1281 1
371 1537 1
371 1626 1
372 471 1
373 695 1
373 780 1
373 1384 1
373 1501 1
373 1516 1
373 1537 1
374 513 1
374 645 1
374 769 1
374 940 1
374 977 1
374 1155 1
374 1545 1
375 393 1
375 394 1
375 416 1
375 447 1
375 734 1
375 965 1
375 967 1
375 1045 1
375 1397 1
375 1536 1
375 1889 1
377 821 1
377 961 1
377 1141 1
377 1714 1
378 1206 1
378 1302 1
378 1306 1
378 1343 1
378 1457 1
378 1523 1
379 662 1
379 1719 1
380 443 1
380 616 1
380 675 1
380 949 1
380 1447 1
381 426 1
381 510 1
381 809 1
382 498 1
382 1052 1
382 1517 1
382 1598 1
383 476 1
383 905 1
383 1485 1
384 654 1
384 1317 1
384 1582 1
384 1825 1
385 527 1
385 565 1
385 888 1
385 1221 1
385 1805 1
386 753 1
386 1309 1
386 1725 1
386 1758 1
387 998 1
388 390 1
388 530 1
388 663 1
388 667 1
388 1387 1
388 1562 1
389 394 1
389 435 1
389 1423 1
389 1511 1
389 1549 1
390 619 1
391 1390 1
391 1876 1
392 718 1
392 754 1
392 1100 1
392 1656 1
393 407 1
393 482 1
393 583 1
393 640 1
393 693 1
393 786 1
393 879 1
393 1118 1
393 1139 1
393 1493 1
393 1842 1
393 1884 1
394 741 1
394 1036 1
394 1374 1
394 1387 1
394 1595 1
394 1678 1
395 493 1
395 580 1
395 628 1
395 812 1
395 821 1
395 844 1
395 1108 1
395 1271 1
395 1595 1
395 1643 1
397 584 1
397 724 1
397 791 1
397 1083 1
397 1734 1
397 1837 1
398 529 1
398 672 1
398 1141 1
398 1237 1
398 1548 1
398 1600 1
398 1860 1
399 565 1
399 1415 1
399 1557 1
400 626 1
400 956 1
400 1497 1
400 1696 1
401 477 1
401 491 1
401 505 1
401 526 1
401 558 1
401 838 1
401 898 1
401 1022 1
401 1165 1
401 1167 1
401 1181 1
401 1461 1
401 1535 1
401 1538 1
401 1559 1
401 1576 1
401 1630 1
401 1663 1
401 1684 1
401 1708 1
401 1725 1
401 1812 1
401 1828 1
402 439 1
402 584 1
402 1170 1
402 1334 1
403 926 1
403 1083 1
403 1105 1
403 1196 1
403 1224 1
403 1550 1
403 1692 1
404 467 1
404 685 1
404 700 1
404 798 1
404 1022 1
404 1275 1
404 1467 1
405 486 1
405 597 1
405 691 1
405 1209 1
405 1311 1
405 1393 1
405 1404 1
405 1578 1
405 1849 1
406 555 1
406 865 1
407 988 1
408 600 1
408 1873 1
409 583 1
409 944 1
410 793 1
410 1010 1
410 1654 1
410 1755 1
411 867 1
411 930 1
411 1137 1
412 447 1
412 747 1
412 950 1
412 1337 1
412 1661 1
413 425 1
413 536 1
413 543 1
413 699 1
413 745 1
413 1043 1
413 1126 1
413 1423 1
413 1477 1
413 1746 1
414 937 1
414 1028 1
414 1183 1
414 1711 1
415 672 1
415 894 1
415 976 1
415 979 1
416 469 1
416 689 1
416 1099 1
417 705 1
418 434 1
418 531 1
418 533 1
418 653 1
418 727 1
418 784 1
418 855 1
418 1405 1
419 474 1
419 524 1
419 597 1
419 1375 1
419 1428 1
420 509 1
421 449 1
423 536 1
423 713 1
423 798 1
423 919 1
423 1002 1
423 1238 1
423 1300 1
423 1650 1
423 1798 1
424 593 1
424 598 1
424 721 1
424 796 1
424 1422 1
425 554 1
425 645 1
425 1091 1
425 1197 1
425 1254 1
425 1378 1
425 1497 1
425 1668 1
425 1828 1
425 1884 1
426 503 1
426 569 1
426 599 1
426 708 1
426 807 1
426 969 1
426 1245 1
426 1279 1
426 1618 1
426 1805 1
427 688 1
427 894 1
427 1153 1
427 1156 1
427 1161 1
427 1386 1
428 434 1
428 478 1
428 727 1
428 846 1
428 1291 1
429 432 1
429 479 1
429 556 1
429 603 1
429 694 1
429 732 1
429 1420 1
430 625 1
430 1035 1
430 1061 1
430 1245 1
431 459 1
431 495 1
431 956 1
431 1007 1
431 1154 1
431 1631 1
431 1846 1
432 435 1
432 601 1
432 609 1
432 662 1
432 1823 1
433 1240 1
433 1675 1
434 734 1
434 1214 1
435 1430 1
436 463 1
436 607 1
436 1301 1
436 1588 1
437 632 1
437 676 1
437 744 1
437 761 1
437 823 1
437 917 1
437 921 1
437 1118 1
437 1251 1
438 837 1
438 854 1
438 980 1
438 998 1
438 1257 1
438 1276 1
438 1613 1
439 491 1
439 521 1
439 534 1
439 649 1
439 1011 1
440 1137 1
440 1224 1
440 1897 1
442 773 1
442 956 1
442 1174 1
443 1001 1
444 452 1
444 523 1
444 721 1
444 1437 1
444 1456 1
445 751 1
445 938 1
445 1334 1
445 1402 1
445 1522 1
445 1688 1
445 1866 1
446 511 1
447 665 1
447 902 1
447 1444 1
448 846 1
448 1088 1
448 1566 1
449 1504 1
450 929 1
451 789 1
451 1092 1
451 1686 1
452 512 1
452 1016 1
452 1670 1
452 1873 1
453 597 1
453 642 1
453 652 1
453 776 1
453 843 1
453 912 1
453 942 1
453 1111 1
453 1194 1
453 1428 1
453 1602 1
453 1632 1
454 1283 1
454 1461 1
454 1580 1
455 1282 1
455 1319 1
455 1392 1
456 1762 1
457 733 1
457 1199 1
458 1200 1
458 1362 1
458 1754 1
458 1814 1
458 1870 1
459 614 1
460 568 1
460 1670 1
461 1459 1
462 492 1
462 679 1
462 761 1
462 797 1
463 618 1
463 1396 1
463 1486 1
464 687 1
464 983 1
464 1182 1
465 613 1
465 936 1
465 939 1
465 1012 1
465 1433 1
465 1872 1
466 743 1
467 1212 1
468 544 1
468 895 1
468 1068 1
469 581 1
469 944 1
469 982 1
469 1316 1
469 1367 1
470 475 1
470 480 1
470 730 1
470 897 1
470 1377 1
471 478 1
471 841 1
471 1299 1
471 1301 1
471 1558 1
471 1648 1
471 1656 1
472 643 1
472 776 1
472 818 1
472 1651 1
472 1816 1
473 774 1
473 947 1
473 1556 1
473 1577 1
474 693 1
474 699 1
474 750 1
474 1375 1
475 1124 1
475 1310 1
476 1046 1
476 1090 1
476 1145 1
476 1475 1
476 1492 1
476 1590 1
476 1629 1
477 554 1
477 561 1
477 906 1
477 926 1
477 1007 1
477 1113 1
477 1442 1
477 1577 1
478 1249 1
478 1601 1
478 1897 1
479 692 1
479 1300 1
479 1490 1
479 1503 1
479 1532 1
480 608 1
481 935 1
482 976 1
482 1603 1
482 1768 1
483 1883 1
484 1304 1
484 1459 1
485 761 1
485 1298 1
485 1489 1
485 1570 1
486 1064 1
486 1648 1
487 610 1
487 720 1
487 929 1
487 961 1
487 1164 1
487 1589 1
487 1608 1
488 542 1
488 998 1
488 1150 1
488 1213 1
488 1244 1
488 1507 1
489 862 1
490 943 1
490 1033 1
490 1110 1
490 1550 1
491 521 1
492 673 1
492 1296 1
494 519 1
494 535 1
494 1153 1
494 1776 1
496 599 1
496 1664 1
497 645 1
497 697 1
497 1360 1
497 1522 1
497 1535 1
497 1752 1
498 667 1
498 858 1
498 1050 1
498 1185 1
498 1221 1
498 1563 1
498 1647 1
498 1722 1
498 1741 1
498 1769 1
500 572 1
500 590 1
500 624 1
500 775 1
500 899 1
500 1552 1
500 1644 1
500 1772 1
501 1811 1
502 872 1
502 1796 1
502 1818 1
503 1737 1
504 823 1
504 1130 1
505 709 1
505 1355 1
505 1769 1
506 534 1
506 556 1
506 677 1
506 863 1
506 1013 1
506 1136 1
507 622 1
507 845 1
507 897 1
507 1026 1
507 1091 1
507 1284 1
507 1619 1
507 1727 1
508 1314 1
508 1467 1
508 1615 1
509 890 1
509 909 1
509 910 1
509 1309 1
510 582 1
510 1037 1
510 1428 1
510 1641 1
510 1859 1
511 526 1
511 1063 1
511 1506 1
511 1702 1
512 1066 1
512 1312 1
513 515 1
513 1086 1
514 804 1
514 1096 1
514 1263 1
514 1350 1
514 1489 1
514 1735 1
515 654 1
515 889 1
515 990 1
515 1174 1
515 1314 1
515 1409 1
515 1573 1
515 1598 1
515 1730 1
517 599 1
517 996 1
517 1136 1
517 1464 1
517 1764 1
518 1152 1
519 913 1
520 570 1
520 710 1
520 1460 1
521 815 1
521 916 1
521 1682 1
521 1853 1
522 566 1
523 1041 1
523 1116 1
523 1889 1
524 651 1
524 743 1
524 1070 1
524 1184 1
527 609 1
527 1230 1
527 1370 1
527 1597 1
528 637 1
528 853 1
528 882 1
529 759 1
530 995 1
530 1372 1
530 1439 1
531 704 1
531 807 1
531 989 1
531 1132 1
531 1235 1
531 1554 1
531 1645 1
532 803 1
532 907 1
532 940 1
532 971 1
532 1145 1
533 1261 1
533 1274 1
534 873 1
534 966 1
534 1087 1
534 1195 1
534 1402 1
534 1560 1
534 1741 1
534 1788 1
535 538 1
535 701 1
535 766 1
535 815 1
536 585 1
536 734 1
536 1136 1
536 1318 1
536 1693 1
537 638 1
537 715 1
537 1140 1
537 1414 1
538 759 1
538 805 1
538 815 1
539 604 1
539 755 1
539 1399 1
539 1501 1
540 549 1
540 574 1
540 599 1
540 663 1
540 801 1
540 1006 1
540 1181 1
540 1484 1
540 1564 1
541 793 1
541 1007 1
541 1429 1
542 691 1
542 1713 1
543 1435 1
543 1746 1
544 879 1
544 1650 1
544 1720 1
544 1803 1
545 745 1
545 1226 1
545 1747 1
546 1010 1
546 1669 1
547 1469 1
548 928 1
548 1540 1
548 1751 1
549 649 1
549 735 1
549 760 1
549 1231 1
549 1542 1
549 1553 1
550 571 1
550 576 1
550 1232 1
550 1515 1
551 585 1
551 1106 1
551 1199 1
551 1464 1
552 1651 1
552 1697 1
553 563 1
553 808 1
553 971 1
553 1016 1
553 1091 1
553 1173 1
553 1518 1
553 1657 1
553 1706 1
553 1750 1
553 1803 1
553 1838 1
554 721 1
554 975 1
554 998 1
554 1090 1
554 1113 1
554 1135 1
554 1394 1
554 1395 1
554 1569 1
554 1571 1
554 1718 1
554 1732 1
554 1817 1
555 1039 1
555 1711 1
555 1826 1
556 1092 1
556 1322 1
556 1845 1
557 831 1
557 993 1
557 1151 1
557 1204 1
557 1260 1
557 1417 1
557 1787 1
558 1676 1
559 1223 1
560 1356 1
561 1049 1
561 1424 1
561 1835 1
563 971 1
563 1228 1
563 1803 1
563 1870 1
565 695 1
565 758 1
565 883 1
565 1098 1
565 1737 1
566 580 1
567 1655 1
567 1784 1
568 741 1
568 809 1
568 970 1
568 1036 1
568 1062 1
568 1500 1
568 1553 1
568 1593 1
568 1720 1
569 718 1
569 794 1
569 875 1
569 897 1
569 912 1
569 943 1
569 1027 1
569 1042 1
569 1085 1
569 1242 1
569 1503 1
569 1536 1
569 1884 1
571 1199 1
571 1398 1
572 1473 1
572 1846 1
573 779 1
573 1645 1
574 801 1
574 1565 1
575 710 1
575 782 1
575 847 1
575 1248 1
576 684 1
576 737 1
576 1449 1
576 1505 1
576 1697 1
576 1892 1
577 842 1
577 866 1
577 1241 1
577 1574 1
578 930 1
578 932 1
578 965 1
578 1093 1
579 783 1
579 994 1
579 1001 1
579 1045 1
579 1259 1
579 1299 1
579 1554 1
581 669 1
581 1051 1
582 812 1
582 824 1
582 864 1
583 728 1
583 799 1
583 987 1
583 1441 1
584 1243 1
585 814 1
585 1045 1
585 1396 1
585 1651 1
585 1699 1
585 1706 1
585 1875 1
587 620 1
587 768 1
587 826 1
587 923 1
587 1184 1
587 1239 1
587 1295 1
587 1573 1
587 1685 1
588 1594 1
589 782 1
589 824 1
589 917 1
589 1894 1
590 686 1
590 1020 1
591 618 1
591 881 1
592 1303 1
593 878 1
593 1658 1
594 798 1
594 1684 1
594 1781 1
595 643 1
595 1216 1
595 1387 1
595 1449 1
595 1602 1
596 988 1
596 1427 1
596 1539 1
596 1753 1
597 754 1
597 1031 1
597 1049 1
597 1194 1
598 833 1
599 802 1
599 953 1
599 1068 1
599 1219 1
599 1779 1
599 1864 1
600 774 1
600 1853 1
601 646 1
601 648 1
601 654 1
601 1149 1
601 1651 1
601 1849 1
602 1536 1
602 1591 1
603 722 1
603 1228 1
603 1467 1
603 1761 1
603 1839 1
603 1841 1
604 1399 1
604 1842 1
605 766 1
605 903 1
605 1036 1
605 1102 1
606 658 1
606 1411 1
607 615 1
607 619 1
607 877 1
607 1188 1
607 1202 1
607 1253 1
607 1608 1
607 1753 1
609 758 1
609 801 1
609 1134 1
609 1484 1
609 1900 1
610 740 1
611 896 1
611 1205 1
611 1264 1
611 1652 1
612 1415 1
613 849 1
613 1000 1
613 1218 1
613 1313 1
613 1738 1
613 1811 1
614 620 1
614 725 1
614 1003 1
614 1043 1
614 1700 1
614 1758 1
614 1796 1
615 1280 1
615 1764 1
616 651 1
617 738 1
617 833 1
617 885 1
617 1082 1
617 1513 1
618 635 1
618 742 1
618 762 1
618 769 1
618 1146 1
618 1546 1
618 1751 1
618 1754 1
618 1869 1
620 777 1
621 625 1
621 764 1
621 986 1
621 1062 1
621 1280 1
621 1453 1
621 1488 1
621 1615 1
621 1769 1
622 1166 1
622 1274 1
622 1759 1
623 1516 1
624 1030 1
625 862 1
625 933 1
625 1270 1
625 1660 1
626 663 1
626 954 1
626 1647 1
626 1671 1
627 1024 1
627 1483 1
627 1644 1
627 1697 1
627 1802 1
628 1114 1
629 999 1
629 1364 1
630 1123 1
630 1370 1
631 1165 1
631 1404 1
632 1033 1
632 1241 1
632 1761 1
633 706 1
634 658 1
634 1548 1
634 1807 1
635 917 1
635 1162 1
635 1422 1
637 656 1
637 1482 1
637 1499 1
638 1289 1
638 1798 1
639 661 1
639 1106 1
641 723 1
642 776 1
642 1377 1
643 963 1
643 1233 1
643 1426 1
643 1691 1
643 1868 1
644 960 1
644 1142 1
644 1218 1
645 678 1
645 1116 1
645 1453 1
646 844 1
647 1189 1
647 1309 1
647 1521 1
647 1801 1
648 657 1
648 1257 1
648 1483 1
648 1550 1
648 1793 1
649 1071 1
649 1382 1
650 1258 1
650 1468 1
651 826 1
651 1529 1
651 1890 1
652 1122 1
652 1448 1
652 1460 1
652 1792 1
653 1564 1
654 1249 1
654 1353 1
654 1791 1
655 868 1
655 1137 1
656 1282 1
656 1297 1
657 1166 1
657 1622 1
658 790 1
658 1621 1
660 670 1
660 1361 1
660 1740 1
661 954 1
661 1069 1
661 1610 1
661 1795 1
662 756 1
662 1539 1
662 1710 1
663 713 1
663 729 1
663 1790 1
663 1887 1
664 708 1
664 1447 1
664 1465 1
664 1525 1
665 1848 1
666 704 1
666 715 1
666 1010 1
666 1080 1
667 702 1
667 870 1
667 907 1
667 1034 1
667 1271 1
667 1379 1
667 1779 1
668 926 1
668 958 1
668 1054 1
668 1333 1
668 1353 1
668 1740 1
668 1748 1
669 682 1
669 1411 1
670 1201 1
671 1099 1
671 1327 1
672 752 1
672 911 1
672 1149 1
672 1215 1
672 1433 1
672 1436 1
672 1489 1
672 1552 1
672 1816 1
673 752 1
673 1843 1
674 733 1
675 792 1
675 997 1
675 1264 1
675 1303 1
676 771 1
677 850 1
677 971 1
677 1088 1
677 1147 1
677 1233 1
677 1586 1
677 1739 1
678 1396 1
679 1130 1
679 1495 1
681 1514 1
681 1574 1
681 1616 1
682 1357 1
682 1450 1
683 713 1
683 1632 1
683 1797 1
684 724 1
684 864 1
684 1090 1
684 1485 1
685 800 1
685 1454 1
685 1581 1
685 1866 1
689 770 1
689 1745 1
691 1688 1
691 1692 1
691 1749 1
691 1835 1
692 795 1
692 1107 1
692 1658 1
693 1236 1
693 1833 1
694 1676 1
694 1868 1
695 895 1
696 744 1
696 808 1
696 1126 1
696 1499 1
697 784 1
697 857 1
697 1685 1
697 1854 1
697 1856 1
698 851 1
698 1443 1
698 1717 1
699 1432 1
700 886 1
701 1146 1
701 1243 1
702 753 1
703 938 1
704 720 1
704 937 1
704 1057 1
704 1487 1
705 1103 1
705 1216 1
705 1798 1
706 1733 1
707 1022 1
707 1169 1
707 1476 1
707 1675 1
709 717 1
710 896 1
710 1158 1
710 1341 1
711 763 1
711 1179 1
711 1672 1
711 1817 1
711 1829 1
712 901 1
713 1336 1
713 1898 1
714 830 1
714 1086 1
714 1891 1
716 849 1
716 1735 1
718 747 1
718 791 1
718 1069 1
718 1230 1
720 822 1
720 835 1
720 958 1
721 816 1
721 1035 1
721 1110 1
721 1167 1
721 1311 1
721 1318 1
722 1055 1
722 1380 1
722 1854 1
723 1213 1
723 1299 1
723 1716 1
723 1786 1
724 761 1
724 1123 1
724 1633 1
724 1637 1
724 1733 1
725 1005 1
725 1403 1
725 1622 1
726 891 1
726 951 1
726 1164 1
727 1505 1
727 1574 1
728 905 1
730 822 1
730 986 1
730 1154 1
730 1371 1
731 1469 1
731 1556 1
731 1596 1
731 1682 1
731 1847 1
733 779 1
733 1110 1
733 1416 1
733 1730 1
734 1047 1
734 1416 1
735 851 1
735 908 1
736 1307 1
736 1396 1
736 1446 1
737 893 1
737 1279 1
737 1478 1
738 1486 1
739 1270 1
739 1317 1
739 1402 1
739 1479 1
739 1815 1
740 1207 1
744 1099 1
745 775 1
745 1472 1
745 1617 1
745 1763 1
747 1485 1
748 1068 1
748 1120 1
748 1900 1
749 949 1
749 1023 1
749 1134 1
749 1189 1
749 1367 1
749 1455 1
749 1493 1
749 1704 1
749 1834 1
752 1043 1
752 1383 1
753 867 1
753 915 1
753 954 1
753 1009 1
753 1114 1
753 1580 1
754 1628 1
755 795 1
755 836 1
755 1120 1
755 1841 1
756 1168 1
756 1840 1
757 1422 1
757 1474 1
758 1209 1
759 1748 1
759 1855 1
760 1039 1
760 1104 1
760 1386 1
760 1462 1
760 1476 1
760 1741 1
760 1821 1
761 773 1
761 1249 1
761 1479 1
761 1893 1
763 925 1
764 825 1
764 882 1
764 885 1
764 887 1
764 1849 1
765 1015 1
765 1496 1
766 772 1
766 800 1
766 1535 1
766 1572 1
767 788 1
768 923 1
768 1439 1
768 1580 1
769 1078 1
769 1267 1
771 932 1
772 948 1
772 1001 1
772 1095 1
772 1340 1
772 1367 1
772 1378 1
772 1384 1
772 1409 1
772 1417 1
772 1420 1
773 979 1
773 990 1
773 1822 1
774 1182 1
774 1804 1
775 1092 1
778 1207 1
778 1790 1
779 785 1
780 1416 1
782 818 1
782 927 1
782 1044 1
782 1054 1
783 981 1
783 1215 1
783 1365 1
783 1673 1
785 842 1
785 929 1
785 1030 1
785 1490 1
786 1104 1
786 1327 1
786 1361 1
787 1822 1
789 962 1
789 1041 1
789 1064 1
789 1148 1
789 1479 1
790 1248 1
790 1285 1
790 1595 1
790 1642 1
791 1275 1
792 907 1
792 1401 1
792 1689 1
792 1717 1
793 866 1
793 1187 1
793 1450 1
793 1810 1
794 1364 1
795 919 1
795 1313 1
795 1512 1
795 1533 1
795 1735 1
796 1614 1
796 1625 1
797 852 1
797 870 1
798 1784 1
799 984 1
799 1129 1
799 1760 1
800 1158 1
800 1172 1
800 1394 1
800 1544 1
800 1560 1
800 1566 1
801 1055 1
801 1245 1
801 1708 1
802 895 1
802 1063 1
804 1646 1
804 1722 1
805 858 1
805 1029 1
805 1172 1
805 1181 1
805 1487 1
806 1216 1
806 1272 1
807 1783 1
808 1075 1
808 1310 1
808 1475 1
810 920 1
810 1005 1
811 1188 1
811 1259 1
811 1719 1
812 827 1
813 1571 1
815 1047 1
815 1435 1
815 1684 1
817 840 1
817 1164 1
818 921 1
818 1008 1
818 1171 1
818 1597 1
818 1778 1
818 1886 1
819 1055 1
819 1403 1
819 1840 1
822 1165 1
825 972 1
825 1202 1
825 1634 1
827 1280 1
827 1877 1
828 1685 1
829 1625 1
830 889 1
830 1198 1
830 1860 1
831 1186 1
831 1343 1
833 886 1
833 1250 1
833 1721 1
834 1654 1
836 1331 1
836 1407 1
838 1368 1
839 1162 1
839 1814 1
840 949 1
840 1100 1
840 1763 1
841 915 1
841 927 1
841 1286 1
841 1420 1
841 1715 1
842 860 1
842 1075 1
842 1094 1
842 1112 1
842 1756 1
842 1877 1
842 1893 1
843 968 1
843 1211 1
844 900 1
844 1276 1
844 1452 1
845 1003 1
848 1556 1
849 1208 1
849 1613 1
850 1790 1
851 1096 1
851 1151 1
851 1405 1
853 904 1
854 1514 1
854 1789 1
855 1187 1
858 1225 1
858 1519 1
858 1698 1
859 1111 1
860 1330 1
860 1705 1
862 1175 1
862 1359 1
863 1639 1
864 1028 1
864 1458 1
865 947 1
865 1114 1
866 958 1
866 1030 1
866 1774 1
867 985 1
867 1124 1
868 884 1
868 1612 1
869 1783 1
870 1300 1
870 1703 1
871 1880 1
874 1117 1
874 1671 1
875 904 1
875 936 1
875 983 1
875 1083 1
875 1240 1
875 1368 1
875 1782 1
876 1172 1
876 1234 1
878 1550 1
879 1287 1
880 921 1
880 1503 1
881 1080 1
881 1246 1
881 1668 1
881 1888 1
882 1350 1
882 1866 1
882 1879 1
883 914 1
883 1545 1
884 1614 1
885 1673 1
886 913 1
886 1140 1
886 1584 1
887 1217 1
888 1874 1
889 1179 1
889 1403 1
889 1609 1
890 1060 1
890 1371 1
890 1890 1
891 1289 1
892 918 1
892 1457 1
892 1699 1
894 1037 1
895 1085 1
895 1160 1
895 1381 1
895 1770 1
895 1821 1
896 1477 1
896 1496 1
896 1594 1
897 1567 1
898 1112 1
898 1254 1
898 1376 1
898 1445 1
898 1493 1
898 1502 1
899 1606 1
900 980 1
900 1474 1
901 1851 1
903 1035 1
903 1100 1
903 1179 1
903 1293 1
906 1268 1
906 1806 1
906 1859 1
908 1031 1
908 1431 1
909 1144 1
909 1285 1
909 1340 1
909 1522 1
912 1112 1
912 1129 1
912 1400 1
912 1498 1
913 966 1
913 1074 1
913 1229 1
913 1600 1
914 1002 1
914 1347 1
914 1687 1
914 1729 1
915 1305 1
915 1846 1
916 1682 1
916 1774 1
917 1378 1
918 922 1
918 1082 1
918 1254 1
919 1585 1
921 1410 1
924 996 1
924 1420 1
925 996 1
925 1746 1
926 1079 1
926 1196 1
927 1053 1
927 1209 1
927 1268 1
927 1521 1
929 938 1
929 1010 1
929 1037 1
931 938 1
931 1108 1
932 1004 1
932 1048 1
932 1068 1
932 1125 1
932 1321 1
932 1681 1
932 1728 1
932 1816 1
933 990 1
933 1244 1
933 1270 1
933 1478 1
933 1594 1
933 1638 1
934 1297 1
934 1335 1
935 961 1
936 1637 1
936 1825 1
937 1711 1
938 1069 1
938 1282 1
939 1211 1
939 1397 1
939 1488 1
939 1759 1
940 946 1
941 1568 1
942 1628 1
943 1142 1
943 1326 1
943 1625 1
943 1808 1
945 1316 1
945 1508 1
945 1742 1
949 1124 1
950 1432 1
950 1661 1
951 1059 1
951 1122 1
951 1156 1
951 1683 1
952 1065 1
952 1269 1
952 1429 1
955 961 1
956 1121 1
956 1255 1
956 1353 1
957 1233 1
958 1072 1
958 1415 1
960 1073 1
964 1059 1
964 1219 1
966 1147 1
966 1225 1
966 1290 1
967 1808 1
968 1067 1
968 1087 1
968 1207 1
968 1265 1
969 1049 1
970 1029 1
970 1161 1
971 1228 1
971 1385 1
971 1558 1
972 1144 1
972 1151 1
973 1617 1
975 1569 1
975 1715 1
977 1867 1
978 1183 1
978 1229 1
980 1458 1
980 1541 1
980 1612 1
981 1197 1
981 1352 1
981 1782 1
981 1855 1
982 1054 1
982 1064 1
985 1060 1
985 1858 1
987 1821 1
988 1286 1
988 1418 1
989 997 1
989 1177 1
989 1665 1
989 1847 1
990 1034 1
993 1340 1
993 1773 1
994 1045 1
994 1334 1
994 1498 1
994 1732 1
994 1755 1
994 1757 1
995 1168 1
995 1263 1
995 1791 1
997 1811 1
998 1159 1
998 1533 1
999 1131 1
1000 1524 1
1000 1607 1
1001 1009 1
1001 1473 1
1003 1284 1
1003 1352 1
1003 1830 1
1005 1208 1
1005 1221 1
1005 1360 1
1005 1773 1
1006 1023 1
1006 1578 1
1006 1832 1
1007 1422 1
1010 1267 1
1011 1125 1
1011 1654 1
1012 1039 1
1013 1061 1
1013 1756 1
1014 1845 1
1015 1367 1
1015 1596 1
1015 1899 1
1018 1572 1
1019 1395 1
1020 1609 1
1022 1466 1
1023 1072 1
1025 1727 1
1026 1782 1
1027 1808 1
1028 1624 1
1031 1539 1
1033 1583 1
1033 1882 1
1034 1086 1
1034 1260 1
1034 1337 1
1034 1528 1
1036 1299 1
1036 1610 1
1037 1301 1
1037 1352 1
1037 1514 1
1037 1581 1
1038 1095 1
1038 1319 1
1039 1642 1
1039 1820 1
1040 1184 1
1042 1345 1
1042 1492 1
1042 1547 1
1045 1439 1
1045 1605 1
1046 1178 1
1046 1268 1
1046 1635 1
1047 1764 1
1048 1281 1
1048 1405 1
1050 1647 1
1050 1828 1
1051 1193 1
1051 1203 1
1054 1450 1
1055 1081 1
1055 1817 1
1056 1438 1
1056 1592 1
1057 1098 1
1057 1307 1
1057 1329 1
1058 1390 1
1058 1439 1
1059 1061 1
1059 1425 1
1059 1704 1
1061 1626 1
1063 1137 1
1063 1858 1
1064 1389 1
1065 1526 1
1065 1696 1
1065 1785 1
1066 1364 1
1067 1126 1
1067 1483 1
1068 1289 1
1068 1583 1
1072 1691 1
1074 1172 1
1074 1731 1
1076 1182 1
1076 1667 1
1076 1878 1
1076 1887 1
1077 1310 1
1078 1104 1
1078 1292 1
1079 1289 1
1079 1291 1
1080 1117 1
1080 1162 1
1082 1192 1
1085 1095 1
1085 1743 1
1086 1094 1
1086 1461 1
1086 1528 1
1086 1580 1
1087 1666 1
1088 1387 1
1088 1778 1
1089 1450 1
1089 1618 1
1090 1845 1
1090 1900 1
1091 1333 1
1091 1351 1
1092 1686 1
1092 1881 1
1093 1142 1
1093 1679 1
1095 1563 1
1096 1636 1
1097 1176 1
1097 1639 1
1097 1645 1
1097 1788 1
1101 1274 1
1101 1328 1
1101 1714 1
1102 1848 1
1103 1328 1
1103 1850 1
1104 1398 1
1105 1294 1
1105 1599 1
1106 1649 1
1107 1121 1
1107 1498 1
1107 1631 1
1107 1831 1
1107 1896 1
1110 1563 1
1110 1683 1
1110 1737 1
1112 1611 1
1112 1728 1
1115 1338 1
1115 1341 1
1121 1180 1
1122 1244 1
1122 1269 1
1123 1357 1
1123 1510 1
1124 1276 1
1124 1375 1
1125 1291 1
1125 1304 1
1125 1592 1
1125 1779 1
1127 1219 1
1127 1524 1
1127 1729 1
1128 1604 1
1129 1364 1
1130 1157 1
1130 1374 1
1130 1694 1
1131 1637 1
1133 1285 1
1134 1247 1
1134 1464 1
1137 1858 1
1140 1531 1
1140 1584 1
1142 1855 1
1143 1349 1
1143 1734 1
1143 1778 1
1146 1869 1
1148 1185 1
1148 1281 1
1148 1592 1
1152 1231 1
1153 1287 1
1157 1694 1
1157 1820 1
1157 1864 1
1158 1481 1
1158 1693 1
1160 1356 1
1161 1591 1
1163 1662 1
1163 1714 1
1165 1707 1
1167 1504 1
1168 1562 1
1169 1276 1
1169 1604 1
1169 1766 1
1171 1303 1
1171 1701 1
1172 1380 1
1172 1502 1
1172 1731 1
1173 1512 1
1174 1433 1
1174 1560 1
1175 1509 1
1176 1844 1
1177 1625 1
1178 1196 1
1178 1528 1
1179 1672 1
1180 1186 1
1180 1375 1
1181 1752 1
1183 1455 1
1183 1844 1
1183 1871 1
1185 1348 1
1186 1325 1
1187 1607 1
1189 1829 1
1190 1434 1
1192 1333 1
1192 1518 1
1193 1278 1
1193 1440 1
1194 1401 1
1195 1400 1
1195 1781 1
1196 1209 1
1200 1302 1
1201 1565 1
1202 1220 1
1204 1463 1
1204 1467 1
1204 1887 1
1205 1635 1
1208 1360 1
1209 1374 1
1209 1578 1
1210 1590 1
1212 1857 1
1213 1636 1
1215 1640 1
1216 1612 1
1217 1734 1
1220 1249 1
1222 1669 1
1222 1814 1
1225 1272 1
1226 1296 1
1229 1448 1
1229 1533 1
1229 1614 1
1229 1882 1
1230 1624 1
1231 1320 1
1231 1542 1
1231 1865 1
1232 1515 1
1232 1677 1
1233 1839 1
1235 1726 1
1236 1384 1
1237 1255 1
1237 1454 1
1237 1860 1
1238 1487 1
1238 1587 1
1238 1727 1
1239 1752 1
1239 1756 1
1240 1581 1
1240 1599 1
1240 1653 1
1241 1443 1
1241 1446 1
1241 1740 1
1243 1776 1
1248 1313 1
1248 1358 1
1248 1807 1
1250 1571 1
1250 1703 1
1250 1838 1
1251 1800 1
1252 1378 1
1252 1426 1
1253 1351 1
1253 1471 1
1254 1679 1
1257 1716 1
1258 1531 1
1258 1609 1
1259 1719 1
1259 1766 1
1263 1312 1
1268 1306 1
1270 1349 1
1270 1574 1
1270 1709 1
1270 1766 1
1272 1460 1
1273 1339 1
1273 1579 1
1273 1837 1
1273 1874 1
1274 1328 1
1275 1825 1
1278 1733 1
1279 1640 1
1282 1818 1
1283 1775 1
1283 1826 1
1289 1540 1
1291 1620 1
1291 1661 1
1291 1702 1
1291 1767 1
1292 1792 1
1292 1843 1
1293 1349 1
1293 1474 1
1294 1306 1
1294 1311 1
1294 1356 1
1294 1452 1
1295 1588 1
1296 1559 1
1299 1554 1
1299 1653 1
1300 1399 1
1302 1388 1
1302 1418 1
1305 1739 1
1306 1592 1
1307 1700 1
1309 1476 1
1309 1521 1
1311 1342 1
1311 1638 1
1312 1553 1
1319 1363 1
1322 1636 1
1326 1655 1
1328 1333 1
1328 1370 1
1328 1473 1
1328 1611 1
1329 1406 1
1334 1415 1
1337 1464 1
1337 1747 1
1338 1533 1
1346 1794 1
1349 1389 1
1349 1570 1
1349 1835 1
1350 1423 1
1351 1530 1
1351 1605 1
1353 1496 1
1354 1529 1
1355 1851 1
1355 1892 1
1356 1475 1
1356 1712 1
1356 1729 1
1357 1824 1
1358 1389 1
1362 1529 1
1364 1839 1
1365 1517 1
1367 1596 1
1368 1369 1
1370 1678 1
1374 1424 1
1374 1670 1
1375 1888 1
1376 1727 1
1379 1481 1
1379 1793 1
1383 1672 1
1389 1401 1
1391 1481 1
1395 1479 1
1396 1544 1
1396 1753 1
1398 1478 1
1398 1527 1
1401 1615 1
1403 1523 1
1405 1761 1
1406 1471 1
1406 1848 1
1411 1425 1
1413 1432 1
1413 1506 1
1413 1527 1
1414 1616 1
1414 1786 1
1418 1458 1
1418 1627 1
1419 1667 1
1422 1766 1
1422 1885 1
1424 1525 1
1426 1781 1
1426 1875 1
1431 1781 1
1432 1809 1
1434 1523 1
1438 1800 1
1440 1734 1
1440 1841 1
1441 1531 1
1442 1804 1
1447 1480 1
1447 1640 1
1451 1610 1
1454 1607 1
1455 1603 1
1456 1620 1
1456 1827 1
1459 1606 1
1460 1889 1
1461 1528 1
1461 1600 1
1461 1831 1
1462 1794 1
1463 1675 1
1463 1822 1
1463 1856 1
1464 1868 1
1465 1501 1
1465 1741 1
1465 1880 1
1470 1799 1
1471 1641 1
1474 1588 1
1474 1816 1
1477 1525 1
1477 1538 1
1481 1631 1
1481 1725 1
1483 1698 1
1491 1628 1
1493 1758 1
1495 1586 1
1495 1593 1
1500 1676 1
1501 1547 1
1502 1543 1
1503 1576 1
1504 1680 1
1505 1804 1
1512 1680 1
1512 1709 1
1512 1868 1
1514 1789 1
1517 1731 1
1518 1649 1
1519 1857 1
1524 1551 1
1524 1601 1
1525 1603 1
1525 1729 1
1525 1836 1
1525 1847 1
1535 1663 1
1537 1581 1
1538 1789 1
1541 1546 1
1542 1613 1
1542 1863 1
1543 1893 1
1546 1561 1
1546 1578 1
1546 1606 1
1546 1693 1
1546 1879 1
1546 1894 1
1547 1660 1
1549 1771 1
1556 1565 1
1556 1831 1
1559 1827 1
1561 1876 1
1566 1591 1
1566 1601 1
1566 1854 1
1568 1838 1
1570 1650 1
1572 1834 1
1574 1788 1
1575 1681 1
1576 1697 1
1577 1806 1
1579 1860 1
1582 1829 1
1591 1601 1
1596 1627 1
1596 1643 1
1597 1806 1
1600 1852 1
1604 1834 1
1608 1619 1
1609 1743 1
1610 1686 1
1611 1862 1
1611 1881 1
1614 1826 1
1615 1679 1
1615 1717 1
1621 1891 1
1625 1796 1
1627 1899 1
1629 1637 1
1629 1662 1
1643 1836 1
1645 1822 1
1646 1743 1
1646 1836 1
1646 1875 1
1647 1671 1
1647 1739 1
1648 1745 1
1649 1823 1
1650 1744 1
1655 1823 1
1656 1784 1
1660 1797 1
1662 1714 1
1662 1841 1
1667 1695 1
1669 1774 1
1673 1744 1
1686 1812 1
1691 1712 1
1692 1765 1
1694 1760 1
1694 1780 1
1704 1836 1
1706 1794 1
1714 1891 1
1715 1773 1
1717 1720 1
1717 1759 1
1732 1867 1
1736 1742 1
1740 1749 1
1742 1885 1
1746 1799 1
1754 1759 1
1754 1760 1
1756 1877 1
1778 1815 1
1778 1886 1
1793 1797 1
1795 1852 1
1798 1830 1
1819 1820 1
1828 1899 1
1832 1896 1
1868 1878 1
