800 3184 
1 5 1
1 7 1
1 8 1
1 9 1
1 10 1
1 12 1
1 13 1
1 27 1
1 34 1
1 43 1
1 46 1
1 59 1
1 60 1
1 64 1
1 73 1
1 75 1
1 91 1
1 99 1
1 101 1
1 124 1
1 142 1
1 145 1
1 164 1
1 165 1
1 175 1
1 177 1
1 179 1
1 190 1
1 215 1
1 280 1
1 287 1
1 288 1
1 294 1
1 302 1
1 306 1
1 321 1
1 350 1
1 361 1
1 373 1
1 387 1
1 431 1
1 471 1
1 496 1
1 497 1
1 502 1
1 504 1
1 511 1
1 541 1
1 550 1
1 552 1
1 615 1
1 641 1
1 666 1
1 668 1
1 693 1
1 696 1
1 703 1
1 706 1
1 716 1
1 738 1
1 739 1
1 766 1
1 770 1
1 771 1
2 5 1
2 6 1
2 9 1
2 15 1
2 17 1
2 18 1
2 19 1
2 30 1
2 32 1
2 36 1
2 41 1
2 44 1
2 46 1
2 49 1
2 60 1
2 61 1
2 63 1
2 78 1
2 81 1
2 89 1
2 92 1
2 93 1
2 99 1
2 105 1
2 120 1
2 129 1
2 132 1
2 165 1
2 173 1
2 183 1
2 186 1
2 196 1
2 237 1
2 241 1
2 250 1
2 256 1
2 287 1
2 288 1
2 307 1
2 308 1
2 327 1
2 355 1
2 382 1
2 390 1
2 403 1
2 439 1
2 448 1
2 474 1
2 485 1
2 534 1
2 548 1
2 553 1
2 659 1
2 752 1
2 768 1
3 5 1
3 6 1
3 7 1
3 8 1
3 9 1
3 11 1
3 14 1
3 15 1
3 16 1
3 18 1
3 21 1
3 22 1
3 34 1
3 45 1
3 50 1
3 53 1
3 57 1
3 66 1
3 78 1
3 79 1
3 80 1
3 84 1
3 90 1
3 112 1
3 115 1
3 119 1
3 122 1
3 125 1
3 127 1
3 138 1
3 140 1
3 166 1
3 179 1
3 180 1
3 199 1
3 270 1
3 277 1
3 331 1
3 342 1
3 361 1
3 374 1
3 381 1
3 385 1
3 413 1
3 433 1
3 441 1
3 455 1
3 459 1
3 466 1
3 469 1
3 481 1
3 489 1
3 511 1
3 539 1
3 540 1
3 542 1
3 571 1
3 574 1
3 586 1
3 661 1
3 669 1
3 688 1
3 736 1
4 5 1
4 6 1
4 11 1
4 13 1
4 19 1
4 21 1
4 37 1
4 43 1
4 75 1
4 84 1
4 97 1
4 100 1
4 135 1
4 150 1
4 155 1
4 162 1
4 209 1
4 221 1
4 249 1
4 267 1
4 330 1
4 354 1
4 391 1
4 426 1
4 455 1
4 456 1
4 466 1
4 499 1
4 541 1
4 562 1
4 592 1
4 685 1
4 709 1
4 740 1
4 781 1
5 6 1
5 7 1
5 8 1
5 11 1
5 15 1
5 20 1
5 23 1
5 25 1
5 29 1
5 31 1
5 38 1
5 46 1
5 53 1
5 68 1
5 79 1
5 81 1
5 86 1
5 87 1
5 94 1
5 104 1
5 105 1
5 107 1
5 108 1
5 112 1
5 113 1
5 118 1
5 134 1
5 155 1
5 161 1
5 168 1
5 188 1
5 207 1
5 212 1
5 234 1
5 243 1
5 244 1
5 276 1
5 280 1
5 286 1
5 290 1
5 314 1
5 316 1
5 336 1
5 343 1
5 348 1
5 357 1
5 365 1
5 372 1
5 376 1
5 390 1
5 398 1
5 405 1
5 414 1
5 435 1
5 442 1
5 449 1
5 456 1
5 462 1
5 466 1
5 469 1
5 491 1
5 504 1
5 553 1
5 556 1
5 574 1
5 595 1
5 622 1
5 645 1
5 766 1
6 7 1
6 8 1
6 9 1
6 10 1
6 13 1
6 16 1
6 19 1
6 20 1
6 22 1
6 23 1
6 26 1
6 27 1
6 28 1
6 30 1
6 33 1
6 35 1
6 36 1
6 40 1
6 45 1
6 63 1
6 68 1
6 72 1
6 78 1
6 93 1
6 101 1
6 113 1
6 126 1
6 144 1
6 156 1
6 169 1
6 172 1
6 178 1
6 180 1
6 189 1
6 193 1
6 197 1
6 199 1
6 201 1
6 207 1
6 210 1
6 228 1
6 265 1
6 267 1
6 269 1
6 271 1
6 290 1
6 327 1
6 332 1
6 335 1
6 343 1
6 370 1
6 372 1
6 392 1
6 396 1
6 399 1
6 402 1
6 409 1
6 424 1
6 478 1
6 485 1
6 498 1
6 506 1
6 535 1
6 548 1
6 565 1
6 570 1
6 593 1
6 606 1
6 637 1
6 641 1
6 681 1
6 702 1
6 716 1
6 751 1
6 792 1
6 793 1
6 800 1
7 14 1
7 32 1
7 34 1
7 72 1
7 81 1
7 102 1
7 117 1
7 125 1
7 136 1
7 209 1
7 235 1
7 363 1
7 397 1
7 449 1
7 472 1
7 526 1
7 554 1
7 705 1
7 723 1
7 772 1
8 10 1
8 12 1
8 14 1
8 20 1
8 27 1
8 28 1
8 38 1
8 39 1
8 46 1
8 47 1
8 62 1
8 67 1
8 83 1
8 93 1
8 94 1
8 105 1
8 107 1
8 122 1
8 123 1
8 127 1
8 132 1
8 138 1
8 148 1
8 156 1
8 163 1
8 183 1
8 187 1
8 197 1
8 207 1
8 264 1
8 267 1
8 280 1
8 309 1
8 322 1
8 330 1
8 341 1
8 351 1
8 357 1
8 450 1
8 462 1
8 470 1
8 485 1
8 488 1
8 505 1
8 520 1
8 521 1
8 529 1
8 589 1
8 591 1
8 608 1
8 612 1
8 693 1
8 698 1
8 718 1
8 728 1
8 776 1
9 10 1
9 11 1
9 12 1
9 16 1
9 17 1
9 18 1
9 23 1
9 24 1
9 30 1
9 31 1
9 33 1
9 38 1
9 39 1
9 40 1
9 42 1
9 52 1
9 56 1
9 66 1
9 70 1
9 71 1
9 79 1
9 82 1
9 87 1
9 88 1
9 91 1
9 98 1
9 100 1
9 110 1
9 119 1
9 128 1
9 130 1
9 147 1
9 158 1
9 179 1
9 202 1
9 236 1
9 254 1
9 260 1
9 261 1
9 282 1
9 284 1
9 299 1
9 323 1
9 325 1
9 339 1
9 381 1
9 432 1
9 459 1
9 476 1
9 545 1
9 563 1
9 591 1
9 605 1
9 610 1
9 618 1
9 640 1
9 671 1
9 687 1
9 757 1
9 765 1
10 13 1
10 21 1
10 39 1
10 48 1
10 73 1
10 80 1
10 81 1
10 112 1
10 116 1
10 163 1
10 176 1
10 221 1
10 228 1
10 262 1
10 274 1
10 285 1
10 376 1
10 467 1
10 468 1
10 541 1
10 546 1
10 579 1
10 593 1
10 639 1
10 664 1
10 754 1
11 12 1
11 14 1
11 16 1
11 24 1
11 25 1
11 26 1
11 29 1
11 38 1
11 39 1
11 42 1
11 48 1
11 51 1
11 53 1
11 54 1
11 69 1
11 70 1
11 74 1
11 76 1
11 97 1
11 103 1
11 114 1
11 120 1
11 135 1
11 138 1
11 140 1
11 145 1
11 147 1
11 149 1
11 150 1
11 155 1
11 157 1
11 161 1
11 178 1
11 183 1
11 185 1
11 198 1
11 200 1
11 213 1
11 219 1
11 224 1
11 236 1
11 259 1
11 275 1
11 304 1
11 305 1
11 326 1
11 358 1
11 397 1
11 400 1
11 403 1
11 407 1
11 424 1
11 426 1
11 448 1
11 455 1
11 460 1
11 481 1
11 500 1
11 528 1
11 533 1
11 535 1
11 547 1
11 551 1
11 587 1
11 622 1
11 636 1
11 661 1
11 680 1
11 732 1
12 21 1
12 31 1
12 73 1
12 85 1
12 139 1
12 195 1
12 203 1
12 275 1
12 314 1
12 471 1
12 556 1
12 655 1
12 659 1
12 746 1
13 25 1
13 29 1
13 54 1
13 153 1
13 163 1
13 177 1
13 191 1
13 208 1
13 212 1
13 219 1
13 250 1
13 254 1
13 266 1
13 275 1
13 364 1
13 400 1
13 417 1
13 425 1
13 470 1
13 593 1
13 603 1
13 644 1
13 674 1
13 711 1
13 745 1
14 15 1
14 17 1
14 23 1
14 24 1
14 28 1
14 35 1
14 36 1
14 47 1
14 50 1
14 75 1
14 82 1
14 85 1
14 88 1
14 90 1
14 146 1
14 147 1
14 152 1
14 167 1
14 211 1
14 237 1
14 238 1
14 246 1
14 278 1
14 280 1
14 308 1
14 310 1
14 344 1
14 366 1
14 373 1
14 374 1
14 382 1
14 419 1
14 436 1
14 461 1
14 486 1
14 493 1
14 509 1
14 575 1
14 578 1
14 612 1
14 724 1
14 735 1
14 768 1
14 784 1
15 19 1
15 20 1
15 24 1
15 25 1
15 26 1
15 28 1
15 29 1
15 33 1
15 44 1
15 47 1
15 55 1
15 68 1
15 77 1
15 83 1
15 84 1
15 89 1
15 98 1
15 111 1
15 131 1
15 148 1
15 159 1
15 174 1
15 187 1
15 193 1
15 227 1
15 251 1
15 260 1
15 266 1
15 287 1
15 335 1
15 340 1
15 361 1
15 367 1
15 385 1
15 391 1
15 392 1
15 395 1
15 410 1
15 494 1
15 495 1
15 519 1
15 531 1
15 540 1
15 546 1
15 585 1
15 626 1
15 631 1
15 665 1
15 730 1
15 766 1
15 767 1
15 787 1
15 788 1
16 17 1
16 22 1
16 31 1
16 64 1
16 74 1
16 142 1
16 146 1
16 197 1
16 209 1
16 227 1
16 241 1
16 269 1
16 315 1
16 515 1
16 572 1
16 778 1
16 782 1
17 18 1
17 27 1
17 50 1
17 53 1
17 77 1
17 106 1
17 110 1
17 137 1
17 139 1
17 231 1
17 306 1
17 346 1
17 395 1
17 406 1
17 465 1
17 520 1
17 523 1
17 545 1
17 558 1
17 705 1
18 22 1
18 32 1
18 44 1
18 58 1
18 130 1
18 145 1
18 174 1
18 185 1
18 190 1
18 226 1
18 240 1
18 274 1
18 287 1
18 300 1
18 309 1
18 320 1
18 362 1
18 446 1
18 462 1
18 473 1
18 501 1
18 512 1
18 552 1
18 694 1
18 707 1
19 36 1
19 40 1
19 41 1
19 61 1
19 67 1
19 113 1
19 116 1
19 129 1
19 139 1
19 167 1
19 206 1
19 228 1
19 238 1
19 246 1
19 267 1
19 281 1
19 307 1
19 508 1
19 512 1
19 540 1
19 580 1
19 611 1
19 699 1
19 708 1
19 712 1
19 774 1
20 35 1
20 41 1
20 44 1
20 54 1
20 59 1
20 72 1
20 121 1
20 132 1
20 143 1
20 150 1
20 158 1
20 162 1
20 189 1
20 204 1
20 210 1
20 223 1
20 225 1
20 235 1
20 249 1
20 255 1
20 355 1
20 369 1
20 387 1
20 458 1
20 487 1
20 492 1
20 508 1
20 633 1
20 645 1
20 651 1
20 654 1
20 668 1
20 779 1
20 787 1
21 37 1
21 49 1
21 56 1
21 74 1
21 89 1
21 114 1
21 230 1
21 233 1
21 252 1
21 257 1
21 313 1
21 346 1
21 368 1
21 378 1
21 380 1
21 408 1
21 409 1
21 492 1
21 502 1
21 601 1
22 42 1
22 54 1
22 60 1
22 101 1
22 103 1
22 160 1
22 171 1
22 263 1
22 275 1
22 282 1
22 440 1
22 635 1
23 26 1
23 43 1
23 68 1
23 80 1
23 86 1
23 150 1
23 170 1
23 254 1
23 463 1
23 475 1
23 480 1
23 548 1
23 562 1
23 566 1
23 594 1
23 671 1
23 762 1
23 768 1
24 30 1
24 52 1
24 60 1
24 79 1
24 172 1
24 295 1
24 315 1
24 329 1
24 542 1
25 51 1
25 212 1
25 268 1
26 63 1
26 69 1
26 127 1
26 236 1
26 336 1
26 416 1
26 422 1
26 430 1
26 452 1
26 573 1
26 574 1
26 649 1
26 686 1
27 45 1
27 47 1
27 65 1
27 69 1
27 127 1
27 138 1
27 339 1
27 471 1
27 484 1
27 597 1
27 625 1
27 783 1
28 45 1
28 67 1
28 90 1
28 100 1
28 125 1
28 160 1
28 164 1
28 192 1
28 510 1
28 555 1
28 586 1
28 660 1
28 674 1
28 714 1
28 754 1
28 776 1
29 32 1
29 34 1
29 37 1
29 49 1
29 59 1
29 70 1
29 125 1
29 128 1
29 143 1
29 160 1
29 272 1
29 299 1
29 401 1
29 478 1
29 504 1
29 537 1
29 585 1
29 596 1
29 602 1
29 615 1
29 616 1
29 646 1
29 776 1
29 777 1
30 51 1
30 52 1
30 59 1
30 61 1
30 62 1
30 96 1
30 123 1
30 178 1
30 186 1
30 207 1
30 214 1
30 401 1
30 426 1
30 436 1
30 439 1
30 442 1
30 450 1
30 461 1
30 542 1
30 646 1
31 51 1
31 58 1
31 72 1
31 105 1
31 122 1
31 128 1
31 136 1
31 187 1
31 249 1
31 281 1
31 301 1
31 311 1
31 420 1
31 431 1
31 466 1
31 530 1
31 717 1
31 769 1
32 33 1
32 35 1
32 41 1
32 48 1
32 87 1
32 117 1
32 136 1
32 296 1
32 319 1
32 381 1
32 618 1
32 690 1
32 698 1
32 706 1
32 734 1
32 737 1
33 97 1
33 104 1
33 109 1
33 116 1
33 139 1
33 183 1
33 194 1
33 239 1
33 286 1
33 295 1
33 457 1
33 498 1
33 628 1
34 42 1
34 49 1
34 56 1
34 71 1
34 87 1
34 137 1
34 143 1
34 165 1
34 188 1
34 253 1
34 269 1
34 294 1
34 316 1
34 326 1
34 343 1
34 396 1
34 415 1
34 431 1
34 457 1
34 463 1
34 464 1
34 609 1
34 613 1
34 669 1
34 765 1
35 37 1
35 40 1
35 48 1
35 55 1
35 66 1
35 75 1
35 106 1
35 132 1
35 152 1
35 154 1
35 157 1
35 210 1
35 218 1
35 225 1
35 268 1
35 300 1
35 302 1
35 317 1
35 358 1
35 371 1
35 416 1
35 443 1
35 529 1
35 563 1
35 565 1
35 619 1
35 631 1
35 660 1
35 682 1
35 791 1
36 57 1
36 58 1
36 61 1
36 65 1
36 71 1
36 95 1
36 111 1
36 134 1
36 144 1
36 167 1
36 195 1
36 237 1
36 305 1
36 324 1
36 347 1
36 353 1
36 388 1
36 489 1
36 505 1
36 617 1
36 636 1
36 643 1
36 652 1
36 754 1
36 787 1
37 91 1
37 118 1
37 133 1
37 153 1
37 173 1
37 227 1
37 244 1
37 257 1
37 323 1
38 43 1
38 55 1
38 85 1
38 111 1
38 121 1
38 238 1
38 256 1
38 369 1
38 370 1
38 380 1
38 402 1
38 433 1
38 442 1
38 537 1
38 611 1
38 621 1
38 691 1
38 748 1
38 755 1
39 76 1
39 282 1
39 347 1
39 744 1
40 58 1
40 169 1
40 198 1
40 209 1
40 223 1
40 239 1
40 240 1
40 341 1
40 441 1
40 621 1
41 154 1
41 489 1
41 645 1
42 77 1
42 80 1
42 115 1
42 126 1
42 159 1
42 179 1
42 189 1
42 247 1
42 266 1
42 328 1
42 359 1
42 379 1
42 387 1
42 401 1
42 405 1
42 482 1
42 509 1
42 516 1
42 518 1
42 524 1
42 557 1
42 567 1
42 599 1
42 654 1
42 684 1
42 733 1
42 774 1
42 780 1
43 128 1
43 144 1
43 159 1
43 201 1
43 247 1
43 256 1
43 273 1
43 349 1
43 375 1
43 546 1
43 588 1
43 598 1
43 599 1
43 602 1
43 653 1
43 670 1
43 761 1
43 798 1
44 52 1
44 76 1
44 88 1
44 122 1
44 146 1
44 154 1
44 181 1
44 222 1
44 229 1
44 312 1
44 354 1
44 417 1
44 440 1
44 483 1
44 549 1
44 595 1
44 637 1
44 711 1
44 715 1
44 761 1
45 50 1
45 56 1
45 57 1
45 70 1
45 82 1
45 106 1
45 134 1
45 156 1
45 451 1
45 484 1
45 783 1
46 57 1
46 62 1
46 94 1
46 119 1
46 120 1
46 141 1
46 151 1
46 168 1
46 173 1
46 191 1
46 216 1
46 220 1
46 242 1
46 291 1
46 434 1
46 458 1
46 538 1
46 589 1
46 725 1
46 758 1
46 761 1
46 781 1
46 796 1
47 64 1
47 113 1
47 177 1
47 243 1
47 286 1
47 474 1
47 509 1
47 567 1
47 697 1
48 101 1
48 102 1
48 198 1
48 216 1
48 224 1
48 258 1
48 291 1
48 309 1
48 330 1
48 393 1
48 443 1
48 532 1
48 695 1
48 769 1
49 66 1
49 103 1
49 107 1
49 121 1
49 124 1
49 133 1
49 145 1
49 176 1
49 193 1
49 231 1
49 235 1
49 258 1
49 260 1
49 284 1
49 360 1
49 368 1
49 391 1
49 395 1
49 398 1
49 513 1
49 597 1
49 620 1
49 629 1
49 642 1
49 657 1
49 792 1
49 795 1
50 147 1
50 271 1
50 279 1
50 306 1
50 603 1
50 724 1
51 109 1
51 151 1
51 353 1
51 356 1
52 76 1
52 90 1
52 95 1
52 99 1
52 108 1
52 111 1
52 117 1
52 165 1
52 190 1
52 192 1
52 204 1
52 218 1
52 221 1
52 229 1
52 296 1
52 334 1
52 341 1
52 638 1
52 701 1
52 725 1
53 63 1
53 64 1
53 71 1
53 77 1
53 92 1
53 100 1
53 118 1
53 131 1
53 169 1
53 171 1
53 200 1
53 212 1
53 217 1
53 298 1
53 331 1
53 468 1
53 483 1
53 597 1
53 607 1
53 627 1
53 698 1
53 720 1
53 727 1
53 764 1
54 55 1
54 82 1
54 115 1
54 142 1
54 149 1
54 162 1
54 224 1
54 345 1
54 352 1
54 467 1
54 550 1
54 567 1
54 594 1
54 614 1
54 649 1
54 725 1
54 731 1
54 768 1
55 65 1
55 67 1
55 84 1
55 152 1
55 182 1
55 194 1
55 208 1
55 232 1
55 394 1
55 428 1
55 446 1
55 486 1
55 627 1
55 722 1
56 93 1
56 96 1
56 123 1
56 535 1
57 78 1
57 360 1
57 564 1
58 65 1
58 117 1
58 197 1
58 356 1
58 552 1
58 582 1
58 590 1
58 633 1
58 762 1
59 62 1
59 140 1
59 172 1
59 285 1
59 435 1
59 514 1
59 551 1
59 565 1
60 94 1
60 240 1
60 510 1
60 575 1
60 600 1
60 761 1
60 770 1
61 73 1
61 98 1
61 108 1
61 121 1
61 216 1
61 292 1
61 298 1
61 350 1
61 353 1
61 386 1
61 410 1
61 429 1
61 487 1
61 584 1
61 675 1
62 154 1
62 388 1
63 92 1
63 244 1
63 284 1
63 416 1
63 462 1
63 629 1
63 693 1
64 91 1
64 504 1
65 74 1
65 95 1
65 102 1
65 106 1
65 110 1
65 116 1
65 129 1
65 153 1
65 180 1
65 205 1
65 238 1
65 239 1
65 246 1
65 270 1
65 286 1
65 310 1
65 333 1
65 338 1
65 385 1
65 473 1
65 483 1
65 503 1
65 523 1
65 538 1
65 635 1
65 640 1
65 675 1
65 775 1
66 69 1
66 151 1
66 203 1
66 241 1
66 263 1
66 342 1
66 408 1
66 631 1
66 667 1
66 704 1
66 781 1
67 92 1
67 124 1
67 129 1
67 133 1
67 157 1
67 176 1
67 190 1
67 215 1
67 229 1
67 265 1
67 383 1
67 394 1
67 405 1
67 427 1
67 472 1
67 519 1
67 569 1
67 636 1
67 658 1
67 703 1
67 772 1
67 785 1
68 83 1
68 153 1
68 192 1
68 194 1
68 216 1
68 226 1
68 271 1
68 276 1
68 281 1
68 313 1
68 351 1
68 360 1
68 369 1
68 389 1
68 460 1
68 497 1
68 501 1
68 615 1
68 630 1
69 83 1
69 135 1
69 365 1
69 448 1
69 511 1
69 690 1
70 95 1
70 143 1
70 218 1
70 253 1
70 262 1
71 170 1
71 613 1
71 626 1
71 678 1
72 124 1
72 141 1
72 223 1
72 364 1
72 407 1
72 581 1
73 102 1
73 120 1
73 126 1
73 182 1
73 193 1
73 204 1
73 211 1
73 292 1
73 314 1
73 322 1
73 375 1
73 409 1
73 502 1
73 503 1
73 534 1
73 584 1
73 667 1
73 687 1
73 713 1
73 773 1
73 775 1
74 107 1
74 239 1
74 732 1
75 97 1
75 118 1
75 157 1
75 196 1
75 211 1
75 261 1
75 289 1
75 314 1
75 330 1
75 332 1
75 480 1
76 86 1
76 88 1
76 135 1
76 204 1
76 215 1
76 310 1
76 559 1
76 618 1
77 99 1
77 148 1
77 168 1
77 220 1
77 245 1
77 384 1
77 439 1
77 629 1
77 702 1
78 104 1
78 376 1
78 377 1
78 751 1
79 96 1
79 104 1
79 146 1
79 338 1
79 477 1
79 626 1
79 635 1
80 115 1
80 136 1
80 233 1
80 302 1
80 322 1
81 202 1
81 261 1
81 464 1
81 689 1
81 776 1
82 114 1
82 123 1
82 159 1
82 288 1
82 419 1
82 495 1
82 561 1
82 590 1
82 714 1
83 85 1
83 86 1
83 119 1
83 142 1
83 172 1
83 185 1
83 225 1
83 272 1
83 304 1
83 308 1
83 415 1
83 450 1
83 452 1
83 517 1
83 603 1
83 750 1
83 753 1
84 679 1
84 786 1
85 98 1
85 114 1
85 144 1
85 195 1
85 421 1
86 112 1
86 213 1
86 251 1
86 279 1
86 605 1
86 686 1
87 155 1
87 252 1
87 528 1
87 568 1
87 597 1
87 600 1
87 622 1
87 677 1
87 723 1
88 89 1
88 340 1
88 414 1
89 345 1
89 352 1
89 559 1
89 573 1
89 652 1
89 691 1
89 778 1
90 235 1
90 422 1
90 551 1
91 130 1
91 162 1
91 171 1
91 221 1
91 231 1
91 234 1
91 242 1
91 319 1
91 400 1
91 474 1
91 531 1
91 540 1
91 647 1
91 735 1
91 770 1
92 96 1
92 103 1
92 158 1
92 313 1
92 318 1
92 517 1
92 594 1
92 700 1
93 248 1
93 269 1
93 323 1
93 325 1
93 515 1
93 598 1
94 217 1
94 248 1
94 258 1
94 283 1
94 312 1
94 790 1
94 799 1
95 263 1
95 573 1
96 264 1
96 336 1
96 351 1
96 509 1
96 567 1
96 753 1
97 184 1
97 217 1
97 260 1
97 492 1
97 630 1
97 749 1
98 151 1
98 469 1
98 707 1
99 166 1
99 274 1
99 423 1
99 449 1
99 458 1
99 508 1
99 611 1
99 649 1
99 670 1
99 720 1
99 771 1
100 149 1
100 307 1
100 370 1
100 372 1
100 650 1
100 684 1
101 443 1
101 460 1
101 583 1
101 605 1
101 704 1
101 786 1
102 108 1
102 182 1
102 248 1
102 312 1
102 445 1
102 682 1
102 742 1
102 743 1
103 109 1
103 170 1
103 181 1
103 294 1
103 297 1
103 398 1
103 411 1
103 577 1
104 109 1
104 137 1
104 189 1
104 195 1
104 227 1
104 254 1
104 270 1
104 298 1
104 305 1
104 460 1
104 479 1
104 595 1
105 220 1
105 461 1
105 598 1
105 674 1
106 134 1
106 182 1
106 249 1
106 255 1
106 334 1
106 384 1
106 791 1
107 110 1
107 126 1
107 130 1
107 131 1
107 168 1
107 174 1
107 293 1
107 408 1
107 501 1
107 650 1
107 733 1
107 745 1
107 784 1
108 188 1
108 290 1
108 301 1
108 328 1
108 469 1
108 526 1
108 601 1
108 793 1
109 149 1
110 171 1
110 206 1
110 338 1
110 369 1
111 244 1
111 652 1
112 248 1
112 356 1
112 465 1
112 524 1
112 582 1
113 131 1
113 253 1
113 340 1
113 418 1
113 523 1
113 573 1
113 635 1
114 140 1
114 175 1
114 562 1
114 714 1
115 164 1
115 206 1
115 224 1
115 231 1
115 296 1
115 325 1
115 354 1
115 700 1
116 148 1
116 174 1
116 184 1
116 417 1
116 476 1
117 200 1
117 202 1
117 247 1
117 273 1
117 609 1
117 730 1
119 169 1
119 196 1
119 213 1
119 438 1
119 539 1
119 549 1
119 600 1
119 794 1
120 141 1
120 338 1
120 440 1
120 487 1
120 757 1
120 758 1
120 778 1
121 278 1
121 611 1
122 133 1
122 447 1
122 489 1
122 517 1
122 556 1
122 568 1
122 576 1
122 596 1
122 673 1
123 220 1
123 232 1
123 379 1
123 390 1
123 416 1
123 592 1
123 793 1
124 186 1
124 311 1
125 156 1
125 184 1
125 208 1
125 222 1
125 297 1
125 404 1
125 503 1
125 574 1
125 661 1
125 747 1
126 166 1
126 344 1
126 395 1
126 482 1
126 560 1
126 713 1
126 719 1
126 721 1
127 137 1
127 180 1
127 230 1
127 283 1
127 510 1
127 581 1
127 773 1
128 170 1
128 175 1
128 185 1
128 196 1
128 205 1
128 234 1
128 331 1
128 397 1
128 402 1
128 545 1
128 628 1
128 742 1
128 796 1
128 799 1
129 176 1
129 233 1
129 297 1
129 349 1
129 472 1
129 762 1
130 141 1
130 263 1
130 325 1
130 392 1
130 421 1
130 430 1
130 627 1
131 217 1
131 278 1
131 319 1
131 568 1
131 591 1
131 719 1
131 790 1
131 794 1
132 160 1
132 608 1
132 725 1
132 772 1
133 379 1
133 454 1
133 491 1
133 619 1
133 795 1
134 203 1
134 295 1
134 372 1
134 423 1
134 520 1
134 553 1
135 178 1
135 436 1
135 473 1
135 780 1
137 200 1
137 264 1
137 296 1
137 491 1
137 512 1
137 521 1
137 651 1
137 767 1
137 789 1
138 371 1
138 455 1
138 485 1
138 606 1
139 186 1
139 259 1
139 434 1
139 464 1
139 543 1
139 641 1
140 152 1
140 230 1
140 458 1
141 278 1
141 343 1
141 366 1
141 479 1
141 494 1
141 632 1
141 751 1
141 779 1
142 163 1
142 211 1
142 345 1
142 382 1
142 480 1
143 166 1
143 250 1
143 253 1
143 262 1
143 272 1
143 410 1
143 454 1
143 604 1
143 728 1
144 201 1
144 350 1
144 684 1
145 247 1
145 268 1
145 333 1
145 335 1
145 382 1
145 425 1
145 637 1
145 738 1
145 759 1
146 243 1
146 362 1
146 501 1
146 642 1
147 175 1
147 188 1
147 214 1
147 233 1
147 544 1
147 558 1
147 618 1
147 622 1
147 633 1
147 663 1
148 158 1
148 161 1
148 187 1
148 219 1
148 222 1
148 333 1
148 337 1
148 364 1
148 409 1
148 430 1
148 552 1
148 643 1
148 676 1
148 718 1
148 791 1
149 167 1
149 177 1
149 184 1
149 214 1
149 276 1
149 302 1
149 303 1
149 326 1
149 507 1
149 576 1
149 601 1
149 726 1
149 785 1
149 799 1
150 222 1
150 283 1
150 352 1
150 356 1
150 365 1
150 373 1
150 456 1
150 720 1
151 236 1
151 326 1
151 392 1
152 245 1
153 161 1
153 181 1
153 191 1
153 214 1
153 265 1
153 297 1
153 475 1
153 705 1
153 744 1
154 232 1
154 368 1
154 380 1
154 406 1
154 518 1
154 570 1
154 572 1
154 617 1
154 665 1
154 685 1
154 701 1
154 797 1
155 202 1
155 347 1
155 468 1
155 651 1
155 668 1
155 713 1
155 780 1
156 250 1
156 265 1
156 353 1
156 427 1
156 444 1
156 697 1
156 753 1
157 164 1
157 261 1
157 291 1
157 342 1
157 359 1
157 680 1
158 383 1
158 594 1
159 303 1
159 424 1
159 484 1
159 496 1
159 531 1
159 746 1
159 760 1
160 479 1
160 655 1
161 199 1
161 456 1
161 535 1
162 218 1
162 329 1
162 335 1
162 385 1
162 435 1
162 506 1
162 536 1
162 586 1
162 600 1
162 678 1
162 754 1
163 215 1
163 219 1
163 281 1
163 290 1
163 312 1
163 324 1
164 547 1
165 181 1
166 337 1
166 412 1
166 516 1
166 557 1
166 577 1
166 654 1
167 173 1
167 237 1
167 255 1
167 311 1
167 739 1
168 374 1
168 446 1
168 479 1
169 285 1
169 351 1
169 399 1
169 412 1
169 583 1
169 793 1
170 257 1
170 444 1
170 499 1
170 614 1
171 266 1
171 631 1
171 727 1
171 772 1
172 421 1
173 210 1
173 213 1
173 292 1
173 344 1
173 352 1
173 375 1
173 472 1
173 557 1
173 767 1
174 208 1
174 470 1
174 699 1
177 488 1
177 602 1
177 634 1
178 442 1
179 256 1
179 367 1
180 192 1
180 533 1
180 639 1
182 226 1
182 300 1
182 348 1
182 384 1
182 405 1
182 434 1
182 578 1
182 581 1
183 223 1
183 318 1
184 194 1
184 293 1
184 494 1
184 499 1
184 695 1
184 749 1
185 203 1
185 316 1
185 327 1
185 420 1
185 437 1
185 570 1
185 711 1
185 794 1
186 201 1
186 205 1
186 299 1
186 544 1
187 191 1
187 524 1
187 544 1
188 394 1
188 408 1
188 444 1
188 582 1
188 633 1
188 664 1
188 680 1
189 232 1
189 245 1
189 273 1
189 360 1
189 498 1
189 519 1
189 684 1
189 709 1
189 714 1
189 750 1
190 288 1
190 332 1
190 389 1
190 550 1
190 602 1
190 688 1
191 205 1
191 262 1
191 271 1
191 301 1
191 634 1
191 680 1
192 245 1
192 299 1
192 331 1
192 393 1
192 543 1
192 783 1
193 225 1
193 397 1
194 198 1
194 389 1
195 199 1
195 206 1
195 364 1
195 457 1
195 683 1
195 740 1
196 246 1
196 298 1
196 329 1
196 418 1
196 580 1
197 242 1
197 291 1
197 390 1
197 414 1
197 726 1
198 226 1
198 279 1
198 348 1
198 436 1
199 425 1
199 457 1
200 242 1
200 374 1
200 525 1
200 676 1
201 240 1
201 273 1
201 279 1
201 358 1
201 588 1
201 640 1
202 317 1
202 404 1
202 438 1
202 454 1
202 681 1
203 437 1
203 521 1
203 615 1
204 486 1
204 554 1
205 270 1
205 334 1
205 657 1
207 310 1
207 401 1
208 309 1
208 362 1
208 417 1
208 426 1
208 522 1
208 677 1
209 277 1
209 289 1
209 319 1
209 363 1
209 428 1
210 230 1
210 301 1
211 307 1
211 345 1
211 366 1
211 404 1
211 439 1
212 434 1
212 488 1
212 663 1
213 646 1
213 658 1
214 313 1
214 447 1
214 452 1
214 566 1
214 616 1
214 623 1
214 632 1
214 731 1
214 735 1
215 792 1
216 553 1
216 757 1
217 716 1
218 604 1
218 708 1
219 413 1
220 252 1
220 259 1
220 305 1
220 739 1
220 789 1
221 251 1
221 311 1
221 593 1
221 624 1
221 670 1
221 672 1
221 718 1
221 736 1
222 388 1
223 613 1
224 328 1
224 599 1
225 229 1
225 234 1
225 283 1
225 304 1
225 427 1
225 483 1
225 511 1
225 529 1
225 740 1
225 755 1
226 264 1
226 300 1
226 497 1
226 500 1
226 709 1
227 228 1
227 767 1
228 257 1
228 505 1
228 539 1
228 664 1
228 667 1
228 726 1
228 743 1
228 760 1
228 777 1
229 422 1
230 753 1
231 251 1
231 252 1
231 349 1
231 375 1
231 378 1
231 402 1
231 419 1
231 470 1
231 494 1
231 619 1
232 320 1
232 344 1
233 318 1
233 536 1
233 702 1
233 707 1
234 740 1
235 241 1
235 272 1
235 432 1
235 538 1
235 770 1
236 367 1
237 255 1
237 282 1
237 289 1
237 333 1
237 361 1
237 378 1
237 396 1
237 482 1
237 487 1
237 592 1
237 734 1
238 268 1
238 285 1
238 304 1
238 358 1
238 359 1
238 610 1
238 758 1
239 320 1
239 321 1
239 438 1
239 498 1
239 572 1
239 604 1
239 670 1
240 276 1
240 308 1
240 432 1
241 243 1
241 292 1
241 543 1
241 779 1
242 362 1
242 710 1
243 289 1
243 368 1
243 420 1
243 515 1
244 284 1
244 293 1
244 303 1
244 367 1
244 610 1
245 571 1
245 675 1
245 750 1
245 796 1
246 316 1
246 357 1
246 398 1
246 423 1
246 445 1
246 527 1
247 259 1
247 277 1
247 328 1
247 371 1
247 373 1
247 507 1
247 522 1
247 609 1
247 692 1
247 701 1
248 481 1
248 694 1
249 729 1
250 380 1
250 453 1
250 665 1
250 683 1
250 715 1
250 743 1
251 258 1
251 371 1
252 377 1
252 379 1
252 575 1
253 486 1
253 533 1
253 580 1
253 604 1
253 669 1
253 756 1
254 357 1
254 663 1
255 411 1
255 590 1
255 608 1
255 696 1
255 748 1
255 782 1
256 337 1
256 340 1
256 534 1
256 634 1
257 295 1
257 376 1
257 435 1
259 431 1
259 560 1
259 588 1
259 645 1
259 673 1
260 306 1
260 393 1
260 587 1
260 729 1
261 324 1
261 585 1
262 317 1
263 769 1
263 790 1
266 337 1
266 370 1
266 563 1
266 712 1
267 274 1
267 293 1
267 503 1
267 532 1
267 712 1
267 724 1
268 329 1
268 350 1
268 606 1
268 749 1
269 332 1
269 339 1
269 354 1
269 423 1
269 445 1
269 643 1
269 653 1
269 655 1
269 686 1
269 715 1
270 277 1
270 411 1
271 348 1
271 363 1
271 378 1
271 383 1
271 453 1
271 515 1
271 614 1
271 621 1
271 656 1
271 661 1
271 730 1
271 759 1
273 321 1
273 403 1
274 449 1
274 534 1
274 650 1
275 414 1
276 317 1
276 386 1
277 433 1
277 588 1
278 366 1
279 315 1
279 477 1
280 294 1
280 323 1
280 324 1
280 394 1
281 737 1
282 506 1
283 346 1
283 365 1
283 438 1
283 468 1
283 471 1
283 493 1
283 598 1
283 662 1
283 692 1
284 377 1
284 626 1
284 650 1
285 327 1
285 481 1
285 513 1
287 463 1
287 507 1
288 538 1
288 589 1
289 384 1
289 451 1
289 556 1
291 415 1
292 410 1
292 566 1
292 737 1
293 359 1
293 522 1
293 555 1
293 577 1
293 647 1
294 451 1
294 616 1
295 339 1
296 303 1
296 492 1
296 682 1
297 318 1
297 396 1
297 421 1
297 441 1
297 764 1
298 614 1
298 791 1
300 443 1
300 519 1
300 605 1
300 664 1
301 381 1
301 536 1
301 610 1
301 738 1
302 320 1
302 387 1
302 406 1
302 407 1
302 429 1
302 530 1
302 721 1
302 723 1
303 561 1
303 562 1
304 321 1
304 510 1
304 730 1
305 346 1
305 349 1
305 623 1
305 671 1
305 717 1
306 315 1
306 413 1
306 418 1
306 478 1
306 496 1
306 641 1
306 690 1
306 722 1
307 355 1
307 691 1
308 673 1
309 322 1
309 512 1
309 557 1
309 571 1
309 644 1
309 695 1
310 514 1
310 745 1
311 550 1
311 636 1
311 662 1
312 590 1
312 673 1
313 355 1
313 388 1
313 467 1
313 532 1
315 347 1
316 627 1
318 427 1
318 507 1
318 528 1
318 679 1
319 559 1
320 336 1
320 399 1
320 734 1
321 748 1
322 554 1
322 576 1
322 687 1
324 497 1
324 546 1
324 774 1
326 363 1
326 669 1
326 683 1
328 495 1
328 520 1
328 586 1
328 672 1
328 719 1
330 386 1
330 558 1
331 342 1
331 537 1
331 778 1
332 341 1
332 412 1
332 433 1
332 441 1
332 744 1
333 334 1
333 412 1
333 548 1
334 473 1
334 663 1
335 393 1
335 425 1
335 717 1
336 480 1
337 444 1
337 488 1
337 513 1
339 399 1
339 525 1
339 528 1
339 612 1
340 464 1
341 638 1
341 798 1
342 530 1
342 763 1
343 428 1
343 448 1
343 795 1
344 407 1
345 694 1
346 563 1
346 639 1
347 403 1
347 474 1
347 476 1
347 578 1
347 581 1
347 603 1
348 490 1
348 654 1
349 476 1
349 490 1
349 518 1
349 527 1
349 564 1
349 565 1
349 765 1
350 731 1
351 377 1
351 391 1
351 719 1
352 383 1
352 467 1
352 551 1
353 689 1
354 415 1
354 459 1
354 777 1
356 429 1
356 506 1
357 695 1
358 587 1
358 639 1
358 733 1
359 400 1
360 513 1
360 721 1
362 490 1
364 658 1
365 490 1
365 533 1
365 623 1
365 743 1
366 495 1
366 568 1
367 419 1
367 648 1
369 595 1
370 422 1
370 454 1
370 549 1
372 430 1
373 523 1
373 726 1
374 668 1
375 389 1
376 505 1
377 413 1
377 493 1
377 587 1
378 665 1
378 759 1
379 386 1
379 596 1
379 666 1
379 722 1
379 749 1
381 555 1
382 660 1
382 693 1
382 752 1
383 747 1
384 516 1
384 607 1
385 698 1
386 404 1
386 628 1
386 662 1
386 771 1
387 406 1
387 446 1
387 561 1
387 617 1
387 752 1
387 782 1
388 411 1
389 789 1
390 681 1
391 517 1
394 638 1
394 710 1
394 747 1
396 429 1
396 784 1
397 564 1
398 579 1
398 736 1
399 571 1
400 788 1
400 800 1
401 522 1
401 722 1
401 800 1
403 676 1
404 621 1
404 737 1
405 514 1
406 689 1
407 447 1
407 525 1
407 527 1
409 687 1
410 432 1
410 739 1
411 428 1
411 477 1
412 478 1
413 418 1
413 477 1
413 532 1
413 678 1
414 420 1
414 440 1
414 575 1
414 606 1
415 424 1
415 630 1
416 452 1
416 632 1
416 646 1
416 697 1
416 728 1
416 759 1
417 453 1
417 745 1
418 437 1
418 475 1
418 798 1
419 453 1
419 554 1
419 700 1
419 746 1
420 437 1
420 561 1
421 578 1
421 779 1
421 790 1
423 475 1
423 591 1
424 713 1
425 677 1
427 482 1
427 493 1
427 657 1
428 465 1
429 465 1
429 756 1
431 688 1
432 496 1
432 508 1
432 536 1
433 459 1
433 634 1
433 696 1
434 461 1
434 521 1
434 579 1
434 584 1
436 526 1
436 672 1
437 583 1
437 662 1
437 742 1
438 450 1
438 463 1
438 558 1
438 612 1
439 516 1
441 445 1
441 681 1
442 514 1
442 691 1
443 564 1
443 566 1
443 660 1
443 705 1
443 716 1
443 764 1
444 451 1
444 569 1
445 643 1
446 447 1
448 569 1
449 728 1
450 526 1
450 710 1
451 544 1
452 758 1
453 502 1
453 579 1
455 541 1
456 524 1
458 560 1
460 559 1
460 572 1
460 583 1
461 718 1
462 525 1
463 607 1
465 582 1
465 625 1
466 530 1
466 701 1
466 751 1
467 484 1
467 707 1
468 766 1
470 678 1
470 683 1
471 620 1
471 756 1
472 547 1
473 763 1
475 542 1
475 783 1
477 500 1
477 688 1
478 797 1
479 723 1
479 727 1
481 539 1
481 570 1
481 648 1
481 656 1
483 585 1
483 599 1
483 734 1
486 731 1
486 773 1
487 491 1
488 666 1
489 744 1
489 764 1
489 797 1
493 500 1
493 642 1
493 741 1
494 547 1
494 623 1
496 531 1
496 657 1
497 499 1
497 629 1
498 527 1
498 569 1
498 708 1
499 560 1
499 576 1
499 709 1
504 774 1
505 617 1
506 652 1
507 755 1
508 775 1
509 785 1
509 786 1
510 518 1
516 577 1
516 694 1
516 696 1
516 738 1
517 596 1
518 699 1
518 765 1
519 616 1
520 537 1
524 630 1
524 637 1
524 679 1
525 686 1
525 747 1
526 589 1
526 658 1
526 710 1
526 732 1
527 708 1
528 529 1
529 682 1
529 741 1
530 729 1
531 545 1
531 780 1
533 625 1
534 717 1
534 773 1
535 543 1
535 642 1
538 549 1
538 607 1
538 689 1
539 640 1
539 656 1
539 666 1
541 677 1
543 649 1
545 628 1
546 555 1
546 685 1
546 702 1
549 781 1
550 625 1
550 685 1
550 798 1
552 580 1
552 624 1
552 655 1
552 733 1
553 706 1
553 762 1
556 659 1
557 671 1
559 748 1
561 647 1
563 712 1
564 736 1
564 752 1
570 690 1
570 727 1
572 592 1
572 750 1
574 584 1
574 653 1
576 620 1
577 624 1
577 638 1
577 651 1
578 619 1
578 799 1
579 786 1
580 732 1
582 653 1
582 777 1
583 624 1
583 675 1
584 609 1
585 782 1
587 729 1
588 608 1
589 788 1
592 704 1
594 703 1
595 715 1
597 800 1
598 601 1
600 620 1
600 648 1
600 699 1
606 672 1
607 644 1
607 647 1
608 756 1
609 771 1
610 613 1
611 706 1
611 789 1
614 679 1
614 720 1
621 656 1
623 632 1
624 760 1
625 746 1
628 676 1
631 692 1
631 704 1
631 763 1
632 659 1
632 703 1
633 644 1
640 724 1
641 648 1
641 755 1
642 667 1
642 741 1
650 700 1
650 760 1
654 792 1
655 674 1
667 741 1
667 775 1
674 692 1
677 711 1
683 794 1
686 784 1
695 795 1
696 697 1
703 721 1
703 735 1
704 763 1
704 769 1
710 742 1
726 796 1
741 757 1
748 785 1
773 787 1
780 788 1
787 797 1
