1500 5984 
1 5 1
1 6 1
1 7 1
1 11 1
1 12 1
1 15 1
1 17 1
1 18 1
1 20 1
1 29 1
1 31 1
1 33 1
1 37 1
1 38 1
1 42 1
1 63 1
1 69 1
1 88 1
1 89 1
1 95 1
1 100 1
1 107 1
1 112 1
1 122 1
1 126 1
1 137 1
1 139 1
1 169 1
1 170 1
1 188 1
1 223 1
1 236 1
1 240 1
1 255 1
1 262 1
1 265 1
1 268 1
1 272 1
1 274 1
1 286 1
1 301 1
1 311 1
1 321 1
1 331 1
1 352 1
1 363 1
1 370 1
1 371 1
1 381 1
1 441 1
1 451 1
1 469 1
1 510 1
1 528 1
1 532 1
1 564 1
1 584 1
1 598 1
1 637 1
1 641 1
1 661 1
1 763 1
1 783 1
1 810 1
1 840 1
1 860 1
1 874 1
1 886 1
1 933 1
1 951 1
1 982 1
1 1008 1
1 1074 1
1 1113 1
1 1154 1
1 1306 1
1 1323 1
1 1338 1
1 1343 1
1 1425 1
1 1456 1
2 5 1
2 6 1
2 9 1
2 10 1
2 11 1
2 12 1
2 13 1
2 14 1
2 20 1
2 26 1
2 36 1
2 51 1
2 52 1
2 56 1
2 71 1
2 80 1
2 81 1
2 83 1
2 87 1
2 109 1
2 128 1
2 143 1
2 176 1
2 187 1
2 230 1
2 248 1
2 253 1
2 283 1
2 285 1
2 355 1
2 361 1
2 411 1
2 424 1
2 448 1
2 465 1
2 482 1
2 535 1
2 557 1
2 558 1
2 560 1
2 626 1
2 627 1
2 628 1
2 666 1
2 735 1
2 779 1
2 810 1
2 815 1
2 924 1
2 965 1
2 994 1
2 1012 1
2 1028 1
2 1081 1
2 1106 1
2 1120 1
2 1190 1
2 1204 1
2 1257 1
2 1310 1
2 1359 1
2 1409 1
3 5 1
3 6 1
3 7 1
3 8 1
3 9 1
3 10 1
3 14 1
3 15 1
3 16 1
3 17 1
3 19 1
3 20 1
3 21 1
3 24 1
3 27 1
3 31 1
3 36 1
3 40 1
3 41 1
3 42 1
3 43 1
3 45 1
3 53 1
3 56 1
3 57 1
3 60 1
3 62 1
3 68 1
3 69 1
3 75 1
3 85 1
3 92 1
3 94 1
3 97 1
3 102 1
3 114 1
3 122 1
3 132 1
3 136 1
3 140 1
3 142 1
3 148 1
3 150 1
3 155 1
3 160 1
3 164 1
3 193 1
3 205 1
3 207 1
3 210 1
3 215 1
3 224 1
3 227 1
3 230 1
3 231 1
3 243 1
3 248 1
3 249 1
3 252 1
3 254 1
3 257 1
3 267 1
3 275 1
3 278 1
3 298 1
3 319 1
3 327 1
3 328 1
3 341 1
3 353 1
3 363 1
3 377 1
3 389 1
3 397 1
3 404 1
3 405 1
3 414 1
3 435 1
3 443 1
3 468 1
3 472 1
3 503 1
3 519 1
3 550 1
3 558 1
3 565 1
3 577 1
3 580 1
3 586 1
3 594 1
3 641 1
3 643 1
3 657 1
3 663 1
3 682 1
3 684 1
3 700 1
3 706 1
3 707 1
3 723 1
3 734 1
3 756 1
3 757 1
3 766 1
3 786 1
3 798 1
3 802 1
3 811 1
3 814 1
3 830 1
3 852 1
3 855 1
3 866 1
3 875 1
3 892 1
3 903 1
3 904 1
3 915 1
3 927 1
3 928 1
3 938 1
3 968 1
3 974 1
3 1003 1
3 1025 1
3 1048 1
3 1076 1
3 1116 1
3 1139 1
3 1157 1
3 1179 1
3 1180 1
3 1186 1
3 1196 1
3 1225 1
3 1242 1
3 1246 1
3 1248 1
3 1266 1
3 1282 1
3 1303 1
3 1315 1
3 1339 1
3 1358 1
3 1362 1
3 1382 1
3 1410 1
3 1441 1
3 1475 1
3 1500 1
4 5 1
4 6 1
4 11 1
4 24 1
4 32 1
4 35 1
4 49 1
4 54 1
4 55 1
4 75 1
4 77 1
4 89 1
4 91 1
4 96 1
4 118 1
4 180 1
4 214 1
4 218 1
4 273 1
4 277 1
4 279 1
4 302 1
4 309 1
4 310 1
4 347 1
4 371 1
4 417 1
4 421 1
4 426 1
4 436 1
4 445 1
4 448 1
4 454 1
4 459 1
4 460 1
4 472 1
4 583 1
4 619 1
4 683 1
4 689 1
4 729 1
4 738 1
4 789 1
4 834 1
4 862 1
4 947 1
4 955 1
4 1018 1
4 1151 1
4 1230 1
4 1304 1
4 1324 1
4 1331 1
4 1405 1
5 7 1
5 8 1
5 10 1
5 12 1
5 14 1
5 16 1
5 17 1
5 21 1
5 24 1
5 25 1
5 26 1
5 31 1
5 36 1
5 37 1
5 38 1
5 43 1
5 49 1
5 54 1
5 62 1
5 64 1
5 66 1
5 70 1
5 71 1
5 76 1
5 78 1
5 79 1
5 82 1
5 88 1
5 89 1
5 97 1
5 98 1
5 101 1
5 102 1
5 105 1
5 109 1
5 110 1
5 112 1
5 113 1
5 115 1
5 117 1
5 127 1
5 129 1
5 143 1
5 150 1
5 151 1
5 154 1
5 159 1
5 167 1
5 171 1
5 172 1
5 186 1
5 193 1
5 196 1
5 197 1
5 200 1
5 201 1
5 206 1
5 211 1
5 215 1
5 231 1
5 245 1
5 296 1
5 297 1
5 319 1
5 321 1
5 336 1
5 344 1
5 351 1
5 371 1
5 376 1
5 385 1
5 393 1
5 410 1
5 423 1
5 434 1
5 439 1
5 452 1
5 455 1
5 459 1
5 460 1
5 467 1
5 477 1
5 481 1
5 545 1
5 555 1
5 561 1
5 563 1
5 573 1
5 575 1
5 580 1
5 595 1
5 603 1
5 614 1
5 639 1
5 664 1
5 702 1
5 706 1
5 708 1
5 718 1
5 727 1
5 753 1
5 768 1
5 775 1
5 780 1
5 798 1
5 800 1
5 811 1
5 836 1
5 849 1
5 865 1
5 867 1
5 873 1
5 883 1
5 891 1
5 912 1
5 935 1
5 937 1
5 950 1
5 964 1
5 970 1
5 975 1
5 983 1
5 1042 1
5 1058 1
5 1065 1
5 1090 1
5 1098 1
5 1099 1
5 1101 1
5 1137 1
5 1140 1
5 1158 1
5 1160 1
5 1174 1
5 1217 1
5 1221 1
5 1243 1
5 1250 1
5 1253 1
5 1255 1
5 1260 1
5 1284 1
5 1309 1
5 1339 1
5 1365 1
5 1371 1
5 1385 1
5 1388 1
5 1427 1
5 1430 1
5 1436 1
5 1442 1
5 1461 1
5 1466 1
5 1471 1
5 1491 1
5 1500 1
6 7 1
6 8 1
6 9 1
6 13 1
6 18 1
6 27 1
6 28 1
6 37 1
6 38 1
6 48 1
6 64 1
6 67 1
6 75 1
6 88 1
6 107 1
6 111 1
6 134 1
6 215 1
6 239 1
6 275 1
6 305 1
6 310 1
6 313 1
6 355 1
6 388 1
6 408 1
6 445 1
6 509 1
6 527 1
6 540 1
6 562 1
6 749 1
6 818 1
6 855 1
6 991 1
6 1003 1
6 1008 1
6 1063 1
6 1084 1
6 1086 1
6 1148 1
6 1196 1
6 1273 1
6 1386 1
6 1412 1
6 1415 1
6 1420 1
6 1428 1
7 8 1
7 15 1
7 19 1
7 21 1
7 24 1
7 28 1
7 30 1
7 64 1
7 65 1
7 71 1
7 74 1
7 80 1
7 81 1
7 86 1
7 101 1
7 103 1
7 109 1
7 135 1
7 182 1
7 185 1
7 229 1
7 239 1
7 242 1
7 350 1
7 488 1
7 500 1
7 618 1
7 668 1
7 727 1
7 774 1
7 903 1
7 1004 1
7 1278 1
7 1380 1
7 1445 1
8 9 1
8 12 1
8 13 1
8 15 1
8 23 1
8 32 1
8 69 1
8 86 1
8 91 1
8 92 1
8 103 1
8 104 1
8 106 1
8 123 1
8 149 1
8 152 1
8 153 1
8 154 1
8 181 1
8 183 1
8 196 1
8 288 1
8 361 1
8 385 1
8 393 1
8 398 1
8 407 1
8 463 1
8 515 1
8 559 1
8 567 1
8 610 1
8 632 1
8 646 1
8 656 1
8 670 1
8 677 1
8 690 1
8 799 1
8 822 1
8 870 1
8 894 1
8 953 1
8 964 1
8 1147 1
8 1179 1
8 1202 1
8 1241 1
8 1249 1
8 1286 1
8 1297 1
8 1371 1
8 1378 1
9 10 1
9 65 1
9 67 1
9 78 1
9 79 1
9 83 1
9 93 1
9 95 1
9 99 1
9 125 1
9 141 1
9 145 1
9 158 1
9 176 1
9 178 1
9 192 1
9 195 1
9 208 1
9 263 1
9 326 1
9 405 1
9 427 1
9 461 1
9 503 1
9 589 1
9 592 1
9 663 1
9 674 1
9 707 1
9 727 1
9 749 1
9 772 1
9 988 1
9 1074 1
9 1091 1
9 1209 1
9 1270 1
9 1300 1
9 1330 1
9 1340 1
9 1353 1
10 11 1
10 22 1
10 25 1
10 26 1
10 29 1
10 32 1
10 39 1
10 40 1
10 45 1
10 54 1
10 57 1
10 58 1
10 68 1
10 100 1
10 101 1
10 115 1
10 118 1
10 123 1
10 132 1
10 136 1
10 138 1
10 156 1
10 188 1
10 204 1
10 208 1
10 225 1
10 235 1
10 236 1
10 258 1
10 312 1
10 347 1
10 388 1
10 401 1
10 403 1
10 430 1
10 474 1
10 477 1
10 497 1
10 539 1
10 541 1
10 547 1
10 572 1
10 597 1
10 620 1
10 640 1
10 653 1
10 657 1
10 671 1
10 687 1
10 698 1
10 708 1
10 725 1
10 744 1
10 770 1
10 797 1
10 802 1
10 809 1
10 828 1
10 836 1
10 863 1
10 875 1
10 931 1
10 1009 1
10 1035 1
10 1088 1
10 1239 1
10 1242 1
10 1245 1
10 1270 1
10 1479 1
10 1495 1
11 13 1
11 29 1
11 41 1
11 55 1
11 142 1
11 144 1
11 268 1
11 309 1
11 327 1
11 503 1
11 921 1
11 997 1
11 1147 1
11 1406 1
11 1451 1
12 14 1
12 27 1
12 35 1
12 39 1
12 106 1
12 130 1
12 138 1
12 162 1
12 177 1
12 182 1
12 197 1
12 212 1
12 240 1
12 273 1
12 326 1
12 336 1
12 361 1
12 384 1
12 398 1
12 457 1
12 460 1
12 461 1
12 483 1
12 491 1
12 563 1
12 637 1
12 734 1
12 761 1
12 915 1
12 931 1
12 936 1
12 967 1
12 978 1
12 1172 1
12 1184 1
12 1218 1
12 1279 1
12 1290 1
12 1293 1
12 1384 1
12 1483 1
13 16 1
13 20 1
13 22 1
13 23 1
13 51 1
13 72 1
13 79 1
13 105 1
13 117 1
13 147 1
13 151 1
13 170 1
13 177 1
13 219 1
13 262 1
13 269 1
13 294 1
13 300 1
13 328 1
13 345 1
13 354 1
13 362 1
13 373 1
13 414 1
13 451 1
13 491 1
13 496 1
13 521 1
13 571 1
13 606 1
13 635 1
13 667 1
13 801 1
13 888 1
13 929 1
13 935 1
13 957 1
13 971 1
13 975 1
13 1127 1
13 1135 1
13 1154 1
13 1159 1
13 1293 1
13 1376 1
14 22 1
14 33 1
14 34 1
14 41 1
14 53 1
14 73 1
14 104 1
14 236 1
14 263 1
14 311 1
14 352 1
14 417 1
14 486 1
14 526 1
14 700 1
14 721 1
14 819 1
14 897 1
14 932 1
14 958 1
14 1458 1
14 1489 1
15 16 1
15 18 1
15 19 1
15 23 1
15 30 1
15 32 1
15 48 1
15 50 1
15 52 1
15 71 1
15 90 1
15 93 1
15 124 1
15 127 1
15 149 1
15 160 1
15 162 1
15 200 1
15 219 1
15 228 1
15 237 1
15 244 1
15 256 1
15 273 1
15 288 1
15 305 1
15 349 1
15 425 1
15 432 1
15 504 1
15 520 1
15 523 1
15 533 1
15 558 1
15 672 1
15 714 1
15 744 1
15 746 1
15 752 1
15 837 1
15 846 1
15 906 1
15 963 1
15 972 1
15 995 1
15 1027 1
15 1040 1
15 1062 1
15 1070 1
15 1085 1
15 1171 1
15 1266 1
15 1296 1
15 1301 1
15 1326 1
15 1378 1
15 1393 1
15 1396 1
16 17 1
16 52 1
16 55 1
16 60 1
16 70 1
16 81 1
16 136 1
16 174 1
16 184 1
16 192 1
16 202 1
16 241 1
16 396 1
16 495 1
16 608 1
16 673 1
16 709 1
16 724 1
16 853 1
16 876 1
16 880 1
16 947 1
16 1034 1
16 1128 1
16 1268 1
16 1288 1
16 1317 1
16 1340 1
16 1368 1
16 1487 1
17 18 1
17 19 1
17 22 1
17 28 1
17 29 1
17 31 1
17 50 1
17 51 1
17 53 1
17 58 1
17 60 1
17 61 1
17 70 1
17 74 1
17 86 1
17 87 1
17 98 1
17 108 1
17 114 1
17 128 1
17 129 1
17 131 1
17 136 1
17 143 1
17 178 1
17 227 1
17 228 1
17 230 1
17 245 1
17 246 1
17 261 1
17 294 1
17 298 1
17 351 1
17 354 1
17 375 1
17 415 1
17 432 1
17 450 1
17 457 1
17 469 1
17 489 1
17 535 1
17 548 1
17 557 1
17 567 1
17 642 1
17 654 1
17 674 1
17 713 1
17 715 1
17 769 1
17 773 1
17 790 1
17 804 1
17 816 1
17 818 1
17 897 1
17 910 1
17 925 1
17 937 1
17 944 1
17 967 1
17 978 1
17 994 1
17 1002 1
17 1053 1
17 1104 1
17 1149 1
17 1168 1
17 1218 1
17 1254 1
17 1259 1
17 1321 1
17 1347 1
17 1411 1
17 1487 1
17 1489 1
18 25 1
18 28 1
18 49 1
18 58 1
18 59 1
18 102 1
18 104 1
18 114 1
18 162 1
18 186 1
18 187 1
18 211 1
18 226 1
18 274 1
18 323 1
18 370 1
18 474 1
18 531 1
18 533 1
18 556 1
18 662 1
18 681 1
18 695 1
18 795 1
18 832 1
18 836 1
18 960 1
18 1195 1
18 1274 1
18 1275 1
18 1293 1
18 1305 1
18 1343 1
18 1349 1
18 1350 1
18 1455 1
19 21 1
19 23 1
19 43 1
19 46 1
19 47 1
19 82 1
19 84 1
19 102 1
19 103 1
19 127 1
19 138 1
19 153 1
19 158 1
19 161 1
19 189 1
19 217 1
19 237 1
19 274 1
19 296 1
19 320 1
19 333 1
19 347 1
19 349 1
19 383 1
19 402 1
19 449 1
19 487 1
19 516 1
19 548 1
19 579 1
19 641 1
19 709 1
19 797 1
19 833 1
19 851 1
19 864 1
19 931 1
19 1005 1
19 1067 1
19 1109 1
19 1197 1
19 1264 1
19 1422 1
20 40 1
20 70 1
20 120 1
20 137 1
20 174 1
20 195 1
20 213 1
20 220 1
20 221 1
20 228 1
20 235 1
20 288 1
20 316 1
20 332 1
20 364 1
20 383 1
20 385 1
20 386 1
20 399 1
20 421 1
20 542 1
20 570 1
20 638 1
20 666 1
20 667 1
20 696 1
20 711 1
20 718 1
20 763 1
20 772 1
20 796 1
20 869 1
20 883 1
20 901 1
20 1010 1
20 1034 1
20 1053 1
20 1069 1
20 1208 1
20 1223 1
20 1301 1
20 1339 1
20 1374 1
20 1403 1
20 1407 1
20 1419 1
20 1469 1
20 1475 1
21 30 1
21 113 1
21 123 1
21 133 1
21 198 1
21 213 1
21 277 1
21 282 1
21 297 1
21 366 1
21 459 1
21 505 1
21 759 1
21 899 1
21 916 1
21 1045 1
21 1177 1
21 1411 1
21 1470 1
22 25 1
22 33 1
22 34 1
22 37 1
22 39 1
22 56 1
22 63 1
22 65 1
22 76 1
22 94 1
22 137 1
22 325 1
22 396 1
22 420 1
22 494 1
22 499 1
22 508 1
22 567 1
22 630 1
22 717 1
22 733 1
22 805 1
22 814 1
22 823 1
22 1039 1
22 1121 1
22 1266 1
22 1381 1
23 46 1
23 95 1
23 105 1
23 299 1
23 466 1
23 556 1
23 658 1
23 860 1
23 1040 1
23 1050 1
23 1052 1
23 1133 1
23 1266 1
23 1353 1
24 26 1
24 27 1
24 30 1
24 51 1
24 57 1
24 80 1
24 90 1
24 117 1
24 125 1
24 154 1
24 166 1
24 203 1
24 220 1
24 252 1
24 280 1
24 284 1
24 333 1
24 342 1
24 358 1
24 517 1
24 563 1
24 647 1
24 697 1
24 726 1
24 734 1
24 746 1
24 784 1
24 904 1
24 935 1
24 977 1
24 979 1
24 1004 1
24 1031 1
24 1075 1
24 1138 1
24 1299 1
24 1328 1
24 1341 1
24 1417 1
24 1429 1
25 123 1
25 182 1
25 193 1
25 260 1
25 287 1
25 470 1
25 472 1
25 473 1
25 655 1
25 779 1
25 848 1
25 860 1
25 876 1
25 988 1
25 998 1
25 1457 1
26 34 1
26 44 1
26 90 1
26 143 1
26 289 1
26 380 1
26 422 1
26 473 1
26 686 1
26 687 1
26 694 1
26 811 1
26 827 1
26 940 1
26 955 1
26 1016 1
26 1235 1
26 1374 1
27 44 1
27 49 1
27 75 1
27 78 1
27 83 1
27 93 1
27 161 1
27 163 1
27 198 1
27 217 1
27 220 1
27 261 1
27 329 1
27 354 1
27 364 1
27 502 1
27 588 1
27 689 1
27 728 1
27 732 1
27 782 1
27 792 1
27 801 1
27 1000 1
27 1219 1
27 1335 1
28 227 1
28 241 1
28 296 1
28 445 1
28 524 1
28 608 1
28 829 1
28 899 1
28 998 1
28 1197 1
28 1222 1
28 1229 1
28 1250 1
28 1385 1
28 1467 1
29 34 1
29 41 1
29 44 1
29 54 1
29 59 1
29 66 1
29 73 1
29 74 1
29 82 1
29 89 1
29 91 1
29 125 1
29 141 1
29 167 1
29 178 1
29 205 1
29 207 1
29 211 1
29 214 1
29 220 1
29 281 1
29 285 1
29 299 1
29 328 1
29 331 1
29 357 1
29 470 1
29 484 1
29 542 1
29 578 1
29 594 1
29 721 1
29 725 1
29 788 1
29 801 1
29 883 1
29 920 1
29 963 1
29 1086 1
29 1197 1
29 1261 1
29 1311 1
29 1461 1
29 1472 1
30 44 1
30 47 1
30 56 1
30 63 1
30 100 1
30 111 1
30 131 1
30 132 1
30 255 1
30 272 1
30 344 1
30 406 1
30 414 1
30 422 1
30 513 1
30 575 1
30 595 1
30 677 1
30 730 1
30 737 1
30 761 1
30 862 1
30 915 1
30 954 1
30 965 1
30 967 1
30 1006 1
30 1139 1
30 1230 1
30 1283 1
30 1384 1
30 1490 1
31 33 1
31 35 1
31 39 1
31 43 1
31 46 1
31 59 1
31 61 1
31 76 1
31 81 1
31 82 1
31 85 1
31 106 1
31 110 1
31 111 1
31 124 1
31 128 1
31 139 1
31 146 1
31 163 1
31 180 1
31 204 1
31 233 1
31 266 1
31 283 1
31 321 1
31 357 1
31 368 1
31 391 1
31 412 1
31 455 1
31 493 1
31 499 1
31 517 1
31 529 1
31 539 1
31 541 1
31 546 1
31 564 1
31 589 1
31 612 1
31 613 1
31 622 1
31 717 1
31 759 1
31 851 1
31 864 1
31 901 1
31 923 1
31 941 1
31 962 1
31 965 1
31 986 1
31 1015 1
31 1087 1
31 1151 1
31 1155 1
31 1216 1
31 1236 1
31 1423 1
31 1451 1
32 35 1
32 36 1
32 50 1
32 118 1
32 151 1
32 176 1
32 179 1
32 184 1
32 192 1
32 226 1
32 498 1
32 502 1
32 608 1
32 628 1
32 685 1
32 929 1
32 987 1
32 1109 1
32 1176 1
32 1201 1
32 1213 1
32 1334 1
32 1376 1
33 48 1
33 57 1
33 65 1
33 165 1
33 190 1
33 191 1
33 234 1
33 292 1
33 317 1
33 375 1
33 414 1
33 475 1
33 527 1
33 597 1
33 614 1
33 721 1
33 828 1
33 829 1
33 1346 1
33 1379 1
33 1476 1
33 1486 1
34 175 1
34 413 1
34 581 1
34 737 1
34 887 1
35 38 1
35 97 1
35 134 1
35 156 1
35 162 1
35 173 1
35 191 1
35 269 1
35 302 1
35 304 1
35 348 1
35 368 1
35 546 1
35 607 1
35 680 1
35 774 1
35 809 1
35 824 1
35 893 1
35 926 1
35 1031 1
35 1103 1
35 1226 1
35 1305 1
35 1357 1
35 1444 1
35 1488 1
36 47 1
36 68 1
36 91 1
36 109 1
36 122 1
36 151 1
36 166 1
36 176 1
36 177 1
36 189 1
36 271 1
36 371 1
36 419 1
36 470 1
36 471 1
36 598 1
36 704 1
36 764 1
36 769 1
36 838 1
36 897 1
36 959 1
36 969 1
36 983 1
36 1245 1
36 1368 1
37 42 1
37 61 1
37 72 1
37 108 1
37 110 1
37 159 1
37 223 1
37 313 1
37 350 1
37 425 1
37 431 1
37 432 1
37 476 1
37 509 1
37 559 1
37 672 1
37 685 1
37 1098 1
37 1100 1
38 40 1
38 42 1
38 50 1
38 55 1
38 63 1
38 77 1
38 190 1
38 199 1
38 254 1
38 258 1
38 295 1
38 313 1
38 322 1
38 340 1
38 370 1
38 401 1
38 599 1
38 668 1
38 684 1
38 740 1
38 746 1
38 834 1
38 890 1
38 905 1
38 971 1
38 977 1
38 989 1
38 1073 1
38 1079 1
38 1142 1
38 1143 1
38 1279 1
38 1305 1
38 1316 1
38 1364 1
38 1387 1
38 1436 1
38 1485 1
38 1498 1
38 1499 1
39 45 1
39 208 1
39 339 1
39 412 1
39 424 1
39 446 1
39 448 1
39 487 1
39 573 1
39 701 1
39 785 1
39 793 1
39 834 1
39 888 1
39 1038 1
39 1064 1
39 1403 1
40 48 1
40 59 1
40 96 1
40 107 1
40 168 1
40 194 1
40 196 1
40 232 1
40 235 1
40 243 1
40 281 1
40 318 1
40 367 1
40 383 1
40 393 1
40 491 1
40 515 1
40 568 1
40 588 1
40 765 1
40 771 1
40 798 1
40 849 1
40 947 1
40 1134 1
40 1449 1
41 53 1
41 62 1
41 85 1
41 103 1
41 140 1
41 148 1
41 154 1
41 203 1
41 249 1
41 274 1
41 277 1
41 325 1
41 335 1
41 648 1
41 675 1
41 757 1
41 830 1
41 845 1
41 917 1
41 1045 1
41 1056 1
41 1170 1
41 1245 1
41 1280 1
41 1422 1
41 1430 1
41 1452 1
41 1473 1
42 45 1
42 60 1
42 84 1
42 85 1
42 90 1
42 116 1
42 133 1
42 138 1
42 157 1
42 172 1
42 177 1
42 244 1
42 267 1
42 284 1
42 293 1
42 340 1
42 364 1
42 382 1
42 386 1
42 389 1
42 392 1
42 435 1
42 449 1
42 465 1
42 467 1
42 501 1
42 580 1
42 649 1
42 653 1
42 659 1
42 664 1
42 697 1
42 717 1
42 796 1
42 807 1
42 812 1
42 854 1
42 885 1
42 908 1
42 909 1
42 939 1
42 940 1
42 974 1
42 999 1
42 1007 1
42 1017 1
42 1029 1
42 1032 1
42 1073 1
42 1102 1
42 1125 1
42 1139 1
42 1144 1
42 1220 1
42 1248 1
42 1270 1
42 1363 1
42 1431 1
42 1440 1
42 1448 1
43 115 1
43 185 1
43 218 1
43 240 1
43 271 1
43 297 1
43 346 1
43 429 1
43 456 1
43 626 1
43 859 1
43 896 1
43 1004 1
43 1027 1
43 1090 1
43 1105 1
43 1122 1
43 1292 1
43 1329 1
44 46 1
44 47 1
44 61 1
44 62 1
44 80 1
44 135 1
44 187 1
44 256 1
44 257 1
44 343 1
44 381 1
44 537 1
44 544 1
44 616 1
44 623 1
44 748 1
44 866 1
44 1062 1
44 1065 1
44 1153 1
44 1244 1
44 1323 1
44 1412 1
44 1416 1
44 1461 1
44 1467 1
45 84 1
45 96 1
45 166 1
45 195 1
45 196 1
45 198 1
45 226 1
45 248 1
45 378 1
45 395 1
45 437 1
45 456 1
45 473 1
45 505 1
45 543 1
45 575 1
45 660 1
45 710 1
45 722 1
45 747 1
45 872 1
45 905 1
45 1026 1
45 1033 1
45 1158 1
45 1251 1
45 1320 1
45 1365 1
45 1377 1
45 1403 1
46 87 1
46 280 1
46 317 1
46 388 1
46 592 1
46 1382 1
47 338 1
47 1236 1
48 507 1
48 520 1
48 970 1
49 52 1
49 72 1
49 105 1
49 223 1
49 234 1
49 300 1
49 511 1
49 526 1
49 689 1
49 690 1
49 849 1
49 853 1
49 981 1
49 1012 1
49 1180 1
49 1426 1
50 67 1
50 108 1
50 165 1
50 366 1
50 573 1
50 747 1
50 1176 1
51 153 1
51 216 1
51 223 1
51 225 1
51 277 1
51 365 1
51 397 1
51 442 1
51 458 1
51 485 1
51 660 1
51 814 1
51 913 1
51 1424 1
52 64 1
52 72 1
52 73 1
52 76 1
52 107 1
52 121 1
52 122 1
52 125 1
52 128 1
52 140 1
52 142 1
52 147 1
52 148 1
52 218 1
52 251 1
52 265 1
52 289 1
52 293 1
52 350 1
52 377 1
52 607 1
52 645 1
52 833 1
52 837 1
52 900 1
52 1000 1
52 1005 1
52 1059 1
52 1066 1
52 1122 1
52 1127 1
52 1192 1
52 1284 1
52 1285 1
52 1426 1
53 74 1
53 194 1
53 416 1
53 555 1
53 723 1
53 724 1
53 803 1
53 879 1
53 938 1
53 954 1
53 1012 1
53 1049 1
53 1321 1
54 137 1
54 522 1
54 615 1
54 882 1
54 919 1
54 928 1
54 1261 1
54 1395 1
54 1450 1
55 66 1
55 67 1
55 77 1
55 146 1
55 147 1
55 166 1
55 170 1
55 199 1
55 316 1
55 383 1
55 391 1
55 432 1
55 460 1
55 476 1
55 529 1
55 633 1
55 784 1
55 905 1
55 912 1
55 1162 1
55 1395 1
56 66 1
56 246 1
56 253 1
56 308 1
56 326 1
56 839 1
56 878 1
57 58 1
57 69 1
57 86 1
57 130 1
57 141 1
57 156 1
57 185 1
57 209 1
57 259 1
57 344 1
57 409 1
57 495 1
57 504 1
57 511 1
57 519 1
57 531 1
57 534 1
57 554 1
57 568 1
57 585 1
57 586 1
57 595 1
57 673 1
57 731 1
57 760 1
57 808 1
57 821 1
57 877 1
57 922 1
57 934 1
57 949 1
57 975 1
57 1143 1
57 1201 1
57 1263 1
57 1333 1
57 1346 1
57 1355 1
57 1442 1
57 1499 1
58 87 1
58 159 1
58 255 1
58 261 1
58 266 1
58 270 1
58 388 1
58 433 1
58 544 1
58 604 1
58 921 1
58 932 1
58 986 1
58 1043 1
58 1423 1
59 145 1
59 160 1
59 267 1
59 300 1
59 327 1
59 636 1
59 789 1
59 1123 1
59 1314 1
59 1491 1
60 116 1
60 118 1
60 132 1
60 146 1
60 149 1
60 157 1
60 171 1
60 395 1
60 434 1
60 457 1
60 469 1
60 550 1
60 552 1
60 722 1
60 806 1
60 863 1
60 930 1
60 1145 1
60 1269 1
60 1405 1
60 1419 1
61 117 1
61 134 1
61 173 1
61 278 1
61 513 1
61 518 1
61 556 1
61 574 1
61 600 1
61 705 1
61 825 1
61 877 1
62 68 1
62 88 1
62 92 1
62 112 1
62 169 1
62 172 1
62 215 1
62 231 1
62 233 1
62 293 1
62 309 1
62 314 1
62 386 1
62 462 1
62 480 1
62 517 1
62 527 1
62 553 1
62 560 1
62 656 1
62 684 1
62 713 1
62 838 1
62 840 1
62 879 1
62 891 1
62 983 1
62 1217 1
62 1221 1
62 1237 1
62 1251 1
63 83 1
63 101 1
63 139 1
63 173 1
63 197 1
63 214 1
63 226 1
63 237 1
63 247 1
63 263 1
63 275 1
63 276 1
63 307 1
63 312 1
63 330 1
63 331 1
63 351 1
63 391 1
63 395 1
63 463 1
63 507 1
63 527 1
63 552 1
63 555 1
63 601 1
63 611 1
63 656 1
63 710 1
63 764 1
63 792 1
63 853 1
63 950 1
63 954 1
63 1084 1
63 1116 1
63 1142 1
63 1199 1
63 1228 1
63 1430 1
63 1449 1
63 1490 1
64 78 1
64 98 1
64 110 1
64 192 1
64 201 1
64 218 1
64 222 1
64 242 1
64 249 1
64 250 1
64 283 1
64 301 1
64 306 1
64 311 1
64 327 1
64 357 1
64 378 1
64 420 1
64 431 1
64 462 1
64 500 1
64 551 1
64 605 1
64 626 1
64 650 1
64 740 1
64 806 1
64 842 1
64 847 1
64 855 1
64 912 1
64 947 1
64 1029 1
64 1091 1
64 1133 1
64 1146 1
64 1195 1
64 1222 1
64 1276 1
65 84 1
65 106 1
65 112 1
65 119 1
65 158 1
65 202 1
65 219 1
65 310 1
65 334 1
65 341 1
65 404 1
65 453 1
65 524 1
65 560 1
65 585 1
65 615 1
65 728 1
65 748 1
65 924 1
65 929 1
65 1069 1
65 1115 1
65 1149 1
65 1176 1
65 1184 1
65 1187 1
65 1417 1
66 116 1
66 164 1
66 198 1
66 216 1
66 236 1
66 254 1
66 287 1
66 404 1
66 601 1
66 735 1
66 804 1
66 858 1
66 1310 1
66 1342 1
66 1352 1
66 1356 1
67 79 1
67 165 1
67 336 1
67 390 1
67 425 1
67 437 1
67 481 1
67 667 1
67 785 1
67 831 1
67 950 1
67 1056 1
67 1081 1
67 1089 1
67 1230 1
67 1497 1
68 94 1
68 97 1
68 130 1
68 155 1
68 239 1
68 259 1
68 286 1
68 381 1
68 427 1
68 464 1
68 469 1
68 483 1
68 488 1
68 498 1
68 512 1
68 523 1
68 617 1
68 704 1
68 705 1
68 712 1
68 741 1
68 799 1
68 886 1
68 892 1
68 969 1
68 1111 1
68 1157 1
68 1299 1
68 1380 1
68 1458 1
68 1462 1
69 99 1
69 120 1
69 163 1
69 227 1
69 233 1
69 312 1
69 397 1
69 463 1
69 514 1
69 534 1
69 536 1
69 611 1
69 621 1
69 643 1
69 659 1
69 776 1
69 900 1
69 934 1
69 959 1
69 1135 1
69 1200 1
70 180 1
70 244 1
70 334 1
70 631 1
70 639 1
70 943 1
71 264 1
71 285 1
71 330 1
71 991 1
72 73 1
72 119 1
72 126 1
72 165 1
72 179 1
72 181 1
72 219 1
72 225 1
72 238 1
72 311 1
72 390 1
72 463 1
72 477 1
72 486 1
72 509 1
72 625 1
72 642 1
72 644 1
72 745 1
72 749 1
72 758 1
72 776 1
72 824 1
72 989 1
72 1023 1
72 1087 1
72 1211 1
72 1369 1
72 1474 1
73 121 1
73 135 1
73 164 1
73 217 1
73 342 1
73 492 1
73 525 1
73 866 1
73 883 1
73 957 1
73 966 1
73 1052 1
73 1117 1
73 1152 1
73 1188 1
73 1307 1
73 1383 1
73 1466 1
74 241 1
74 348 1
74 428 1
74 493 1
74 613 1
74 733 1
74 800 1
74 1011 1
74 1152 1
74 1400 1
75 77 1
75 94 1
75 98 1
75 104 1
75 113 1
75 131 1
75 229 1
75 280 1
75 289 1
75 299 1
75 301 1
75 392 1
75 496 1
75 502 1
75 592 1
75 610 1
75 655 1
75 710 1
75 719 1
75 720 1
75 758 1
75 946 1
75 1067 1
75 1075 1
75 1228 1
75 1341 1
75 1344 1
75 1345 1
75 1411 1
76 111 1
76 120 1
76 376 1
76 458 1
76 502 1
76 678 1
76 846 1
76 1181 1
76 1251 1
76 1413 1
76 1482 1
77 246 1
77 330 1
77 392 1
77 501 1
77 658 1
77 715 1
77 815 1
77 1006 1
77 1169 1
77 1227 1
77 1338 1
78 108 1
78 133 1
78 150 1
78 290 1
78 382 1
78 387 1
78 475 1
78 516 1
78 567 1
78 1046 1
78 1152 1
79 210 1
79 291 1
79 337 1
79 353 1
79 396 1
79 655 1
79 736 1
79 767 1
79 813 1
79 931 1
79 1207 1
79 1332 1
79 1389 1
80 93 1
80 131 1
80 144 1
80 147 1
80 286 1
80 287 1
80 390 1
80 442 1
80 643 1
80 647 1
80 747 1
80 811 1
80 820 1
80 1096 1
80 1243 1
80 1401 1
80 1436 1
81 96 1
81 129 1
81 174 1
81 175 1
81 415 1
81 419 1
81 420 1
81 438 1
81 446 1
81 484 1
81 499 1
81 538 1
81 599 1
81 603 1
81 605 1
81 650 1
81 661 1
81 753 1
81 794 1
81 867 1
81 1095 1
81 1135 1
81 1172 1
81 1198 1
82 273 1
82 372 1
82 376 1
82 442 1
82 538 1
82 645 1
82 1172 1
83 121 1
83 208 1
83 253 1
83 356 1
83 403 1
83 426 1
83 441 1
83 443 1
83 529 1
83 604 1
83 621 1
83 669 1
83 678 1
83 953 1
83 992 1
83 1269 1
83 1302 1
84 395 1
84 475 1
84 642 1
84 654 1
84 701 1
85 99 1
85 116 1
85 155 1
85 232 1
85 233 1
85 370 1
85 437 1
85 566 1
85 850 1
85 966 1
85 1057 1
85 1493 1
86 234 1
86 263 1
86 400 1
86 452 1
86 568 1
86 612 1
86 723 1
86 1016 1
87 92 1
87 120 1
87 168 1
87 372 1
87 519 1
87 552 1
87 898 1
87 1399 1
88 95 1
88 100 1
88 209 1
88 323 1
88 426 1
88 781 1
88 1284 1
88 1400 1
89 119 1
89 142 1
89 183 1
89 209 1
89 256 1
89 268 1
89 315 1
89 663 1
89 696 1
89 865 1
89 968 1
89 976 1
89 990 1
90 1019 1
90 1476 1
91 115 1
91 129 1
91 148 1
91 164 1
91 190 1
91 191 1
91 201 1
91 231 1
91 266 1
91 312 1
91 316 1
91 362 1
91 429 1
91 480 1
91 584 1
91 611 1
91 627 1
91 686 1
91 741 1
91 791 1
91 894 1
91 917 1
91 998 1
91 1083 1
91 1092 1
91 1093 1
91 1094 1
91 1214 1
91 1234 1
91 1235 1
91 1291 1
91 1298 1
91 1376 1
91 1435 1
92 149 1
92 170 1
92 346 1
92 358 1
92 447 1
92 549 1
92 891 1
92 951 1
92 1474 1
92 1479 1
93 99 1
93 114 1
93 119 1
93 124 1
93 135 1
93 140 1
93 144 1
93 186 1
93 189 1
93 206 1
93 259 1
93 320 1
93 355 1
93 408 1
93 444 1
93 545 1
93 624 1
93 635 1
93 639 1
93 676 1
93 694 1
93 712 1
93 780 1
93 794 1
93 842 1
93 895 1
93 982 1
93 1051 1
93 1108 1
93 1127 1
93 1131 1
93 1213 1
93 1244 1
93 1250 1
93 1258 1
93 1325 1
93 1366 1
94 130 1
94 447 1
94 453 1
94 814 1
94 861 1
94 871 1
94 910 1
94 972 1
94 1126 1
94 1185 1
94 1193 1
94 1225 1
94 1294 1
94 1431 1
95 211 1
95 609 1
95 1031 1
95 1495 1
96 191 1
96 193 1
96 392 1
96 587 1
96 956 1
96 1007 1
96 1100 1
97 163 1
97 168 1
97 267 1
97 565 1
97 583 1
97 835 1
97 911 1
97 1497 1
98 221 1
98 342 1
98 411 1
98 566 1
98 607 1
98 911 1
98 1082 1
98 1085 1
98 1258 1
98 1390 1
98 1467 1
99 203 1
99 508 1
99 739 1
99 787 1
99 895 1
99 1382 1
100 171 1
100 247 1
100 270 1
100 282 1
100 295 1
100 358 1
100 449 1
100 458 1
100 493 1
100 504 1
100 522 1
100 547 1
100 759 1
100 832 1
100 961 1
100 1132 1
100 1148 1
100 1156 1
100 1166 1
100 1238 1
100 1340 1
100 1446 1
100 1450 1
101 182 1
101 184 1
101 221 1
101 291 1
101 430 1
101 503 1
101 719 1
101 752 1
101 797 1
101 809 1
101 841 1
101 847 1
101 880 1
101 970 1
101 981 1
101 1089 1
101 1159 1
101 1219 1
101 1230 1
102 398 1
102 482 1
102 498 1
102 589 1
102 727 1
102 807 1
102 881 1
102 882 1
102 1003 1
102 1057 1
102 1348 1
102 1495 1
103 134 1
103 150 1
103 200 1
103 201 1
103 246 1
103 257 1
103 335 1
103 375 1
103 581 1
103 584 1
103 892 1
103 1034 1
103 1044 1
103 1190 1
103 1202 1
103 1340 1
103 1402 1
103 1410 1
104 287 1
104 362 1
104 652 1
104 749 1
104 918 1
104 1107 1
105 113 1
105 168 1
105 169 1
105 234 1
105 304 1
105 318 1
105 491 1
105 948 1
105 1106 1
106 356 1
106 631 1
106 770 1
106 889 1
106 899 1
107 121 1
107 188 1
107 243 1
107 776 1
107 877 1
107 930 1
107 1035 1
107 1371 1
108 261 1
108 499 1
108 1164 1
108 1418 1
109 157 1
109 295 1
109 399 1
109 448 1
109 521 1
109 1002 1
109 1020 1
109 1119 1
110 423 1
110 543 1
110 773 1
110 842 1
110 1459 1
111 124 1
111 213 1
111 265 1
111 278 1
111 373 1
112 145 1
112 158 1
112 205 1
112 303 1
112 605 1
112 1005 1
112 1095 1
112 1170 1
112 1195 1
112 1421 1
113 185 1
113 693 1
113 972 1
113 974 1
113 1019 1
113 1025 1
113 1089 1
113 1104 1
114 206 1
114 308 1
114 478 1
114 636 1
114 1263 1
115 183 1
115 292 1
115 481 1
116 308 1
116 407 1
116 617 1
116 793 1
116 845 1
116 1301 1
116 1345 1
116 1476 1
116 1490 1
117 242 1
117 845 1
117 1177 1
118 145 1
118 171 1
118 488 1
119 161 1
119 174 1
119 418 1
119 450 1
119 630 1
119 993 1
119 1005 1
120 126 1
120 152 1
120 153 1
120 402 1
120 461 1
120 494 1
120 505 1
120 796 1
121 133 1
121 238 1
121 258 1
121 293 1
121 305 1
121 551 1
122 745 1
122 1321 1
122 1359 1
122 1397 1
123 232 1
123 250 1
123 260 1
123 264 1
123 294 1
123 323 1
123 458 1
123 532 1
123 770 1
123 1060 1
123 1198 1
124 127 1
124 194 1
124 216 1
124 228 1
124 290 1
124 501 1
124 533 1
124 640 1
124 788 1
124 827 1
124 997 1
124 1301 1
124 1372 1
124 1444 1
124 1496 1
125 126 1
125 157 1
125 173 1
125 282 1
125 314 1
125 315 1
125 328 1
125 497 1
125 578 1
125 660 1
125 695 1
125 706 1
125 736 1
125 858 1
126 146 1
126 217 1
126 417 1
126 473 1
126 486 1
126 891 1
126 1064 1
126 1326 1
126 1462 1
127 210 1
127 238 1
127 241 1
127 369 1
127 562 1
127 726 1
127 1016 1
127 1276 1
128 152 1
128 203 1
128 609 1
128 773 1
128 807 1
128 951 1
128 1094 1
128 1161 1
128 1240 1
129 307 1
129 316 1
129 794 1
129 992 1
129 1328 1
129 1414 1
130 470 1
130 1193 1
130 1385 1
131 180 1
131 284 1
131 314 1
131 376 1
131 418 1
131 672 1
131 731 1
131 751 1
131 756 1
131 862 1
131 939 1
131 1494 1
132 169 1
132 207 1
132 278 1
132 508 1
132 533 1
132 551 1
132 600 1
132 638 1
132 698 1
132 711 1
132 750 1
132 829 1
132 863 1
132 920 1
132 1073 1
132 1126 1
132 1166 1
132 1204 1
132 1312 1
132 1320 1
132 1423 1
132 1440 1
133 144 1
133 181 1
133 195 1
133 279 1
133 466 1
133 522 1
133 632 1
133 692 1
133 693 1
133 905 1
133 1008 1
133 1023 1
133 1162 1
133 1213 1
133 1215 1
133 1257 1
133 1263 1
133 1487 1
134 139 1
134 186 1
134 247 1
134 250 1
134 352 1
134 359 1
134 492 1
134 767 1
134 771 1
134 1085 1
134 1281 1
134 1499 1
136 238 1
136 301 1
136 332 1
136 577 1
137 167 1
137 212 1
137 307 1
137 320 1
137 335 1
137 406 1
137 440 1
137 598 1
137 945 1
137 978 1
137 1143 1
137 1178 1
137 1191 1
138 156 1
138 175 1
138 382 1
138 840 1
138 933 1
138 1289 1
139 141 1
139 214 1
139 224 1
139 615 1
139 1135 1
139 1200 1
139 1411 1
140 433 1
140 501 1
140 531 1
140 713 1
140 881 1
140 949 1
140 986 1
140 1000 1
140 1081 1
140 1121 1
140 1167 1
140 1424 1
140 1451 1
141 178 1
141 264 1
141 303 1
141 1253 1
142 160 1
142 202 1
142 285 1
142 318 1
142 374 1
142 497 1
142 648 1
142 678 1
142 879 1
143 204 1
143 253 1
143 290 1
143 300 1
143 387 1
143 565 1
143 633 1
143 695 1
143 772 1
143 817 1
143 909 1
143 912 1
143 1114 1
143 1150 1
143 1155 1
143 1198 1
143 1309 1
143 1385 1
144 304 1
144 452 1
144 805 1
144 1050 1
144 1409 1
145 161 1
145 544 1
145 851 1
145 1053 1
145 1119 1
145 1360 1
145 1477 1
146 368 1
146 1493 1
147 152 1
147 303 1
147 476 1
147 676 1
147 678 1
147 767 1
147 901 1
147 980 1
147 1085 1
147 1181 1
147 1363 1
147 1424 1
147 1453 1
148 319 1
148 480 1
148 542 1
148 818 1
148 1009 1
148 1231 1
148 1259 1
149 222 1
149 239 1
149 252 1
149 259 1
149 365 1
149 369 1
149 422 1
149 478 1
149 632 1
149 756 1
149 761 1
149 888 1
149 1114 1
149 1211 1
149 1478 1
150 155 1
150 292 1
150 762 1
150 884 1
151 205 1
151 436 1
151 571 1
151 733 1
151 787 1
151 804 1
151 957 1
151 1169 1
151 1194 1
151 1358 1
151 1413 1
152 276 1
153 276 1
153 1064 1
153 1083 1
153 1171 1
153 1317 1
154 494 1
154 665 1
154 863 1
154 984 1
154 1053 1
154 1341 1
154 1438 1
155 172 1
155 179 1
155 184 1
155 242 1
155 358 1
155 455 1
155 540 1
155 579 1
155 610 1
155 818 1
155 979 1
155 1058 1
156 159 1
156 179 1
156 188 1
156 405 1
156 444 1
156 484 1
156 732 1
156 813 1
156 857 1
156 1079 1
156 1112 1
156 1113 1
156 1333 1
156 1457 1
157 252 1
157 428 1
157 437 1
157 706 1
157 721 1
157 787 1
157 911 1
158 194 1
158 224 1
158 297 1
158 455 1
158 507 1
158 601 1
158 602 1
158 614 1
158 676 1
158 1355 1
159 689 1
160 291 1
160 292 1
160 454 1
161 347 1
161 1051 1
161 1389 1
161 1404 1
162 183 1
162 212 1
162 240 1
162 284 1
162 339 1
162 349 1
162 364 1
162 412 1
162 447 1
162 462 1
162 528 1
162 530 1
162 636 1
162 669 1
162 717 1
162 1063 1
162 1074 1
162 1316 1
162 1354 1
163 338 1
163 559 1
163 647 1
163 696 1
163 743 1
163 924 1
163 1078 1
163 1091 1
163 1134 1
164 167 1
164 210 1
164 213 1
164 222 1
164 258 1
164 262 1
164 275 1
164 276 1
164 319 1
164 377 1
164 475 1
164 490 1
164 553 1
164 681 1
164 737 1
164 1092 1
164 1468 1
164 1493 1
165 325 1
165 345 1
165 367 1
165 434 1
165 566 1
165 596 1
165 646 1
165 764 1
165 802 1
165 873 1
165 1128 1
165 1288 1
165 1320 1
166 244 1
166 411 1
166 436 1
166 777 1
166 1009 1
166 1216 1
167 409 1
167 456 1
167 489 1
167 687 1
167 705 1
167 869 1
167 895 1
167 1050 1
167 1373 1
167 1459 1
168 367 1
168 625 1
168 739 1
169 175 1
169 181 1
169 189 1
169 225 1
169 229 1
169 232 1
169 245 1
169 322 1
169 356 1
169 359 1
169 374 1
169 446 1
169 482 1
169 551 1
169 581 1
169 597 1
169 638 1
169 644 1
169 729 1
169 838 1
169 922 1
169 988 1
170 199 1
170 222 1
170 360 1
170 529 1
170 1299 1
171 187 1
171 243 1
171 248 1
171 340 1
171 634 1
171 705 1
171 907 1
171 1253 1
171 1296 1
172 197 1
172 307 1
172 318 1
172 440 1
172 1036 1
172 1126 1
172 1308 1
173 207 1
173 424 1
173 453 1
173 547 1
173 598 1
173 601 1
173 605 1
173 736 1
173 764 1
173 819 1
174 202 1
174 729 1
174 832 1
174 1104 1
175 270 1
175 280 1
175 290 1
175 329 1
175 337 1
175 514 1
175 563 1
175 664 1
175 699 1
175 1173 1
176 270 1
176 271 1
176 464 1
176 769 1
176 1306 1
177 190 1
177 229 1
177 245 1
177 279 1
177 302 1
177 354 1
177 408 1
177 443 1
177 515 1
177 569 1
177 572 1
177 732 1
177 757 1
177 884 1
177 1483 1
178 748 1
178 1187 1
179 200 1
179 426 1
179 1308 1
180 574 1
180 862 1
180 916 1
180 1220 1
180 1232 1
180 1345 1
180 1462 1
181 378 1
181 657 1
181 708 1
181 1141 1
181 1232 1
181 1347 1
182 431 1
182 778 1
182 1252 1
183 209 1
183 365 1
183 373 1
183 716 1
183 781 1
183 821 1
184 363 1
184 703 1
184 1025 1
184 1199 1
184 1237 1
185 250 1
185 314 1
185 322 1
185 362 1
185 506 1
185 917 1
185 1130 1
185 1183 1
185 1218 1
186 1068 1
186 1088 1
186 1107 1
186 1155 1
187 306 1
187 661 1
187 899 1
187 923 1
187 1076 1
187 1254 1
187 1306 1
188 204 1
188 303 1
188 828 1
188 864 1
188 1079 1
188 1122 1
189 578 1
189 1045 1
189 1177 1
189 1449 1
190 199 1
190 295 1
190 304 1
190 454 1
190 487 1
190 716 1
190 1018 1
191 340 1
191 451 1
191 565 1
191 570 1
191 600 1
191 703 1
191 752 1
191 917 1
191 1090 1
191 1306 1
191 1496 1
192 224 1
192 249 1
192 505 1
192 559 1
192 578 1
192 586 1
192 698 1
192 762 1
192 799 1
192 1019 1
192 1089 1
192 1126 1
192 1269 1
192 1458 1
193 315 1
193 626 1
193 665 1
193 868 1
193 1092 1
193 1175 1
193 1393 1
194 257 1
194 265 1
194 389 1
194 413 1
194 416 1
194 803 1
194 831 1
194 1017 1
194 1054 1
194 1123 1
194 1482 1
195 206 1
195 369 1
195 995 1
196 235 1
196 434 1
196 607 1
196 920 1
196 1440 1
197 216 1
197 281 1
197 282 1
197 333 1
197 343 1
197 400 1
197 401 1
197 623 1
197 668 1
197 945 1
197 995 1
197 1003 1
197 1014 1
197 1108 1
197 1292 1
197 1452 1
198 324 1
198 329 1
198 337 1
198 378 1
198 457 1
198 462 1
198 826 1
198 918 1
198 921 1
198 1206 1
198 1227 1
198 1359 1
199 247 1
199 438 1
199 572 1
199 593 1
199 679 1
199 755 1
199 776 1
199 786 1
199 812 1
199 989 1
199 1050 1
199 1080 1
199 1124 1
199 1365 1
199 1377 1
199 1433 1
200 1087 1
200 1110 1
201 444 1
201 1165 1
202 334 1
202 777 1
202 1203 1
202 1297 1
202 1390 1
203 409 1
203 901 1
203 1210 1
203 1489 1
204 272 1
204 1011 1
204 1421 1
204 1479 1
205 212 1
205 305 1
205 309 1
205 571 1
205 777 1
205 1158 1
205 1205 1
205 1236 1
205 1486 1
206 251 1
206 695 1
206 714 1
206 774 1
206 819 1
206 1360 1
206 1387 1
206 1454 1
207 294 1
207 330 1
207 444 1
207 465 1
207 564 1
207 656 1
207 812 1
207 847 1
207 962 1
207 973 1
207 1102 1
207 1103 1
208 338 1
208 428 1
208 438 1
208 893 1
208 1130 1
208 1317 1
208 1455 1
208 1497 1
209 384 1
209 476 1
209 500 1
209 658 1
209 1127 1
210 1208 1
210 1428 1
211 289 1
211 590 1
211 620 1
211 649 1
211 1343 1
212 619 1
213 221 1
213 348 1
213 355 1
213 590 1
213 971 1
213 1370 1
213 1437 1
214 262 1
214 345 1
214 346 1
214 372 1
214 403 1
214 480 1
214 509 1
214 685 1
214 994 1
214 1240 1
214 1395 1
214 1430 1
214 1460 1
215 313 1
215 321 1
215 1027 1
215 1161 1
215 1456 1
216 298 1
216 410 1
216 483 1
216 658 1
216 1163 1
216 1314 1
216 1336 1
216 1388 1
217 386 1
217 561 1
217 641 1
217 648 1
217 665 1
217 773 1
217 895 1
217 943 1
217 956 1
217 1097 1
217 1103 1
217 1186 1
217 1252 1
217 1262 1
218 264 1
218 770 1
218 1021 1
218 1030 1
219 514 1
219 587 1
219 751 1
219 823 1
219 944 1
220 251 1
220 329 1
220 435 1
220 755 1
220 1113 1
221 288 1
221 341 1
221 1232 1
221 1268 1
222 461 1
222 478 1
222 636 1
222 671 1
222 740 1
222 1163 1
222 1214 1
223 237 1
223 492 1
223 549 1
223 1165 1
223 1193 1
223 1255 1
224 272 1
224 323 1
224 339 1
224 416 1
224 760 1
224 953 1
224 1381 1
224 1488 1
225 268 1
225 343 1
225 361 1
225 394 1
225 421 1
225 606 1
225 854 1
225 867 1
225 1337 1
226 255 1
226 374 1
226 390 1
226 417 1
226 510 1
226 588 1
226 682 1
226 711 1
226 826 1
226 1246 1
226 1372 1
226 1416 1
227 286 1
227 387 1
227 429 1
227 471 1
227 595 1
227 606 1
227 745 1
227 1351 1
227 1465 1
228 230 1
228 468 1
228 517 1
228 616 1
228 945 1
228 1078 1
228 1408 1
229 260 1
229 408 1
229 478 1
229 479 1
229 577 1
229 738 1
229 880 1
229 939 1
229 1030 1
229 1071 1
230 793 1
230 1024 1
230 1408 1
231 535 1
231 1173 1
231 1204 1
232 320 1
232 490 1
232 991 1
232 1443 1
233 269 1
233 336 1
233 541 1
233 711 1
233 962 1
233 973 1
233 1217 1
234 489 1
234 521 1
234 530 1
234 714 1
234 990 1
234 1120 1
234 1175 1
234 1231 1
235 299 1
235 308 1
235 788 1
236 339 1
236 342 1
236 359 1
236 439 1
236 524 1
236 543 1
236 545 1
236 660 1
236 666 1
236 691 1
236 824 1
236 873 1
236 987 1
236 1282 1
237 271 1
237 550 1
237 610 1
237 634 1
237 893 1
237 999 1
237 1028 1
237 1119 1
237 1327 1
238 260 1
238 413 1
238 513 1
238 532 1
238 557 1
238 576 1
238 579 1
238 613 1
238 906 1
238 950 1
238 1249 1
238 1337 1
239 298 1
239 430 1
239 582 1
239 739 1
239 851 1
239 944 1
240 350 1
240 583 1
240 1244 1
241 348 1
241 406 1
241 573 1
241 644 1
241 768 1
241 1124 1
241 1131 1
241 1209 1
241 1228 1
242 1220 1
242 1295 1
243 326 1
243 334 1
243 341 1
243 400 1
243 441 1
243 450 1
243 805 1
243 924 1
243 1265 1
243 1439 1
244 254 1
244 256 1
244 279 1
244 310 1
244 322 1
244 485 1
244 508 1
244 562 1
244 631 1
244 795 1
244 949 1
244 969 1
244 1063 1
244 1212 1
244 1265 1
244 1274 1
244 1429 1
244 1463 1
245 269 1
245 384 1
245 415 1
245 522 1
245 594 1
245 775 1
245 807 1
245 820 1
246 333 1
246 619 1
246 1044 1
247 281 1
247 399 1
247 635 1
247 855 1
247 1160 1
248 251 1
248 349 1
248 429 1
248 454 1
248 824 1
248 1083 1
248 1214 1
248 1360 1
249 420 1
249 657 1
249 682 1
249 1444 1
250 746 1
250 1080 1
250 1175 1
251 511 1
251 582 1
251 666 1
251 941 1
251 1072 1
252 296 1
252 317 1
252 367 1
252 472 1
252 846 1
252 902 1
252 1187 1
252 1478 1
252 1500 1
253 411 1
253 609 1
253 1357 1
254 324 1
254 402 1
254 624 1
254 1063 1
254 1413 1
255 387 1
255 1490 1
256 492 1
256 530 1
256 624 1
256 867 1
256 1224 1
257 283 1
257 380 1
257 612 1
257 621 1
257 934 1
257 1145 1
258 1125 1
259 561 1
259 778 1
259 1056 1
260 266 1
260 360 1
260 366 1
260 405 1
260 433 1
260 546 1
260 618 1
260 795 1
260 898 1
260 1141 1
261 701 1
261 782 1
261 884 1
261 1030 1
261 1418 1
262 1138 1
263 344 1
264 1038 1
265 886 1
265 1428 1
266 532 1
266 546 1
266 790 1
267 360 1
267 1043 1
267 1123 1
267 1130 1
267 1424 1
268 427 1
268 1154 1
268 1178 1
270 449 1
270 1192 1
271 550 1
271 710 1
271 730 1
271 846 1
271 1189 1
272 291 1
272 315 1
272 930 1
272 948 1
272 1171 1
272 1240 1
273 302 1
273 351 1
273 353 1
273 482 1
273 518 1
273 524 1
273 569 1
273 629 1
273 771 1
273 859 1
273 996 1
273 1124 1
273 1291 1
273 1364 1
273 1479 1
274 1184 1
276 1092 1
277 360 1
277 422 1
277 560 1
277 692 1
277 911 1
277 977 1
278 338 1
278 866 1
278 1027 1
278 1239 1
278 1468 1
279 523 1
279 758 1
279 1190 1
279 1374 1
279 1453 1
280 510 1
280 902 1
280 1222 1
280 1332 1
280 1437 1
281 497 1
281 542 1
281 1292 1
281 1401 1
282 343 1
282 553 1
282 579 1
282 654 1
282 728 1
282 786 1
282 980 1
282 1010 1
282 1080 1
283 372 1
283 397 1
283 548 1
283 673 1
283 943 1
283 956 1
283 1084 1
283 1117 1
283 1355 1
283 1397 1
283 1450 1
283 1485 1
284 325 1
284 394 1
284 735 1
284 980 1
285 481 1
286 306 1
286 399 1
286 537 1
286 1118 1
286 1392 1
287 346 1
287 409 1
287 489 1
287 500 1
287 671 1
287 874 1
288 1117 1
289 366 1
289 369 1
289 380 1
289 571 1
289 896 1
289 903 1
289 921 1
289 1013 1
289 1379 1
290 1294 1
291 335 1
291 396 1
291 528 1
291 701 1
291 1055 1
291 1324 1
292 518 1
292 651 1
292 1158 1
293 645 1
293 1381 1
294 585 1
294 1347 1
294 1431 1
295 317 1
295 1472 1
296 331 1
296 1141 1
297 379 1
297 535 1
297 754 1
297 1162 1
298 375 1
298 423 1
298 453 1
298 483 1
298 556 1
298 719 1
298 1145 1
298 1272 1
299 363 1
299 379 1
299 1271 1
300 337 1
300 423 1
300 525 1
301 306 1
301 382 1
301 401 1
301 406 1
301 428 1
301 431 1
301 495 1
301 558 1
301 763 1
301 778 1
301 1043 1
301 1245 1
301 1329 1
301 1335 1
302 407 1
302 679 1
302 725 1
302 754 1
302 835 1
302 910 1
302 958 1
302 1022 1
302 1353 1
302 1378 1
302 1401 1
303 407 1
303 520 1
304 668 1
304 935 1
304 1243 1
304 1247 1
305 504 1
305 555 1
305 1137 1
306 410 1
306 1441 1
307 389 1
307 520 1
307 659 1
307 675 1
307 1129 1
307 1263 1
308 439 1
308 635 1
309 948 1
310 440 1
310 484 1
310 518 1
310 608 1
310 1362 1
311 324 1
311 332 1
311 506 1
311 540 1
311 552 1
311 825 1
311 871 1
311 900 1
311 1133 1
311 1469 1
312 442 1
312 443 1
312 541 1
312 713 1
312 750 1
312 1048 1
312 1065 1
313 357 1
313 394 1
313 821 1
313 1325 1
314 324 1
314 379 1
314 679 1
314 731 1
314 805 1
314 1171 1
314 1278 1
314 1418 1
315 1288 1
316 1427 1
317 345 1
317 791 1
318 365 1
318 898 1
318 1140 1
319 466 1
319 583 1
319 650 1
319 1031 1
320 1260 1
321 561 1
321 585 1
321 730 1
321 755 1
321 783 1
321 790 1
321 1421 1
322 452 1
322 795 1
322 889 1
323 352 1
323 353 1
323 368 1
323 384 1
323 566 1
323 737 1
323 760 1
323 1018 1
324 871 1
324 975 1
324 1046 1
325 391 1
326 686 1
326 839 1
326 850 1
326 1438 1
327 332 1
327 385 1
327 467 1
328 466 1
328 1061 1
328 1446 1
329 625 1
329 675 1
329 1359 1
330 637 1
330 938 1
330 1088 1
330 1095 1
330 1433 1
332 359 1
332 403 1
332 477 1
332 537 1
332 589 1
332 603 1
332 743 1
332 865 1
332 916 1
332 1012 1
332 1227 1
332 1472 1
333 906 1
333 1008 1
333 1157 1
333 1474 1
334 404 1
334 638 1
334 782 1
334 843 1
334 1168 1
334 1205 1
334 1416 1
336 857 1
337 680 1
337 1183 1
337 1371 1
337 1388 1
338 715 1
338 874 1
339 419 1
339 498 1
339 576 1
339 588 1
339 642 1
339 815 1
339 848 1
339 1140 1
339 1168 1
340 381 1
340 451 1
340 682 1
340 940 1
340 1381 1
341 419 1
341 424 1
341 683 1
341 722 1
341 792 1
341 902 1
341 939 1
342 356 1
342 412 1
342 467 1
343 914 1
343 1170 1
343 1480 1
344 374 1
344 581 1
344 1006 1
344 1185 1
344 1391 1
344 1423 1
345 766 1
346 632 1
346 831 1
346 1443 1
346 1475 1
347 1332 1
348 373 1
348 600 1
348 849 1
348 1344 1
349 835 1
349 1136 1
349 1188 1
350 447 1
350 590 1
350 888 1
350 996 1
350 1049 1
350 1105 1
351 1070 1
352 487 1
352 496 1
352 932 1
352 1297 1
352 1409 1
352 1439 1
353 654 1
353 1214 1
353 1318 1
354 539 1
354 714 1
354 1203 1
355 421 1
355 806 1
355 1300 1
357 671 1
357 742 1
357 1210 1
358 445 1
358 486 1
358 730 1
358 820 1
358 1115 1
358 1178 1
359 526 1
359 1017 1
360 418 1
360 438 1
360 676 1
360 997 1
360 1208 1
361 435 1
361 1001 1
361 1189 1
362 1443 1
362 1492 1
363 619 1
363 785 1
363 1491 1
364 471 1
364 554 1
364 766 1
364 1256 1
365 613 1
365 839 1
365 927 1
365 1295 1
365 1331 1
366 440 1
366 762 1
366 1191 1
367 377 1
367 1175 1
367 1281 1
367 1303 1
368 425 1
368 436 1
368 464 1
368 822 1
368 923 1
368 954 1
368 984 1
368 1144 1
369 380 1
369 562 1
369 570 1
369 628 1
369 765 1
369 783 1
369 1024 1
369 1223 1
369 1290 1
369 1443 1
371 743 1
371 1223 1
372 1309 1
372 1311 1
372 1420 1
373 536 1
373 547 1
373 723 1
373 1226 1
373 1310 1
374 468 1
374 525 1
374 649 1
374 662 1
374 725 1
374 1066 1
374 1111 1
375 398 1
375 427 1
375 538 1
375 549 1
375 743 1
375 752 1
376 379 1
376 829 1
376 1038 1
376 1289 1
376 1348 1
377 400 1
377 413 1
377 670 1
377 688 1
377 775 1
377 942 1
377 1058 1
377 1207 1
377 1275 1
377 1434 1
378 670 1
379 393 1
379 1013 1
379 1147 1
379 1468 1
380 439 1
380 584 1
380 602 1
380 616 1
380 646 1
380 697 1
380 1042 1
380 1044 1
380 1160 1
380 1398 1
380 1404 1
381 464 1
381 519 1
381 692 1
381 868 1
381 983 1
381 1080 1
381 1448 1
381 1498 1
382 557 1
382 738 1
382 827 1
382 858 1
382 878 1
383 402 1
384 599 1
384 709 1
384 944 1
384 1034 1
384 1111 1
384 1188 1
385 479 1
386 410 1
386 750 1
386 1252 1
387 394 1
387 471 1
387 479 1
387 572 1
387 591 1
387 614 1
387 652 1
387 812 1
387 830 1
387 879 1
387 1312 1
387 1493 1
388 961 1
388 1274 1
389 599 1
389 672 1
389 843 1
389 1239 1
389 1408 1
389 1484 1
391 653 1
391 817 1
391 918 1
391 1405 1
392 516 1
392 1391 1
392 1414 1
393 433 1
393 446 1
393 526 1
393 544 1
393 907 1
393 1026 1
394 479 1
394 1325 1
394 1446 1
395 416 1
395 861 1
395 1166 1
395 1318 1
396 510 1
397 474 1
397 756 1
397 1176 1
397 1322 1
397 1482 1
398 485 1
398 587 1
398 634 1
398 767 1
399 1233 1
400 536 1
400 663 1
400 821 1
401 633 1
401 772 1
401 1317 1
402 430 1
402 1339 1
403 441 1
403 456 1
405 538 1
405 580 1
405 1144 1
405 1162 1
405 1330 1
406 644 1
406 724 1
406 1346 1
407 652 1
407 732 1
407 861 1
408 1393 1
409 554 1
409 651 1
409 962 1
409 1001 1
409 1022 1
410 549 1
410 648 1
410 694 1
410 704 1
410 1069 1
410 1105 1
410 1336 1
412 415 1
412 493 1
413 593 1
413 693 1
413 698 1
413 857 1
414 506 1
414 574 1
414 738 1
414 822 1
414 841 1
414 926 1
414 1129 1
414 1404 1
415 488 1
415 1115 1
415 1390 1
416 418 1
416 450 1
416 485 1
416 534 1
416 643 1
416 1032 1
416 1215 1
416 1327 1
417 906 1
417 1007 1
417 1353 1
418 691 1
418 826 1
418 890 1
418 946 1
418 1151 1
418 1291 1
419 981 1
419 1164 1
420 677 1
421 691 1
421 719 1
421 760 1
421 852 1
421 941 1
421 1107 1
421 1361 1
421 1435 1
422 686 1
422 1020 1
422 1364 1
423 596 1
423 928 1
423 959 1
423 1439 1
424 662 1
424 771 1
424 887 1
424 1186 1
424 1307 1
425 779 1
425 806 1
425 817 1
425 873 1
425 1285 1
426 825 1
426 1192 1
427 506 1
427 512 1
427 615 1
427 629 1
427 683 1
427 1090 1
427 1154 1
427 1342 1
428 513 1
428 575 1
428 1234 1
429 744 1
429 963 1
429 978 1
430 511 1
431 540 1
431 621 1
431 808 1
431 996 1
432 604 1
432 827 1
433 597 1
433 687 1
433 726 1
433 789 1
433 869 1
433 881 1
433 955 1
433 1488 1
434 664 1
434 700 1
434 1023 1
434 1204 1
435 468 1
435 516 1
435 543 1
435 570 1
435 596 1
435 653 1
435 680 1
435 699 1
435 951 1
435 1246 1
435 1285 1
436 548 1
436 759 1
436 942 1
437 459 1
437 722 1
437 840 1
437 1427 1
439 622 1
439 870 1
439 1464 1
440 747 1
440 1492 1
441 992 1
442 553 1
442 832 1
442 1100 1
442 1313 1
442 1328 1
442 1401 1
443 521 1
443 1076 1
444 985 1
444 1024 1
444 1028 1
444 1033 1
445 606 1
445 669 1
445 712 1
445 782 1
445 1002 1
445 1260 1
445 1273 1
446 1282 1
447 596 1
447 928 1
447 1471 1
448 998 1
448 1161 1
448 1173 1
449 788 1
450 624 1
450 708 1
450 985 1
450 1106 1
450 1283 1
451 495 1
451 963 1
451 1110 1
451 1278 1
451 1302 1
452 604 1
452 609 1
452 622 1
452 627 1
452 729 1
452 755 1
452 798 1
452 889 1
452 1059 1
452 1226 1
452 1243 1
453 979 1
453 1209 1
454 655 1
454 1412 1
455 465 1
455 681 1
455 1280 1
455 1500 1
456 1150 1
457 1052 1
457 1112 1
457 1427 1
458 692 1
459 754 1
459 878 1
459 958 1
459 1101 1
459 1326 1
460 474 1
460 1361 1
460 1445 1
461 490 1
461 514 1
461 688 1
461 731 1
461 742 1
461 765 1
461 766 1
461 852 1
461 885 1
461 910 1
461 1021 1
461 1037 1
461 1096 1
461 1244 1
461 1485 1
462 640 1
462 860 1
463 603 1
463 628 1
463 629 1
463 637 1
463 665 1
463 1145 1
464 623 1
465 1040 1
465 1061 1
465 1118 1
466 864 1
466 1163 1
466 1304 1
466 1407 1
466 1481 1
467 716 1
467 1042 1
467 1122 1
468 1023 1
469 512 1
469 611 1
469 1115 1
469 1190 1
469 1357 1
470 617 1
470 704 1
470 933 1
470 1316 1
471 616 1
471 629 1
471 769 1
472 539 1
472 681 1
472 892 1
472 1485 1
473 593 1
473 763 1
474 809 1
474 961 1
474 1329 1
475 943 1
475 1037 1
475 1447 1
475 1486 1
476 536 1
477 640 1
477 793 1
477 999 1
477 1169 1
477 1354 1
477 1463 1
478 594 1
478 1078 1
479 496 1
479 591 1
479 799 1
479 857 1
479 870 1
479 872 1
479 997 1
479 1118 1
479 1293 1
480 507 1
480 523 1
480 838 1
480 1442 1
481 1061 1
482 515 1
482 528 1
482 537 1
482 823 1
482 877 1
482 922 1
482 1022 1
482 1112 1
482 1241 1
482 1247 1
482 1373 1
483 586 1
483 797 1
483 936 1
484 545 1
484 1334 1
485 587 1
485 590 1
485 1456 1
486 734 1
487 490 1
488 1128 1
489 530 1
489 534 1
489 625 1
489 630 1
489 952 1
489 1182 1
489 1287 1
490 813 1
490 885 1
490 1432 1
490 1468 1
491 531 1
491 882 1
491 1054 1
491 1433 1
491 1455 1
492 494 1
493 602 1
493 844 1
493 1133 1
493 1366 1
494 757 1
494 1039 1
494 1220 1
495 1384 1
497 817 1
497 1139 1
497 1271 1
497 1398 1
498 820 1
498 887 1
498 1044 1
498 1470 1
499 700 1
499 753 1
499 844 1
499 1484 1
500 856 1
500 1167 1
501 525 1
501 1136 1
502 569 1
502 707 1
502 735 1
502 837 1
502 853 1
502 1011 1
502 1073 1
502 1232 1
504 554 1
504 874 1
504 1071 1
504 1387 1
505 1250 1
506 512 1
506 1041 1
507 622 1
507 972 1
507 1032 1
507 1178 1
507 1215 1
508 718 1
508 744 1
508 1193 1
508 1338 1
509 1294 1
509 1449 1
510 1229 1
511 576 1
511 582 1
511 592 1
511 922 1
511 1026 1
511 1380 1
512 872 1
512 1331 1
513 576 1
513 617 1
513 688 1
513 1394 1
514 618 1
514 688 1
514 696 1
514 724 1
515 1319 1
516 941 1
516 1046 1
516 1478 1
517 694 1
517 1096 1
518 868 1
518 1417 1
519 620 1
519 1201 1
519 1247 1
519 1276 1
520 1282 1
521 1363 1
522 627 1
523 652 1
523 825 1
523 1047 1
523 1098 1
523 1368 1
524 674 1
524 1086 1
524 1097 1
524 1496 1
525 1470 1
526 582 1
526 650 1
527 702 1
527 791 1
527 800 1
527 1029 1
527 1212 1
527 1349 1
527 1407 1
528 564 1
528 984 1
528 1300 1
528 1366 1
528 1474 1
529 742 1
529 965 1
529 1415 1
531 778 1
531 1436 1
532 804 1
532 854 1
532 856 1
532 970 1
532 1078 1
532 1169 1
533 568 1
533 630 1
533 1047 1
534 699 1
534 1051 1
535 784 1
535 933 1
535 952 1
535 986 1
535 1129 1
535 1164 1
535 1336 1
535 1338 1
535 1409 1
536 1099 1
537 1045 1
538 1156 1
539 633 1
539 690 1
539 868 1
539 1110 1
539 1277 1
541 1065 1
541 1432 1
542 1434 1
544 754 1
544 1215 1
545 591 1
545 602 1
545 952 1
546 569 1
546 651 1
546 1069 1
546 1252 1
546 1426 1
546 1492 1
547 977 1
547 1211 1
547 1337 1
549 577 1
549 768 1
549 850 1
549 969 1
549 1099 1
549 1165 1
549 1422 1
550 1146 1
550 1195 1
551 1198 1
552 781 1
554 670 1
554 1140 1
554 1498 1
555 620 1
555 742 1
555 984 1
555 1014 1
556 1028 1
557 833 1
557 1287 1
558 661 1
558 703 1
558 739 1
558 1041 1
558 1104 1
559 680 1
559 882 1
559 923 1
559 927 1
559 1149 1
559 1189 1
559 1332 1
560 634 1
560 639 1
560 1116 1
560 1407 1
561 889 1
561 929 1
561 1457 1
563 967 1
563 1262 1
563 1452 1
563 1466 1
564 1022 1
564 1224 1
565 703 1
565 907 1
565 1079 1
565 1274 1
566 716 1
566 850 1
567 1273 1
567 1447 1
568 1054 1
568 1277 1
568 1392 1
568 1475 1
569 802 1
569 810 1
569 1014 1
569 1277 1
570 683 1
570 861 1
570 1191 1
570 1209 1
571 574 1
571 662 1
571 1349 1
571 1472 1
572 618 1
572 720 1
572 885 1
572 1020 1
572 1364 1
573 709 1
573 748 1
574 646 1
574 750 1
574 1072 1
575 593 1
575 955 1
575 1004 1
575 1271 1
575 1315 1
575 1429 1
576 677 1
576 684 1
576 1296 1
576 1499 1
578 1049 1
578 1060 1
579 996 1
580 690 1
580 1396 1
581 612 1
581 673 1
581 831 1
582 674 1
582 1018 1
582 1197 1
582 1319 1
582 1445 1
583 1001 1
584 1464 1
585 1068 1
586 591 1
586 830 1
586 1262 1
586 1434 1
586 1458 1
587 876 1
587 1007 1
587 1196 1
587 1229 1
587 1283 1
588 669 1
588 881 1
588 1298 1
589 908 1
589 995 1
590 649 1
590 904 1
591 791 1
591 982 1
591 1121 1
591 1237 1
592 720 1
593 1314 1
594 631 1
594 938 1
594 1291 1
594 1394 1
594 1441 1
595 1236 1
596 1110 1
596 1347 1
597 940 1
597 1400 1
597 1433 1
598 893 1
599 894 1
599 980 1
599 1234 1
600 623 1
600 843 1
600 913 1
600 914 1
600 1262 1
600 1286 1
600 1389 1
601 1142 1
605 937 1
605 1395 1
606 780 1
608 693 1
608 786 1
608 1064 1
608 1320 1
610 1174 1
611 896 1
611 1101 1
612 751 1
613 1422 1
614 758 1
614 828 1
614 1180 1
614 1307 1
615 836 1
615 900 1
616 1180 1
616 1480 1
617 765 1
617 1138 1
617 1182 1
617 1206 1
617 1268 1
618 1228 1
620 675 1
622 991 1
622 1219 1
624 1066 1
625 1303 1
626 1009 1
627 647 1
627 691 1
627 993 1
627 1249 1
628 1146 1
628 1147 1
628 1437 1
628 1489 1
629 751 1
629 787 1
629 842 1
629 894 1
629 903 1
629 949 1
629 1055 1
629 1342 1
630 697 1
630 1481 1
631 685 1
631 909 1
631 948 1
633 720 1
633 1477 1
633 1495 1
634 1384 1
635 780 1
635 916 1
635 1290 1
636 736 1
636 914 1
636 1174 1
636 1216 1
637 667 1
637 803 1
637 822 1
637 915 1
637 1356 1
637 1367 1
637 1375 1
637 1473 1
638 852 1
638 942 1
638 1057 1
638 1234 1
640 659 1
641 645 1
641 999 1
642 1093 1
642 1238 1
642 1369 1
643 796 1
643 1037 1
644 679 1
644 1006 1
645 871 1
645 872 1
646 1257 1
647 651 1
647 1100 1
647 1124 1
647 1226 1
648 918 1
649 768 1
649 880 1
649 968 1
649 1094 1
649 1116 1
650 1062 1
650 1191 1
651 1039 1
652 847 1
652 1087 1
653 699 1
653 702 1
653 1119 1
653 1345 1
654 913 1
655 741 1
655 988 1
655 1210 1
655 1334 1
656 816 1
656 1077 1
656 1105 1
657 1325 1
659 718 1
659 1255 1
660 837 1
660 890 1
660 1153 1
660 1242 1
660 1315 1
661 707 1
661 1272 1
661 1414 1
663 1021 1
665 1287 1
666 869 1
666 1019 1
666 1417 1
667 702 1
668 902 1
668 985 1
668 990 1
668 1261 1
669 1056 1
669 1398 1
670 1058 1
670 1134 1
671 1303 1
672 1421 1
673 886 1
673 1108 1
673 1132 1
674 712 1
674 993 1
674 1097 1
675 777 1
675 844 1
675 896 1
675 1207 1
676 914 1
676 1037 1
676 1311 1
676 1335 1
676 1457 1
677 784 1
677 1130 1
677 1156 1
682 826 1
682 1418 1
682 1434 1
682 1486 1
683 753 1
683 1024 1
683 1048 1
684 993 1
684 1277 1
684 1473 1
686 741 1
686 976 1
686 1351 1
686 1425 1
687 1463 1
688 1136 1
689 927 1
689 1132 1
690 779 1
690 1093 1
691 925 1
691 1448 1
693 974 1
694 785 1
694 925 1
695 733 1
695 745 1
696 762 1
696 990 1
696 1166 1
696 1447 1
697 833 1
697 848 1
697 1377 1
699 854 1
699 870 1
699 1390 1
700 960 1
700 1026 1
700 1221 1
701 845 1
701 1067 1
702 1327 1
703 982 1
703 1247 1
704 715 1
704 740 1
704 843 1
704 919 1
707 1239 1
708 775 1
708 1106 1
708 1186 1
709 841 1
709 1020 1
709 1367 1
711 726 1
711 728 1
711 1206 1
711 1246 1
713 1289 1
715 919 1
715 1035 1
715 1057 1
715 1292 1
715 1431 1
716 1093 1
717 774 1
717 1298 1
719 801 1
719 925 1
719 1333 1
721 1379 1
722 1235 1
722 1406 1
723 1253 1
724 803 1
724 1254 1
725 789 1
725 816 1
725 1194 1
725 1481 1
726 1077 1
726 1200 1
727 992 1
728 790 1
728 1308 1
729 1199 1
729 1465 1
732 960 1
732 1322 1
732 1460 1
733 781 1
733 887 1
733 1129 1
734 808 1
734 1149 1
734 1469 1
735 800 1
736 1060 1
736 1082 1
736 1150 1
737 761 1
737 936 1
737 1425 1
737 1476 1
738 884 1
738 1075 1
740 1416 1
741 945 1
741 968 1
742 1448 1
743 908 1
743 1043 1
743 1287 1
745 1046 1
746 1047 1
746 1142 1
747 808 1
747 1181 1
750 1088 1
751 936 1
752 942 1
752 989 1
752 1370 1
753 844 1
753 1172 1
753 1455 1
754 783 1
754 1386 1
754 1396 1
756 1313 1
757 1299 1
758 816 1
758 1077 1
760 1451 1
761 1098 1
761 1121 1
763 794 1
763 1296 1
763 1365 1
765 1076 1
767 859 1
767 946 1
767 1383 1
768 907 1
768 1062 1
769 1082 1
771 819 1
771 858 1
771 1108 1
772 964 1
773 960 1
773 1467 1
774 1152 1
775 1260 1
776 930 1
777 1459 1
779 792 1
779 835 1
779 875 1
779 904 1
779 1047 1
779 1081 1
780 856 1
780 865 1
780 1013 1
780 1017 1
780 1205 1
780 1272 1
780 1280 1
781 973 1
781 1156 1
781 1375 1
783 823 1
785 1002 1
785 1264 1
785 1275 1
785 1361 1
786 1137 1
786 1307 1
788 909 1
788 1464 1
790 834 1
790 1039 1
791 958 1
791 1074 1
791 1096 1
791 1273 1
792 848 1
792 1051 1
793 813 1
794 1070 1
794 1118 1
794 1223 1
794 1350 1
795 1265 1
795 1302 1
795 1311 1
797 1375 1
798 1261 1
800 1233 1
800 1439 1
801 952 1
801 966 1
801 1015 1
801 1358 1
802 810 1
803 964 1
803 1224 1
803 1264 1
803 1335 1
804 1350 1
804 1356 1
805 815 1
805 1205 1
807 839 1
807 1120 1
807 1322 1
808 934 1
809 856 1
809 1029 1
810 841 1
810 1288 1
812 1167 1
812 1283 1
813 1072 1
813 1294 1
813 1432 1
814 926 1
814 1251 1
815 1120 1
816 1059 1
816 1084 1
818 875 1
818 1036 1
818 1194 1
819 985 1
820 1189 1
821 1153 1
822 908 1
823 1256 1
825 876 1
826 1107 1
827 926 1
828 1350 1
829 1052 1
830 1131 1
830 1324 1
831 1222 1
832 966 1
833 979 1
833 1414 1
834 859 1
834 1040 1
835 1192 1
835 1201 1
836 1440 1
838 1224 1
839 1212 1
840 1146 1
840 1324 1
840 1351 1
840 1367 1
844 1179 1
846 1179 1
846 1396 1
847 890 1
847 1185 1
847 1188 1
848 981 1
848 1185 1
849 1055 1
852 1048 1
853 1131 1
854 1402 1
854 1491 1
855 913 1
855 1233 1
857 1397 1
858 1318 1
859 878 1
859 946 1
860 1067 1
861 1015 1
861 1138 1
861 1181 1
862 897 1
862 994 1
862 1011 1
862 1150 1
862 1354 1
863 1355 1
864 1082 1
864 1091 1
865 1013 1
866 987 1
867 973 1
867 1095 1
867 1213 1
867 1337 1
868 1083 1
868 1319 1
868 1362 1
869 1071 1
869 1161 1
869 1265 1
869 1312 1
869 1459 1
870 1391 1
873 956 1
873 1352 1
874 1071 1
876 919 1
876 1041 1
876 1049 1
876 1112 1
876 1278 1
876 1344 1
878 1281 1
879 1187 1
880 920 1
880 976 1
882 1372 1
883 898 1
883 1406 1
885 1238 1
886 1000 1
886 1160 1
888 1182 1
888 1415 1
889 1328 1
891 1032 1
892 1174 1
897 1206 1
898 1327 1
898 1453 1
899 1177 1
899 1258 1
899 1336 1
900 1264 1
901 1208 1
902 1030 1
902 1271 1
903 1259 1
904 1362 1
905 1218 1
906 932 1
906 1143 1
906 1167 1
910 957 1
910 1132 1
911 1284 1
912 971 1
912 1369 1
913 1437 1
915 1025 1
915 1038 1
915 1225 1
915 1394 1
916 1035 1
916 1173 1
918 1203 1
920 976 1
920 1469 1
921 1036 1
922 1249 1
922 1408 1
923 1054 1
924 1123 1
925 953 1
925 1042 1
925 1267 1
925 1289 1
926 1199 1
928 1248 1
928 1269 1
930 1392 1
931 1125 1
931 1254 1
932 1010 1
932 1313 1
933 1068 1
933 1354 1
935 959 1
935 1281 1
935 1315 1
935 1487 1
936 937 1
937 1420 1
940 1202 1
940 1363 1
941 1298 1
944 1015 1
946 1383 1
947 1248 1
948 1033 1
949 1403 1
950 1153 1
950 1231 1
950 1275 1
951 961 1
953 1021 1
953 1086 1
953 1304 1
954 1330 1
955 987 1
956 1061 1
956 1103 1
956 1221 1
956 1235 1
956 1242 1
956 1480 1
957 1383 1
958 1310 1
959 1060 1
959 1465 1
962 1477 1
963 1219 1
963 1300 1
965 1151 1
965 1397 1
967 1297 1
971 1117 1
971 1473 1
972 1014 1
975 1432 1
976 1233 1
976 1312 1
976 1438 1
977 1010 1
978 1001 1
978 1114 1
978 1379 1
979 1369 1
981 1141 1
982 1041 1
982 1144 1
983 1109 1
983 1344 1
984 1109 1
989 1036 1
990 1240 1
992 1068 1
993 1097 1
993 1099 1
994 1370 1
996 1094 1
996 1202 1
997 1113 1
997 1488 1
998 1374 1
998 1483 1
999 1438 1
1000 1059 1
1001 1114 1
1002 1231 1
1002 1404 1
1004 1102 1
1004 1313 1
1004 1318 1
1005 1400 1
1006 1212 1
1012 1308 1
1013 1016 1
1013 1194 1
1013 1272 1
1013 1368 1
1014 1111 1
1015 1183 1
1015 1351 1
1018 1304 1
1018 1321 1
1019 1227 1
1022 1033 1
1022 1346 1
1023 1077 1
1023 1466 1
1024 1072 1
1025 1257 1
1026 1290 1
1026 1295 1
1027 1055 1
1027 1241 1
1027 1349 1
1029 1207 1
1029 1314 1
1029 1378 1
1031 1428 1
1034 1380 1
1035 1101 1
1036 1184 1
1037 1075 1
1038 1165 1
1038 1286 1
1039 1102 1
1042 1183 1
1042 1426 1
1044 1445 1
1045 1164 1
1048 1377 1
1049 1238 1
1049 1255 1
1050 1066 1
1053 1229 1
1054 1157 1
1056 1216 1
1057 1155 1
1057 1484 1
1061 1447 1
1063 1196 1
1063 1382 1
1064 1070 1
1065 1342 1
1067 1388 1
1071 1405 1
1071 1456 1
1072 1217 1
1073 1200 1
1073 1399 1
1074 1419 1
1076 1148 1
1080 1389 1
1081 1267 1
1082 1134 1
1082 1331 1
1082 1334 1
1083 1441 1
1091 1305 1
1091 1392 1
1091 1419 1
1092 1125 1
1093 1148 1
1094 1159 1
1094 1348 1
1095 1170 1
1098 1159 1
1098 1316 1
1101 1341 1
1101 1402 1
1103 1168 1
1104 1136 1
1104 1203 1
1105 1270 1
1106 1182 1
1107 1330 1
1109 1352 1
1109 1358 1
1110 1225 1
1110 1237 1
1110 1302 1
1112 1128 1
1112 1137 1
1113 1319 1
1114 1442 1
1118 1452 1
1118 1482 1
1119 1481 1
1120 1465 1
1122 1329 1
1126 1398 1
1130 1420 1
1133 1258 1
1135 1211 1
1136 1497 1
1138 1323 1
1139 1391 1
1142 1163 1
1147 1406 1
1165 1366 1
1166 1267 1
1167 1210 1
1175 1259 1
1175 1276 1
1177 1280 1
1177 1463 1
1179 1372 1
1180 1348 1
1184 1256 1
1185 1496 1
1187 1462 1
1190 1360 1
1191 1399 1
1197 1267 1
1197 1410 1
1201 1373 1
1202 1295 1
1202 1394 1
1202 1480 1
1204 1241 1
1209 1461 1
1210 1279 1
1217 1450 1
1219 1435 1
1220 1386 1
1221 1285 1
1227 1399 1
1237 1326 1
1237 1494 1
1242 1256 1
1242 1387 1
1242 1454 1
1246 1268 1
1246 1386 1
1247 1309 1
1253 1357 1
1253 1402 1
1262 1435 1
1262 1478 1
1267 1415 1
1269 1279 1
1272 1286 1
1273 1376 1
1274 1484 1
1275 1343 1
1279 1367 1
1282 1323 1
1285 1471 1
1288 1375 1
1289 1370 1
1294 1393 1
1296 1352 1
1298 1322 1
1302 1361 1
1302 1454 1
1310 1470 1
1311 1498 1
1320 1373 1
1320 1410 1
1329 1333 1
1329 1454 1
1329 1494 1
1333 1494 1
1336 1444 1
1339 1412 1
1350 1356 1
1361 1429 1
1366 1425 1
1379 1446 1
1382 1477 1
1385 1471 1
1397 1453 1
1399 1413 1
1403 1483 1
1412 1464 1
1441 1492 1
1452 1460 1
1459 1460 1
