200 783 
1 5 1
1 6 1
1 8 1
1 10 1
1 13 1
1 15 1
1 17 1
1 26 1
1 27 1
1 28 1
1 36 1
1 40 1
1 45 1
1 47 1
1 55 1
1 59 1
1 60 1
1 69 1
1 70 1
1 93 1
1 95 1
1 107 1
1 113 1
1 120 1
1 126 1
1 135 1
1 143 1
1 144 1
1 171 1
1 176 1
1 188 1
2 5 1
2 6 1
2 7 1
2 8 1
2 9 1
2 12 1
2 13 1
2 14 1
2 15 1
2 18 1
2 19 1
2 20 1
2 21 1
2 24 1
2 25 1
2 31 1
2 43 1
2 50 1
2 58 1
2 75 1
2 84 1
2 85 1
2 88 1
2 107 1
2 118 1
3 5 1
3 6 1
3 7 1
3 9 1
3 12 1
3 16 1
3 18 1
3 31 1
3 48 1
3 53 1
3 54 1
3 55 1
3 58 1
3 71 1
3 80 1
3 87 1
3 98 1
3 101 1
3 152 1
3 163 1
4 5 1
4 6 1
4 8 1
4 17 1
4 36 1
4 90 1
4 98 1
5 7 1
5 8 1
5 9 1
5 10 1
5 11 1
5 12 1
5 13 1
5 15 1
5 16 1
5 17 1
5 20 1
5 23 1
5 25 1
5 28 1
5 29 1
5 30 1
5 31 1
5 32 1
5 33 1
5 39 1
5 43 1
5 44 1
5 48 1
5 50 1
5 53 1
5 54 1
5 56 1
5 57 1
5 62 1
5 65 1
5 66 1
5 68 1
5 72 1
5 73 1
5 74 1
5 75 1
5 78 1
5 79 1
5 92 1
5 93 1
5 94 1
5 95 1
5 99 1
5 100 1
5 102 1
5 106 1
5 108 1
5 109 1
5 117 1
5 120 1
5 122 1
5 123 1
5 124 1
5 127 1
5 130 1
5 132 1
5 133 1
5 136 1
5 137 1
5 143 1
5 152 1
5 153 1
5 154 1
5 156 1
5 157 1
5 159 1
5 169 1
5 171 1
5 173 1
5 178 1
5 179 1
5 181 1
5 182 1
5 189 1
5 190 1
5 194 1
5 200 1
6 7 1
6 9 1
6 10 1
6 19 1
6 21 1
6 22 1
6 23 1
6 26 1
6 28 1
6 30 1
6 33 1
6 34 1
6 37 1
6 38 1
6 47 1
6 48 1
6 52 1
6 57 1
6 65 1
6 68 1
6 69 1
6 77 1
6 78 1
6 94 1
6 111 1
6 136 1
6 148 1
6 150 1
6 151 1
6 156 1
6 158 1
6 162 1
6 167 1
6 187 1
6 199 1
7 14 1
7 17 1
7 21 1
7 27 1
7 35 1
7 37 1
7 62 1
7 74 1
7 75 1
7 119 1
7 129 1
7 146 1
7 193 1
7 195 1
7 196 1
8 11 1
8 15 1
8 16 1
8 22 1
8 36 1
8 41 1
8 47 1
8 59 1
8 64 1
8 67 1
8 79 1
8 105 1
9 10 1
9 11 1
9 12 1
9 19 1
9 21 1
9 24 1
9 32 1
9 54 1
9 68 1
9 72 1
9 101 1
9 123 1
9 135 1
9 158 1
9 167 1
9 171 1
9 193 1
10 11 1
10 23 1
10 32 1
10 66 1
10 76 1
10 81 1
10 91 1
10 103 1
10 114 1
10 119 1
10 135 1
10 148 1
10 164 1
11 18 1
11 32 1
11 33 1
11 37 1
11 38 1
11 43 1
11 48 1
11 62 1
11 63 1
11 64 1
11 80 1
11 85 1
11 86 1
11 88 1
11 91 1
11 92 1
11 95 1
11 116 1
11 130 1
11 136 1
11 144 1
11 145 1
11 177 1
11 181 1
11 185 1
11 191 1
11 197 1
12 14 1
12 16 1
12 27 1
12 49 1
12 51 1
12 59 1
12 65 1
12 79 1
12 82 1
12 108 1
12 122 1
12 137 1
12 156 1
12 178 1
13 14 1
13 20 1
13 51 1
13 53 1
13 63 1
13 96 1
13 123 1
14 18 1
14 19 1
14 20 1
14 23 1
14 24 1
14 28 1
14 29 1
14 39 1
14 41 1
14 42 1
14 44 1
14 46 1
14 61 1
14 67 1
14 70 1
14 71 1
14 82 1
14 87 1
14 90 1
14 105 1
14 123 1
14 164 1
14 185 1
15 26 1
15 35 1
15 49 1
15 74 1
15 89 1
15 105 1
15 126 1
15 137 1
15 174 1
15 175 1
16 25 1
16 30 1
16 34 1
16 54 1
16 69 1
16 98 1
16 149 1
17 36 1
17 41 1
17 50 1
17 61 1
17 64 1
17 86 1
17 93 1
17 124 1
17 132 1
17 134 1
17 147 1
17 200 1
18 104 1
18 151 1
19 22 1
19 33 1
19 34 1
19 63 1
19 89 1
19 115 1
19 116 1
19 143 1
19 162 1
19 183 1
20 25 1
20 40 1
20 60 1
20 63 1
20 73 1
20 91 1
20 100 1
21 22 1
21 27 1
21 44 1
21 59 1
21 85 1
21 131 1
21 157 1
22 29 1
22 39 1
22 67 1
22 77 1
22 89 1
22 110 1
22 115 1
22 184 1
22 191 1
23 24 1
23 26 1
23 31 1
23 34 1
23 40 1
23 44 1
23 45 1
23 50 1
23 53 1
23 56 1
23 138 1
23 148 1
23 160 1
23 189 1
24 35 1
24 159 1
25 30 1
25 42 1
25 47 1
25 52 1
26 92 1
27 29 1
27 99 1
27 116 1
27 134 1
27 147 1
27 173 1
27 174 1
27 198 1
28 35 1
28 37 1
28 40 1
28 45 1
28 138 1
28 139 1
28 143 1
28 155 1
28 165 1
29 39 1
29 49 1
29 62 1
29 76 1
29 77 1
29 97 1
29 99 1
29 100 1
29 101 1
29 117 1
29 142 1
29 172 1
29 176 1
30 56 1
30 78 1
30 106 1
30 149 1
30 175 1
30 198 1
31 43 1
31 46 1
31 58 1
31 73 1
31 118 1
31 128 1
31 133 1
31 166 1
31 170 1
32 45 1
32 58 1
32 72 1
32 118 1
32 165 1
32 195 1
33 38 1
33 52 1
33 61 1
33 141 1
33 161 1
33 163 1
34 46 1
34 51 1
34 55 1
34 57 1
34 60 1
34 64 1
34 65 1
34 69 1
34 79 1
34 83 1
34 90 1
34 110 1
34 132 1
34 134 1
34 154 1
34 158 1
34 162 1
34 198 1
35 38 1
35 155 1
35 159 1
36 41 1
36 120 1
36 145 1
36 176 1
36 194 1
37 42 1
37 46 1
37 49 1
37 77 1
37 145 1
37 155 1
37 163 1
38 42 1
38 66 1
38 71 1
38 90 1
38 104 1
38 180 1
39 82 1
39 104 1
39 168 1
40 57 1
41 51 1
41 86 1
41 103 1
41 113 1
41 149 1
41 154 1
41 183 1
41 186 1
41 197 1
42 70 1
42 84 1
42 122 1
42 128 1
42 177 1
42 192 1
43 88 1
43 102 1
43 150 1
43 168 1
44 60 1
44 71 1
44 117 1
44 141 1
44 174 1
45 73 1
45 114 1
45 149 1
45 150 1
46 52 1
46 125 1
46 127 1
46 133 1
46 158 1
46 196 1
47 70 1
47 96 1
47 97 1
47 102 1
47 112 1
47 118 1
47 128 1
47 161 1
48 67 1
48 72 1
48 78 1
48 88 1
48 146 1
48 164 1
49 61 1
49 86 1
49 112 1
49 131 1
49 137 1
49 140 1
49 180 1
49 191 1
50 55 1
50 91 1
51 97 1
51 111 1
52 83 1
52 110 1
53 56 1
53 75 1
53 103 1
53 105 1
53 138 1
53 169 1
54 66 1
54 81 1
55 169 1
56 148 1
57 94 1
57 102 1
57 109 1
57 119 1
57 124 1
57 190 1
57 198 1
58 103 1
59 113 1
59 140 1
59 151 1
59 153 1
60 68 1
60 80 1
60 85 1
60 96 1
60 106 1
60 107 1
60 142 1
60 153 1
60 166 1
60 200 1
61 74 1
61 181 1
61 199 1
62 76 1
62 80 1
62 92 1
62 113 1
62 129 1
62 174 1
63 117 1
63 135 1
63 173 1
64 121 1
65 108 1
65 112 1
65 121 1
65 138 1
65 152 1
65 188 1
66 136 1
68 109 1
68 121 1
68 126 1
69 87 1
69 115 1
69 131 1
69 151 1
69 184 1
70 76 1
70 84 1
70 96 1
70 106 1
70 111 1
71 81 1
73 125 1
73 150 1
74 82 1
74 89 1
74 99 1
74 114 1
74 160 1
74 188 1
76 81 1
76 87 1
76 187 1
77 130 1
77 153 1
77 167 1
78 94 1
78 110 1
78 165 1
78 166 1
79 83 1
79 93 1
79 119 1
79 128 1
79 147 1
81 160 1
81 164 1
81 182 1
82 83 1
82 84 1
82 98 1
82 180 1
85 127 1
85 142 1
87 114 1
87 121 1
88 108 1
88 176 1
88 196 1
89 125 1
89 131 1
89 141 1
91 95 1
91 100 1
91 160 1
91 175 1
92 115 1
92 134 1
92 181 1
92 192 1
93 97 1
93 120 1
93 125 1
93 129 1
93 173 1
93 179 1
93 185 1
93 196 1
94 132 1
94 139 1
94 142 1
95 144 1
96 101 1
96 147 1
96 156 1
96 193 1
96 199 1
97 170 1
97 187 1
97 197 1
98 111 1
98 170 1
98 190 1
99 107 1
100 104 1
101 140 1
101 157 1
101 187 1
105 139 1
105 171 1
105 172 1
105 190 1
107 170 1
108 109 1
108 159 1
108 179 1
109 112 1
110 127 1
110 130 1
110 177 1
110 182 1
111 126 1
112 116 1
113 122 1
113 133 1
113 140 1
115 184 1
117 141 1
117 192 1
118 167 1
119 152 1
119 155 1
119 157 1
119 166 1
119 189 1
120 197 1
122 139 1
123 124 1
123 168 1
123 195 1
124 172 1
124 183 1
127 146 1
127 154 1
127 182 1
128 129 1
128 180 1
131 165 1
133 163 1
134 199 1
136 162 1
139 194 1
141 188 1
141 193 1
142 161 1
142 169 1
142 179 1
142 183 1
143 144 1
143 145 1
143 177 1
145 146 1
148 185 1
148 195 1
149 168 1
149 172 1
149 175 1
153 184 1
155 161 1
162 192 1
166 189 1
169 178 1
170 178 1
171 191 1
174 194 1
175 186 1
178 186 1
184 186 1
188 200 1
