200 784 
1 5 1
1 6 1
1 9 1
1 11 1
1 12 1
1 13 1
1 16 1
1 18 1
1 21 1
1 22 1
1 24 1
1 25 1
1 29 1
1 32 1
1 33 1
1 34 1
1 35 1
1 36 1
1 39 1
1 44 1
1 45 1
1 46 1
1 47 1
1 52 1
1 53 1
1 57 1
1 61 1
1 62 1
1 63 1
1 64 1
1 69 1
1 73 1
1 79 1
1 88 1
1 106 1
1 107 1
1 110 1
1 114 1
1 121 1
1 137 1
1 141 1
1 142 1
1 143 1
1 146 1
1 147 1
1 148 1
1 149 1
1 152 1
1 157 1
1 161 1
1 164 1
1 165 1
1 184 1
1 185 1
1 191 1
1 195 1
2 5 1
2 6 1
2 7 1
2 8 1
2 14 1
2 15 1
2 17 1
2 22 1
2 24 1
2 28 1
2 31 1
2 33 1
2 36 1
2 37 1
2 38 1
2 44 1
2 46 1
2 51 1
2 60 1
2 64 1
2 66 1
2 70 1
2 78 1
2 84 1
2 86 1
2 88 1
2 89 1
2 92 1
2 100 1
2 113 1
2 115 1
2 121 1
2 133 1
2 143 1
2 149 1
2 161 1
2 166 1
2 189 1
2 197 1
3 5 1
3 6 1
3 7 1
3 8 1
3 10 1
3 16 1
3 42 1
3 48 1
3 62 1
3 63 1
3 68 1
3 90 1
3 115 1
3 128 1
3 144 1
3 167 1
3 182 1
4 5 1
4 7 1
4 9 1
4 10 1
4 11 1
4 13 1
4 14 1
4 20 1
4 21 1
4 26 1
4 30 1
4 39 1
4 64 1
4 65 1
4 66 1
4 76 1
4 89 1
4 102 1
4 117 1
4 119 1
4 125 1
4 130 1
4 137 1
4 151 1
4 173 1
5 6 1
5 8 1
5 9 1
5 11 1
5 15 1
5 18 1
5 23 1
5 25 1
5 33 1
5 49 1
5 61 1
5 67 1
5 68 1
5 71 1
5 77 1
5 81 1
5 84 1
5 89 1
5 95 1
5 100 1
5 102 1
5 104 1
5 114 1
5 136 1
5 147 1
5 171 1
5 179 1
5 188 1
5 195 1
5 200 1
6 7 1
6 8 1
6 17 1
6 22 1
6 31 1
6 37 1
6 41 1
6 43 1
6 55 1
6 82 1
6 113 1
6 194 1
7 9 1
7 10 1
7 11 1
7 17 1
7 19 1
7 35 1
7 50 1
7 54 1
7 67 1
7 74 1
7 97 1
7 99 1
7 115 1
7 146 1
7 155 1
7 160 1
7 167 1
7 169 1
7 175 1
7 190 1
7 200 1
8 12 1
8 13 1
8 14 1
8 16 1
8 19 1
8 20 1
8 24 1
8 26 1
8 29 1
8 30 1
8 32 1
8 34 1
8 36 1
8 40 1
8 43 1
8 45 1
8 53 1
8 54 1
8 56 1
8 60 1
8 70 1
8 72 1
8 74 1
8 84 1
8 90 1
8 105 1
8 112 1
8 128 1
8 140 1
8 147 1
8 150 1
8 152 1
8 153 1
8 154 1
8 168 1
8 176 1
8 182 1
9 10 1
9 12 1
9 18 1
9 20 1
9 31 1
9 33 1
9 37 1
9 38 1
9 50 1
9 53 1
9 66 1
9 74 1
9 89 1
9 98 1
9 104 1
9 124 1
9 134 1
9 140 1
9 158 1
9 163 1
9 192 1
9 196 1
10 24 1
10 31 1
10 75 1
11 12 1
11 13 1
11 19 1
11 28 1
11 51 1
11 52 1
11 53 1
11 96 1
11 111 1
11 118 1
11 145 1
11 165 1
11 174 1
11 185 1
12 17 1
12 25 1
12 47 1
12 57 1
12 67 1
12 73 1
12 75 1
12 87 1
12 91 1
12 103 1
12 129 1
12 155 1
12 162 1
12 173 1
12 196 1
13 14 1
13 15 1
13 26 1
13 27 1
13 28 1
13 38 1
13 39 1
13 55 1
13 67 1
13 68 1
13 86 1
13 92 1
13 96 1
13 113 1
13 116 1
13 137 1
13 170 1
13 178 1
14 15 1
14 18 1
14 22 1
14 42 1
14 47 1
14 51 1
14 56 1
14 63 1
14 108 1
14 136 1
14 139 1
14 170 1
14 176 1
15 16 1
15 23 1
15 26 1
15 28 1
15 32 1
15 79 1
15 106 1
16 20 1
16 21 1
16 23 1
16 27 1
16 30 1
16 44 1
16 48 1
16 62 1
16 104 1
16 126 1
16 161 1
16 173 1
17 19 1
17 42 1
17 57 1
17 122 1
17 139 1
18 23 1
18 29 1
18 35 1
18 40 1
18 48 1
18 65 1
18 80 1
18 126 1
18 131 1
18 153 1
18 155 1
18 158 1
18 161 1
18 167 1
18 197 1
19 21 1
19 27 1
19 29 1
19 40 1
19 45 1
19 76 1
19 122 1
19 156 1
20 30 1
20 39 1
20 71 1
21 25 1
21 38 1
21 57 1
21 59 1
21 140 1
21 143 1
21 145 1
23 46 1
23 60 1
23 93 1
23 98 1
23 127 1
23 159 1
23 172 1
24 27 1
24 35 1
24 36 1
24 59 1
24 85 1
24 144 1
25 72 1
25 75 1
25 139 1
25 164 1
26 48 1
26 58 1
26 98 1
26 117 1
26 178 1
27 103 1
27 134 1
28 42 1
28 43 1
28 54 1
28 59 1
28 65 1
28 69 1
28 83 1
28 97 1
28 110 1
28 122 1
28 170 1
28 171 1
28 179 1
28 180 1
28 184 1
28 195 1
28 198 1
29 32 1
29 34 1
29 37 1
29 43 1
29 44 1
29 65 1
29 81 1
29 124 1
29 127 1
29 134 1
29 168 1
29 176 1
30 34 1
30 60 1
30 78 1
30 84 1
30 145 1
30 169 1
31 40 1
31 41 1
31 49 1
31 69 1
31 76 1
31 105 1
31 170 1
31 177 1
32 52 1
32 124 1
32 192 1
33 47 1
33 49 1
33 96 1
33 105 1
33 116 1
33 140 1
33 150 1
33 166 1
34 79 1
35 45 1
35 56 1
35 166 1
36 41 1
36 46 1
36 54 1
36 72 1
36 109 1
37 107 1
37 118 1
37 159 1
37 184 1
38 58 1
38 85 1
38 88 1
39 55 1
39 76 1
40 41 1
40 50 1
40 51 1
40 105 1
40 125 1
40 133 1
40 191 1
40 200 1
41 111 1
41 118 1
41 141 1
41 146 1
42 63 1
42 179 1
42 180 1
43 86 1
43 182 1
43 183 1
44 106 1
44 190 1
45 49 1
45 61 1
45 85 1
45 102 1
45 125 1
45 132 1
46 135 1
47 52 1
47 62 1
47 79 1
47 100 1
47 101 1
47 120 1
47 129 1
47 172 1
47 175 1
48 56 1
49 50 1
49 55 1
49 58 1
49 64 1
49 80 1
49 81 1
49 92 1
50 123 1
50 130 1
50 131 1
51 96 1
51 120 1
51 136 1
51 194 1
52 112 1
52 159 1
52 174 1
53 101 1
53 117 1
54 58 1
54 59 1
54 69 1
54 103 1
54 123 1
54 159 1
54 168 1
54 197 1
55 154 1
55 177 1
55 195 1
56 68 1
56 82 1
56 83 1
56 107 1
57 83 1
57 87 1
57 94 1
57 110 1
57 171 1
57 185 1
58 70 1
58 113 1
58 131 1
58 188 1
58 199 1
59 71 1
59 93 1
59 99 1
59 103 1
59 115 1
59 117 1
59 123 1
59 191 1
60 61 1
60 74 1
60 78 1
60 87 1
60 94 1
61 101 1
61 128 1
61 132 1
61 154 1
61 181 1
62 77 1
62 95 1
63 88 1
63 94 1
63 135 1
63 137 1
63 152 1
63 189 1
64 72 1
64 164 1
64 174 1
65 66 1
66 70 1
66 100 1
66 106 1
66 127 1
67 83 1
67 124 1
68 73 1
68 97 1
68 112 1
68 190 1
68 198 1
69 71 1
69 77 1
69 91 1
69 95 1
69 98 1
69 121 1
69 129 1
69 151 1
69 162 1
69 177 1
69 181 1
70 75 1
70 95 1
70 150 1
70 192 1
71 86 1
71 91 1
71 97 1
71 112 1
72 73 1
72 93 1
72 135 1
73 77 1
73 80 1
73 129 1
73 155 1
74 78 1
74 80 1
74 85 1
74 93 1
74 148 1
75 108 1
75 198 1
76 82 1
76 116 1
76 130 1
76 156 1
76 183 1
77 82 1
78 91 1
78 118 1
78 131 1
79 81 1
79 109 1
79 194 1
80 107 1
80 162 1
80 174 1
80 178 1
80 186 1
81 92 1
81 144 1
81 190 1
82 120 1
82 187 1
82 189 1
82 196 1
83 87 1
83 108 1
83 146 1
83 197 1
83 199 1
84 90 1
84 101 1
84 102 1
84 128 1
84 163 1
84 167 1
84 175 1
84 196 1
85 145 1
85 154 1
85 186 1
86 90 1
87 108 1
87 138 1
88 156 1
89 99 1
89 111 1
89 114 1
89 138 1
89 149 1
89 165 1
89 168 1
89 193 1
90 94 1
91 181 1
91 188 1
92 109 1
92 148 1
92 173 1
92 194 1
94 119 1
94 135 1
94 198 1
95 138 1
97 99 1
97 104 1
97 164 1
97 181 1
98 139 1
98 142 1
98 200 1
99 149 1
99 157 1
99 165 1
100 130 1
101 110 1
101 121 1
101 134 1
101 142 1
101 187 1
102 109 1
102 144 1
103 136 1
103 151 1
103 157 1
103 166 1
103 184 1
104 114 1
104 116 1
104 199 1
105 177 1
107 119 1
108 150 1
108 156 1
109 119 1
109 126 1
109 142 1
109 147 1
110 111 1
110 122 1
110 133 1
110 180 1
111 141 1
111 179 1
113 133 1
113 189 1
114 125 1
114 127 1
115 126 1
115 148 1
115 171 1
116 120 1
116 160 1
116 180 1
117 132 1
117 169 1
118 151 1
119 123 1
119 138 1
123 141 1
123 175 1
124 176 1
128 132 1
128 163 1
130 143 1
132 153 1
135 152 1
136 153 1
136 182 1
138 157 1
138 193 1
142 160 1
142 187 1
145 172 1
148 158 1
148 187 1
150 191 1
154 199 1
155 158 1
156 160 1
156 183 1
157 193 1
158 162 1
158 169 1
159 163 1
161 186 1
164 172 1
165 192 1
167 183 1
173 188 1
176 185 1
177 178 1
178 186 1
188 193 1
