1100 4381 
1 5 1
1 6 1
1 7 1
1 10 1
1 12 1
1 13 1
1 16 1
1 32 1
1 54 1
1 57 1
1 61 1
1 68 1
1 69 1
1 75 1
1 78 1
1 110 1
1 120 1
1 123 1
1 164 1
1 167 1
1 176 1
1 177 1
1 190 1
1 213 1
1 217 1
1 218 1
1 240 1
1 249 1
1 258 1
1 266 1
1 290 1
1 293 1
1 294 1
1 314 1
1 334 1
1 345 1
1 346 1
1 356 1
1 363 1
1 365 1
1 369 1
1 380 1
1 442 1
1 540 1
1 541 1
1 554 1
1 568 1
1 585 1
1 596 1
1 618 1
1 621 1
1 632 1
1 670 1
1 679 1
1 682 1
1 752 1
1 875 1
1 916 1
1 931 1
1 942 1
1 991 1
1 1029 1
1 1042 1
1 1085 1
2 5 1
2 7 1
2 9 1
2 12 1
2 16 1
2 23 1
2 31 1
2 34 1
2 39 1
2 45 1
2 46 1
2 48 1
2 49 1
2 52 1
2 67 1
2 72 1
2 84 1
2 85 1
2 89 1
2 90 1
2 95 1
2 99 1
2 113 1
2 121 1
2 136 1
2 141 1
2 144 1
2 151 1
2 168 1
2 187 1
2 188 1
2 203 1
2 211 1
2 212 1
2 227 1
2 248 1
2 254 1
2 256 1
2 282 1
2 326 1
2 327 1
2 332 1
2 435 1
2 469 1
2 480 1
2 482 1
2 483 1
2 491 1
2 510 1
2 518 1
2 536 1
2 556 1
2 559 1
2 565 1
2 650 1
2 652 1
2 657 1
2 658 1
2 694 1
2 719 1
2 763 1
2 766 1
2 777 1
2 809 1
2 819 1
2 863 1
2 867 1
2 879 1
2 881 1
2 891 1
2 900 1
2 944 1
2 948 1
2 997 1
2 1002 1
2 1021 1
2 1025 1
2 1030 1
2 1035 1
2 1076 1
2 1083 1
3 5 1
3 6 1
3 7 1
3 8 1
3 18 1
3 21 1
3 22 1
3 23 1
3 29 1
3 31 1
3 37 1
3 38 1
3 41 1
3 44 1
3 48 1
3 52 1
3 54 1
3 59 1
3 61 1
3 67 1
3 74 1
3 83 1
3 90 1
3 97 1
3 102 1
3 109 1
3 110 1
3 112 1
3 120 1
3 123 1
3 150 1
3 151 1
3 159 1
3 163 1
3 167 1
3 189 1
3 199 1
3 213 1
3 215 1
3 232 1
3 250 1
3 253 1
3 254 1
3 276 1
3 278 1
3 286 1
3 307 1
3 311 1
3 312 1
3 322 1
3 342 1
3 386 1
3 414 1
3 434 1
3 445 1
3 465 1
3 507 1
3 508 1
3 547 1
3 567 1
3 596 1
3 616 1
3 626 1
3 635 1
3 659 1
3 715 1
3 720 1
3 721 1
3 732 1
3 742 1
3 748 1
3 752 1
3 824 1
3 826 1
3 845 1
3 916 1
3 940 1
3 945 1
3 950 1
3 962 1
3 988 1
3 1030 1
3 1038 1
3 1063 1
3 1081 1
3 1097 1
3 1099 1
4 5 1
4 6 1
4 8 1
4 11 1
4 13 1
4 16 1
4 21 1
4 23 1
4 25 1
4 31 1
4 37 1
4 48 1
4 50 1
4 67 1
4 68 1
4 69 1
4 74 1
4 83 1
4 91 1
4 108 1
4 117 1
4 150 1
4 153 1
4 155 1
4 156 1
4 183 1
4 187 1
4 194 1
4 200 1
4 213 1
4 219 1
4 221 1
4 247 1
4 286 1
4 313 1
4 327 1
4 339 1
4 341 1
4 356 1
4 368 1
4 369 1
4 373 1
4 386 1
4 393 1
4 440 1
4 501 1
4 542 1
4 645 1
4 660 1
4 672 1
4 688 1
4 739 1
4 748 1
4 804 1
4 806 1
4 854 1
4 860 1
4 885 1
4 948 1
4 951 1
4 955 1
4 966 1
4 969 1
4 976 1
4 983 1
4 984 1
4 1026 1
4 1034 1
4 1071 1
5 6 1
5 7 1
5 8 1
5 9 1
5 10 1
5 13 1
5 14 1
5 15 1
5 19 1
5 20 1
5 22 1
5 24 1
5 27 1
5 28 1
5 30 1
5 32 1
5 34 1
5 36 1
5 38 1
5 41 1
5 43 1
5 45 1
5 46 1
5 51 1
5 52 1
5 53 1
5 55 1
5 57 1
5 59 1
5 62 1
5 64 1
5 73 1
5 77 1
5 79 1
5 82 1
5 101 1
5 105 1
5 107 1
5 113 1
5 122 1
5 125 1
5 149 1
5 171 1
5 172 1
5 180 1
5 185 1
5 191 1
5 222 1
5 224 1
5 231 1
5 237 1
5 242 1
5 256 1
5 272 1
5 287 1
5 288 1
5 296 1
5 297 1
5 298 1
5 300 1
5 319 1
5 335 1
5 359 1
5 361 1
5 369 1
5 410 1
5 414 1
5 424 1
5 436 1
5 439 1
5 445 1
5 458 1
5 475 1
5 477 1
5 480 1
5 502 1
5 509 1
5 515 1
5 523 1
5 530 1
5 542 1
5 557 1
5 572 1
5 595 1
5 604 1
5 607 1
5 637 1
5 639 1
5 645 1
5 679 1
5 701 1
5 737 1
5 774 1
5 800 1
5 867 1
5 868 1
5 890 1
5 922 1
5 944 1
5 957 1
5 965 1
5 967 1
5 970 1
5 996 1
5 1017 1
5 1074 1
5 1083 1
6 8 1
6 9 1
6 11 1
6 14 1
6 15 1
6 19 1
6 24 1
6 26 1
6 28 1
6 32 1
6 35 1
6 40 1
6 46 1
6 47 1
6 71 1
6 72 1
6 73 1
6 90 1
6 96 1
6 155 1
6 161 1
6 170 1
6 171 1
6 175 1
6 269 1
6 289 1
6 332 1
6 354 1
6 374 1
6 431 1
6 474 1
6 502 1
6 526 1
6 618 1
6 713 1
6 799 1
6 864 1
6 915 1
6 926 1
6 945 1
6 951 1
6 972 1
6 981 1
6 982 1
6 1014 1
6 1036 1
6 1065 1
7 11 1
7 17 1
7 28 1
7 50 1
7 53 1
7 76 1
7 92 1
7 102 1
7 111 1
7 148 1
7 157 1
7 174 1
7 192 1
7 203 1
7 214 1
7 234 1
7 245 1
7 289 1
7 290 1
7 324 1
7 336 1
7 348 1
7 353 1
7 358 1
7 383 1
7 412 1
7 436 1
7 479 1
7 487 1
7 532 1
7 535 1
7 544 1
7 564 1
7 571 1
7 600 1
7 611 1
7 643 1
7 661 1
7 663 1
7 680 1
7 687 1
7 721 1
7 729 1
7 862 1
7 888 1
7 956 1
7 1009 1
7 1032 1
8 9 1
8 10 1
8 11 1
8 19 1
8 22 1
8 24 1
8 25 1
8 28 1
8 29 1
8 47 1
8 62 1
8 63 1
8 67 1
8 74 1
8 75 1
8 79 1
8 82 1
8 87 1
8 90 1
8 91 1
8 94 1
8 104 1
8 108 1
8 109 1
8 114 1
8 115 1
8 120 1
8 125 1
8 128 1
8 144 1
8 149 1
8 152 1
8 172 1
8 179 1
8 182 1
8 206 1
8 209 1
8 210 1
8 218 1
8 225 1
8 226 1
8 243 1
8 244 1
8 247 1
8 252 1
8 261 1
8 285 1
8 290 1
8 291 1
8 302 1
8 312 1
8 323 1
8 363 1
8 366 1
8 390 1
8 392 1
8 406 1
8 408 1
8 431 1
8 437 1
8 450 1
8 469 1
8 470 1
8 473 1
8 481 1
8 520 1
8 522 1
8 536 1
8 539 1
8 561 1
8 581 1
8 601 1
8 611 1
8 618 1
8 619 1
8 641 1
8 671 1
8 683 1
8 692 1
8 711 1
8 736 1
8 738 1
8 780 1
8 804 1
8 816 1
8 833 1
8 841 1
8 854 1
8 878 1
8 891 1
8 892 1
8 909 1
8 958 1
8 964 1
8 971 1
8 974 1
8 1028 1
8 1069 1
9 10 1
9 12 1
9 13 1
9 16 1
9 20 1
9 34 1
9 36 1
9 44 1
9 51 1
9 54 1
9 58 1
9 70 1
9 77 1
9 83 1
9 84 1
9 91 1
9 93 1
9 94 1
9 95 1
9 109 1
9 110 1
9 117 1
9 118 1
9 125 1
9 127 1
9 130 1
9 139 1
9 141 1
9 142 1
9 154 1
9 162 1
9 172 1
9 194 1
9 198 1
9 205 1
9 220 1
9 222 1
9 223 1
9 267 1
9 280 1
9 281 1
9 288 1
9 293 1
9 313 1
9 315 1
9 330 1
9 336 1
9 350 1
9 353 1
9 389 1
9 394 1
9 401 1
9 419 1
9 423 1
9 442 1
9 481 1
9 505 1
9 506 1
9 523 1
9 526 1
9 531 1
9 534 1
9 554 1
9 559 1
9 589 1
9 617 1
9 619 1
9 620 1
9 629 1
9 666 1
9 687 1
9 689 1
9 696 1
9 708 1
9 709 1
9 715 1
9 722 1
9 725 1
9 735 1
9 741 1
9 775 1
9 795 1
9 803 1
9 808 1
9 811 1
9 862 1
9 884 1
9 902 1
9 906 1
9 944 1
9 946 1
9 960 1
9 977 1
9 1011 1
9 1021 1
9 1035 1
9 1044 1
9 1061 1
9 1064 1
9 1088 1
9 1092 1
10 12 1
10 17 1
10 29 1
10 56 1
10 120 1
10 127 1
10 133 1
10 177 1
10 339 1
10 374 1
10 385 1
10 407 1
10 446 1
10 452 1
10 454 1
10 492 1
10 524 1
10 541 1
10 586 1
10 587 1
10 592 1
10 617 1
10 649 1
10 654 1
10 701 1
10 705 1
10 744 1
10 753 1
10 827 1
10 909 1
10 1068 1
11 19 1
11 33 1
11 47 1
11 51 1
11 76 1
11 104 1
11 188 1
11 283 1
11 349 1
11 376 1
11 405 1
11 731 1
11 744 1
11 834 1
11 918 1
11 1020 1
12 14 1
12 18 1
12 22 1
12 23 1
12 25 1
12 29 1
12 32 1
12 33 1
12 37 1
12 42 1
12 53 1
12 65 1
12 92 1
12 98 1
12 118 1
12 119 1
12 129 1
12 131 1
12 134 1
12 136 1
12 148 1
12 158 1
12 178 1
12 191 1
12 198 1
12 203 1
12 239 1
12 251 1
12 309 1
12 318 1
12 360 1
12 366 1
12 370 1
12 399 1
12 417 1
12 443 1
12 477 1
12 556 1
12 557 1
12 567 1
12 590 1
12 606 1
12 696 1
12 776 1
12 930 1
12 941 1
12 987 1
12 1030 1
12 1087 1
13 14 1
13 15 1
13 17 1
13 18 1
13 27 1
13 30 1
13 36 1
13 55 1
13 58 1
13 64 1
13 71 1
13 96 1
13 124 1
13 138 1
13 156 1
13 178 1
13 185 1
13 202 1
13 208 1
13 225 1
13 233 1
13 259 1
13 260 1
13 264 1
13 273 1
13 294 1
13 387 1
13 388 1
13 418 1
13 419 1
13 445 1
13 458 1
13 493 1
13 507 1
13 515 1
13 565 1
13 566 1
13 571 1
13 591 1
13 630 1
13 740 1
13 754 1
13 764 1
13 825 1
13 840 1
13 890 1
13 914 1
13 1004 1
13 1018 1
14 15 1
14 25 1
14 30 1
14 35 1
14 38 1
14 40 1
14 78 1
14 82 1
14 87 1
14 253 1
14 330 1
14 354 1
14 370 1
14 384 1
14 397 1
14 423 1
14 435 1
14 588 1
14 683 1
14 796 1
14 865 1
14 941 1
14 968 1
14 984 1
14 1019 1
14 1024 1
15 17 1
15 20 1
15 21 1
15 26 1
15 27 1
15 63 1
15 81 1
15 97 1
15 103 1
15 104 1
15 106 1
15 155 1
15 169 1
15 173 1
15 179 1
15 184 1
15 187 1
15 191 1
15 209 1
15 216 1
15 217 1
15 223 1
15 251 1
15 266 1
15 300 1
15 310 1
15 311 1
15 314 1
15 366 1
15 394 1
15 395 1
15 445 1
15 481 1
15 490 1
15 503 1
15 528 1
15 534 1
15 560 1
15 570 1
15 578 1
15 582 1
15 590 1
15 598 1
15 614 1
15 699 1
15 759 1
15 779 1
15 782 1
15 793 1
15 797 1
15 814 1
15 837 1
15 896 1
15 897 1
15 943 1
15 984 1
15 1027 1
15 1048 1
16 26 1
16 57 1
16 74 1
16 83 1
16 148 1
16 179 1
16 181 1
16 194 1
16 200 1
16 205 1
16 357 1
16 438 1
16 624 1
16 633 1
16 909 1
17 18 1
17 21 1
17 42 1
17 45 1
17 52 1
17 60 1
17 77 1
17 116 1
17 130 1
17 158 1
17 159 1
17 165 1
17 167 1
17 204 1
17 235 1
17 238 1
17 242 1
17 284 1
17 295 1
17 326 1
17 329 1
17 400 1
17 416 1
17 419 1
17 464 1
17 487 1
17 503 1
17 626 1
17 632 1
17 635 1
17 724 1
17 727 1
17 825 1
17 849 1
17 927 1
17 931 1
17 936 1
17 957 1
17 993 1
17 1087 1
18 26 1
18 33 1
18 42 1
18 59 1
18 64 1
18 76 1
18 88 1
18 107 1
18 119 1
18 123 1
18 130 1
18 151 1
18 156 1
18 172 1
18 186 1
18 221 1
18 258 1
18 294 1
18 338 1
18 368 1
18 411 1
18 414 1
18 425 1
18 631 1
18 643 1
18 645 1
18 656 1
18 940 1
18 981 1
18 1042 1
18 1048 1
18 1100 1
19 71 1
19 157 1
19 246 1
19 264 1
19 288 1
19 348 1
19 355 1
19 513 1
19 542 1
19 614 1
19 621 1
19 627 1
19 675 1
19 828 1
19 841 1
19 857 1
19 877 1
19 977 1
19 1012 1
19 1022 1
19 1033 1
19 1053 1
19 1083 1
20 51 1
20 56 1
20 76 1
20 133 1
20 142 1
20 143 1
20 161 1
20 170 1
20 208 1
20 306 1
20 447 1
20 622 1
20 715 1
20 793 1
20 929 1
20 967 1
20 1080 1
21 49 1
21 73 1
21 101 1
21 115 1
21 124 1
21 166 1
21 282 1
21 332 1
21 359 1
21 447 1
21 474 1
21 611 1
21 613 1
21 636 1
21 694 1
21 813 1
21 849 1
21 947 1
21 972 1
21 1008 1
21 1071 1
22 43 1
22 49 1
22 63 1
22 103 1
22 107 1
22 140 1
22 169 1
22 222 1
22 447 1
22 586 1
22 647 1
22 763 1
22 832 1
22 973 1
23 24 1
23 39 1
23 43 1
23 48 1
23 61 1
23 66 1
23 70 1
23 80 1
23 85 1
23 86 1
23 116 1
23 117 1
23 121 1
23 132 1
23 138 1
23 146 1
23 164 1
23 181 1
23 184 1
23 195 1
23 204 1
23 216 1
23 246 1
23 262 1
23 263 1
23 308 1
23 316 1
23 334 1
23 356 1
23 360 1
23 378 1
23 390 1
23 391 1
23 403 1
23 461 1
23 476 1
23 487 1
23 504 1
23 510 1
23 516 1
23 552 1
23 555 1
23 586 1
23 608 1
23 617 1
23 647 1
23 666 1
23 727 1
23 732 1
23 748 1
23 761 1
23 775 1
23 794 1
23 819 1
23 832 1
23 866 1
23 881 1
23 947 1
23 983 1
23 1033 1
23 1035 1
23 1091 1
24 27 1
24 30 1
24 35 1
24 131 1
24 174 1
24 241 1
24 259 1
24 269 1
24 295 1
24 372 1
24 384 1
24 568 1
24 710 1
24 906 1
25 39 1
25 58 1
25 93 1
25 100 1
25 145 1
25 149 1
25 164 1
25 176 1
25 186 1
25 192 1
25 224 1
25 248 1
25 268 1
25 313 1
25 446 1
25 461 1
25 486 1
25 641 1
25 664 1
25 682 1
25 908 1
25 911 1
25 936 1
25 954 1
25 1016 1
25 1025 1
25 1049 1
26 36 1
26 42 1
26 49 1
26 50 1
26 57 1
26 85 1
26 193 1
26 264 1
26 441 1
26 596 1
26 620 1
26 630 1
26 799 1
27 35 1
27 55 1
27 58 1
27 62 1
27 68 1
27 81 1
27 92 1
27 98 1
27 124 1
27 144 1
27 162 1
27 165 1
27 176 1
27 197 1
27 209 1
27 271 1
27 273 1
27 279 1
27 284 1
27 287 1
27 288 1
27 341 1
27 376 1
27 406 1
27 519 1
27 527 1
27 600 1
27 623 1
27 627 1
27 652 1
27 690 1
27 758 1
27 872 1
27 961 1
27 1045 1
28 34 1
28 45 1
28 97 1
28 128 1
28 183 1
28 187 1
28 188 1
28 231 1
28 252 1
28 253 1
28 282 1
28 342 1
28 361 1
28 381 1
28 462 1
28 539 1
28 541 1
28 550 1
28 644 1
28 674 1
28 772 1
28 793 1
28 1067 1
29 31 1
29 70 1
29 103 1
29 114 1
29 122 1
29 173 1
29 231 1
29 273 1
29 426 1
29 440 1
29 474 1
29 563 1
29 610 1
29 616 1
30 44 1
30 111 1
30 123 1
30 134 1
30 135 1
30 141 1
30 164 1
30 193 1
30 265 1
30 286 1
30 294 1
30 325 1
30 360 1
30 379 1
30 388 1
30 397 1
30 405 1
30 434 1
30 441 1
30 521 1
30 576 1
30 594 1
30 605 1
30 616 1
30 667 1
30 733 1
30 740 1
30 910 1
30 1068 1
31 106 1
31 134 1
31 170 1
31 199 1
31 215 1
31 362 1
31 598 1
31 664 1
31 730 1
31 885 1
31 985 1
32 33 1
32 60 1
32 82 1
32 85 1
32 101 1
32 111 1
32 132 1
32 143 1
32 150 1
32 182 1
32 184 1
32 197 1
32 252 1
32 268 1
32 282 1
32 319 1
32 320 1
32 351 1
32 442 1
32 553 1
32 573 1
32 612 1
32 689 1
32 913 1
32 934 1
32 1089 1
33 50 1
33 62 1
33 65 1
33 92 1
33 132 1
33 206 1
33 220 1
33 319 1
33 338 1
33 477 1
33 495 1
33 591 1
33 731 1
33 814 1
33 826 1
33 872 1
33 908 1
33 919 1
33 1016 1
33 1038 1
33 1080 1
34 37 1
34 39 1
34 56 1
34 60 1
34 66 1
34 79 1
34 113 1
34 122 1
34 133 1
34 134 1
34 201 1
34 224 1
34 227 1
34 284 1
34 307 1
34 321 1
34 335 1
34 391 1
34 395 1
34 444 1
34 448 1
34 504 1
34 573 1
34 648 1
34 658 1
34 677 1
34 805 1
34 837 1
34 941 1
34 1034 1
34 1099 1
35 43 1
35 68 1
35 93 1
35 106 1
35 170 1
35 385 1
35 472 1
35 601 1
35 872 1
36 47 1
36 86 1
36 87 1
36 110 1
36 207 1
36 236 1
36 249 1
36 441 1
36 738 1
36 823 1
36 881 1
36 1048 1
37 38 1
37 40 1
37 41 1
37 44 1
37 64 1
37 70 1
37 72 1
37 247 1
37 304 1
37 328 1
37 338 1
37 438 1
37 471 1
37 505 1
37 507 1
37 594 1
37 601 1
37 608 1
37 644 1
37 675 1
37 713 1
37 722 1
37 764 1
37 886 1
37 946 1
38 40 1
38 41 1
38 55 1
38 65 1
38 86 1
38 102 1
38 126 1
38 155 1
38 177 1
38 197 1
38 215 1
38 233 1
38 308 1
38 325 1
38 400 1
38 402 1
38 406 1
38 453 1
38 459 1
38 480 1
38 482 1
38 490 1
38 637 1
38 714 1
38 720 1
38 747 1
38 797 1
38 1056 1
39 46 1
39 56 1
39 80 1
39 95 1
39 100 1
39 105 1
39 116 1
39 128 1
39 157 1
39 173 1
39 176 1
39 181 1
39 204 1
39 243 1
39 371 1
39 546 1
39 623 1
39 653 1
39 788 1
39 873 1
39 907 1
39 922 1
39 963 1
39 1007 1
40 304 1
40 349 1
40 382 1
40 439 1
40 471 1
40 510 1
40 671 1
40 713 1
40 820 1
40 910 1
40 1036 1
40 1041 1
40 1049 1
41 89 1
41 121 1
41 146 1
41 180 1
41 209 1
41 436 1
41 638 1
41 674 1
41 921 1
41 968 1
42 69 1
42 86 1
42 114 1
42 165 1
42 228 1
42 367 1
42 451 1
42 453 1
42 573 1
42 791 1
42 940 1
42 993 1
43 78 1
43 113 1
43 138 1
43 146 1
43 175 1
43 196 1
43 220 1
43 257 1
43 263 1
43 306 1
43 319 1
43 365 1
43 384 1
43 432 1
43 448 1
43 457 1
43 458 1
43 585 1
43 620 1
43 660 1
43 887 1
43 1023 1
44 525 1
44 604 1
44 1034 1
45 81 1
45 180 1
45 206 1
45 272 1
45 421 1
45 423 1
45 475 1
45 538 1
45 658 1
45 693 1
45 746 1
45 774 1
45 779 1
45 820 1
45 854 1
45 946 1
45 955 1
45 1073 1
46 53 1
46 71 1
46 72 1
46 79 1
46 133 1
46 140 1
46 142 1
46 154 1
46 160 1
46 167 1
46 171 1
46 182 1
46 212 1
46 225 1
46 241 1
46 265 1
46 292 1
46 331 1
46 339 1
46 377 1
46 460 1
46 464 1
46 534 1
46 654 1
46 659 1
46 670 1
46 700 1
46 718 1
46 754 1
46 755 1
46 756 1
46 773 1
46 787 1
46 791 1
46 808 1
46 825 1
46 974 1
46 978 1
46 987 1
46 1018 1
46 1031 1
46 1053 1
47 132 1
47 168 1
47 301 1
47 327 1
47 334 1
47 373 1
47 405 1
47 575 1
47 702 1
47 887 1
47 913 1
47 997 1
47 1064 1
48 54 1
48 65 1
48 118 1
48 140 1
48 243 1
48 435 1
48 465 1
48 493 1
48 513 1
48 606 1
48 654 1
48 762 1
48 871 1
48 968 1
48 1045 1
49 95 1
49 181 1
49 210 1
49 273 1
49 636 1
49 795 1
49 803 1
49 913 1
49 991 1
50 61 1
50 69 1
50 126 1
50 131 1
50 157 1
50 211 1
50 301 1
50 404 1
50 531 1
50 557 1
50 670 1
50 777 1
50 876 1
50 976 1
51 98 1
51 174 1
51 624 1
51 648 1
51 929 1
51 977 1
52 60 1
52 63 1
52 89 1
52 128 1
52 135 1
52 160 1
52 218 1
52 240 1
52 262 1
52 267 1
52 275 1
52 297 1
52 311 1
52 321 1
52 325 1
52 450 1
52 496 1
52 512 1
52 517 1
52 728 1
52 763 1
52 810 1
52 824 1
52 865 1
52 869 1
52 998 1
52 999 1
52 1086 1
52 1087 1
53 84 1
53 137 1
53 154 1
53 232 1
53 254 1
53 283 1
53 442 1
53 579 1
53 664 1
53 670 1
53 754 1
53 1038 1
54 78 1
54 420 1
54 481 1
54 861 1
54 897 1
55 59 1
55 81 1
55 96 1
55 105 1
55 111 1
55 240 1
55 283 1
55 367 1
55 383 1
55 398 1
55 428 1
55 507 1
55 716 1
55 798 1
55 842 1
55 928 1
55 1003 1
56 73 1
56 75 1
56 118 1
56 159 1
56 237 1
56 260 1
56 514 1
56 576 1
56 590 1
56 608 1
56 642 1
56 649 1
56 669 1
56 701 1
56 712 1
56 714 1
56 733 1
56 768 1
56 816 1
56 1021 1
56 1073 1
57 66 1
57 93 1
57 112 1
57 130 1
57 166 1
57 232 1
57 246 1
57 274 1
57 275 1
57 293 1
57 296 1
57 301 1
57 395 1
57 414 1
57 428 1
57 446 1
57 449 1
57 451 1
57 455 1
57 646 1
57 688 1
57 692 1
57 703 1
57 745 1
57 792 1
57 912 1
57 925 1
57 1051 1
58 100 1
58 109 1
58 163 1
58 309 1
58 426 1
58 460 1
58 634 1
58 847 1
59 102 1
59 112 1
59 245 1
59 257 1
59 311 1
59 378 1
59 382 1
59 493 1
59 524 1
59 544 1
59 871 1
59 923 1
59 928 1
60 194 1
60 413 1
60 834 1
61 251 1
61 296 1
61 340 1
61 344 1
61 364 1
61 386 1
61 408 1
61 422 1
61 439 1
61 460 1
61 496 1
61 517 1
61 533 1
61 582 1
61 865 1
61 901 1
61 911 1
61 1053 1
62 165 1
62 196 1
62 239 1
62 600 1
63 66 1
63 89 1
63 96 1
63 108 1
63 159 1
63 178 1
63 213 1
63 236 1
63 326 1
63 401 1
63 515 1
63 835 1
63 934 1
64 88 1
64 122 1
64 195 1
64 211 1
64 261 1
64 285 1
64 298 1
64 880 1
64 1096 1
65 223 1
65 261 1
65 317 1
65 353 1
65 371 1
65 396 1
65 463 1
65 494 1
65 512 1
65 802 1
65 853 1
65 870 1
65 880 1
65 903 1
65 964 1
66 169 1
66 296 1
66 337 1
66 344 1
66 422 1
66 527 1
66 543 1
66 552 1
66 568 1
66 646 1
66 650 1
66 749 1
66 784 1
66 1094 1
67 100 1
67 136 1
67 152 1
67 154 1
67 244 1
67 270 1
67 415 1
67 421 1
67 485 1
67 514 1
67 543 1
67 555 1
67 605 1
67 609 1
67 651 1
67 733 1
67 891 1
68 80 1
68 259 1
68 613 1
68 1082 1
69 139 1
69 251 1
69 335 1
69 453 1
69 550 1
69 995 1
70 173 1
70 207 1
70 262 1
70 283 1
70 291 1
70 408 1
70 420 1
70 607 1
70 770 1
70 780 1
70 802 1
70 996 1
70 1043 1
71 190 1
71 788 1
71 945 1
72 75 1
72 137 1
72 150 1
72 334 1
72 391 1
72 408 1
72 423 1
72 466 1
72 519 1
72 596 1
72 695 1
72 722 1
72 798 1
73 97 1
73 139 1
73 169 1
73 454 1
73 462 1
73 915 1
73 1023 1
73 1046 1
73 1055 1
74 77 1
74 103 1
74 124 1
74 210 1
74 214 1
74 217 1
74 230 1
74 268 1
74 362 1
74 412 1
74 424 1
74 594 1
74 692 1
74 733 1
74 810 1
74 838 1
74 912 1
74 1044 1
74 1067 1
75 127 1
75 286 1
75 576 1
75 988 1
76 84 1
76 140 1
76 234 1
76 407 1
76 633 1
76 842 1
77 99 1
77 147 1
77 245 1
77 277 1
77 281 1
77 297 1
77 343 1
77 398 1
77 420 1
77 470 1
77 589 1
77 671 1
77 678 1
77 726 1
77 856 1
77 874 1
77 877 1
77 923 1
77 969 1
77 990 1
77 1024 1
78 80 1
78 88 1
78 94 1
78 104 1
78 141 1
78 145 1
78 148 1
78 152 1
78 183 1
78 193 1
78 195 1
78 205 1
78 211 1
78 235 1
78 349 1
78 358 1
78 410 1
78 427 1
78 473 1
78 562 1
78 621 1
78 636 1
78 674 1
78 833 1
78 846 1
78 864 1
78 866 1
78 969 1
78 1004 1
78 1029 1
78 1098 1
79 108 1
79 373 1
79 381 1
79 742 1
79 901 1
80 87 1
80 553 1
81 151 1
81 229 1
81 352 1
81 379 1
81 479 1
81 637 1
81 692 1
81 712 1
81 935 1
82 98 1
82 106 1
82 127 1
82 195 1
82 207 1
82 257 1
82 324 1
82 336 1
82 570 1
82 584 1
82 600 1
82 859 1
82 885 1
82 957 1
83 91 1
83 372 1
83 393 1
83 504 1
83 705 1
84 119 1
84 248 1
84 250 1
84 421 1
84 525 1
84 842 1
84 949 1
85 129 1
85 280 1
85 514 1
85 785 1
86 88 1
86 202 1
86 247 1
86 252 1
86 320 1
86 343 1
86 453 1
86 536 1
86 640 1
86 709 1
86 895 1
86 965 1
87 129 1
87 236 1
87 695 1
87 812 1
87 920 1
88 255 1
88 789 1
88 1077 1
89 291 1
89 828 1
89 935 1
90 94 1
90 99 1
90 115 1
90 142 1
90 147 1
90 270 1
90 300 1
90 418 1
90 468 1
90 632 1
90 637 1
90 677 1
90 856 1
90 938 1
90 942 1
90 973 1
91 363 1
91 403 1
91 457 1
91 1013 1
92 153 1
92 690 1
92 771 1
92 953 1
93 147 1
93 168 1
93 180 1
93 221 1
93 223 1
93 224 1
93 228 1
93 256 1
93 308 1
93 429 1
93 462 1
93 520 1
93 585 1
93 591 1
93 603 1
93 605 1
93 629 1
93 656 1
93 743 1
93 949 1
93 979 1
93 1035 1
94 145 1
94 266 1
94 315 1
94 389 1
94 562 1
94 615 1
94 699 1
94 818 1
94 905 1
94 926 1
94 992 1
95 105 1
95 107 1
95 161 1
95 375 1
95 447 1
95 455 1
95 571 1
95 592 1
95 622 1
95 1022 1
96 401 1
96 835 1
96 883 1
96 914 1
96 942 1
97 99 1
97 101 1
97 138 1
97 139 1
97 147 1
97 156 1
97 295 1
97 301 1
97 303 1
97 318 1
97 330 1
97 336 1
97 478 1
97 517 1
97 550 1
97 575 1
97 716 1
97 823 1
97 895 1
97 939 1
98 522 1
98 1088 1
99 558 1
99 684 1
100 136 1
100 190 1
100 269 1
100 325 1
100 821 1
101 137 1
101 162 1
101 163 1
101 185 1
101 196 1
101 249 1
101 287 1
101 314 1
101 417 1
101 508 1
101 815 1
101 829 1
101 1078 1
102 112 1
102 289 1
102 312 1
102 329 1
102 459 1
102 467 1
102 540 1
102 566 1
102 634 1
102 744 1
102 770 1
102 801 1
102 937 1
103 119 1
103 126 1
103 144 1
103 174 1
103 202 1
103 210 1
103 228 1
103 328 1
103 337 1
103 482 1
103 614 1
103 771 1
103 789 1
103 797 1
103 858 1
103 860 1
103 1019 1
104 201 1
104 233 1
104 341 1
104 400 1
105 117 1
105 192 1
105 276 1
105 392 1
105 407 1
105 455 1
105 500 1
105 577 1
105 749 1
105 959 1
105 1038 1
106 344 1
106 350 1
106 467 1
106 700 1
106 809 1
106 917 1
107 125 1
107 160 1
107 206 1
107 298 1
107 468 1
107 565 1
107 1086 1
108 116 1
108 197 1
108 291 1
108 333 1
108 540 1
108 668 1
108 1061 1
109 146 1
109 212 1
109 219 1
109 264 1
109 299 1
109 320 1
109 410 1
109 444 1
109 478 1
109 563 1
109 706 1
109 713 1
109 794 1
109 821 1
109 934 1
109 952 1
109 1025 1
110 114 1
110 346 1
110 430 1
110 452 1
110 762 1
110 823 1
111 178 1
111 304 1
111 358 1
112 126 1
112 135 1
112 153 1
112 158 1
112 166 1
112 234 1
112 245 1
112 260 1
112 390 1
112 427 1
112 546 1
112 558 1
112 573 1
112 574 1
112 580 1
112 616 1
112 661 1
112 924 1
112 997 1
112 999 1
113 115 1
113 129 1
113 152 1
113 226 1
113 250 1
113 261 1
113 276 1
113 357 1
113 631 1
113 765 1
113 813 1
113 869 1
113 1087 1
114 158 1
114 229 1
114 343 1
114 450 1
114 508 1
114 524 1
114 548 1
114 617 1
114 647 1
114 778 1
114 833 1
114 976 1
114 1075 1
114 1079 1
115 200 1
115 216 1
115 352 1
115 438 1
115 640 1
115 755 1
115 794 1
115 917 1
116 559 1
116 711 1
117 271 1
117 278 1
117 364 1
117 615 1
117 1026 1
117 1037 1
118 385 1
118 991 1
119 121 1
119 216 1
119 254 1
119 255 1
119 318 1
119 328 1
119 385 1
119 484 1
119 506 1
119 578 1
119 615 1
119 1007 1
119 1056 1
119 1076 1
120 163 1
120 217 1
120 241 1
120 350 1
120 424 1
120 452 1
120 484 1
120 628 1
120 751 1
120 1029 1
121 495 1
121 518 1
121 559 1
122 189 1
122 431 1
122 817 1
122 839 1
122 979 1
122 1037 1
123 145 1
123 175 1
123 219 1
123 276 1
123 279 1
123 397 1
123 405 1
123 488 1
123 667 1
123 1084 1
124 131 1
124 135 1
124 137 1
124 333 1
124 396 1
124 487 1
124 676 1
124 762 1
124 1005 1
124 1046 1
125 143 1
125 190 1
125 199 1
125 227 1
125 239 1
125 244 1
125 280 1
125 394 1
125 437 1
125 606 1
125 607 1
125 803 1
125 813 1
125 914 1
125 926 1
125 1000 1
125 1030 1
126 240 1
126 304 1
126 426 1
126 597 1
126 651 1
126 695 1
126 911 1
126 921 1
126 938 1
126 1060 1
127 225 1
127 272 1
127 281 1
127 380 1
127 500 1
127 611 1
127 967 1
127 1040 1
128 205 1
128 457 1
128 538 1
128 735 1
128 861 1
128 899 1
129 192 1
129 265 1
129 413 1
129 469 1
129 911 1
129 948 1
130 198 1
130 379 1
130 456 1
130 492 1
130 509 1
130 688 1
130 764 1
130 784 1
130 827 1
131 143 1
131 403 1
131 599 1
131 609 1
131 1095 1
132 274 1
132 340 1
132 344 1
132 373 1
132 479 1
132 494 1
132 556 1
132 615 1
132 668 1
132 760 1
132 786 1
133 161 1
133 185 1
133 189 1
133 258 1
133 302 1
133 306 1
133 532 1
134 482 1
134 602 1
134 657 1
135 498 1
135 640 1
135 667 1
135 815 1
135 832 1
135 883 1
135 886 1
135 932 1
135 1027 1
135 1061 1
135 1069 1
136 175 1
136 242 1
136 410 1
136 916 1
136 1070 1
137 316 1
137 383 1
137 577 1
137 797 1
138 543 1
138 588 1
138 675 1
138 868 1
139 348 1
139 522 1
139 629 1
139 790 1
140 231 1
140 234 1
140 927 1
141 287 1
141 346 1
141 521 1
141 732 1
141 847 1
141 896 1
142 171 1
142 277 1
142 342 1
142 680 1
143 177 1
143 179 1
143 634 1
143 963 1
143 966 1
143 980 1
144 201 1
144 244 1
144 265 1
144 359 1
144 387 1
144 412 1
144 643 1
145 186 1
145 208 1
145 241 1
145 333 1
145 364 1
145 371 1
145 497 1
145 583 1
145 707 1
145 882 1
145 957 1
145 989 1
145 1085 1
146 149 1
146 153 1
146 452 1
146 775 1
146 833 1
146 892 1
146 1050 1
147 214 1
147 348 1
147 523 1
147 682 1
147 806 1
147 877 1
148 166 1
148 168 1
148 214 1
148 278 1
148 307 1
148 316 1
148 378 1
148 759 1
148 776 1
148 779 1
148 871 1
148 1092 1
149 188 1
149 218 1
149 322 1
149 351 1
149 387 1
149 418 1
149 493 1
149 699 1
149 708 1
149 834 1
149 843 1
150 681 1
150 844 1
151 183 1
151 269 1
152 290 1
152 315 1
152 317 1
152 513 1
152 570 1
152 605 1
152 887 1
152 969 1
152 1015 1
152 1085 1
153 309 1
153 317 1
153 704 1
153 758 1
153 839 1
153 980 1
153 988 1
154 954 1
154 1060 1
155 160 1
155 237 1
155 256 1
155 412 1
155 433 1
155 708 1
155 830 1
155 963 1
156 162 1
156 547 1
156 568 1
156 594 1
156 719 1
156 728 1
156 782 1
156 844 1
157 338 1
157 396 1
157 613 1
157 698 1
157 927 1
158 196 1
158 343 1
158 370 1
158 501 1
158 750 1
158 840 1
158 952 1
159 220 1
159 255 1
159 326 1
159 746 1
160 215 1
160 327 1
160 602 1
160 936 1
160 1065 1
161 238 1
161 528 1
162 229 1
162 931 1
163 184 1
163 201 1
163 316 1
163 377 1
163 443 1
163 485 1
163 641 1
163 662 1
163 674 1
163 724 1
163 798 1
163 808 1
163 851 1
163 978 1
163 1023 1
164 186 1
165 202 1
165 237 1
165 263 1
165 418 1
165 440 1
165 780 1
165 1079 1
166 522 1
166 546 1
166 603 1
166 895 1
166 999 1
166 1009 1
167 203 1
167 204 1
167 235 1
167 285 1
167 300 1
167 351 1
167 374 1
167 768 1
168 436 1
168 602 1
168 718 1
168 960 1
169 274 1
169 298 1
169 352 1
169 402 1
169 421 1
169 433 1
169 788 1
169 1027 1
169 1040 1
169 1099 1
170 340 1
170 729 1
170 893 1
170 929 1
171 199 1
171 403 1
171 472 1
171 1009 1
172 235 1
172 267 1
172 337 1
172 651 1
172 660 1
172 662 1
172 874 1
172 1017 1
172 1099 1
173 207 1
173 303 1
173 450 1
173 495 1
173 508 1
173 576 1
173 589 1
173 691 1
173 818 1
173 858 1
174 189 1
174 208 1
174 249 1
174 375 1
174 389 1
174 595 1
174 694 1
174 805 1
174 930 1
175 193 1
175 302 1
175 345 1
175 386 1
175 415 1
175 741 1
175 1013 1
175 1047 1
176 309 1
176 485 1
176 801 1
176 908 1
176 920 1
177 219 1
177 346 1
177 547 1
178 182 1
178 212 1
178 469 1
178 499 1
178 544 1
178 830 1
179 280 1
179 305 1
179 310 1
179 429 1
179 476 1
179 572 1
179 681 1
179 763 1
179 878 1
179 1053 1
179 1080 1
180 413 1
180 656 1
180 783 1
180 1058 1
182 659 1
182 743 1
183 332 1
183 702 1
183 751 1
183 767 1
184 263 1
184 292 1
184 315 1
184 409 1
184 729 1
185 246 1
185 347 1
185 580 1
185 815 1
185 857 1
185 890 1
185 1015 1
186 497 1
187 191 1
187 266 1
187 317 1
187 455 1
187 497 1
187 994 1
188 728 1
188 731 1
188 732 1
188 767 1
188 889 1
189 200 1
189 268 1
189 1075 1
190 281 1
190 355 1
190 499 1
190 572 1
190 661 1
190 711 1
190 811 1
192 242 1
192 416 1
192 557 1
192 571 1
192 736 1
193 229 1
193 232 1
193 397 1
193 509 1
193 564 1
193 704 1
193 1010 1
194 226 1
194 228 1
194 340 1
194 511 1
194 532 1
194 582 1
194 648 1
194 757 1
195 198 1
195 279 1
195 432 1
195 789 1
195 859 1
195 863 1
195 985 1
195 1055 1
196 313 1
196 380 1
196 456 1
196 523 1
196 551 1
196 681 1
196 777 1
196 926 1
196 1006 1
197 239 1
197 284 1
197 416 1
197 430 1
197 490 1
197 593 1
197 639 1
197 766 1
197 882 1
198 292 1
198 394 1
198 919 1
199 259 1
199 314 1
199 491 1
199 721 1
199 884 1
200 321 1
200 444 1
200 542 1
200 564 1
200 677 1
200 821 1
200 980 1
200 1039 1
201 271 1
201 430 1
201 955 1
201 1002 1
202 329 1
202 368 1
202 512 1
202 653 1
202 771 1
202 849 1
202 886 1
202 921 1
202 1040 1
204 230 1
204 324 1
204 561 1
204 687 1
204 769 1
204 804 1
205 230 1
205 303 1
205 477 1
206 293 1
206 306 1
206 747 1
206 839 1
206 947 1
207 432 1
207 597 1
207 625 1
207 685 1
207 781 1
207 791 1
207 846 1
208 619 1
209 530 1
209 870 1
210 295 1
210 347 1
210 401 1
210 625 1
210 676 1
210 810 1
210 1051 1
211 622 1
212 305 1
212 463 1
212 631 1
213 221 1
213 222 1
213 233 1
213 382 1
213 389 1
213 437 1
213 549 1
213 554 1
213 944 1
213 961 1
213 1042 1
214 278 1
214 292 1
214 351 1
214 366 1
214 449 1
214 484 1
214 495 1
214 625 1
214 874 1
214 890 1
214 903 1
215 248 1
215 757 1
216 305 1
216 432 1
216 635 1
216 974 1
217 260 1
217 409 1
217 699 1
217 744 1
218 335 1
218 347 1
218 433 1
218 514 1
219 226 1
219 230 1
219 417 1
219 501 1
219 528 1
219 563 1
219 586 1
219 719 1
219 783 1
219 1055 1
219 1093 1
220 236 1
220 337 1
220 349 1
220 391 1
220 404 1
220 448 1
220 511 1
220 603 1
220 739 1
220 1005 1
221 555 1
221 1062 1
222 504 1
222 549 1
222 595 1
222 723 1
222 851 1
223 262 1
223 347 1
223 537 1
223 832 1
224 462 1
224 516 1
225 322 1
225 341 1
225 345 1
225 646 1
225 683 1
225 771 1
225 807 1
226 227 1
226 255 1
226 257 1
226 381 1
226 483 1
226 604 1
226 704 1
226 705 1
226 736 1
226 990 1
227 331 1
228 277 1
228 422 1
228 531 1
228 630 1
228 652 1
228 826 1
228 932 1
228 1052 1
229 494 1
229 527 1
229 856 1
230 238 1
230 277 1
230 449 1
230 467 1
230 1061 1
231 238 1
231 400 1
231 532 1
231 837 1
231 884 1
232 589 1
232 876 1
232 889 1
233 270 1
233 663 1
233 723 1
233 747 1
233 758 1
233 790 1
233 1003 1
234 299 1
234 367 1
234 597 1
234 965 1
235 258 1
235 323 1
235 362 1
235 497 1
235 553 1
235 761 1
235 798 1
235 1005 1
237 530 1
237 545 1
237 577 1
237 723 1
238 279 1
238 448 1
238 750 1
238 932 1
239 329 1
239 331 1
239 409 1
239 551 1
239 599 1
239 673 1
239 777 1
239 807 1
239 1001 1
240 390 1
240 411 1
240 511 1
241 272 1
241 718 1
241 852 1
241 1100 1
242 243 1
242 529 1
242 800 1
242 834 1
242 995 1
243 689 1
243 730 1
243 1034 1
244 486 1
244 511 1
245 250 1
245 270 1
245 350 1
245 387 1
245 521 1
245 599 1
245 612 1
245 638 1
245 647 1
245 739 1
245 786 1
245 829 1
245 939 1
245 1072 1
246 285 1
246 331 1
246 604 1
246 813 1
247 274 1
247 485 1
247 661 1
247 710 1
247 778 1
247 814 1
247 892 1
247 959 1
247 1000 1
247 1024 1
247 1064 1
248 302 1
248 342 1
248 379 1
248 519 1
248 619 1
248 644 1
248 695 1
248 875 1
248 885 1
249 772 1
250 253 1
250 275 1
250 363 1
250 425 1
250 437 1
250 509 1
250 683 1
250 768 1
250 786 1
250 795 1
250 880 1
250 899 1
250 937 1
250 1091 1
251 558 1
252 372 1
252 663 1
253 271 1
253 693 1
253 742 1
253 883 1
254 267 1
254 378 1
255 356 1
255 847 1
255 871 1
255 1028 1
256 376 1
256 1014 1
257 289 1
257 382 1
257 516 1
257 585 1
257 734 1
257 925 1
257 958 1
257 971 1
258 310 1
258 357 1
258 489 1
258 526 1
258 1065 1
259 362 1
259 384 1
259 567 1
259 962 1
260 533 1
260 541 1
260 673 1
260 769 1
260 986 1
261 556 1
261 584 1
261 640 1
261 757 1
261 867 1
261 1076 1
262 275 1
262 685 1
262 740 1
263 299 1
263 310 1
263 475 1
263 598 1
264 587 1
264 716 1
264 835 1
265 933 1
266 333 1
266 478 1
266 922 1
266 966 1
266 1004 1
266 1047 1
267 354 1
267 446 1
267 458 1
267 488 1
267 552 1
267 943 1
267 1078 1
268 355 1
268 639 1
268 655 1
268 840 1
269 473 1
269 853 1
270 535 1
270 580 1
270 730 1
270 776 1
270 924 1
271 372 1
271 693 1
271 749 1
271 949 1
272 486 1
272 811 1
272 922 1
272 1011 1
273 368 1
273 370 1
273 392 1
273 406 1
273 491 1
273 636 1
273 663 1
273 697 1
273 766 1
274 377 1
275 398 1
275 427 1
275 483 1
275 506 1
275 592 1
275 665 1
277 299 1
277 420 1
277 454 1
277 524 1
278 464 1
278 465 1
278 960 1
280 743 1
280 764 1
281 297 1
281 312 1
281 323 1
281 369 1
281 375 1
281 404 1
281 429 1
281 472 1
281 846 1
281 882 1
281 906 1
281 929 1
281 933 1
281 988 1
282 320 1
282 339 1
282 498 1
282 609 1
282 1032 1
283 308 1
283 561 1
283 569 1
283 1014 1
283 1015 1
283 1018 1
283 1096 1
284 324 1
284 399 1
284 422 1
284 1057 1
285 784 1
285 1047 1
286 598 1
286 912 1
287 323 1
287 402 1
287 415 1
287 427 1
287 623 1
288 377 1
288 505 1
288 697 1
289 361 1
289 451 1
289 492 1
289 502 1
289 634 1
289 686 1
289 731 1
289 743 1
289 933 1
290 441 1
290 496 1
290 972 1
291 470 1
291 489 1
291 652 1
291 935 1
291 1003 1
292 425 1
292 583 1
293 353 1
293 383 1
294 303 1
294 322 1
294 584 1
294 612 1
294 918 1
294 1031 1
294 1070 1
295 328 1
295 419 1
295 700 1
295 909 1
295 950 1
296 520 1
296 565 1
298 352 1
298 912 1
299 466 1
299 518 1
299 618 1
299 648 1
299 741 1
299 895 1
300 307 1
300 345 1
300 468 1
300 475 1
300 548 1
300 672 1
300 924 1
300 989 1
300 1010 1
300 1084 1
301 375 1
301 690 1
301 1052 1
301 1059 1
302 539 1
302 787 1
303 305 1
303 407 1
303 498 1
303 669 1
303 884 1
304 512 1
304 560 1
304 910 1
305 430 1
305 468 1
305 488 1
305 529 1
305 593 1
305 631 1
306 545 1
307 580 1
307 707 1
308 380 1
308 737 1
308 953 1
308 974 1
309 404 1
309 413 1
309 518 1
309 879 1
310 355 1
310 357 1
310 653 1
311 470 1
311 942 1
311 1021 1
312 318 1
312 321 1
312 365 1
312 537 1
312 597 1
312 726 1
312 753 1
312 803 1
312 935 1
312 943 1
313 396 1
313 479 1
313 529 1
313 626 1
313 986 1
313 1080 1
314 553 1
314 561 1
314 1086 1
315 374 1
315 460 1
315 525 1
315 569 1
316 679 1
316 792 1
316 953 1
316 1012 1
316 1013 1
317 666 1
317 785 1
317 1085 1
318 399 1
318 531 1
318 612 1
318 653 1
318 660 1
319 491 1
321 790 1
322 330 1
322 646 1
322 693 1
322 698 1
322 998 1
322 1019 1
323 752 1
323 807 1
324 399 1
324 529 1
324 588 1
324 759 1
324 921 1
324 971 1
325 424 1
325 547 1
325 549 1
325 666 1
325 738 1
326 434 1
326 664 1
326 880 1
326 916 1
326 967 1
326 1048 1
326 1058 1
327 546 1
327 907 1
328 488 1
328 510 1
328 1028 1
328 1066 1
328 1074 1
329 365 1
329 459 1
329 467 1
329 566 1
329 738 1
329 954 1
330 361 1
330 376 1
330 533 1
330 662 1
330 703 1
330 799 1
331 558 1
331 560 1
331 633 1
331 838 1
331 848 1
331 978 1
331 1064 1
331 1096 1
332 393 1
333 360 1
333 417 1
333 630 1
333 773 1
333 920 1
334 456 1
334 1089 1
335 679 1
335 756 1
336 814 1
337 684 1
338 371 1
338 717 1
338 1097 1
339 367 1
339 939 1
339 1054 1
340 1059 1
341 439 1
341 527 1
342 567 1
342 678 1
343 1074 1
344 364 1
344 388 1
344 517 1
344 698 1
344 716 1
344 827 1
344 875 1
345 428 1
345 877 1
346 395 1
346 562 1
346 783 1
346 859 1
346 979 1
346 1090 1
347 359 1
347 443 1
347 540 1
347 566 1
347 800 1
347 815 1
347 1062 1
348 499 1
348 804 1
348 851 1
348 1032 1
348 1044 1
348 1068 1
349 575 1
349 918 1
350 398 1
350 650 1
350 863 1
350 961 1
351 354 1
351 850 1
352 456 1
352 584 1
352 628 1
352 900 1
352 1067 1
353 476 1
353 1033 1
354 642 1
355 358 1
355 381 1
355 678 1
355 1056 1
356 836 1
357 587 1
357 901 1
357 975 1
357 1098 1
358 520 1
359 696 1
360 443 1
360 684 1
360 730 1
360 773 1
361 388 1
361 451 1
361 539 1
361 772 1
362 502 1
362 894 1
362 1096 1
363 551 1
363 768 1
363 1091 1
365 411 1
365 526 1
365 595 1
365 610 1
365 875 1
366 409 1
366 476 1
366 489 1
367 494 1
367 581 1
369 474 1
369 490 1
369 866 1
369 867 1
369 936 1
370 415 1
370 668 1
370 887 1
371 463 1
371 760 1
371 1072 1
372 714 1
372 737 1
372 958 1
373 505 1
373 537 1
373 688 1
373 717 1
373 770 1
373 819 1
374 569 1
374 574 1
375 428 1
375 694 1
375 700 1
377 831 1
377 1016 1
377 1017 1
377 1063 1
378 392 1
378 892 1
379 473 1
380 464 1
381 1081 1
381 1090 1
382 658 1
383 461 1
383 521 1
383 1098 1
384 433 1
384 1070 1
385 393 1
385 519 1
385 629 1
385 639 1
386 457 1
386 986 1
387 411 1
388 461 1
388 973 1
389 426 1
389 569 1
389 865 1
389 894 1
389 1018 1
389 1100 1
390 941 1
391 429 1
391 466 1
392 431 1
392 434 1
393 402 1
393 1097 1
394 651 1
394 676 1
395 665 1
395 712 1
395 750 1
395 816 1
395 850 1
395 891 1
396 613 1
396 837 1
397 534 1
397 633 1
397 659 1
397 691 1
397 773 1
397 869 1
397 937 1
397 1070 1
397 1094 1
398 654 1
398 807 1
399 499 1
399 516 1
399 614 1
399 857 1
400 449 1
400 503 1
401 1007 1
401 1050 1
401 1054 1
402 465 1
402 574 1
402 684 1
402 850 1
402 1097 1
403 545 1
403 643 1
403 869 1
404 483 1
404 820 1
406 513 1
407 581 1
408 471 1
408 554 1
408 578 1
408 755 1
409 1001 1
410 416 1
410 718 1
410 840 1
410 943 1
410 1075 1
411 656 1
412 742 1
412 919 1
412 938 1
412 1082 1
413 444 1
413 472 1
413 624 1
414 993 1
415 812 1
416 425 1
416 440 1
416 687 1
416 1019 1
416 1077 1
417 435 1
417 610 1
417 788 1
417 824 1
418 590 1
419 1077 1
420 599 1
421 1062 1
422 897 1
423 484 1
423 717 1
423 751 1
423 792 1
423 817 1
423 1093 1
424 572 1
424 702 1
424 805 1
424 960 1
425 706 1
425 975 1
426 775 1
426 806 1
427 454 1
427 686 1
427 726 1
427 897 1
428 550 1
428 729 1
429 496 1
429 858 1
430 702 1
431 784 1
432 1020 1
432 1047 1
433 722 1
435 1074 1
435 1095 1
436 535 1
436 641 1
436 720 1
436 1008 1
437 438 1
437 459 1
437 665 1
437 682 1
438 665 1
439 538 1
439 1000 1
439 1039 1
440 528 1
440 562 1
440 712 1
440 937 1
440 1007 1
440 1079 1
441 625 1
441 778 1
441 963 1
442 548 1
444 623 1
445 492 1
445 578 1
445 602 1
445 801 1
445 900 1
445 1051 1
446 500 1
446 843 1
446 1023 1
446 1026 1
447 533 1
448 632 1
449 642 1
450 934 1
452 888 1
453 506 1
453 861 1
453 1050 1
453 1056 1
454 498 1
454 980 1
454 1088 1
456 466 1
456 662 1
456 1051 1
457 734 1
457 956 1
458 555 1
458 608 1
459 463 1
459 727 1
460 650 1
460 701 1
460 761 1
460 836 1
460 902 1
460 939 1
461 928 1
462 760 1
462 838 1
462 882 1
462 976 1
463 471 1
463 607 1
463 1090 1
464 535 1
465 563 1
465 823 1
466 691 1
466 1004 1
467 478 1
467 710 1
467 1014 1
468 530 1
468 709 1
468 849 1
470 667 1
470 795 1
470 992 1
470 1052 1
471 486 1
471 549 1
471 574 1
472 1009 1
473 544 1
473 952 1
473 1057 1
473 1088 1
474 894 1
474 1043 1
475 548 1
475 577 1
475 606 1
475 645 1
475 680 1
475 724 1
475 725 1
475 734 1
475 889 1
475 904 1
476 591 1
477 501 1
477 802 1
478 691 1
478 1077 1
479 735 1
479 908 1
481 746 1
481 752 1
481 782 1
481 785 1
482 755 1
483 489 1
483 822 1
483 839 1
483 860 1
484 621 1
484 698 1
484 774 1
484 1042 1
485 500 1
485 690 1
485 783 1
485 851 1
487 1005 1
488 538 1
488 844 1
488 1084 1
489 588 1
489 857 1
490 503 1
490 685 1
490 983 1
491 575 1
491 668 1
491 961 1
492 536 1
492 673 1
492 734 1
494 627 1
494 706 1
495 672 1
496 808 1
497 582 1
497 819 1
498 624 1
500 515 1
500 676 1
500 787 1
500 903 1
500 927 1
500 992 1
500 1006 1
502 719 1
503 579 1
503 1084 1
503 1094 1
504 672 1
505 1069 1
506 759 1
507 805 1
508 603 1
508 778 1
509 583 1
510 525 1
510 620 1
511 817 1
511 953 1
512 560 1
512 675 1
514 543 1
514 583 1
516 644 1
516 657 1
516 745 1
516 756 1
516 822 1
516 855 1
518 1036 1
518 1095 1
519 703 1
520 1049 1
521 1072 1
522 749 1
522 951 1
523 537 1
523 655 1
524 638 1
524 677 1
525 907 1
526 610 1
526 696 1
526 796 1
526 860 1
526 886 1
526 924 1
526 1083 1
527 552 1
529 581 1
530 570 1
530 835 1
530 1086 1
531 1073 1
532 649 1
532 680 1
532 809 1
533 551 1
533 587 1
534 564 1
534 978 1
534 1039 1
536 933 1
537 770 1
537 781 1
537 822 1
539 592 1
539 945 1
539 1057 1
540 894 1
540 1039 1
540 1060 1
541 671 1
541 725 1
541 769 1
541 864 1
543 878 1
543 999 1
544 545 1
544 703 1
544 753 1
544 789 1
544 831 1
544 838 1
544 841 1
544 951 1
546 649 1
546 955 1
547 627 1
548 830 1
549 906 1
550 593 1
553 754 1
553 821 1
554 579 1
554 858 1
555 781 1
555 836 1
556 1027 1
557 964 1
558 579 1
558 689 1
558 848 1
558 883 1
558 1081 1
561 715 1
562 745 1
562 863 1
563 628 1
563 669 1
563 1058 1
564 1066 1
565 973 1
566 1059 1
567 678 1
567 767 1
568 685 1
569 879 1
569 949 1
572 681 1
572 919 1
573 855 1
574 601 1
574 1043 1
575 995 1
575 1010 1
576 846 1
577 872 1
579 1020 1
580 626 1
580 1031 1
581 899 1
581 1041 1
583 593 1
583 686 1
584 609 1
584 638 1
584 757 1
584 812 1
585 809 1
586 655 1
586 751 1
586 859 1
586 879 1
587 642 1
587 802 1
587 1012 1
587 1026 1
589 628 1
589 747 1
589 820 1
589 982 1
590 735 1
590 756 1
590 855 1
592 888 1
593 876 1
595 913 1
596 781 1
597 938 1
600 791 1
601 748 1
601 780 1
602 954 1
602 959 1
602 984 1
602 1071 1
603 622 1
603 704 1
605 1089 1
606 1060 1
609 709 1
610 873 1
611 720 1
612 761 1
612 843 1
612 907 1
612 1046 1
613 845 1
614 673 1
617 705 1
619 669 1
619 896 1
621 868 1
621 1078 1
622 848 1
622 1055 1
623 828 1
625 635 1
625 862 1
626 766 1
627 706 1
627 714 1
627 850 1
628 736 1
628 993 1
629 708 1
629 979 1
631 987 1
632 767 1
632 1001 1
634 686 1
634 847 1
635 782 1
636 758 1
637 765 1
637 826 1
637 898 1
637 981 1
638 829 1
638 1000 1
640 725 1
640 817 1
640 831 1
641 746 1
641 925 1
641 1032 1
643 956 1
644 776 1
646 655 1
646 697 1
646 727 1
646 905 1
647 697 1
648 811 1
649 657 1
649 762 1
649 786 1
649 827 1
649 958 1
651 760 1
652 737 1
652 996 1
653 739 1
654 904 1
654 915 1
655 1016 1
655 1082 1
657 806 1
657 1041 1
661 717 1
661 721 1
661 812 1
661 994 1
663 741 1
663 997 1
664 1071 1
667 1052 1
668 898 1
669 910 1
669 1081 1
670 870 1
670 947 1
670 1037 1
671 818 1
671 918 1
671 1082 1
673 800 1
673 824 1
674 724 1
675 801 1
676 710 1
676 711 1
676 852 1
676 861 1
676 970 1
676 1095 1
681 1011 1
683 707 1
683 728 1
683 831 1
684 796 1
685 726 1
685 985 1
685 1049 1
686 930 1
690 1090 1
693 753 1
693 774 1
693 845 1
693 873 1
693 904 1
694 964 1
695 723 1
700 862 1
700 998 1
701 707 1
701 818 1
701 901 1
702 740 1
702 750 1
702 925 1
702 928 1
705 853 1
708 905 1
709 822 1
709 873 1
710 1045 1
713 856 1
714 772 1
714 866 1
714 1092 1
718 881 1
720 982 1
721 994 1
721 1063 1
722 745 1
722 796 1
723 981 1
724 990 1
725 977 1
725 1002 1
726 779 1
729 1025 1
730 787 1
731 855 1
731 870 1
731 888 1
731 902 1
731 991 1
732 829 1
733 785 1
734 898 1
741 765 1
741 790 1
741 1013 1
744 874 1
747 854 1
747 1003 1
748 765 1
748 1020 1
751 792 1
752 932 1
752 998 1
755 917 1
759 853 1
759 1031 1
760 830 1
762 794 1
762 1041 1
763 769 1
765 1062 1
767 1100 1
768 923 1
769 1006 1
771 816 1
779 793 1
779 982 1
783 996 1
789 893 1
789 1068 1
797 799 1
800 1001 1
800 1015 1
800 1033 1
802 878 1
802 959 1
804 1057 1
806 1022 1
807 825 1
807 1079 1
807 1093 1
808 842 1
811 1043 1
812 836 1
812 1089 1
813 864 1
814 841 1
814 852 1
814 896 1
815 889 1
818 828 1
819 948 1
821 923 1
822 966 1
823 1054 1
824 950 1
824 1058 1
826 898 1
827 970 1
827 975 1
828 845 1
828 848 1
828 962 1
828 1050 1
829 950 1
831 920 1
833 852 1
834 843 1
836 902 1
836 1072 1
840 844 1
840 989 1
844 899 1
844 989 1
844 1008 1
845 962 1
846 1066 1
847 1098 1
849 952 1
849 1037 1
849 1092 1
851 905 1
852 893 1
854 876 1
854 992 1
855 1044 1
860 868 1
861 893 1
861 930 1
866 956 1
870 1002 1
871 1093 1
872 995 1
874 903 1
878 1017 1
879 904 1
879 965 1
882 900 1
883 914 1
883 1045 1
885 1024 1
887 931 1
888 1029 1
889 1008 1
890 915 1
892 986 1
893 940 1
896 970 1
897 987 1
897 1067 1
901 975 1
902 985 1
905 1036 1
907 1066 1
907 1091 1
909 917 1
909 1075 1
916 1006 1
919 968 1
922 972 1
927 1078 1
932 946 1
936 971 1
941 1094 1
954 994 1
955 1010 1
958 1054 1
959 1069 1
966 1059 1
971 990 1
973 983 1
973 1046 1
977 1012 1
995 1076 1
1002 1011 1
1016 1063 1
1017 1022 1
1018 1065 1
1026 1028 1
1039 1040 1
1071 1073 1
