1800 7184 
1 5 1
1 10 1
1 11 1
1 14 1
1 15 1
1 17 1
1 18 1
1 19 1
1 27 1
1 28 1
1 48 1
1 84 1
1 95 1
1 107 1
1 113 1
1 115 1
1 123 1
1 125 1
1 133 1
1 134 1
1 136 1
1 197 1
1 203 1
1 214 1
1 223 1
1 227 1
1 228 1
1 249 1
1 259 1
1 272 1
1 401 1
1 413 1
1 417 1
1 427 1
1 429 1
1 453 1
1 482 1
1 491 1
1 494 1
1 541 1
1 585 1
1 609 1
1 653 1
1 660 1
1 685 1
1 772 1
1 803 1
1 849 1
1 873 1
1 897 1
1 901 1
1 928 1
1 939 1
1 940 1
1 943 1
1 978 1
1 1050 1
1 1053 1
1 1077 1
1 1177 1
1 1183 1
1 1213 1
1 1235 1
1 1268 1
1 1403 1
1 1419 1
1 1431 1
1 1440 1
1 1451 1
1 1467 1
1 1482 1
1 1578 1
1 1595 1
1 1636 1
1 1640 1
1 1665 1
1 1666 1
1 1684 1
1 1740 1
1 1759 1
2 5 1
2 6 1
2 7 1
2 8 1
2 9 1
2 11 1
2 12 1
2 14 1
2 15 1
2 16 1
2 18 1
2 20 1
2 35 1
2 36 1
2 37 1
2 55 1
2 57 1
2 69 1
2 70 1
2 75 1
2 76 1
2 85 1
2 87 1
2 92 1
2 100 1
2 105 1
2 108 1
2 121 1
2 139 1
2 146 1
2 149 1
2 152 1
2 154 1
2 202 1
2 206 1
2 212 1
2 218 1
2 223 1
2 246 1
2 249 1
2 259 1
2 262 1
2 270 1
2 272 1
2 279 1
2 281 1
2 282 1
2 308 1
2 311 1
2 339 1
2 342 1
2 362 1
2 373 1
2 376 1
2 379 1
2 387 1
2 391 1
2 400 1
2 401 1
2 446 1
2 493 1
2 518 1
2 548 1
2 576 1
2 596 1
2 603 1
2 655 1
2 666 1
2 691 1
2 703 1
2 716 1
2 737 1
2 774 1
2 806 1
2 813 1
2 846 1
2 853 1
2 858 1
2 873 1
2 876 1
2 1024 1
2 1029 1
2 1030 1
2 1093 1
2 1108 1
2 1134 1
2 1165 1
2 1181 1
2 1183 1
2 1186 1
2 1230 1
2 1237 1
2 1293 1
2 1313 1
2 1334 1
2 1364 1
2 1387 1
2 1424 1
2 1447 1
2 1539 1
2 1579 1
2 1617 1
2 1679 1
2 1688 1
2 1721 1
2 1760 1
3 5 1
3 6 1
3 7 1
3 9 1
3 10 1
3 12 1
3 16 1
3 20 1
3 29 1
3 30 1
3 34 1
3 35 1
3 40 1
3 42 1
3 43 1
3 45 1
3 46 1
3 51 1
3 59 1
3 62 1
3 66 1
3 71 1
3 80 1
3 106 1
3 110 1
3 122 1
3 137 1
3 144 1
3 146 1
3 159 1
3 166 1
3 189 1
3 211 1
3 237 1
3 260 1
3 282 1
3 291 1
3 301 1
3 307 1
3 308 1
3 322 1
3 346 1
3 360 1
3 373 1
3 385 1
3 390 1
3 440 1
3 471 1
3 509 1
3 510 1
3 534 1
3 549 1
3 567 1
3 600 1
3 616 1
3 651 1
3 674 1
3 685 1
3 709 1
3 717 1
3 763 1
3 783 1
3 784 1
3 816 1
3 819 1
3 852 1
3 889 1
3 902 1
3 910 1
3 925 1
3 935 1
3 960 1
3 961 1
3 970 1
3 1008 1
3 1018 1
3 1054 1
3 1092 1
3 1144 1
3 1157 1
3 1211 1
3 1229 1
3 1235 1
3 1252 1
3 1258 1
3 1267 1
3 1279 1
3 1367 1
3 1376 1
3 1384 1
3 1396 1
3 1446 1
3 1526 1
3 1555 1
3 1627 1
3 1635 1
3 1667 1
3 1673 1
3 1690 1
3 1780 1
4 5 1
4 6 1
4 7 1
4 8 1
4 9 1
4 11 1
4 15 1
4 18 1
4 26 1
4 30 1
4 36 1
4 40 1
4 41 1
4 60 1
4 65 1
4 68 1
4 104 1
4 110 1
4 113 1
4 114 1
4 116 1
4 132 1
4 135 1
4 143 1
4 145 1
4 152 1
4 158 1
4 172 1
4 191 1
4 193 1
4 194 1
4 195 1
4 209 1
4 216 1
4 217 1
4 237 1
4 246 1
4 260 1
4 269 1
4 271 1
4 284 1
4 310 1
4 328 1
4 367 1
4 379 1
4 384 1
4 387 1
4 402 1
4 432 1
4 442 1
4 450 1
4 555 1
4 559 1
4 636 1
4 682 1
4 723 1
4 864 1
4 876 1
4 883 1
4 915 1
4 929 1
4 946 1
4 947 1
4 963 1
4 975 1
4 984 1
4 1184 1
4 1221 1
4 1255 1
4 1434 1
4 1494 1
4 1518 1
4 1590 1
4 1647 1
4 1656 1
4 1689 1
4 1720 1
4 1741 1
4 1751 1
5 6 1
5 7 1
5 8 1
5 9 1
5 10 1
5 13 1
5 20 1
5 22 1
5 27 1
5 28 1
5 30 1
5 32 1
5 33 1
5 37 1
5 38 1
5 42 1
5 49 1
5 50 1
5 54 1
5 86 1
5 132 1
5 134 1
5 159 1
5 168 1
5 200 1
5 213 1
5 236 1
5 266 1
5 269 1
5 306 1
5 311 1
5 313 1
5 324 1
5 326 1
5 352 1
5 383 1
5 399 1
5 401 1
5 409 1
5 442 1
5 445 1
5 454 1
5 508 1
5 517 1
5 521 1
5 535 1
5 543 1
5 588 1
5 591 1
5 701 1
5 717 1
5 730 1
5 734 1
5 767 1
5 777 1
5 790 1
5 881 1
5 938 1
5 944 1
5 979 1
5 985 1
5 990 1
5 1007 1
5 1022 1
5 1036 1
5 1083 1
5 1084 1
5 1100 1
5 1104 1
5 1124 1
5 1139 1
5 1208 1
5 1212 1
5 1273 1
5 1320 1
5 1329 1
5 1356 1
5 1409 1
5 1458 1
5 1550 1
5 1776 1
6 14 1
6 22 1
6 41 1
6 46 1
6 53 1
6 55 1
6 70 1
6 94 1
6 95 1
6 114 1
6 140 1
6 153 1
6 189 1
6 210 1
6 222 1
6 225 1
6 242 1
6 316 1
6 349 1
6 406 1
6 505 1
6 552 1
6 648 1
6 666 1
6 683 1
6 698 1
6 721 1
6 776 1
6 782 1
6 802 1
6 808 1
6 907 1
6 1005 1
6 1014 1
6 1124 1
6 1128 1
6 1142 1
6 1172 1
6 1448 1
6 1473 1
6 1484 1
6 1689 1
6 1799 1
7 8 1
7 10 1
7 12 1
7 16 1
7 17 1
7 20 1
7 21 1
7 22 1
7 24 1
7 25 1
7 40 1
7 41 1
7 61 1
7 62 1
7 64 1
7 65 1
7 66 1
7 71 1
7 72 1
7 80 1
7 87 1
7 102 1
7 112 1
7 114 1
7 116 1
7 120 1
7 129 1
7 130 1
7 133 1
7 139 1
7 147 1
7 155 1
7 165 1
7 166 1
7 199 1
7 201 1
7 221 1
7 258 1
7 276 1
7 283 1
7 288 1
7 292 1
7 299 1
7 314 1
7 336 1
7 343 1
7 354 1
7 355 1
7 362 1
7 391 1
7 398 1
7 435 1
7 449 1
7 469 1
7 579 1
7 623 1
7 643 1
7 656 1
7 660 1
7 703 1
7 711 1
7 733 1
7 734 1
7 763 1
7 843 1
7 873 1
7 1028 1
7 1054 1
7 1068 1
7 1113 1
7 1156 1
7 1173 1
7 1188 1
7 1219 1
7 1235 1
7 1277 1
7 1324 1
7 1325 1
7 1418 1
7 1501 1
7 1517 1
7 1539 1
7 1681 1
7 1697 1
7 1702 1
8 69 1
8 77 1
8 202 1
8 376 1
8 412 1
8 740 1
8 997 1
8 1348 1
8 1533 1
9 12 1
9 13 1
9 14 1
9 18 1
9 21 1
9 25 1
9 34 1
9 35 1
9 40 1
9 42 1
9 43 1
9 44 1
9 45 1
9 59 1
9 81 1
9 85 1
9 88 1
9 91 1
9 94 1
9 96 1
9 98 1
9 103 1
9 104 1
9 107 1
9 109 1
9 110 1
9 117 1
9 123 1
9 127 1
9 131 1
9 147 1
9 149 1
9 154 1
9 162 1
9 165 1
9 174 1
9 180 1
9 181 1
9 190 1
9 196 1
9 230 1
9 250 1
9 255 1
9 263 1
9 265 1
9 271 1
9 277 1
9 296 1
9 298 1
9 312 1
9 318 1
9 345 1
9 367 1
9 374 1
9 378 1
9 381 1
9 396 1
9 405 1
9 406 1
9 432 1
9 437 1
9 454 1
9 461 1
9 474 1
9 479 1
9 529 1
9 539 1
9 549 1
9 557 1
9 567 1
9 570 1
9 627 1
9 671 1
9 727 1
9 728 1
9 733 1
9 736 1
9 753 1
9 781 1
9 789 1
9 823 1
9 845 1
9 850 1
9 863 1
9 982 1
9 986 1
9 991 1
9 1007 1
9 1051 1
9 1052 1
9 1127 1
9 1149 1
9 1214 1
9 1283 1
9 1293 1
9 1360 1
9 1478 1
9 1500 1
9 1514 1
9 1562 1
9 1636 1
9 1754 1
9 1773 1
10 11 1
10 13 1
10 15 1
10 19 1
10 23 1
10 32 1
10 33 1
10 34 1
10 38 1
10 39 1
10 45 1
10 47 1
10 48 1
10 52 1
10 59 1
10 60 1
10 67 1
10 70 1
10 73 1
10 78 1
10 81 1
10 83 1
10 84 1
10 86 1
10 99 1
10 101 1
10 106 1
10 107 1
10 111 1
10 117 1
10 122 1
10 128 1
10 129 1
10 132 1
10 137 1
10 142 1
10 143 1
10 147 1
10 150 1
10 182 1
10 184 1
10 202 1
10 207 1
10 219 1
10 220 1
10 227 1
10 228 1
10 234 1
10 235 1
10 236 1
10 238 1
10 254 1
10 259 1
10 264 1
10 271 1
10 273 1
10 279 1
10 286 1
10 303 1
10 329 1
10 332 1
10 338 1
10 353 1
10 356 1
10 361 1
10 366 1
10 371 1
10 387 1
10 414 1
10 433 1
10 476 1
10 491 1
10 500 1
10 504 1
10 508 1
10 513 1
10 525 1
10 551 1
10 555 1
10 556 1
10 560 1
10 565 1
10 570 1
10 573 1
10 576 1
10 610 1
10 613 1
10 614 1
10 618 1
10 624 1
10 643 1
10 667 1
10 679 1
10 695 1
10 714 1
10 719 1
10 783 1
10 803 1
10 807 1
10 821 1
10 867 1
10 868 1
10 886 1
10 890 1
10 895 1
10 904 1
10 917 1
10 920 1
10 923 1
10 929 1
10 933 1
10 940 1
10 952 1
10 966 1
10 992 1
10 1016 1
10 1029 1
10 1031 1
10 1053 1
10 1055 1
10 1064 1
10 1075 1
10 1078 1
10 1087 1
10 1098 1
10 1102 1
10 1109 1
10 1125 1
10 1141 1
10 1161 1
10 1206 1
10 1220 1
10 1226 1
10 1230 1
10 1236 1
10 1247 1
10 1283 1
10 1308 1
10 1322 1
10 1334 1
10 1337 1
10 1345 1
10 1390 1
10 1392 1
10 1436 1
10 1442 1
10 1481 1
10 1501 1
10 1508 1
10 1525 1
10 1572 1
10 1595 1
10 1619 1
10 1632 1
10 1698 1
10 1704 1
10 1714 1
10 1730 1
10 1753 1
10 1769 1
10 1773 1
10 1775 1
10 1796 1
11 25 1
11 27 1
11 29 1
11 33 1
11 52 1
11 75 1
11 83 1
11 86 1
11 153 1
11 172 1
11 190 1
11 277 1
11 278 1
11 307 1
11 316 1
11 328 1
11 359 1
11 439 1
11 534 1
11 587 1
11 608 1
11 622 1
11 642 1
11 714 1
11 721 1
11 736 1
11 897 1
11 909 1
11 911 1
11 1122 1
11 1234 1
11 1315 1
11 1354 1
11 1496 1
11 1596 1
11 1606 1
11 1640 1
11 1663 1
11 1680 1
11 1743 1
12 13 1
12 16 1
12 17 1
12 22 1
12 23 1
12 24 1
12 27 1
12 29 1
12 30 1
12 32 1
12 38 1
12 46 1
12 49 1
12 54 1
12 55 1
12 56 1
12 63 1
12 67 1
12 72 1
12 94 1
12 112 1
12 114 1
12 121 1
12 127 1
12 128 1
12 138 1
12 145 1
12 153 1
12 156 1
12 159 1
12 161 1
12 185 1
12 192 1
12 203 1
12 206 1
12 229 1
12 252 1
12 253 1
12 257 1
12 283 1
12 284 1
12 289 1
12 298 1
12 301 1
12 316 1
12 327 1
12 333 1
12 359 1
12 361 1
12 363 1
12 386 1
12 390 1
12 391 1
12 392 1
12 421 1
12 459 1
12 465 1
12 494 1
12 501 1
12 526 1
12 550 1
12 555 1
12 556 1
12 559 1
12 561 1
12 564 1
12 572 1
12 594 1
12 628 1
12 637 1
12 638 1
12 643 1
12 655 1
12 676 1
12 684 1
12 688 1
12 704 1
12 716 1
12 720 1
12 733 1
12 754 1
12 757 1
12 764 1
12 806 1
12 809 1
12 834 1
12 850 1
12 853 1
12 855 1
12 856 1
12 869 1
12 881 1
12 946 1
12 951 1
12 966 1
12 968 1
12 978 1
12 981 1
12 1016 1
12 1023 1
12 1038 1
12 1116 1
12 1124 1
12 1126 1
12 1139 1
12 1145 1
12 1201 1
12 1217 1
12 1219 1
12 1220 1
12 1239 1
12 1276 1
12 1305 1
12 1349 1
12 1360 1
12 1361 1
12 1382 1
12 1388 1
12 1398 1
12 1438 1
12 1504 1
12 1545 1
12 1627 1
12 1645 1
12 1678 1
12 1686 1
12 1690 1
12 1696 1
12 1760 1
13 49 1
13 54 1
13 108 1
13 111 1
13 118 1
13 126 1
13 150 1
13 156 1
13 161 1
13 176 1
13 193 1
13 207 1
13 317 1
13 371 1
13 382 1
13 434 1
13 488 1
13 511 1
13 531 1
13 583 1
13 668 1
13 735 1
13 792 1
13 799 1
13 819 1
13 826 1
13 844 1
13 934 1
13 1002 1
13 1015 1
13 1040 1
13 1071 1
13 1092 1
13 1183 1
13 1247 1
13 1397 1
13 1427 1
13 1485 1
13 1488 1
13 1547 1
13 1660 1
13 1665 1
13 1776 1
14 50 1
14 81 1
14 87 1
14 93 1
14 155 1
14 175 1
14 188 1
14 210 1
14 394 1
14 445 1
14 514 1
14 594 1
14 609 1
14 650 1
14 730 1
14 759 1
14 918 1
14 943 1
14 960 1
14 1045 1
14 1152 1
14 1193 1
14 1260 1
14 1271 1
14 1351 1
14 1490 1
14 1556 1
14 1616 1
14 1634 1
14 1641 1
14 1774 1
15 19 1
15 21 1
15 39 1
15 44 1
15 79 1
15 82 1
15 173 1
15 198 1
15 204 1
15 223 1
15 264 1
15 290 1
15 317 1
15 325 1
15 410 1
15 419 1
15 554 1
15 584 1
15 921 1
15 1055 1
15 1267 1
15 1333 1
15 1497 1
15 1540 1
15 1644 1
15 1692 1
15 1745 1
16 17 1
16 24 1
16 37 1
16 47 1
16 62 1
16 90 1
16 101 1
16 117 1
16 214 1
16 264 1
16 498 1
16 568 1
16 734 1
16 924 1
16 962 1
16 968 1
16 1346 1
16 1534 1
16 1675 1
17 19 1
17 31 1
17 43 1
17 58 1
17 61 1
17 62 1
17 63 1
17 64 1
17 70 1
17 74 1
17 83 1
17 102 1
17 130 1
17 142 1
17 148 1
17 161 1
17 175 1
17 179 1
17 210 1
17 239 1
17 281 1
17 286 1
17 297 1
17 348 1
17 392 1
17 494 1
17 557 1
17 579 1
17 637 1
17 667 1
17 673 1
17 719 1
17 799 1
17 887 1
17 926 1
17 962 1
17 1011 1
17 1065 1
17 1117 1
17 1121 1
17 1140 1
17 1192 1
17 1251 1
17 1261 1
17 1279 1
17 1294 1
17 1317 1
17 1362 1
17 1396 1
17 1406 1
17 1448 1
17 1498 1
17 1513 1
17 1553 1
17 1567 1
17 1582 1
17 1631 1
17 1649 1
17 1676 1
17 1731 1
18 24 1
18 26 1
18 28 1
18 39 1
18 45 1
18 51 1
18 57 1
18 74 1
18 101 1
18 102 1
18 108 1
18 131 1
18 139 1
18 160 1
18 170 1
18 172 1
18 178 1
18 181 1
18 183 1
18 210 1
18 213 1
18 233 1
18 243 1
18 252 1
18 263 1
18 364 1
18 389 1
18 397 1
18 460 1
18 482 1
18 552 1
18 591 1
18 594 1
18 602 1
18 631 1
18 647 1
18 649 1
18 697 1
18 743 1
18 787 1
18 834 1
18 855 1
18 899 1
18 909 1
18 932 1
18 955 1
18 980 1
18 987 1
18 1025 1
18 1107 1
18 1180 1
18 1241 1
18 1318 1
18 1409 1
18 1411 1
18 1424 1
18 1435 1
18 1442 1
18 1623 1
19 21 1
19 28 1
19 31 1
19 37 1
19 56 1
19 68 1
19 99 1
19 160 1
19 173 1
19 186 1
19 202 1
19 248 1
19 294 1
19 304 1
19 308 1
19 309 1
19 332 1
19 345 1
19 348 1
19 438 1
19 440 1
19 473 1
19 490 1
19 533 1
19 584 1
19 598 1
19 674 1
19 707 1
19 723 1
19 773 1
19 817 1
19 849 1
19 874 1
19 944 1
19 1016 1
19 1023 1
19 1043 1
19 1067 1
19 1085 1
19 1106 1
19 1120 1
19 1140 1
19 1197 1
19 1202 1
19 1232 1
19 1236 1
19 1358 1
19 1367 1
19 1375 1
19 1380 1
19 1427 1
19 1456 1
19 1498 1
19 1544 1
19 1556 1
19 1757 1
20 25 1
20 26 1
20 33 1
20 42 1
20 52 1
20 53 1
20 61 1
20 77 1
20 89 1
20 97 1
20 132 1
20 149 1
20 179 1
20 380 1
20 405 1
20 493 1
20 529 1
20 572 1
20 661 1
20 745 1
20 765 1
20 797 1
20 874 1
20 889 1
20 911 1
20 924 1
20 1226 1
20 1231 1
20 1242 1
20 1259 1
20 1305 1
20 1330 1
20 1340 1
20 1347 1
20 1536 1
20 1748 1
21 23 1
21 34 1
21 50 1
21 66 1
21 95 1
21 100 1
21 111 1
21 119 1
21 125 1
21 158 1
21 171 1
21 193 1
21 212 1
21 263 1
21 295 1
21 321 1
21 352 1
21 375 1
21 413 1
21 448 1
21 472 1
21 502 1
21 504 1
21 515 1
21 650 1
21 652 1
21 689 1
21 697 1
21 738 1
21 782 1
21 842 1
21 870 1
21 939 1
21 1038 1
21 1045 1
21 1065 1
21 1106 1
21 1120 1
21 1172 1
21 1266 1
21 1374 1
21 1377 1
21 1387 1
21 1403 1
21 1541 1
21 1557 1
21 1589 1
21 1653 1
21 1755 1
21 1764 1
22 23 1
22 26 1
22 36 1
22 41 1
22 69 1
22 71 1
22 88 1
22 105 1
22 130 1
22 189 1
22 244 1
22 258 1
22 312 1
22 326 1
22 346 1
22 374 1
22 446 1
22 448 1
22 482 1
22 566 1
22 612 1
22 630 1
22 638 1
22 669 1
22 741 1
22 764 1
22 791 1
22 833 1
22 852 1
22 907 1
22 971 1
22 997 1
22 1087 1
22 1104 1
22 1163 1
22 1270 1
22 1318 1
22 1319 1
22 1362 1
22 1503 1
22 1533 1
22 1551 1
22 1557 1
22 1572 1
22 1580 1
22 1585 1
22 1625 1
22 1666 1
22 1711 1
23 44 1
23 69 1
23 96 1
23 98 1
23 135 1
23 167 1
23 173 1
23 195 1
23 201 1
23 290 1
23 386 1
23 637 1
23 657 1
23 747 1
23 878 1
23 936 1
23 947 1
23 971 1
23 1009 1
23 1143 1
23 1248 1
23 1363 1
23 1620 1
23 1795 1
24 31 1
24 35 1
24 50 1
24 67 1
24 77 1
24 79 1
24 92 1
24 100 1
24 125 1
24 151 1
24 196 1
24 212 1
24 215 1
24 249 1
24 256 1
24 285 1
24 296 1
24 365 1
24 429 1
24 537 1
24 546 1
24 579 1
24 610 1
24 670 1
24 681 1
24 720 1
24 757 1
24 796 1
24 816 1
24 997 1
24 1040 1
24 1068 1
24 1090 1
24 1168 1
24 1325 1
24 1418 1
24 1485 1
24 1502 1
24 1577 1
24 1578 1
24 1628 1
24 1663 1
24 1701 1
24 1717 1
24 1800 1
25 64 1
25 67 1
25 103 1
25 140 1
25 143 1
25 152 1
25 182 1
25 220 1
25 229 1
25 251 1
25 382 1
25 402 1
25 467 1
25 519 1
25 531 1
25 596 1
25 625 1
25 631 1
25 742 1
25 793 1
25 832 1
25 1112 1
25 1256 1
25 1408 1
25 1500 1
25 1545 1
25 1600 1
26 51 1
26 64 1
26 179 1
26 256 1
26 518 1
26 771 1
26 1026 1
26 1027 1
26 1103 1
26 1109 1
26 1591 1
27 31 1
27 32 1
27 53 1
27 55 1
27 82 1
27 87 1
27 96 1
27 105 1
27 110 1
27 128 1
27 129 1
27 143 1
27 184 1
27 186 1
27 209 1
27 224 1
27 232 1
27 274 1
27 275 1
27 349 1
27 373 1
27 384 1
27 423 1
27 461 1
27 462 1
27 469 1
27 502 1
27 517 1
27 532 1
27 563 1
27 615 1
27 625 1
27 648 1
27 738 1
27 744 1
27 817 1
27 832 1
27 834 1
27 855 1
27 884 1
27 890 1
27 912 1
27 977 1
27 981 1
27 994 1
27 1048 1
27 1145 1
27 1211 1
27 1218 1
27 1269 1
27 1285 1
27 1287 1
27 1398 1
27 1424 1
27 1507 1
27 1554 1
27 1596 1
27 1662 1
27 1664 1
27 1770 1
28 29 1
28 43 1
28 49 1
28 56 1
28 65 1
28 74 1
28 89 1
28 91 1
28 95 1
28 118 1
28 243 1
28 306 1
28 324 1
28 370 1
28 371 1
28 528 1
28 530 1
28 587 1
28 643 1
28 752 1
28 764 1
28 814 1
28 872 1
28 901 1
28 905 1
28 1063 1
28 1085 1
28 1130 1
28 1296 1
28 1316 1
28 1423 1
29 73 1
29 115 1
29 274 1
29 420 1
29 447 1
29 480 1
29 495 1
29 775 1
30 36 1
30 44 1
30 74 1
30 98 1
30 140 1
30 151 1
30 177 1
30 208 1
30 242 1
30 331 1
30 337 1
30 389 1
30 482 1
30 488 1
30 492 1
30 500 1
30 537 1
30 547 1
30 574 1
30 632 1
30 645 1
30 661 1
30 729 1
30 758 1
30 795 1
30 982 1
30 1103 1
30 1129 1
30 1153 1
30 1168 1
30 1243 1
30 1320 1
30 1366 1
30 1543 1
30 1629 1
31 63 1
31 71 1
31 73 1
31 76 1
31 77 1
31 92 1
31 116 1
31 133 1
31 149 1
31 169 1
31 172 1
31 242 1
31 285 1
31 320 1
31 321 1
31 359 1
31 399 1
31 467 1
31 486 1
31 503 1
31 567 1
31 600 1
31 671 1
31 761 1
31 930 1
31 964 1
31 1316 1
31 1327 1
31 1357 1
31 1540 1
31 1680 1
32 57 1
32 97 1
32 120 1
32 177 1
32 187 1
32 247 1
32 255 1
32 299 1
32 325 1
32 360 1
32 450 1
32 452 1
32 500 1
32 520 1
32 568 1
32 579 1
32 768 1
32 822 1
32 996 1
32 1039 1
32 1090 1
32 1134 1
32 1192 1
32 1196 1
32 1246 1
32 1300 1
32 1361 1
32 1565 1
32 1652 1
33 48 1
33 58 1
33 99 1
33 127 1
33 141 1
33 156 1
33 168 1
33 179 1
33 184 1
33 191 1
33 217 1
33 226 1
33 305 1
33 339 1
33 395 1
33 424 1
33 452 1
33 471 1
33 492 1
33 493 1
33 507 1
33 523 1
33 531 1
33 553 1
33 615 1
33 637 1
33 685 1
33 712 1
33 836 1
33 857 1
33 956 1
33 1099 1
33 1100 1
33 1201 1
33 1275 1
33 1355 1
33 1464 1
33 1478 1
33 1575 1
33 1593 1
33 1605 1
33 1607 1
33 1736 1
34 48 1
34 53 1
34 63 1
34 75 1
34 80 1
34 113 1
34 115 1
34 144 1
34 162 1
34 201 1
34 228 1
34 338 1
34 350 1
34 381 1
34 501 1
34 520 1
34 564 1
34 758 1
34 830 1
34 916 1
34 1033 1
34 1068 1
34 1115 1
34 1187 1
34 1254 1
34 1264 1
34 1477 1
34 1535 1
34 1624 1
34 1647 1
34 1718 1
35 39 1
35 51 1
35 72 1
35 104 1
35 127 1
35 129 1
35 146 1
35 163 1
35 180 1
35 186 1
35 188 1
35 208 1
35 213 1
35 214 1
35 306 1
35 331 1
35 334 1
35 340 1
35 412 1
35 470 1
35 532 1
35 537 1
35 600 1
35 611 1
35 724 1
35 944 1
35 974 1
35 1109 1
35 1138 1
35 1142 1
35 1384 1
35 1471 1
35 1674 1
36 38 1
36 47 1
36 73 1
36 85 1
36 90 1
36 122 1
36 254 1
36 353 1
36 437 1
36 516 1
36 529 1
36 633 1
36 773 1
36 846 1
36 887 1
36 906 1
36 1132 1
36 1306 1
36 1439 1
36 1489 1
36 1704 1
36 1762 1
36 1763 1
37 46 1
37 52 1
37 89 1
37 137 1
37 148 1
37 163 1
37 171 1
37 191 1
37 204 1
37 218 1
37 240 1
37 246 1
37 287 1
37 361 1
37 420 1
37 487 1
37 577 1
37 668 1
37 708 1
37 712 1
37 809 1
37 819 1
37 938 1
37 940 1
37 1066 1
37 1230 1
37 1397 1
37 1447 1
37 1503 1
37 1629 1
37 1649 1
37 1754 1
38 56 1
38 79 1
38 99 1
38 101 1
38 136 1
38 194 1
38 197 1
38 205 1
38 269 1
38 366 1
38 520 1
38 523 1
38 529 1
38 546 1
38 651 1
38 678 1
38 687 1
38 691 1
38 728 1
38 790 1
38 829 1
38 875 1
38 942 1
38 991 1
38 1008 1
38 1032 1
38 1084 1
38 1207 1
38 1225 1
38 1234 1
38 1274 1
38 1283 1
38 1521 1
38 1574 1
38 1598 1
38 1615 1
38 1785 1
39 60 1
39 76 1
39 97 1
39 145 1
39 165 1
39 183 1
39 201 1
39 229 1
39 230 1
39 235 1
39 411 1
39 418 1
39 423 1
39 521 1
39 601 1
39 620 1
39 843 1
39 913 1
39 918 1
39 1030 1
39 1058 1
39 1188 1
39 1224 1
39 1285 1
39 1580 1
39 1762 1
40 60 1
40 103 1
40 125 1
40 175 1
40 221 1
40 300 1
40 360 1
40 392 1
40 481 1
40 1019 1
40 1049 1
40 1064 1
40 1176 1
40 1406 1
40 1452 1
40 1732 1
40 1771 1
41 59 1
41 105 1
41 170 1
41 331 1
41 431 1
41 493 1
41 526 1
41 617 1
41 700 1
41 712 1
41 725 1
41 726 1
41 760 1
41 871 1
41 927 1
41 972 1
41 1047 1
41 1150 1
41 1427 1
41 1513 1
41 1552 1
42 76 1
42 159 1
42 205 1
42 208 1
42 302 1
42 330 1
42 364 1
42 440 1
42 554 1
42 791 1
42 1007 1
42 1069 1
42 1076 1
42 1089 1
42 1222 1
42 1258 1
42 1459 1
42 1523 1
42 1528 1
42 1604 1
42 1702 1
43 47 1
43 65 1
43 78 1
43 84 1
43 121 1
43 138 1
43 185 1
43 199 1
43 288 1
43 344 1
43 364 1
43 365 1
43 371 1
43 426 1
43 430 1
43 481 1
43 506 1
43 540 1
43 542 1
43 549 1
43 664 1
43 669 1
43 677 1
43 745 1
43 761 1
43 768 1
43 908 1
43 953 1
43 981 1
43 1018 1
43 1257 1
43 1336 1
43 1345 1
43 1482 1
43 1497 1
43 1535 1
43 1650 1
43 1768 1
44 86 1
44 142 1
44 154 1
44 240 1
44 283 1
44 312 1
44 354 1
44 488 1
44 603 1
44 654 1
44 840 1
44 927 1
44 962 1
44 1157 1
44 1194 1
44 1354 1
44 1543 1
44 1760 1
45 162 1
45 226 1
45 357 1
45 421 1
45 443 1
45 540 1
45 558 1
45 619 1
45 861 1
45 1001 1
45 1101 1
45 1243 1
45 1289 1
45 1313 1
45 1397 1
45 1438 1
45 1537 1
45 1542 1
45 1687 1
45 1704 1
45 1794 1
46 88 1
46 91 1
46 108 1
46 133 1
46 141 1
46 157 1
46 265 1
46 293 1
46 624 1
46 926 1
46 973 1
46 1072 1
46 1138 1
46 1381 1
46 1625 1
47 61 1
47 81 1
47 118 1
47 119 1
47 121 1
47 124 1
47 157 1
47 163 1
47 183 1
47 241 1
47 244 1
47 339 1
47 480 1
47 509 1
47 657 1
47 1164 1
47 1242 1
47 1309 1
47 1789 1
48 126 1
48 227 1
48 234 1
48 299 1
48 325 1
48 326 1
48 382 1
48 536 1
48 827 1
48 955 1
48 1041 1
48 1079 1
48 1151 1
48 1272 1
48 1311 1
48 1429 1
48 1658 1
48 1786 1
49 126 1
49 146 1
49 162 1
49 203 1
49 278 1
49 295 1
49 315 1
49 376 1
49 384 1
49 407 1
49 433 1
49 514 1
49 542 1
49 628 1
49 783 1
49 808 1
49 1083 1
49 1120 1
49 1214 1
49 1252 1
49 1307 1
49 1326 1
49 1338 1
49 1377 1
49 1419 1
50 79 1
50 82 1
50 90 1
50 448 1
50 713 1
50 815 1
50 1000 1
50 1026 1
50 1168 1
50 1522 1
51 66 1
51 80 1
51 160 1
51 205 1
51 236 1
51 358 1
51 383 1
51 405 1
51 486 1
51 592 1
51 702 1
51 720 1
51 858 1
51 1008 1
51 1244 1
51 1304 1
51 1390 1
51 1491 1
51 1516 1
51 1569 1
51 1738 1
52 78 1
52 100 1
52 215 1
52 289 1
52 319 1
52 458 1
52 898 1
52 923 1
52 951 1
52 1362 1
52 1419 1
52 1462 1
52 1511 1
52 1668 1
52 1706 1
52 1752 1
52 1769 1
52 1797 1
53 54 1
53 131 1
53 222 1
53 226 1
53 310 1
53 350 1
53 449 1
53 503 1
53 698 1
53 846 1
53 909 1
53 1039 1
53 1440 1
53 1633 1
53 1672 1
53 1726 1
54 112 1
54 245 1
54 293 1
54 368 1
54 881 1
54 968 1
54 1737 1
55 57 1
55 251 1
55 351 1
55 352 1
55 748 1
55 866 1
55 1097 1
55 1127 1
55 1174 1
55 1223 1
55 1228 1
55 1402 1
55 1586 1
56 58 1
56 72 1
56 177 1
56 199 1
56 235 1
56 239 1
56 241 1
56 250 1
56 292 1
56 307 1
56 335 1
56 602 1
56 694 1
56 722 1
56 756 1
56 804 1
56 869 1
56 880 1
56 900 1
56 1378 1
56 1461 1
56 1517 1
56 1559 1
56 1666 1
56 1706 1
57 58 1
57 123 1
57 147 1
57 153 1
57 164 1
57 231 1
57 233 1
57 261 1
57 293 1
57 333 1
57 355 1
57 378 1
57 393 1
57 584 1
57 611 1
57 629 1
57 689 1
57 797 1
57 810 1
57 835 1
57 1035 1
57 1192 1
57 1250 1
57 1255 1
57 1291 1
57 1306 1
57 1411 1
57 1470 1
57 1515 1
57 1684 1
57 1751 1
58 92 1
58 97 1
58 113 1
58 161 1
58 207 1
58 209 1
58 260 1
58 291 1
58 331 1
58 332 1
58 342 1
58 374 1
58 399 1
58 443 1
58 506 1
58 701 1
58 710 1
58 754 1
58 756 1
58 830 1
58 861 1
58 922 1
58 1119 1
58 1135 1
58 1138 1
58 1215 1
58 1238 1
58 1553 1
58 1626 1
59 233 1
59 254 1
59 256 1
59 504 1
59 1212 1
59 1352 1
59 1399 1
59 1458 1
60 68 1
60 104 1
60 109 1
60 184 1
60 204 1
60 272 1
60 789 1
60 801 1
60 1058 1
60 1107 1
60 1314 1
60 1349 1
60 1352 1
60 1465 1
60 1669 1
60 1800 1
61 282 1
61 509 1
61 621 1
61 829 1
61 1159 1
61 1167 1
62 82 1
62 109 1
62 120 1
62 126 1
62 181 1
62 188 1
62 211 1
62 248 1
62 319 1
62 464 1
62 511 1
62 651 1
62 654 1
62 767 1
63 301 1
63 521 1
63 1319 1
63 1513 1
63 1547 1
64 68 1
64 134 1
64 1003 1
64 1629 1
64 1657 1
65 83 1
65 118 1
65 138 1
65 157 1
65 322 1
65 344 1
65 423 1
65 502 1
65 869 1
65 999 1
65 1050 1
65 1074 1
65 1131 1
65 1143 1
66 115 1
66 124 1
66 178 1
66 185 1
66 187 1
66 214 1
66 261 1
66 378 1
66 505 1
66 561 1
66 592 1
66 593 1
66 831 1
66 1244 1
66 1395 1
66 1436 1
66 1531 1
67 75 1
67 112 1
67 155 1
67 219 1
67 596 1
67 664 1
67 673 1
67 1220 1
67 1552 1
67 1714 1
68 84 1
68 85 1
68 134 1
68 174 1
68 175 1
68 219 1
68 252 1
68 257 1
68 284 1
68 307 1
68 366 1
68 420 1
68 422 1
68 465 1
68 483 1
68 534 1
68 620 1
68 727 1
68 731 1
68 762 1
68 827 1
68 847 1
68 901 1
68 1062 1
68 1161 1
68 1192 1
68 1226 1
68 1304 1
68 1569 1
68 1570 1
68 1612 1
68 1615 1
68 1669 1
68 1700 1
68 1777 1
69 90 1
69 96 1
69 135 1
69 216 1
69 226 1
69 259 1
69 274 1
69 702 1
69 706 1
69 748 1
69 830 1
69 872 1
69 945 1
69 1145 1
69 1151 1
69 1350 1
69 1408 1
69 1606 1
69 1619 1
69 1722 1
70 98 1
70 160 1
70 242 1
70 305 1
70 385 1
70 496 1
70 595 1
70 779 1
70 893 1
70 937 1
70 1071 1
70 1337 1
70 1491 1
70 1745 1
71 94 1
71 102 1
71 144 1
71 155 1
71 167 1
71 169 1
71 206 1
71 261 1
71 281 1
71 294 1
71 372 1
71 445 1
71 473 1
71 517 1
71 524 1
71 550 1
71 566 1
71 647 1
71 706 1
71 718 1
71 741 1
71 945 1
71 949 1
71 1025 1
71 1054 1
71 1117 1
71 1223 1
71 1230 1
71 1270 1
71 1429 1
71 1467 1
71 1477 1
71 1480 1
71 1519 1
71 1601 1
71 1623 1
72 91 1
72 174 1
72 311 1
72 315 1
72 333 1
72 360 1
72 536 1
72 667 1
72 900 1
72 967 1
72 1175 1
72 1265 1
72 1401 1
73 119 1
73 180 1
73 532 1
73 536 1
73 854 1
73 924 1
73 1060 1
73 1564 1
74 93 1
74 144 1
74 260 1
74 400 1
74 475 1
74 523 1
74 533 1
74 543 1
74 564 1
74 705 1
74 825 1
74 885 1
74 922 1
74 1133 1
74 1159 1
74 1197 1
74 1283 1
74 1287 1
74 1602 1
74 1712 1
75 88 1
75 116 1
75 198 1
75 205 1
75 251 1
75 303 1
75 338 1
75 340 1
75 381 1
75 388 1
75 463 1
75 499 1
75 544 1
75 569 1
75 572 1
75 578 1
75 589 1
75 678 1
75 710 1
75 770 1
75 871 1
75 889 1
75 931 1
75 950 1
75 1199 1
75 1312 1
75 1407 1
75 1499 1
75 1670 1
75 1740 1
75 1767 1
75 1779 1
76 486 1
76 542 1
76 693 1
76 701 1
76 1154 1
77 78 1
77 141 1
77 152 1
77 178 1
77 391 1
77 412 1
77 431 1
77 476 1
77 583 1
77 655 1
77 687 1
77 822 1
77 957 1
77 960 1
77 1037 1
77 1107 1
77 1200 1
77 1231 1
77 1426 1
77 1703 1
77 1705 1
78 135 1
78 138 1
78 140 1
78 141 1
78 150 1
78 169 1
78 173 1
78 186 1
78 336 1
78 878 1
78 1012 1
79 151 1
79 166 1
79 215 1
79 279 1
79 321 1
79 372 1
79 476 1
79 665 1
79 860 1
79 936 1
79 1002 1
79 1203 1
79 1222 1
79 1291 1
80 89 1
80 93 1
80 120 1
80 158 1
80 222 1
80 231 1
80 262 1
80 434 1
80 460 1
80 473 1
80 544 1
80 574 1
80 615 1
80 627 1
80 634 1
80 648 1
80 823 1
80 848 1
80 956 1
80 1079 1
80 1099 1
80 1355 1
80 1430 1
80 1443 1
81 367 1
81 548 1
82 216 1
82 298 1
82 311 1
82 313 1
82 583 1
82 1288 1
82 1333 1
83 93 1
83 122 1
83 154 1
83 165 1
83 230 1
83 280 1
83 283 1
83 365 1
83 412 1
83 429 1
83 513 1
83 572 1
83 586 1
83 656 1
83 675 1
83 710 1
83 715 1
83 941 1
83 1018 1
83 1278 1
83 1357 1
83 1387 1
83 1410 1
83 1444 1
83 1472 1
83 1622 1
83 1627 1
84 106 1
84 117 1
84 628 1
84 1346 1
85 1171 1
85 1266 1
85 1775 1
86 277 1
86 306 1
86 426 1
86 780 1
86 895 1
86 1004 1
86 1041 1
86 1699 1
87 130 1
87 224 1
87 241 1
87 262 1
87 379 1
87 408 1
87 480 1
87 589 1
87 617 1
87 837 1
87 939 1
87 1088 1
87 1315 1
87 1365 1
87 1766 1
88 136 1
88 190 1
88 257 1
88 273 1
88 368 1
88 427 1
88 563 1
88 568 1
88 597 1
88 688 1
88 789 1
88 848 1
88 860 1
88 902 1
88 1042 1
88 1505 1
88 1630 1
88 1698 1
89 280 1
89 304 1
89 467 1
89 639 1
89 1187 1
89 1436 1
89 1451 1
89 1473 1
89 1683 1
89 1715 1
89 1747 1
90 103 1
90 238 1
90 277 1
90 407 1
90 417 1
90 485 1
90 536 1
90 626 1
90 664 1
90 695 1
90 769 1
90 888 1
90 1194 1
90 1693 1
91 156 1
91 170 1
91 176 1
91 191 1
91 595 1
91 659 1
91 839 1
91 1446 1
92 212 1
92 573 1
92 1017 1
92 1175 1
92 1256 1
93 111 1
93 139 1
93 194 1
93 438 1
93 675 1
93 1004 1
93 1134 1
93 1256 1
93 1558 1
93 1698 1
94 225 1
94 263 1
94 266 1
94 407 1
94 580 1
94 661 1
94 682 1
94 718 1
94 887 1
94 888 1
94 904 1
94 918 1
94 990 1
94 1240 1
94 1326 1
94 1372 1
94 1385 1
94 1432 1
94 1639 1
94 1679 1
95 119 1
95 357 1
95 403 1
95 591 1
95 635 1
95 757 1
95 1538 1
96 461 1
96 662 1
96 1048 1
97 109 1
97 123 1
97 124 1
97 148 1
97 157 1
97 197 1
97 238 1
97 267 1
97 268 1
97 270 1
97 285 1
97 288 1
97 380 1
97 437 1
97 473 1
97 475 1
97 514 1
97 744 1
97 753 1
97 786 1
97 984 1
97 1056 1
97 1074 1
97 1077 1
97 1169 1
97 1202 1
97 1239 1
97 1259 1
97 1437 1
97 1603 1
97 1609 1
97 1678 1
97 1684 1
98 336 1
98 419 1
98 496 1
98 783 1
98 1058 1
98 1475 1
98 1612 1
99 107 1
99 176 1
99 220 1
99 268 1
99 279 1
99 287 1
99 317 1
99 358 1
99 388 1
99 405 1
99 462 1
99 485 1
99 496 1
99 581 1
99 630 1
99 641 1
99 685 1
99 896 1
99 1144 1
99 1276 1
99 1324 1
99 1342 1
99 1396 1
99 1489 1
99 1654 1
99 1722 1
100 292 1
100 699 1
100 886 1
100 948 1
100 1069 1
100 1282 1
100 1353 1
100 1375 1
100 1686 1
101 176 1
101 271 1
101 319 1
101 444 1
101 571 1
101 702 1
101 747 1
101 858 1
101 959 1
101 1111 1
101 1169 1
101 1332 1
101 1346 1
101 1609 1
101 1621 1
101 1711 1
101 1737 1
102 106 1
102 268 1
102 459 1
102 498 1
102 885 1
102 894 1
102 1187 1
102 1267 1
102 1359 1
103 276 1
103 404 1
103 551 1
103 633 1
103 666 1
103 1030 1
103 1094 1
103 1186 1
103 1212 1
103 1376 1
104 300 1
104 304 1
104 346 1
104 353 1
104 393 1
104 475 1
104 516 1
104 530 1
104 539 1
104 563 1
104 577 1
104 797 1
104 1096 1
104 1456 1
104 1798 1
105 193 1
105 389 1
105 453 1
105 1130 1
105 1349 1
105 1424 1
105 1688 1
105 1755 1
106 124 1
106 136 1
106 164 1
106 171 1
106 194 1
106 252 1
106 560 1
106 631 1
106 752 1
106 807 1
106 1279 1
106 1382 1
106 1743 1
107 168 1
107 587 1
107 607 1
107 652 1
107 731 1
107 908 1
107 995 1
108 211 1
108 314 1
108 367 1
108 382 1
108 433 1
108 464 1
108 485 1
108 571 1
108 602 1
108 606 1
108 645 1
108 665 1
108 697 1
108 872 1
108 897 1
108 1150 1
108 1658 1
108 1729 1
109 458 1
109 786 1
109 1437 1
110 204 1
110 222 1
110 352 1
110 530 1
110 740 1
110 1100 1
110 1153 1
110 1274 1
110 1579 1
110 1656 1
110 1691 1
111 302 1
111 1034 1
111 1103 1
111 1667 1
111 1739 1
111 1759 1
112 167 1
112 231 1
112 257 1
112 291 1
112 1735 1
113 395 1
113 658 1
113 688 1
113 803 1
113 959 1
113 1040 1
113 1262 1
113 1336 1
114 128 1
114 436 1
114 437 1
114 478 1
114 541 1
114 865 1
114 1020 1
114 1181 1
114 1245 1
114 1280 1
114 1298 1
114 1369 1
114 1465 1
114 1482 1
114 1519 1
115 131 1
115 200 1
115 223 1
115 237 1
115 313 1
115 323 1
115 327 1
115 722 1
115 921 1
115 1056 1
115 1298 1
115 1447 1
115 1774 1
116 303 1
116 353 1
116 439 1
116 676 1
116 786 1
116 1428 1
116 1713 1
117 195 1
117 233 1
117 345 1
117 349 1
117 461 1
117 644 1
117 681 1
117 898 1
117 944 1
117 1121 1
117 1200 1
117 1430 1
118 180 1
118 221 1
118 450 1
118 735 1
118 841 1
118 934 1
118 996 1
118 1227 1
118 1254 1
119 137 1
119 142 1
119 164 1
119 266 1
119 315 1
119 362 1
119 375 1
119 398 1
119 657 1
119 658 1
119 1001 1
119 1134 1
119 1314 1
119 1399 1
119 1570 1
119 1641 1
120 177 1
120 495 1
120 722 1
120 772 1
120 971 1
120 979 1
120 1160 1
120 1286 1
120 1354 1
120 1368 1
120 1450 1
121 145 1
121 309 1
121 547 1
121 559 1
121 671 1
121 743 1
121 838 1
121 873 1
121 1025 1
121 1105 1
121 1352 1
121 1450 1
122 163 1
122 265 1
122 558 1
122 730 1
122 767 1
122 866 1
122 1021 1
122 1476 1
122 1503 1
123 449 1
123 546 1
123 1218 1
123 1382 1
123 1476 1
124 168 1
124 178 1
124 302 1
124 349 1
124 370 1
124 501 1
124 513 1
124 528 1
124 626 1
124 963 1
124 969 1
124 1037 1
124 1106 1
124 1242 1
124 1289 1
124 1306 1
124 1310 1
124 1322 1
124 1337 1
124 1389 1
124 1397 1
124 1487 1
124 1508 1
124 1607 1
124 1748 1
125 228 1
125 231 1
125 265 1
125 452 1
125 801 1
126 148 1
126 158 1
126 169 1
126 199 1
126 203 1
126 225 1
126 243 1
126 276 1
126 280 1
126 355 1
126 383 1
126 410 1
126 418 1
126 420 1
126 430 1
126 434 1
126 435 1
126 447 1
126 452 1
126 462 1
126 515 1
126 552 1
126 577 1
126 654 1
126 784 1
126 794 1
126 820 1
126 843 1
126 921 1
126 965 1
126 1068 1
126 1140 1
126 1147 1
126 1216 1
126 1250 1
126 1342 1
126 1494 1
126 1556 1
126 1757 1
126 1768 1
127 599 1
128 164 1
128 234 1
128 429 1
128 512 1
128 704 1
128 1421 1
128 1522 1
128 1770 1
129 151 1
129 187 1
129 189 1
129 240 1
129 253 1
129 275 1
129 702 1
129 813 1
129 916 1
129 974 1
129 1195 1
129 1376 1
129 1448 1
129 1571 1
129 1608 1
130 170 1
130 224 1
130 244 1
130 346 1
130 776 1
130 1082 1
131 185 1
131 270 1
131 387 1
131 484 1
131 857 1
131 940 1
131 1093 1
131 1311 1
131 1379 1
131 1395 1
131 1421 1
131 1440 1
131 1578 1
131 1714 1
132 392 1
132 464 1
132 838 1
132 1105 1
132 1118 1
132 1377 1
132 1495 1
132 1501 1
132 1643 1
133 229 1
133 463 1
133 680 1
134 167 1
134 230 1
134 379 1
134 390 1
134 417 1
134 483 1
134 487 1
134 547 1
134 965 1
134 1004 1
134 1010 1
134 1017 1
134 1061 1
134 1095 1
134 1292 1
134 1419 1
134 1441 1
134 1455 1
134 1619 1
134 1643 1
134 1661 1
135 450 1
135 634 1
135 951 1
135 1021 1
135 1260 1
135 1262 1
135 1329 1
136 217 1
136 247 1
136 253 1
136 410 1
136 535 1
136 607 1
136 679 1
136 691 1
136 754 1
136 837 1
136 988 1
136 1027 1
136 1028 1
136 1202 1
136 1307 1
137 235 1
137 248 1
137 491 1
137 540 1
137 658 1
137 825 1
137 1432 1
137 1509 1
138 218 1
138 298 1
138 398 1
138 441 1
138 451 1
138 468 1
138 559 1
138 662 1
138 729 1
138 1051 1
138 1072 1
138 1322 1
138 1338 1
138 1344 1
138 1491 1
138 1537 1
138 1583 1
139 150 1
139 200 1
139 207 1
139 208 1
139 291 1
139 397 1
139 433 1
139 527 1
139 606 1
139 623 1
139 941 1
139 1032 1
139 1057 1
139 1339 1
139 1767 1
140 166 1
140 258 1
140 408 1
140 426 1
140 622 1
140 646 1
140 795 1
140 815 1
140 865 1
140 1247 1
140 1371 1
140 1408 1
140 1454 1
140 1520 1
141 187 1
141 196 1
141 407 1
141 442 1
141 1299 1
141 1699 1
141 1717 1
142 206 1
142 238 1
142 563 1
142 581 1
142 931 1
142 954 1
142 1044 1
142 1045 1
142 1116 1
142 1167 1
142 1294 1
142 1435 1
142 1629 1
143 232 1
143 588 1
143 599 1
143 690 1
143 761 1
143 868 1
143 1517 1
143 1585 1
143 1695 1
144 197 1
144 318 1
144 328 1
144 885 1
145 220 1
145 248 1
145 309 1
145 335 1
145 442 1
145 477 1
145 524 1
145 725 1
145 912 1
145 999 1
145 1047 1
145 1225 1
145 1251 1
145 1313 1
145 1535 1
145 1583 1
145 1624 1
146 289 1
146 344 1
146 446 1
146 523 1
146 527 1
146 649 1
146 660 1
146 809 1
146 914 1
146 1018 1
146 1150 1
146 1383 1
146 1481 1
147 188 1
147 267 1
147 484 1
147 495 1
147 518 1
147 618 1
147 737 1
147 833 1
147 835 1
147 908 1
147 1226 1
147 1426 1
147 1664 1
147 1759 1
147 1798 1
148 182 1
148 198 1
148 336 1
148 780 1
148 795 1
148 805 1
148 1155 1
148 1297 1
148 1529 1
149 182 1
149 239 1
149 241 1
149 323 1
149 356 1
149 377 1
149 415 1
149 416 1
149 659 1
149 676 1
149 823 1
149 849 1
149 905 1
149 983 1
149 1036 1
149 1049 1
149 1170 1
149 1199 1
149 1287 1
149 1336 1
149 1469 1
149 1613 1
149 1618 1
150 320 1
150 326 1
150 411 1
150 424 1
150 468 1
150 498 1
150 672 1
150 813 1
150 826 1
150 930 1
150 1053 1
150 1122 1
150 1202 1
150 1209 1
150 1564 1
151 244 1
151 245 1
151 446 1
151 479 1
151 1156 1
151 1402 1
152 397 1
152 413 1
152 1471 1
152 1488 1
152 1498 1
152 1632 1
153 310 1
153 348 1
153 784 1
153 1091 1
153 1381 1
154 174 1
154 755 1
155 356 1
155 746 1
155 827 1
155 1059 1
156 192 1
156 275 1
156 377 1
156 546 1
156 604 1
156 1264 1
156 1657 1
156 1756 1
157 192 1
157 616 1
157 745 1
157 782 1
157 879 1
157 1095 1
157 1118 1
157 1164 1
157 1356 1
158 221 1
158 586 1
158 739 1
158 1250 1
159 217 1
159 330 1
159 337 1
159 343 1
159 393 1
159 506 1
159 624 1
159 716 1
159 994 1
159 1478 1
159 1591 1
160 811 1
160 812 1
160 917 1
160 1720 1
161 406 1
161 492 1
161 606 1
161 1006 1
161 1129 1
161 1189 1
161 1314 1
161 1343 1
161 1369 1
161 1538 1
161 1655 1
162 337 1
163 322 1
163 330 1
163 338 1
163 560 1
163 964 1
163 1069 1
163 1089 1
163 1269 1
163 1312 1
163 1736 1
164 293 1
164 322 1
164 374 1
164 625 1
164 946 1
165 171 1
165 190 1
165 261 1
165 310 1
165 511 1
165 624 1
165 722 1
165 899 1
165 1078 1
165 1224 1
165 1410 1
165 1700 1
166 200 1
166 225 1
166 240 1
166 245 1
166 278 1
166 287 1
166 296 1
166 329 1
166 483 1
166 670 1
166 690 1
166 737 1
166 926 1
166 977 1
166 992 1
166 1020 1
166 1039 1
166 1122 1
166 1240 1
166 1249 1
166 1579 1
167 250 1
167 288 1
167 301 1
167 784 1
167 1019 1
167 1488 1
167 1588 1
167 1677 1
168 266 1
168 300 1
168 345 1
168 347 1
168 348 1
168 395 1
168 397 1
168 519 1
168 700 1
168 983 1
169 239 1
169 329 1
169 344 1
169 455 1
169 477 1
169 542 1
169 543 1
169 735 1
169 866 1
169 1015 1
169 1514 1
169 1521 1
169 1575 1
170 215 1
170 276 1
170 393 1
170 468 1
170 586 1
170 1163 1
170 1216 1
170 1355 1
170 1417 1
170 1572 1
171 314 1
171 385 1
171 481 1
171 550 1
171 649 1
171 812 1
171 824 1
171 910 1
171 913 1
171 922 1
171 1205 1
171 1297 1
171 1299 1
172 195 1
172 250 1
172 369 1
172 454 1
172 545 1
172 1123 1
173 409 1
173 512 1
173 526 1
173 604 1
173 652 1
173 763 1
173 1238 1
173 1571 1
174 545 1
174 859 1
175 303 1
175 801 1
175 1133 1
175 1268 1
176 555 1
176 594 1
176 632 1
176 684 1
176 1009 1
176 1079 1
176 1087 1
176 1091 1
176 1282 1
176 1411 1
177 209 1
177 325 1
177 389 1
177 693 1
177 751 1
177 903 1
177 1036 1
177 1071 1
177 1378 1
177 1689 1
178 192 1
178 211 1
178 286 1
178 381 1
178 414 1
178 469 1
178 498 1
178 508 1
178 612 1
178 629 1
178 723 1
178 724 1
178 771 1
178 948 1
178 995 1
178 1066 1
178 1106 1
178 1549 1
178 1721 1
178 1740 1
178 1794 1
179 281 1
179 411 1
179 459 1
179 548 1
179 673 1
179 769 1
179 851 1
179 1293 1
179 1367 1
179 1563 1
180 181 1
180 219 1
180 256 1
180 369 1
180 518 1
180 674 1
180 718 1
180 796 1
180 891 1
180 960 1
180 973 1
180 992 1
180 1095 1
180 1203 1
180 1504 1
180 1647 1
180 1656 1
181 183 1
181 305 1
181 335 1
181 766 1
181 806 1
181 1746 1
182 196 1
182 617 1
182 785 1
182 821 1
182 853 1
182 980 1
182 1029 1
182 1102 1
182 1201 1
182 1430 1
182 1659 1
182 1701 1
182 1784 1
183 565 1
183 607 1
183 1208 1
183 1386 1
184 399 1
184 419 1
184 1225 1
184 1341 1
184 1439 1
185 267 1
185 388 1
185 714 1
185 1231 1
186 377 1
186 893 1
186 925 1
186 1480 1
187 232 1
187 341 1
187 499 1
187 527 1
187 746 1
187 1268 1
187 1492 1
188 218 1
188 487 1
188 862 1
188 1057 1
188 1170 1
188 1319 1
188 1754 1
189 262 1
189 273 1
189 337 1
189 639 1
189 651 1
189 665 1
189 1002 1
189 1162 1
189 1413 1
189 1416 1
189 1509 1
189 1529 1
189 1727 1
190 198 1
190 427 1
190 428 1
190 436 1
190 904 1
190 1012 1
190 1205 1
190 1209 1
190 1450 1
190 1515 1
191 469 1
191 692 1
191 1295 1
191 1453 1
191 1503 1
191 1559 1
191 1758 1
191 1777 1
192 294 1
192 357 1
192 409 1
192 425 1
192 699 1
192 781 1
192 821 1
192 874 1
192 990 1
192 1104 1
192 1198 1
192 1480 1
192 1546 1
192 1552 1
192 1598 1
193 470 1
193 538 1
193 593 1
193 713 1
193 744 1
193 919 1
193 973 1
193 1266 1
193 1594 1
193 1713 1
194 247 1
194 315 1
194 540 1
194 610 1
194 907 1
194 1466 1
194 1744 1
194 1749 1
195 426 1
195 478 1
195 684 1
196 296 1
196 334 1
197 232 1
197 272 1
197 309 1
197 327 1
197 350 1
197 444 1
197 483 1
197 574 1
197 581 1
197 727 1
197 1114 1
197 1531 1
197 1702 1
198 317 1
198 402 1
198 455 1
198 534 1
198 578 1
198 698 1
198 1460 1
198 1513 1
198 1714 1
198 1772 1
199 1291 1
200 335 1
200 422 1
200 1404 1
200 1606 1
201 418 1
201 690 1
202 403 1
202 486 1
202 528 1
202 599 1
202 768 1
202 828 1
202 877 1
202 900 1
202 1043 1
202 1166 1
202 1262 1
202 1350 1
202 1429 1
202 1531 1
203 243 1
203 299 1
203 513 1
203 638 1
203 724 1
203 989 1
203 993 1
203 1179 1
203 1597 1
204 323 1
204 350 1
204 582 1
204 625 1
204 770 1
204 826 1
204 1420 1
205 247 1
205 297 1
205 340 1
205 466 1
205 752 1
205 1135 1
205 1233 1
205 1432 1
206 237 1
206 267 1
206 304 1
206 410 1
206 481 1
206 585 1
206 646 1
206 663 1
206 822 1
206 945 1
206 1000 1
206 1207 1
206 1363 1
206 1433 1
206 1519 1
206 1669 1
206 1767 1
206 1793 1
207 255 1
207 932 1
207 1214 1
207 1789 1
208 216 1
208 627 1
208 969 1
208 1333 1
208 1412 1
208 1558 1
209 213 1
209 236 1
209 332 1
209 422 1
209 568 1
209 948 1
209 1011 1
209 1123 1
209 1278 1
210 372 1
210 447 1
210 462 1
210 515 1
210 654 1
210 933 1
211 589 1
211 590 1
211 642 1
211 725 1
211 1251 1
211 1630 1
212 264 1
212 408 1
212 618 1
212 865 1
212 1022 1
213 305 1
213 438 1
213 440 1
213 609 1
213 778 1
213 842 1
213 957 1
213 966 1
213 1063 1
213 1152 1
213 1155 1
214 227 1
214 249 1
214 394 1
214 428 1
214 445 1
214 531 1
214 750 1
214 895 1
214 1334 1
215 255 1
215 302 1
215 766 1
215 842 1
215 874 1
215 908 1
215 1210 1
215 1524 1
215 1755 1
216 268 1
216 811 1
216 884 1
216 902 1
216 1333 1
216 1623 1
217 711 1
217 1193 1
217 1730 1
218 457 1
218 813 1
218 1588 1
219 449 1
219 500 1
219 524 1
219 530 1
219 680 1
219 795 1
219 1149 1
219 1544 1
220 224 1
220 774 1
220 896 1
220 1062 1
221 287 1
221 319 1
221 328 1
221 394 1
221 425 1
221 436 1
221 472 1
221 554 1
221 658 1
221 817 1
221 844 1
221 882 1
221 1082 1
221 1254 1
221 1395 1
221 1541 1
222 341 1
222 753 1
222 1231 1
222 1352 1
222 1457 1
222 1502 1
222 1540 1
222 1583 1
223 234 1
223 415 1
223 430 1
223 509 1
223 510 1
223 601 1
223 639 1
223 941 1
223 986 1
223 1290 1
223 1406 1
223 1417 1
223 1425 1
223 1455 1
224 1008 1
225 737 1
225 771 1
225 870 1
225 892 1
225 1009 1
225 1140 1
225 1156 1
225 1190 1
226 246 1
226 270 1
226 549 1
226 648 1
226 833 1
226 1270 1
226 1295 1
226 1606 1
227 1023 1
227 1392 1
228 285 1
228 629 1
228 681 1
228 798 1
228 1423 1
228 1439 1
229 273 1
229 1064 1
229 1178 1
229 1200 1
229 1450 1
229 1669 1
229 1722 1
230 1564 1
231 251 1
231 284 1
231 368 1
231 460 1
231 512 1
231 766 1
231 796 1
231 916 1
231 953 1
231 1256 1
231 1260 1
231 1281 1
231 1306 1
231 1343 1
231 1523 1
232 443 1
232 614 1
232 890 1
232 1148 1
232 1417 1
232 1747 1
233 608 1
233 612 1
233 698 1
233 854 1
233 989 1
233 1012 1
233 1463 1
233 1506 1
233 1793 1
234 562 1
234 877 1
234 1460 1
234 1668 1
235 286 1
235 517 1
235 1302 1
235 1351 1
235 1528 1
236 708 1
236 713 1
236 898 1
236 1288 1
236 1323 1
236 1365 1
236 1528 1
236 1551 1
237 425 1
237 479 1
237 588 1
237 608 1
237 646 1
237 824 1
237 1044 1
237 1182 1
237 1675 1
238 467 1
238 487 1
238 1319 1
238 1735 1
239 269 1
239 453 1
239 590 1
239 726 1
239 1427 1
239 1602 1
239 1693 1
240 308 1
240 1566 1
241 320 1
241 642 1
241 727 1
241 849 1
241 936 1
241 943 1
241 1097 1
241 1678 1
242 253 1
242 258 1
242 351 1
242 375 1
242 439 1
242 441 1
242 455 1
242 608 1
242 863 1
242 905 1
242 967 1
242 1385 1
242 1507 1
242 1611 1
242 1670 1
243 341 1
243 354 1
243 414 1
243 601 1
243 716 1
243 1102 1
243 1359 1
243 1674 1
243 1705 1
244 245 1
244 300 1
244 779 1
245 417 1
246 297 1
246 318 1
246 343 1
246 372 1
246 457 1
246 496 1
246 535 1
246 640 1
246 682 1
246 726 1
246 771 1
246 778 1
246 1034 1
246 1110 1
246 1730 1
247 862 1
247 1184 1
247 1286 1
247 1489 1
247 1498 1
247 1516 1
248 396 1
248 415 1
248 1358 1
248 1406 1
248 1458 1
249 254 1
249 400 1
249 1099 1
249 1214 1
249 1482 1
249 1496 1
250 553 1
250 582 1
250 707 1
250 755 1
250 816 1
250 863 1
250 1286 1
250 1618 1
250 1739 1
251 354 1
251 358 1
251 1466 1
252 275 1
252 1240 1
252 1252 1
252 1492 1
252 1732 1
253 423 1
253 477 1
253 489 1
253 595 1
253 672 1
253 743 1
253 787 1
253 861 1
253 959 1
253 1127 1
253 1250 1
253 1340 1
253 1560 1
254 633 1
254 1227 1
255 416 1
255 444 1
255 582 1
255 603 1
255 1246 1
256 366 1
256 395 1
256 511 1
256 838 1
256 860 1
256 1388 1
256 1474 1
256 1475 1
256 1504 1
256 1521 1
256 1582 1
256 1793 1
257 280 1
257 635 1
257 761 1
257 894 1
257 1179 1
257 1222 1
257 1605 1
257 1643 1
257 1779 1
258 295 1
258 373 1
258 492 1
258 831 1
258 987 1
258 1021 1
258 1088 1
258 1648 1
259 400 1
259 645 1
260 274 1
260 313 1
260 455 1
260 505 1
260 543 1
260 1066 1
260 1494 1
261 533 1
261 1763 1
262 499 1
262 641 1
262 890 1
262 1056 1
262 1544 1
263 385 1
263 404 1
263 562 1
263 689 1
263 776 1
263 917 1
263 1046 1
264 282 1
264 289 1
264 386 1
264 441 1
264 605 1
264 665 1
264 709 1
264 826 1
264 979 1
264 1060 1
264 1277 1
264 1309 1
264 1786 1
264 1795 1
265 334 1
265 575 1
265 1017 1
265 1123 1
265 1555 1
266 604 1
266 810 1
267 497 1
267 574 1
267 746 1
267 1366 1
267 1684 1
268 836 1
268 984 1
268 1203 1
268 1798 1
269 421 1
269 508 1
269 521 1
269 715 1
269 978 1
269 1190 1
269 1328 1
269 1365 1
269 1379 1
269 1628 1
270 600 1
270 717 1
271 362 1
271 474 1
271 505 1
271 598 1
271 850 1
271 998 1
271 1063 1
271 1594 1
271 1644 1
271 1736 1
271 1799 1
272 1767 1
273 290 1
273 413 1
273 427 1
273 668 1
273 933 1
273 1045 1
273 1407 1
273 1785 1
274 1218 1
274 1301 1
274 1467 1
275 278 1
275 341 1
275 613 1
275 669 1
275 857 1
275 906 1
276 551 1
276 733 1
276 1189 1
276 1510 1
277 318 1
277 390 1
277 404 1
277 544 1
277 583 1
277 697 1
277 711 1
277 791 1
277 834 1
277 841 1
277 1004 1
277 1426 1
277 1765 1
278 575 1
278 835 1
278 883 1
278 1040 1
279 793 1
281 295 1
281 398 1
281 456 1
281 566 1
281 811 1
281 972 1
281 1272 1
281 1651 1
282 870 1
283 669 1
283 1395 1
283 1546 1
283 1761 1
284 290 1
284 347 1
284 1584 1
284 1615 1
285 474 1
285 862 1
286 294 1
286 815 1
286 1550 1
286 1751 1
287 342 1
287 628 1
288 501 1
288 678 1
288 895 1
288 1277 1
288 1288 1
289 316 1
289 396 1
289 432 1
289 548 1
289 578 1
289 581 1
289 1301 1
289 1360 1
290 292 1
290 327 1
290 465 1
290 495 1
290 560 1
290 622 1
290 764 1
290 786 1
290 934 1
290 1405 1
290 1598 1
291 323 1
291 411 1
291 478 1
291 489 1
291 507 1
291 817 1
291 835 1
291 1101 1
291 1132 1
292 312 1
292 377 1
292 558 1
292 607 1
292 613 1
292 747 1
292 910 1
292 1253 1
292 1571 1
292 1692 1
293 297 1
293 334 1
293 504 1
293 675 1
293 782 1
293 814 1
293 976 1
293 1136 1
293 1425 1
293 1622 1
294 358 1
294 418 1
294 443 1
294 490 1
294 538 1
294 545 1
294 593 1
294 620 1
294 635 1
294 966 1
294 1070 1
294 1080 1
294 1111 1
294 1300 1
294 1364 1
294 1474 1
294 1480 1
294 1584 1
294 1676 1
294 1710 1
295 370 1
295 472 1
295 707 1
295 913 1
295 987 1
295 1160 1
295 1348 1
295 1356 1
296 375 1
296 380 1
296 388 1
296 404 1
296 538 1
296 639 1
296 904 1
296 1110 1
296 1624 1
297 428 1
297 444 1
298 320 1
298 333 1
298 402 1
298 522 1
298 906 1
298 1127 1
298 1234 1
298 1275 1
299 347 1
299 351 1
299 488 1
299 567 1
299 571 1
299 576 1
299 634 1
299 641 1
299 993 1
299 996 1
299 1527 1
299 1545 1
300 472 1
300 539 1
300 739 1
300 881 1
300 1157 1
300 1551 1
300 1677 1
302 321 1
302 370 1
302 459 1
302 789 1
302 1196 1
303 347 1
303 1010 1
304 1491 1
304 1522 1
304 1638 1
304 1723 1
305 324 1
305 1377 1
306 709 1
306 729 1
306 777 1
306 884 1
306 998 1
306 1034 1
306 1428 1
306 1466 1
307 329 1
307 339 1
307 416 1
307 1206 1
307 1229 1
307 1444 1
307 1650 1
308 1024 1
308 1135 1
308 1362 1
309 425 1
309 457 1
309 477 1
309 616 1
309 644 1
309 688 1
309 694 1
309 695 1
309 732 1
309 780 1
309 788 1
309 955 1
309 1061 1
309 1129 1
309 1143 1
309 1196 1
309 1400 1
309 1476 1
309 1641 1
309 1747 1
310 394 1
310 409 1
310 424 1
310 802 1
310 913 1
310 1224 1
311 314 1
311 596 1
311 1093 1
311 1315 1
311 1390 1
312 324 1
312 356 1
312 361 1
312 553 1
312 611 1
312 751 1
312 829 1
312 947 1
312 1051 1
312 1338 1
312 1416 1
313 340 1
313 376 1
313 588 1
313 601 1
313 614 1
313 804 1
313 811 1
313 997 1
313 1238 1
313 1318 1
313 1434 1
313 1468 1
313 1691 1
313 1789 1
314 355 1
314 687 1
314 840 1
314 935 1
314 1179 1
314 1255 1
314 1285 1
314 1414 1
314 1763 1
315 1422 1
316 351 1
316 569 1
316 578 1
316 626 1
316 736 1
316 807 1
316 1118 1
316 1659 1
317 365 1
317 705 1
317 800 1
317 812 1
317 1027 1
317 1656 1
317 1664 1
317 1695 1
318 368 1
318 453 1
318 632 1
318 778 1
319 343 1
319 363 1
319 742 1
319 1037 1
319 1049 1
319 1346 1
319 1471 1
319 1505 1
320 759 1
320 906 1
320 1191 1
320 1206 1
321 476 1
321 864 1
322 330 1
322 383 1
322 494 1
322 772 1
322 925 1
322 1046 1
322 1403 1
323 1239 1
324 342 1
324 851 1
324 1376 1
325 965 1
325 1280 1
326 403 1
326 1680 1
326 1765 1
326 1791 1
327 544 1
327 1005 1
328 364 1
328 408 1
328 923 1
328 1037 1
328 1686 1
329 363 1
329 558 1
329 759 1
329 1458 1
329 1590 1
330 448 1
330 580 1
330 659 1
330 932 1
330 1187 1
330 1442 1
330 1734 1
331 533 1
331 1010 1
331 1067 1
331 1415 1
331 1487 1
331 1647 1
331 1728 1
332 952 1
332 1001 1
332 1175 1
333 903 1
333 1331 1
333 1587 1
333 1622 1
333 1653 1
333 1686 1
333 1790 1
333 1796 1
335 384 1
335 422 1
335 424 1
335 463 1
335 466 1
335 545 1
335 694 1
335 1047 1
335 1052 1
337 489 1
337 664 1
338 897 1
338 972 1
338 1534 1
338 1657 1
339 584 1
339 590 1
339 740 1
339 876 1
339 988 1
339 1064 1
339 1183 1
339 1529 1
339 1658 1
340 359 1
340 428 1
340 611 1
340 889 1
340 964 1
340 1135 1
340 1620 1
341 627 1
341 770 1
341 1512 1
341 1532 1
341 1604 1
341 1781 1
342 1182 1
342 1232 1
342 1505 1
342 1718 1
343 357 1
343 380 1
343 565 1
343 686 1
343 1151 1
343 1237 1
343 1353 1
343 1400 1
343 1662 1
344 636 1
344 1389 1
345 434 1
345 522 1
345 828 1
345 1621 1
346 537 1
346 541 1
346 859 1
346 892 1
346 936 1
347 1380 1
347 1679 1
348 557 1
348 679 1
348 757 1
348 941 1
348 1514 1
349 613 1
349 695 1
349 810 1
349 820 1
349 879 1
349 995 1
349 1209 1
349 1290 1
349 1374 1
349 1449 1
349 1661 1
349 1738 1
350 706 1
350 1273 1
351 470 1
351 630 1
351 640 1
351 1688 1
351 1719 1
352 369 1
352 435 1
352 519 1
352 1325 1
352 1653 1
353 396 1
353 451 1
353 576 1
353 580 1
353 832 1
353 1253 1
353 1469 1
354 439 1
354 614 1
354 840 1
354 1475 1
354 1667 1
355 386 1
355 515 1
355 657 1
355 691 1
355 747 1
355 780 1
355 818 1
355 1469 1
355 1688 1
356 585 1
356 598 1
356 696 1
357 435 1
357 595 1
357 686 1
357 794 1
357 838 1
357 1349 1
358 480 1
358 1164 1
358 1500 1
359 416 1
359 419 1
359 833 1
360 623 1
360 1467 1
361 369 1
361 497 1
361 788 1
361 893 1
361 974 1
361 1122 1
362 363 1
362 466 1
362 888 1
362 1029 1
362 1307 1
362 1609 1
362 1644 1
362 1693 1
363 788 1
363 1023 1
364 438 1
364 497 1
364 680 1
364 975 1
364 992 1
364 1081 1
364 1302 1
364 1343 1
364 1409 1
364 1661 1
365 401 1
365 484 1
365 653 1
365 781 1
365 954 1
365 1109 1
366 1587 1
367 539 1
367 565 1
367 587 1
367 640 1
367 1061 1
367 1146 1
368 1010 1
368 1151 1
368 1198 1
368 1274 1
369 454 1
369 612 1
369 680 1
369 864 1
369 1394 1
369 1530 1
369 1729 1
370 406 1
370 465 1
370 503 1
370 516 1
370 552 1
370 582 1
370 1160 1
370 1297 1
370 1539 1
371 645 1
371 714 1
371 749 1
371 802 1
371 1121 1
371 1258 1
371 1281 1
371 1364 1
371 1580 1
372 378 1
372 432 1
372 682 1
372 704 1
372 762 1
372 1363 1
372 1551 1
372 1692 1
372 1725 1
373 586 1
373 765 1
373 773 1
373 993 1
373 1094 1
374 451 1
374 1128 1
374 1139 1
374 1201 1
374 1262 1
374 1271 1
374 1703 1
374 1761 1
375 1320 1
376 403 1
376 431 1
376 458 1
376 749 1
376 785 1
376 961 1
377 800 1
377 845 1
377 918 1
377 1131 1
377 1243 1
377 1470 1
377 1576 1
377 1737 1
378 621 1
378 1193 1
379 781 1
379 1727 1
380 1421 1
381 815 1
381 887 1
381 899 1
381 1128 1
381 1375 1
381 1416 1
381 1534 1
382 1536 1
383 1595 1
384 441 1
384 532 1
384 1568 1
386 456 1
386 756 1
386 1393 1
387 893 1
388 1110 1
389 464 1
389 652 1
389 710 1
389 1259 1
389 1353 1
389 1543 1
389 1550 1
390 491 1
390 629 1
390 1176 1
391 883 1
393 430 1
393 989 1
393 1096 1
394 556 1
394 621 1
394 732 1
394 961 1
394 1017 1
394 1041 1
394 1133 1
394 1154 1
394 1441 1
394 1788 1
395 708 1
395 1220 1
395 1627 1
396 507 1
396 602 1
396 653 1
396 708 1
396 717 1
396 736 1
396 818 1
396 1086 1
396 1174 1
397 528 1
397 535 1
397 606 1
398 470 1
398 503 1
398 1079 1
398 1324 1
398 1494 1
399 520 1
399 814 1
399 1317 1
399 1364 1
400 882 1
400 911 1
400 1520 1
401 847 1
401 869 1
402 752 1
402 1335 1
402 1581 1
403 471 1
404 436 1
404 484 1
404 878 1
404 1431 1
404 1574 1
405 447 1
405 731 1
405 939 1
405 1371 1
406 798 1
407 1326 1
407 1469 1
407 1764 1
408 421 1
408 792 1
408 867 1
409 474 1
409 597 1
409 1185 1
409 1210 1
409 1483 1
410 674 1
410 696 1
410 750 1
410 901 1
411 451 1
411 632 1
411 983 1
411 1116 1
411 1569 1
412 414 1
412 415 1
412 507 1
412 605 1
412 655 1
412 985 1
412 1097 1
412 1445 1
412 1649 1
412 1783 1
413 460 1
413 597 1
413 822 1
413 952 1
413 1032 1
413 1646 1
414 599 1
414 660 1
414 769 1
414 1130 1
414 1272 1
415 758 1
415 937 1
415 1651 1
416 650 1
417 743 1
417 760 1
417 1659 1
417 1694 1
417 1772 1
418 431 1
418 963 1
418 1261 1
420 723 1
422 1082 1
422 1576 1
423 1031 1
423 1185 1
424 458 1
424 497 1
424 522 1
424 525 1
424 527 1
424 840 1
424 856 1
424 882 1
424 990 1
424 1072 1
424 1108 1
424 1182 1
424 1545 1
424 1693 1
424 1695 1
426 468 1
426 622 1
426 836 1
426 1020 1
426 1152 1
426 1253 1
426 1626 1
426 1646 1
426 1652 1
427 683 1
427 692 1
427 812 1
427 1070 1
427 1078 1
427 1205 1
428 1006 1
428 1508 1
429 663 1
429 696 1
429 973 1
430 957 1
430 1038 1
430 1514 1
430 1555 1
430 1648 1
431 562 1
431 644 1
431 949 1
431 1200 1
431 1474 1
431 1671 1
432 463 1
432 634 1
432 853 1
432 1000 1
432 1497 1
433 933 1
433 1003 1
433 1233 1
433 1249 1
435 585 1
435 762 1
435 963 1
436 597 1
436 670 1
436 765 1
436 894 1
436 1086 1
436 1115 1
436 1481 1
437 456 1
437 479 1
437 871 1
437 1348 1
437 1768 1
438 490 1
438 762 1
438 1420 1
439 456 1
439 475 1
439 623 1
439 805 1
439 1146 1
439 1172 1
439 1322 1
439 1560 1
439 1613 1
439 1713 1
440 1734 1
441 457 1
441 684 1
441 730 1
441 899 1
441 917 1
441 1158 1
441 1385 1
441 1696 1
441 1774 1
442 636 1
442 662 1
442 749 1
442 928 1
442 982 1
442 1033 1
442 1625 1
442 1685 1
442 1701 1
443 751 1
443 953 1
443 1505 1
444 510 1
444 726 1
444 831 1
444 1189 1
444 1495 1
444 1549 1
444 1716 1
445 524 1
445 1049 1
446 914 1
446 1052 1
447 466 1
447 837 1
447 1292 1
447 1327 1
447 1373 1
448 485 1
448 489 1
448 677 1
448 725 1
448 852 1
448 1413 1
448 1451 1
449 499 1
449 538 1
449 656 1
449 1284 1
449 1470 1
450 1059 1
450 1221 1
450 1309 1
450 1336 1
451 510 1
451 557 1
451 593 1
451 700 1
451 719 1
451 859 1
451 1075 1
451 1225 1
451 1316 1
451 1332 1
451 1709 1
452 471 1
452 490 1
452 502 1
452 640 1
452 804 1
452 1072 1
452 1080 1
452 1165 1
452 1745 1
453 705 1
453 739 1
453 777 1
453 1204 1
453 1347 1
453 1593 1
453 1597 1
454 750 1
454 1032 1
454 1415 1
455 605 1
455 1060 1
455 1696 1
456 1034 1
457 553 1
457 554 1
457 713 1
457 891 1
457 986 1
457 1057 1
457 1121 1
457 1640 1
458 569 1
458 686 1
458 1791 1
459 619 1
459 759 1
459 805 1
459 820 1
459 956 1
459 1066 1
459 1236 1
459 1453 1
459 1613 1
459 1731 1
460 693 1
460 971 1
460 1337 1
461 914 1
461 1027 1
462 516 1
462 760 1
462 856 1
462 1461 1
462 1560 1
462 1724 1
463 616 1
463 1026 1
463 1076 1
463 1526 1
463 1679 1
464 1042 1
464 1495 1
464 1671 1
465 711 1
465 818 1
465 1605 1
465 1726 1
466 742 1
466 864 1
466 896 1
466 1090 1
467 942 1
468 1054 1
468 1088 1
468 1683 1
469 841 1
469 898 1
469 1096 1
469 1405 1
469 1777 1
470 478 1
470 525 1
470 928 1
470 974 1
470 1289 1
470 1294 1
470 1486 1
471 1671 1
472 575 1
472 672 1
472 742 1
472 1323 1
472 1411 1
472 1591 1
473 514 1
473 592 1
473 977 1
473 1190 1
474 573 1
474 1341 1
475 768 1
475 773 1
475 1784 1
476 989 1
476 1169 1
477 1136 1
477 1374 1
477 1381 1
477 1413 1
477 1775 1
478 707 1
478 1020 1
478 1568 1
478 1575 1
478 1683 1
478 1789 1
479 839 1
479 1006 1
479 1209 1
479 1402 1
479 1431 1
480 693 1
480 715 1
480 924 1
480 1443 1
482 561 1
482 949 1
482 958 1
482 988 1
482 1543 1
483 609 1
483 775 1
483 1095 1
483 1263 1
484 556 1
484 605 1
484 1003 1
484 1062 1
484 1131 1
484 1325 1
484 1723 1
485 626 1
485 630 1
485 1303 1
485 1321 1
486 1166 1
486 1723 1
487 526 1
487 666 1
487 810 1
487 958 1
487 1168 1
487 1282 1
488 1422 1
490 562 1
490 1217 1
490 1335 1
490 1771 1
491 1092 1
491 1278 1
492 633 1
492 1129 1
492 1314 1
492 1490 1
493 506 1
493 519 1
493 735 1
493 896 1
493 932 1
493 1024 1
493 1527 1
494 547 1
494 604 1
494 619 1
494 794 1
494 868 1
494 1077 1
494 1378 1
494 1420 1
495 1776 1
496 570 1
496 1112 1
496 1171 1
496 1308 1
496 1620 1
497 522 1
497 1565 1
498 512 1
498 739 1
498 767 1
498 1012 1
498 1253 1
499 696 1
499 798 1
499 1038 1
499 1544 1
500 525 1
500 575 1
500 1093 1
500 1217 1
500 1366 1
500 1381 1
500 1653 1
501 678 1
501 1083 1
502 1094 1
502 1173 1
502 1638 1
502 1670 1
502 1700 1
503 867 1
504 580 1
504 1241 1
505 577 1
505 603 1
505 827 1
505 1013 1
505 1063 1
505 1454 1
505 1484 1
506 589 1
507 818 1
507 1558 1
508 641 1
508 875 1
508 915 1
508 1096 1
508 1373 1
508 1519 1
509 573 1
509 828 1
509 1248 1
509 1511 1
509 1567 1
509 1725 1
510 610 1
510 706 1
510 755 1
510 1223 1
510 1366 1
510 1635 1
511 699 1
512 809 1
512 905 1
512 1071 1
512 1227 1
512 1796 1
513 591 1
513 750 1
513 1368 1
513 1431 1
514 1091 1
514 1248 1
514 1409 1
515 1061 1
516 1065 1
516 1327 1
517 798 1
517 1212 1
517 1642 1
518 797 1
518 867 1
518 1031 1
518 1067 1
518 1113 1
518 1783 1
519 1062 1
519 1587 1
520 1361 1
520 1703 1
520 1718 1
521 1788 1
522 541 1
522 919 1
522 1443 1
522 1463 1
522 1556 1
522 1659 1
523 649 1
523 728 1
523 886 1
523 1042 1
523 1142 1
523 1383 1
524 1604 1
525 1128 1
526 561 1
526 732 1
526 790 1
528 1019 1
529 745 1
529 763 1
529 808 1
529 824 1
529 1067 1
529 1769 1
531 550 1
531 551 1
531 571 1
531 667 1
531 787 1
531 983 1
531 1097 1
531 1355 1
531 1365 1
532 721 1
532 746 1
532 774 1
532 793 1
532 1065 1
532 1075 1
532 1343 1
532 1435 1
532 1453 1
532 1630 1
532 1635 1
533 705 1
533 922 1
533 1013 1
533 1051 1
533 1052 1
533 1485 1
533 1554 1
533 1610 1
534 662 1
534 694 1
534 1173 1
534 1175 1
534 1590 1
534 1645 1
535 636 1
535 663 1
535 800 1
535 1036 1
535 1291 1
536 564 1
536 854 1
536 970 1
537 689 1
537 1057 1
537 1384 1
537 1443 1
537 1654 1
538 1009 1
539 1476 1
539 1617 1
540 1468 1
540 1557 1
541 635 1
541 919 1
541 1162 1
542 1340 1
543 647 1
544 1055 1
544 1257 1
544 1342 1
544 1433 1
544 1434 1
544 1567 1
545 686 1
546 793 1
546 1296 1
546 1574 1
546 1775 1
547 592 1
547 1039 1
547 1468 1
547 1611 1
548 1178 1
548 1211 1
548 1285 1
548 1293 1
548 1578 1
548 1670 1
549 683 1
549 1077 1
549 1216 1
550 704 1
550 785 1
550 866 1
550 1642 1
550 1645 1
551 569 1
551 877 1
551 935 1
551 1001 1
551 1772 1
553 566 1
553 836 1
553 870 1
553 915 1
553 1281 1
553 1438 1
553 1439 1
553 1525 1
554 656 1
554 1452 1
554 1708 1
555 681 1
556 884 1
556 978 1
556 1147 1
556 1370 1
556 1471 1
556 1674 1
556 1719 1
557 703 1
557 948 1
557 1350 1
557 1676 1
559 741 1
559 804 1
559 807 1
559 878 1
559 1273 1
559 1438 1
559 1524 1
560 1228 1
560 1294 1
561 1203 1
562 590 1
562 729 1
562 929 1
563 677 1
563 1208 1
564 1449 1
565 676 1
565 756 1
565 844 1
565 903 1
567 728 1
567 1162 1
568 687 1
568 829 1
568 1260 1
568 1520 1
568 1698 1
569 570 1
569 618 1
569 779 1
569 1394 1
569 1437 1
570 620 1
570 621 1
570 879 1
570 1073 1
570 1088 1
571 868 1
571 1276 1
571 1617 1
571 1697 1
572 800 1
572 1232 1
572 1274 1
572 1278 1
572 1579 1
573 1371 1
573 1445 1
573 1452 1
573 1517 1
573 1565 1
575 1732 1
576 1328 1
577 646 1
577 1167 1
577 1235 1
577 1300 1
577 1542 1
578 673 1
578 794 1
578 801 1
578 1152 1
578 1193 1
578 1533 1
579 724 1
579 850 1
579 1043 1
579 1539 1
580 598 1
580 659 1
580 977 1
580 1184 1
580 1566 1
580 1702 1
581 1721 1
582 631 1
582 653 1
582 994 1
582 1031 1
582 1597 1
583 1255 1
583 1277 1
583 1600 1
584 805 1
584 808 1
584 1368 1
584 1454 1
585 617 1
585 668 1
585 699 1
585 740 1
585 882 1
585 954 1
585 1055 1
585 1080 1
585 1318 1
585 1323 1
585 1621 1
585 1731 1
586 675 1
586 765 1
586 816 1
586 1033 1
586 1154 1
586 1711 1
587 755 1
587 970 1
587 976 1
588 888 1
588 954 1
588 1013 1
588 1507 1
589 734 1
589 779 1
589 894 1
589 1035 1
589 1515 1
589 1654 1
590 1295 1
591 661 1
591 1132 1
591 1370 1
592 1244 1
592 1398 1
592 1607 1
594 855 1
594 891 1
594 1078 1
594 1500 1
595 986 1
596 647 1
596 672 1
596 802 1
596 1003 1
597 951 1
597 980 1
598 1275 1
599 644 1
599 851 1
599 1586 1
599 1710 1
600 683 1
600 1715 1
601 920 1
601 1275 1
602 615 1
602 690 1
602 956 1
602 1022 1
603 1268 1
604 712 1
604 914 1
604 1509 1
604 1546 1
605 984 1
605 1092 1
605 1115 1
606 851 1
606 920 1
606 1521 1
606 1584 1
606 1618 1
607 718 1
607 787 1
607 859 1
607 1496 1
609 1035 1
609 1592 1
610 619 1
610 865 1
610 1022 1
611 642 1
611 926 1
611 1056 1
611 1146 1
611 1261 1
611 1279 1
612 760 1
612 825 1
612 943 1
612 1005 1
612 1180 1
612 1305 1
612 1372 1
612 1393 1
612 1537 1
612 1542 1
612 1576 1
612 1649 1
613 1205 1
613 1374 1
614 748 1
614 1735 1
616 852 1
616 946 1
616 1118 1
616 1299 1
616 1520 1
616 1673 1
617 1191 1
617 1681 1
618 677 1
620 912 1
620 991 1
620 1005 1
620 1561 1
621 843 1
621 1637 1
622 766 1
623 1298 1
623 1573 1
623 1594 1
624 1113 1
624 1199 1
624 1379 1
624 1540 1
625 820 1
625 1221 1
625 1433 1
625 1787 1
626 841 1
626 1091 1
627 845 1
627 1720 1
628 1241 1
628 1642 1
629 1170 1
629 1330 1
629 1351 1
630 638 1
630 1247 1
630 1633 1
631 1728 1
632 748 1
632 910 1
632 950 1
632 1297 1
632 1307 1
632 1773 1
633 650 1
633 856 1
633 1269 1
634 679 1
634 937 1
634 1717 1
634 1797 1
635 1608 1
636 663 1
636 790 1
636 1354 1
637 999 1
638 1080 1
638 1085 1
638 1249 1
639 744 1
639 1162 1
640 832 1
640 839 1
640 1150 1
641 670 1
641 877 1
641 1101 1
642 703 1
644 949 1
644 1577 1
646 777 1
647 1637 1
647 1705 1
647 1758 1
648 1126 1
648 1265 1
648 1595 1
649 886 1
649 1085 1
649 1371 1
649 1573 1
650 731 1
650 1700 1
651 775 1
651 919 1
651 1553 1
652 692 1
652 1263 1
652 1281 1
652 1329 1
653 719 1
653 848 1
653 955 1
653 1204 1
653 1330 1
654 1165 1
655 671 1
655 715 1
655 1146 1
655 1361 1
656 1257 1
658 847 1
659 738 1
659 1273 1
659 1446 1
659 1600 1
660 819 1
661 1030 1
661 1586 1
663 1470 1
664 1715 1
665 709 1
667 754 1
667 929 1
667 1108 1
668 738 1
668 1167 1
668 1284 1
668 1386 1
668 1782 1
669 1496 1
670 1750 1
671 1559 1
672 721 1
672 846 1
672 1393 1
672 1502 1
672 1648 1
673 863 1
673 1389 1
673 1408 1
674 823 1
674 1113 1
674 1229 1
674 1304 1
674 1340 1
674 1446 1
674 1485 1
675 770 1
675 1523 1
676 923 1
676 950 1
676 967 1
676 980 1
676 1217 1
676 1261 1
676 1301 1
677 981 1
677 1149 1
677 1373 1
678 1114 1
678 1284 1
679 720 1
679 891 1
679 969 1
679 1011 1
679 1136 1
679 1178 1
679 1308 1
679 1326 1
679 1493 1
680 753 1
680 1155 1
680 1729 1
681 1074 1
681 1094 1
681 1495 1
681 1608 1
682 732 1
682 883 1
682 958 1
682 967 1
682 1131 1
682 1229 1
683 692 1
683 1527 1
684 950 1
684 1123 1
685 1740 1
686 1641 1
687 700 1
687 776 1
687 935 1
687 1610 1
687 1634 1
687 1682 1
687 1765 1
688 872 1
688 1171 1
688 1383 1
689 774 1
690 1564 1
691 844 1
693 701 1
695 1147 1
695 1368 1
695 1425 1
696 1692 1
697 1342 1
698 758 1
698 785 1
698 848 1
698 854 1
698 938 1
698 1159 1
698 1218 1
698 1596 1
699 791 1
699 803 1
699 1185 1
699 1719 1
700 1610 1
702 1330 1
703 1734 1
703 1744 1
704 1459 1
705 1173 1
705 1272 1
705 1298 1
705 1780 1
706 772 1
706 880 1
706 1465 1
707 1621 1
707 1639 1
708 1359 1
708 1486 1
708 1531 1
708 1778 1
709 953 1
709 1137 1
709 1478 1
709 1632 1
710 751 1
711 1050 1
711 1585 1
711 1708 1
711 1753 1
712 1104 1
712 1232 1
713 1084 1
713 1246 1
714 796 1
714 982 1
714 1583 1
714 1690 1
715 942 1
715 1444 1
716 1287 1
716 1310 1
717 1724 1
719 880 1
719 1303 1
719 1631 1
720 1612 1
721 741 1
721 1081 1
721 1153 1
722 1344 1
723 1766 1
724 930 1
724 1154 1
724 1593 1
725 957 1
725 969 1
725 1215 1
725 1228 1
725 1246 1
725 1535 1
725 1562 1
726 775 1
726 1060 1
726 1179 1
726 1620 1
727 1081 1
727 1125 1
728 749 1
728 976 1
728 1532 1
731 994 1
731 1188 1
731 1315 1
731 1624 1
731 1770 1
732 961 1
734 900 1
734 920 1
734 1006 1
734 1303 1
734 1316 1
734 1660 1
737 892 1
737 1664 1
737 1682 1
738 927 1
738 1296 1
739 880 1
739 915 1
739 1048 1
739 1614 1
739 1633 1
739 1791 1
740 821 1
740 876 1
740 1687 1
741 831 1
741 1069 1
741 1619 1
742 1141 1
743 1730 1
744 916 1
744 1073 1
744 1391 1
745 970 1
745 1105 1
745 1422 1
745 1581 1
745 1615 1
746 875 1
746 1706 1
748 1196 1
748 1428 1
749 871 1
749 1143 1
750 958 1
750 1512 1
751 972 1
751 1626 1
752 839 1
752 861 1
752 1523 1
752 1798 1
753 1112 1
753 1184 1
753 1546 1
754 845 1
754 1537 1
754 1710 1
755 885 1
755 1047 1
755 1059 1
756 1070 1
756 1299 1
756 1353 1
757 959 1
758 814 1
758 857 1
758 927 1
758 1007 1
758 1013 1
758 1690 1
760 792 1
761 1028 1
761 1222 1
762 1138 1
762 1332 1
762 1725 1
763 769 1
763 778 1
763 1174 1
763 1386 1
763 1536 1
763 1610 1
764 860 1
764 1148 1
764 1265 1
765 1086 1
766 1271 1
766 1312 1
768 1015 1
769 1141 1
769 1178 1
771 1098 1
771 1194 1
771 1251 1
774 799 1
774 931 1
774 1000 1
774 1136 1
774 1208 1
774 1455 1
774 1611 1
775 1172 1
777 1124 1
778 837 1
778 1044 1
778 1492 1
778 1655 1
779 999 1
779 1257 1
779 1358 1
779 1499 1
780 788 1
780 1394 1
781 799 1
781 806 1
781 879 1
781 1372 1
781 1752 1
782 792 1
782 1014 1
782 1473 1
783 1177 1
783 1516 1
785 1762 1
787 824 1
787 1161 1
787 1382 1
787 1442 1
787 1550 1
787 1746 1
787 1786 1
788 1153 1
788 1310 1
788 1486 1
788 1760 1
789 825 1
789 1628 1
791 828 1
791 938 1
791 1089 1
792 1286 1
792 1782 1
793 858 1
793 965 1
793 976 1
793 1441 1
794 1401 1
794 1617 1
796 1486 1
796 1501 1
798 1181 1
798 1239 1
799 1105 1
799 1742 1
800 842 1
800 985 1
800 1053 1
800 1460 1
801 1033 1
802 1276 1
802 1728 1
803 947 1
803 1074 1
803 1233 1
804 1188 1
805 1099 1
805 1115 1
805 1529 1
805 1613 1
806 1460 1
807 1252 1
811 1026 1
811 1401 1
812 902 1
812 1383 1
813 1590 1
815 909 1
815 1400 1
816 1021 1
816 1623 1
817 1216 1
817 1269 1
818 1100 1
818 1335 1
818 1390 1
818 1472 1
818 1608 1
820 1290 1
823 1191 1
824 830 1
824 1329 1
824 1410 1
824 1783 1
828 1488 1
829 875 1
829 1159 1
829 1687 1
830 1161 1
830 1224 1
830 1305 1
830 1399 1
831 1002 1
832 1601 1
832 1646 1
832 1799 1
833 1633 1
834 862 1
834 975 1
834 1119 1
834 1677 1
836 847 1
836 995 1
836 1125 1
836 1321 1
836 1561 1
839 1090 1
839 1795 1
841 1076 1
841 1171 1
841 1644 1
843 968 1
843 1393 1
844 937 1
844 1070 1
844 1215 1
846 921 1
846 1457 1
846 1588 1
847 1570 1
848 975 1
848 1566 1
849 1238 1
849 1304 1
850 1163 1
850 1176 1
850 1599 1
852 1119 1
852 1166 1
852 1483 1
852 1493 1
852 1712 1
853 991 1
853 1309 1
854 1191 1
854 1369 1
855 1461 1
855 1536 1
858 1137 1
858 1435 1
858 1441 1
860 1416 1
860 1507 1
861 925 1
861 952 1
861 1119 1
861 1177 1
861 1302 1
861 1437 1
861 1724 1
862 1075 1
862 1444 1
862 1654 1
863 1233 1
863 1258 1
863 1592 1
865 1015 1
865 1392 1
866 934 1
866 1180 1
867 1640 1
868 892 1
868 1527 1
868 1589 1
869 1557 1
870 1132 1
872 903 1
873 928 1
873 1014 1
873 1744 1
874 1204 1
877 987 1
877 1401 1
877 1792 1
879 1087 1
879 1753 1
880 1795 1
881 930 1
882 911 1
882 1198 1
882 1295 1
883 1108 1
883 1727 1
884 964 1
884 985 1
884 1126 1
884 1133 1
884 1263 1
884 1440 1
884 1466 1
884 1483 1
884 1516 1
884 1609 1
884 1681 1
885 1210 1
885 1726 1
886 1186 1
888 1158 1
888 1548 1
888 1657 1
889 979 1
889 1410 1
890 907 1
891 1445 1
892 1280 1
892 1359 1
892 1399 1
892 1483 1
893 1058 1
893 1736 1
894 1035 1
894 1130 1
894 1158 1
897 1207 1
897 1525 1
897 1732 1
898 1526 1
899 962 1
899 1339 1
899 1473 1
899 1484 1
902 1086 1
903 993 1
904 1098 1
904 1573 1
905 1682 1
906 931 1
906 1347 1
907 1155 1
907 1264 1
907 1267 1
907 1430 1
907 1576 1
907 1752 1
910 1197 1
911 912 1
912 1098 1
912 1164 1
912 1237 1
913 1165 1
913 1741 1
914 1311 1
914 1509 1
916 1339 1
918 1110 1
918 1174 1
920 998 1
920 1418 1
921 1289 1
922 1662 1
922 1771 1
923 1028 1
924 1675 1
924 1717 1
925 942 1
925 1166 1
925 1420 1
925 1749 1
926 1259 1
926 1447 1
928 1126 1
928 1528 1
930 945 1
930 988 1
930 1468 1
930 1737 1
931 1182 1
932 1024 1
932 1221 1
932 1548 1
934 1103 1
934 1434 1
934 1719 1
936 1048 1
936 1350 1
938 1706 1
939 1387 1
939 1707 1
940 998 1
945 1042 1
946 1650 1
947 1084 1
947 1320 1
948 1373 1
948 1423 1
948 1426 1
949 1117 1
949 1160 1
949 1210 1
949 1219 1
949 1344 1
949 1549 1
950 1331 1
951 996 1
951 1324 1
951 1462 1
953 1137 1
954 1076 1
956 1011 1
956 1180 1
958 1321 1
958 1456 1
958 1487 1
958 1515 1
958 1581 1
958 1639 1
958 1646 1
958 1665 1
959 1400 1
959 1790 1
960 1185 1
960 1204 1
960 1308 1
960 1415 1
960 1560 1
961 1083 1
961 1518 1
962 1339 1
963 1234 1
966 1145 1
967 1081 1
967 1772 1
969 1753 1
971 1248 1
971 1756 1
972 1019 1
973 1025 1
973 1117 1
973 1292 1
974 1601 1
976 1073 1
978 1781 1
979 1142 1
979 1358 1
979 1448 1
980 1213 1
981 1456 1
983 1532 1
983 1592 1
986 1363 1
986 1380 1
987 1016 1
987 1082 1
987 1370 1
987 1388 1
988 1158 1
988 1176 1
989 1541 1
990 1073 1
990 1102 1
990 1391 1
990 1694 1
990 1757 1
991 1046 1
991 1600 1
991 1638 1
993 1716 1
994 1101 1
995 1125 1
995 1462 1
997 1163 1
997 1181 1
998 1114 1
998 1264 1
998 1661 1
1000 1041 1
1000 1510 1
1000 1597 1
1002 1244 1
1002 1784 1
1003 1144 1
1004 1680 1
1005 1111 1
1006 1206 1
1007 1046 1
1007 1312 1
1007 1616 1
1008 1270 1
1008 1328 1
1008 1541 1
1010 1149 1
1010 1568 1
1011 1014 1
1013 1044 1
1013 1487 1
1016 1112 1
1017 1341 1
1019 1114 1
1019 1116 1
1019 1367 1
1019 1761 1
1020 1215 1
1022 1429 1
1024 1764 1
1029 1107 1
1029 1147 1
1029 1199 1
1030 1228 1
1030 1402 1
1030 1672 1
1031 1417 1
1031 1453 1
1031 1674 1
1031 1746 1
1032 1089 1
1032 1249 1
1034 1718 1
1035 1186 1
1035 1288 1
1035 1313 1
1035 1414 1
1036 1059 1
1038 1043 1
1038 1266 1
1040 1328 1
1042 1050 1
1042 1722 1
1043 1428 1
1043 1548 1
1044 1141 1
1045 1707 1
1046 1157 1
1047 1652 1
1049 1282 1
1049 1335 1
1049 1754 1
1051 1303 1
1051 1338 1
1051 1511 1
1052 1547 1
1056 1197 1
1058 1120 1
1058 1506 1
1059 1577 1
1059 1668 1
1060 1351 1
1060 1777 1
1061 1586 1
1063 1378 1
1063 1432 1
1063 1738 1
1063 1790 1
1064 1666 1
1066 1796 1
1069 1321 1
1070 1375 1
1070 1464 1
1070 1571 1
1072 1710 1
1073 1391 1
1073 1452 1
1073 1757 1
1075 1156 1
1075 1398 1
1075 1552 1
1075 1660 1
1077 1219 1
1078 1385 1
1080 1111 1
1080 1479 1
1081 1389 1
1081 1766 1
1083 1766 1
1084 1137 1
1085 1622 1
1087 1631 1
1088 1245 1
1091 1265 1
1093 1227 1
1093 1721 1
1094 1194 1
1094 1213 1
1094 1584 1
1094 1784 1
1097 1575 1
1098 1484 1
1099 1388 1
1099 1783 1
1100 1403 1
1101 1195 1
1101 1290 1
1101 1415 1
1101 1518 1
1101 1574 1
1102 1139 1
1102 1548 1
1103 1759 1
1104 1599 1
1105 1223 1
1105 1300 1
1107 1742 1
1109 1213 1
1109 1236 1
1109 1422 1
1110 1394 1
1112 1170 1
1115 1341 1
1117 1474 1
1117 1735 1
1118 1245 1
1118 1778 1
1119 1479 1
1119 1504 1
1119 1563 1
1120 1370 1
1120 1481 1
1122 1148 1
1123 1148 1
1123 1472 1
1124 1195 1
1127 1412 1
1128 1477 1
1129 1525 1
1131 1464 1
1131 1510 1
1132 1599 1
1135 1144 1
1135 1198 1
1138 1604 1
1139 1345 1
1139 1774 1
1141 1781 1
1145 1418 1
1145 1603 1
1146 1356 1
1146 1594 1
1147 1596 1
1149 1195 1
1149 1489 1
1151 1461 1
1154 1237 1
1155 1538 1
1156 1177 1
1156 1477 1
1156 1762 1
1158 1413 1
1158 1603 1
1160 1412 1
1161 1464 1
1163 1169 1
1164 1263 1
1164 1357 1
1164 1384 1
1164 1407 1
1165 1611 1
1167 1591 1
1168 1792 1
1170 1475 1
1171 1189 1
1171 1380 1
1171 1455 1
1171 1526 1
1171 1697 1
1171 1758 1
1172 1696 1
1172 1705 1
1174 1658 1
1174 1769 1
1176 1768 1
1177 1302 1
1177 1357 1
1177 1599 1
1178 1207 1
1178 1211 1
1178 1425 1
1179 1296 1
1181 1765 1
1182 1190 1
1182 1301 1
1184 1241 1
1184 1472 1
1184 1787 1
1185 1405 1
1185 1463 1
1193 1360 1
1194 1292 1
1195 1323 1
1195 1512 1
1196 1240 1
1196 1310 1
1196 1794 1
1197 1369 1
1197 1648 1
1198 1454 1
1198 1581 1
1199 1386 1
1200 1311 1
1200 1317 1
1200 1331 1
1204 1254 1
1204 1683 1
1205 1317 1
1205 1635 1
1206 1245 1
1206 1459 1
1206 1761 1
1209 1593 1
1209 1712 1
1212 1782 1
1213 1746 1
1217 1243 1
1218 1405 1
1221 1412 1
1221 1709 1
1222 1404 1
1222 1421 1
1229 1396 1
1229 1733 1
1230 1724 1
1231 1457 1
1231 1800 1
1232 1459 1
1232 1554 1
1234 1379 1
1234 1497 1
1234 1618 1
1235 1284 1
1236 1242 1
1236 1634 1
1236 1771 1
1238 1612 1
1239 1271 1
1239 1511 1
1239 1655 1
1240 1630 1
1240 1742 1
1242 1780 1
1244 1280 1
1244 1332 1
1244 1334 1
1249 1752 1
1251 1563 1
1251 1603 1
1252 1587 1
1253 1616 1
1253 1708 1
1255 1414 1
1255 1568 1
1257 1499 1
1258 1508 1
1258 1580 1
1258 1708 1
1259 1637 1
1260 1510 1
1262 1553 1
1265 1407 1
1266 1743 1
1272 1561 1
1272 1602 1
1272 1662 1
1272 1741 1
1274 1655 1
1277 1345 1
1277 1642 1
1280 1457 1
1280 1582 1
1281 1785 1
1283 1462 1
1283 1530 1
1284 1465 1
1284 1678 1
1288 1331 1
1288 1490 1
1288 1562 1
1289 1687 1
1290 1800 1
1292 1616 1
1293 1433 1
1293 1589 1
1294 1344 1
1296 1660 1
1299 1347 1
1299 1699 1
1303 1532 1
1303 1636 1
1304 1559 1
1305 1348 1
1305 1566 1
1306 1694 1
1313 1704 1
1314 1327 1
1315 1392 1
1316 1671 1
1318 1449 1
1321 1731 1
1324 1490 1
1328 1534 1
1332 1502 1
1332 1749 1
1333 1691 1
1334 1506 1
1334 1799 1
1336 1792 1
1337 1733 1
1339 1713 1
1340 1650 1
1344 1577 1
1345 1625 1
1348 1436 1
1348 1582 1
1348 1699 1
1348 1793 1
1350 1423 1
1351 1645 1
1351 1682 1
1351 1776 1
1352 1463 1
1355 1691 1
1356 1554 1
1357 1524 1
1358 1549 1
1364 1372 1
1368 1569 1
1368 1652 1
1368 1681 1
1368 1716 1
1368 1750 1
1369 1391 1
1371 1685 1
1372 1493 1
1372 1605 1
1374 1479 1
1376 1506 1
1379 1414 1
1379 1703 1
1380 1745 1
1381 1445 1
1381 1449 1
1382 1778 1
1386 1734 1
1392 1533 1
1392 1614 1
1392 1707 1
1392 1779 1
1393 1493 1
1394 1628 1
1396 1404 1
1396 1499 1
1397 1607 1
1399 1404 1
1399 1665 1
1403 1492 1
1403 1567 1
1404 1748 1
1412 1673 1
1413 1782 1
1414 1728 1
1416 1685 1
1417 1530 1
1420 1512 1
1421 1779 1
1425 1797 1
1432 1479 1
1432 1538 1
1433 1522 1
1433 1598 1
1435 1524 1
1442 1748 1
1444 1634 1
1444 1673 1
1444 1750 1
1446 1602 1
1448 1585 1
1449 1689 1
1450 1451 1
1450 1561 1
1458 1781 1
1468 1663 1
1470 1592 1
1477 1555 1
1477 1741 1
1477 1758 1
1477 1763 1
1478 1530 1
1479 1563 1
1481 1572 1
1484 1712 1
1486 1791 1
1488 1750 1
1491 1632 1
1491 1668 1
1492 1709 1
1493 1677 1
1495 1573 1
1497 1701 1
1498 1756 1
1499 1589 1
1501 1725 1
1502 1749 1
1503 1715 1
1507 1518 1
1511 1565 1
1511 1667 1
1512 1558 1
1518 1747 1
1518 1787 1
1521 1547 1
1521 1790 1
1523 1755 1
1526 1727 1
1528 1562 1
1532 1639 1
1536 1614 1
1537 1542 1
1537 1751 1
1537 1794 1
1540 1720 1
1545 1570 1
1545 1707 1
1554 1739 1
1555 1787 1
1558 1778 1
1562 1614 1
1569 1631 1
1569 1716 1
1575 1588 1
1577 1685 1
1581 1643 1
1583 1723 1
1584 1756 1
1586 1637 1
1587 1672 1
1597 1601 1
1597 1726 1
1597 1733 1
1598 1764 1
1599 1638 1
1600 1697 1
1611 1694 1
1612 1676 1
1612 1733 1
1614 1739 1
1617 1709 1
1618 1626 1
1620 1675 1
1621 1672 1
1625 1651 1
1628 1636 1
1632 1663 1
1632 1792 1
1635 1711 1
1645 1651 1
1648 1695 1
1649 1729 1
1667 1770 1
1672 1773 1
1673 1780 1
1701 1744 1
1711 1788 1
1712 1788 1
1714 1785 1
1717 1742 1
1728 1738 1
1728 1743 1
1751 1786 1
1786 1797 1
