700 2783 
1 5 1
1 6 1
1 7 1
1 8 1
1 9 1
1 12 1
1 13 1
1 16 1
1 22 1
1 28 1
1 30 1
1 31 1
1 36 1
1 45 1
1 57 1
1 62 1
1 68 1
1 76 1
1 86 1
1 87 1
1 88 1
1 106 1
1 109 1
1 110 1
1 126 1
1 136 1
1 153 1
1 173 1
1 183 1
1 189 1
1 207 1
1 216 1
1 223 1
1 238 1
1 241 1
1 247 1
1 254 1
1 255 1
1 257 1
1 284 1
1 291 1
1 327 1
1 346 1
1 394 1
1 412 1
1 476 1
1 483 1
1 499 1
1 532 1
1 535 1
1 551 1
1 569 1
1 599 1
1 603 1
1 613 1
1 654 1
1 672 1
1 688 1
2 5 1
2 6 1
2 7 1
2 10 1
2 11 1
2 13 1
2 14 1
2 15 1
2 18 1
2 19 1
2 27 1
2 36 1
2 37 1
2 45 1
2 61 1
2 64 1
2 85 1
2 122 1
2 123 1
2 124 1
2 136 1
2 156 1
2 159 1
2 161 1
2 208 1
2 227 1
2 239 1
2 240 1
2 245 1
2 246 1
2 271 1
2 287 1
2 291 1
2 295 1
2 313 1
2 314 1
2 319 1
2 330 1
2 397 1
2 407 1
2 413 1
2 439 1
2 451 1
2 464 1
2 466 1
2 472 1
2 477 1
2 486 1
2 489 1
2 493 1
2 547 1
2 581 1
2 590 1
2 609 1
2 654 1
2 657 1
3 5 1
3 6 1
3 7 1
3 8 1
3 9 1
3 12 1
3 37 1
3 41 1
3 43 1
3 57 1
3 65 1
3 126 1
3 132 1
3 140 1
3 142 1
3 155 1
3 161 1
3 164 1
3 195 1
3 215 1
3 280 1
3 303 1
3 329 1
3 374 1
3 386 1
3 418 1
3 452 1
3 507 1
3 546 1
3 605 1
3 607 1
3 653 1
3 697 1
4 5 1
4 14 1
4 18 1
4 20 1
4 29 1
4 40 1
4 54 1
4 91 1
4 92 1
4 118 1
4 122 1
4 127 1
4 148 1
4 152 1
4 189 1
4 206 1
4 220 1
4 243 1
4 286 1
4 304 1
4 308 1
4 414 1
4 513 1
4 629 1
5 6 1
5 9 1
5 10 1
5 14 1
5 15 1
5 16 1
5 19 1
5 20 1
5 22 1
5 23 1
5 26 1
5 27 1
5 32 1
5 34 1
5 35 1
5 39 1
5 41 1
5 42 1
5 45 1
5 47 1
5 49 1
5 58 1
5 59 1
5 66 1
5 74 1
5 75 1
5 81 1
5 86 1
5 88 1
5 101 1
5 109 1
5 110 1
5 134 1
5 140 1
5 141 1
5 146 1
5 160 1
5 167 1
5 174 1
5 184 1
5 187 1
5 199 1
5 213 1
5 218 1
5 242 1
5 244 1
5 246 1
5 271 1
5 276 1
5 277 1
5 291 1
5 293 1
5 300 1
5 301 1
5 334 1
5 344 1
5 360 1
5 375 1
5 384 1
5 399 1
5 408 1
5 420 1
5 426 1
5 432 1
5 448 1
5 450 1
5 463 1
5 503 1
5 515 1
5 527 1
5 538 1
5 541 1
5 552 1
5 578 1
5 584 1
5 586 1
5 600 1
5 605 1
5 624 1
5 636 1
5 649 1
5 661 1
6 7 1
6 8 1
6 9 1
6 10 1
6 12 1
6 16 1
6 18 1
6 19 1
6 26 1
6 31 1
6 34 1
6 38 1
6 41 1
6 44 1
6 54 1
6 58 1
6 61 1
6 73 1
6 74 1
6 77 1
6 78 1
6 83 1
6 97 1
6 104 1
6 114 1
6 115 1
6 118 1
6 121 1
6 141 1
6 148 1
6 149 1
6 156 1
6 158 1
6 162 1
6 165 1
6 169 1
6 184 1
6 190 1
6 198 1
6 200 1
6 207 1
6 221 1
6 225 1
6 227 1
6 228 1
6 233 1
6 235 1
6 250 1
6 265 1
6 269 1
6 283 1
6 303 1
6 316 1
6 345 1
6 357 1
6 358 1
6 437 1
6 441 1
6 468 1
6 477 1
6 484 1
6 546 1
6 556 1
6 562 1
6 569 1
6 576 1
6 603 1
6 614 1
6 616 1
6 625 1
6 632 1
6 641 1
6 667 1
6 685 1
6 689 1
7 8 1
7 10 1
7 11 1
7 13 1
7 17 1
7 24 1
7 26 1
7 29 1
7 31 1
7 33 1
7 34 1
7 38 1
7 42 1
7 53 1
7 55 1
7 60 1
7 62 1
7 65 1
7 67 1
7 70 1
7 74 1
7 75 1
7 84 1
7 91 1
7 95 1
7 97 1
7 105 1
7 107 1
7 116 1
7 127 1
7 144 1
7 147 1
7 148 1
7 151 1
7 185 1
7 188 1
7 214 1
7 219 1
7 221 1
7 232 1
7 258 1
7 271 1
7 273 1
7 286 1
7 297 1
7 298 1
7 301 1
7 320 1
7 326 1
7 337 1
7 340 1
7 359 1
7 380 1
7 399 1
7 404 1
7 422 1
7 440 1
7 458 1
7 477 1
7 479 1
7 485 1
7 504 1
7 511 1
7 515 1
7 520 1
7 530 1
7 551 1
7 565 1
7 575 1
7 582 1
7 622 1
7 625 1
7 650 1
7 681 1
7 686 1
8 20 1
8 22 1
8 24 1
8 32 1
8 37 1
8 47 1
8 48 1
8 49 1
8 50 1
8 63 1
8 71 1
8 73 1
8 79 1
8 81 1
8 112 1
8 182 1
8 192 1
8 197 1
8 205 1
8 211 1
8 278 1
8 281 1
8 308 1
8 327 1
8 332 1
8 333 1
8 353 1
8 424 1
8 432 1
8 447 1
8 487 1
8 499 1
8 536 1
8 555 1
8 585 1
8 596 1
8 612 1
8 663 1
9 11 1
9 12 1
9 28 1
9 39 1
9 40 1
9 43 1
9 44 1
9 46 1
9 53 1
9 57 1
9 61 1
9 73 1
9 93 1
9 246 1
9 310 1
9 347 1
9 377 1
9 383 1
9 386 1
9 401 1
9 471 1
9 473 1
9 491 1
9 524 1
9 548 1
9 590 1
9 594 1
9 663 1
10 11 1
10 16 1
10 17 1
10 21 1
10 25 1
10 31 1
10 40 1
10 48 1
10 50 1
10 51 1
10 56 1
10 63 1
10 64 1
10 65 1
10 75 1
10 87 1
10 98 1
10 103 1
10 160 1
10 175 1
10 202 1
10 219 1
10 241 1
10 246 1
10 259 1
10 266 1
10 272 1
10 290 1
10 292 1
10 345 1
10 347 1
10 402 1
10 419 1
10 430 1
10 461 1
10 481 1
10 549 1
10 552 1
10 587 1
10 597 1
10 599 1
10 624 1
11 14 1
11 17 1
11 19 1
11 23 1
11 33 1
11 65 1
11 113 1
11 130 1
11 190 1
11 204 1
11 237 1
11 253 1
11 270 1
11 313 1
11 335 1
11 391 1
11 423 1
11 478 1
11 501 1
11 553 1
12 13 1
12 15 1
12 17 1
12 23 1
12 28 1
12 30 1
12 45 1
12 52 1
12 61 1
12 67 1
12 70 1
12 76 1
12 85 1
12 86 1
12 89 1
12 112 1
12 116 1
12 117 1
12 122 1
12 130 1
12 131 1
12 132 1
12 134 1
12 143 1
12 146 1
12 179 1
12 183 1
12 189 1
12 212 1
12 223 1
12 231 1
12 239 1
12 260 1
12 274 1
12 281 1
12 285 1
12 295 1
12 296 1
12 305 1
12 321 1
12 398 1
12 411 1
12 415 1
12 433 1
12 494 1
12 509 1
12 530 1
12 579 1
12 593 1
12 595 1
12 601 1
12 612 1
12 613 1
12 639 1
13 15 1
13 21 1
13 25 1
13 49 1
13 56 1
13 63 1
13 64 1
13 66 1
13 151 1
13 159 1
13 210 1
13 242 1
13 312 1
13 314 1
13 315 1
13 382 1
13 418 1
13 557 1
13 598 1
13 639 1
13 660 1
13 679 1
14 18 1
14 27 1
14 37 1
14 39 1
14 42 1
14 54 1
14 90 1
14 92 1
14 105 1
14 119 1
14 124 1
14 130 1
14 135 1
14 144 1
14 170 1
14 172 1
14 178 1
14 181 1
14 209 1
14 230 1
14 233 1
14 240 1
14 250 1
14 260 1
14 262 1
14 266 1
14 273 1
14 296 1
14 306 1
14 307 1
14 309 1
14 311 1
14 392 1
14 402 1
14 419 1
14 421 1
14 461 1
14 466 1
14 491 1
14 498 1
14 505 1
14 559 1
14 572 1
14 576 1
14 577 1
14 583 1
14 605 1
14 668 1
14 676 1
15 24 1
15 56 1
15 58 1
15 59 1
15 66 1
15 79 1
15 81 1
15 82 1
15 114 1
15 128 1
15 138 1
15 143 1
15 180 1
15 192 1
15 210 1
15 222 1
15 286 1
15 321 1
15 338 1
15 369 1
15 393 1
15 423 1
15 478 1
15 548 1
15 682 1
16 20 1
16 21 1
16 22 1
16 34 1
16 35 1
16 73 1
16 84 1
16 85 1
16 102 1
16 156 1
16 167 1
16 224 1
16 230 1
16 319 1
16 473 1
16 476 1
16 565 1
16 621 1
16 688 1
16 690 1
17 24 1
17 29 1
17 32 1
17 33 1
17 35 1
17 51 1
17 89 1
17 96 1
17 126 1
17 137 1
17 162 1
17 186 1
17 190 1
17 191 1
17 226 1
17 238 1
17 294 1
17 339 1
17 413 1
17 421 1
17 452 1
17 496 1
17 502 1
17 528 1
17 554 1
17 684 1
17 692 1
18 26 1
18 39 1
18 40 1
18 50 1
18 53 1
18 55 1
18 57 1
18 67 1
18 70 1
18 77 1
18 82 1
18 83 1
18 91 1
18 95 1
18 97 1
18 106 1
18 115 1
18 117 1
18 124 1
18 138 1
18 143 1
18 146 1
18 168 1
18 174 1
18 178 1
18 186 1
18 193 1
18 201 1
18 215 1
18 226 1
18 242 1
18 249 1
18 253 1
18 257 1
18 261 1
18 266 1
18 272 1
18 284 1
18 290 1
18 320 1
18 353 1
18 359 1
18 378 1
18 391 1
18 422 1
18 425 1
18 430 1
18 477 1
18 485 1
18 497 1
18 526 1
18 529 1
18 562 1
18 566 1
18 567 1
18 571 1
18 604 1
18 630 1
18 676 1
19 21 1
19 36 1
19 49 1
19 52 1
19 80 1
19 92 1
19 97 1
19 104 1
19 205 1
19 219 1
19 224 1
19 245 1
19 274 1
19 289 1
19 299 1
19 316 1
19 355 1
19 357 1
19 363 1
19 372 1
19 379 1
19 405 1
19 434 1
19 484 1
19 490 1
19 526 1
19 584 1
19 593 1
19 608 1
19 633 1
19 682 1
20 86 1
20 210 1
20 229 1
20 278 1
20 285 1
20 318 1
20 336 1
20 441 1
20 495 1
20 513 1
20 581 1
20 676 1
21 25 1
21 28 1
21 29 1
21 44 1
21 69 1
21 99 1
21 119 1
21 120 1
21 125 1
21 135 1
21 153 1
21 180 1
21 193 1
21 206 1
21 212 1
21 231 1
21 236 1
21 252 1
21 254 1
21 303 1
21 311 1
21 318 1
21 380 1
21 387 1
21 412 1
21 433 1
21 444 1
21 484 1
21 499 1
21 687 1
21 698 1
22 23 1
22 41 1
22 42 1
22 66 1
22 102 1
22 117 1
22 159 1
22 167 1
22 253 1
22 323 1
22 328 1
22 393 1
22 454 1
22 510 1
22 539 1
22 611 1
22 667 1
23 25 1
23 204 1
23 398 1
23 448 1
23 457 1
23 536 1
23 697 1
24 35 1
24 38 1
24 71 1
24 163 1
24 229 1
24 368 1
24 518 1
24 681 1
25 27 1
25 30 1
25 51 1
25 58 1
25 64 1
25 68 1
25 69 1
25 76 1
25 93 1
25 98 1
25 103 1
25 121 1
25 129 1
25 142 1
25 145 1
25 148 1
25 160 1
25 188 1
25 214 1
25 225 1
25 240 1
25 273 1
25 277 1
25 280 1
25 295 1
25 300 1
25 302 1
25 317 1
25 328 1
25 341 1
25 370 1
25 410 1
25 484 1
25 542 1
25 556 1
25 645 1
25 647 1
25 658 1
25 662 1
25 663 1
25 681 1
26 30 1
26 33 1
26 50 1
26 185 1
26 207 1
26 239 1
26 277 1
26 367 1
26 417 1
26 446 1
26 491 1
26 506 1
27 32 1
27 59 1
27 103 1
27 124 1
27 129 1
27 134 1
27 309 1
27 351 1
27 371 1
28 55 1
28 59 1
28 78 1
28 202 1
28 236 1
28 244 1
28 288 1
28 309 1
28 320 1
28 332 1
28 342 1
28 349 1
28 699 1
29 38 1
29 46 1
29 71 1
29 107 1
29 132 1
29 187 1
29 236 1
29 256 1
29 340 1
29 363 1
29 458 1
29 465 1
29 656 1
30 109 1
30 181 1
30 193 1
30 226 1
30 259 1
30 267 1
30 287 1
30 308 1
30 431 1
30 501 1
30 508 1
30 579 1
30 634 1
31 36 1
31 137 1
31 156 1
31 227 1
31 263 1
31 305 1
31 357 1
31 401 1
31 405 1
31 473 1
31 563 1
32 217 1
32 369 1
32 493 1
32 655 1
33 48 1
33 166 1
33 177 1
33 258 1
33 300 1
33 326 1
33 342 1
33 373 1
33 388 1
33 467 1
33 509 1
33 540 1
34 94 1
34 136 1
34 227 1
34 247 1
34 316 1
34 353 1
35 43 1
35 52 1
35 62 1
35 68 1
35 79 1
35 80 1
35 90 1
35 100 1
35 202 1
35 214 1
35 229 1
35 321 1
35 382 1
35 390 1
35 454 1
35 488 1
35 494 1
35 512 1
35 558 1
35 567 1
35 691 1
36 46 1
36 52 1
36 53 1
36 67 1
36 99 1
36 110 1
36 150 1
36 178 1
36 225 1
36 226 1
36 342 1
36 437 1
36 521 1
36 561 1
36 616 1
36 696 1
37 54 1
37 60 1
37 63 1
37 82 1
37 90 1
37 114 1
37 133 1
37 142 1
37 160 1
37 176 1
37 195 1
37 237 1
37 308 1
37 585 1
38 60 1
38 71 1
38 72 1
38 75 1
38 76 1
38 77 1
38 79 1
38 80 1
38 96 1
38 99 1
38 104 1
38 116 1
38 120 1
38 143 1
38 170 1
38 214 1
38 248 1
38 297 1
38 362 1
38 388 1
38 428 1
38 510 1
38 512 1
38 522 1
38 531 1
38 562 1
38 563 1
38 614 1
38 646 1
38 666 1
39 47 1
39 51 1
39 72 1
39 105 1
39 109 1
39 149 1
39 161 1
39 173 1
39 224 1
39 324 1
39 423 1
39 485 1
39 527 1
39 528 1
39 655 1
39 677 1
40 43 1
40 48 1
40 123 1
40 165 1
40 315 1
40 353 1
40 395 1
40 407 1
40 411 1
40 429 1
40 529 1
40 533 1
40 556 1
40 624 1
40 636 1
40 678 1
41 44 1
41 78 1
41 106 1
41 108 1
41 171 1
41 196 1
41 199 1
41 223 1
41 302 1
41 324 1
41 395 1
41 502 1
41 505 1
41 559 1
42 47 1
42 62 1
42 158 1
43 72 1
43 176 1
43 198 1
43 204 1
43 339 1
43 600 1
43 639 1
43 646 1
44 46 1
44 101 1
44 356 1
44 383 1
44 495 1
44 522 1
45 87 1
45 105 1
45 126 1
45 144 1
45 154 1
45 157 1
45 165 1
45 173 1
45 181 1
45 182 1
45 264 1
45 280 1
45 314 1
45 371 1
45 386 1
45 390 1
45 417 1
45 476 1
45 553 1
45 696 1
46 69 1
46 83 1
46 94 1
46 107 1
46 113 1
46 118 1
46 131 1
46 180 1
46 186 1
46 191 1
46 237 1
46 251 1
46 253 1
46 259 1
46 282 1
46 303 1
46 500 1
46 532 1
46 558 1
46 561 1
46 582 1
46 604 1
46 622 1
47 55 1
47 91 1
47 125 1
47 147 1
47 195 1
47 213 1
47 416 1
47 482 1
47 633 1
47 649 1
48 69 1
48 100 1
48 202 1
48 205 1
48 234 1
48 602 1
48 620 1
48 632 1
48 651 1
49 70 1
49 108 1
49 192 1
49 206 1
49 291 1
49 410 1
49 479 1
49 480 1
49 483 1
49 525 1
49 582 1
50 159 1
50 233 1
50 255 1
50 347 1
50 419 1
50 504 1
50 552 1
50 583 1
50 635 1
51 87 1
51 100 1
51 135 1
51 154 1
51 161 1
51 164 1
51 188 1
51 196 1
51 249 1
51 577 1
51 615 1
52 145 1
52 153 1
52 366 1
52 464 1
52 524 1
52 568 1
52 585 1
52 618 1
52 673 1
53 81 1
53 123 1
53 125 1
53 151 1
53 177 1
53 319 1
53 374 1
53 376 1
53 480 1
54 56 1
54 78 1
54 142 1
54 238 1
54 245 1
54 252 1
54 257 1
54 355 1
54 377 1
54 400 1
54 451 1
54 456 1
55 144 1
55 176 1
55 248 1
55 264 1
55 265 1
55 304 1
55 395 1
55 699 1
56 100 1
56 454 1
56 598 1
57 83 1
57 157 1
57 158 1
57 169 1
57 171 1
57 197 1
57 350 1
57 434 1
57 435 1
57 450 1
57 491 1
57 534 1
57 594 1
58 108 1
58 128 1
58 198 1
58 255 1
58 268 1
58 472 1
58 573 1
59 85 1
59 103 1
59 113 1
59 127 1
59 145 1
59 163 1
59 252 1
59 351 1
59 373 1
59 414 1
59 455 1
59 544 1
59 640 1
59 683 1
60 74 1
60 80 1
60 115 1
60 128 1
60 179 1
60 341 1
60 436 1
61 101 1
61 137 1
61 178 1
61 260 1
61 428 1
61 514 1
61 535 1
62 72 1
62 88 1
62 114 1
62 218 1
62 287 1
63 68 1
63 84 1
63 89 1
63 90 1
63 101 1
63 185 1
63 213 1
63 365 1
63 410 1
63 429 1
63 449 1
63 470 1
63 648 1
64 331 1
64 403 1
65 127 1
65 133 1
65 194 1
65 267 1
65 297 1
65 515 1
65 545 1
65 627 1
65 684 1
66 82 1
66 102 1
66 175 1
66 187 1
66 195 1
66 203 1
66 208 1
66 243 1
66 315 1
66 343 1
66 346 1
66 350 1
66 380 1
66 387 1
66 529 1
66 553 1
66 576 1
66 669 1
67 93 1
67 213 1
67 300 1
67 564 1
68 77 1
68 84 1
68 129 1
68 132 1
68 151 1
68 166 1
68 171 1
68 174 1
68 203 1
68 238 1
68 240 1
68 245 1
68 269 1
68 276 1
68 294 1
68 326 1
68 350 1
68 422 1
68 498 1
68 516 1
68 525 1
68 563 1
68 662 1
69 96 1
69 169 1
69 183 1
69 208 1
69 352 1
69 371 1
69 523 1
69 620 1
70 98 1
70 112 1
70 122 1
70 135 1
70 162 1
70 217 1
70 261 1
70 293 1
70 312 1
70 316 1
70 360 1
70 397 1
70 412 1
70 419 1
70 507 1
70 569 1
70 577 1
70 688 1
71 115 1
71 164 1
71 299 1
71 358 1
71 404 1
71 511 1
71 568 1
71 607 1
71 629 1
72 106 1
72 150 1
72 206 1
72 261 1
72 323 1
72 344 1
72 538 1
72 593 1
72 644 1
73 131 1
73 163 1
73 228 1
73 344 1
73 351 1
73 409 1
73 446 1
73 478 1
73 521 1
73 549 1
74 94 1
74 186 1
74 188 1
74 282 1
74 331 1
74 403 1
74 671 1
74 680 1
74 691 1
75 117 1
75 170 1
75 444 1
75 464 1
75 646 1
76 95 1
76 96 1
76 120 1
76 155 1
76 157 1
76 169 1
76 236 1
76 367 1
76 424 1
76 605 1
77 276 1
77 372 1
77 411 1
77 439 1
77 443 1
77 526 1
77 533 1
77 660 1
78 275 1
78 599 1
79 182 1
79 184 1
79 234 1
79 453 1
80 93 1
80 110 1
80 262 1
80 306 1
80 325 1
80 348 1
80 352 1
80 354 1
80 365 1
80 383 1
80 449 1
80 537 1
80 545 1
80 666 1
80 692 1
81 197 1
81 489 1
81 695 1
82 215 1
82 234 1
82 261 1
82 274 1
82 319 1
82 416 1
82 571 1
82 591 1
82 619 1
83 92 1
83 137 1
83 173 1
83 220 1
83 231 1
83 370 1
83 418 1
83 467 1
83 504 1
83 582 1
83 644 1
83 645 1
84 123 1
84 205 1
84 427 1
84 463 1
84 497 1
85 119 1
85 215 1
85 218 1
85 322 1
85 478 1
85 564 1
86 88 1
86 112 1
86 118 1
86 216 1
86 338 1
86 424 1
86 460 1
86 497 1
86 567 1
86 609 1
86 667 1
86 683 1
87 95 1
87 172 1
87 201 1
87 307 1
87 431 1
87 607 1
87 631 1
88 89 1
88 104 1
88 107 1
88 111 1
88 167 1
88 168 1
88 172 1
88 175 1
88 212 1
88 294 1
88 438 1
88 597 1
88 683 1
88 685 1
89 102 1
89 200 1
89 207 1
89 317 1
89 366 1
89 435 1
89 489 1
89 695 1
89 699 1
90 125 1
90 139 1
90 298 1
90 311 1
90 450 1
90 500 1
90 584 1
90 668 1
90 690 1
91 265 1
91 369 1
91 587 1
92 94 1
92 111 1
92 120 1
92 128 1
92 133 1
92 141 1
92 146 1
92 150 1
92 158 1
92 163 1
92 194 1
92 197 1
92 250 1
92 285 1
92 376 1
92 381 1
92 405 1
92 448 1
92 528 1
92 537 1
92 581 1
92 588 1
92 589 1
93 99 1
93 108 1
93 134 1
93 152 1
93 230 1
93 232 1
93 283 1
93 487 1
94 140 1
94 170 1
94 179 1
94 199 1
94 200 1
94 275 1
94 336 1
94 358 1
94 375 1
94 388 1
94 532 1
94 667 1
94 693 1
95 381 1
95 390 1
96 356 1
97 98 1
97 136 1
97 139 1
97 141 1
97 209 1
97 210 1
97 250 1
97 254 1
97 331 1
97 402 1
97 467 1
97 469 1
97 516 1
97 548 1
98 140 1
98 292 1
98 330 1
98 470 1
98 643 1
98 673 1
98 680 1
99 139 1
99 506 1
100 113 1
100 138 1
100 180 1
100 212 1
100 315 1
100 335 1
100 341 1
100 446 1
100 590 1
100 625 1
101 174 1
101 222 1
102 203 1
102 568 1
102 682 1
103 139 1
103 145 1
103 183 1
103 370 1
103 425 1
103 427 1
103 633 1
104 119 1
104 121 1
104 168 1
104 235 1
104 279 1
104 363 1
104 649 1
105 111 1
105 325 1
105 343 1
105 387 1
105 427 1
105 500 1
105 593 1
105 668 1
106 121 1
106 182 1
106 185 1
106 278 1
106 349 1
106 398 1
106 492 1
106 580 1
107 111 1
107 116 1
107 191 1
107 267 1
107 270 1
107 347 1
107 438 1
107 506 1
107 511 1
107 557 1
107 578 1
107 604 1
107 615 1
107 648 1
108 313 1
109 147 1
109 149 1
109 166 1
109 201 1
109 251 1
109 258 1
109 264 1
109 284 1
109 329 1
109 407 1
109 456 1
109 488 1
109 557 1
109 576 1
109 596 1
109 675 1
111 129 1
111 587 1
112 225 1
112 241 1
112 354 1
112 559 1
112 602 1
113 149 1
113 191 1
113 228 1
113 278 1
113 312 1
113 334 1
113 394 1
113 413 1
113 414 1
113 442 1
113 550 1
113 570 1
113 572 1
113 577 1
113 596 1
113 691 1
114 131 1
114 153 1
114 192 1
114 314 1
114 321 1
114 362 1
114 400 1
114 459 1
114 538 1
115 281 1
115 320 1
115 385 1
115 442 1
115 447 1
115 664 1
116 133 1
116 138 1
116 198 1
116 237 1
116 296 1
116 338 1
116 411 1
116 425 1
116 621 1
116 694 1
117 416 1
117 472 1
117 495 1
117 536 1
117 640 1
117 696 1
118 203 1
118 209 1
118 304 1
118 572 1
118 634 1
119 172 1
119 196 1
119 231 1
119 324 1
119 336 1
119 556 1
119 694 1
120 322 1
121 235 1
121 327 1
121 417 1
121 602 1
121 608 1
122 152 1
122 590 1
122 591 1
123 130 1
123 164 1
123 249 1
123 279 1
123 415 1
123 642 1
123 697 1
124 181 1
124 360 1
124 394 1
125 147 1
125 150 1
125 171 1
125 284 1
125 293 1
125 387 1
125 684 1
125 698 1
126 155 1
126 194 1
126 201 1
126 232 1
126 258 1
126 384 1
126 460 1
126 551 1
126 666 1
127 256 1
127 351 1
127 519 1
127 558 1
127 613 1
128 445 1
128 475 1
129 220 1
129 413 1
130 177 1
130 267 1
130 328 1
130 562 1
131 157 1
131 187 1
131 216 1
131 421 1
131 687 1
132 189 1
132 222 1
132 285 1
132 475 1
132 502 1
133 166 1
133 248 1
133 298 1
133 383 1
133 528 1
134 286 1
134 335 1
134 674 1
135 288 1
135 323 1
135 336 1
135 450 1
135 616 1
135 652 1
136 199 1
136 269 1
136 480 1
137 208 1
138 152 1
138 362 1
139 155 1
139 277 1
140 154 1
140 196 1
140 281 1
140 301 1
140 346 1
140 479 1
140 548 1
140 571 1
140 619 1
141 228 1
141 327 1
141 328 1
141 467 1
141 470 1
141 519 1
141 665 1
142 209 1
142 273 1
142 569 1
143 165 1
143 428 1
143 488 1
144 154 1
144 176 1
144 508 1
144 514 1
145 251 1
145 263 1
145 457 1
145 618 1
145 696 1
146 211 1
146 599 1
148 391 1
149 230 1
149 247 1
149 268 1
149 311 1
149 391 1
149 399 1
149 436 1
149 439 1
149 474 1
149 475 1
149 493 1
149 517 1
149 555 1
150 396 1
150 661 1
151 435 1
151 489 1
152 162 1
152 575 1
153 631 1
154 194 1
154 251 1
154 399 1
154 415 1
154 519 1
155 247 1
155 283 1
155 403 1
155 536 1
156 190 1
156 262 1
156 322 1
156 345 1
156 447 1
156 553 1
157 218 1
157 665 1
158 318 1
158 444 1
158 496 1
158 505 1
159 453 1
159 583 1
162 175 1
162 415 1
163 221 1
163 263 1
163 426 1
164 317 1
164 471 1
164 700 1
165 216 1
166 229 1
166 389 1
166 424 1
166 509 1
166 555 1
166 568 1
166 656 1
167 168 1
167 184 1
167 193 1
167 400 1
167 431 1
167 574 1
167 693 1
168 458 1
168 466 1
168 609 1
169 408 1
169 522 1
169 589 1
169 655 1
170 447 1
171 256 1
172 179 1
172 219 1
172 269 1
172 287 1
172 294 1
172 301 1
172 510 1
172 518 1
172 610 1
172 623 1
172 642 1
172 644 1
172 654 1
172 661 1
173 200 1
173 335 1
173 408 1
173 459 1
173 496 1
175 177 1
175 265 1
175 368 1
175 493 1
175 630 1
175 686 1
176 211 1
176 541 1
177 259 1
178 257 1
178 299 1
178 357 1
178 397 1
178 474 1
178 547 1
178 638 1
179 268 1
179 362 1
179 674 1
180 244 1
180 310 1
181 392 1
181 517 1
182 396 1
182 453 1
182 481 1
183 266 1
183 292 1
183 405 1
184 204 1
184 255 1
184 293 1
184 325 1
185 239 1
185 268 1
185 272 1
185 404 1
185 453 1
185 468 1
185 567 1
185 588 1
186 333 1
186 360 1
186 571 1
187 243 1
187 563 1
188 232 1
188 242 1
188 401 1
188 418 1
190 302 1
190 469 1
191 339 1
192 366 1
192 468 1
192 512 1
193 313 1
193 352 1
193 364 1
193 396 1
193 425 1
193 494 1
193 688 1
194 288 1
194 374 1
195 343 1
196 223 1
196 224 1
196 660 1
197 252 1
197 290 1
198 317 1
198 337 1
198 394 1
198 483 1
198 594 1
200 660 1
201 248 1
201 407 1
201 487 1
201 501 1
202 211 1
202 220 1
202 241 1
202 365 1
202 370 1
202 468 1
202 648 1
203 373 1
203 665 1
203 693 1
204 234 1
204 279 1
204 392 1
204 516 1
204 533 1
205 263 1
205 368 1
205 675 1
206 217 1
206 233 1
206 502 1
206 522 1
206 574 1
206 689 1
206 700 1
207 592 1
207 679 1
208 332 1
208 358 1
208 643 1
208 657 1
208 669 1
209 271 1
209 445 1
209 592 1
210 217 1
210 288 1
210 586 1
211 235 1
211 296 1
211 305 1
211 310 1
211 397 1
212 249 1
212 272 1
212 349 1
212 364 1
212 443 1
212 464 1
212 498 1
212 664 1
213 305 1
213 331 1
213 409 1
213 498 1
214 221 1
214 222 1
214 359 1
214 433 1
214 561 1
214 564 1
214 595 1
215 309 1
215 312 1
217 637 1
217 650 1
217 677 1
218 437 1
218 506 1
219 436 1
219 574 1
220 420 1
220 444 1
220 485 1
221 256 1
221 283 1
221 376 1
221 481 1
221 513 1
221 628 1
221 637 1
221 677 1
222 274 1
222 406 1
222 458 1
223 445 1
224 306 1
224 443 1
225 254 1
225 341 1
225 487 1
225 591 1
225 657 1
225 675 1
226 544 1
227 642 1
228 244 1
228 298 1
228 594 1
229 304 1
229 342 1
229 364 1
229 443 1
229 494 1
229 495 1
229 545 1
230 334 1
230 344 1
230 356 1
230 379 1
230 395 1
230 470 1
230 503 1
230 672 1
231 279 1
231 433 1
231 638 1
231 651 1
232 262 1
232 388 1
232 520 1
232 559 1
232 690 1
233 243 1
233 364 1
233 534 1
234 630 1
234 698 1
235 299 1
235 330 1
235 579 1
236 367 1
236 451 1
236 462 1
236 658 1
237 282 1
237 389 1
237 401 1
237 481 1
238 462 1
239 465 1
240 385 1
240 432 1
240 434 1
240 692 1
241 307 1
241 449 1
243 276 1
243 337 1
243 393 1
243 531 1
243 542 1
245 452 1
245 474 1
245 645 1
245 672 1
246 260 1
246 670 1
247 270 1
247 588 1
247 600 1
249 627 1
250 275 1
250 289 1
250 310 1
250 334 1
250 409 1
250 412 1
250 608 1
250 626 1
251 270 1
251 289 1
251 354 1
251 377 1
251 426 1
251 540 1
251 579 1
251 657 1
252 280 1
252 378 1
253 264 1
253 340 1
253 371 1
253 469 1
253 492 1
253 517 1
254 686 1
255 346 1
255 408 1
256 290 1
256 390 1
257 396 1
257 437 1
257 475 1
257 618 1
258 551 1
258 682 1
259 375 1
260 340 1
260 380 1
260 492 1
261 295 1
261 560 1
262 382 1
262 431 1
262 440 1
262 460 1
262 486 1
262 632 1
263 275 1
263 307 1
263 333 1
263 348 1
263 361 1
263 435 1
263 514 1
263 516 1
263 574 1
263 615 1
264 492 1
265 339 1
265 440 1
265 588 1
265 638 1
268 455 1
269 406 1
270 289 1
270 292 1
270 421 1
270 438 1
270 678 1
271 462 1
271 479 1
271 482 1
271 549 1
271 603 1
271 664 1
272 333 1
272 393 1
274 329 1
274 504 1
275 337 1
275 637 1
276 282 1
276 302 1
276 355 1
276 375 1
276 377 1
276 609 1
277 384 1
277 662 1
280 338 1
281 323 1
281 368 1
281 586 1
281 626 1
281 663 1
283 445 1
284 389 1
284 691 1
285 521 1
285 570 1
285 676 1
286 373 1
286 385 1
286 455 1
287 354 1
287 372 1
287 473 1
287 668 1
288 369 1
288 526 1
288 540 1
288 598 1
289 525 1
289 629 1
289 670 1
290 297 1
290 436 1
290 462 1
290 628 1
292 345 1
292 552 1
292 671 1
293 402 1
293 476 1
293 638 1
295 318 1
295 427 1
296 372 1
296 409 1
296 585 1
296 604 1
297 306 1
297 330 1
297 359 1
297 543 1
297 597 1
297 641 1
297 658 1
298 379 1
298 483 1
298 529 1
298 550 1
298 566 1
298 699 1
299 381 1
299 416 1
299 610 1
299 611 1
301 332 1
301 531 1
302 324 1
302 404 1
302 429 1
302 592 1
302 606 1
302 625 1
303 586 1
304 554 1
305 378 1
305 578 1
306 363 1
306 515 1
306 523 1
306 545 1
307 406 1
308 653 1
309 647 1
309 648 1
310 348 1
310 644 1
310 654 1
311 355 1
311 384 1
311 542 1
311 626 1
313 381 1
314 361 1
315 322 1
315 325 1
315 414 1
315 589 1
315 622 1
317 459 1
318 439 1
318 554 1
318 564 1
320 326 1
320 446 1
321 601 1
321 614 1
322 539 1
322 603 1
322 673 1
323 350 1
323 471 1
324 329 1
324 403 1
324 620 1
324 681 1
324 689 1
325 640 1
326 361 1
326 367 1
326 572 1
326 623 1
327 343 1
327 349 1
327 523 1
327 695 1
328 356 1
328 595 1
328 647 1
330 673 1
331 386 1
331 560 1
332 510 1
332 540 1
332 629 1
333 517 1
333 547 1
333 647 1
334 557 1
335 537 1
336 361 1
336 366 1
336 535 1
337 389 1
337 659 1
338 561 1
338 617 1
339 348 1
339 352 1
339 637 1
339 670 1
340 438 1
341 429 1
341 501 1
341 628 1
343 587 1
345 512 1
347 578 1
348 406 1
348 490 1
349 420 1
349 496 1
349 499 1
350 376 1
351 442 1
352 392 1
352 631 1
352 643 1
353 659 1
354 442 1
354 480 1
354 486 1
354 509 1
354 621 1
356 379 1
357 463 1
358 610 1
359 537 1
359 543 1
359 573 1
360 546 1
361 410 1
361 518 1
362 365 1
362 374 1
362 520 1
363 518 1
364 378 1
364 382 1
365 560 1
365 592 1
366 616 1
369 457 1
371 454 1
371 469 1
372 449 1
373 422 1
373 432 1
373 441 1
373 532 1
373 636 1
373 671 1
374 430 1
374 669 1
375 472 1
375 482 1
375 488 1
375 656 1
376 539 1
377 521 1
378 385 1
378 420 1
379 482 1
380 601 1
381 519 1
381 591 1
381 634 1
382 452 1
382 566 1
383 534 1
383 700 1
384 531 1
385 659 1
386 398 1
386 400 1
386 595 1
386 612 1
386 634 1
386 695 1
387 511 1
388 417 1
388 584 1
388 617 1
389 451 1
390 645 1
391 430 1
391 441 1
391 455 1
391 646 1
392 565 1
393 507 1
393 671 1
394 507 1
394 602 1
396 538 1
397 474 1
397 490 1
397 542 1
397 575 1
397 635 1
397 640 1
398 611 1
399 426 1
399 613 1
399 656 1
400 465 1
402 463 1
402 490 1
402 617 1
402 687 1
403 524 1
403 598 1
404 685 1
405 434 1
405 460 1
406 461 1
408 674 1
410 423 1
412 514 1
412 580 1
413 580 1
416 524 1
416 527 1
417 617 1
418 456 1
418 686 1
419 500 1
419 661 1
420 456 1
420 581 1
420 606 1
420 658 1
420 678 1
421 597 1
422 428 1
422 619 1
424 543 1
427 560 1
427 664 1
430 566 1
430 635 1
431 544 1
431 606 1
432 589 1
432 612 1
433 448 1
433 461 1
434 697 1
436 650 1
439 440 1
439 570 1
442 549 1
443 530 1
443 623 1
443 650 1
444 543 1
446 471 1
447 608 1
448 459 1
448 523 1
449 503 1
449 535 1
449 550 1
449 622 1
449 652 1
452 558 1
453 641 1
454 651 1
455 457 1
455 465 1
455 466 1
455 541 1
455 544 1
457 513 1
457 692 1
459 565 1
460 683 1
461 520 1
461 611 1
462 689 1
463 486 1
463 687 1
467 533 1
467 631 1
469 527 1
470 675 1
471 497 1
472 508 1
474 570 1
475 596 1
476 541 1
477 539 1
478 600 1
479 503 1
479 525 1
479 580 1
480 680 1
481 547 1
482 669 1
483 630 1
484 621 1
484 632 1
484 643 1
485 573 1
485 575 1
485 633 1
485 636 1
485 700 1
486 508 1
486 534 1
494 505 1
494 651 1
498 623 1
500 554 1
500 659 1
502 628 1
510 639 1
512 530 1
514 555 1
515 627 1
516 672 1
522 550 1
527 583 1
529 601 1
530 546 1
530 666 1
537 677 1
545 627 1
548 619 1
549 626 1
553 607 1
553 665 1
556 624 1
559 685 1
560 649 1
563 635 1
567 614 1
568 573 1
569 641 1
570 652 1
570 655 1
570 662 1
575 653 1
578 618 1
582 606 1
587 679 1
590 678 1
593 694 1
598 684 1
599 620 1
600 610 1
601 615 1
616 653 1
617 642 1
620 674 1
622 690 1
632 694 1
633 679 1
637 670 1
650 652 1
650 693 1
664 680 1
679 698 1
