900 3581 
1 5 1
1 6 1
1 7 1
1 11 1
1 12 1
1 14 1
1 15 1
1 16 1
1 19 1
1 20 1
1 26 1
1 37 1
1 46 1
1 58 1
1 65 1
1 84 1
1 110 1
1 119 1
1 131 1
1 393 1
1 403 1
1 411 1
1 482 1
1 602 1
1 615 1
1 652 1
1 680 1
1 686 1
1 690 1
1 708 1
1 721 1
1 736 1
1 741 1
2 5 1
2 9 1
2 13 1
2 18 1
2 19 1
2 21 1
2 28 1
2 31 1
2 35 1
2 36 1
2 38 1
2 39 1
2 53 1
2 70 1
2 76 1
2 78 1
2 81 1
2 94 1
2 96 1
2 97 1
2 98 1
2 111 1
2 125 1
2 141 1
2 148 1
2 150 1
2 161 1
2 174 1
2 178 1
2 186 1
2 193 1
2 200 1
2 210 1
2 211 1
2 215 1
2 222 1
2 225 1
2 238 1
2 241 1
2 268 1
2 278 1
2 284 1
2 289 1
2 292 1
2 293 1
2 294 1
2 299 1
2 313 1
2 316 1
2 325 1
2 340 1
2 378 1
2 381 1
2 382 1
2 393 1
2 398 1
2 425 1
2 449 1
2 459 1
2 474 1
2 505 1
2 534 1
2 563 1
2 582 1
2 604 1
2 648 1
2 657 1
2 672 1
2 675 1
2 691 1
2 721 1
2 749 1
2 762 1
2 765 1
2 791 1
2 813 1
2 828 1
2 834 1
2 849 1
2 857 1
2 861 1
2 891 1
2 900 1
3 5 1
3 6 1
3 8 1
3 24 1
3 31 1
3 43 1
3 75 1
3 87 1
3 153 1
3 168 1
3 171 1
3 186 1
3 188 1
3 208 1
3 307 1
3 325 1
3 408 1
3 424 1
3 431 1
3 449 1
3 451 1
3 474 1
3 603 1
3 627 1
3 677 1
3 730 1
3 810 1
4 5 1
4 6 1
4 7 1
4 9 1
4 10 1
4 12 1
4 13 1
4 14 1
4 15 1
4 17 1
4 21 1
4 32 1
4 39 1
4 58 1
4 59 1
4 61 1
4 70 1
4 72 1
4 78 1
4 80 1
4 83 1
4 89 1
4 98 1
4 112 1
4 126 1
4 148 1
4 156 1
4 162 1
4 166 1
4 171 1
4 184 1
4 186 1
4 197 1
4 203 1
4 213 1
4 214 1
4 216 1
4 226 1
4 240 1
4 246 1
4 269 1
4 287 1
4 289 1
4 305 1
4 315 1
4 318 1
4 339 1
4 344 1
4 346 1
4 347 1
4 365 1
4 371 1
4 384 1
4 385 1
4 388 1
4 393 1
4 399 1
4 400 1
4 401 1
4 402 1
4 412 1
4 416 1
4 417 1
4 441 1
4 444 1
4 452 1
4 478 1
4 503 1
4 508 1
4 516 1
4 529 1
4 546 1
4 564 1
4 566 1
4 621 1
4 632 1
4 634 1
4 677 1
4 718 1
4 726 1
4 729 1
4 733 1
4 753 1
4 784 1
4 798 1
4 809 1
4 850 1
4 858 1
4 865 1
4 881 1
4 885 1
5 6 1
5 7 1
5 8 1
5 10 1
5 12 1
5 13 1
5 14 1
5 20 1
5 25 1
5 26 1
5 29 1
5 32 1
5 34 1
5 35 1
5 37 1
5 45 1
5 53 1
5 54 1
5 60 1
5 78 1
5 84 1
5 92 1
5 116 1
5 117 1
5 118 1
5 120 1
5 124 1
5 132 1
5 135 1
5 140 1
5 149 1
5 155 1
5 156 1
5 163 1
5 167 1
5 173 1
5 174 1
5 181 1
5 211 1
5 217 1
5 218 1
5 243 1
5 244 1
5 248 1
5 257 1
5 267 1
5 271 1
5 272 1
5 277 1
5 280 1
5 308 1
5 336 1
5 355 1
5 361 1
5 381 1
5 397 1
5 410 1
5 422 1
5 424 1
5 455 1
5 488 1
5 505 1
5 506 1
5 519 1
5 520 1
5 524 1
5 531 1
5 558 1
5 563 1
5 565 1
5 569 1
5 581 1
5 594 1
5 598 1
5 618 1
5 619 1
5 627 1
5 636 1
5 673 1
5 720 1
5 735 1
5 770 1
5 787 1
5 821 1
5 834 1
5 838 1
5 843 1
5 869 1
5 889 1
5 890 1
6 7 1
6 8 1
6 11 1
6 15 1
6 16 1
6 20 1
6 22 1
6 24 1
6 25 1
6 31 1
6 37 1
6 40 1
6 41 1
6 48 1
6 50 1
6 54 1
6 57 1
6 62 1
6 63 1
6 64 1
6 72 1
6 93 1
6 96 1
6 103 1
6 111 1
6 117 1
6 153 1
6 164 1
6 173 1
6 175 1
6 179 1
6 195 1
6 196 1
6 199 1
6 205 1
6 217 1
6 222 1
6 236 1
6 263 1
6 301 1
6 310 1
6 326 1
6 342 1
6 343 1
6 346 1
6 350 1
6 379 1
6 409 1
6 430 1
6 431 1
6 443 1
6 451 1
6 466 1
6 475 1
6 521 1
6 525 1
6 551 1
6 557 1
6 566 1
6 612 1
6 655 1
6 671 1
6 703 1
6 709 1
6 725 1
6 808 1
6 809 1
6 821 1
6 823 1
6 837 1
7 8 1
7 9 1
7 10 1
7 17 1
7 20 1
7 26 1
7 27 1
7 28 1
7 32 1
7 47 1
7 55 1
7 56 1
7 68 1
7 70 1
7 91 1
7 126 1
7 152 1
7 157 1
7 172 1
7 182 1
7 191 1
7 192 1
7 194 1
7 203 1
7 216 1
7 229 1
7 231 1
7 240 1
7 244 1
7 249 1
7 250 1
7 265 1
7 268 1
7 270 1
7 318 1
7 330 1
7 362 1
7 368 1
7 372 1
7 457 1
7 459 1
7 460 1
7 484 1
7 485 1
7 505 1
7 510 1
7 515 1
7 536 1
7 599 1
7 609 1
7 625 1
7 652 1
7 669 1
7 686 1
7 687 1
7 688 1
7 693 1
7 717 1
7 728 1
7 729 1
7 750 1
7 763 1
7 768 1
7 793 1
7 822 1
7 874 1
8 9 1
8 10 1
8 11 1
8 13 1
8 16 1
8 17 1
8 18 1
8 23 1
8 25 1
8 30 1
8 45 1
8 46 1
8 48 1
8 50 1
8 66 1
8 75 1
8 83 1
8 87 1
8 93 1
8 102 1
8 111 1
8 131 1
8 151 1
8 187 1
8 220 1
8 229 1
8 274 1
8 294 1
8 319 1
8 332 1
8 389 1
8 402 1
8 410 1
8 416 1
8 466 1
8 477 1
8 493 1
8 508 1
8 755 1
8 792 1
8 802 1
8 834 1
9 18 1
9 19 1
9 25 1
9 60 1
9 62 1
9 75 1
9 82 1
9 216 1
9 265 1
9 278 1
9 290 1
9 331 1
9 358 1
9 367 1
9 373 1
9 378 1
9 410 1
9 474 1
9 502 1
9 564 1
9 565 1
9 600 1
9 620 1
9 634 1
9 656 1
9 680 1
9 796 1
9 853 1
9 877 1
10 11 1
10 12 1
10 14 1
10 16 1
10 18 1
10 22 1
10 23 1
10 28 1
10 33 1
10 34 1
10 36 1
10 38 1
10 43 1
10 44 1
10 47 1
10 49 1
10 51 1
10 56 1
10 59 1
10 62 1
10 65 1
10 79 1
10 83 1
10 86 1
10 91 1
10 95 1
10 100 1
10 102 1
10 121 1
10 123 1
10 138 1
10 140 1
10 144 1
10 146 1
10 149 1
10 179 1
10 184 1
10 191 1
10 192 1
10 195 1
10 207 1
10 208 1
10 215 1
10 242 1
10 247 1
10 262 1
10 263 1
10 283 1
10 296 1
10 302 1
10 329 1
10 356 1
10 360 1
10 367 1
10 384 1
10 390 1
10 435 1
10 437 1
10 446 1
10 469 1
10 473 1
10 475 1
10 515 1
10 532 1
10 539 1
10 575 1
10 584 1
10 593 1
10 611 1
10 613 1
10 617 1
10 623 1
10 658 1
10 705 1
10 726 1
10 732 1
10 738 1
10 769 1
10 785 1
10 820 1
10 842 1
10 883 1
10 896 1
11 17 1
11 21 1
11 40 1
11 59 1
11 60 1
11 75 1
11 92 1
11 104 1
11 133 1
11 141 1
11 169 1
11 190 1
11 193 1
11 205 1
11 251 1
11 253 1
11 258 1
11 265 1
11 270 1
11 288 1
11 323 1
11 371 1
11 379 1
11 400 1
11 429 1
11 447 1
11 487 1
11 637 1
11 665 1
11 666 1
11 669 1
11 738 1
11 754 1
11 806 1
11 814 1
11 880 1
11 899 1
12 34 1
12 35 1
12 85 1
12 151 1
12 209 1
12 265 1
12 393 1
12 433 1
12 451 1
12 467 1
12 503 1
12 577 1
12 648 1
12 698 1
12 728 1
12 744 1
12 893 1
13 113 1
13 234 1
13 282 1
13 340 1
13 377 1
13 434 1
13 465 1
13 466 1
13 487 1
13 491 1
13 531 1
13 683 1
13 736 1
13 817 1
13 864 1
14 15 1
14 23 1
14 29 1
14 34 1
14 37 1
14 43 1
14 53 1
14 54 1
14 60 1
14 67 1
14 69 1
14 73 1
14 77 1
14 86 1
14 89 1
14 112 1
14 122 1
14 123 1
14 145 1
14 167 1
14 170 1
14 180 1
14 236 1
14 242 1
14 246 1
14 313 1
14 353 1
14 364 1
14 481 1
14 511 1
14 520 1
14 526 1
14 535 1
14 556 1
14 581 1
14 641 1
14 696 1
14 846 1
15 47 1
15 54 1
15 63 1
15 77 1
15 134 1
15 138 1
15 143 1
15 220 1
15 250 1
15 294 1
15 297 1
15 376 1
15 386 1
15 445 1
15 461 1
15 523 1
15 574 1
15 596 1
15 725 1
15 760 1
15 777 1
15 880 1
15 887 1
15 900 1
16 19 1
16 22 1
16 30 1
16 32 1
16 33 1
16 40 1
16 46 1
16 55 1
16 56 1
16 57 1
16 64 1
16 79 1
16 82 1
16 103 1
16 107 1
16 124 1
16 141 1
16 152 1
16 155 1
16 160 1
16 162 1
16 171 1
16 179 1
16 183 1
16 197 1
16 260 1
16 264 1
16 329 1
16 340 1
16 349 1
16 350 1
16 396 1
16 413 1
16 559 1
16 622 1
16 629 1
16 633 1
16 734 1
16 743 1
16 786 1
16 805 1
16 817 1
17 24 1
17 36 1
17 48 1
17 52 1
17 71 1
17 72 1
17 89 1
17 100 1
17 107 1
17 108 1
17 115 1
17 118 1
17 127 1
17 142 1
17 161 1
17 187 1
17 202 1
17 207 1
17 230 1
17 293 1
17 348 1
17 352 1
17 378 1
17 392 1
17 414 1
17 433 1
17 453 1
17 483 1
17 495 1
17 542 1
17 568 1
17 572 1
17 689 1
17 721 1
17 764 1
17 797 1
17 833 1
17 867 1
18 21 1
18 22 1
18 27 1
18 69 1
18 114 1
18 154 1
18 212 1
18 220 1
18 245 1
18 253 1
18 276 1
18 295 1
18 327 1
18 530 1
18 582 1
18 620 1
18 668 1
18 800 1
18 893 1
19 24 1
19 27 1
19 29 1
19 30 1
19 33 1
19 49 1
19 57 1
19 59 1
19 73 1
19 76 1
19 77 1
19 79 1
19 87 1
19 90 1
19 101 1
19 113 1
19 119 1
19 130 1
19 137 1
19 142 1
19 159 1
19 188 1
19 198 1
19 201 1
19 203 1
19 222 1
19 227 1
19 239 1
19 244 1
19 251 1
19 260 1
19 264 1
19 306 1
19 342 1
19 354 1
19 372 1
19 482 1
19 526 1
19 534 1
19 537 1
19 549 1
19 556 1
19 603 1
19 615 1
19 672 1
19 709 1
19 716 1
19 759 1
19 807 1
19 866 1
19 885 1
19 888 1
20 172 1
20 232 1
20 414 1
20 609 1
20 812 1
21 27 1
21 31 1
21 41 1
21 43 1
21 44 1
21 101 1
21 102 1
21 124 1
21 143 1
21 144 1
21 145 1
21 230 1
21 260 1
21 387 1
21 404 1
21 408 1
21 523 1
21 588 1
21 732 1
21 878 1
22 23 1
22 28 1
22 29 1
22 46 1
22 166 1
22 221 1
22 295 1
22 351 1
22 424 1
22 480 1
22 517 1
22 554 1
22 589 1
22 674 1
22 678 1
22 682 1
22 718 1
22 771 1
22 817 1
22 858 1
22 862 1
22 866 1
23 35 1
23 55 1
23 67 1
23 80 1
23 135 1
23 232 1
23 304 1
23 354 1
23 438 1
23 456 1
23 703 1
23 784 1
23 790 1
24 52 1
24 74 1
24 109 1
24 130 1
24 210 1
24 220 1
24 287 1
24 415 1
24 490 1
24 494 1
24 559 1
24 595 1
24 659 1
24 666 1
24 669 1
24 757 1
24 814 1
25 26 1
25 30 1
25 33 1
25 38 1
25 41 1
25 42 1
25 45 1
25 51 1
25 52 1
25 61 1
25 62 1
25 81 1
25 99 1
25 125 1
25 126 1
25 128 1
25 157 1
25 204 1
25 206 1
25 246 1
25 286 1
25 292 1
25 304 1
25 317 1
25 392 1
25 430 1
25 432 1
25 458 1
25 559 1
25 564 1
25 657 1
25 670 1
25 700 1
25 720 1
26 58 1
26 64 1
26 82 1
26 88 1
26 105 1
26 116 1
26 123 1
26 131 1
26 193 1
26 201 1
26 222 1
26 235 1
26 269 1
26 353 1
26 357 1
26 424 1
26 536 1
26 560 1
26 572 1
26 611 1
26 628 1
26 645 1
26 681 1
26 840 1
26 852 1
27 36 1
27 39 1
27 66 1
27 71 1
27 84 1
27 136 1
27 245 1
27 388 1
27 668 1
27 795 1
27 851 1
28 42 1
28 85 1
28 91 1
28 99 1
28 154 1
28 177 1
28 183 1
28 190 1
28 199 1
28 239 1
28 266 1
28 267 1
28 275 1
28 277 1
28 280 1
28 316 1
28 426 1
28 468 1
28 543 1
28 632 1
28 789 1
29 49 1
29 67 1
29 68 1
29 73 1
29 102 1
29 128 1
29 129 1
29 144 1
29 150 1
29 192 1
29 247 1
29 259 1
29 294 1
29 333 1
29 341 1
29 372 1
29 391 1
29 401 1
29 434 1
29 454 1
29 567 1
29 570 1
29 613 1
29 649 1
29 662 1
29 671 1
30 38 1
30 40 1
30 42 1
30 49 1
30 50 1
30 94 1
30 100 1
30 136 1
30 165 1
30 166 1
30 173 1
30 202 1
30 219 1
30 228 1
30 319 1
30 320 1
30 340 1
30 357 1
30 370 1
30 418 1
30 428 1
30 429 1
30 437 1
30 522 1
30 546 1
30 581 1
30 584 1
30 613 1
30 633 1
30 654 1
30 773 1
31 39 1
31 42 1
31 45 1
31 129 1
31 149 1
31 150 1
31 154 1
31 168 1
31 169 1
31 171 1
31 189 1
31 274 1
31 368 1
31 407 1
31 414 1
31 421 1
31 467 1
31 474 1
31 493 1
31 595 1
31 599 1
31 612 1
31 621 1
31 671 1
31 687 1
31 840 1
31 859 1
31 895 1
32 50 1
32 108 1
32 110 1
32 143 1
32 218 1
32 221 1
32 269 1
32 425 1
32 427 1
32 473 1
32 597 1
32 633 1
32 767 1
32 870 1
32 898 1
33 41 1
33 55 1
33 64 1
33 152 1
33 163 1
33 199 1
33 245 1
33 296 1
33 309 1
33 313 1
33 364 1
33 454 1
33 471 1
33 485 1
33 509 1
33 516 1
33 560 1
33 609 1
33 695 1
33 699 1
33 737 1
33 745 1
33 851 1
34 61 1
34 67 1
34 76 1
34 618 1
34 661 1
35 63 1
35 65 1
35 146 1
35 158 1
35 161 1
35 170 1
35 181 1
35 194 1
35 205 1
35 366 1
35 447 1
35 450 1
35 484 1
35 552 1
35 580 1
35 582 1
35 693 1
35 735 1
35 768 1
36 48 1
36 86 1
36 156 1
36 172 1
36 195 1
36 202 1
36 290 1
36 291 1
36 324 1
36 638 1
37 57 1
37 68 1
37 92 1
37 116 1
37 120 1
37 122 1
37 237 1
37 273 1
37 284 1
37 302 1
37 331 1
37 392 1
37 402 1
37 413 1
37 430 1
37 436 1
37 518 1
37 522 1
37 713 1
37 747 1
37 753 1
38 61 1
38 69 1
38 86 1
38 89 1
38 94 1
38 118 1
38 138 1
38 140 1
38 194 1
38 267 1
38 327 1
38 353 1
38 362 1
38 437 1
38 460 1
38 467 1
38 494 1
38 502 1
38 506 1
38 585 1
38 607 1
38 639 1
38 655 1
38 714 1
38 738 1
38 769 1
38 842 1
38 874 1
38 895 1
39 44 1
39 276 1
39 382 1
39 492 1
39 524 1
39 525 1
39 548 1
39 614 1
39 641 1
39 691 1
40 44 1
40 219 1
40 223 1
40 225 1
40 448 1
40 687 1
40 766 1
40 813 1
40 835 1
41 69 1
41 73 1
41 97 1
41 99 1
41 107 1
41 110 1
41 121 1
41 129 1
41 147 1
41 172 1
41 198 1
41 227 1
41 240 1
41 302 1
41 415 1
41 428 1
41 454 1
41 465 1
41 488 1
41 567 1
41 585 1
41 644 1
41 724 1
41 791 1
42 47 1
42 103 1
42 109 1
42 112 1
42 120 1
42 121 1
42 173 1
42 184 1
42 235 1
42 306 1
42 349 1
42 388 1
42 420 1
42 468 1
42 479 1
42 499 1
42 512 1
42 532 1
42 614 1
42 746 1
42 795 1
42 813 1
42 896 1
42 897 1
43 52 1
43 96 1
43 168 1
43 224 1
43 247 1
43 250 1
43 279 1
43 298 1
43 303 1
43 337 1
43 357 1
43 407 1
43 440 1
43 543 1
43 545 1
43 602 1
43 699 1
43 730 1
43 753 1
43 766 1
43 827 1
44 51 1
44 70 1
44 82 1
44 109 1
44 145 1
44 243 1
44 448 1
44 477 1
44 548 1
44 669 1
44 727 1
45 58 1
45 76 1
45 80 1
45 88 1
45 116 1
45 176 1
45 223 1
45 358 1
45 361 1
45 404 1
45 432 1
45 470 1
45 502 1
45 530 1
45 551 1
45 691 1
45 800 1
45 802 1
45 823 1
45 828 1
45 855 1
46 66 1
46 114 1
46 117 1
46 146 1
46 194 1
46 470 1
46 596 1
46 634 1
46 877 1
47 51 1
47 53 1
47 56 1
47 63 1
47 71 1
47 74 1
47 78 1
47 107 1
47 128 1
47 132 1
47 134 1
47 139 1
47 175 1
47 184 1
47 258 1
47 308 1
47 362 1
47 552 1
47 562 1
47 569 1
47 586 1
47 592 1
47 621 1
47 632 1
47 641 1
47 647 1
47 744 1
47 856 1
48 90 1
48 177 1
48 183 1
48 237 1
48 283 1
48 406 1
48 485 1
48 521 1
48 716 1
49 65 1
49 100 1
49 117 1
49 124 1
49 125 1
49 130 1
49 158 1
49 230 1
49 273 1
49 338 1
49 345 1
49 409 1
49 495 1
49 496 1
49 509 1
49 612 1
49 679 1
50 104 1
50 106 1
50 119 1
50 131 1
50 164 1
50 181 1
50 264 1
50 276 1
50 281 1
50 322 1
50 339 1
50 348 1
50 350 1
50 506 1
50 558 1
50 597 1
50 606 1
50 656 1
50 658 1
50 803 1
50 804 1
50 806 1
50 808 1
50 885 1
51 74 1
51 139 1
51 166 1
51 353 1
51 384 1
51 399 1
51 439 1
51 574 1
51 704 1
52 90 1
52 104 1
52 123 1
52 299 1
52 307 1
52 317 1
52 336 1
52 387 1
52 401 1
52 442 1
52 479 1
52 595 1
52 638 1
52 643 1
52 673 1
52 696 1
52 704 1
52 764 1
52 851 1
52 863 1
53 83 1
53 93 1
53 442 1
53 636 1
53 696 1
53 779 1
54 81 1
54 134 1
54 159 1
54 309 1
54 402 1
54 457 1
54 551 1
54 864 1
55 153 1
55 181 1
55 451 1
55 505 1
55 624 1
55 692 1
55 703 1
55 755 1
56 122 1
56 258 1
56 316 1
56 363 1
56 375 1
56 436 1
56 499 1
57 98 1
57 101 1
57 105 1
57 143 1
57 160 1
57 185 1
57 198 1
57 234 1
57 317 1
57 325 1
57 333 1
57 440 1
57 448 1
57 475 1
57 477 1
57 599 1
57 728 1
57 816 1
57 870 1
58 79 1
58 130 1
58 170 1
58 176 1
58 189 1
58 212 1
58 250 1
58 259 1
58 300 1
58 411 1
58 830 1
58 881 1
59 110 1
60 91 1
60 191 1
60 285 1
60 363 1
60 387 1
60 435 1
60 616 1
60 640 1
60 746 1
60 892 1
61 80 1
61 93 1
61 104 1
61 137 1
61 153 1
61 232 1
61 279 1
61 328 1
61 366 1
61 403 1
61 476 1
61 490 1
61 670 1
61 881 1
62 71 1
62 72 1
62 85 1
62 88 1
62 157 1
62 226 1
62 253 1
62 261 1
62 315 1
62 363 1
62 394 1
62 432 1
62 512 1
62 555 1
62 576 1
62 629 1
62 631 1
63 165 1
63 274 1
63 359 1
63 405 1
63 406 1
63 420 1
63 463 1
63 549 1
63 573 1
63 687 1
63 867 1
64 66 1
64 68 1
64 81 1
64 95 1
64 105 1
64 106 1
64 213 1
64 281 1
64 422 1
64 459 1
64 561 1
64 577 1
64 793 1
64 808 1
65 85 1
65 215 1
66 84 1
66 261 1
66 262 1
66 727 1
66 879 1
67 94 1
67 95 1
67 127 1
67 136 1
67 147 1
67 176 1
67 227 1
67 238 1
67 301 1
67 324 1
67 420 1
67 491 1
67 705 1
67 876 1
67 884 1
68 106 1
68 113 1
68 145 1
68 196 1
68 232 1
68 308 1
68 318 1
68 323 1
68 395 1
68 642 1
68 715 1
68 779 1
68 864 1
69 114 1
69 200 1
69 214 1
69 337 1
69 739 1
69 754 1
69 783 1
70 90 1
70 95 1
70 164 1
70 178 1
70 256 1
70 272 1
70 289 1
70 360 1
70 417 1
70 495 1
70 558 1
70 602 1
70 651 1
70 664 1
70 681 1
70 747 1
70 790 1
71 127 1
71 719 1
71 776 1
71 868 1
72 109 1
72 111 1
72 225 1
72 237 1
72 310 1
72 311 1
72 315 1
72 332 1
72 337 1
72 383 1
72 571 1
73 74 1
73 77 1
73 128 1
73 158 1
73 239 1
73 342 1
73 351 1
73 490 1
73 514 1
73 538 1
73 539 1
73 549 1
73 690 1
74 101 1
74 163 1
74 182 1
74 219 1
74 348 1
74 377 1
74 389 1
74 525 1
74 655 1
74 718 1
75 88 1
75 148 1
75 189 1
75 200 1
75 211 1
75 212 1
75 225 1
75 719 1
75 829 1
76 87 1
76 170 1
76 185 1
76 209 1
76 254 1
76 441 1
76 625 1
76 651 1
76 805 1
76 870 1
77 105 1
77 129 1
77 205 1
77 330 1
77 594 1
77 597 1
77 661 1
78 180 1
78 295 1
78 299 1
78 305 1
78 320 1
78 348 1
78 396 1
78 496 1
78 554 1
78 624 1
78 733 1
79 98 1
79 108 1
79 115 1
79 135 1
79 179 1
79 200 1
79 212 1
79 256 1
79 262 1
79 272 1
79 277 1
79 291 1
79 455 1
79 583 1
79 592 1
79 594 1
79 660 1
79 685 1
79 787 1
79 878 1
80 160 1
80 203 1
80 518 1
80 617 1
81 92 1
81 97 1
81 151 1
81 246 1
81 299 1
81 383 1
81 507 1
81 530 1
81 553 1
81 565 1
81 659 1
81 740 1
81 787 1
81 809 1
81 832 1
82 303 1
82 317 1
82 369 1
82 437 1
82 464 1
82 480 1
82 519 1
82 663 1
83 108 1
83 114 1
83 196 1
83 206 1
83 228 1
83 240 1
83 284 1
83 306 1
83 370 1
83 440 1
83 500 1
83 534 1
83 756 1
83 761 1
84 133 1
84 408 1
84 471 1
84 618 1
84 711 1
84 838 1
85 96 1
85 103 1
85 127 1
85 416 1
85 486 1
85 510 1
85 685 1
85 775 1
86 97 1
86 121 1
86 230 1
86 236 1
86 390 1
86 436 1
86 621 1
86 658 1
86 697 1
86 837 1
87 152 1
87 379 1
87 409 1
87 539 1
87 647 1
88 189 1
88 257 1
88 403 1
88 435 1
89 132 1
89 285 1
89 324 1
89 327 1
89 346 1
89 365 1
89 497 1
89 541 1
89 574 1
89 594 1
89 631 1
89 659 1
90 136 1
90 254 1
90 275 1
90 392 1
90 614 1
91 188 1
91 214 1
91 218 1
91 292 1
91 472 1
91 486 1
91 892 1
92 132 1
92 301 1
93 106 1
93 190 1
93 640 1
93 884 1
94 180 1
94 195 1
94 334 1
94 822 1
96 307 1
96 610 1
97 373 1
97 604 1
97 619 1
97 799 1
98 115 1
98 197 1
98 207 1
98 249 1
98 252 1
98 293 1
98 334 1
98 338 1
98 593 1
98 630 1
98 778 1
99 147 1
99 182 1
99 224 1
99 404 1
99 461 1
99 516 1
99 554 1
99 742 1
99 839 1
100 164 1
100 167 1
100 174 1
100 350 1
100 386 1
100 480 1
100 662 1
101 177 1
101 247 1
101 415 1
102 159 1
102 183 1
102 545 1
102 666 1
103 122 1
103 191 1
103 259 1
103 296 1
103 391 1
103 591 1
103 611 1
104 255 1
104 326 1
104 336 1
104 368 1
104 462 1
104 500 1
105 167 1
105 211 1
105 295 1
105 352 1
106 169 1
106 583 1
106 804 1
107 119 1
107 138 1
107 142 1
107 159 1
107 224 1
107 311 1
107 450 1
107 539 1
107 612 1
107 683 1
108 112 1
108 139 1
108 141 1
108 156 1
108 177 1
108 217 1
108 219 1
108 238 1
108 266 1
108 273 1
108 286 1
108 326 1
108 333 1
108 367 1
108 449 1
108 550 1
108 604 1
108 648 1
108 665 1
108 744 1
108 764 1
108 806 1
109 417 1
109 643 1
109 697 1
110 134 1
110 185 1
110 223 1
110 235 1
110 236 1
110 282 1
110 445 1
110 649 1
111 113 1
111 165 1
111 175 1
111 208 1
111 213 1
111 300 1
111 537 1
111 587 1
111 766 1
111 773 1
112 188 1
112 193 1
112 266 1
112 397 1
112 412 1
112 419 1
112 494 1
112 628 1
112 695 1
112 839 1
113 133 1
113 226 1
113 347 1
113 398 1
113 628 1
113 649 1
113 725 1
113 849 1
114 150 1
114 169 1
114 202 1
114 290 1
114 472 1
114 511 1
114 532 1
114 598 1
114 677 1
115 118 1
115 120 1
115 162 1
115 514 1
115 730 1
115 750 1
115 777 1
116 147 1
116 174 1
116 300 1
116 307 1
116 422 1
116 435 1
116 514 1
116 545 1
116 552 1
116 635 1
116 679 1
117 322 1
117 329 1
117 390 1
117 469 1
117 481 1
117 752 1
117 850 1
117 869 1
118 420 1
118 427 1
118 777 1
119 125 1
119 137 1
119 157 1
119 206 1
119 244 1
119 248 1
119 284 1
119 288 1
119 404 1
119 428 1
119 452 1
119 487 1
119 507 1
119 559 1
119 572 1
119 583 1
119 585 1
119 676 1
119 809 1
119 873 1
120 155 1
120 209 1
120 288 1
120 328 1
120 479 1
120 772 1
121 135 1
121 233 1
121 261 1
121 364 1
121 405 1
121 642 1
121 739 1
121 780 1
122 146 1
122 201 1
122 204 1
122 391 1
122 419 1
122 569 1
122 580 1
122 762 1
123 148 1
123 281 1
123 325 1
123 336 1
124 126 1
124 149 1
124 158 1
124 262 1
124 283 1
124 312 1
124 324 1
124 711 1
125 382 1
125 585 1
125 587 1
125 871 1
126 190 1
126 213 1
126 218 1
126 757 1
127 215 1
127 356 1
127 395 1
127 466 1
127 540 1
127 557 1
127 642 1
128 314 1
128 617 1
128 717 1
128 739 1
129 133 1
129 137 1
129 139 1
129 142 1
129 178 1
129 255 1
129 285 1
129 312 1
129 321 1
129 369 1
129 412 1
129 436 1
129 507 1
129 513 1
129 543 1
129 623 1
129 703 1
129 711 1
129 773 1
129 796 1
129 801 1
129 858 1
130 151 1
130 192 1
130 231 1
130 258 1
130 339 1
130 345 1
130 421 1
130 453 1
130 513 1
130 606 1
130 667 1
130 697 1
130 706 1
130 739 1
130 772 1
131 321 1
131 346 1
131 365 1
131 680 1
131 804 1
131 830 1
132 375 1
132 415 1
132 579 1
132 618 1
133 161 1
133 199 1
133 224 1
133 238 1
133 312 1
133 399 1
133 406 1
133 483 1
133 562 1
133 626 1
133 644 1
133 772 1
133 786 1
134 178 1
135 278 1
135 347 1
135 366 1
135 784 1
135 899 1
136 180 1
136 257 1
136 323 1
136 388 1
136 434 1
136 465 1
136 501 1
136 506 1
136 653 1
136 676 1
136 714 1
136 771 1
137 140 1
137 260 1
137 364 1
137 803 1
138 187 1
138 249 1
138 455 1
138 470 1
138 574 1
138 796 1
139 154 1
139 355 1
139 442 1
139 622 1
139 894 1
140 162 1
140 241 1
140 495 1
140 535 1
140 630 1
140 641 1
140 723 1
141 144 1
141 251 1
141 341 1
141 360 1
141 405 1
141 432 1
141 478 1
141 540 1
141 609 1
141 707 1
141 813 1
142 349 1
142 358 1
142 395 1
142 538 1
142 692 1
142 694 1
142 716 1
142 776 1
142 788 1
142 854 1
143 256 1
143 418 1
144 160 1
144 163 1
144 196 1
144 285 1
144 407 1
144 629 1
144 821 1
144 846 1
144 878 1
145 165 1
145 259 1
145 374 1
145 528 1
145 702 1
145 891 1
146 155 1
146 204 1
146 394 1
146 531 1
146 610 1
146 865 1
148 279 1
148 286 1
148 320 1
148 522 1
148 727 1
148 847 1
148 855 1
149 256 1
149 267 1
149 444 1
149 515 1
149 705 1
149 828 1
151 233 1
151 330 1
151 339 1
151 344 1
151 359 1
151 419 1
151 575 1
151 742 1
151 831 1
151 835 1
151 863 1
152 237 1
152 303 1
152 309 1
152 347 1
152 573 1
152 653 1
153 168 1
153 201 1
153 210 1
153 229 1
153 553 1
153 610 1
153 645 1
153 783 1
153 785 1
154 182 1
154 498 1
154 868 1
155 482 1
155 555 1
155 810 1
156 217 1
156 268 1
156 286 1
156 595 1
156 783 1
156 875 1
157 271 1
157 389 1
157 542 1
157 626 1
157 815 1
157 816 1
158 684 1
158 786 1
159 312 1
159 355 1
159 444 1
159 600 1
159 812 1
159 888 1
160 774 1
161 334 1
161 792 1
161 797 1
162 175 1
162 298 1
162 329 1
162 344 1
162 546 1
162 549 1
162 553 1
162 709 1
162 729 1
162 781 1
162 892 1
163 297 1
163 831 1
164 380 1
164 685 1
165 275 1
165 359 1
165 394 1
165 608 1
166 228 1
166 352 1
166 543 1
166 544 1
166 740 1
166 782 1
167 672 1
168 185 1
168 197 1
168 207 1
168 252 1
168 263 1
168 366 1
168 752 1
168 860 1
169 210 1
169 253 1
169 370 1
169 379 1
169 471 1
169 519 1
169 596 1
169 722 1
169 726 1
171 242 1
171 411 1
171 861 1
172 198 1
172 344 1
172 668 1
172 831 1
172 889 1
173 204 1
174 187 1
174 206 1
174 297 1
174 401 1
175 622 1
176 270 1
176 693 1
177 375 1
178 221 1
178 343 1
178 632 1
178 665 1
179 331 1
179 508 1
179 699 1
179 725 1
179 789 1
180 221 1
180 351 1
180 469 1
180 650 1
180 829 1
181 186 1
181 273 1
181 345 1
181 386 1
181 471 1
181 493 1
181 504 1
181 520 1
181 577 1
181 702 1
181 820 1
182 322 1
182 457 1
182 525 1
183 283 1
183 381 1
183 557 1
183 706 1
183 713 1
183 759 1
183 860 1
184 277 1
184 469 1
184 560 1
184 744 1
184 762 1
185 441 1
185 826 1
186 718 1
186 887 1
187 226 1
187 496 1
187 644 1
187 667 1
188 241 1
188 483 1
188 509 1
188 547 1
188 580 1
188 588 1
188 662 1
188 709 1
188 754 1
188 899 1
189 229 1
189 252 1
189 263 1
189 282 1
189 439 1
189 447 1
189 535 1
189 623 1
189 715 1
189 891 1
190 754 1
191 208 1
191 234 1
191 484 1
191 504 1
191 601 1
191 886 1
192 287 1
192 658 1
192 710 1
193 289 1
193 380 1
193 423 1
193 508 1
193 605 1
193 608 1
193 819 1
194 266 1
194 589 1
194 620 1
194 636 1
194 698 1
194 811 1
194 818 1
195 358 1
195 638 1
197 216 1
197 227 1
197 231 1
197 233 1
197 255 1
197 422 1
197 446 1
197 588 1
197 778 1
197 816 1
197 822 1
198 490 1
198 573 1
199 209 1
199 214 1
199 334 1
199 374 1
199 412 1
199 500 1
199 841 1
200 264 1
200 342 1
200 500 1
201 228 1
201 272 1
201 345 1
201 361 1
201 821 1
201 840 1
201 856 1
202 362 1
202 548 1
202 839 1
202 844 1
203 231 1
203 391 1
203 666 1
203 882 1
204 518 1
204 552 1
205 639 1
206 223 1
206 305 1
206 414 1
206 858 1
207 254 1
207 278 1
207 450 1
207 665 1
207 788 1
207 827 1
208 384 1
208 473 1
208 563 1
209 276 1
209 319 1
209 349 1
209 351 1
209 374 1
209 676 1
209 722 1
209 794 1
210 249 1
210 269 1
210 356 1
210 567 1
210 780 1
211 356 1
212 234 1
212 582 1
212 668 1
212 777 1
212 851 1
213 319 1
213 483 1
214 628 1
214 645 1
214 818 1
215 243 1
215 257 1
215 371 1
215 824 1
215 882 1
216 233 1
216 270 1
216 315 1
216 417 1
216 472 1
216 819 1
216 857 1
217 287 1
217 405 1
217 496 1
217 767 1
217 778 1
217 854 1
217 869 1
218 761 1
219 245 1
219 274 1
219 335 1
219 479 1
219 520 1
219 584 1
219 593 1
219 712 1
220 288 1
220 323 1
220 389 1
220 438 1
220 546 1
220 550 1
220 592 1
220 629 1
220 814 1
221 678 1
222 291 1
222 511 1
223 235 1
223 332 1
223 453 1
223 616 1
223 882 1
224 242 1
224 387 1
224 434 1
224 619 1
224 654 1
224 832 1
225 243 1
225 280 1
225 305 1
225 328 1
225 790 1
225 847 1
226 255 1
226 271 1
226 327 1
226 428 1
226 781 1
227 252 1
227 298 1
227 314 1
227 763 1
227 832 1
228 248 1
228 298 1
228 423 1
228 499 1
228 605 1
230 338 1
230 376 1
230 460 1
230 591 1
231 518 1
232 239 1
232 314 1
232 326 1
232 486 1
232 533 1
232 571 1
232 624 1
232 686 1
232 826 1
233 448 1
233 742 1
233 758 1
233 829 1
235 291 1
235 568 1
235 836 1
235 843 1
236 380 1
237 241 1
237 458 1
237 527 1
238 251 1
238 271 1
238 297 1
238 313 1
238 372 1
238 397 1
238 550 1
238 613 1
238 657 1
238 872 1
239 304 1
239 367 1
239 439 1
239 492 1
239 654 1
240 281 1
240 290 1
240 473 1
241 426 1
241 457 1
241 775 1
241 862 1
242 357 1
243 304 1
243 306 1
243 396 1
243 746 1
244 333 1
244 381 1
244 468 1
244 700 1
245 374 1
245 398 1
245 418 1
245 443 1
245 521 1
245 737 1
246 370 1
246 504 1
246 839 1
247 248 1
247 311 1
247 371 1
247 556 1
248 322 1
248 396 1
248 501 1
249 293 1
249 819 1
250 254 1
250 637 1
251 268 1
251 296 1
251 332 1
251 408 1
251 409 1
251 427 1
251 588 1
251 630 1
251 674 1
251 731 1
251 807 1
252 282 1
252 403 1
252 522 1
252 752 1
252 875 1
253 261 1
253 375 1
253 723 1
253 732 1
254 608 1
255 399 1
255 421 1
255 726 1
256 292 1
256 309 1
256 355 1
256 449 1
256 478 1
256 561 1
256 568 1
256 712 1
256 768 1
257 467 1
257 653 1
257 882 1
258 492 1
258 560 1
258 570 1
258 713 1
258 801 1
259 316 1
259 335 1
259 517 1
259 708 1
260 369 1
260 846 1
260 859 1
261 275 1
261 303 1
261 341 1
261 446 1
261 533 1
261 593 1
261 636 1
261 644 1
261 723 1
261 837 1
262 300 1
262 530 1
262 561 1
262 569 1
262 652 1
262 784 1
262 787 1
262 855 1
262 857 1
263 498 1
263 651 1
263 701 1
264 385 1
264 455 1
265 413 1
265 700 1
266 280 1
266 430 1
266 733 1
267 486 1
268 311 1
268 562 1
269 416 1
269 431 1
269 555 1
269 627 1
269 775 1
270 368 1
270 590 1
270 600 1
270 660 1
270 760 1
271 423 1
271 741 1
272 279 1
272 335 1
272 418 1
272 461 1
272 476 1
272 578 1
272 602 1
273 529 1
273 639 1
273 678 1
273 859 1
274 302 1
274 354 1
274 770 1
275 489 1
276 426 1
276 689 1
276 719 1
276 811 1
276 835 1
277 443 1
277 461 1
277 898 1
278 320 1
278 328 1
278 462 1
278 468 1
278 482 1
278 513 1
278 527 1
278 579 1
278 637 1
278 715 1
278 792 1
278 794 1
279 360 1
279 617 1
279 667 1
279 844 1
280 359 1
280 394 1
280 425 1
280 442 1
280 607 1
280 651 1
280 751 1
280 842 1
281 419 1
281 450 1
281 464 1
281 499 1
281 661 1
281 737 1
282 684 1
283 377 1
283 395 1
283 485 1
283 600 1
283 601 1
283 691 1
283 846 1
284 331 1
284 463 1
284 481 1
284 708 1
284 897 1
286 453 1
286 673 1
286 694 1
288 881 1
289 445 1
289 452 1
290 426 1
290 758 1
290 848 1
291 337 1
291 757 1
292 429 1
292 503 1
292 712 1
292 751 1
292 767 1
293 310 1
293 601 1
293 657 1
293 673 1
293 694 1
293 755 1
293 778 1
294 308 1
294 376 1
294 433 1
294 596 1
294 876 1
295 493 1
296 502 1
296 576 1
296 716 1
296 760 1
296 824 1
297 463 1
297 818 1
297 840 1
298 489 1
298 604 1
299 301 1
299 314 1
299 512 1
299 544 1
299 591 1
299 736 1
299 765 1
299 820 1
301 330 1
301 343 1
301 438 1
301 674 1
301 823 1
302 343 1
302 748 1
303 410 1
303 446 1
303 456 1
303 489 1
303 682 1
303 890 1
304 883 1
305 385 1
305 650 1
305 748 1
306 310 1
306 498 1
306 639 1
306 874 1
307 321 1
307 411 1
307 476 1
307 705 1
307 729 1
307 836 1
308 380 1
308 782 1
309 335 1
309 397 1
309 680 1
309 734 1
310 656 1
310 755 1
311 770 1
312 452 1
312 501 1
312 583 1
313 503 1
313 625 1
313 833 1
313 893 1
314 321 1
314 352 1
314 383 1
314 724 1
315 614 1
316 385 1
317 318 1
317 646 1
318 439 1
318 480 1
318 879 1
319 341 1
320 354 1
320 557 1
320 841 1
321 548 1
322 615 1
322 616 1
322 663 1
322 698 1
322 785 1
323 438 1
323 510 1
323 715 1
323 873 1
324 537 1
324 678 1
324 702 1
324 872 1
325 693 1
325 733 1
325 805 1
326 463 1
326 536 1
326 660 1
326 883 1
328 701 1
329 440 1
329 524 1
329 529 1
329 694 1
329 890 1
330 406 1
331 563 1
331 653 1
331 897 1
332 338 1
332 444 1
332 491 1
332 681 1
332 682 1
333 631 1
333 900 1
334 373 1
334 383 1
335 382 1
335 458 1
335 806 1
335 824 1
336 365 1
336 679 1
337 682 1
338 747 1
338 843 1
340 378 1
340 852 1
340 885 1
340 888 1
340 890 1
341 377 1
341 456 1
341 634 1
342 456 1
342 564 1
342 704 1
343 550 1
343 692 1
344 363 1
344 531 1
344 541 1
344 689 1
345 536 1
345 700 1
345 810 1
346 599 1
346 871 1
347 390 1
348 619 1
348 688 1
349 400 1
349 478 1
349 843 1
350 464 1
350 814 1
350 844 1
351 376 1
351 568 1
351 577 1
351 812 1
352 433 1
352 896 1
353 361 1
353 481 1
354 556 1
355 400 1
355 538 1
355 540 1
355 544 1
355 828 1
357 643 1
357 672 1
358 590 1
358 825 1
359 427 1
359 735 1
360 407 1
361 421 1
361 441 1
361 538 1
361 598 1
361 770 1
362 369 1
362 750 1
363 386 1
363 640 1
363 689 1
364 697 1
364 803 1
365 547 1
365 751 1
365 830 1
365 886 1
366 497 1
366 825 1
367 373 1
367 769 1
368 462 1
369 731 1
370 758 1
370 844 1
371 429 1
371 742 1
371 757 1
371 772 1
371 795 1
371 899 1
372 616 1
373 624 1
374 398 1
375 459 1
375 470 1
376 488 1
376 532 1
376 759 1
377 625 1
378 487 1
378 497 1
378 542 1
378 635 1
378 773 1
378 791 1
379 423 1
379 647 1
379 760 1
382 797 1
382 845 1
382 850 1
384 730 1
385 472 1
385 488 1
385 517 1
386 528 1
387 458 1
387 553 1
387 607 1
388 447 1
388 798 1
389 745 1
389 751 1
390 413 1
390 443 1
390 571 1
390 701 1
390 765 1
391 655 1
391 892 1
392 507 1
393 504 1
394 603 1
394 670 1
394 845 1
398 533 1
398 607 1
398 849 1
400 544 1
401 688 1
401 756 1
402 565 1
402 671 1
402 898 1
403 526 1
403 663 1
403 675 1
406 603 1
406 704 1
406 769 1
407 524 1
407 586 1
407 656 1
407 774 1
407 835 1
407 894 1
408 605 1
408 884 1
409 460 1
409 475 1
411 491 1
411 526 1
411 686 1
411 750 1
412 623 1
412 811 1
412 845 1
413 523 1
414 425 1
414 589 1
414 724 1
414 816 1
414 845 1
415 476 1
415 492 1
419 464 1
419 528 1
419 578 1
419 884 1
421 431 1
421 598 1
421 606 1
422 745 1
423 445 1
423 512 1
424 528 1
424 873 1
425 762 1
425 819 1
426 535 1
426 707 1
426 848 1
428 477 1
429 554 1
429 591 1
429 740 1
429 743 1
431 765 1
431 831 1
431 875 1
432 626 1
432 812 1
434 511 1
434 566 1
435 832 1
436 573 1
436 698 1
438 808 1
439 517 1
439 827 1
440 541 1
440 547 1
440 763 1
441 542 1
442 454 1
442 498 1
442 802 1
442 894 1
443 521 1
443 590 1
443 684 1
443 766 1
444 650 1
445 462 1
445 579 1
449 494 1
449 635 1
450 509 1
450 575 1
450 581 1
450 870 1
451 570 1
451 800 1
453 764 1
454 501 1
454 576 1
455 516 1
455 731 1
455 756 1
456 489 1
456 515 1
456 561 1
457 793 1
458 527 1
458 555 1
458 566 1
458 779 1
459 622 1
459 873 1
460 558 1
460 584 1
460 741 1
460 829 1
461 695 1
462 465 1
462 572 1
462 579 1
464 519 1
464 631 1
465 527 1
465 679 1
466 610 1
467 540 1
467 580 1
467 799 1
468 510 1
468 637 1
470 674 1
471 533 1
471 820 1
473 817 1
473 830 1
475 534 1
475 601 1
475 714 1
476 721 1
479 746 1
480 523 1
481 856 1
482 537 1
482 879 1
483 484 1
483 497 1
483 727 1
484 587 1
484 646 1
484 841 1
484 887 1
485 728 1
485 740 1
487 586 1
487 635 1
487 707 1
487 886 1
488 589 1
488 774 1
489 797 1
490 712 1
490 798 1
492 545 1
494 514 1
494 779 1
495 627 1
495 701 1
495 824 1
499 737 1
503 676 1
503 688 1
505 541 1
506 826 1
507 513 1
507 551 1
507 791 1
509 804 1
513 649 1
514 889 1
515 606 1
516 731 1
517 708 1
518 781 1
519 576 1
520 547 1
523 642 1
524 586 1
524 611 1
524 675 1
524 875 1
525 714 1
526 608 1
526 663 1
526 664 1
526 706 1
527 529 1
527 767 1
528 567 1
528 866 1
529 575 1
529 781 1
530 578 1
530 683 1
530 706 1
532 630 1
532 741 1
533 736 1
533 842 1
535 802 1
535 855 1
536 620 1
538 578 1
540 570 1
540 571 1
541 660 1
541 834 1
542 795 1
542 815 1
543 776 1
544 659 1
544 900 1
545 815 1
546 605 1
547 763 1
548 650 1
548 782 1
549 710 1
550 592 1
550 865 1
552 815 1
554 562 1
556 684 1
557 633 1
557 685 1
557 798 1
557 853 1
559 638 1
559 796 1
560 699 1
562 640 1
562 847 1
563 761 1
566 670 1
566 793 1
567 776 1
567 866 1
568 743 1
568 799 1
570 662 1
570 695 1
570 711 1
570 800 1
570 801 1
571 646 1
572 743 1
572 771 1
572 782 1
572 863 1
573 590 1
573 826 1
575 615 1
577 681 1
578 597 1
578 690 1
578 872 1
579 794 1
580 683 1
581 675 1
582 654 1
583 788 1
584 587 1
584 738 1
584 836 1
587 643 1
588 838 1
588 853 1
589 645 1
589 724 1
592 652 1
592 732 1
592 898 1
593 867 1
595 861 1
597 690 1
597 749 1
599 648 1
601 805 1
601 833 1
602 664 1
603 780 1
604 626 1
604 707 1
604 788 1
606 895 1
608 735 1
609 871 1
609 895 1
611 646 1
611 749 1
612 852 1
612 868 1
615 734 1
616 878 1
617 661 1
617 803 1
619 876 1
620 789 1
623 799 1
623 801 1
623 891 1
624 869 1
626 854 1
629 647 1
630 702 1
630 753 1
634 768 1
637 868 1
638 696 1
638 792 1
641 880 1
643 752 1
644 761 1
645 775 1
646 710 1
649 849 1
650 677 1
650 818 1
652 848 1
654 713 1
655 748 1
659 823 1
660 877 1
661 667 1
663 664 1
663 759 1
663 810 1
663 857 1
670 896 1
674 692 1
674 723 1
674 774 1
680 859 1
681 749 1
681 860 1
684 722 1
689 833 1
690 852 1
691 720 1
694 860 1
695 811 1
696 783 1
699 745 1
699 848 1
701 717 1
702 717 1
702 720 1
703 710 1
703 719 1
706 722 1
706 747 1
706 807 1
713 825 1
714 807 1
717 734 1
717 872 1
720 879 1
723 837 1
727 758 1
729 871 1
732 865 1
734 862 1
736 790 1
739 748 1
743 825 1
747 756 1
747 786 1
747 883 1
748 863 1
749 880 1
750 897 1
751 886 1
754 836 1
758 889 1
759 780 1
761 771 1
764 827 1
766 894 1
772 887 1
774 785 1
776 789 1
782 794 1
787 893 1
788 854 1
788 861 1
790 847 1
794 876 1
795 862 1
798 853 1
799 822 1
801 856 1
803 841 1
808 877 1
831 838 1
831 867 1
846 888 1
847 850 1
847 864 1
873 874 1
