1000 3983 
1 5 1
1 6 1
1 8 1
1 9 1
1 16 1
1 23 1
1 24 1
1 27 1
1 32 1
1 36 1
1 40 1
1 56 1
1 74 1
1 75 1
1 77 1
1 79 1
1 126 1
1 129 1
1 137 1
1 157 1
1 206 1
1 225 1
1 229 1
1 250 1
1 264 1
1 315 1
1 324 1
1 329 1
1 363 1
1 369 1
1 387 1
1 514 1
1 539 1
1 542 1
1 564 1
1 605 1
1 627 1
1 667 1
1 675 1
1 676 1
1 707 1
1 864 1
1 867 1
1 883 1
1 954 1
1 987 1
2 5 1
2 6 1
2 7 1
2 8 1
2 14 1
2 19 1
2 21 1
2 25 1
2 26 1
2 28 1
2 34 1
2 38 1
2 42 1
2 47 1
2 62 1
2 75 1
2 76 1
2 97 1
2 100 1
2 109 1
2 116 1
2 140 1
2 174 1
2 214 1
2 256 1
2 275 1
2 276 1
2 363 1
2 374 1
2 442 1
2 446 1
2 470 1
2 484 1
2 493 1
2 504 1
2 521 1
2 524 1
2 608 1
2 629 1
2 639 1
2 670 1
2 679 1
2 802 1
2 828 1
2 837 1
2 840 1
2 842 1
2 871 1
2 873 1
2 887 1
2 929 1
2 953 1
2 961 1
2 975 1
2 981 1
2 984 1
2 993 1
3 5 1
3 6 1
3 7 1
3 10 1
3 11 1
3 12 1
3 13 1
3 19 1
3 21 1
3 24 1
3 29 1
3 30 1
3 36 1
3 40 1
3 41 1
3 44 1
3 48 1
3 51 1
3 52 1
3 56 1
3 62 1
3 67 1
3 69 1
3 73 1
3 74 1
3 87 1
3 89 1
3 93 1
3 101 1
3 102 1
3 104 1
3 106 1
3 114 1
3 129 1
3 131 1
3 135 1
3 141 1
3 167 1
3 182 1
3 197 1
3 233 1
3 234 1
3 237 1
3 241 1
3 257 1
3 261 1
3 273 1
3 279 1
3 298 1
3 313 1
3 334 1
3 349 1
3 350 1
3 356 1
3 387 1
3 391 1
3 441 1
3 451 1
3 511 1
3 517 1
3 545 1
3 548 1
3 561 1
3 573 1
3 575 1
3 582 1
3 633 1
3 637 1
3 664 1
3 668 1
3 671 1
3 672 1
3 676 1
3 677 1
3 680 1
3 690 1
3 693 1
3 706 1
3 709 1
3 716 1
3 747 1
3 760 1
3 768 1
3 787 1
3 831 1
3 860 1
3 866 1
3 877 1
3 916 1
3 917 1
3 924 1
3 985 1
3 990 1
3 998 1
4 5 1
4 10 1
4 11 1
4 26 1
4 172 1
4 198 1
4 202 1
4 208 1
4 345 1
4 540 1
4 630 1
4 697 1
4 862 1
5 6 1
5 7 1
5 8 1
5 9 1
5 12 1
5 16 1
5 22 1
5 32 1
5 34 1
5 36 1
5 39 1
5 41 1
5 54 1
5 64 1
5 75 1
5 117 1
5 119 1
5 136 1
5 140 1
5 150 1
5 164 1
5 179 1
5 192 1
5 199 1
5 219 1
5 239 1
5 240 1
5 247 1
5 261 1
5 262 1
5 310 1
5 325 1
5 358 1
5 359 1
5 375 1
5 406 1
5 412 1
5 444 1
5 487 1
5 502 1
5 516 1
5 529 1
5 535 1
5 549 1
5 559 1
5 562 1
5 577 1
5 592 1
5 642 1
5 714 1
5 744 1
5 745 1
5 773 1
5 836 1
5 845 1
5 857 1
5 914 1
5 936 1
5 951 1
5 956 1
5 960 1
6 7 1
6 8 1
6 11 1
6 13 1
6 14 1
6 15 1
6 17 1
6 26 1
6 31 1
6 36 1
6 39 1
6 43 1
6 44 1
6 51 1
6 52 1
6 57 1
6 65 1
6 68 1
6 76 1
6 77 1
6 83 1
6 84 1
6 90 1
6 92 1
6 110 1
6 121 1
6 123 1
6 130 1
6 132 1
6 146 1
6 152 1
6 155 1
6 159 1
6 161 1
6 172 1
6 203 1
6 210 1
6 222 1
6 224 1
6 233 1
6 248 1
6 249 1
6 251 1
6 280 1
6 300 1
6 307 1
6 321 1
6 340 1
6 344 1
6 368 1
6 412 1
6 414 1
6 420 1
6 427 1
6 434 1
6 479 1
6 487 1
6 490 1
6 520 1
6 531 1
6 542 1
6 569 1
6 595 1
6 601 1
6 618 1
6 620 1
6 621 1
6 655 1
6 663 1
6 724 1
6 732 1
6 745 1
6 758 1
6 764 1
6 765 1
6 771 1
6 812 1
6 969 1
6 970 1
6 979 1
6 993 1
7 9 1
7 13 1
7 14 1
7 18 1
7 19 1
7 20 1
7 22 1
7 35 1
7 37 1
7 41 1
7 43 1
7 44 1
7 45 1
7 49 1
7 50 1
7 51 1
7 54 1
7 57 1
7 60 1
7 63 1
7 64 1
7 73 1
7 77 1
7 85 1
7 89 1
7 101 1
7 106 1
7 117 1
7 119 1
7 129 1
7 143 1
7 144 1
7 150 1
7 173 1
7 209 1
7 212 1
7 226 1
7 250 1
7 278 1
7 311 1
7 317 1
7 322 1
7 347 1
7 358 1
7 382 1
7 407 1
7 430 1
7 445 1
7 454 1
7 464 1
7 482 1
7 491 1
7 500 1
7 501 1
7 513 1
7 515 1
7 581 1
7 596 1
7 648 1
7 681 1
7 696 1
7 704 1
7 761 1
7 777 1
7 826 1
7 863 1
7 928 1
7 947 1
7 952 1
8 9 1
8 10 1
8 14 1
8 16 1
8 21 1
8 28 1
8 46 1
8 64 1
8 76 1
8 80 1
8 113 1
8 133 1
8 203 1
8 208 1
8 211 1
8 238 1
8 267 1
8 331 1
8 353 1
8 364 1
8 366 1
8 382 1
8 405 1
8 409 1
8 496 1
8 497 1
8 535 1
8 536 1
8 604 1
8 629 1
8 715 1
8 722 1
8 755 1
8 784 1
8 786 1
8 788 1
9 10 1
9 12 1
9 18 1
9 20 1
9 23 1
9 33 1
9 41 1
9 47 1
9 48 1
9 52 1
9 53 1
9 66 1
9 82 1
9 87 1
9 93 1
9 113 1
9 126 1
9 138 1
9 140 1
9 145 1
9 154 1
9 157 1
9 159 1
9 161 1
9 169 1
9 179 1
9 196 1
9 215 1
9 235 1
9 293 1
9 298 1
9 309 1
9 326 1
9 329 1
9 341 1
9 343 1
9 356 1
9 381 1
9 383 1
9 386 1
9 400 1
9 402 1
9 417 1
9 450 1
9 456 1
9 467 1
9 475 1
9 493 1
9 494 1
9 502 1
9 537 1
9 612 1
9 643 1
9 684 1
9 699 1
9 700 1
9 716 1
9 727 1
9 732 1
9 738 1
9 739 1
9 742 1
9 804 1
9 838 1
9 856 1
9 865 1
9 874 1
9 950 1
9 988 1
10 11 1
10 13 1
10 15 1
10 17 1
10 24 1
10 25 1
10 27 1
10 28 1
10 30 1
10 31 1
10 37 1
10 38 1
10 42 1
10 46 1
10 51 1
10 57 1
10 61 1
10 65 1
10 66 1
10 69 1
10 79 1
10 85 1
10 87 1
10 95 1
10 104 1
10 120 1
10 156 1
10 162 1
10 174 1
10 204 1
10 215 1
10 223 1
10 228 1
10 231 1
10 255 1
10 269 1
10 281 1
10 297 1
10 304 1
10 326 1
10 339 1
10 371 1
10 389 1
10 400 1
10 413 1
10 432 1
10 499 1
10 551 1
10 561 1
10 569 1
10 572 1
10 580 1
10 609 1
10 621 1
10 637 1
10 653 1
10 697 1
10 742 1
10 763 1
10 799 1
10 815 1
10 943 1
10 949 1
10 961 1
10 962 1
10 974 1
10 982 1
10 984 1
11 12 1
11 15 1
11 16 1
11 21 1
11 34 1
11 52 1
11 56 1
11 64 1
11 74 1
11 94 1
11 95 1
11 100 1
11 133 1
11 138 1
11 165 1
11 178 1
11 194 1
11 197 1
11 243 1
11 260 1
11 282 1
11 296 1
11 300 1
11 314 1
11 349 1
11 441 1
11 519 1
11 535 1
11 538 1
11 552 1
11 593 1
11 630 1
11 637 1
11 670 1
11 723 1
11 746 1
11 756 1
11 811 1
11 829 1
11 834 1
11 846 1
11 906 1
11 990 1
12 19 1
12 35 1
12 50 1
12 67 1
12 230 1
12 238 1
12 371 1
12 384 1
12 388 1
12 592 1
12 669 1
12 689 1
12 821 1
12 849 1
12 864 1
12 865 1
12 942 1
13 15 1
13 23 1
13 27 1
13 29 1
13 32 1
13 39 1
13 42 1
13 57 1
13 101 1
13 103 1
13 105 1
13 167 1
13 208 1
13 265 1
13 277 1
13 339 1
13 378 1
13 409 1
13 494 1
13 555 1
13 568 1
13 577 1
13 628 1
13 770 1
13 795 1
13 814 1
13 935 1
14 20 1
14 24 1
14 31 1
14 55 1
14 71 1
14 73 1
14 78 1
14 102 1
14 111 1
14 147 1
14 170 1
14 184 1
14 196 1
14 216 1
14 236 1
14 269 1
14 290 1
14 306 1
14 324 1
14 325 1
14 335 1
14 432 1
14 643 1
14 686 1
14 688 1
14 720 1
14 835 1
14 849 1
14 874 1
14 960 1
15 17 1
15 18 1
15 25 1
15 50 1
15 58 1
15 60 1
15 92 1
15 112 1
15 113 1
15 124 1
15 125 1
15 131 1
15 139 1
15 170 1
15 174 1
15 248 1
15 250 1
15 253 1
15 254 1
15 269 1
15 338 1
15 367 1
15 390 1
15 395 1
15 405 1
15 416 1
15 505 1
15 543 1
15 554 1
15 693 1
15 723 1
15 764 1
15 782 1
15 817 1
15 836 1
15 839 1
15 854 1
15 872 1
15 878 1
15 879 1
15 882 1
15 941 1
15 980 1
15 994 1
16 17 1
16 23 1
16 25 1
16 29 1
16 30 1
16 34 1
16 40 1
16 60 1
16 61 1
16 66 1
16 78 1
16 80 1
16 84 1
16 86 1
16 98 1
16 102 1
16 112 1
16 121 1
16 127 1
16 146 1
16 148 1
16 159 1
16 170 1
16 189 1
16 195 1
16 222 1
16 240 1
16 251 1
16 253 1
16 258 1
16 268 1
16 289 1
16 317 1
16 319 1
16 365 1
16 398 1
16 407 1
16 432 1
16 481 1
16 482 1
16 532 1
16 612 1
16 641 1
16 666 1
16 674 1
16 713 1
16 715 1
16 782 1
16 791 1
16 794 1
16 799 1
16 840 1
16 891 1
16 896 1
16 947 1
17 18 1
17 20 1
17 28 1
17 29 1
17 33 1
17 37 1
17 69 1
17 74 1
17 84 1
17 114 1
17 123 1
17 145 1
17 149 1
17 152 1
17 160 1
17 168 1
17 170 1
17 180 1
17 182 1
17 186 1
17 193 1
17 210 1
17 213 1
17 252 1
17 267 1
17 302 1
17 357 1
17 365 1
17 379 1
17 415 1
17 424 1
17 463 1
17 476 1
17 525 1
17 526 1
17 534 1
17 583 1
17 585 1
17 600 1
17 602 1
17 611 1
17 623 1
17 734 1
17 740 1
17 758 1
17 769 1
17 797 1
17 818 1
17 832 1
17 922 1
17 946 1
17 950 1
17 952 1
17 977 1
18 56 1
18 59 1
18 72 1
18 84 1
18 86 1
18 91 1
18 110 1
18 128 1
18 130 1
18 142 1
18 171 1
18 205 1
18 227 1
18 247 1
18 307 1
18 315 1
18 322 1
18 352 1
18 353 1
18 359 1
18 366 1
18 440 1
18 465 1
18 501 1
18 505 1
18 515 1
18 533 1
18 556 1
18 587 1
18 598 1
18 601 1
18 604 1
18 712 1
18 749 1
18 757 1
18 815 1
18 816 1
18 852 1
18 883 1
18 935 1
18 936 1
18 995 1
19 22 1
19 35 1
19 49 1
19 50 1
19 58 1
19 66 1
19 85 1
19 90 1
19 107 1
19 116 1
19 118 1
19 135 1
19 188 1
19 207 1
19 208 1
19 215 1
19 222 1
19 238 1
19 262 1
19 270 1
19 285 1
19 305 1
19 344 1
19 355 1
19 422 1
19 464 1
19 486 1
19 586 1
19 606 1
19 652 1
19 748 1
19 785 1
19 792 1
19 869 1
19 900 1
20 26 1
20 27 1
20 30 1
20 54 1
20 55 1
20 81 1
20 86 1
20 110 1
20 127 1
20 184 1
20 198 1
20 204 1
20 215 1
20 216 1
20 237 1
20 256 1
20 275 1
20 333 1
20 378 1
20 393 1
20 462 1
20 529 1
20 624 1
20 641 1
20 645 1
20 678 1
20 700 1
20 851 1
20 886 1
20 996 1
21 22 1
21 33 1
21 35 1
21 40 1
21 46 1
21 71 1
21 93 1
21 96 1
21 109 1
21 130 1
21 134 1
21 213 1
21 245 1
21 313 1
21 332 1
21 395 1
21 443 1
21 479 1
21 481 1
21 532 1
21 547 1
21 613 1
21 826 1
21 841 1
21 848 1
21 944 1
21 962 1
22 38 1
22 43 1
22 45 1
22 152 1
22 164 1
22 207 1
22 242 1
22 278 1
22 281 1
22 460 1
22 558 1
22 582 1
22 665 1
22 784 1
22 869 1
22 907 1
23 32 1
23 37 1
23 42 1
23 48 1
23 77 1
23 97 1
23 145 1
23 260 1
23 265 1
23 410 1
23 445 1
23 465 1
23 517 1
23 589 1
23 860 1
24 31 1
24 38 1
24 53 1
24 63 1
24 68 1
24 72 1
24 88 1
24 166 1
24 231 1
24 256 1
24 297 1
24 298 1
24 476 1
24 530 1
24 565 1
24 635 1
24 655 1
24 710 1
24 725 1
24 827 1
24 875 1
24 903 1
24 911 1
24 948 1
25 39 1
25 88 1
25 98 1
25 100 1
25 123 1
25 157 1
25 220 1
25 261 1
25 349 1
25 351 1
25 359 1
25 375 1
25 591 1
25 602 1
25 607 1
25 636 1
25 684 1
25 847 1
25 887 1
25 896 1
25 995 1
26 43 1
26 55 1
26 60 1
26 89 1
26 99 1
26 102 1
26 115 1
26 137 1
26 143 1
26 218 1
26 397 1
26 411 1
26 492 1
26 506 1
26 642 1
26 658 1
26 721 1
26 750 1
26 859 1
26 982 1
27 144 1
27 295 1
27 378 1
27 396 1
27 412 1
27 877 1
27 912 1
27 965 1
27 998 1
28 96 1
28 129 1
28 377 1
28 416 1
28 428 1
28 880 1
29 70 1
29 83 1
29 135 1
29 160 1
29 231 1
29 264 1
29 323 1
29 383 1
29 384 1
29 396 1
29 424 1
29 434 1
29 458 1
29 523 1
29 574 1
29 687 1
29 819 1
30 33 1
30 58 1
30 62 1
30 98 1
30 177 1
30 196 1
30 293 1
30 372 1
30 560 1
30 666 1
30 675 1
30 739 1
31 48 1
31 49 1
31 70 1
31 171 1
31 176 1
31 392 1
31 431 1
31 461 1
31 485 1
31 507 1
31 598 1
31 605 1
31 886 1
31 893 1
31 894 1
31 971 1
32 109 1
32 125 1
32 126 1
32 268 1
32 304 1
32 316 1
32 410 1
32 435 1
32 892 1
32 917 1
32 970 1
32 982 1
33 53 1
33 62 1
33 68 1
33 72 1
33 88 1
33 96 1
33 115 1
33 165 1
33 183 1
33 245 1
33 256 1
33 265 1
33 283 1
33 304 1
33 414 1
33 488 1
33 568 1
33 573 1
33 580 1
33 645 1
33 741 1
33 767 1
33 802 1
33 824 1
33 895 1
33 971 1
34 45 1
34 63 1
34 105 1
34 121 1
34 189 1
34 211 1
34 597 1
34 823 1
34 831 1
35 99 1
35 116 1
35 191 1
35 203 1
35 244 1
35 286 1
35 378 1
35 494 1
35 525 1
35 541 1
36 59 1
36 70 1
36 96 1
36 103 1
36 134 1
36 136 1
36 333 1
36 757 1
36 759 1
36 832 1
36 921 1
36 932 1
36 949 1
37 45 1
37 75 1
37 76 1
37 108 1
37 223 1
37 287 1
37 405 1
37 723 1
37 756 1
37 854 1
38 63 1
38 165 1
38 277 1
38 360 1
38 449 1
38 608 1
38 648 1
38 718 1
38 880 1
38 930 1
39 86 1
39 110 1
39 228 1
39 289 1
39 321 1
39 675 1
40 54 1
40 93 1
40 192 1
40 280 1
40 288 1
40 606 1
40 658 1
41 67 1
41 88 1
41 114 1
41 115 1
41 128 1
41 139 1
41 173 1
41 259 1
41 260 1
41 303 1
41 395 1
41 511 1
41 579 1
41 859 1
42 47 1
42 73 1
42 218 1
42 313 1
42 328 1
42 624 1
43 44 1
43 47 1
43 49 1
43 68 1
43 71 1
43 111 1
43 155 1
43 235 1
43 258 1
43 345 1
43 403 1
43 411 1
43 458 1
43 461 1
43 520 1
43 590 1
43 598 1
43 714 1
43 739 1
43 758 1
43 801 1
43 810 1
43 967 1
43 998 1
44 46 1
44 59 1
44 61 1
44 65 1
44 72 1
44 107 1
44 112 1
44 124 1
44 140 1
44 183 1
44 187 1
44 191 1
44 199 1
44 209 1
44 223 1
44 232 1
44 242 1
44 326 1
44 341 1
44 359 1
44 401 1
44 421 1
44 438 1
44 440 1
44 478 1
44 510 1
44 583 1
44 584 1
44 634 1
44 660 1
44 673 1
44 740 1
44 783 1
44 807 1
44 821 1
45 55 1
45 97 1
45 118 1
45 152 1
45 206 1
45 248 1
45 373 1
45 387 1
45 578 1
45 737 1
45 745 1
45 792 1
46 206 1
46 519 1
46 563 1
46 678 1
46 704 1
46 786 1
46 799 1
47 99 1
47 163 1
47 177 1
47 190 1
47 202 1
47 218 1
47 311 1
47 536 1
47 566 1
47 645 1
47 729 1
47 749 1
47 890 1
47 941 1
48 59 1
48 80 1
48 199 1
48 242 1
48 312 1
48 335 1
48 489 1
48 503 1
48 616 1
48 622 1
48 970 1
49 90 1
49 114 1
49 122 1
49 127 1
49 149 1
49 154 1
49 235 1
49 239 1
49 332 1
49 334 1
49 342 1
49 407 1
49 423 1
49 456 1
49 499 1
49 564 1
49 707 1
49 765 1
50 137 1
50 380 1
50 419 1
50 492 1
50 587 1
50 695 1
51 83 1
51 89 1
51 94 1
51 108 1
51 109 1
51 194 1
51 272 1
51 329 1
51 381 1
51 382 1
51 436 1
51 472 1
51 683 1
51 712 1
51 777 1
51 791 1
51 807 1
51 881 1
51 895 1
52 53 1
52 61 1
52 115 1
52 149 1
52 159 1
52 162 1
52 180 1
52 181 1
52 190 1
52 220 1
52 274 1
52 321 1
52 328 1
52 386 1
52 404 1
52 430 1
52 458 1
52 479 1
52 505 1
52 528 1
52 544 1
52 617 1
52 659 1
52 733 1
52 738 1
52 774 1
52 824 1
52 966 1
53 94 1
53 133 1
53 169 1
53 175 1
53 188 1
53 203 1
53 224 1
53 299 1
53 447 1
53 539 1
53 569 1
53 587 1
53 607 1
53 646 1
53 654 1
53 814 1
53 919 1
53 928 1
53 974 1
53 992 1
54 58 1
54 81 1
54 118 1
54 123 1
54 155 1
54 202 1
54 206 1
54 254 1
54 267 1
54 270 1
54 303 1
54 348 1
54 365 1
54 374 1
54 382 1
54 437 1
54 661 1
54 669 1
54 674 1
54 703 1
54 705 1
54 800 1
54 886 1
54 898 1
54 919 1
54 963 1
55 65 1
55 99 1
55 148 1
55 185 1
55 342 1
55 445 1
55 446 1
55 657 1
55 661 1
55 849 1
56 69 1
56 91 1
56 124 1
56 131 1
56 238 1
56 270 1
56 367 1
56 397 1
56 429 1
56 726 1
56 793 1
56 919 1
56 935 1
56 959 1
57 90 1
57 143 1
57 200 1
57 361 1
57 467 1
57 843 1
57 938 1
58 103 1
58 167 1
58 254 1
58 399 1
59 81 1
59 105 1
59 167 1
59 266 1
59 401 1
59 436 1
59 437 1
59 459 1
59 494 1
59 508 1
59 511 1
59 546 1
59 789 1
59 920 1
60 91 1
60 119 1
60 141 1
60 155 1
60 172 1
60 226 1
60 267 1
60 322 1
60 367 1
60 459 1
60 477 1
60 490 1
60 532 1
60 629 1
60 683 1
60 707 1
60 751 1
60 775 1
60 830 1
60 908 1
61 82 1
61 91 1
61 117 1
61 120 1
61 124 1
61 139 1
61 148 1
61 264 1
61 291 1
61 306 1
61 339 1
61 419 1
61 439 1
61 512 1
61 527 1
61 556 1
61 597 1
61 642 1
61 646 1
61 724 1
61 806 1
61 836 1
62 79 1
62 128 1
62 240 1
62 372 1
62 446 1
62 481 1
62 487 1
62 495 1
62 507 1
62 599 1
62 678 1
62 710 1
62 756 1
62 778 1
63 80 1
63 83 1
63 97 1
63 255 1
63 312 1
63 380 1
63 622 1
63 779 1
64 78 1
64 176 1
64 212 1
64 302 1
64 311 1
64 698 1
64 801 1
64 820 1
64 852 1
64 886 1
64 898 1
64 928 1
65 67 1
65 138 1
65 151 1
65 320 1
65 373 1
65 507 1
65 790 1
65 870 1
65 979 1
66 98 1
66 111 1
66 117 1
66 120 1
66 128 1
66 146 1
66 177 1
66 185 1
66 201 1
66 217 1
66 226 1
66 276 1
66 283 1
66 288 1
66 291 1
66 299 1
66 355 1
66 356 1
66 374 1
66 379 1
66 413 1
66 454 1
66 513 1
66 590 1
66 595 1
66 634 1
66 641 1
66 646 1
66 687 1
66 701 1
66 751 1
66 754 1
66 775 1
66 797 1
66 854 1
66 913 1
66 944 1
66 945 1
66 997 1
67 111 1
67 230 1
67 280 1
67 474 1
68 108 1
68 192 1
68 231 1
68 307 1
68 401 1
69 70 1
69 85 1
69 122 1
69 212 1
69 219 1
69 279 1
69 303 1
69 361 1
69 453 1
69 468 1
69 521 1
69 534 1
69 538 1
69 644 1
69 895 1
69 961 1
69 974 1
70 71 1
70 92 1
70 163 1
70 205 1
70 293 1
70 331 1
70 376 1
70 386 1
70 418 1
70 685 1
70 689 1
70 726 1
70 803 1
70 842 1
70 887 1
71 137 1
71 171 1
71 331 1
71 460 1
71 616 1
71 696 1
71 793 1
71 936 1
71 964 1
72 82 1
72 169 1
72 181 1
72 252 1
72 387 1
72 471 1
72 572 1
72 622 1
72 753 1
72 876 1
73 92 1
73 166 1
73 187 1
73 209 1
73 222 1
73 236 1
73 244 1
73 345 1
73 348 1
73 465 1
73 471 1
73 531 1
73 638 1
73 941 1
74 78 1
74 82 1
74 87 1
74 132 1
74 153 1
74 179 1
74 221 1
74 557 1
74 702 1
74 762 1
74 776 1
74 842 1
74 933 1
75 79 1
75 106 1
75 112 1
75 145 1
75 232 1
75 241 1
75 268 1
75 335 1
75 355 1
75 358 1
75 364 1
75 429 1
75 492 1
75 508 1
75 555 1
75 633 1
75 656 1
75 681 1
75 721 1
75 794 1
75 839 1
75 870 1
75 873 1
75 942 1
76 116 1
76 164 1
76 217 1
76 336 1
76 364 1
76 435 1
76 480 1
76 785 1
77 154 1
77 250 1
77 431 1
77 485 1
77 500 1
77 522 1
77 534 1
77 582 1
77 588 1
77 619 1
77 758 1
77 771 1
77 852 1
77 866 1
77 912 1
77 979 1
78 81 1
78 134 1
78 229 1
78 403 1
78 450 1
78 689 1
78 762 1
78 923 1
79 149 1
79 219 1
79 520 1
79 567 1
79 632 1
79 693 1
79 989 1
80 106 1
80 118 1
80 163 1
80 177 1
80 302 1
80 318 1
80 500 1
80 582 1
80 597 1
80 699 1
80 711 1
80 750 1
80 855 1
80 927 1
81 105 1
81 125 1
81 144 1
81 150 1
81 151 1
81 190 1
81 201 1
81 205 1
81 210 1
81 328 1
81 372 1
81 385 1
81 412 1
81 416 1
81 491 1
81 535 1
81 661 1
81 753 1
81 766 1
81 884 1
81 911 1
81 948 1
82 191 1
82 194 1
82 216 1
82 281 1
82 464 1
82 703 1
82 714 1
82 891 1
83 135 1
83 158 1
83 225 1
83 292 1
83 329 1
83 357 1
83 403 1
83 657 1
83 691 1
83 727 1
83 897 1
83 899 1
84 176 1
84 184 1
84 243 1
84 257 1
84 368 1
84 426 1
84 531 1
84 617 1
84 967 1
85 101 1
85 178 1
85 211 1
85 266 1
85 286 1
85 287 1
85 310 1
85 353 1
85 436 1
85 481 1
85 505 1
85 525 1
85 578 1
85 833 1
86 107 1
86 168 1
86 187 1
86 224 1
86 226 1
86 230 1
86 265 1
86 289 1
86 294 1
86 296 1
86 301 1
86 336 1
86 337 1
86 516 1
86 527 1
86 559 1
86 576 1
86 660 1
86 673 1
86 837 1
87 104 1
87 108 1
87 141 1
87 153 1
87 200 1
87 305 1
87 408 1
87 550 1
87 596 1
87 664 1
87 959 1
88 198 1
88 252 1
88 285 1
88 341 1
88 635 1
88 858 1
89 95 1
89 147 1
89 237 1
89 278 1
89 297 1
89 340 1
89 344 1
89 362 1
89 390 1
89 575 1
89 750 1
89 774 1
89 903 1
90 122 1
90 178 1
90 207 1
90 449 1
90 637 1
90 650 1
90 748 1
90 968 1
91 95 1
91 130 1
91 308 1
91 449 1
92 94 1
92 545 1
92 638 1
92 652 1
92 901 1
93 282 1
93 506 1
93 893 1
94 142 1
94 504 1
94 584 1
94 588 1
94 617 1
94 736 1
94 808 1
94 914 1
95 103 1
95 127 1
95 160 1
95 351 1
95 365 1
95 379 1
95 518 1
95 557 1
95 632 1
95 650 1
95 838 1
95 911 1
95 913 1
95 937 1
96 107 1
96 220 1
96 276 1
96 288 1
96 463 1
96 464 1
96 485 1
96 698 1
96 711 1
96 789 1
96 911 1
97 186 1
97 233 1
97 285 1
97 557 1
97 608 1
97 969 1
98 122 1
98 133 1
98 141 1
98 160 1
98 278 1
98 320 1
98 323 1
98 389 1
98 556 1
98 563 1
98 612 1
98 655 1
98 737 1
98 739 1
98 818 1
98 835 1
98 913 1
98 932 1
99 132 1
99 171 1
99 326 1
99 423 1
99 503 1
99 740 1
99 857 1
100 185 1
100 217 1
100 243 1
100 347 1
100 349 1
100 730 1
101 119 1
101 172 1
101 186 1
101 248 1
101 383 1
101 406 1
101 425 1
101 461 1
101 626 1
101 630 1
101 691 1
102 147 1
102 183 1
102 314 1
102 394 1
103 104 1
103 142 1
103 173 1
103 205 1
103 214 1
103 237 1
103 244 1
103 285 1
103 295 1
103 317 1
103 340 1
103 344 1
103 419 1
103 453 1
103 474 1
103 487 1
103 495 1
103 571 1
103 662 1
103 682 1
103 691 1
103 715 1
103 721 1
103 735 1
103 750 1
103 755 1
103 810 1
103 832 1
103 875 1
103 910 1
103 957 1
103 969 1
104 162 1
104 233 1
104 441 1
104 452 1
104 482 1
104 495 1
104 744 1
104 839 1
104 851 1
104 856 1
104 868 1
104 906 1
104 909 1
105 132 1
105 187 1
105 282 1
105 324 1
105 342 1
105 436 1
105 577 1
105 826 1
105 879 1
106 232 1
106 787 1
107 143 1
107 234 1
107 259 1
107 292 1
107 370 1
107 371 1
107 442 1
107 611 1
107 915 1
107 932 1
107 946 1
108 120 1
108 146 1
108 153 1
108 197 1
108 216 1
108 330 1
108 381 1
108 399 1
108 413 1
108 421 1
108 422 1
108 486 1
108 544 1
108 595 1
108 605 1
108 635 1
108 675 1
108 738 1
108 805 1
108 856 1
108 882 1
108 950 1
108 983 1
109 125 1
109 136 1
109 142 1
109 158 1
109 213 1
109 227 1
109 245 1
109 271 1
109 279 1
109 386 1
109 451 1
109 454 1
109 462 1
109 731 1
109 863 1
110 246 1
110 305 1
110 325 1
110 600 1
110 610 1
110 640 1
110 664 1
110 674 1
110 810 1
110 813 1
111 113 1
111 150 1
111 151 1
111 168 1
111 229 1
111 327 1
111 337 1
111 404 1
111 429 1
111 697 1
111 701 1
111 702 1
111 726 1
112 179 1
112 606 1
113 121 1
113 158 1
113 195 1
113 200 1
113 217 1
113 244 1
113 391 1
113 400 1
113 408 1
113 452 1
113 588 1
113 712 1
113 795 1
113 807 1
113 818 1
114 136 1
114 148 1
114 175 1
114 183 1
114 296 1
114 354 1
114 475 1
114 528 1
114 551 1
114 880 1
115 337 1
115 506 1
116 178 1
116 228 1
116 241 1
116 385 1
116 420 1
116 521 1
116 581 1
116 727 1
116 809 1
116 811 1
116 905 1
117 184 1
118 375 1
118 460 1
119 221 1
119 253 1
119 438 1
119 714 1
119 719 1
121 156 1
121 243 1
121 253 1
121 263 1
121 284 1
121 307 1
121 557 1
121 592 1
121 684 1
122 126 1
122 166 1
122 263 1
122 377 1
122 614 1
122 828 1
123 220 1
123 408 1
123 415 1
123 594 1
123 885 1
123 912 1
124 139 1
124 153 1
124 180 1
124 260 1
124 370 1
124 558 1
124 584 1
124 961 1
124 979 1
125 154 1
125 263 1
125 320 1
125 350 1
125 455 1
125 581 1
125 755 1
125 994 1
126 131 1
126 147 1
126 192 1
126 264 1
126 383 1
126 621 1
126 858 1
127 193 1
127 249 1
127 314 1
127 357 1
127 398 1
127 550 1
127 694 1
128 188 1
128 346 1
128 421 1
128 471 1
128 526 1
128 985 1
129 182 1
129 337 1
129 573 1
129 854 1
130 164 1
130 168 1
130 246 1
130 292 1
130 348 1
130 433 1
130 462 1
130 478 1
130 624 1
130 660 1
130 708 1
130 753 1
130 826 1
130 841 1
131 134 1
131 144 1
131 306 1
131 352 1
131 413 1
131 459 1
131 685 1
131 830 1
131 909 1
133 175 1
133 211 1
133 252 1
133 259 1
133 318 1
133 447 1
133 622 1
133 821 1
134 195 1
134 242 1
134 323 1
134 340 1
134 402 1
134 522 1
135 225 1
135 312 1
135 450 1
135 453 1
135 599 1
135 624 1
135 631 1
135 648 1
135 659 1
136 138 1
136 151 1
136 158 1
136 162 1
136 165 1
136 221 1
136 271 1
136 275 1
136 330 1
136 331 1
136 350 1
136 363 1
136 461 1
136 476 1
136 483 1
136 488 1
136 509 1
136 547 1
136 558 1
136 585 1
136 623 1
136 662 1
136 663 1
136 708 1
136 776 1
136 813 1
136 838 1
136 868 1
136 927 1
136 945 1
136 965 1
136 990 1
137 156 1
137 472 1
137 503 1
137 696 1
138 161 1
138 596 1
138 607 1
139 409 1
139 450 1
139 569 1
139 616 1
139 907 1
139 928 1
140 303 1
140 470 1
140 820 1
140 828 1
140 953 1
141 908 1
141 999 1
142 189 1
142 272 1
142 428 1
142 525 1
143 258 1
143 295 1
143 310 1
143 320 1
143 768 1
143 772 1
144 315 1
144 384 1
144 539 1
144 570 1
144 606 1
144 651 1
144 704 1
144 754 1
144 925 1
145 180 1
145 200 1
145 204 1
145 339 1
145 499 1
145 545 1
145 651 1
145 725 1
145 731 1
145 843 1
145 872 1
146 157 1
146 161 1
146 181 1
146 190 1
146 239 1
146 273 1
146 300 1
146 362 1
146 574 1
146 745 1
146 751 1
146 789 1
146 832 1
146 844 1
146 937 1
147 191 1
147 234 1
147 362 1
147 730 1
147 939 1
147 999 1
148 163 1
148 195 1
148 294 1
148 372 1
148 377 1
148 452 1
148 484 1
148 526 1
148 593 1
148 629 1
148 688 1
148 728 1
148 905 1
149 173 1
149 174 1
149 212 1
149 230 1
149 251 1
149 283 1
149 308 1
149 423 1
149 428 1
149 434 1
149 444 1
149 518 1
149 544 1
149 559 1
149 632 1
149 636 1
149 653 1
149 790 1
149 814 1
149 929 1
149 934 1
150 218 1
150 269 1
150 443 1
150 671 1
150 806 1
150 888 1
150 995 1
151 219 1
151 401 1
151 571 1
151 891 1
152 156 1
152 193 1
152 308 1
152 431 1
152 469 1
152 537 1
152 575 1
152 971 1
153 166 1
153 368 1
153 385 1
153 392 1
153 427 1
153 976 1
153 977 1
153 981 1
154 196 1
154 241 1
154 327 1
154 352 1
154 369 1
154 396 1
154 406 1
154 415 1
154 579 1
154 600 1
154 770 1
154 798 1
154 810 1
154 889 1
155 182 1
155 385 1
155 449 1
155 769 1
155 885 1
156 169 1
156 188 1
156 193 1
156 194 1
156 227 1
156 249 1
156 288 1
156 336 1
156 338 1
156 710 1
156 763 1
156 973 1
156 997 1
157 232 1
157 380 1
157 391 1
157 648 1
158 181 1
158 283 1
158 311 1
158 445 1
158 473 1
158 496 1
158 562 1
158 964 1
159 448 1
159 558 1
159 774 1
160 327 1
160 530 1
160 615 1
160 623 1
160 627 1
161 246 1
161 301 1
161 446 1
161 526 1
161 742 1
161 788 1
161 904 1
162 189 1
162 271 1
162 509 1
162 630 1
162 686 1
162 773 1
162 861 1
162 956 1
162 965 1
162 976 1
163 175 1
163 360 1
163 389 1
163 435 1
163 524 1
163 779 1
164 207 1
164 493 1
164 897 1
165 257 1
165 766 1
165 795 1
165 988 1
166 489 1
166 980 1
166 981 1
167 425 1
167 679 1
167 958 1
168 176 1
168 185 1
168 625 1
170 186 1
170 482 1
170 498 1
170 553 1
170 626 1
170 850 1
171 659 1
171 780 1
172 198 1
172 202 1
172 261 1
172 440 1
172 900 1
174 251 1
174 404 1
174 625 1
174 746 1
174 789 1
175 210 1
175 304 1
175 370 1
175 377 1
175 543 1
175 722 1
175 729 1
176 295 1
176 459 1
176 531 1
176 653 1
176 811 1
176 824 1
176 938 1
177 197 1
177 439 1
177 508 1
177 862 1
177 887 1
178 199 1
178 262 1
178 282 1
178 362 1
178 424 1
178 447 1
178 488 1
178 538 1
178 692 1
178 716 1
178 978 1
179 223 1
179 259 1
179 297 1
179 473 1
179 553 1
179 706 1
180 201 1
180 274 1
180 280 1
180 302 1
180 327 1
180 334 1
180 391 1
180 397 1
180 497 1
180 620 1
180 690 1
180 763 1
180 830 1
181 266 1
181 274 1
181 414 1
181 473 1
181 549 1
181 576 1
181 628 1
181 654 1
181 853 1
182 258 1
182 291 1
182 656 1
182 708 1
183 300 1
183 324 1
183 352 1
183 380 1
183 551 1
184 272 1
185 228 1
185 316 1
185 330 1
186 489 1
187 393 1
187 740 1
187 839 1
187 991 1
188 225 1
188 338 1
188 462 1
188 820 1
189 214 1
189 247 1
189 287 1
189 570 1
189 639 1
189 686 1
189 694 1
189 820 1
190 204 1
190 290 1
190 299 1
190 613 1
190 655 1
191 201 1
192 239 1
192 305 1
192 332 1
192 360 1
192 541 1
192 730 1
193 249 1
193 271 1
193 291 1
193 514 1
193 538 1
193 977 1
193 978 1
193 983 1
194 255 1
194 292 1
194 316 1
194 347 1
194 426 1
194 999 1
195 209 1
195 350 1
195 694 1
195 824 1
196 390 1
196 434 1
196 611 1
196 935 1
197 318 1
197 388 1
197 467 1
197 503 1
197 679 1
199 221 1
199 236 1
199 601 1
199 706 1
199 713 1
200 328 1
200 426 1
200 463 1
200 470 1
200 893 1
200 924 1
201 268 1
201 497 1
202 406 1
202 514 1
202 549 1
202 615 1
202 755 1
202 963 1
202 991 1
203 357 1
203 384 1
203 395 1
203 519 1
203 596 1
203 610 1
203 710 1
203 780 1
203 932 1
203 955 1
205 293 1
205 398 1
205 427 1
205 457 1
205 677 1
205 691 1
206 463 1
206 483 1
207 276 1
207 366 1
207 466 1
207 649 1
208 262 1
208 290 1
208 308 1
208 367 1
208 498 1
208 512 1
208 667 1
209 214 1
209 224 1
209 254 1
209 348 1
209 529 1
209 536 1
209 787 1
210 235 1
210 453 1
210 639 1
210 688 1
210 821 1
211 213 1
211 229 1
211 443 1
211 554 1
211 638 1
211 717 1
211 728 1
211 748 1
211 822 1
212 294 1
212 564 1
212 599 1
212 644 1
212 768 1
212 827 1
213 240 1
213 567 1
213 800 1
214 234 1
214 417 1
215 289 1
215 479 1
215 633 1
215 958 1
215 1000 1
216 275 1
216 342 1
216 566 1
216 834 1
216 875 1
217 379 1
217 663 1
218 477 1
218 776 1
218 842 1
219 287 1
219 537 1
220 418 1
221 354 1
221 484 1
221 618 1
221 732 1
221 752 1
221 760 1
221 934 1
222 356 1
222 457 1
222 542 1
222 566 1
222 694 1
222 729 1
222 748 1
222 890 1
222 903 1
223 227 1
223 255 1
223 361 1
223 528 1
223 553 1
223 734 1
223 872 1
223 918 1
223 930 1
224 333 1
225 551 1
225 801 1
225 852 1
225 923 1
226 273 1
226 353 1
226 571 1
226 609 1
227 424 1
227 736 1
228 358 1
228 578 1
228 627 1
229 286 1
229 323 1
229 440 1
229 522 1
230 236 1
230 246 1
230 343 1
230 669 1
230 844 1
232 363 1
232 510 1
232 647 1
232 976 1
232 987 1
233 263 1
233 272 1
233 277 1
233 347 1
233 404 1
233 502 1
233 568 1
233 733 1
233 873 1
233 902 1
233 953 1
234 257 1
234 371 1
234 396 1
234 418 1
234 530 1
234 627 1
234 972 1
234 987 1
235 420 1
235 653 1
235 762 1
235 878 1
236 247 1
236 325 1
236 388 1
236 501 1
236 519 1
236 770 1
236 877 1
236 922 1
236 926 1
236 938 1
236 940 1
237 245 1
237 286 1
237 486 1
237 509 1
237 543 1
237 892 1
238 480 1
238 603 1
238 721 1
238 732 1
238 794 1
239 443 1
239 798 1
240 466 1
241 405 1
241 546 1
244 270 1
244 335 1
244 559 1
244 579 1
244 784 1
244 892 1
245 437 1
245 524 1
246 466 1
246 480 1
246 997 1
247 277 1
247 310 1
247 315 1
247 341 1
248 279 1
248 417 1
248 790 1
249 301 1
249 319 1
249 321 1
249 474 1
250 428 1
250 523 1
250 548 1
250 604 1
250 670 1
251 266 1
251 397 1
251 496 1
251 735 1
251 867 1
252 591 1
252 614 1
252 623 1
252 644 1
252 908 1
253 319 1
253 416 1
253 692 1
253 705 1
253 771 1
254 389 1
254 399 1
254 419 1
254 422 1
254 560 1
254 823 1
255 447 1
255 561 1
255 572 1
255 767 1
255 779 1
255 882 1
256 414 1
257 281 1
257 309 1
257 565 1
257 811 1
258 273 1
258 411 1
258 439 1
259 274 1
259 478 1
259 649 1
261 312 1
261 313 1
261 361 1
261 642 1
262 484 1
262 516 1
262 609 1
262 741 1
262 792 1
262 997 1
263 284 1
263 332 1
263 408 1
263 409 1
263 493 1
263 497 1
263 500 1
263 577 1
263 665 1
263 775 1
263 843 1
265 369 1
265 433 1
265 448 1
265 718 1
265 860 1
265 914 1
265 947 1
267 296 1
267 376 1
268 603 1
268 634 1
268 773 1
268 957 1
268 991 1
269 314 1
271 426 1
271 958 1
272 290 1
272 345 1
272 393 1
272 410 1
272 647 1
272 847 1
273 299 1
273 309 1
274 284 1
274 306 1
274 316 1
274 425 1
274 451 1
274 568 1
274 768 1
274 781 1
274 838 1
274 934 1
275 530 1
275 573 1
275 687 1
276 772 1
276 808 1
276 915 1
277 360 1
277 625 1
277 659 1
277 809 1
277 853 1
278 284 1
278 354 1
278 368 1
278 407 1
278 448 1
278 533 1
279 545 1
279 856 1
279 927 1
280 425 1
280 444 1
280 469 1
280 757 1
280 951 1
282 309 1
282 374 1
282 457 1
282 682 1
283 317 1
283 534 1
283 851 1
284 402 1
284 669 1
285 298 1
285 576 1
285 831 1
285 954 1
286 486 1
286 741 1
286 772 1
287 437 1
287 483 1
287 489 1
287 543 1
288 294 1
288 677 1
288 904 1
289 392 1
289 411 1
289 767 1
289 850 1
289 957 1
290 364 1
290 376 1
290 474 1
290 571 1
290 831 1
291 597 1
292 626 1
293 318 1
293 343 1
293 429 1
293 472 1
293 555 1
293 661 1
293 728 1
293 796 1
293 900 1
294 301 1
294 334 1
294 336 1
294 523 1
294 587 1
294 769 1
294 959 1
296 346 1
296 455 1
296 471 1
296 848 1
296 947 1
297 346 1
297 444 1
297 611 1
297 933 1
297 970 1
299 322 1
299 477 1
299 502 1
299 540 1
299 542 1
299 595 1
299 672 1
299 685 1
299 733 1
299 735 1
299 806 1
299 864 1
299 978 1
300 319 1
300 439 1
300 448 1
300 451 1
300 515 1
300 548 1
300 674 1
300 718 1
300 765 1
300 876 1
300 993 1
301 902 1
302 366 1
302 488 1
302 517 1
302 592 1
303 550 1
304 476 1
304 580 1
304 699 1
304 912 1
305 330 1
305 727 1
305 746 1
306 351 1
306 369 1
306 399 1
306 925 1
307 375 1
307 381 1
307 438 1
307 517 1
307 555 1
307 621 1
307 743 1
307 762 1
307 846 1
307 945 1
308 373 1
308 418 1
308 566 1
308 692 1
308 781 1
308 968 1
309 835 1
309 895 1
309 981 1
309 1000 1
311 567 1
311 649 1
312 355 1
312 499 1
312 520 1
312 776 1
312 799 1
312 889 1
313 400 1
313 442 1
313 610 1
313 944 1
314 338 1
315 354 1
315 422 1
315 458 1
315 539 1
315 593 1
315 920 1
317 700 1
317 752 1
318 672 1
318 728 1
318 773 1
319 394 1
319 719 1
319 822 1
320 563 1
320 786 1
322 469 1
323 579 1
323 671 1
323 785 1
323 986 1
324 663 1
325 333 1
325 388 1
325 392 1
325 570 1
325 940 1
326 527 1
326 695 1
327 402 1
327 658 1
327 734 1
327 972 1
328 376 1
328 403 1
328 546 1
328 646 1
329 454 1
329 475 1
329 511 1
329 620 1
329 815 1
329 908 1
330 498 1
330 585 1
330 650 1
330 955 1
331 695 1
331 849 1
333 410 1
333 527 1
333 618 1
333 888 1
334 619 1
336 490 1
336 564 1
336 717 1
336 980 1
337 417 1
338 343 1
338 668 1
338 800 1
339 398 1
339 483 1
339 509 1
339 770 1
340 346 1
340 351 1
340 370 1
340 473 1
340 743 1
340 803 1
340 860 1
340 939 1
341 855 1
341 919 1
341 996 1
342 657 1
342 709 1
342 836 1
344 373 1
344 580 1
344 668 1
344 923 1
345 605 1
345 828 1
346 394 1
346 423 1
346 793 1
346 901 1
347 581 1
347 613 1
347 788 1
349 466 1
349 682 1
349 747 1
349 760 1
349 968 1
350 470 1
350 662 1
350 920 1
351 563 1
351 736 1
351 793 1
352 720 1
352 724 1
352 783 1
353 455 1
353 491 1
353 590 1
353 604 1
353 822 1
354 433 1
354 999 1
356 874 1
357 421 1
357 438 1
357 594 1
357 701 1
357 988 1
358 441 1
358 761 1
358 874 1
359 540 1
360 457 1
360 825 1
360 855 1
362 746 1
362 759 1
362 963 1
363 430 1
365 430 1
365 841 1
366 501 1
366 957 1
367 609 1
367 697 1
367 937 1
369 713 1
370 390 1
370 468 1
370 550 1
370 709 1
370 717 1
370 942 1
370 983 1
371 778 1
371 809 1
372 415 1
372 432 1
373 547 1
373 690 1
373 952 1
374 393 1
374 819 1
374 879 1
375 591 1
376 576 1
376 790 1
379 556 1
379 631 1
380 431 1
381 603 1
381 670 1
381 744 1
382 864 1
382 885 1
382 949 1
383 910 1
384 512 1
384 540 1
385 628 1
385 769 1
386 394 1
386 718 1
387 643 1
388 537 1
388 560 1
388 565 1
388 583 1
388 737 1
388 988 1
389 475 1
389 504 1
389 705 1
390 873 1
391 548 1
391 594 1
391 620 1
393 640 1
394 593 1
394 722 1
394 901 1
395 455 1
395 562 1
395 712 1
395 834 1
397 518 1
397 552 1
397 656 1
397 711 1
397 850 1
397 973 1
398 749 1
399 433 1
399 546 1
400 774 1
400 916 1
401 589 1
402 456 1
402 779 1
404 698 1
404 881 1
404 916 1
405 861 1
406 442 1
406 570 1
406 603 1
406 673 1
406 707 1
406 711 1
406 743 1
406 909 1
407 896 1
408 680 1
409 472 1
409 480 1
409 907 1
409 986 1
410 541 1
410 731 1
412 504 1
412 656 1
412 868 1
414 420 1
414 784 1
414 889 1
415 427 1
415 791 1
415 878 1
415 942 1
415 985 1
416 469 1
416 532 1
416 633 1
416 764 1
416 914 1
417 599 1
417 658 1
417 884 1
417 901 1
418 614 1
418 883 1
420 645 1
420 676 1
420 715 1
420 763 1
420 825 1
420 939 1
422 512 1
423 544 1
424 495 1
424 972 1
425 435 1
425 468 1
425 614 1
425 666 1
425 847 1
425 921 1
425 962 1
426 618 1
427 485 1
427 516 1
427 522 1
427 572 1
427 702 1
427 766 1
427 870 1
428 456 1
428 705 1
429 719 1
429 1000 1
430 959 1
430 985 1
431 809 1
431 817 1
433 465 1
433 761 1
434 619 1
435 452 1
435 651 1
437 636 1
437 829 1
438 602 1
438 639 1
438 767 1
439 654 1
440 816 1
441 549 1
442 467 1
442 508 1
442 963 1
442 966 1
443 640 1
443 680 1
443 798 1
443 807 1
443 880 1
444 913 1
446 514 1
448 910 1
449 515 1
449 547 1
449 560 1
449 897 1
449 926 1
450 510 1
450 787 1
450 964 1
451 513 1
451 518 1
451 651 1
452 460 1
452 920 1
453 477 1
453 528 1
453 801 1
453 939 1
454 561 1
455 652 1
456 492 1
456 819 1
458 490 1
458 792 1
459 786 1
459 805 1
462 843 1
463 478 1
464 468 1
464 726 1
464 735 1
464 802 1
464 845 1
465 899 1
468 491 1
470 702 1
472 567 1
472 585 1
472 903 1
473 804 1
475 662 1
476 554 1
476 975 1
477 513 1
477 615 1
477 915 1
478 754 1
479 925 1
480 652 1
480 782 1
480 924 1
481 554 1
481 578 1
481 588 1
481 847 1
481 910 1
482 496 1
482 583 1
482 631 1
482 943 1
483 647 1
483 704 1
483 777 1
483 851 1
484 506 1
484 610 1
484 615 1
484 616 1
484 640 1
484 752 1
485 498 1
486 738 1
487 524 1
487 664 1
488 775 1
488 785 1
488 840 1
488 877 1
489 743 1
489 780 1
490 521 1
490 736 1
490 796 1
491 619 1
491 657 1
491 688 1
491 841 1
492 553 1
494 840 1
494 865 1
495 955 1
498 562 1
498 690 1
498 857 1
499 533 1
499 676 1
499 695 1
499 791 1
500 936 1
500 948 1
500 958 1
501 533 1
501 638 1
501 861 1
501 898 1
502 584 1
502 636 1
502 660 1
502 703 1
502 780 1
503 643 1
503 804 1
504 507 1
504 973 1
505 949 1
506 565 1
507 510 1
507 586 1
507 667 1
507 804 1
507 890 1
508 666 1
508 761 1
508 857 1
508 888 1
509 782 1
510 802 1
512 523 1
512 987 1
513 665 1
513 833 1
513 943 1
515 601 1
515 667 1
515 890 1
516 586 1
516 783 1
516 882 1
517 612 1
517 899 1
518 632 1
518 971 1
519 678 1
520 682 1
521 719 1
521 759 1
522 724 1
522 850 1
523 552 1
523 751 1
524 848 1
525 867 1
525 940 1
526 706 1
526 834 1
527 586 1
528 529 1
528 733 1
529 900 1
530 654 1
532 613 1
533 536 1
533 815 1
535 552 1
537 923 1
538 541 1
538 575 1
538 818 1
538 830 1
538 946 1
538 984 1
539 591 1
539 647 1
539 683 1
539 967 1
540 742 1
540 756 1
541 685 1
541 717 1
542 617 1
542 689 1
542 699 1
542 933 1
543 701 1
543 734 1
543 808 1
544 747 1
544 827 1
547 598 1
548 993 1
550 600 1
554 590 1
557 608 1
559 649 1
559 692 1
559 796 1
559 817 1
560 757 1
561 918 1
561 933 1
562 924 1
563 589 1
563 759 1
563 846 1
564 921 1
566 883 1
566 967 1
567 574 1
567 681 1
567 725 1
567 1000 1
568 594 1
568 683 1
569 574 1
569 602 1
569 905 1
571 955 1
571 960 1
572 672 1
573 725 1
573 788 1
576 668 1
577 665 1
577 681 1
577 720 1
578 589 1
578 814 1
578 833 1
579 635 1
579 813 1
581 922 1
583 795 1
583 891 1
583 995 1
584 631 1
584 634 1
584 772 1
584 863 1
586 978 1
587 794 1
588 872 1
589 833 1
592 698 1
595 796 1
596 607 1
596 749 1
596 753 1
600 884 1
600 915 1
600 951 1
601 626 1
601 644 1
601 937 1
601 966 1
602 778 1
603 641 1
603 673 1
603 764 1
604 628 1
604 805 1
604 853 1
606 835 1
609 730 1
610 625 1
610 716 1
610 868 1
610 885 1
611 816 1
613 859 1
615 848 1
616 703 1
616 871 1
622 906 1
622 990 1
624 729 1
627 858 1
627 881 1
629 731 1
629 927 1
630 686 1
630 696 1
630 922 1
630 954 1
635 722 1
635 889 1
636 812 1
637 650 1
637 713 1
637 781 1
637 846 1
637 879 1
637 926 1
641 989 1
643 687 1
644 677 1
644 679 1
644 822 1
644 944 1
644 996 1
645 684 1
645 862 1
646 991 1
649 844 1
650 700 1
653 946 1
655 823 1
655 931 1
657 803 1
661 754 1
663 671 1
663 871 1
664 693 1
665 680 1
665 798 1
668 845 1
668 929 1
670 744 1
670 859 1
671 871 1
673 765 1
673 837 1
675 954 1
676 825 1
677 723 1
681 878 1
682 778 1
683 771 1
684 989 1
685 951 1
692 708 1
692 737 1
692 781 1
694 747 1
694 943 1
695 931 1
695 940 1
697 777 1
698 904 1
698 909 1
699 869 1
700 752 1
701 869 1
702 766 1
704 720 1
705 709 1
705 797 1
706 986 1
707 827 1
708 812 1
708 813 1
709 797 1
709 862 1
711 855 1
711 956 1
714 867 1
718 973 1
719 817 1
720 741 1
723 800 1
723 994 1
724 875 1
726 894 1
726 930 1
727 816 1
729 926 1
731 803 1
735 783 1
735 902 1
735 905 1
739 823 1
740 897 1
741 853 1
744 812 1
751 881 1
752 760 1
758 806 1
765 837 1
766 938 1
768 948 1
768 956 1
770 921 1
776 930 1
777 931 1
778 844 1
780 902 1
780 917 1
785 858 1
785 896 1
785 960 1
785 982 1
786 805 1
793 819 1
793 892 1
793 918 1
795 825 1
795 934 1
795 974 1
796 845 1
797 808 1
797 898 1
797 945 1
797 975 1
803 992 1
807 876 1
812 866 1
813 906 1
814 870 1
815 861 1
818 866 1
818 894 1
818 976 1
819 918 1
822 829 1
822 998 1
825 888 1
825 980 1
826 893 1
827 829 1
828 952 1
829 863 1
838 884 1
839 950 1
840 865 1
840 904 1
842 992 1
844 994 1
845 929 1
851 931 1
853 907 1
858 941 1
862 917 1
863 965 1
864 975 1
874 876 1
879 992 1
880 899 1
882 968 1
893 894 1
898 966 1
899 984 1
900 953 1
902 916 1
902 925 1
903 969 1
904 986 1
906 977 1
907 983 1
921 962 1
921 989 1
922 972 1
936 964 1
964 996 1
