1200 4782 
1 5 1
1 9 1
1 18 1
1 35 1
1 50 1
1 119 1
1 142 1
1 196 1
1 229 1
1 291 1
1 292 1
1 305 1
1 331 1
1 434 1
1 675 1
1 725 1
1 875 1
1 949 1
1 1182 1
2 5 1
2 6 1
2 7 1
2 8 1
2 9 1
2 10 1
2 11 1
2 16 1
2 17 1
2 19 1
2 23 1
2 28 1
2 29 1
2 31 1
2 34 1
2 37 1
2 42 1
2 43 1
2 46 1
2 48 1
2 52 1
2 53 1
2 55 1
2 58 1
2 63 1
2 64 1
2 70 1
2 71 1
2 73 1
2 76 1
2 81 1
2 83 1
2 86 1
2 97 1
2 98 1
2 104 1
2 108 1
2 109 1
2 111 1
2 112 1
2 114 1
2 117 1
2 124 1
2 127 1
2 128 1
2 130 1
2 132 1
2 134 1
2 143 1
2 146 1
2 161 1
2 180 1
2 181 1
2 183 1
2 189 1
2 193 1
2 195 1
2 201 1
2 204 1
2 217 1
2 230 1
2 253 1
2 273 1
2 280 1
2 294 1
2 317 1
2 320 1
2 327 1
2 366 1
2 380 1
2 381 1
2 402 1
2 403 1
2 408 1
2 409 1
2 447 1
2 451 1
2 460 1
2 462 1
2 463 1
2 482 1
2 487 1
2 532 1
2 545 1
2 559 1
2 564 1
2 595 1
2 607 1
2 615 1
2 617 1
2 640 1
2 641 1
2 679 1
2 680 1
2 687 1
2 694 1
2 695 1
2 712 1
2 732 1
2 740 1
2 746 1
2 779 1
2 785 1
2 796 1
2 833 1
2 863 1
2 890 1
2 895 1
2 920 1
2 928 1
2 935 1
2 958 1
2 987 1
2 992 1
2 999 1
2 1033 1
2 1057 1
2 1084 1
2 1127 1
2 1144 1
2 1171 1
3 5 1
3 6 1
3 8 1
3 12 1
3 13 1
3 15 1
3 19 1
3 20 1
3 21 1
3 22 1
3 26 1
3 38 1
3 41 1
3 46 1
3 54 1
3 57 1
3 66 1
3 73 1
3 75 1
3 76 1
3 77 1
3 87 1
3 92 1
3 95 1
3 100 1
3 102 1
3 105 1
3 107 1
3 126 1
3 141 1
3 145 1
3 146 1
3 164 1
3 166 1
3 172 1
3 181 1
3 194 1
3 208 1
3 214 1
3 221 1
3 242 1
3 253 1
3 254 1
3 270 1
3 271 1
3 275 1
3 289 1
3 311 1
3 321 1
3 322 1
3 334 1
3 365 1
3 371 1
3 393 1
3 415 1
3 458 1
3 460 1
3 466 1
3 477 1
3 482 1
3 501 1
3 508 1
3 529 1
3 544 1
3 559 1
3 568 1
3 570 1
3 577 1
3 595 1
3 612 1
3 648 1
3 678 1
3 685 1
3 696 1
3 705 1
3 709 1
3 737 1
3 747 1
3 762 1
3 835 1
3 848 1
3 861 1
3 905 1
3 911 1
3 913 1
3 918 1
3 930 1
3 965 1
3 972 1
3 974 1
3 976 1
3 996 1
3 1005 1
3 1030 1
3 1031 1
3 1047 1
3 1050 1
3 1067 1
3 1168 1
3 1190 1
4 5 1
4 6 1
4 7 1
4 8 1
4 10 1
4 13 1
4 15 1
4 16 1
4 17 1
4 22 1
4 23 1
4 24 1
4 25 1
4 27 1
4 28 1
4 32 1
4 33 1
4 34 1
4 49 1
4 51 1
4 53 1
4 55 1
4 59 1
4 60 1
4 65 1
4 67 1
4 68 1
4 77 1
4 81 1
4 97 1
4 101 1
4 105 1
4 111 1
4 113 1
4 115 1
4 116 1
4 121 1
4 137 1
4 139 1
4 146 1
4 158 1
4 159 1
4 162 1
4 163 1
4 166 1
4 175 1
4 182 1
4 205 1
4 211 1
4 216 1
4 219 1
4 224 1
4 233 1
4 239 1
4 240 1
4 249 1
4 281 1
4 287 1
4 292 1
4 296 1
4 304 1
4 310 1
4 311 1
4 314 1
4 325 1
4 327 1
4 343 1
4 350 1
4 368 1
4 374 1
4 386 1
4 401 1
4 406 1
4 422 1
4 424 1
4 425 1
4 427 1
4 449 1
4 450 1
4 469 1
4 473 1
4 479 1
4 485 1
4 498 1
4 527 1
4 539 1
4 542 1
4 584 1
4 588 1
4 593 1
4 600 1
4 606 1
4 609 1
4 614 1
4 615 1
4 618 1
4 623 1
4 630 1
4 696 1
4 705 1
4 726 1
4 728 1
4 741 1
4 742 1
4 745 1
4 776 1
4 780 1
4 794 1
4 797 1
4 812 1
4 815 1
4 840 1
4 856 1
4 858 1
4 870 1
4 881 1
4 888 1
4 910 1
4 935 1
4 943 1
4 964 1
4 969 1
4 981 1
4 991 1
4 999 1
4 1022 1
4 1043 1
4 1059 1
4 1061 1
4 1081 1
4 1119 1
4 1123 1
4 1137 1
4 1138 1
4 1159 1
4 1169 1
4 1171 1
5 6 1
5 7 1
5 8 1
5 11 1
5 12 1
5 13 1
5 14 1
5 16 1
5 17 1
5 21 1
5 25 1
5 29 1
5 30 1
5 43 1
5 50 1
5 61 1
5 65 1
5 69 1
5 76 1
5 80 1
5 85 1
5 91 1
5 94 1
5 97 1
5 98 1
5 106 1
5 113 1
5 118 1
5 127 1
5 128 1
5 138 1
5 141 1
5 142 1
5 144 1
5 145 1
5 150 1
5 154 1
5 159 1
5 162 1
5 171 1
5 185 1
5 198 1
5 202 1
5 210 1
5 218 1
5 271 1
5 282 1
5 283 1
5 299 1
5 315 1
5 330 1
5 337 1
5 342 1
5 345 1
5 351 1
5 353 1
5 357 1
5 361 1
5 370 1
5 375 1
5 389 1
5 398 1
5 429 1
5 447 1
5 454 1
5 470 1
5 485 1
5 494 1
5 524 1
5 529 1
5 535 1
5 549 1
5 556 1
5 557 1
5 562 1
5 580 1
5 592 1
5 634 1
5 637 1
5 640 1
5 701 1
5 717 1
5 725 1
5 752 1
5 755 1
5 804 1
5 819 1
5 843 1
5 851 1
5 871 1
5 889 1
5 890 1
5 903 1
5 906 1
5 930 1
5 954 1
5 957 1
5 980 1
5 985 1
5 996 1
5 997 1
5 1000 1
5 1003 1
5 1020 1
5 1036 1
5 1037 1
5 1049 1
5 1075 1
5 1089 1
5 1096 1
5 1143 1
6 7 1
6 19 1
6 33 1
6 35 1
6 105 1
6 135 1
6 149 1
6 195 1
6 200 1
6 224 1
6 310 1
6 376 1
6 459 1
6 495 1
6 624 1
6 650 1
6 822 1
6 843 1
6 993 1
6 1086 1
6 1136 1
7 9 1
7 12 1
7 22 1
7 24 1
7 51 1
7 59 1
7 108 1
7 109 1
7 114 1
7 135 1
7 171 1
7 182 1
7 196 1
7 197 1
7 249 1
7 254 1
7 263 1
7 296 1
7 337 1
7 355 1
7 374 1
7 428 1
7 439 1
7 456 1
7 459 1
7 461 1
7 539 1
7 574 1
7 605 1
7 620 1
7 684 1
7 686 1
7 697 1
7 720 1
7 735 1
7 768 1
7 962 1
7 973 1
7 1034 1
7 1096 1
7 1197 1
8 9 1
8 10 1
8 11 1
8 14 1
8 15 1
8 17 1
8 20 1
8 27 1
8 31 1
8 38 1
8 39 1
8 40 1
8 43 1
8 44 1
8 45 1
8 52 1
8 54 1
8 60 1
8 61 1
8 65 1
8 72 1
8 76 1
8 150 1
8 175 1
8 182 1
8 214 1
8 223 1
8 227 1
8 235 1
8 236 1
8 245 1
8 249 1
8 263 1
8 264 1
8 280 1
8 312 1
8 325 1
8 403 1
8 409 1
8 421 1
8 425 1
8 455 1
8 524 1
8 539 1
8 550 1
8 562 1
8 594 1
8 605 1
8 668 1
8 669 1
8 703 1
8 718 1
8 771 1
8 785 1
8 831 1
8 857 1
8 922 1
8 940 1
8 955 1
8 961 1
8 1003 1
8 1006 1
9 10 1
9 11 1
9 14 1
9 18 1
9 19 1
9 22 1
9 24 1
9 26 1
9 27 1
9 37 1
9 38 1
9 44 1
9 56 1
9 64 1
9 66 1
9 70 1
9 84 1
9 87 1
9 92 1
9 141 1
9 154 1
9 155 1
9 158 1
9 160 1
9 175 1
9 177 1
9 178 1
9 191 1
9 218 1
9 272 1
9 276 1
9 277 1
9 293 1
9 363 1
9 378 1
9 506 1
9 510 1
9 538 1
9 547 1
9 553 1
9 566 1
9 586 1
9 599 1
9 633 1
9 634 1
9 644 1
9 645 1
9 659 1
9 671 1
9 689 1
9 700 1
9 744 1
9 757 1
9 765 1
9 791 1
9 810 1
9 826 1
9 838 1
9 839 1
9 926 1
9 932 1
9 992 1
9 999 1
9 1023 1
9 1044 1
9 1056 1
9 1115 1
9 1139 1
9 1156 1
9 1166 1
10 44 1
10 50 1
10 273 1
10 492 1
10 574 1
10 638 1
10 662 1
10 823 1
10 1191 1
11 12 1
11 13 1
11 32 1
11 78 1
11 84 1
11 124 1
11 125 1
11 129 1
11 155 1
11 156 1
11 198 1
11 225 1
11 256 1
11 257 1
11 329 1
11 342 1
11 363 1
11 394 1
11 472 1
11 477 1
11 522 1
11 549 1
11 585 1
11 617 1
11 633 1
11 636 1
11 647 1
11 677 1
11 729 1
11 754 1
11 822 1
11 978 1
11 994 1
11 1000 1
11 1072 1
11 1102 1
12 14 1
12 16 1
12 24 1
12 45 1
12 96 1
12 97 1
12 125 1
12 173 1
12 176 1
12 234 1
12 257 1
12 275 1
12 318 1
12 330 1
12 424 1
12 523 1
12 548 1
12 561 1
12 691 1
12 699 1
12 702 1
12 738 1
12 837 1
13 30 1
13 47 1
13 176 1
13 328 1
13 351 1
13 413 1
13 607 1
13 627 1
13 639 1
13 984 1
13 1195 1
14 15 1
14 18 1
14 25 1
14 28 1
14 32 1
14 34 1
14 38 1
14 45 1
14 67 1
14 85 1
14 90 1
14 94 1
14 102 1
14 107 1
14 120 1
14 131 1
14 151 1
14 177 1
14 198 1
14 208 1
14 234 1
14 239 1
14 254 1
14 257 1
14 267 1
14 278 1
14 290 1
14 295 1
14 364 1
14 402 1
14 412 1
14 416 1
14 417 1
14 423 1
14 436 1
14 487 1
14 511 1
14 523 1
14 572 1
14 620 1
14 628 1
14 673 1
14 679 1
14 686 1
14 711 1
14 841 1
14 886 1
14 968 1
14 1029 1
14 1048 1
14 1114 1
14 1137 1
14 1150 1
14 1184 1
15 21 1
15 29 1
15 47 1
15 53 1
15 63 1
15 67 1
15 72 1
15 94 1
15 102 1
15 186 1
15 244 1
15 246 1
15 274 1
15 279 1
15 311 1
15 331 1
15 349 1
15 369 1
15 378 1
15 405 1
15 411 1
15 476 1
15 558 1
15 568 1
15 669 1
15 672 1
15 784 1
15 789 1
15 823 1
15 858 1
15 860 1
15 867 1
15 940 1
15 1017 1
15 1042 1
15 1056 1
15 1097 1
15 1188 1
16 20 1
16 27 1
16 35 1
16 36 1
16 39 1
16 44 1
16 46 1
16 48 1
16 57 1
16 60 1
16 61 1
16 63 1
16 64 1
16 66 1
16 69 1
16 80 1
16 119 1
16 123 1
16 126 1
16 199 1
16 201 1
16 220 1
16 277 1
16 320 1
16 327 1
16 395 1
16 416 1
16 474 1
16 495 1
16 507 1
16 569 1
16 575 1
16 598 1
16 703 1
16 802 1
16 1011 1
16 1079 1
16 1173 1
17 18 1
17 26 1
17 37 1
17 51 1
17 69 1
17 79 1
17 91 1
17 134 1
17 158 1
17 174 1
17 178 1
17 190 1
17 283 1
17 349 1
17 350 1
17 406 1
17 410 1
17 435 1
17 450 1
17 529 1
17 563 1
17 578 1
17 662 1
17 675 1
17 724 1
17 793 1
17 798 1
17 800 1
17 844 1
17 957 1
17 960 1
17 971 1
17 972 1
17 1058 1
17 1063 1
17 1121 1
17 1145 1
17 1151 1
17 1181 1
17 1189 1
17 1190 1
18 20 1
18 23 1
18 25 1
18 30 1
18 35 1
18 39 1
18 41 1
18 68 1
18 83 1
18 93 1
18 98 1
18 124 1
18 152 1
18 171 1
18 250 1
18 251 1
18 385 1
18 410 1
18 411 1
18 444 1
18 489 1
18 493 1
18 520 1
18 760 1
18 879 1
18 892 1
18 920 1
18 923 1
18 1052 1
19 21 1
19 29 1
19 33 1
19 37 1
19 41 1
19 42 1
19 71 1
19 84 1
19 86 1
19 96 1
19 98 1
19 99 1
19 110 1
19 124 1
19 141 1
19 143 1
19 144 1
19 153 1
19 162 1
19 167 1
19 168 1
19 184 1
19 191 1
19 200 1
19 216 1
19 225 1
19 231 1
19 232 1
19 238 1
19 255 1
19 265 1
19 307 1
19 318 1
19 335 1
19 339 1
19 373 1
19 387 1
19 393 1
19 442 1
19 443 1
19 462 1
19 476 1
19 477 1
19 480 1
19 483 1
19 493 1
19 513 1
19 514 1
19 515 1
19 533 1
19 540 1
19 584 1
19 592 1
19 603 1
19 604 1
19 612 1
19 633 1
19 637 1
19 642 1
19 649 1
19 666 1
19 699 1
19 775 1
19 780 1
19 813 1
19 814 1
19 848 1
19 851 1
19 894 1
19 896 1
19 911 1
19 919 1
19 965 1
19 1023 1
19 1028 1
19 1043 1
19 1091 1
19 1106 1
19 1114 1
19 1119 1
19 1120 1
19 1123 1
19 1168 1
19 1193 1
20 26 1
20 36 1
20 50 1
20 59 1
20 71 1
20 83 1
20 117 1
20 121 1
20 149 1
20 165 1
20 200 1
20 216 1
20 249 1
20 251 1
20 252 1
20 266 1
20 270 1
20 314 1
20 315 1
20 354 1
20 373 1
20 379 1
20 468 1
20 531 1
20 557 1
20 576 1
20 587 1
20 594 1
20 647 1
20 659 1
20 786 1
20 912 1
20 986 1
20 1014 1
20 1068 1
20 1079 1
20 1135 1
20 1150 1
20 1190 1
20 1198 1
21 23 1
21 56 1
21 260 1
21 273 1
21 397 1
21 415 1
21 682 1
21 689 1
21 863 1
21 939 1
21 1025 1
22 31 1
22 33 1
22 54 1
22 67 1
22 78 1
22 88 1
22 142 1
22 158 1
22 242 1
22 243 1
22 291 1
22 369 1
22 452 1
22 500 1
22 527 1
22 552 1
22 678 1
22 836 1
22 847 1
22 880 1
22 1013 1
22 1195 1
23 42 1
23 47 1
23 118 1
23 188 1
23 235 1
23 276 1
23 283 1
23 326 1
23 453 1
23 489 1
23 569 1
23 590 1
23 672 1
23 730 1
23 883 1
23 988 1
23 1069 1
23 1116 1
24 31 1
24 47 1
24 49 1
24 70 1
24 87 1
24 112 1
24 126 1
24 219 1
24 232 1
24 315 1
24 331 1
24 380 1
24 437 1
24 438 1
24 452 1
24 488 1
24 499 1
24 514 1
24 636 1
24 774 1
24 869 1
25 28 1
25 30 1
25 40 1
25 53 1
25 55 1
25 71 1
25 87 1
25 90 1
25 132 1
25 139 1
25 219 1
25 276 1
25 387 1
25 409 1
25 542 1
25 635 1
25 697 1
25 825 1
25 880 1
25 1014 1
25 1058 1
25 1166 1
25 1175 1
26 90 1
26 103 1
26 221 1
26 261 1
26 365 1
26 443 1
26 485 1
26 578 1
26 765 1
26 797 1
26 1107 1
27 32 1
27 41 1
27 62 1
27 123 1
27 153 1
27 163 1
27 172 1
27 213 1
27 228 1
27 303 1
27 385 1
27 508 1
27 581 1
27 597 1
27 743 1
27 800 1
27 809 1
27 859 1
27 876 1
27 885 1
27 1033 1
27 1077 1
27 1154 1
27 1159 1
27 1180 1
28 55 1
28 58 1
28 62 1
28 72 1
28 104 1
28 108 1
28 121 1
28 221 1
28 223 1
28 237 1
28 243 1
28 256 1
28 259 1
28 357 1
28 484 1
28 530 1
28 544 1
28 581 1
28 585 1
28 661 1
28 709 1
28 792 1
28 807 1
28 836 1
28 886 1
28 912 1
28 946 1
28 1078 1
29 39 1
29 43 1
29 52 1
29 80 1
29 93 1
29 94 1
29 103 1
29 133 1
29 166 1
29 174 1
29 185 1
29 191 1
29 207 1
29 214 1
29 221 1
29 222 1
29 251 1
29 258 1
29 269 1
29 298 1
29 316 1
29 319 1
29 346 1
29 375 1
29 465 1
29 472 1
29 499 1
29 580 1
29 595 1
29 690 1
29 764 1
29 766 1
29 789 1
29 826 1
29 827 1
29 934 1
29 966 1
29 1052 1
29 1101 1
29 1192 1
30 40 1
30 93 1
30 129 1
30 357 1
30 383 1
30 403 1
30 481 1
30 497 1
30 519 1
30 591 1
30 908 1
30 964 1
30 1020 1
31 49 1
31 54 1
31 100 1
31 148 1
31 169 1
31 190 1
31 206 1
31 212 1
31 234 1
31 294 1
31 303 1
31 317 1
31 381 1
31 449 1
31 456 1
31 495 1
31 522 1
31 902 1
31 1168 1
31 1193 1
32 119 1
32 417 1
32 442 1
32 513 1
32 665 1
32 723 1
32 992 1
33 34 1
33 48 1
33 73 1
33 74 1
33 135 1
33 138 1
33 139 1
33 184 1
33 212 1
33 228 1
33 302 1
33 308 1
33 451 1
33 593 1
33 621 1
33 641 1
33 814 1
33 937 1
33 1063 1
33 1083 1
33 1085 1
33 1109 1
33 1167 1
34 36 1
34 56 1
34 57 1
34 66 1
34 89 1
34 130 1
34 140 1
34 145 1
34 197 1
34 206 1
34 209 1
34 264 1
34 306 1
34 360 1
34 372 1
34 379 1
34 555 1
34 803 1
34 817 1
34 900 1
34 1019 1
34 1173 1
34 1175 1
35 36 1
35 48 1
35 58 1
35 68 1
35 77 1
35 80 1
35 133 1
35 164 1
35 169 1
35 187 1
35 207 1
35 232 1
35 250 1
35 254 1
35 258 1
35 309 1
35 345 1
35 365 1
35 431 1
35 614 1
35 639 1
35 714 1
35 726 1
35 758 1
35 951 1
35 971 1
35 1161 1
35 1179 1
35 1196 1
36 42 1
36 46 1
36 52 1
36 56 1
36 61 1
36 62 1
36 65 1
36 78 1
36 81 1
36 95 1
36 116 1
36 134 1
36 145 1
36 149 1
36 155 1
36 189 1
36 199 1
36 210 1
36 224 1
36 242 1
36 244 1
36 285 1
36 288 1
36 292 1
36 319 1
36 336 1
36 340 1
36 361 1
36 381 1
36 383 1
36 394 1
36 474 1
36 512 1
36 518 1
36 536 1
36 541 1
36 550 1
36 553 1
36 566 1
36 568 1
36 570 1
36 583 1
36 587 1
36 597 1
36 674 1
36 684 1
36 719 1
36 729 1
36 739 1
36 767 1
36 798 1
36 815 1
36 844 1
36 862 1
36 882 1
36 949 1
36 963 1
36 967 1
36 970 1
36 971 1
36 1126 1
36 1170 1
36 1182 1
37 93 1
37 181 1
37 211 1
37 220 1
37 265 1
37 505 1
37 549 1
37 572 1
37 587 1
37 742 1
37 834 1
37 972 1
37 995 1
37 1048 1
37 1133 1
38 192 1
38 266 1
38 281 1
38 352 1
38 436 1
38 474 1
38 589 1
38 1087 1
39 40 1
39 57 1
39 99 1
39 109 1
39 131 1
39 308 1
39 351 1
39 412 1
39 560 1
39 1005 1
39 1045 1
40 45 1
40 49 1
40 92 1
40 96 1
40 101 1
40 164 1
40 200 1
40 358 1
40 359 1
40 698 1
40 764 1
40 804 1
40 839 1
40 964 1
40 1019 1
40 1111 1
41 99 1
41 172 1
41 325 1
41 775 1
41 1187 1
42 108 1
42 130 1
42 131 1
42 157 1
42 185 1
42 260 1
42 286 1
42 424 1
42 469 1
42 481 1
42 622 1
42 680 1
42 819 1
42 913 1
42 923 1
42 941 1
42 963 1
42 977 1
42 986 1
42 1069 1
42 1084 1
42 1129 1
42 1186 1
43 51 1
43 100 1
43 122 1
43 149 1
43 223 1
43 226 1
43 245 1
43 278 1
43 400 1
43 548 1
43 635 1
43 665 1
43 708 1
43 721 1
43 731 1
43 771 1
43 773 1
43 916 1
43 1104 1
44 58 1
44 60 1
44 75 1
44 106 1
44 120 1
44 241 1
44 294 1
44 330 1
44 597 1
44 697 1
44 841 1
44 852 1
45 69 1
45 203 1
45 653 1
45 820 1
45 973 1
45 994 1
45 1105 1
46 99 1
46 167 1
46 207 1
46 217 1
46 264 1
46 319 1
46 419 1
46 763 1
46 946 1
46 1000 1
46 1083 1
47 133 1
47 148 1
47 167 1
47 245 1
47 279 1
47 355 1
47 380 1
47 402 1
47 457 1
47 506 1
47 560 1
47 660 1
47 783 1
47 855 1
47 895 1
47 909 1
48 980 1
49 77 1
49 100 1
49 113 1
49 122 1
49 142 1
49 154 1
49 156 1
49 193 1
49 206 1
49 297 1
49 314 1
49 339 1
49 419 1
49 663 1
49 703 1
49 846 1
49 1113 1
49 1127 1
50 74 1
50 271 1
50 428 1
50 502 1
50 698 1
51 115 1
51 148 1
51 163 1
51 215 1
51 309 1
51 464 1
51 471 1
51 519 1
51 563 1
51 567 1
51 590 1
51 619 1
51 885 1
51 950 1
51 955 1
51 993 1
52 59 1
52 62 1
52 63 1
52 73 1
52 79 1
52 84 1
52 106 1
52 116 1
52 194 1
52 209 1
52 231 1
52 235 1
52 236 1
52 238 1
52 285 1
52 302 1
52 306 1
52 307 1
52 342 1
52 369 1
52 391 1
52 453 1
52 494 1
52 511 1
52 516 1
52 718 1
52 729 1
52 730 1
52 735 1
52 865 1
52 872 1
52 890 1
52 1014 1
52 1021 1
52 1032 1
52 1061 1
52 1089 1
52 1134 1
53 85 1
53 92 1
53 255 1
53 434 1
53 534 1
53 828 1
53 1055 1
54 88 1
54 110 1
54 209 1
54 233 1
54 308 1
54 312 1
54 498 1
54 504 1
54 862 1
54 1009 1
54 1095 1
55 118 1
55 236 1
55 258 1
55 324 1
55 329 1
55 335 1
55 369 1
55 498 1
55 585 1
55 615 1
55 642 1
55 724 1
55 924 1
55 941 1
55 952 1
55 976 1
55 1026 1
55 1048 1
55 1049 1
55 1102 1
56 179 1
56 198 1
56 295 1
56 332 1
56 429 1
56 534 1
56 543 1
56 802 1
56 1004 1
57 75 1
57 82 1
57 83 1
57 170 1
57 194 1
57 272 1
57 413 1
57 666 1
57 775 1
57 817 1
57 1118 1
57 1177 1
58 72 1
58 82 1
58 147 1
58 151 1
58 157 1
58 197 1
58 215 1
58 247 1
58 303 1
58 370 1
58 388 1
58 446 1
58 515 1
58 591 1
58 644 1
58 645 1
58 706 1
58 744 1
58 795 1
58 878 1
58 1047 1
58 1103 1
58 1108 1
58 1163 1
58 1164 1
58 1199 1
59 70 1
59 82 1
59 89 1
59 91 1
59 111 1
59 128 1
59 211 1
59 368 1
59 372 1
59 418 1
59 571 1
59 606 1
59 611 1
59 883 1
59 911 1
59 953 1
59 1074 1
59 1149 1
60 64 1
60 116 1
60 188 1
60 226 1
60 252 1
60 313 1
60 367 1
60 400 1
60 429 1
60 441 1
60 445 1
60 491 1
60 594 1
60 599 1
60 612 1
60 696 1
60 852 1
60 914 1
60 935 1
60 1013 1
60 1077 1
60 1086 1
60 1130 1
60 1158 1
61 74 1
61 89 1
61 95 1
61 102 1
61 107 1
61 356 1
61 391 1
61 416 1
61 457 1
61 476 1
61 580 1
61 602 1
61 613 1
61 714 1
61 722 1
61 836 1
61 966 1
62 78 1
62 405 1
62 434 1
62 488 1
62 1114 1
63 284 1
63 481 1
63 643 1
64 103 1
64 122 1
64 125 1
64 144 1
64 207 1
64 230 1
64 262 1
64 276 1
64 295 1
64 353 1
64 393 1
64 424 1
64 464 1
64 512 1
64 525 1
64 566 1
64 573 1
64 663 1
64 692 1
64 761 1
64 772 1
64 822 1
64 981 1
64 987 1
64 1110 1
65 137 1
65 183 1
65 189 1
65 230 1
65 336 1
65 354 1
65 360 1
65 420 1
65 451 1
65 617 1
65 749 1
65 816 1
65 973 1
65 1149 1
66 101 1
66 144 1
66 168 1
66 190 1
66 244 1
66 420 1
66 555 1
66 1032 1
66 1061 1
66 1174 1
67 68 1
67 88 1
67 110 1
67 111 1
67 339 1
67 379 1
67 387 1
67 393 1
67 397 1
67 435 1
67 491 1
67 544 1
67 569 1
67 634 1
67 640 1
67 653 1
67 662 1
67 867 1
67 879 1
67 893 1
67 920 1
67 924 1
67 986 1
67 1124 1
67 1140 1
67 1194 1
68 74 1
68 79 1
68 110 1
68 118 1
68 251 1
68 343 1
68 432 1
68 488 1
68 550 1
68 567 1
68 854 1
69 170 1
69 174 1
69 336 1
69 831 1
69 903 1
69 945 1
69 947 1
69 993 1
70 81 1
70 82 1
70 188 1
70 268 1
70 316 1
70 321 1
70 531 1
70 565 1
70 1024 1
71 160 1
71 186 1
71 298 1
71 322 1
71 374 1
71 443 1
71 459 1
71 468 1
71 473 1
71 624 1
71 693 1
71 855 1
71 946 1
71 1008 1
71 1043 1
72 79 1
72 90 1
72 105 1
72 130 1
72 159 1
72 167 1
72 187 1
72 193 1
72 208 1
72 250 1
72 309 1
72 345 1
72 380 1
72 392 1
72 433 1
72 546 1
72 550 1
72 598 1
72 604 1
72 614 1
72 651 1
72 669 1
72 741 1
72 745 1
72 860 1
72 944 1
72 951 1
72 985 1
73 146 1
73 176 1
73 187 1
73 204 1
73 408 1
73 627 1
73 916 1
74 75 1
74 104 1
74 132 1
74 164 1
74 165 1
74 184 1
74 202 1
74 217 1
74 373 1
74 378 1
74 423 1
74 443 1
74 500 1
74 521 1
74 551 1
74 571 1
74 573 1
74 592 1
74 679 1
74 796 1
74 850 1
74 880 1
74 945 1
74 975 1
74 1152 1
75 109 1
75 344 1
75 734 1
75 878 1
75 888 1
75 978 1
76 564 1
76 927 1
77 196 1
77 243 1
77 333 1
77 691 1
77 1029 1
78 88 1
78 101 1
78 120 1
78 180 1
78 214 1
78 245 1
78 344 1
78 408 1
78 427 1
78 595 1
78 701 1
78 732 1
78 739 1
78 747 1
78 847 1
78 917 1
78 926 1
78 1035 1
78 1130 1
79 89 1
79 161 1
79 203 1
79 279 1
79 359 1
79 521 1
79 829 1
79 906 1
79 1120 1
79 1121 1
79 1156 1
80 248 1
80 274 1
80 386 1
80 624 1
80 925 1
81 216 1
81 264 1
81 399 1
81 430 1
81 432 1
81 564 1
81 998 1
81 1065 1
82 91 1
82 121 1
82 195 1
82 337 1
82 409 1
82 463 1
82 536 1
82 660 1
82 1015 1
82 1079 1
82 1173 1
83 125 1
83 372 1
83 389 1
83 411 1
83 423 1
83 440 1
83 478 1
83 502 1
83 515 1
83 769 1
83 881 1
83 965 1
84 85 1
84 86 1
84 107 1
84 136 1
84 137 1
84 140 1
84 152 1
84 173 1
84 174 1
84 204 1
84 283 1
84 341 1
84 508 1
84 530 1
84 554 1
84 555 1
84 563 1
84 565 1
84 677 1
84 970 1
84 1025 1
84 1070 1
84 1073 1
84 1078 1
84 1109 1
85 86 1
85 172 1
85 178 1
85 268 1
85 272 1
85 318 1
85 353 1
85 414 1
85 462 1
85 498 1
85 546 1
85 707 1
85 740 1
85 799 1
86 104 1
86 148 1
86 157 1
86 225 1
86 299 1
86 319 1
86 330 1
86 363 1
86 472 1
86 650 1
86 775 1
86 867 1
86 937 1
86 1132 1
86 1180 1
87 117 1
87 275 1
87 1021 1
87 1051 1
88 114 1
88 131 1
88 231 1
88 287 1
88 352 1
88 371 1
88 390 1
88 597 1
88 665 1
88 835 1
88 983 1
88 1027 1
88 1073 1
88 1138 1
89 237 1
89 356 1
89 913 1
90 96 1
90 317 1
90 341 1
90 433 1
90 437 1
90 454 1
90 661 1
90 671 1
90 759 1
90 790 1
90 837 1
90 842 1
90 1075 1
90 1104 1
91 95 1
91 119 1
91 133 1
91 188 1
91 210 1
91 237 1
91 269 1
91 668 1
92 117 1
92 120 1
92 136 1
92 215 1
92 298 1
92 338 1
92 370 1
92 496 1
92 629 1
92 656 1
92 700 1
92 743 1
92 853 1
92 950 1
93 123 1
93 129 1
93 189 1
93 426 1
93 537 1
93 650 1
93 727 1
93 827 1
94 106 1
94 129 1
94 241 1
94 363 1
94 374 1
94 382 1
94 651 1
94 670 1
94 1131 1
95 140 1
95 147 1
95 155 1
95 156 1
95 162 1
95 227 1
95 248 1
95 290 1
95 335 1
95 579 1
95 626 1
95 737 1
95 756 1
95 818 1
95 960 1
95 1103 1
96 173 1
96 205 1
96 480 1
96 1139 1
97 126 1
97 127 1
97 140 1
97 197 1
97 201 1
97 222 1
97 224 1
97 248 1
97 321 1
97 362 1
97 703 1
97 747 1
97 918 1
97 945 1
97 1116 1
97 1151 1
98 203 1
98 396 1
98 455 1
98 683 1
98 819 1
98 1198 1
99 115 1
99 138 1
99 325 1
99 489 1
99 564 1
99 849 1
99 1158 1
100 114 1
100 115 1
100 239 1
100 267 1
100 448 1
100 538 1
100 810 1
100 917 1
100 1031 1
101 113 1
101 228 1
101 326 1
101 396 1
101 510 1
101 582 1
101 894 1
101 987 1
101 989 1
101 1133 1
102 103 1
102 135 1
102 152 1
102 217 1
102 267 1
102 398 1
102 444 1
102 461 1
102 630 1
102 696 1
102 887 1
102 893 1
102 1024 1
102 1032 1
102 1195 1
103 156 1
103 262 1
103 290 1
103 323 1
103 340 1
103 343 1
103 384 1
103 497 1
103 715 1
103 960 1
104 143 1
104 150 1
104 151 1
104 165 1
104 180 1
104 215 1
104 246 1
104 257 1
104 297 1
104 298 1
104 301 1
104 326 1
104 391 1
104 394 1
104 413 1
104 456 1
104 492 1
104 603 1
104 626 1
104 664 1
104 704 1
104 734 1
104 745 1
104 786 1
104 802 1
104 840 1
104 874 1
104 991 1
104 1045 1
104 1122 1
105 123 1
105 136 1
105 143 1
105 165 1
105 350 1
105 354 1
105 385 1
105 415 1
105 434 1
105 442 1
105 480 1
105 610 1
105 695 1
105 701 1
105 809 1
105 888 1
105 1149 1
105 1174 1
106 122 1
106 161 1
106 222 1
106 348 1
106 362 1
106 430 1
106 438 1
106 466 1
106 471 1
106 547 1
106 827 1
106 865 1
106 903 1
106 1072 1
106 1129 1
107 218 1
107 360 1
107 430 1
107 543 1
107 794 1
107 1024 1
107 1184 1
108 175 1
108 223 1
108 250 1
108 258 1
108 280 1
108 347 1
108 371 1
108 406 1
108 484 1
108 499 1
108 544 1
108 618 1
108 680 1
108 689 1
108 750 1
108 776 1
108 805 1
108 837 1
108 900 1
108 1113 1
108 1144 1
109 112 1
109 138 1
109 183 1
109 239 1
109 300 1
109 395 1
109 599 1
109 663 1
109 708 1
109 782 1
109 792 1
109 801 1
110 262 1
110 425 1
110 468 1
110 688 1
110 748 1
111 112 1
111 134 1
111 218 1
111 347 1
111 444 1
111 454 1
111 503 1
111 861 1
111 1010 1
111 1026 1
111 1089 1
112 209 1
112 287 1
112 414 1
113 341 1
113 358 1
113 516 1
113 589 1
113 1047 1
113 1151 1
114 127 1
114 371 1
114 479 1
114 632 1
114 691 1
114 810 1
114 997 1
114 1197 1
115 147 1
115 240 1
115 326 1
115 351 1
115 497 1
115 649 1
115 681 1
115 1134 1
116 286 1
116 289 1
116 519 1
116 766 1
116 809 1
116 1067 1
117 128 1
117 132 1
117 236 1
117 293 1
117 367 1
117 414 1
117 430 1
117 431 1
117 525 1
117 780 1
117 849 1
117 913 1
117 986 1
117 1125 1
118 171 1
118 343 1
118 364 1
118 418 1
118 647 1
118 805 1
118 1196 1
119 335 1
119 467 1
119 583 1
119 666 1
119 802 1
119 898 1
119 1107 1
120 168 1
120 178 1
120 186 1
120 445 1
120 486 1
120 674 1
120 713 1
120 748 1
120 771 1
120 881 1
120 1040 1
120 1123 1
121 152 1
121 160 1
121 419 1
122 168 1
122 169 1
122 395 1
122 410 1
122 463 1
122 583 1
122 655 1
122 777 1
122 891 1
122 1016 1
122 1085 1
122 1155 1
123 166 1
123 205 1
123 329 1
123 382 1
123 1004 1
123 1178 1
124 282 1
124 366 1
124 891 1
124 910 1
124 933 1
124 1041 1
125 139 1
125 263 1
125 350 1
125 520 1
125 668 1
125 722 1
125 742 1
126 233 1
127 219 1
127 256 1
127 340 1
127 640 1
127 646 1
127 688 1
127 1053 1
128 159 1
128 255 1
128 307 1
128 501 1
128 655 1
128 835 1
128 1139 1
129 193 1
129 229 1
129 754 1
129 966 1
129 1007 1
129 1039 1
129 1070 1
130 204 1
130 367 1
130 375 1
130 417 1
130 601 1
130 694 1
130 972 1
130 979 1
131 226 1
131 280 1
131 334 1
131 338 1
131 483 1
131 713 1
131 723 1
131 786 1
131 856 1
131 932 1
131 937 1
131 1084 1
132 136 1
132 177 1
132 199 1
132 313 1
132 333 1
132 545 1
132 849 1
133 151 1
133 163 1
133 181 1
133 194 1
133 213 1
133 253 1
133 259 1
133 294 1
133 337 1
133 445 1
133 481 1
133 499 1
133 613 1
133 631 1
133 656 1
133 759 1
133 772 1
133 1111 1
133 1138 1
134 227 1
134 305 1
134 389 1
134 404 1
134 421 1
134 529 1
134 636 1
134 895 1
134 906 1
134 967 1
135 150 1
135 170 1
135 252 1
135 299 1
135 324 1
135 328 1
135 349 1
135 403 1
135 420 1
135 473 1
135 546 1
135 606 1
135 765 1
135 853 1
135 857 1
135 956 1
135 1050 1
135 1191 1
136 173 1
136 208 1
136 229 1
136 832 1
136 855 1
136 899 1
136 979 1
136 1018 1
137 160 1
137 230 1
137 310 1
137 334 1
137 375 1
137 470 1
137 475 1
137 482 1
137 567 1
137 615 1
137 722 1
137 733 1
137 794 1
137 942 1
137 970 1
137 1044 1
138 153 1
138 274 1
138 308 1
138 359 1
138 361 1
138 475 1
138 622 1
138 664 1
138 667 1
138 921 1
138 1146 1
139 284 1
139 332 1
139 562 1
139 625 1
139 702 1
139 742 1
139 1034 1
139 1125 1
139 1177 1
140 176 1
140 182 1
140 295 1
140 377 1
140 428 1
140 886 1
140 1058 1
140 1096 1
140 1197 1
141 153 1
141 184 1
141 185 1
141 186 1
141 241 1
141 271 1
141 293 1
141 300 1
141 359 1
141 440 1
141 627 1
141 716 1
141 900 1
141 965 1
141 984 1
141 1091 1
141 1188 1
142 154 1
142 373 1
142 842 1
143 169 1
143 384 1
143 433 1
143 526 1
143 760 1
143 843 1
144 161 1
144 180 1
144 244 1
144 296 1
144 309 1
144 329 1
144 490 1
144 648 1
144 687 1
144 827 1
144 1028 1
144 1118 1
145 147 1
145 270 1
145 306 1
145 328 1
145 362 1
145 396 1
145 422 1
145 612 1
145 635 1
145 777 1
145 803 1
145 821 1
145 870 1
145 1046 1
145 1160 1
146 179 1
146 201 1
146 228 1
146 260 1
146 268 1
146 416 1
146 449 1
146 691 1
146 763 1
146 789 1
146 919 1
146 925 1
147 179 1
147 220 1
147 344 1
147 439 1
147 561 1
147 565 1
149 473 1
149 487 1
149 797 1
149 1086 1
150 261 1
151 157 1
151 262 1
151 265 1
151 422 1
151 540 1
151 541 1
151 583 1
151 618 1
151 690 1
151 757 1
151 820 1
151 1100 1
152 261 1
152 267 1
152 465 1
152 478 1
152 877 1
152 1157 1
153 307 1
153 355 1
153 431 1
153 517 1
153 600 1
153 628 1
153 678 1
153 720 1
153 792 1
153 899 1
153 1099 1
153 1126 1
154 177 1
154 213 1
154 247 1
154 281 1
154 347 1
154 379 1
154 392 1
154 466 1
154 494 1
154 509 1
154 526 1
154 535 1
154 700 1
154 828 1
154 866 1
154 928 1
154 943 1
156 170 1
156 179 1
156 183 1
156 229 1
156 235 1
156 247 1
156 256 1
156 260 1
156 273 1
156 314 1
156 317 1
156 321 1
156 462 1
156 497 1
156 528 1
156 579 1
156 764 1
156 841 1
156 925 1
156 1067 1
156 1172 1
157 211 1
157 265 1
157 316 1
157 442 1
157 472 1
157 514 1
157 699 1
157 758 1
157 963 1
157 1063 1
158 437 1
158 503 1
158 518 1
158 708 1
158 736 1
158 748 1
158 931 1
159 241 1
159 438 1
159 645 1
159 910 1
160 192 1
160 368 1
160 733 1
160 877 1
160 942 1
161 222 1
161 278 1
161 286 1
161 467 1
161 492 1
161 762 1
161 897 1
161 914 1
161 977 1
161 1140 1
161 1177 1
162 196 1
162 252 1
162 392 1
162 483 1
162 548 1
162 551 1
162 952 1
162 969 1
162 1023 1
162 1082 1
162 1167 1
162 1172 1
162 1190 1
163 707 1
163 845 1
164 385 1
164 523 1
164 586 1
164 641 1
164 693 1
164 836 1
164 862 1
165 202 1
165 268 1
165 365 1
165 961 1
165 1143 1
165 1185 1
166 261 1
166 275 1
166 388 1
166 469 1
166 609 1
166 819 1
166 1077 1
167 192 1
167 266 1
167 301 1
167 304 1
167 538 1
167 621 1
167 655 1
167 766 1
167 877 1
167 1165 1
168 407 1
168 868 1
168 1195 1
169 190 1
169 277 1
169 320 1
169 407 1
169 674 1
169 681 1
169 861 1
169 967 1
169 1110 1
170 578 1
170 974 1
171 282 1
171 357 1
171 522 1
171 587 1
171 784 1
171 788 1
171 904 1
171 1057 1
172 205 1
172 322 1
172 333 1
172 346 1
172 839 1
173 202 1
173 304 1
173 816 1
174 278 1
174 762 1
174 1117 1
174 1127 1
175 191 1
175 232 1
175 655 1
175 747 1
175 1036 1
175 1148 1
175 1163 1
176 338 1
176 346 1
176 670 1
176 796 1
176 1054 1
177 537 1
178 272 1
178 301 1
178 378 1
178 388 1
178 444 1
178 799 1
178 902 1
179 195 1
179 291 1
179 410 1
179 778 1
179 1022 1
179 1059 1
179 1131 1
180 607 1
180 916 1
180 1128 1
181 187 1
181 213 1
181 243 1
182 423 1
182 432 1
182 598 1
182 602 1
182 604 1
182 668 1
183 639 1
183 975 1
183 997 1
185 513 1
186 231 1
186 242 1
186 310 1
186 368 1
186 390 1
186 455 1
186 541 1
186 821 1
187 248 1
187 360 1
187 415 1
187 440 1
187 513 1
187 532 1
187 555 1
187 720 1
187 868 1
187 958 1
187 1191 1
188 864 1
188 897 1
189 238 1
189 259 1
189 281 1
189 323 1
189 333 1
189 364 1
189 383 1
189 435 1
189 471 1
189 657 1
189 840 1
189 1010 1
190 305 1
190 342 1
190 493 1
191 192 1
191 199 1
191 484 1
191 832 1
191 975 1
192 212 1
192 220 1
192 324 1
192 384 1
193 233 1
193 367 1
193 923 1
194 206 1
194 312 1
194 399 1
194 604 1
194 621 1
194 1080 1
195 390 1
195 391 1
195 414 1
195 938 1
196 210 1
196 392 1
196 441 1
196 451 1
196 471 1
196 511 1
196 532 1
196 968 1
196 1071 1
196 1084 1
196 1106 1
196 1148 1
197 540 1
197 734 1
197 777 1
198 203 1
198 305 1
198 323 1
198 460 1
198 467 1
198 737 1
198 761 1
198 904 1
199 238 1
199 246 1
199 282 1
199 288 1
199 313 1
199 507 1
199 602 1
199 1192 1
200 302 1
200 344 1
200 404 1
200 405 1
200 411 1
200 545 1
200 778 1
201 277 1
201 306 1
201 377 1
201 396 1
201 501 1
201 518 1
201 626 1
201 937 1
201 1183 1
202 289 1
202 300 1
202 536 1
202 677 1
202 985 1
202 997 1
202 1051 1
203 1054 1
204 401 1
204 537 1
204 591 1
206 270 1
206 287 1
206 760 1
206 776 1
206 789 1
206 817 1
206 848 1
206 1009 1
206 1087 1
206 1144 1
206 1192 1
207 323 1
207 327 1
207 348 1
208 505 1
208 526 1
208 718 1
208 781 1
208 940 1
209 237 1
209 352 1
209 404 1
209 488 1
209 533 1
209 551 1
209 746 1
209 805 1
209 1039 1
210 227 1
210 345 1
211 212 1
211 226 1
211 358 1
211 623 1
211 902 1
211 1089 1
211 1165 1
211 1169 1
212 253 1
212 255 1
212 486 1
212 947 1
213 436 1
213 575 1
213 1179 1
214 336 1
214 757 1
214 1112 1
215 664 1
215 873 1
215 1002 1
215 1192 1
217 234 1
217 259 1
217 316 1
217 420 1
217 439 1
217 466 1
217 507 1
217 558 1
217 559 1
217 763 1
217 783 1
218 620 1
218 633 1
218 1007 1
218 1013 1
218 1186 1
219 1030 1
220 489 1
220 576 1
220 619 1
220 652 1
220 927 1
221 507 1
221 534 1
221 581 1
221 715 1
221 728 1
221 739 1
221 753 1
221 807 1
221 863 1
221 1038 1
221 1064 1
221 1188 1
222 240 1
222 284 1
222 288 1
222 311 1
222 490 1
222 654 1
222 672 1
222 716 1
222 779 1
222 783 1
222 795 1
222 882 1
222 907 1
222 921 1
222 1008 1
222 1068 1
223 225 1
223 349 1
223 408 1
223 429 1
223 886 1
224 290 1
224 657 1
224 671 1
224 766 1
225 348 1
225 479 1
225 505 1
225 517 1
225 608 1
225 622 1
225 628 1
225 732 1
227 247 1
227 285 1
227 291 1
227 304 1
227 455 1
227 502 1
227 676 1
227 768 1
227 790 1
227 1053 1
228 688 1
228 924 1
229 1042 1
230 715 1
230 807 1
230 869 1
231 240 1
231 302 1
231 454 1
231 641 1
232 586 1
233 377 1
233 520 1
233 566 1
233 713 1
233 784 1
233 825 1
233 881 1
233 932 1
234 1130 1
235 303 1
235 318 1
235 421 1
235 427 1
235 503 1
235 660 1
235 678 1
235 712 1
235 830 1
235 943 1
235 1012 1
235 1189 1
236 780 1
236 838 1
237 246 1
237 286 1
237 681 1
237 705 1
237 787 1
238 511 1
238 833 1
238 890 1
238 1006 1
239 469 1
240 446 1
240 459 1
240 496 1
240 560 1
240 568 1
240 616 1
240 652 1
240 924 1
240 942 1
240 1112 1
241 388 1
241 412 1
242 289 1
242 387 1
242 1017 1
242 1107 1
243 279 1
243 576 1
243 753 1
243 991 1
243 1002 1
243 1056 1
243 1094 1
243 1135 1
243 1162 1
244 1126 1
245 490 1
245 554 1
245 833 1
245 852 1
246 297 1
246 412 1
246 491 1
246 510 1
246 525 1
246 635 1
246 728 1
246 749 1
246 751 1
246 915 1
246 945 1
246 1083 1
248 757 1
248 759 1
249 338 1
249 340 1
249 356 1
249 389 1
249 470 1
249 485 1
249 579 1
249 908 1
249 953 1
249 999 1
249 1004 1
249 1080 1
250 339 1
250 401 1
250 811 1
250 1165 1
250 1186 1
251 299 1
251 464 1
251 504 1
251 571 1
251 1088 1
251 1156 1
252 328 1
253 629 1
253 648 1
253 1050 1
254 620 1
254 681 1
255 263 1
255 266 1
255 274 1
255 445 1
255 475 1
255 577 1
255 596 1
255 717 1
255 768 1
255 926 1
255 958 1
255 1013 1
255 1090 1
256 315 1
257 288 1
257 322 1
257 706 1
257 909 1
257 1146 1
258 269 1
258 503 1
258 556 1
258 767 1
259 269 1
259 512 1
259 536 1
259 548 1
259 578 1
259 1016 1
259 1132 1
260 361 1
260 453 1
260 508 1
260 552 1
260 728 1
260 825 1
260 838 1
260 1093 1
260 1131 1
262 814 1
262 877 1
262 1071 1
263 467 1
263 607 1
263 803 1
264 486 1
264 535 1
264 577 1
264 959 1
265 435 1
265 579 1
265 593 1
265 619 1
265 896 1
265 944 1
266 603 1
266 614 1
268 285 1
268 297 1
268 427 1
268 601 1
268 949 1
268 961 1
268 1104 1
269 332 1
269 352 1
269 557 1
269 637 1
269 935 1
270 301 1
270 353 1
270 400 1
270 418 1
270 774 1
270 804 1
270 854 1
270 875 1
270 907 1
270 956 1
270 1119 1
271 312 1
271 461 1
271 904 1
271 1027 1
272 292 1
272 348 1
272 382 1
272 866 1
272 1015 1
273 296 1
273 313 1
273 356 1
273 500 1
273 506 1
273 586 1
273 608 1
273 611 1
273 710 1
273 773 1
273 797 1
273 929 1
273 939 1
273 1152 1
274 457 1
274 475 1
274 510 1
274 540 1
274 706 1
274 908 1
275 887 1
277 324 1
277 502 1
278 425 1
278 439 1
278 651 1
278 833 1
278 864 1
278 1163 1
279 284 1
279 486 1
279 1113 1
280 680 1
280 746 1
280 902 1
281 962 1
281 1011 1
281 1087 1
282 358 1
282 1001 1
283 355 1
283 370 1
283 397 1
283 659 1
283 1070 1
284 1030 1
285 933 1
286 346 1
286 1193 1
287 399 1
287 883 1
288 293 1
289 779 1
289 1016 1
290 630 1
290 1041 1
290 1147 1
291 500 1
291 541 1
291 610 1
291 738 1
292 533 1
292 889 1
293 300 1
293 436 1
293 632 1
293 813 1
294 687 1
294 808 1
295 542 1
295 656 1
295 752 1
295 1150 1
296 407 1
296 448 1
296 565 1
296 1006 1
297 347 1
297 516 1
297 1127 1
298 320 1
298 629 1
298 658 1
298 793 1
298 1071 1
298 1187 1
299 464 1
299 616 1
299 938 1
299 1039 1
299 1059 1
299 1067 1
300 558 1
300 645 1
300 1100 1
300 1181 1
301 575 1
301 908 1
302 366 1
302 377 1
302 426 1
302 893 1
302 993 1
302 995 1
302 1053 1
302 1179 1
303 372 1
303 478 1
303 526 1
303 553 1
303 585 1
303 667 1
303 713 1
303 981 1
303 1066 1
303 1149 1
304 788 1
305 364 1
305 401 1
305 495 1
305 545 1
305 950 1
305 1090 1
305 1150 1
306 452 1
306 841 1
307 384 1
307 714 1
307 725 1
307 744 1
307 850 1
307 1155 1
308 334 1
308 376 1
308 397 1
308 676 1
308 1064 1
308 1124 1
309 332 1
309 366 1
309 431 1
309 874 1
309 880 1
310 452 1
310 649 1
311 521 1
311 758 1
311 860 1
312 383 1
312 551 1
312 800 1
312 826 1
312 983 1
313 394 1
313 493 1
313 616 1
313 716 1
313 782 1
314 395 1
314 561 1
314 682 1
314 820 1
314 1055 1
315 376 1
315 1046 1
315 1142 1
316 559 1
316 576 1
316 616 1
316 859 1
316 974 1
316 1035 1
317 341 1
317 376 1
317 470 1
317 515 1
317 524 1
317 528 1
317 654 1
317 671 1
317 1018 1
317 1095 1
318 487 1
318 978 1
318 1143 1
319 386 1
319 460 1
319 686 1
319 741 1
319 832 1
319 1038 1
319 1072 1
319 1178 1
320 331 1
320 398 1
320 476 1
320 618 1
320 786 1
321 390 1
321 524 1
321 730 1
321 990 1
321 1151 1
322 406 1
322 611 1
322 684 1
322 882 1
322 1146 1
323 494 1
323 701 1
323 830 1
324 418 1
324 527 1
324 531 1
324 816 1
324 853 1
324 1029 1
325 400 1
325 751 1
325 752 1
325 1113 1
326 676 1
326 755 1
326 892 1
327 521 1
327 719 1
327 868 1
327 978 1
327 1053 1
327 1143 1
328 362 1
328 839 1
328 1165 1
329 386 1
329 422 1
329 522 1
329 603 1
329 652 1
329 692 1
329 844 1
329 946 1
329 952 1
329 953 1
329 964 1
331 354 1
331 381 1
331 437 1
331 450 1
331 767 1
331 856 1
331 936 1
331 984 1
331 1188 1
332 438 1
333 857 1
333 1198 1
334 632 1
334 638 1
334 710 1
334 932 1
334 1051 1
335 446 1
335 832 1
336 482 1
336 870 1
336 907 1
337 419 1
337 556 1
337 649 1
337 849 1
337 899 1
337 1175 1
338 1035 1
339 811 1
340 512 1
340 610 1
340 727 1
340 795 1
340 874 1
341 457 1
341 650 1
341 1085 1
341 1122 1
342 717 1
342 791 1
342 984 1
342 1074 1
343 683 1
343 794 1
343 1049 1
343 1129 1
344 398 1
344 447 1
344 535 1
344 636 1
344 751 1
344 821 1
345 923 1
345 957 1
345 1125 1
346 382 1
346 1102 1
347 504 1
347 518 1
347 1136 1
348 450 1
348 675 1
348 741 1
348 787 1
348 1001 1
348 1154 1
349 756 1
349 884 1
349 927 1
349 1093 1
350 642 1
351 763 1
351 828 1
352 477 1
352 1091 1
353 449 1
353 543 1
353 690 1
353 1078 1
354 433 1
354 572 1
355 417 1
355 448 1
355 530 1
355 606 1
355 628 1
355 663 1
355 779 1
355 926 1
355 948 1
356 936 1
356 939 1
356 953 1
356 1158 1
357 674 1
357 900 1
357 906 1
357 954 1
357 1032 1
358 413 1
358 461 1
359 421 1
359 609 1
360 479 1
360 617 1
360 1164 1
361 441 1
361 465 1
361 491 1
361 506 1
361 556 1
361 711 1
361 721 1
361 815 1
361 929 1
361 1006 1
361 1012 1
361 1059 1
361 1091 1
361 1131 1
361 1170 1
362 694 1
362 847 1
362 959 1
363 580 1
363 690 1
363 735 1
363 865 1
364 772 1
364 865 1
364 1036 1
365 426 1
366 539 1
366 644 1
366 762 1
366 873 1
367 599 1
367 783 1
367 958 1
367 1176 1
368 404 1
368 441 1
368 490 1
368 605 1
368 1033 1
368 1092 1
369 447 1
369 639 1
369 698 1
369 738 1
369 782 1
369 784 1
371 675 1
372 478 1
372 596 1
372 761 1
372 1176 1
373 850 1
374 405 1
374 664 1
374 934 1
374 1142 1
375 546 1
375 560 1
375 721 1
375 732 1
375 767 1
375 897 1
375 1183 1
376 956 1
377 426 1
379 468 1
379 831 1
379 1065 1
380 748 1
380 1034 1
381 514 1
381 687 1
381 801 1
382 528 1
382 948 1
383 643 1
383 1076 1
384 519 1
384 543 1
384 547 1
384 1025 1
384 1099 1
385 505 1
385 771 1
385 824 1
385 850 1
386 1001 1
387 525 1
387 695 1
388 644 1
389 407 1
389 456 1
389 605 1
389 693 1
389 709 1
389 781 1
389 808 1
389 821 1
389 824 1
389 989 1
389 1132 1
391 625 1
391 722 1
391 736 1
392 504 1
392 712 1
393 665 1
393 1178 1
394 399 1
394 402 1
394 496 1
394 523 1
394 981 1
395 682 1
396 527 1
396 658 1
396 770 1
396 799 1
396 885 1
397 829 1
398 719 1
399 453 1
399 654 1
399 816 1
399 889 1
399 914 1
399 994 1
399 1005 1
400 619 1
400 852 1
401 884 1
402 661 1
402 760 1
402 934 1
402 938 1
403 609 1
403 692 1
404 800 1
404 952 1
404 1164 1
404 1169 1
405 659 1
405 818 1
406 582 1
407 509 1
407 676 1
407 882 1
407 915 1
408 596 1
408 602 1
408 1097 1
409 554 1
409 589 1
409 631 1
409 672 1
409 1136 1
411 1056 1
412 1180 1
413 666 1
413 1137 1
414 761 1
414 840 1
415 682 1
416 792 1
417 440 1
417 632 1
417 842 1
418 428 1
418 432 1
418 458 1
418 528 1
418 584 1
418 837 1
418 1035 1
420 448 1
420 465 1
420 638 1
420 909 1
420 944 1
421 830 1
421 987 1
423 552 1
423 600 1
423 695 1
423 905 1
424 463 1
424 1041 1
424 1073 1
426 492 1
427 509 1
427 758 1
427 1012 1
427 1037 1
427 1169 1
428 776 1
428 879 1
429 573 1
429 673 1
429 859 1
430 845 1
430 1133 1
431 973 1
433 982 1
433 1078 1
433 1094 1
434 474 1
434 480 1
434 656 1
434 1185 1
435 446 1
435 458 1
435 654 1
435 791 1
435 1038 1
437 530 1
437 702 1
437 791 1
438 1081 1
439 861 1
439 1111 1
440 1121 1
441 509 1
441 651 1
441 825 1
442 626 1
442 731 1
443 571 1
443 765 1
445 574 1
445 1196 1
446 517 1
446 798 1
446 869 1
446 875 1
446 887 1
446 925 1
446 1088 1
446 1176 1
447 584 1
447 744 1
447 790 1
447 990 1
447 1162 1
448 496 1
448 638 1
448 648 1
448 673 1
449 729 1
449 1138 1
451 532 1
451 623 1
451 905 1
451 1128 1
451 1167 1
451 1170 1
452 652 1
453 1147 1
453 1180 1
454 458 1
454 737 1
455 1198 1
456 1182 1
457 938 1
458 860 1
459 569 1
459 608 1
460 826 1
461 589 1
462 692 1
462 929 1
462 1055 1
463 520 1
463 608 1
463 753 1
464 572 1
464 573 1
464 574 1
466 484 1
466 851 1
466 922 1
467 705 1
467 712 1
467 812 1
467 842 1
467 1015 1
468 643 1
468 888 1
468 912 1
468 929 1
469 755 1
469 1176 1
470 814 1
470 1162 1
472 874 1
473 704 1
473 743 1
473 788 1
473 1173 1
474 959 1
475 533 1
475 685 1
475 717 1
475 740 1
475 753 1
475 804 1
475 805 1
475 855 1
476 570 1
476 582 1
476 625 1
477 764 1
478 553 1
478 563 1
478 630 1
478 854 1
479 517 1
479 590 1
479 752 1
479 770 1
479 920 1
479 930 1
479 998 1
479 1061 1
480 770 1
481 531 1
481 577 1
481 1041 1
482 483 1
483 516 1
484 592 1
484 1159 1
485 575 1
485 601 1
485 710 1
485 807 1
485 988 1
486 711 1
489 501 1
489 558 1
490 708 1
490 750 1
490 751 1
490 990 1
490 1174 1
492 613 1
492 683 1
494 1003 1
495 542 1
495 634 1
495 726 1
495 736 1
495 951 1
497 537 1
497 919 1
497 1097 1
497 1135 1
498 562 1
498 954 1
501 684 1
501 806 1
501 905 1
501 1001 1
502 1086 1
503 670 1
506 588 1
506 872 1
506 1152 1
507 653 1
507 658 1
507 1065 1
507 1187 1
508 567 1
508 769 1
508 1052 1
508 1076 1
509 590 1
509 739 1
509 845 1
509 1199 1
511 624 1
511 982 1
512 538 1
512 714 1
512 731 1
512 887 1
513 669 1
514 1064 1
515 662 1
515 1121 1
516 534 1
517 622 1
517 730 1
517 917 1
517 1118 1
518 1044 1
518 1134 1
519 547 1
519 1132 1
520 812 1
521 611 1
521 755 1
521 787 1
521 795 1
521 830 1
521 892 1
521 955 1
521 1020 1
521 1050 1
523 709 1
524 588 1
524 719 1
524 727 1
524 793 1
524 1083 1
525 621 1
525 749 1
525 910 1
526 557 1
526 693 1
526 846 1
526 933 1
526 948 1
526 959 1
526 1200 1
527 983 1
527 1148 1
528 646 1
528 660 1
528 686 1
528 818 1
528 968 1
528 1095 1
528 1185 1
529 600 1
529 1128 1
530 593 1
530 711 1
530 718 1
530 974 1
530 1174 1
531 598 1
531 768 1
532 623 1
532 843 1
533 552 1
533 554 1
533 685 1
533 1111 1
533 1141 1
533 1200 1
534 561 1
534 715 1
534 754 1
535 873 1
535 898 1
537 1010 1
537 1108 1
537 1120 1
538 694 1
538 1007 1
539 549 1
539 1082 1
539 1124 1
540 613 1
540 1102 1
541 1066 1
542 581 1
542 787 1
544 1066 1
546 738 1
546 811 1
546 988 1
546 1015 1
546 1036 1
549 594 1
549 859 1
550 858 1
551 667 1
551 769 1
551 876 1
551 897 1
551 1076 1
553 1117 1
554 591 1
554 625 1
555 699 1
555 909 1
555 1023 1
557 588 1
557 629 1
557 911 1
557 1025 1
558 798 1
558 820 1
559 824 1
559 875 1
560 704 1
560 815 1
560 823 1
561 631 1
561 698 1
561 1137 1
562 582 1
562 601 1
562 702 1
562 749 1
562 829 1
562 1038 1
564 683 1
564 706 1
564 1152 1
564 1170 1
565 750 1
565 970 1
568 658 1
568 769 1
568 901 1
568 1019 1
568 1046 1
568 1047 1
569 570 1
569 734 1
569 858 1
569 949 1
569 998 1
571 724 1
571 796 1
571 835 1
571 884 1
571 963 1
571 1098 1
572 700 1
573 596 1
574 631 1
574 646 1
574 736 1
574 1082 1
577 1005 1
578 1040 1
578 1094 1
579 1021 1
579 1129 1
580 1012 1
581 745 1
582 848 1
582 1069 1
583 989 1
583 1062 1
583 1100 1
583 1108 1
583 1126 1
583 1142 1
584 733 1
585 922 1
585 1087 1
585 1116 1
586 725 1
586 901 1
586 917 1
587 834 1
587 1014 1
588 806 1
590 610 1
590 915 1
590 921 1
590 962 1
591 977 1
591 991 1
592 894 1
592 1048 1
593 1098 1
594 661 1
594 716 1
594 746 1
594 1027 1
595 637 1
595 643 1
596 1161 1
598 781 1
598 1011 1
598 1153 1
599 1098 1
600 1060 1
600 1194 1
601 773 1
602 1009 1
603 657 1
604 653 1
604 685 1
604 944 1
605 812 1
606 788 1
606 808 1
606 1008 1
606 1197 1
607 627 1
607 679 1
607 727 1
607 916 1
608 921 1
610 1093 1
611 1155 1
612 723 1
612 735 1
612 754 1
613 726 1
613 1063 1
613 1085 1
614 774 1
615 774 1
615 864 1
615 934 1
621 720 1
621 1120 1
622 778 1
622 931 1
623 863 1
623 956 1
623 1054 1
623 1128 1
623 1168 1
623 1194 1
624 667 1
624 1007 1
624 1018 1
624 1043 1
626 892 1
627 750 1
627 773 1
628 813 1
628 1095 1
629 689 1
629 1030 1
630 828 1
631 646 1
631 866 1
631 1101 1
632 647 1
633 1076 1
633 1119 1
634 677 1
634 799 1
634 1105 1
636 642 1
636 756 1
636 785 1
636 889 1
636 1002 1
636 1060 1
637 673 1
637 733 1
637 879 1
641 818 1
641 847 1
641 955 1
641 1097 1
642 724 1
642 756 1
642 790 1
642 846 1
642 933 1
642 982 1
644 872 1
644 1140 1
645 809 1
645 895 1
646 834 1
646 1042 1
648 907 1
649 862 1
649 976 1
651 657 1
651 704 1
651 898 1
652 670 1
652 688 1
653 707 1
654 845 1
654 1088 1
656 919 1
657 1002 1
658 793 1
658 1071 1
659 1141 1
662 721 1
662 1106 1
664 915 1
665 777 1
666 899 1
666 1064 1
667 781 1
668 710 1
670 1161 1
673 960 1
674 1099 1
675 759 1
675 878 1
676 834 1
677 995 1
677 1101 1
678 824 1
678 936 1
678 1090 1
678 1134 1
681 811 1
682 731 1
682 931 1
682 943 1
682 1024 1
682 1189 1
683 1060 1
683 1196 1
684 697 1
685 817 1
685 856 1
685 872 1
685 1141 1
686 801 1
686 854 1
686 864 1
687 829 1
688 870 1
688 931 1
688 1145 1
689 723 1
689 873 1
689 1108 1
690 912 1
690 1193 1
692 813 1
693 808 1
693 988 1
693 1068 1
696 914 1
696 1016 1
696 1074 1
697 969 1
699 707 1
699 918 1
699 1049 1
702 1027 1
703 785 1
707 867 1
707 1073 1
708 1074 1
710 857 1
711 740 1
711 772 1
711 961 1
712 1124 1
713 770 1
713 1092 1
719 743 1
719 822 1
719 1028 1
719 1040 1
720 1090 1
723 871 1
724 941 1
725 869 1
725 1037 1
726 876 1
726 1045 1
726 1077 1
728 1044 1
733 1010 1
735 778 1
736 1133 1
737 980 1
738 782 1
739 1199 1
741 1106 1
742 851 1
744 992 1
748 976 1
749 871 1
749 891 1
749 1166 1
750 930 1
753 985 1
756 801 1
756 884 1
757 928 1
757 968 1
758 951 1
761 1144 1
762 1075 1
763 966 1
764 891 1
764 904 1
764 1045 1
765 806 1
766 871 1
766 1179 1
767 1092 1
767 1117 1
769 901 1
769 1020 1
770 994 1
770 1161 1
771 894 1
772 1164 1
773 803 1
773 1098 1
774 979 1
774 1100 1
775 977 1
777 885 1
777 954 1
778 1057 1
781 1155 1
784 1172 1
786 1018 1
787 1162 1
788 939 1
788 1003 1
788 1145 1
789 823 1
789 1009 1
791 846 1
796 995 1
797 831 1
801 810 1
801 883 1
801 1011 1
802 898 1
803 1105 1
804 1072 1
805 806 1
806 896 1
807 1185 1
809 1135 1
811 1115 1
813 980 1
815 979 1
816 853 1
817 878 1
818 866 1
818 1109 1
820 948 1
821 844 1
822 1037 1
824 1154 1
825 967 1
825 998 1
825 1062 1
826 957 1
826 1101 1
826 1115 1
829 1028 1
833 838 1
836 918 1
837 1017 1
838 1136 1
839 1029 1
842 971 1
843 1104 1
847 903 1
850 1107 1
854 896 1
854 1186 1
855 947 1
855 1062 1
855 1194 1
856 1021 1
856 1080 1
856 1154 1
856 1160 1
857 922 1
857 928 1
857 1148 1
857 1177 1
857 1184 1
861 876 1
861 1019 1
862 1157 1
865 868 1
867 1118 1
870 1117 1
872 893 1
874 1183 1
875 1092 1
880 1130 1
881 1040 1
882 1026 1
882 1105 1
883 1163 1
885 901 1
885 1017 1
888 990 1
895 950 1
896 1026 1
899 927 1
899 1031 1
899 1034 1
901 1145 1
901 1171 1
902 1122 1
905 1004 1
910 1046 1
913 1051 1
915 1103 1
916 1093 1
924 936 1
924 947 1
924 1122 1
924 1141 1
924 1191 1
931 1140 1
932 1158 1
933 940 1
933 942 1
933 1081 1
935 989 1
936 1183 1
937 941 1
939 969 1
939 1052 1
940 1109 1
940 1166 1
941 1054 1
943 1065 1
943 1112 1
943 1178 1
948 1058 1
948 1116 1
951 1022 1
952 1187 1
953 982 1
953 1159 1
954 1114 1
955 1147 1
959 1062 1
960 962 1
963 1142 1
964 975 1
964 996 1
965 983 1
967 1008 1
971 1082 1
971 1153 1
972 1031 1
972 1156 1
973 1080 1
975 996 1
976 1099 1
982 1057 1
982 1094 1
984 1125 1
985 1147 1
987 1000 1
987 1022 1
994 1189 1
997 1060 1
997 1139 1
998 1066 1
998 1182 1
999 1075 1
1001 1160 1
1007 1069 1
1010 1033 1
1011 1042 1
1011 1110 1
1011 1153 1
1013 1068 1
1023 1039 1
1023 1200 1
1025 1088 1
1029 1110 1
1041 1096 1
1048 1055 1
1051 1153 1
1058 1079 1
1069 1181 1
1075 1081 1
1082 1167 1
1083 1112 1
1083 1146 1
1086 1103 1
1089 1115 1
1112 1199 1
1120 1123 1
1120 1157 1
1121 1184 1
1122 1172 1
1133 1181 1
1134 1200 1
1135 1157 1
1146 1175 1
1154 1160 1
1157 1171 1
