2000 7984 
1 2 1
1 3 1
1 4 1
1 5 1
1 6 1
1 7 1
1 10 1
1 12 1
1 16 1
1 17 1
1 19 1
1 20 1
1 24 1
1 25 1
1 26 1
1 32 1
1 36 1
1 69 1
1 70 1
1 71 1
1 98 1
1 106 1
1 107 1
1 116 1
1 129 1
1 138 1
1 141 1
1 168 1
1 177 1
1 190 1
1 202 1
1 221 1
1 229 1
1 232 1
1 244 1
1 265 1
1 283 1
1 287 1
1 294 1
1 302 1
1 305 1
1 336 1
1 346 1
1 385 1
1 389 1
1 411 1
1 445 1
1 460 1
1 468 1
1 481 1
1 483 1
1 570 1
1 686 1
1 688 1
1 744 1
1 748 1
1 750 1
1 783 1
1 792 1
1 795 1
1 830 1
1 836 1
1 849 1
1 861 1
1 891 1
1 944 1
1 947 1
1 952 1
1 960 1
1 1027 1
1 1045 1
1 1062 1
1 1070 1
1 1096 1
1 1113 1
1 1114 1
1 1117 1
1 1175 1
1 1236 1
1 1258 1
1 1292 1
1 1346 1
1 1412 1
1 1446 1
1 1457 1
1 1477 1
1 1557 1
1 1595 1
1 1615 1
1 1632 1
1 1685 1
1 1728 1
1 1737 1
1 1748 1
1 1751 1
1 1802 1
1 1805 1
1 1889 1
1 1903 1
2 7 1
2 17 1
2 25 1
2 48 1
2 55 1
2 79 1
2 97 1
2 117 1
2 119 1
2 166 1
2 179 1
2 185 1
2 243 1
2 246 1
2 273 1
2 316 1
2 383 1
2 386 1
2 408 1
2 420 1
2 441 1
2 470 1
2 481 1
2 594 1
2 595 1
2 628 1
2 741 1
2 803 1
2 825 1
2 840 1
2 890 1
2 977 1
2 985 1
2 1007 1
2 1019 1
2 1377 1
2 1401 1
2 1406 1
2 1481 1
2 1751 1
2 1816 1
2 1940 1
3 6 1
3 7 1
3 8 1
3 9 1
3 12 1
3 13 1
3 16 1
3 20 1
3 21 1
3 26 1
3 29 1
3 32 1
3 45 1
3 55 1
3 60 1
3 63 1
3 68 1
3 72 1
3 86 1
3 87 1
3 103 1
3 182 1
3 219 1
3 221 1
3 247 1
3 258 1
3 260 1
3 275 1
3 288 1
3 311 1
3 459 1
3 513 1
3 540 1
3 548 1
3 584 1
3 601 1
3 602 1
3 634 1
3 667 1
3 754 1
3 791 1
3 813 1
3 1034 1
3 1252 1
3 1258 1
3 1339 1
3 1425 1
3 1464 1
3 1480 1
3 1518 1
3 1554 1
3 1661 1
3 1686 1
3 1724 1
3 1809 1
3 1879 1
3 1967 1
4 6 1
4 13 1
4 17 1
4 42 1
4 89 1
4 95 1
4 117 1
4 122 1
4 157 1
4 299 1
4 359 1
4 392 1
4 457 1
4 518 1
4 861 1
4 1168 1
4 1244 1
4 1292 1
4 1375 1
4 1436 1
4 1452 1
4 1548 1
4 1683 1
4 1733 1
4 1905 1
4 1914 1
4 1957 1
5 6 1
5 7 1
5 8 1
5 10 1
5 11 1
5 15 1
5 16 1
5 18 1
5 19 1
5 24 1
5 29 1
5 33 1
5 45 1
5 52 1
5 70 1
5 80 1
5 115 1
5 127 1
5 131 1
5 140 1
5 141 1
5 150 1
5 160 1
5 162 1
5 168 1
5 171 1
5 172 1
5 179 1
5 193 1
5 196 1
5 204 1
5 208 1
5 210 1
5 265 1
5 323 1
5 333 1
5 352 1
5 362 1
5 363 1
5 378 1
5 397 1
5 423 1
5 434 1
5 447 1
5 490 1
5 501 1
5 506 1
5 523 1
5 530 1
5 597 1
5 612 1
5 618 1
5 662 1
5 676 1
5 685 1
5 691 1
5 692 1
5 712 1
5 738 1
5 749 1
5 753 1
5 756 1
5 799 1
5 900 1
5 921 1
5 970 1
5 1009 1
5 1040 1
5 1089 1
5 1091 1
5 1092 1
5 1107 1
5 1125 1
5 1136 1
5 1143 1
5 1158 1
5 1161 1
5 1174 1
5 1247 1
5 1270 1
5 1284 1
5 1419 1
5 1438 1
5 1442 1
5 1503 1
5 1513 1
5 1545 1
5 1561 1
5 1599 1
5 1615 1
5 1701 1
5 1709 1
5 1727 1
5 1908 1
5 1954 1
5 1962 1
6 8 1
6 9 1
6 11 1
6 12 1
6 13 1
6 15 1
6 16 1
6 18 1
6 21 1
6 23 1
6 24 1
6 27 1
6 28 1
6 46 1
6 50 1
6 52 1
6 58 1
6 60 1
6 71 1
6 73 1
6 74 1
6 78 1
6 83 1
6 99 1
6 102 1
6 105 1
6 110 1
6 120 1
6 128 1
6 140 1
6 149 1
6 159 1
6 161 1
6 164 1
6 172 1
6 176 1
6 232 1
6 246 1
6 264 1
6 268 1
6 277 1
6 279 1
6 289 1
6 291 1
6 305 1
6 313 1
6 317 1
6 321 1
6 328 1
6 331 1
6 351 1
6 364 1
6 370 1
6 382 1
6 388 1
6 407 1
6 421 1
6 437 1
6 445 1
6 473 1
6 488 1
6 493 1
6 563 1
6 567 1
6 600 1
6 620 1
6 621 1
6 622 1
6 649 1
6 655 1
6 665 1
6 669 1
6 678 1
6 710 1
6 712 1
6 724 1
6 734 1
6 775 1
6 799 1
6 803 1
6 832 1
6 835 1
6 837 1
6 852 1
6 869 1
6 870 1
6 890 1
6 906 1
6 928 1
6 940 1
6 985 1
6 1012 1
6 1013 1
6 1019 1
6 1022 1
6 1027 1
6 1044 1
6 1047 1
6 1068 1
6 1095 1
6 1133 1
6 1137 1
6 1141 1
6 1179 1
6 1183 1
6 1222 1
6 1241 1
6 1245 1
6 1264 1
6 1275 1
6 1350 1
6 1365 1
6 1369 1
6 1374 1
6 1382 1
6 1383 1
6 1417 1
6 1433 1
6 1445 1
6 1457 1
6 1462 1
6 1463 1
6 1598 1
6 1611 1
6 1628 1
6 1643 1
6 1652 1
6 1654 1
6 1656 1
6 1679 1
6 1709 1
6 1711 1
6 1719 1
6 1721 1
6 1726 1
6 1756 1
6 1782 1
6 1805 1
6 1836 1
6 1860 1
6 1864 1
6 1889 1
6 1894 1
6 1969 1
7 8 1
7 9 1
7 10 1
7 11 1
7 14 1
7 15 1
7 20 1
7 27 1
7 28 1
7 31 1
7 34 1
7 36 1
7 37 1
7 38 1
7 46 1
7 47 1
7 53 1
7 60 1
7 64 1
7 66 1
7 71 1
7 101 1
7 106 1
7 109 1
7 113 1
7 118 1
7 124 1
7 127 1
7 138 1
7 145 1
7 146 1
7 147 1
7 187 1
7 189 1
7 191 1
7 192 1
7 201 1
7 231 1
7 240 1
7 254 1
7 274 1
7 282 1
7 284 1
7 309 1
7 311 1
7 414 1
7 418 1
7 447 1
7 450 1
7 453 1
7 469 1
7 478 1
7 495 1
7 497 1
7 519 1
7 614 1
7 626 1
7 629 1
7 687 1
7 688 1
7 723 1
7 724 1
7 725 1
7 819 1
7 834 1
7 879 1
7 924 1
7 927 1
7 934 1
7 945 1
7 959 1
7 1007 1
7 1059 1
7 1089 1
7 1124 1
7 1140 1
7 1166 1
7 1191 1
7 1199 1
7 1210 1
7 1225 1
7 1274 1
7 1565 1
7 1659 1
7 1715 1
7 1781 1
7 1787 1
7 1794 1
7 1835 1
7 1876 1
7 1884 1
7 1907 1
7 1927 1
7 1997 1
8 9 1
8 11 1
8 14 1
8 15 1
8 21 1
8 23 1
8 24 1
8 26 1
8 29 1
8 32 1
8 34 1
8 35 1
8 40 1
8 52 1
8 53 1
8 61 1
8 68 1
8 70 1
8 72 1
8 76 1
8 79 1
8 88 1
8 89 1
8 112 1
8 128 1
8 142 1
8 143 1
8 146 1
8 154 1
8 209 1
8 230 1
8 241 1
8 252 1
8 256 1
8 292 1
8 304 1
8 318 1
8 335 1
8 366 1
8 368 1
8 391 1
8 395 1
8 399 1
8 405 1
8 448 1
8 474 1
8 478 1
8 482 1
8 486 1
8 549 1
8 551 1
8 583 1
8 605 1
8 617 1
8 645 1
8 646 1
8 652 1
8 672 1
8 682 1
8 684 1
8 690 1
8 727 1
8 730 1
8 740 1
8 778 1
8 779 1
8 781 1
8 829 1
8 845 1
8 856 1
8 892 1
8 913 1
8 990 1
8 993 1
8 1005 1
8 1048 1
8 1051 1
8 1052 1
8 1067 1
8 1138 1
8 1158 1
8 1171 1
8 1179 1
8 1206 1
8 1259 1
8 1272 1
8 1370 1
8 1390 1
8 1394 1
8 1407 1
8 1409 1
8 1415 1
8 1427 1
8 1454 1
8 1479 1
8 1508 1
8 1510 1
8 1528 1
8 1543 1
8 1554 1
8 1640 1
8 1680 1
8 1694 1
8 1722 1
8 1731 1
8 1770 1
8 1779 1
8 1781 1
8 1895 1
8 1905 1
8 1915 1
8 1921 1
8 1926 1
8 1945 1
8 1946 1
8 1954 1
8 1996 1
9 10 1
9 29 1
9 36 1
9 42 1
9 65 1
9 151 1
9 175 1
9 279 1
9 281 1
9 293 1
9 314 1
9 343 1
9 446 1
9 510 1
9 642 1
9 677 1
9 751 1
9 800 1
9 858 1
9 888 1
9 1020 1
9 1049 1
9 1150 1
9 1257 1
9 1270 1
9 1334 1
9 1502 1
9 1582 1
9 1625 1
9 1646 1
9 1692 1
9 1711 1
9 1981 1
10 12 1
10 13 1
10 23 1
10 25 1
10 26 1
10 32 1
10 36 1
10 37 1
10 43 1
10 46 1
10 51 1
10 58 1
10 62 1
10 68 1
10 89 1
10 107 1
10 111 1
10 114 1
10 126 1
10 137 1
10 146 1
10 150 1
10 159 1
10 160 1
10 188 1
10 225 1
10 249 1
10 264 1
10 266 1
10 295 1
10 307 1
10 327 1
10 339 1
10 340 1
10 375 1
10 391 1
10 427 1
10 463 1
10 480 1
10 523 1
10 532 1
10 534 1
10 548 1
10 585 1
10 595 1
10 598 1
10 633 1
10 661 1
10 691 1
10 752 1
10 768 1
10 805 1
10 845 1
10 850 1
10 902 1
10 933 1
10 972 1
10 1042 1
10 1072 1
10 1099 1
10 1131 1
10 1144 1
10 1153 1
10 1179 1
10 1186 1
10 1227 1
10 1267 1
10 1286 1
10 1308 1
10 1317 1
10 1366 1
10 1378 1
10 1429 1
10 1435 1
10 1552 1
10 1580 1
10 1584 1
10 1668 1
10 1678 1
10 1744 1
10 1753 1
10 1756 1
10 1837 1
10 1960 1
10 1990 1
11 45 1
11 69 1
11 104 1
11 106 1
11 201 1
11 229 1
11 241 1
11 370 1
11 458 1
11 491 1
11 513 1
11 1012 1
11 1042 1
11 1085 1
11 1095 1
11 1319 1
11 1503 1
11 1922 1
12 14 1
12 17 1
12 18 1
12 27 1
12 30 1
12 31 1
12 34 1
12 43 1
12 44 1
12 55 1
12 60 1
12 61 1
12 63 1
12 65 1
12 82 1
12 99 1
12 119 1
12 154 1
12 217 1
12 225 1
12 231 1
12 239 1
12 245 1
12 255 1
12 259 1
12 263 1
12 273 1
12 279 1
12 328 1
12 329 1
12 330 1
12 379 1
12 393 1
12 396 1
12 484 1
12 519 1
12 521 1
12 536 1
12 614 1
12 622 1
12 659 1
12 682 1
12 702 1
12 730 1
12 750 1
12 825 1
12 845 1
12 889 1
12 932 1
12 959 1
12 966 1
12 967 1
12 980 1
12 983 1
12 1005 1
12 1028 1
12 1090 1
12 1122 1
12 1147 1
12 1206 1
12 1249 1
12 1328 1
12 1350 1
12 1362 1
12 1379 1
12 1394 1
12 1435 1
12 1514 1
12 1519 1
12 1545 1
12 1572 1
12 1589 1
12 1861 1
12 1890 1
12 1894 1
12 1951 1
13 14 1
13 30 1
13 35 1
13 38 1
13 47 1
13 56 1
13 59 1
13 68 1
13 87 1
13 88 1
13 115 1
13 154 1
13 196 1
13 329 1
13 406 1
13 426 1
13 462 1
13 536 1
13 568 1
13 610 1
13 807 1
13 894 1
13 956 1
13 1054 1
13 1056 1
13 1080 1
13 1094 1
13 1114 1
13 1126 1
13 1195 1
13 1264 1
13 1276 1
13 1395 1
13 1526 1
13 1635 1
14 18 1
14 20 1
14 30 1
14 42 1
14 56 1
14 75 1
14 83 1
14 109 1
14 112 1
14 130 1
14 148 1
14 162 1
14 174 1
14 225 1
14 269 1
14 297 1
14 298 1
14 380 1
14 431 1
14 445 1
14 455 1
14 478 1
14 507 1
14 511 1
14 516 1
14 665 1
14 731 1
14 740 1
14 777 1
14 869 1
14 878 1
14 890 1
14 931 1
14 936 1
14 981 1
14 992 1
14 994 1
14 1036 1
14 1038 1
14 1316 1
14 1332 1
14 1346 1
14 1579 1
14 1653 1
14 1695 1
14 1966 1
14 1970 1
15 22 1
15 28 1
15 37 1
15 39 1
15 76 1
15 84 1
15 85 1
15 154 1
15 202 1
15 294 1
15 314 1
15 338 1
15 390 1
15 454 1
15 464 1
15 467 1
15 558 1
15 570 1
15 634 1
15 810 1
15 822 1
15 860 1
15 880 1
15 926 1
15 938 1
15 1008 1
15 1104 1
15 1200 1
15 1242 1
15 1248 1
15 1326 1
15 1337 1
15 1338 1
15 1367 1
15 1438 1
15 1546 1
15 1652 1
15 1769 1
15 1960 1
15 1998 1
16 21 1
16 22 1
16 30 1
16 34 1
16 43 1
16 44 1
16 48 1
16 52 1
16 55 1
16 69 1
16 121 1
16 140 1
16 235 1
16 280 1
16 343 1
16 344 1
16 358 1
16 373 1
16 462 1
16 518 1
16 524 1
16 550 1
16 562 1
16 585 1
16 640 1
16 664 1
16 689 1
16 694 1
16 765 1
16 787 1
16 882 1
16 883 1
16 894 1
16 920 1
16 925 1
16 926 1
16 959 1
16 1103 1
16 1118 1
16 1135 1
16 1138 1
16 1289 1
16 1455 1
16 1495 1
16 1515 1
16 1559 1
16 1671 1
16 1708 1
16 1711 1
16 1783 1
16 1798 1
16 1855 1
16 1864 1
17 19 1
17 22 1
17 23 1
17 35 1
17 47 1
17 53 1
17 59 1
17 67 1
17 72 1
17 75 1
17 92 1
17 94 1
17 104 1
17 108 1
17 134 1
17 143 1
17 149 1
17 151 1
17 156 1
17 158 1
17 174 1
17 194 1
17 199 1
17 205 1
17 209 1
17 231 1
17 237 1
17 296 1
17 299 1
17 343 1
17 345 1
17 346 1
17 360 1
17 368 1
17 380 1
17 410 1
17 416 1
17 440 1
17 451 1
17 562 1
17 564 1
17 572 1
17 579 1
17 635 1
17 666 1
17 674 1
17 676 1
17 697 1
17 715 1
17 721 1
17 736 1
17 774 1
17 876 1
17 889 1
17 895 1
17 906 1
17 914 1
17 932 1
17 936 1
17 942 1
17 1007 1
17 1019 1
17 1083 1
17 1088 1
17 1148 1
17 1164 1
17 1206 1
17 1212 1
17 1235 1
17 1261 1
17 1273 1
17 1278 1
17 1282 1
17 1292 1
17 1313 1
17 1346 1
17 1377 1
17 1385 1
17 1389 1
17 1401 1
17 1504 1
17 1563 1
17 1607 1
17 1879 1
18 19 1
18 22 1
18 41 1
18 97 1
18 120 1
18 139 1
18 176 1
18 203 1
18 214 1
18 285 1
18 347 1
18 376 1
18 378 1
18 515 1
18 526 1
18 558 1
18 600 1
18 636 1
18 667 1
18 682 1
18 709 1
18 714 1
18 723 1
18 790 1
18 892 1
18 912 1
18 930 1
18 1096 1
18 1101 1
18 1168 1
18 1207 1
18 1226 1
18 1232 1
18 1254 1
18 1448 1
18 1458 1
18 1460 1
18 1475 1
18 1598 1
18 1731 1
18 1833 1
18 1878 1
18 1938 1
18 1996 1
19 33 1
19 39 1
19 54 1
19 90 1
19 110 1
19 114 1
19 139 1
19 156 1
19 184 1
19 241 1
19 310 1
19 342 1
19 365 1
19 377 1
19 430 1
19 604 1
19 684 1
19 781 1
19 846 1
19 873 1
19 999 1
19 1071 1
19 1135 1
19 1196 1
19 1521 1
19 1629 1
19 1674 1
19 1702 1
19 1757 1
19 1958 1
20 44 1
20 77 1
20 100 1
20 102 1
20 111 1
20 146 1
20 177 1
20 178 1
20 215 1
20 223 1
20 244 1
20 297 1
20 334 1
20 369 1
20 384 1
20 405 1
20 466 1
20 484 1
20 571 1
20 725 1
20 733 1
20 817 1
20 886 1
20 1011 1
20 1027 1
20 1032 1
20 1132 1
20 1144 1
20 1171 1
20 1345 1
20 1385 1
20 1845 1
20 1923 1
21 25 1
21 31 1
21 35 1
21 38 1
21 41 1
21 49 1
21 62 1
21 83 1
21 89 1
21 100 1
21 105 1
21 119 1
21 132 1
21 133 1
21 139 1
21 178 1
21 181 1
21 188 1
21 189 1
21 200 1
21 207 1
21 227 1
21 230 1
21 232 1
21 238 1
21 277 1
21 285 1
21 308 1
21 331 1
21 338 1
21 341 1
21 367 1
21 388 1
21 413 1
21 422 1
21 431 1
21 440 1
21 443 1
21 456 1
21 460 1
21 461 1
21 470 1
21 496 1
21 501 1
21 532 1
21 536 1
21 538 1
21 539 1
21 555 1
21 586 1
21 629 1
21 637 1
21 643 1
21 661 1
21 662 1
21 670 1
21 700 1
21 703 1
21 822 1
21 835 1
21 867 1
21 882 1
21 919 1
21 955 1
21 963 1
21 976 1
21 998 1
21 1049 1
21 1071 1
21 1072 1
21 1084 1
21 1100 1
21 1145 1
21 1191 1
21 1204 1
21 1223 1
21 1227 1
21 1233 1
21 1247 1
21 1277 1
21 1368 1
21 1418 1
21 1451 1
21 1463 1
21 1490 1
21 1508 1
21 1543 1
21 1559 1
21 1578 1
21 1600 1
21 1646 1
21 1657 1
21 1658 1
21 1667 1
21 1720 1
21 1745 1
21 1803 1
21 1808 1
21 1820 1
21 1854 1
21 1879 1
21 1929 1
21 1957 1
21 1981 1
22 78 1
22 92 1
22 198 1
22 257 1
22 324 1
22 466 1
22 498 1
22 545 1
22 555 1
22 602 1
22 695 1
22 853 1
22 1023 1
22 1105 1
22 1208 1
22 1512 1
22 1827 1
22 1991 1
23 31 1
23 33 1
23 39 1
23 45 1
23 48 1
23 51 1
23 81 1
23 124 1
23 125 1
23 129 1
23 133 1
23 181 1
23 187 1
23 190 1
23 194 1
23 213 1
23 283 1
23 311 1
23 337 1
23 348 1
23 510 1
23 544 1
23 705 1
23 722 1
23 744 1
23 817 1
23 850 1
23 893 1
23 954 1
23 962 1
23 1073 1
23 1208 1
23 1227 1
23 1388 1
23 1391 1
23 1394 1
23 1402 1
23 1558 1
23 1618 1
23 1747 1
23 1802 1
23 1868 1
23 1998 1
24 91 1
24 130 1
24 136 1
24 145 1
24 152 1
24 181 1
24 218 1
24 277 1
24 465 1
24 475 1
24 489 1
24 494 1
24 580 1
24 584 1
24 587 1
24 636 1
24 1034 1
24 1035 1
24 1118 1
24 1189 1
24 1326 1
24 1455 1
24 1478 1
24 1605 1
24 1627 1
24 1749 1
24 1768 1
24 1845 1
25 43 1
25 66 1
25 76 1
25 80 1
25 83 1
25 134 1
25 200 1
25 212 1
25 216 1
25 556 1
25 785 1
25 883 1
25 1686 1
25 1893 1
26 27 1
26 28 1
26 39 1
26 47 1
26 48 1
26 50 1
26 54 1
26 66 1
26 74 1
26 77 1
26 79 1
26 86 1
26 95 1
26 178 1
26 187 1
26 206 1
26 221 1
26 222 1
26 230 1
26 344 1
26 428 1
26 572 1
26 626 1
26 701 1
26 756 1
26 767 1
26 768 1
26 792 1
26 865 1
26 907 1
26 1102 1
26 1146 1
26 1153 1
26 1184 1
26 1213 1
26 1220 1
26 1243 1
26 1278 1
26 1405 1
26 1493 1
26 1571 1
26 1760 1
26 1763 1
26 1836 1
26 1843 1
26 1920 1
27 33 1
27 44 1
27 69 1
27 91 1
27 101 1
27 131 1
27 253 1
27 393 1
27 585 1
27 655 1
27 681 1
27 727 1
27 835 1
27 995 1
27 1005 1
27 1238 1
27 1265 1
27 1369 1
27 1381 1
27 1759 1
27 1981 1
28 49 1
28 51 1
28 62 1
28 73 1
28 79 1
28 86 1
28 93 1
28 121 1
28 177 1
28 188 1
28 222 1
28 226 1
28 238 1
28 252 1
28 255 1
28 259 1
28 298 1
28 301 1
28 303 1
28 318 1
28 345 1
28 348 1
28 350 1
28 352 1
28 355 1
28 372 1
28 404 1
28 496 1
28 507 1
28 511 1
28 539 1
28 573 1
28 588 1
28 590 1
28 642 1
28 653 1
28 699 1
28 711 1
28 742 1
28 754 1
28 757 1
28 785 1
28 796 1
28 831 1
28 840 1
28 867 1
28 920 1
28 1031 1
28 1032 1
28 1035 1
28 1074 1
28 1102 1
28 1162 1
28 1172 1
28 1189 1
28 1198 1
28 1215 1
28 1218 1
28 1276 1
28 1282 1
28 1298 1
28 1384 1
28 1470 1
28 1524 1
28 1561 1
28 1610 1
28 1611 1
28 1616 1
28 1628 1
28 1694 1
28 1760 1
28 1765 1
28 1767 1
28 1884 1
28 1924 1
28 1927 1
29 57 1
29 192 1
29 427 1
29 937 1
29 970 1
29 1294 1
29 1604 1
29 1762 1
30 40 1
30 57 1
30 63 1
30 215 1
30 366 1
30 422 1
30 503 1
30 504 1
30 561 1
30 625 1
30 726 1
30 771 1
30 1243 1
30 1324 1
30 1334 1
30 1370 1
30 1808 1
30 1852 1
31 38 1
31 70 1
31 84 1
31 95 1
31 116 1
31 174 1
31 223 1
31 241 1
31 249 1
31 412 1
31 535 1
31 541 1
31 566 1
31 573 1
31 604 1
31 636 1
31 706 1
31 765 1
31 802 1
31 875 1
31 935 1
31 946 1
31 1018 1
31 1083 1
31 1249 1
31 1817 1
31 1858 1
31 1901 1
32 41 1
32 113 1
32 125 1
32 143 1
32 171 1
32 257 1
32 547 1
32 603 1
32 633 1
32 639 1
32 705 1
32 806 1
32 892 1
32 1511 1
32 1576 1
32 1655 1
32 1670 1
32 1766 1
33 40 1
33 42 1
33 49 1
33 64 1
33 88 1
33 139 1
33 192 1
33 214 1
33 239 1
33 380 1
33 416 1
33 521 1
33 944 1
33 951 1
33 1071 1
33 1448 1
33 1464 1
33 1527 1
33 1834 1
33 1903 1
34 56 1
34 81 1
34 109 1
34 116 1
34 120 1
34 165 1
34 233 1
34 242 1
34 255 1
34 274 1
34 327 1
34 383 1
34 384 1
34 396 1
34 504 1
34 519 1
34 520 1
34 761 1
34 774 1
34 914 1
34 1034 1
34 1043 1
34 1160 1
34 1204 1
34 1305 1
34 1380 1
34 1429 1
34 1523 1
34 1632 1
34 1649 1
34 1777 1
34 1994 1
35 49 1
35 56 1
35 67 1
35 78 1
35 81 1
35 104 1
35 122 1
35 138 1
35 140 1
35 161 1
35 169 1
35 175 1
35 183 1
35 203 1
35 220 1
35 342 1
35 353 1
35 365 1
35 379 1
35 424 1
35 509 1
35 654 1
35 721 1
35 808 1
35 818 1
35 844 1
35 928 1
35 1267 1
35 1322 1
35 1350 1
35 1562 1
35 1675 1
35 1746 1
36 37 1
36 46 1
36 50 1
36 54 1
36 64 1
36 65 1
36 72 1
36 73 1
36 98 1
36 107 1
36 162 1
36 163 1
36 179 1
36 182 1
36 190 1
36 207 1
36 212 1
36 226 1
36 315 1
36 320 1
36 334 1
36 350 1
36 403 1
36 505 1
36 570 1
36 588 1
36 602 1
36 653 1
36 669 1
36 680 1
36 690 1
36 776 1
36 778 1
36 785 1
36 839 1
36 919 1
36 952 1
36 1056 1
36 1095 1
36 1123 1
36 1155 1
36 1487 1
36 1534 1
36 1537 1
36 1585 1
36 1590 1
36 1667 1
36 1887 1
36 1912 1
36 1925 1
36 1987 1
37 50 1
37 90 1
37 108 1
37 123 1
37 189 1
37 218 1
37 464 1
37 533 1
37 553 1
37 720 1
37 759 1
37 839 1
37 848 1
37 1065 1
37 1387 1
37 1474 1
37 1512 1
37 1517 1
37 1609 1
37 1923 1
37 1999 1
38 40 1
38 63 1
38 96 1
38 110 1
38 112 1
38 136 1
38 194 1
38 203 1
38 286 1
38 591 1
38 619 1
38 770 1
38 1230 1
38 1262 1
38 1301 1
38 1857 1
39 41 1
39 57 1
39 67 1
39 87 1
39 88 1
39 94 1
39 97 1
39 131 1
39 132 1
39 208 1
39 220 1
39 290 1
39 319 1
39 320 1
39 337 1
39 348 1
39 351 1
39 472 1
39 482 1
39 512 1
39 526 1
39 588 1
39 690 1
39 717 1
39 817 1
39 820 1
39 833 1
39 877 1
39 885 1
39 897 1
39 901 1
39 1006 1
39 1059 1
39 1155 1
39 1179 1
39 1208 1
39 1241 1
39 1319 1
39 1343 1
39 1651 1
39 1716 1
39 1777 1
39 1804 1
39 1891 1
39 1935 1
39 1986 1
40 58 1
40 59 1
40 75 1
40 137 1
40 176 1
40 183 1
40 283 1
40 432 1
40 522 1
40 563 1
40 716 1
40 852 1
40 854 1
40 1009 1
40 1086 1
40 1111 1
40 1311 1
40 1581 1
40 1623 1
40 1662 1
40 1749 1
41 73 1
41 84 1
41 92 1
41 128 1
41 152 1
41 182 1
41 185 1
41 399 1
41 454 1
41 464 1
41 477 1
41 531 1
41 612 1
41 706 1
41 714 1
41 797 1
41 1570 1
41 1653 1
41 1843 1
41 1917 1
42 57 1
42 64 1
42 78 1
42 95 1
42 108 1
42 120 1
42 161 1
42 172 1
42 195 1
42 210 1
42 225 1
42 264 1
42 294 1
42 312 1
42 355 1
42 356 1
42 386 1
42 400 1
42 412 1
42 443 1
42 498 1
42 539 1
42 556 1
42 616 1
42 687 1
42 759 1
42 819 1
42 838 1
42 979 1
42 999 1
42 1129 1
42 1167 1
42 1324 1
42 1337 1
42 1420 1
42 1483 1
42 1575 1
42 1660 1
42 1823 1
42 1844 1
42 1985 1
43 86 1
43 90 1
43 153 1
43 166 1
43 251 1
43 363 1
43 381 1
43 445 1
43 510 1
43 630 1
43 770 1
43 865 1
43 903 1
43 1077 1
43 1110 1
43 1127 1
43 1156 1
43 1193 1
43 1232 1
43 1256 1
43 1282 1
43 1331 1
43 1359 1
43 1665 1
43 1717 1
43 1808 1
43 1811 1
43 1826 1
43 1846 1
43 1924 1
43 1992 1
44 77 1
44 80 1
44 103 1
44 170 1
44 215 1
44 295 1
44 301 1
44 354 1
44 425 1
44 581 1
44 605 1
44 640 1
44 773 1
44 814 1
44 844 1
44 896 1
44 1148 1
44 1199 1
44 1230 1
44 1270 1
44 1305 1
44 1482 1
44 1552 1
44 1668 1
44 1828 1
45 284 1
45 324 1
45 325 1
45 359 1
45 404 1
45 660 1
45 728 1
45 939 1
45 1010 1
45 1282 1
45 1546 1
45 1909 1
46 58 1
46 162 1
46 168 1
46 173 1
46 243 1
46 317 1
46 407 1
46 421 1
46 462 1
46 507 1
46 577 1
46 578 1
46 666 1
46 708 1
46 738 1
46 862 1
46 1091 1
46 1147 1
46 1191 1
46 1216 1
46 1317 1
46 1595 1
46 1676 1
47 114 1
47 263 1
47 493 1
47 525 1
47 679 1
47 1341 1
47 1801 1
48 51 1
48 54 1
48 85 1
48 91 1
48 108 1
48 113 1
48 129 1
48 135 1
48 142 1
48 150 1
48 158 1
48 164 1
48 171 1
48 181 1
48 197 1
48 217 1
48 248 1
48 258 1
48 261 1
48 282 1
48 287 1
48 307 1
48 345 1
48 349 1
48 429 1
48 437 1
48 441 1
48 466 1
48 523 1
48 568 1
48 596 1
48 638 1
48 667 1
48 697 1
48 717 1
48 742 1
48 746 1
48 811 1
48 822 1
48 828 1
48 847 1
48 944 1
48 999 1
48 1047 1
48 1128 1
48 1168 1
48 1207 1
48 1233 1
48 1236 1
48 1383 1
48 1422 1
48 1440 1
48 1452 1
48 1463 1
48 1466 1
48 1470 1
48 1477 1
48 1568 1
48 1592 1
48 1622 1
48 1636 1
48 1685 1
48 1691 1
48 1807 1
48 1812 1
48 1853 1
48 1856 1
48 1984 1
49 81 1
49 100 1
49 124 1
49 153 1
49 166 1
49 169 1
49 217 1
49 220 1
49 233 1
49 302 1
49 353 1
49 355 1
49 397 1
49 426 1
49 566 1
49 713 1
49 805 1
49 896 1
49 984 1
49 994 1
49 1040 1
49 1173 1
49 1194 1
49 1214 1
49 1268 1
49 1358 1
49 1547 1
49 1555 1
49 1568 1
50 59 1
50 61 1
50 62 1
50 66 1
50 67 1
50 71 1
50 82 1
50 97 1
50 118 1
50 125 1
50 129 1
50 144 1
50 164 1
50 208 1
50 212 1
50 249 1
50 272 1
50 310 1
50 326 1
50 333 1
50 351 1
50 357 1
50 388 1
50 419 1
50 429 1
50 455 1
50 503 1
50 527 1
50 534 1
50 547 1
50 557 1
50 573 1
50 580 1
50 710 1
50 715 1
50 725 1
50 736 1
50 758 1
50 762 1
50 988 1
50 1030 1
50 1048 1
50 1053 1
50 1063 1
50 1072 1
50 1080 1
50 1094 1
50 1116 1
50 1154 1
50 1219 1
50 1269 1
50 1298 1
50 1348 1
50 1391 1
50 1478 1
50 1569 1
50 1669 1
50 1849 1
50 1976 1
50 1978 1
51 61 1
51 93 1
51 103 1
51 109 1
51 115 1
51 121 1
51 141 1
51 173 1
51 185 1
51 186 1
51 202 1
51 212 1
51 233 1
51 266 1
51 270 1
51 313 1
51 321 1
51 382 1
51 420 1
51 422 1
51 432 1
51 443 1
51 479 1
51 529 1
51 533 1
51 627 1
51 684 1
51 739 1
51 757 1
51 786 1
51 823 1
51 898 1
51 911 1
51 925 1
51 991 1
51 1050 1
51 1090 1
51 1111 1
51 1119 1
51 1147 1
51 1180 1
51 1264 1
51 1279 1
51 1295 1
51 1340 1
51 1418 1
51 1456 1
51 1520 1
51 1569 1
51 1710 1
51 1716 1
51 1725 1
51 1921 1
51 1991 1
51 1995 1
52 53 1
52 96 1
52 121 1
52 123 1
52 126 1
52 148 1
52 233 1
52 256 1
52 320 1
52 332 1
52 361 1
52 993 1
52 1014 1
52 1075 1
52 1225 1
52 1281 1
52 1340 1
52 1344 1
52 1466 1
52 1547 1
52 1974 1
53 65 1
53 77 1
53 84 1
53 119 1
53 125 1
53 155 1
53 167 1
53 202 1
53 223 1
53 243 1
53 250 1
53 303 1
53 305 1
53 349 1
53 354 1
53 431 1
53 587 1
53 596 1
53 620 1
53 650 1
53 660 1
53 672 1
53 716 1
53 727 1
53 743 1
53 831 1
53 851 1
53 861 1
53 888 1
53 928 1
53 956 1
53 1064 1
53 1160 1
53 1181 1
53 1361 1
53 1381 1
53 1439 1
53 1455 1
53 1484 1
53 1564 1
53 1659 1
53 1695 1
53 1837 1
53 1841 1
53 1992 1
54 144 1
54 155 1
54 222 1
54 232 1
54 245 1
54 402 1
54 409 1
54 433 1
54 592 1
54 644 1
54 764 1
54 822 1
54 863 1
54 928 1
54 933 1
54 1037 1
54 1068 1
54 1415 1
54 1428 1
54 1943 1
55 74 1
55 92 1
55 228 1
55 267 1
55 377 1
55 592 1
55 593 1
55 616 1
55 637 1
55 658 1
55 687 1
55 779 1
55 898 1
55 969 1
55 1038 1
55 1162 1
55 1202 1
55 1326 1
55 1334 1
55 1490 1
55 1536 1
55 1573 1
55 1704 1
55 1786 1
56 362 1
56 395 1
56 478 1
56 505 1
56 598 1
56 704 1
56 724 1
56 950 1
56 1042 1
56 1051 1
56 1137 1
56 1340 1
56 1540 1
56 1835 1
57 118 1
57 126 1
57 149 1
57 157 1
57 234 1
57 458 1
57 487 1
57 707 1
57 809 1
57 816 1
57 864 1
57 1035 1
57 1169 1
57 1265 1
57 1376 1
57 1531 1
57 1881 1
58 102 1
58 115 1
58 165 1
58 224 1
58 250 1
58 298 1
58 371 1
58 397 1
58 698 1
58 760 1
58 876 1
58 972 1
58 1077 1
58 1181 1
58 1277 1
58 1740 1
58 1780 1
59 99 1
59 131 1
59 174 1
59 210 1
59 239 1
59 389 1
59 510 1
59 734 1
59 992 1
59 1121 1
59 1314 1
59 1504 1
59 1825 1
59 1875 1
60 76 1
60 312 1
60 326 1
60 394 1
60 454 1
60 1133 1
60 1591 1
60 1695 1
60 1895 1
61 82 1
61 106 1
61 329 1
61 638 1
61 756 1
61 773 1
61 856 1
61 1121 1
61 1126 1
61 1359 1
61 1603 1
61 1761 1
61 1891 1
62 74 1
62 85 1
62 224 1
62 306 1
62 342 1
62 343 1
62 415 1
62 418 1
62 698 1
62 989 1
62 1047 1
62 1096 1
62 1134 1
62 1177 1
62 1209 1
62 1224 1
62 1238 1
62 1346 1
62 1404 1
62 1410 1
62 1421 1
62 1428 1
62 1479 1
62 1485 1
62 1877 1
62 1931 1
62 1940 1
63 98 1
63 100 1
63 123 1
63 171 1
63 228 1
63 261 1
63 281 1
63 296 1
63 300 1
63 394 1
63 423 1
63 424 1
63 459 1
63 463 1
63 468 1
63 511 1
63 673 1
63 692 1
63 849 1
63 860 1
63 949 1
63 1021 1
63 1145 1
63 1180 1
63 1203 1
63 1205 1
63 1234 1
63 1280 1
63 1538 1
63 1541 1
63 1542 1
63 1560 1
63 1571 1
63 1683 1
63 1817 1
63 1844 1
63 1845 1
63 1860 1
64 134 1
64 143 1
64 247 1
64 271 1
64 410 1
64 843 1
64 903 1
64 1144 1
64 1518 1
64 1684 1
64 1727 1
64 1796 1
65 80 1
65 82 1
65 153 1
65 189 1
65 207 1
65 217 1
65 235 1
65 309 1
65 368 1
65 400 1
65 405 1
65 582 1
65 656 1
65 711 1
65 779 1
65 910 1
65 991 1
65 1004 1
65 1278 1
65 1311 1
65 1477 1
65 1541 1
65 1544 1
65 1621 1
65 1803 1
65 1882 1
65 1907 1
65 1944 1
66 224 1
66 235 1
66 270 1
66 401 1
66 672 1
66 704 1
66 769 1
66 851 1
66 856 1
66 1209 1
66 1609 1
66 1904 1
67 101 1
67 161 1
67 169 1
67 197 1
67 252 1
67 395 1
67 427 1
67 428 1
67 483 1
67 547 1
67 598 1
67 925 1
67 1073 1
67 1129 1
67 1412 1
67 1430 1
67 1656 1
67 1801 1
68 90 1
68 94 1
68 96 1
68 198 1
68 218 1
68 260 1
68 449 1
68 827 1
68 864 1
68 931 1
68 934 1
68 1043 1
68 1284 1
68 1351 1
68 1357 1
68 1398 1
68 1458 1
68 1582 1
68 1652 1
68 1972 1
69 75 1
69 99 1
69 183 1
69 184 1
69 259 1
69 328 1
69 496 1
69 662 1
69 1084 1
69 1107 1
69 1180 1
69 1612 1
69 1739 1
69 1757 1
69 1771 1
69 1939 1
69 1952 1
70 254 1
70 315 1
70 354 1
70 356 1
70 508 1
70 702 1
70 834 1
70 967 1
70 1069 1
70 1079 1
70 1109 1
70 1239 1
70 1275 1
70 1372 1
70 1468 1
70 1481 1
70 1645 1
70 1776 1
71 93 1
71 263 1
71 290 1
71 304 1
71 661 1
71 1057 1
71 1492 1
71 1551 1
71 1773 1
72 117 1
72 122 1
72 127 1
72 132 1
72 135 1
72 191 1
72 198 1
72 210 1
72 253 1
72 275 1
72 364 1
72 385 1
72 392 1
72 479 1
72 497 1
72 516 1
72 566 1
72 585 1
72 590 1
72 696 1
72 718 1
72 917 1
72 920 1
72 979 1
72 1040 1
72 1176 1
72 1203 1
72 1244 1
72 1253 1
72 1270 1
72 1610 1
72 1619 1
72 1677 1
72 1726 1
73 206 1
73 230 1
73 420 1
73 441 1
73 451 1
73 679 1
73 734 1
73 1178 1
73 1281 1
73 1373 1
73 1434 1
73 1511 1
73 1646 1
74 118 1
74 237 1
74 358 1
74 414 1
74 539 1
74 763 1
74 1045 1
74 1136 1
74 1384 1
74 1597 1
74 1708 1
75 101 1
75 133 1
75 398 1
75 401 1
75 625 1
75 685 1
75 998 1
75 1008 1
75 1063 1
75 1567 1
75 1867 1
75 2000 1
76 94 1
76 111 1
76 113 1
76 147 1
76 195 1
76 288 1
76 332 1
76 480 1
76 554 1
76 635 1
76 673 1
76 731 1
76 838 1
76 866 1
76 868 1
76 915 1
76 982 1
76 1062 1
76 1295 1
76 1550 1
76 1594 1
76 1607 1
76 1647 1
76 1701 1
76 1935 1
76 1944 1
76 1953 1
77 85 1
77 111 1
77 127 1
77 132 1
77 134 1
77 170 1
77 265 1
77 425 1
77 514 1
77 516 1
77 616 1
77 718 1
77 728 1
77 762 1
77 798 1
77 806 1
77 809 1
77 1038 1
77 1130 1
77 1285 1
77 1342 1
77 1388 1
77 1560 1
77 1586 1
77 1661 1
77 1690 1
77 1775 1
77 1851 1
77 1999 1
78 87 1
78 123 1
78 186 1
78 193 1
78 417 1
78 599 1
78 619 1
78 695 1
78 702 1
78 733 1
78 897 1
78 1096 1
78 1148 1
78 1358 1
78 1413 1
78 1473 1
78 1533 1
78 1720 1
78 1902 1
78 1973 1
79 103 1
79 114 1
79 135 1
79 173 1
79 183 1
79 240 1
79 254 1
79 260 1
79 262 1
79 279 1
79 291 1
79 357 1
79 439 1
79 442 1
79 491 1
79 590 1
79 629 1
79 631 1
79 675 1
79 829 1
79 834 1
79 842 1
79 1014 1
79 1148 1
79 1164 1
79 1170 1
79 1216 1
79 1331 1
79 1605 1
79 1682 1
79 1707 1
79 1937 1
80 153 1
80 156 1
80 213 1
80 259 1
80 267 1
80 325 1
80 338 1
80 394 1
80 480 1
80 623 1
80 651 1
80 657 1
80 658 1
80 810 1
80 878 1
80 885 1
80 937 1
80 1022 1
80 1281 1
80 1329 1
80 1585 1
80 1624 1
80 1666 1
81 558 1
81 1320 1
82 96 1
82 112 1
82 116 1
82 596 1
82 954 1
82 960 1
82 1033 1
82 1098 1
83 91 1
83 300 1
83 339 1
83 357 1
83 359 1
83 386 1
83 412 1
83 470 1
83 508 1
83 529 1
83 547 1
83 645 1
83 738 1
83 775 1
83 837 1
83 922 1
83 1182 1
83 1333 1
83 1391 1
83 1421 1
83 1510 1
83 1619 1
83 1875 1
83 1988 1
84 107 1
84 124 1
84 159 1
84 177 1
84 227 1
84 331 1
84 442 1
84 461 1
84 632 1
84 782 1
84 1079 1
84 1128 1
84 1152 1
84 1289 1
84 1475 1
84 1601 1
84 1703 1
84 1946 1
85 144 1
85 151 1
85 272 1
85 295 1
85 336 1
85 378 1
85 452 1
85 687 1
85 694 1
85 824 1
85 1268 1
85 1396 1
85 1440 1
85 1653 1
85 1780 1
85 1842 1
86 93 1
86 105 1
86 318 1
86 335 1
86 339 1
86 371 1
86 696 1
86 902 1
86 1143 1
86 1198 1
86 1560 1
87 98 1
87 145 1
87 292 1
87 312 1
87 383 1
87 480 1
87 486 1
87 544 1
87 941 1
87 1003 1
87 1015 1
87 1073 1
87 1131 1
87 1219 1
87 1358 1
87 1761 1
88 126 1
88 451 1
88 1505 1
89 151 1
89 234 1
89 248 1
89 277 1
89 330 1
89 383 1
89 526 1
89 608 1
89 699 1
89 828 1
89 870 1
89 927 1
89 1116 1
89 1285 1
89 1325 1
89 1643 1
89 1657 1
89 1676 1
89 1724 1
89 1740 1
89 1812 1
89 1846 1
90 104 1
90 169 1
90 191 1
90 193 1
90 196 1
90 219 1
90 333 1
90 347 1
90 813 1
90 921 1
90 1272 1
91 199 1
91 242 1
91 634 1
91 697 1
91 987 1
91 1207 1
91 1713 1
91 1878 1
91 1913 1
92 319 1
92 351 1
92 371 1
92 392 1
92 1125 1
92 1372 1
92 1472 1
92 1860 1
92 1967 1
93 105 1
93 247 1
93 274 1
93 307 1
93 412 1
93 418 1
93 506 1
93 522 1
93 556 1
93 669 1
93 780 1
93 908 1
93 971 1
93 1503 1
93 1540 1
93 1934 1
94 128 1
94 226 1
94 271 1
94 293 1
94 368 1
94 428 1
94 451 1
94 461 1
94 467 1
94 639 1
94 712 1
94 814 1
94 863 1
94 993 1
94 1142 1
94 1225 1
94 1253 1
94 1281 1
94 1481 1
94 1676 1
94 1685 1
94 1799 1
95 149 1
95 178 1
95 541 1
95 574 1
95 641 1
95 967 1
95 1794 1
95 1842 1
95 1893 1
96 137 1
96 138 1
96 160 1
96 213 1
96 237 1
96 253 1
96 264 1
96 409 1
96 833 1
96 913 1
96 974 1
96 1309 1
96 1526 1
96 1782 1
96 1789 1
96 1926 1
97 102 1
97 836 1
97 1149 1
97 1180 1
97 1425 1
98 193 1
98 227 1
98 242 1
98 471 1
98 476 1
98 620 1
98 1021 1
98 1051 1
98 1724 1
98 1748 1
98 1889 1
99 318 1
99 333 1
99 360 1
99 398 1
99 489 1
99 498 1
99 534 1
99 559 1
99 657 1
99 684 1
99 755 1
99 841 1
99 977 1
99 1020 1
99 1058 1
99 1063 1
99 1299 1
99 1379 1
99 1702 1
99 1763 1
99 1766 1
100 122 1
100 136 1
100 166 1
100 186 1
100 273 1
100 286 1
100 325 1
100 507 1
100 527 1
100 691 1
100 694 1
100 794 1
100 796 1
100 810 1
100 867 1
100 929 1
100 1018 1
100 1107 1
100 1325 1
100 1694 1
100 1706 1
100 1717 1
100 1787 1
100 1929 1
100 1951 1
101 155 1
101 399 1
101 747 1
101 1071 1
101 1443 1
101 1446 1
101 1836 1
102 159 1
102 219 1
102 260 1
102 281 1
102 408 1
102 504 1
102 522 1
102 528 1
102 552 1
102 628 1
102 747 1
102 775 1
102 871 1
102 890 1
102 934 1
102 937 1
102 958 1
102 960 1
102 978 1
102 1023 1
102 1226 1
103 117 1
103 180 1
103 197 1
103 214 1
103 291 1
103 304 1
103 352 1
103 444 1
103 456 1
103 475 1
103 509 1
103 567 1
103 649 1
103 699 1
103 713 1
103 789 1
103 892 1
103 976 1
103 1020 1
103 1251 1
103 1267 1
103 1283 1
103 1426 1
103 1461 1
103 1764 1
103 1791 1
103 1972 1
104 110 1
104 142 1
104 147 1
104 190 1
104 209 1
104 219 1
104 278 1
104 336 1
104 428 1
104 524 1
104 595 1
104 823 1
104 975 1
104 976 1
104 980 1
104 1037 1
104 1041 1
104 1209 1
104 1255 1
104 1714 1
104 1731 1
104 1822 1
104 1990 1
105 205 1
105 236 1
105 321 1
105 434 1
105 509 1
105 524 1
105 571 1
105 888 1
105 969 1
105 1204 1
105 1232 1
105 1234 1
105 1375 1
105 1418 1
105 1433 1
105 1509 1
105 1642 1
105 1981 1
106 215 1
106 272 1
106 286 1
106 370 1
106 485 1
106 671 1
106 1228 1
106 1998 1
107 135 1
107 136 1
107 168 1
107 293 1
107 410 1
107 426 1
107 562 1
107 784 1
107 846 1
107 1198 1
107 1344 1
107 1456 1
107 1602 1
107 1873 1
107 1955 1
107 1976 1
108 170 1
108 457 1
108 565 1
108 659 1
108 1256 1
108 1310 1
108 1368 1
108 1610 1
108 1641 1
109 158 1
109 253 1
109 323 1
109 387 1
109 472 1
109 508 1
109 537 1
109 737 1
109 765 1
109 809 1
109 932 1
109 1041 1
109 1175 1
109 1277 1
109 1349 1
109 1447 1
109 1897 1
110 167 1
110 231 1
110 244 1
110 375 1
110 1250 1
110 1649 1
111 133 1
111 163 1
111 216 1
111 340 1
111 395 1
111 518 1
111 739 1
111 812 1
111 884 1
111 1349 1
111 1824 1
111 1913 1
112 184 1
112 246 1
112 248 1
112 296 1
112 310 1
112 330 1
112 344 1
112 393 1
112 416 1
112 450 1
112 599 1
112 674 1
112 693 1
112 730 1
112 789 1
112 1041 1
112 1079 1
112 1218 1
112 1275 1
112 1276 1
112 1600 1
112 1613 1
112 1922 1
112 1956 1
113 340 1
113 454 1
113 455 1
113 843 1
113 1378 1
113 1630 1
114 491 1
114 535 1
114 564 1
114 1348 1
114 1932 1
115 141 1
115 142 1
115 165 1
115 229 1
115 244 1
115 305 1
115 348 1
115 409 1
115 438 1
115 471 1
115 658 1
115 701 1
115 754 1
115 1361 1
115 1362 1
115 1487 1
116 379 1
116 413 1
116 541 1
116 572 1
116 595 1
116 1215 1
116 1437 1
117 398 1
117 574 1
117 832 1
117 1431 1
117 1462 1
117 1557 1
117 1615 1
117 1641 1
117 1681 1
118 147 1
118 203 1
118 282 1
118 453 1
118 651 1
118 816 1
118 834 1
118 1016 1
118 1061 1
118 1289 1
118 1371 1
118 1639 1
118 1752 1
118 1801 1
118 1947 1
118 1989 1
119 130 1
119 156 1
119 222 1
119 339 1
119 354 1
119 620 1
119 1080 1
119 1441 1
119 1574 1
119 1682 1
119 1963 1
119 1977 1
120 130 1
120 145 1
120 163 1
120 240 1
120 262 1
120 336 1
120 361 1
120 554 1
120 617 1
120 1152 1
120 1177 1
120 1332 1
120 1362 1
120 1637 1
120 1833 1
120 1859 1
121 148 1
121 182 1
121 520 1
121 557 1
121 577 1
121 666 1
121 962 1
121 1398 1
122 627 1
122 915 1
122 933 1
122 975 1
123 780 1
123 1312 1
124 150 1
124 152 1
124 245 1
124 266 1
124 356 1
124 417 1
124 634 1
124 671 1
124 720 1
124 804 1
124 1070 1
124 1201 1
124 1741 1
125 229 1
125 361 1
125 382 1
125 773 1
125 1074 1
125 1078 1
125 1093 1
125 1188 1
125 1505 1
125 1683 1
125 1866 1
125 1949 1
125 1963 1
126 188 1
126 211 1
126 220 1
126 276 1
126 278 1
126 314 1
126 360 1
126 417 1
126 495 1
126 784 1
126 1024 1
126 1059 1
126 1088 1
126 1109 1
126 1302 1
126 1392 1
126 1436 1
126 1528 1
126 1628 1
127 137 1
127 158 1
127 198 1
127 211 1
127 236 1
127 254 1
127 436 1
127 456 1
127 639 1
127 1321 1
128 285 1
128 587 1
128 895 1
128 1221 1
129 148 1
129 257 1
129 274 1
129 334 1
129 790 1
129 826 1
129 895 1
129 1288 1
129 1530 1
129 1760 1
129 1971 1
130 406 1
130 632 1
130 851 1
130 904 1
130 1108 1
130 1183 1
130 1234 1
130 1579 1
130 1608 1
131 826 1
131 1036 1
131 1110 1
132 157 1
132 251 1
132 280 1
132 390 1
132 407 1
132 438 1
132 448 1
132 453 1
132 528 1
132 650 1
132 732 1
132 746 1
132 858 1
132 995 1
132 1044 1
132 1059 1
132 1191 1
132 1329 1
132 1427 1
132 1493 1
132 1549 1
132 1644 1
132 1916 1
133 167 1
133 943 1
133 1320 1
133 1353 1
133 1704 1
133 1791 1
133 1976 1
134 206 1
134 251 1
134 262 1
134 303 1
134 472 1
134 501 1
134 621 1
134 726 1
134 753 1
134 894 1
134 994 1
134 1013 1
134 1197 1
134 1267 1
134 1496 1
134 1539 1
134 1889 1
134 1965 1
135 239 1
135 606 1
135 619 1
135 644 1
135 655 1
135 681 1
135 709 1
135 711 1
135 814 1
135 833 1
135 883 1
135 976 1
135 1066 1
135 1089 1
135 1411 1
135 1468 1
135 1518 1
135 1535 1
135 1634 1
135 1787 1
135 1943 1
136 492 1
136 1119 1
136 1216 1
136 1471 1
136 1642 1
137 144 1
137 216 1
137 275 1
137 403 1
137 662 1
137 668 1
137 841 1
137 886 1
137 1544 1
137 1616 1
137 1617 1
138 250 1
138 271 1
138 341 1
138 456 1
138 623 1
138 664 1
138 683 1
138 737 1
138 802 1
138 1126 1
138 1321 1
138 1502 1
138 1545 1
138 1818 1
138 1879 1
138 1930 1
138 1944 1
139 164 1
139 227 1
139 487 1
139 735 1
139 1485 1
139 1516 1
139 1563 1
140 199 1
140 322 1
140 554 1
140 599 1
140 616 1
140 628 1
140 1004 1
140 1139 1
140 1140 1
140 1750 1
141 155 1
141 201 1
141 208 1
141 214 1
141 247 1
141 300 1
141 353 1
141 452 1
141 475 1
141 521 1
141 573 1
141 771 1
141 813 1
141 843 1
141 1029 1
141 1129 1
141 1389 1
141 1498 1
141 1577 1
141 1653 1
141 1693 1
141 1788 1
141 1831 1
141 1916 1
141 1950 1
142 204 1
142 216 1
142 294 1
142 415 1
142 633 1
142 741 1
142 776 1
142 782 1
142 1336 1
142 1484 1
143 165 1
143 170 1
143 175 1
143 200 1
143 378 1
143 441 1
143 457 1
143 492 1
143 533 1
143 961 1
143 1026 1
143 1033 1
143 1084 1
143 1443 1
143 1588 1
143 1788 1
143 1866 1
144 152 1
144 374 1
144 500 1
144 517 1
144 540 1
144 623 1
144 929 1
144 1015 1
144 1136 1
144 1139 1
144 1280 1
144 1377 1
144 1514 1
145 157 1
145 344 1
145 557 1
145 1442 1
145 1541 1
146 280 1
146 359 1
146 432 1
146 492 1
146 923 1
146 1072 1
146 1082 1
146 1085 1
146 1646 1
146 1728 1
146 1795 1
146 1877 1
147 213 1
147 586 1
147 631 1
147 850 1
147 1109 1
147 1196 1
147 1274 1
147 1517 1
147 1831 1
147 1868 1
148 176 1
148 386 1
148 1927 1
149 278 1
149 310 1
149 323 1
149 500 1
149 768 1
149 1231 1
149 1241 1
149 1271 1
149 1463 1
149 1566 1
149 1723 1
150 167 1
150 173 1
150 204 1
150 491 1
150 1132 1
151 191 1
151 199 1
151 211 1
151 296 1
151 385 1
151 439 1
151 449 1
151 531 1
151 904 1
151 907 1
151 1043 1
151 1458 1
151 1614 1
151 1697 1
152 238 1
152 261 1
152 300 1
152 367 1
152 530 1
152 696 1
152 795 1
152 881 1
152 1013 1
152 1094 1
152 1220 1
152 1273 1
152 1428 1
152 1604 1
152 1658 1
152 1778 1
152 1873 1
153 550 1
153 654 1
153 707 1
153 720 1
153 748 1
153 820 1
153 957 1
153 1030 1
153 1090 1
153 1844 1
153 1962 1
154 160 1
154 275 1
154 721 1
154 832 1
154 1087 1
154 1103 1
154 1344 1
155 237 1
155 467 1
155 618 1
155 880 1
155 1590 1
155 1730 1
156 163 1
156 180 1
156 285 1
156 309 1
156 315 1
156 337 1
156 429 1
156 524 1
156 549 1
156 606 1
156 743 1
156 847 1
156 1504 1
156 1582 1
156 1656 1
156 1719 1
156 1899 1
157 197 1
157 211 1
157 408 1
157 549 1
157 1098 1
157 1120 1
157 1200 1
157 1388 1
157 1485 1
157 1859 1
158 228 1
158 255 1
158 367 1
158 458 1
158 535 1
158 586 1
158 832 1
158 1054 1
158 1194 1
158 1277 1
158 1810 1
159 408 1
159 423 1
159 657 1
159 663 1
159 1239 1
159 1500 1
159 1753 1
160 240 1
160 252 1
160 299 1
160 385 1
160 387 1
160 442 1
160 548 1
160 801 1
160 1068 1
160 1304 1
160 1450 1
160 1576 1
160 1638 1
160 1645 1
161 194 1
161 205 1
161 515 1
161 522 1
161 545 1
161 593 1
161 1003 1
161 1523 1
161 1664 1
161 1703 1
162 180 1
162 201 1
162 293 1
162 314 1
162 471 1
162 485 1
162 589 1
162 639 1
162 689 1
162 784 1
162 827 1
162 891 1
162 975 1
162 1178 1
162 1226 1
162 1410 1
162 1459 1
162 1500 1
162 1698 1
162 1980 1
162 1982 1
163 172 1
163 179 1
163 272 1
163 350 1
163 388 1
163 464 1
163 520 1
163 613 1
163 741 1
163 853 1
163 1023 1
163 1217 1
163 1620 1
163 1745 1
164 204 1
164 424 1
164 465 1
164 720 1
164 881 1
164 919 1
164 1774 1
164 1822 1
164 1933 1
165 362 1
165 575 1
165 674 1
165 1218 1
165 1255 1
165 1658 1
166 289 1
166 607 1
166 974 1
166 1574 1
166 1789 1
167 184 1
167 185 1
167 200 1
167 287 1
167 306 1
167 313 1
167 610 1
167 1030 1
167 1317 1
167 1360 1
167 1462 1
167 1720 1
167 1814 1
167 1948 1
168 295 1
168 1532 1
168 1592 1
169 175 1
169 192 1
169 319 1
169 776 1
169 777 1
169 803 1
169 807 1
169 909 1
169 935 1
169 1157 1
169 1473 1
169 1765 1
169 1969 1
170 205 1
170 223 1
170 238 1
170 968 1
170 1700 1
170 1870 1
170 1894 1
170 1927 1
171 209 1
171 332 1
171 1493 1
171 1607 1
171 1937 1
172 234 1
172 249 1
172 316 1
172 1250 1
172 1548 1
172 1642 1
172 1713 1
172 1863 1
172 1871 1
172 1955 1
173 207 1
173 656 1
173 761 1
173 866 1
173 1242 1
173 1420 1
173 1993 1
174 358 1
174 373 1
174 406 1
174 444 1
174 570 1
174 611 1
174 647 1
174 809 1
174 843 1
174 873 1
174 950 1
174 965 1
174 1516 1
174 1562 1
174 1573 1
175 187 1
175 246 1
175 433 1
175 439 1
175 518 1
175 529 1
175 602 1
175 1035 1
175 1048 1
175 1108 1
175 1201 1
175 1250 1
175 1339 1
175 1423 1
176 180 1
176 560 1
176 646 1
177 226 1
177 380 1
177 626 1
177 736 1
177 789 1
177 820 1
177 863 1
177 881 1
177 1085 1
177 1139 1
177 1177 1
177 1249 1
177 1417 1
177 1676 1
177 1682 1
177 1948 1
178 267 1
178 329 1
178 370 1
178 384 1
178 465 1
178 499 1
178 654 1
178 668 1
178 786 1
178 970 1
178 1002 1
178 1094 1
178 1118 1
178 1150 1
178 1441 1
178 1520 1
178 1590 1
178 1681 1
178 1877 1
178 1945 1
179 287 1
179 560 1
179 607 1
179 696 1
179 783 1
179 949 1
179 1364 1
179 1404 1
179 1749 1
179 1893 1
180 1225 1
181 496 1
181 563 1
181 902 1
181 950 1
181 1021 1
181 1151 1
181 1218 1
181 1313 1
181 1445 1
181 1552 1
181 1671 1
181 1978 1
182 195 1
182 242 1
182 270 1
182 297 1
182 331 1
182 413 1
182 461 1
182 599 1
182 714 1
182 953 1
182 1052 1
182 1200 1
182 1538 1
182 1580 1
182 1763 1
183 186 1
183 326 1
183 530 1
183 1165 1
183 1290 1
183 1694 1
183 1968 1
184 196 1
184 236 1
184 356 1
184 414 1
184 498 1
184 538 1
184 562 1
184 576 1
184 630 1
184 656 1
184 657 1
184 669 1
184 679 1
184 781 1
184 782 1
184 922 1
184 1373 1
184 1650 1
184 1800 1
185 553 1
185 1159 1
185 1651 1
186 373 1
186 387 1
186 494 1
186 543 1
186 577 1
186 581 1
186 618 1
186 752 1
186 798 1
186 826 1
186 871 1
186 917 1
186 1092 1
186 1169 1
186 1273 1
186 1514 1
187 221 1
187 245 1
187 266 1
187 284 1
187 613 1
187 797 1
187 1328 1
187 1474 1
187 1495 1
187 1578 1
187 1686 1
187 1721 1
188 218 1
188 256 1
188 303 1
188 335 1
188 391 1
188 681 1
188 900 1
188 927 1
188 1151 1
188 1290 1
188 1488 1
188 1527 1
189 195 1
189 302 1
189 322 1
189 347 1
189 590 1
189 1025 1
189 1087 1
189 1170 1
189 1213 1
189 1483 1
189 1711 1
189 1839 1
190 302 1
190 481 1
190 538 1
190 953 1
190 1012 1
190 1060 1
190 1145 1
190 1341 1
190 1423 1
190 1973 1
191 289 1
191 563 1
191 718 1
191 1208 1
191 1389 1
191 1904 1
192 256 1
192 312 1
192 682 1
192 1265 1
192 1506 1
193 346 1
193 446 1
193 472 1
193 488 1
193 579 1
193 1444 1
193 1745 1
194 224 1
194 379 1
194 434 1
194 504 1
194 821 1
194 1229 1
194 1568 1
194 1641 1
194 1677 1
195 367 1
195 582 1
195 844 1
195 971 1
195 1205 1
195 1287 1
195 1536 1
195 1556 1
195 1683 1
195 1771 1
195 1783 1
195 1833 1
196 306 1
196 485 1
196 863 1
196 901 1
196 981 1
196 1276 1
196 1307 1
197 271 1
197 733 1
197 775 1
197 887 1
197 1176 1
197 1252 1
197 1390 1
197 1393 1
198 515 1
198 897 1
198 912 1
198 1338 1
199 308 1
199 549 1
199 703 1
199 965 1
199 1012 1
199 1093 1
199 1330 1
199 1810 1
199 1896 1
200 290 1
200 484 1
200 494 1
200 545 1
200 760 1
200 800 1
200 806 1
200 862 1
200 1211 1
201 749 1
201 751 1
201 947 1
201 1240 1
201 1650 1
201 1868 1
201 1997 1
202 292 1
202 418 1
202 527 1
202 971 1
202 989 1
202 1718 1
202 1769 1
203 258 1
203 350 1
203 369 1
203 426 1
203 597 1
203 710 1
203 857 1
203 957 1
203 1210 1
203 1323 1
203 1539 1
203 1575 1
203 1692 1
203 1712 1
203 1869 1
204 206 1
204 228 1
204 286 1
204 355 1
204 611 1
204 617 1
204 811 1
204 825 1
204 1024 1
204 1360 1
204 1385 1
204 1403 1
204 1581 1
204 1818 1
204 2000 1
205 424 1
205 1055 1
205 1132 1
205 1192 1
206 307 1
206 369 1
206 542 1
206 560 1
206 747 1
206 1017 1
206 1645 1
207 235 1
207 328 1
207 374 1
207 419 1
207 420 1
207 500 1
207 603 1
207 613 1
207 782 1
207 1037 1
207 1260 1
207 1262 1
207 1434 1
207 1626 1
208 283 1
208 304 1
208 571 1
208 764 1
208 1863 1
209 601 1
209 801 1
209 857 1
210 452 1
210 483 1
210 670 1
210 819 1
210 881 1
210 922 1
210 1136 1
210 1193 1
210 1211 1
210 1758 1
211 251 1
211 459 1
211 506 1
211 561 1
211 593 1
211 799 1
211 907 1
211 968 1
211 1942 1
212 337 1
212 670 1
212 798 1
212 1160 1
213 269 1
213 503 1
213 1070 1
213 1464 1
214 292 1
214 537 1
214 566 1
214 589 1
214 1456 1
214 1491 1
214 1671 1
215 250 1
215 463 1
215 467 1
215 610 1
215 668 1
215 689 1
216 268 1
216 561 1
216 986 1
216 1196 1
216 1587 1
216 1784 1
217 257 1
217 270 1
217 276 1
217 613 1
217 645 1
217 1520 1
217 1555 1
217 1793 1
218 276 1
218 340 1
218 487 1
218 694 1
218 850 1
218 854 1
218 1164 1
218 1439 1
218 1516 1
219 481 1
219 1143 1
220 261 1
221 362 1
221 468 1
221 471 1
221 476 1
221 659 1
221 663 1
221 686 1
221 763 1
221 1017 1
221 1177 1
221 1189 1
221 1375 1
221 1401 1
222 288 1
222 548 1
222 1161 1
222 1806 1
222 1896 1
223 258 1
223 630 1
223 795 1
223 842 1
223 906 1
223 940 1
223 1018 1
223 1301 1
223 1456 1
223 1898 1
224 297 1
224 675 1
224 1105 1
224 1171 1
224 1174 1
224 1195 1
224 1729 1
224 1953 1
224 1974 1
225 243 1
225 281 1
225 413 1
225 1297 1
225 1330 1
225 1819 1
225 1933 1
225 1969 1
226 552 1
226 882 1
227 291 1
227 640 1
227 735 1
228 439 1
228 497 1
228 637 1
228 677 1
228 683 1
228 751 1
228 887 1
228 948 1
228 997 1
228 1088 1
228 1091 1
228 1173 1
228 1273 1
229 787 1
230 234 1
230 269 1
230 376 1
230 917 1
230 961 1
230 988 1
230 1182 1
230 1280 1
230 1453 1
230 1472 1
230 1622 1
230 1697 1
230 1775 1
231 433 1
231 957 1
231 1042 1
231 1065 1
231 1074 1
232 319 1
232 791 1
232 996 1
232 1044 1
232 1767 1
233 268 1
233 405 1
233 488 1
233 655 1
233 680 1
233 988 1
233 1169 1
233 1296 1
233 1329 1
233 1469 1
233 1647 1
233 1745 1
233 1925 1
234 236 1
234 313 1
234 316 1
234 384 1
234 434 1
234 474 1
234 485 1
234 516 1
234 543 1
234 582 1
234 706 1
234 846 1
234 866 1
234 931 1
234 950 1
234 968 1
234 1166 1
234 1335 1
234 1382 1
234 1390 1
234 1397 1
234 1412 1
234 1796 1
234 1829 1
234 1841 1
234 1928 1
234 1940 1
234 1949 1
235 502 1
235 583 1
235 811 1
235 869 1
235 872 1
235 1418 1
235 1432 1
235 1487 1
235 1599 1
235 1950 1
236 273 1
236 320 1
236 338 1
236 375 1
236 392 1
236 398 1
236 583 1
236 588 1
236 727 1
236 769 1
236 1006 1
236 1138 1
236 1156 1
236 1240 1
236 1357 1
236 1469 1
237 641 1
238 365 1
238 430 1
238 497 1
238 846 1
239 332 1
239 397 1
239 460 1
239 477 1
239 514 1
239 643 1
239 758 1
239 770 1
239 1057 1
239 1098 1
239 1163 1
239 1402 1
239 1461 1
239 1542 1
239 1606 1
239 1749 1
239 1779 1
239 1865 1
240 342 1
240 403 1
240 470 1
240 1026 1
240 1057 1
241 248 1
241 403 1
241 453 1
241 477 1
241 486 1
241 579 1
241 608 1
241 619 1
241 648 1
241 793 1
241 952 1
241 1083 1
241 1116 1
241 1471 1
241 1693 1
241 1900 1
242 263 1
242 381 1
242 448 1
242 506 1
242 508 1
242 678 1
242 686 1
242 767 1
242 969 1
242 1283 1
242 1445 1
242 1637 1
242 1840 1
243 268 1
243 306 1
243 327 1
243 334 1
243 345 1
243 430 1
243 499 1
243 680 1
243 771 1
243 885 1
243 943 1
243 1092 1
243 1259 1
243 1272 1
243 1335 1
243 1419 1
243 1443 1
243 1687 1
243 1885 1
244 519 1
244 766 1
244 1121 1
244 1219 1
245 323 1
245 335 1
245 366 1
245 411 1
245 530 1
245 789 1
245 939 1
245 1137 1
245 1248 1
245 1321 1
245 1390 1
246 611 1
246 704 1
246 1416 1
246 1983 1
247 499 1
247 729 1
247 799 1
247 1061 1
247 1699 1
247 1955 1
247 1980 1
248 979 1
248 986 1
248 1678 1
248 1765 1
249 265 1
249 324 1
249 487 1
249 501 1
249 555 1
249 576 1
249 707 1
249 922 1
249 1100 1
249 1151 1
249 1188 1
249 1458 1
250 352 1
250 402 1
250 437 1
250 462 1
250 551 1
250 650 1
250 676 1
250 729 1
250 741 1
250 746 1
250 960 1
250 1430 1
250 1606 1
250 1908 1
250 1926 1
251 953 1
252 679 1
252 731 1
252 1158 1
253 309 1
253 330 1
253 353 1
253 371 1
253 433 1
253 482 1
253 555 1
253 615 1
253 660 1
253 1289 1
253 1311 1
253 1391 1
253 1398 1
253 1569 1
253 1742 1
253 1819 1
254 389 1
254 415 1
254 767 1
254 1019 1
254 1103 1
254 1121 1
254 1322 1
255 269 1
255 635 1
255 748 1
255 899 1
255 965 1
255 996 1
255 1056 1
255 1256 1
255 1633 1
255 1774 1
255 1965 1
256 369 1
256 430 1
256 475 1
256 528 1
256 1499 1
256 1684 1
256 1882 1
256 1935 1
257 262 1
257 301 1
257 325 1
257 650 1
257 795 1
257 830 1
257 1243 1
258 315 1
258 364 1
258 377 1
258 447 1
258 724 1
258 738 1
258 748 1
258 815 1
258 1119 1
258 1340 1
258 1386 1
258 1494 1
258 1591 1
258 1708 1
258 1943 1
259 267 1
259 421 1
259 815 1
259 1374 1
260 568 1
260 627 1
260 709 1
260 1133 1
260 1220 1
260 1246 1
260 1371 1
260 1400 1
260 1449 1
260 1517 1
260 1556 1
260 1802 1
260 1809 1
260 1855 1
260 1865 1
260 1937 1
261 1991 1
262 492 1
262 1454 1
263 997 1
263 1910 1
264 473 1
266 382 1
266 1953 1
267 280 1
267 311 1
267 429 1
267 753 1
267 910 1
267 958 1
267 1203 1
267 1496 1
267 1768 1
267 1892 1
268 341 1
268 360 1
268 513 1
268 614 1
268 673 1
268 991 1
268 1132 1
268 1138 1
268 1408 1
268 1511 1
268 1522 1
268 1584 1
268 1660 1
268 1808 1
268 1836 1
268 1885 1
269 326 1
269 327 1
269 390 1
269 404 1
269 410 1
269 525 1
269 688 1
269 938 1
269 941 1
269 1312 1
269 1453 1
269 1546 1
270 322 1
270 372 1
270 677 1
270 1320 1
270 1437 1
270 1523 1
270 1689 1
270 1880 1
271 317 1
271 324 1
271 425 1
271 440 1
271 597 1
271 757 1
271 1438 1
271 1521 1
272 278 1
272 290 1
272 299 1
272 308 1
272 421 1
272 569 1
272 864 1
272 990 1
272 997 1
272 1104 1
272 1957 1
273 974 1
273 1046 1
273 1062 1
273 1086 1
273 1100 1
273 1922 1
274 289 1
274 514 1
274 565 1
275 276 1
275 284 1
275 473 1
275 561 1
275 565 1
275 1160 1
275 1416 1
275 1433 1
275 1716 1
276 537 1
276 829 1
276 909 1
276 1597 1
276 1618 1
277 1098 1
278 697 1
278 704 1
278 1428 1
278 1432 1
278 1485 1
278 1899 1
279 282 1
279 436 1
279 705 1
279 1062 1
279 1790 1
280 404 1
280 552 1
280 557 1
280 572 1
280 597 1
280 668 1
280 1265 1
280 1435 1
280 1532 1
281 349 1
281 469 1
281 490 1
281 499 1
281 604 1
281 673 1
281 719 1
281 856 1
281 868 1
281 963 1
281 1299 1
281 1349 1
281 1519 1
281 1546 1
281 1942 1
281 1964 1
281 1967 1
282 447 1
282 543 1
283 358 1
283 1001 1
283 1036 1
283 1594 1
283 1738 1
284 777 1
284 1229 1
284 1508 1
284 1649 1
284 1743 1
284 1909 1
285 288 1
285 443 1
285 463 1
285 482 1
285 745 1
285 760 1
285 808 1
285 970 1
285 1126 1
285 1190 1
285 1667 1
285 1718 1
285 1730 1
285 1823 1
286 1741 1
287 735 1
287 1523 1
288 316 1
288 1078 1
288 1095 1
288 1496 1
288 1513 1
288 1535 1
288 1662 1
289 301 1
289 321 1
289 376 1
289 653 1
289 665 1
289 671 1
289 797 1
289 903 1
289 977 1
289 1101 1
289 1216 1
289 1855 1
290 419 1
290 1936 1
291 734 1
291 973 1
291 1296 1
291 1357 1
291 1632 1
291 1943 1
292 298 1
292 357 1
292 423 1
292 493 1
292 609 1
292 690 1
292 1106 1
292 1123 1
292 1732 1
292 1783 1
293 541 1
293 652 1
293 906 1
293 1644 1
294 450 1
294 512 1
294 1039 1
294 1104 1
294 1315 1
294 1395 1
294 1441 1
294 1516 1
294 1526 1
294 1558 1
294 1665 1
294 1689 1
294 1936 1
295 341 1
295 693 1
295 1120 1
295 1371 1
295 1402 1
295 1732 1
296 377 1
296 559 1
296 581 1
296 615 1
296 827 1
296 1301 1
296 1399 1
297 364 1
297 502 1
297 703 1
297 920 1
297 981 1
297 1120 1
297 1294 1
297 1363 1
297 1813 1
298 381 1
298 852 1
298 1924 1
299 880 1
299 1004 1
300 396 1
300 551 1
300 745 1
300 847 1
300 1087 1
300 1310 1
300 1423 1
300 1520 1
301 399 1
301 537 1
301 642 1
301 887 1
301 914 1
301 926 1
301 980 1
301 1015 1
301 1204 1
301 1322 1
301 1531 1
301 1669 1
301 1778 1
301 1815 1
301 1952 1
302 349 1
302 400 1
302 553 1
302 1262 1
302 1343 1
303 361 1
303 402 1
303 584 1
303 910 1
303 1002 1
303 1159 1
303 1261 1
303 1292 1
303 1527 1
304 346 1
304 564 1
304 828 1
304 954 1
304 1085 1
304 1163 1
305 559 1
306 489 1
306 1578 1
307 308 1
307 365 1
307 444 1
307 502 1
307 744 1
307 918 1
307 1055 1
307 1146 1
307 1744 1
307 1987 1
308 422 1
308 436 1
308 505 1
308 569 1
308 608 1
308 902 1
308 1173 1
308 1532 1
308 1961 1
309 389 1
309 505 1
309 798 1
309 1293 1
309 1781 1
309 1975 1
310 755 1
310 987 1
310 1397 1
311 317 1
311 457 1
311 589 1
311 708 1
311 875 1
311 1134 1
311 1251 1
311 1387 1
312 476 1
312 755 1
313 376 1
313 391 1
313 532 1
313 935 1
313 1142 1
313 1230 1
313 1483 1
313 1756 1
314 322 1
314 347 1
314 1091 1
314 1486 1
314 1502 1
315 435 1
315 565 1
315 818 1
315 1044 1
315 1161 1
315 1359 1
315 1364 1
315 1654 1
316 417 1
316 435 1
316 531 1
316 721 1
316 821 1
316 1009 1
316 1057 1
316 1507 1
317 769 1
317 1354 1
317 1459 1
317 1905 1
318 452 1
318 533 1
318 693 1
318 794 1
318 957 1
318 1099 1
318 1141 1
318 1759 1
319 725 1
319 853 1
319 1571 1
320 695 1
320 744 1
320 1046 1
320 1557 1
321 580 1
321 612 1
321 737 1
321 1046 1
321 1299 1
321 1421 1
321 1566 1
321 1677 1
321 1867 1
322 525 1
322 535 1
322 584 1
322 609 1
322 715 1
322 750 1
322 752 1
322 797 1
322 864 1
322 923 1
322 995 1
322 1001 1
322 1210 1
322 1474 1
322 1720 1
322 1811 1
322 1920 1
323 941 1
323 1108 1
323 1306 1
323 1457 1
323 1602 1
323 1679 1
323 1965 1
324 560 1
324 577 1
324 692 1
325 610 1
325 989 1
325 1076 1
325 1881 1
326 363 1
326 366 1
326 436 1
326 794 1
326 930 1
326 1331 1
326 1954 1
327 611 1
327 985 1
327 1437 1
327 1793 1
328 527 1
328 1190 1
328 1901 1
329 372 1
329 714 1
329 722 1
329 752 1
329 766 1
329 962 1
329 1194 1
329 1358 1
329 1796 1
330 1354 1
330 1482 1
330 1809 1
331 465 1
331 488 1
331 1333 1
331 1771 1
332 884 1
332 1185 1
332 1338 1
332 1572 1
332 1733 1
332 1852 1
333 363 1
333 448 1
333 964 1
333 1011 1
333 1467 1
334 774 1
334 997 1
334 1067 1
334 1124 1
334 1968 1
335 401 1
335 600 1
335 689 1
335 756 1
335 1531 1
336 415 1
336 788 1
337 743 1
337 944 1
338 1153 1
338 1197 1
338 1343 1
338 1524 1
338 1670 1
339 685 1
339 706 1
339 865 1
339 1214 1
339 1424 1
340 400 1
340 523 1
340 575 1
340 622 1
340 835 1
340 1158 1
340 1356 1
341 681 1
341 762 1
341 1244 1
341 1613 1
342 1811 1
343 449 1
343 583 1
343 870 1
343 945 1
343 1175 1
343 1291 1
344 1067 1
344 1075 1
344 1156 1
344 1529 1
344 1747 1
344 1762 1
344 1909 1
345 763 1
345 792 1
345 1392 1
346 592 1
346 609 1
346 786 1
346 800 1
346 963 1
346 1033 1
346 1990 1
347 473 1
347 483 1
347 788 1
347 935 1
347 1824 1
348 525 1
348 1472 1
348 1567 1
348 1950 1
349 479 1
349 1919 1
350 512 1
350 1664 1
351 402 1
351 409 1
351 633 1
351 1099 1
351 1286 1
351 1367 1
351 1880 1
351 1936 1
352 442 1
352 641 1
352 1003 1
352 1275 1
352 1415 1
352 1871 1
352 1898 1
352 1909 1
353 416 1
353 474 1
353 736 1
353 964 1
353 1000 1
353 1401 1
354 607 1
355 1115 1
356 631 1
356 636 1
356 796 1
356 975 1
356 999 1
356 1639 1
356 1701 1
356 1890 1
357 373 1
357 495 1
357 778 1
357 885 1
357 1061 1
357 1269 1
357 1825 1
357 1904 1
357 1918 1
357 1949 1
358 374 1
358 435 1
358 440 1
358 842 1
358 870 1
358 1551 1
359 372 1
359 375 1
359 837 1
360 437 1
360 489 1
360 542 1
360 700 1
360 1020 1
360 1086 1
360 1328 1
360 1538 1
360 1788 1
360 1882 1
361 374 1
361 406 1
361 459 1
361 500 1
361 544 1
361 607 1
361 625 1
361 861 1
361 888 1
361 1069 1
361 1312 1
361 1446 1
361 1568 1
361 1593 1
361 1651 1
362 460 1
362 608 1
362 771 1
362 878 1
362 1237 1
362 1387 1
362 1493 1
362 1723 1
362 1861 1
363 604 1
363 675 1
363 1075 1
363 1587 1
363 1961 1
364 543 1
364 930 1
364 1363 1
365 594 1
365 621 1
365 792 1
365 900 1
365 943 1
366 546 1
366 746 1
366 1103 1
366 1540 1
366 1700 1
366 1797 1
366 1930 1
367 381 1
367 393 1
367 455 1
367 578 1
367 772 1
367 1025 1
367 1100 1
367 1426 1
367 1511 1
368 648 1
368 699 1
368 900 1
369 536 1
369 591 1
369 678 1
369 683 1
369 766 1
369 781 1
369 918 1
369 1000 1
369 1001 1
369 1028 1
369 1702 1
369 1969 1
370 542 1
370 552 1
370 757 1
370 772 1
370 776 1
370 808 1
370 847 1
370 886 1
370 1043 1
370 1408 1
370 1429 1
370 1508 1
370 1612 1
370 1674 1
370 1695 1
370 1978 1
371 401 1
371 1205 1
371 1464 1
371 1515 1
372 396 1
372 446 1
372 578 1
372 665 1
372 877 1
372 893 1
372 1187 1
372 1266 1
373 742 1
373 940 1
373 1684 1
373 1986 1
374 387 1
374 411 1
374 574 1
374 658 1
374 680 1
374 808 1
374 908 1
374 915 1
374 1125 1
374 1609 1
374 1729 1
374 1838 1
374 1840 1
374 1906 1
375 760 1
375 1023 1
375 1395 1
375 1468 1
375 1550 1
375 1716 1
375 1748 1
375 1804 1
376 589 1
376 652 1
376 667 1
376 753 1
376 806 1
376 878 1
376 1134 1
376 1688 1
376 1743 1
376 1769 1
376 1817 1
376 1853 1
376 1942 1
376 1955 1
376 1970 1
378 427 1
378 484 1
378 509 1
378 591 1
378 666 1
378 807 1
378 820 1
378 830 1
378 1123 1
378 1192 1
378 1228 1
378 1331 1
378 1361 1
378 1581 1
378 1772 1
379 877 1
379 1778 1
379 1973 1
380 903 1
380 908 1
380 1016 1
380 1793 1
380 1870 1
381 1497 1
381 1552 1
382 874 1
382 1715 1
382 1832 1
383 390 1
383 857 1
383 899 1
383 905 1
383 1537 1
383 1639 1
383 1852 1
384 414 1
384 1342 1
385 780 1
385 992 1
385 1392 1
385 1426 1
386 394 1
386 407 1
386 419 1
386 438 1
386 477 1
386 624 1
386 646 1
386 656 1
386 842 1
386 896 1
386 1011 1
386 1347 1
386 1452 1
386 1596 1
387 904 1
387 1003 1
387 1011 1
388 913 1
388 993 1
388 1419 1
388 1947 1
389 622 1
389 1174 1
389 1413 1
389 1900 1
390 503 1
390 550 1
390 711 1
390 1163 1
390 1190 1
390 1367 1
390 1514 1
390 1542 1
390 1706 1
390 1857 1
391 717 1
391 1263 1
392 540 1
392 628 1
393 759 1
393 871 1
393 961 1
394 790 1
394 1334 1
394 1512 1
394 1675 1
394 1772 1
394 1914 1
394 1999 1
395 605 1
395 874 1
395 1768 1
395 1850 1
396 502 1
396 625 1
397 431 1
397 531 1
397 875 1
397 1214 1
397 1247 1
397 1284 1
397 1422 1
397 1525 1
398 606 1
398 642 1
398 841 1
398 1958 1
399 458 1
399 859 1
399 869 1
399 1054 1
399 1363 1
399 1660 1
400 648 1
400 649 1
400 729 1
400 732 1
400 1133 1
400 1181 1
400 1330 1
400 1494 1
400 1992 1
401 411 1
401 1601 1
401 1964 1
402 632 1
402 683 1
402 816 1
402 873 1
402 1073 1
402 1202 1
403 1025 1
403 1789 1
403 1819 1
404 538 1
404 1076 1
404 1588 1
405 691 1
405 1117 1
405 1128 1
405 1226 1
405 1280 1
405 1549 1
405 1559 1
405 1679 1
406 1444 1
406 1874 1
407 739 1
407 1372 1
407 1608 1
407 1968 1
408 915 1
409 1157 1
409 1622 1
410 568 1
410 601 1
410 1030 1
410 1055 1
410 1631 1
411 425 1
411 468 1
411 546 1
411 1650 1
411 1666 1
412 569 1
412 1185 1
412 1833 1
413 469 1
413 574 1
413 576 1
413 638 1
413 1254 1
413 1997 1
414 1279 1
415 432 1
415 517 1
415 621 1
415 705 1
415 949 1
415 1490 1
415 1740 1
417 1087 1
418 1097 1
418 1414 1
418 1692 1
419 449 1
419 466 1
419 594 1
419 772 1
419 804 1
419 814 1
419 968 1
419 1308 1
420 474 1
420 550 1
420 637 1
420 780 1
420 989 1
420 1710 1
421 614 1
421 1592 1
422 479 1
422 1465 1
422 1705 1
423 783 1
423 924 1
423 1235 1
423 1258 1
423 1474 1
423 1643 1
423 1663 1
423 1810 1
423 1903 1
423 1917 1
424 528 1
424 1017 1
424 1192 1
424 1362 1
424 1469 1
425 435 1
425 546 1
425 556 1
425 787 1
425 931 1
425 1237 1
425 1602 1
425 1644 1
425 1873 1
425 1939 1
426 652 1
426 1238 1
426 1639 1
426 1687 1
427 600 1
427 1298 1
427 1341 1
428 438 1
429 446 1
429 513 1
430 495 1
430 672 1
430 1323 1
430 1666 1
431 911 1
431 1082 1
432 554 1
432 670 1
432 772 1
432 899 1
432 945 1
432 1014 1
432 1449 1
432 1507 1
433 529 1
433 635 1
433 1186 1
433 1222 1
433 1257 1
433 1483 1
433 1500 1
433 1628 1
433 1835 1
434 486 1
434 511 1
434 526 1
434 546 1
434 586 1
434 836 1
434 954 1
434 1293 1
434 1310 1
434 1333 1
434 1535 1
434 1912 1
435 540 1
435 828 1
435 1400 1
436 512 1
436 1172 1
436 1339 1
436 1382 1
436 1875 1
437 1611 1
438 641 1
438 695 1
438 1860 1
439 490 1
439 515 1
439 644 1
439 1078 1
439 1670 1
439 1795 1
439 1830 1
439 1956 1
439 1977 1
440 783 1
440 786 1
440 1077 1
441 444 1
441 469 1
441 575 1
441 958 1
441 1400 1
441 1470 1
441 1605 1
441 1679 1
441 1890 1
441 1978 1
441 1979 1
441 1999 1
442 1145 1
442 1399 1
442 1447 1
442 1677 1
443 764 1
443 929 1
443 1314 1
444 592 1
444 630 1
444 1785 1
445 493 1
445 1432 1
445 1993 1
446 450 1
446 567 1
446 712 1
446 848 1
446 862 1
446 932 1
446 1377 1
446 1403 1
446 1405 1
446 1616 1
446 1627 1
446 1689 1
446 1847 1
446 1939 1
447 649 1
447 845 1
447 904 1
447 1052 1
447 1212 1
447 1382 1
447 1489 1
447 1553 1
448 1048 1
448 1161 1
448 1529 1
448 1625 1
449 663 1
449 1264 1
450 647 1
450 1075 1
450 1260 1
450 1448 1
450 1754 1
450 1883 1
451 1381 1
452 951 1
453 591 1
453 632 1
453 733 1
453 1039 1
453 1444 1
453 1831 1
453 1892 1
454 542 1
454 1524 1
454 1851 1
455 761 1
455 1353 1
455 1451 1
455 1536 1
455 1696 1
455 1705 1
456 582 1
456 1081 1
456 1251 1
456 1544 1
457 520 1
457 575 1
457 579 1
458 685 1
458 996 1
458 1550 1
458 1563 1
458 1834 1
459 476 1
459 883 1
460 761 1
460 787 1
460 1146 1
460 1587 1
460 1611 1
461 521 1
461 731 1
461 990 1
461 1246 1
461 1616 1
461 1731 1
461 1829 1
462 740 1
462 862 1
462 987 1
462 1839 1
463 587 1
463 874 1
463 1034 1
463 1297 1
463 1775 1
464 1257 1
465 1212 1
466 833 1
466 1352 1
466 1497 1
466 1774 1
466 1842 1
466 1917 1
467 576 1
467 594 1
467 646 1
467 659 1
467 765 1
467 1078 1
467 1297 1
468 1185 1
469 490 1
469 514 1
469 640 1
469 1322 1
470 713 1
470 788 1
470 818 1
470 836 1
470 1221 1
470 1297 1
470 1310 1
470 1461 1
470 1476 1
470 1538 1
470 1615 1
470 1672 1
470 1891 1
470 1906 1
470 1975 1
471 707 1
471 749 1
471 984 1
471 1254 1
471 1617 1
471 1737 1
472 758 1
472 777 1
472 1347 1
472 1766 1
472 1798 1
474 1246 1
474 1886 1
475 517 1
475 532 1
475 719 1
475 917 1
475 1906 1
476 1422 1
476 1839 1
478 569 1
478 719 1
478 729 1
478 824 1
478 1399 1
478 1489 1
478 1554 1
480 553 1
480 866 1
480 936 1
480 964 1
480 1010 1
480 1063 1
480 1476 1
481 1329 1
481 1357 1
481 1569 1
481 1633 1
482 884 1
482 1638 1
482 1961 1
483 728 1
484 578 1
484 676 1
484 1111 1
484 1319 1
484 1688 1
485 580 1
485 1060 1
485 1948 1
486 972 1
486 1594 1
487 802 1
487 837 1
487 934 1
487 955 1
487 978 1
487 1186 1
487 1206 1
488 494 1
488 1016 1
488 1115 1
488 1478 1
488 1799 1
489 933 1
489 1665 1
489 1726 1
490 661 1
491 745 1
491 813 1
491 1146 1
492 709 1
492 1029 1
492 1379 1
492 1486 1
492 1498 1
492 1657 1
492 1700 1
493 517 1
493 1778 1
494 1409 1
494 1821 1
494 1883 1
495 879 1
495 1565 1
496 1107 1
497 598 1
497 827 1
497 913 1
497 1047 1
497 1066 1
497 1224 1
497 1551 1
497 1966 1
498 624 1
498 1135 1
498 1220 1
498 1304 1
498 1386 1
499 910 1
500 742 1
500 1040 1
500 1279 1
500 1438 1
500 1869 1
501 941 1
501 943 1
501 1263 1
501 1369 1
501 1945 1
502 627 1
502 686 1
502 784 1
502 848 1
502 1106 1
502 1295 1
503 831 1
503 886 1
503 1448 1
503 1707 1
503 1938 1
503 1983 1
504 1462 1
504 1761 1
504 1932 1
505 774 1
505 855 1
505 977 1
505 1110 1
505 1232 1
505 1648 1
506 1274 1
506 1408 1
506 1923 1
507 1082 1
508 648 1
508 1092 1
508 1593 1
509 581 1
509 1315 1
509 1747 1
509 1826 1
510 623 1
510 807 1
510 1150 1
510 1336 1
510 1584 1
510 1591 1
510 1606 1
510 1626 1
510 1779 1
511 534 1
511 698 1
511 818 1
511 1068 1
511 1174 1
511 1223 1
511 1295 1
512 606 1
512 872 1
512 948 1
512 1623 1
513 1050 1
513 1233 1
513 1673 1
514 545 1
514 718 1
514 858 1
514 958 1
514 1117 1
514 1494 1
515 558 1
515 653 1
515 1016 1
515 1143 1
515 1980 1
516 671 1
517 859 1
517 908 1
517 1053 1
517 1168 1
517 1182 1
518 768 1
518 926 1
518 947 1
518 1058 1
518 1272 1
518 1762 1
518 1911 1
519 544 1
519 793 1
519 1025 1
519 1080 1
519 1090 1
519 1193 1
519 1313 1
519 1394 1
520 945 1
520 1688 1
521 894 1
521 1093 1
521 1336 1
521 1430 1
521 1827 1
524 688 1
524 1028 1
525 963 1
525 1013 1
525 1014 1
525 1504 1
525 1561 1
525 1623 1
525 1713 1
525 1721 1
525 1805 1
526 643 1
526 826 1
526 1290 1
526 1303 1
527 631 1
527 788 1
527 921 1
527 1369 1
527 1503 1
527 1641 1
527 1737 1
528 1202 1
529 875 1
529 936 1
530 564 1
530 612 1
530 618 1
530 973 1
530 991 1
530 1784 1
531 654 1
531 664 1
531 779 1
531 1061 1
532 663 1
532 887 1
533 1169 1
534 551 1
534 823 1
534 1051 1
534 1227 1
534 1302 1
534 1365 1
534 1543 1
534 1925 1
535 567 1
535 1356 1
535 1392 1
535 1518 1
536 559 1
536 1654 1
537 824 1
538 1069 1
539 571 1
539 1337 1
539 1526 1
540 816 1
540 1200 1
540 1691 1
541 838 1
541 867 1
541 1318 1
541 1495 1
541 1738 1
541 1755 1
541 1980 1
542 841 1
542 1806 1
543 1015 1
543 1387 1
544 603 1
544 860 1
544 1039 1
544 1045 1
544 1327 1
544 1993 1
545 710 1
545 987 1
545 1008 1
545 1211 1
546 601 1
546 759 1
546 978 1
546 1379 1
546 1876 1
547 735 1
548 726 1
548 762 1
548 942 1
548 1229 1
548 1460 1
548 1466 1
548 1501 1
548 1723 1
549 998 1
550 715 1
550 1384 1
550 1480 1
551 1604 1
551 1807 1
551 1998 1
552 823 1
553 962 1
553 1577 1
555 617 1
555 1262 1
555 1637 1
555 1710 1
555 1780 1
555 1818 1
556 615 1
556 624 1
556 895 1
556 1170 1
556 1215 1
556 1274 1
556 1285 1
556 1422 1
556 1571 1
556 1621 1
556 1635 1
557 674 1
557 868 1
558 626 1
558 982 1
558 1058 1
558 1798 1
559 851 1
559 1245 1
559 1691 1
559 1703 1
559 1785 1
560 651 1
560 1111 1
560 1465 1
560 1712 1
561 778 1
561 815 1
561 980 1
561 1610 1
562 1176 1
562 1847 1
564 1311 1
564 1911 1
564 1973 1
565 791 1
565 891 1
565 898 1
565 1197 1
566 979 1
567 596 1
567 638 1
567 708 1
567 728 1
567 940 1
567 1309 1
567 1396 1
567 1607 1
567 1828 1
568 840 1
568 1029 1
568 1383 1
568 1894 1
569 1758 1
569 1787 1
570 967 1
570 1416 1
570 1755 1
572 717 1
572 801 1
572 907 1
572 1007 1
572 1184 1
572 1623 1
574 740 1
574 830 1
574 1291 1
574 1544 1
574 1672 1
574 1779 1
575 1378 1
575 1473 1
576 1287 1
577 973 1
577 1242 1
578 1231 1
578 1654 1
579 716 1
579 1285 1
579 1321 1
579 1746 1
579 1769 1
580 1154 1
581 747 1
581 984 1
582 1446 1
583 1393 1
584 810 1
584 1001 1
584 1306 1
584 1410 1
584 1730 1
584 1738 1
585 1505 1
586 1715 1
587 593 1
587 609 1
587 1209 1
587 1393 1
587 1598 1
587 1737 1
588 1910 1
589 615 1
589 660 1
589 791 1
589 1077 1
589 1124 1
589 1187 1
589 1269 1
589 1318 1
589 1667 1
589 1780 1
589 1838 1
590 1033 1
592 702 1
592 1256 1
592 1657 1
593 605 1
593 839 1
593 844 1
593 1113 1
594 901 1
595 764 1
595 983 1
595 1468 1
596 839 1
596 852 1
596 1081 1
596 1166 1
596 1239 1
596 1246 1
597 629 1
597 708 1
597 1203 1
597 1368 1
598 643 1
598 693 1
598 872 1
598 1152 1
598 1235 1
598 1652 1
598 1660 1
599 603 1
600 1082 1
600 1876 1
600 1970 1
601 802 1
601 1436 1
601 1439 1
602 948 1
602 1486 1
602 1997 1
603 855 1
603 1772 1
604 1455 1
604 1624 1
606 751 1
606 983 1
607 959 1
607 1901 1
609 1066 1
609 1650 1
610 858 1
610 1112 1
611 1359 1
612 647 1
612 651 1
612 769 1
612 801 1
612 1800 1
612 1859 1
613 1626 1
613 1799 1
614 732 1
614 965 1
615 624 1
615 647 1
615 971 1
615 992 1
615 1729 1
616 1404 1
617 645 1
617 763 1
618 700 1
618 701 1
618 804 1
618 898 1
618 1905 1
618 1982 1
619 1237 1
619 1343 1
619 1398 1
620 1895 1
621 723 1
621 750 1
623 698 1
623 773 1
624 675 1
624 1971 1
625 732 1
625 1219 1
625 1366 1
625 1744 1
626 644 1
626 849 1
627 755 1
627 905 1
627 1045 1
628 1074 1
628 1415 1
629 1058 1
629 1247 1
629 1612 1
630 754 1
630 877 1
630 1127 1
630 1195 1
630 1286 1
630 1614 1
630 1645 1
630 1809 1
630 1911 1
631 1553 1
631 1572 1
631 1666 1
631 1700 1
632 1427 1
632 1946 1
633 811 1
633 825 1
634 716 1
634 1009 1
634 1497 1
634 1499 1
634 1515 1
634 1567 1
635 916 1
635 1117 1
635 1599 1
636 805 1
636 1255 1
636 1366 1
636 1444 1
636 1790 1
636 1813 1
636 1958 1
637 677 1
637 678 1
637 726 1
637 1093 1
637 1207 1
637 1777 1
638 1506 1
639 758 1
639 800 1
639 821 1
639 859 1
639 1431 1
640 1733 1
641 739 1
641 1449 1
642 1495 1
642 1519 1
642 1600 1
642 1663 1
642 1755 1
642 1862 1
642 1972 1
643 1365 1
643 1620 1
643 1832 1
644 901 1
644 956 1
644 1376 1
644 1407 1
644 2000 1
645 1081 1
645 1669 1
646 879 1
646 1364 1
646 1420 1
647 793 1
647 889 1
647 1141 1
647 1754 1
647 1928 1
648 1002 1
649 946 1
650 1327 1
650 1338 1
650 1469 1
652 1119 1
652 1527 1
652 1576 1
653 719 1
653 824 1
653 1010 1
653 1239 1
653 1507 1
653 1798 1
653 1869 1
654 692 1
654 1099 1
654 1492 1
655 700 1
655 939 1
655 1153 1
655 1413 1
655 1702 1
655 1887 1
656 805 1
656 1934 1
657 664 1
657 794 1
657 848 1
657 916 1
657 1236 1
657 1248 1
657 1442 1
657 1715 1
657 1861 1
657 1900 1
657 1977 1
658 812 1
658 1031 1
658 1498 1
658 1729 1
659 1155 1
660 785 1
660 942 1
660 1144 1
660 1659 1
661 1130 1
662 767 1
662 1163 1
662 1871 1
663 737 1
663 1064 1
663 1521 1
663 1740 1
664 918 1
664 929 1
664 1079 1
664 1185 1
664 1341 1
665 1902 1
666 713 1
666 1897 1
667 1189 1
667 1381 1
667 1534 1
668 1024 1
668 1555 1
668 1572 1
669 880 1
669 986 1
669 1018 1
669 1542 1
669 1735 1
669 1751 1
669 1788 1
670 1157 1
670 1259 1
670 1944 1
671 1261 1
671 1718 1
671 1806 1
672 1941 1
672 1966 1
672 1979 1
673 790 1
673 897 1
673 1131 1
674 703 1
674 743 1
674 849 1
674 1149 1
674 1562 1
674 1756 1
675 891 1
675 1233 1
675 1949 1
676 701 1
677 1528 1
678 1579 1
678 1852 1
679 1187 1
679 1234 1
680 1102 1
681 942 1
681 1744 1
682 722 1
683 859 1
683 1789 1
683 1813 1
684 882 1
684 956 1
684 1105 1
684 1293 1
684 1411 1
684 1680 1
685 1283 1
685 1531 1
686 749 1
686 793 1
686 840 1
687 723 1
687 924 1
687 1026 1
687 1049 1
687 1624 1
687 1988 1
688 1323 1
688 1513 1
688 1624 1
689 1300 1
689 1442 1
692 1142 1
692 1151 1
692 1492 1
693 988 1
693 1918 1
694 1050 1
694 1583 1
694 1603 1
694 1843 1
695 766 1
695 796 1
695 1336 1
695 1583 1
695 1974 1
695 2000 1
696 899 1
696 1530 1
697 1309 1
698 1436 1
698 1537 1
698 1775 1
699 916 1
699 1353 1
699 1597 1
700 876 1
700 1371 1
700 1489 1
701 930 1
701 1324 1
701 1856 1
702 1076 1
702 1140 1
702 1147 1
702 1432 1
703 730 1
703 905 1
703 1484 1
704 1794 1
705 1328 1
705 1396 1
705 1555 1
705 1774 1
705 1782 1
707 838 1
707 1230 1
707 1480 1
707 1996 1
708 937 1
708 1367 1
709 916 1
710 1254 1
710 1352 1
710 1533 1
711 1127 1
711 1465 1
712 1957 1
713 722 1
713 1271 1
714 1395 1
715 803 1
715 1101 1
715 1984 1
716 871 1
716 1522 1
718 1656 1
719 1870 1
721 1309 1
721 1365 1
721 1649 1
721 1897 1
722 1596 1
723 1036 1
723 1041 1
723 1337 1
724 921 1
725 1699 1
726 983 1
726 1252 1
729 1985 1
731 770 1
731 817 1
731 1064 1
731 1089 1
731 1866 1
731 1892 1
732 812 1
732 1114 1
732 1844 1
733 966 1
733 984 1
733 1131 1
733 1838 1
734 938 1
734 1591 1
735 961 1
735 1038 1
736 1424 1
737 860 1
737 1084 1
737 1638 1
737 1913 1
738 966 1
738 1960 1
739 745 1
739 985 1
740 1597 1
741 1228 1
741 1317 1
741 1407 1
741 1671 1
741 1689 1
742 1150 1
742 1202 1
742 1414 1
742 1549 1
742 1595 1
742 1858 1
743 1621 1
744 1355 1
745 1113 1
746 1128 1
746 1154 1
746 1655 1
749 1345 1
750 815 1
750 1951 1
752 893 1
752 1617 1
753 1768 1
754 857 1
754 1213 1
755 1141 1
755 1777 1
755 1939 1
756 804 1
756 873 1
756 1303 1
756 1424 1
757 1166 1
757 1439 1
758 1066 1
759 819 1
759 879 1
759 1010 1
759 1178 1
759 1595 1
759 1662 1
759 1903 1
759 1922 1
760 905 1
760 946 1
760 1460 1
760 1750 1
760 1915 1
761 1314 1
762 854 1
762 1192 1
764 1032 1
764 1547 1
764 1714 1
764 1717 1
764 1976 1
765 821 1
765 1268 1
765 1368 1
765 1741 1
766 1171 1
766 1643 1
767 1734 1
768 1002 1
768 1017 1
769 909 1
769 938 1
769 982 1
770 872 1
770 876 1
770 1081 1
770 1304 1
770 1380 1
770 1988 1
772 884 1
772 1375 1
772 1934 1
773 1848 1
774 1434 1
775 812 1
775 1307 1
776 829 1
776 1124 1
776 1896 1
777 982 1
777 1052 1
777 1300 1
777 1318 1
777 1347 1
777 1480 1
777 1635 1
777 1817 1
779 1183 1
779 1457 1
779 1604 1
779 1979 1
780 1408 1
780 1583 1
781 927 1
781 1574 1
781 1630 1
781 1908 1
781 1960 1
781 1962 1
782 1320 1
783 1356 1
783 1726 1
783 1965 1
784 1027 1
784 1878 1
785 1384 1
785 1488 1
786 1006 1
786 1326 1
787 974 1
787 1228 1
788 865 1
789 1814 1
790 924 1
790 951 1
790 995 1
791 1425 1
791 1632 1
792 996 1
792 1055 1
793 946 1
793 1134 1
793 1586 1
793 1877 1
794 1164 1
794 1268 1
794 1513 1
794 1938 1
795 1414 1
795 1453 1
795 1783 1
796 1335 1
797 1399 1
798 1257 1
798 1476 1
798 1496 1
798 1596 1
799 1888 1
800 1113 1
800 1249 1
800 1260 1
800 1271 1
801 1586 1
802 925 1
802 1037 1
802 1355 1
803 1122 1
803 1424 1
803 1626 1
803 1804 1
805 1288 1
805 1631 1
806 923 1
806 1441 1
806 1663 1
807 855 1
807 868 1
807 1167 1
807 1303 1
807 1372 1
807 1888 1
810 1386 1
811 912 1
811 998 1
811 1114 1
811 1386 1
812 949 1
812 1050 1
812 1053 1
812 1056 1
812 1088 1
812 1403 1
812 1570 1
812 1929 1
813 1884 1
813 1920 1
814 1105 1
814 1159 1
814 1266 1
815 1152 1
815 1300 1
815 1871 1
817 912 1
817 1130 1
817 1862 1
818 831 1
818 889 1
818 1235 1
819 1413 1
819 1673 1
819 1987 1
821 1773 1
821 1874 1
821 1925 1
822 855 1
822 948 1
822 994 1
822 1351 1
822 1450 1
822 1719 1
822 1870 1
823 853 1
823 911 1
823 952 1
824 1738 1
825 1347 1
825 1863 1
826 854 1
826 1175 1
826 1308 1
826 1629 1
827 896 1
827 1112 1
827 1186 1
827 1792 1
828 973 1
828 1116 1
828 1366 1
828 1771 1
828 1837 1
829 1241 1
830 1008 1
830 1467 1
830 1883 1
831 1271 1
831 1954 1
832 1333 1
832 1851 1
833 1352 1
835 1814 1
836 966 1
836 1149 1
837 1049 1
837 1120 1
837 1181 1
837 1425 1
838 1373 1
838 1698 1
839 1112 1
839 1255 1
839 1629 1
840 1631 1
840 1806 1
840 1850 1
841 918 1
841 1196 1
841 1287 1
841 1402 1
841 1651 1
841 1757 1
841 1766 1
842 1781 1
843 1223 1
843 1919 1
843 1930 1
844 1959 1
845 893 1
845 1872 1
845 1961 1
846 1734 1
847 939 1
847 1582 1
847 1862 1
848 955 1
850 1414 1
851 1286 1
852 1024 1
852 1509 1
853 1622 1
854 1039 1
854 1845 1
855 953 1
856 947 1
856 1244 1
856 1675 1
856 1703 1
856 1853 1
856 1892 1
859 1306 1
859 1451 1
859 1507 1
859 1682 1
861 1252 1
861 1488 1
861 1746 1
862 972 1
862 1519 1
863 919 1
863 1060 1
863 1176 1
863 1250 1
863 1840 1
864 1473 1
865 874 1
865 1000 1
865 1159 1
865 1824 1
868 914 1
869 964 1
869 1065 1
869 1566 1
869 1658 1
870 1065 1
870 1411 1
870 1553 1
870 1644 1
871 1323 1
871 1488 1
871 1532 1
871 1827 1
872 1688 1
872 1956 1
873 1727 1
874 1562 1
874 1733 1
876 1021 1
876 1539 1
876 1557 1
876 1987 1
876 1994 1
877 1283 1
877 1712 1
880 1054 1
880 1140 1
880 1913 1
881 955 1
881 1097 1
881 1812 1
881 1864 1
882 986 1
882 1004 1
883 1476 1
883 1784 1
886 1122 1
886 1302 1
886 1502 1
886 1932 1
887 1994 1
892 1522 1
892 1601 1
895 1069 1
895 1383 1
896 1291 1
896 1467 1
896 1931 1
897 1188 1
898 1389 1
898 1505 1
898 1630 1
898 1815 1
899 1345 1
900 911 1
901 1259 1
902 990 1
902 1101 1
902 1178 1
902 1581 1
902 1674 1
903 1261 1
903 1914 1
904 1605 1
904 1802 1
904 1822 1
905 1026 1
905 1491 1
906 909 1
906 969 1
906 1183 1
906 1287 1
906 1631 1
906 1668 1
908 1675 1
908 1964 1
911 923 1
911 1296 1
913 1345 1
914 1613 1
915 951 1
915 1104 1
915 1215 1
917 1431 1
918 1053 1
918 1109 1
918 1199 1
918 1288 1
918 1898 1
919 1032 1
919 1210 1
919 1231 1
919 1719 1
920 978 1
921 1251 1
922 1529 1
922 1839 1
923 1005 1
923 1406 1
924 1388 1
925 1471 1
925 1522 1
925 1762 1
926 1290 1
926 1530 1
926 1722 1
927 1528 1
928 1558 1
928 1648 1
930 1167 1
931 1525 1
932 1229 1
932 1786 1
932 1984 1
933 1524 1
933 1545 1
934 1541 1
935 1370 1
935 1467 1
936 1785 1
937 1170 1
937 1223 1
937 1299 1
937 1872 1
938 1349 1
938 1356 1
939 1184 1
939 1242 1
939 1885 1
940 1918 1
942 1222 1
942 1304 1
942 1655 1
943 1217 1
946 1991 1
947 981 1
947 1636 1
948 1269 1
948 1648 1
950 1006 1
950 1407 1
951 1118 1
951 1325 1
952 1221 1
952 1843 1
953 1031 1
954 1600 1
954 1953 1
956 1060 1
956 1115 1
956 1296 1
956 1374 1
956 1750 1
957 1608 1
958 1156 1
958 1970 1
960 1130 1
961 1125 1
961 1263 1
961 1351 1
961 1734 1
961 1993 1
962 1315 1
962 1759 1
962 1850 1
963 1447 1
963 1668 1
964 1335 1
966 1070 1
966 1129 1
966 1266 1
966 1308 1
966 1588 1
966 1928 1
967 1989 1
968 1123 1
970 1022 1
970 1112 1
970 1154 1
970 1772 1
970 1795 1
970 1832 1
970 1907 1
971 1539 1
973 1224 1
974 1022 1
974 1187 1
975 1348 1
975 1589 1
975 1725 1
976 1102 1
976 1878 1
978 1472 1
978 1792 1
979 1157 1
980 1848 1
982 1165 1
982 1564 1
983 1115 1
983 1433 1
983 1770 1
983 1795 1
983 1932 1
984 1278 1
986 1303 1
987 1431 1
987 1856 1
989 1680 1
989 1752 1
991 1236 1
991 1486 1
992 1864 1
993 1882 1
994 1000 1
994 1494 1
994 1662 1
994 1847 1
995 1637 1
996 1380 1
997 1972 1
999 1086 1
999 1135 1
999 1198 1
999 1260 1
999 1319 1
999 1573 1
999 1985 1
1001 1031 1
1001 1946 1
1002 1064 1
1002 1706 1
1004 1360 1
1004 1376 1
1004 1858 1
1005 1162 1
1005 1298 1
1005 1332 1
1005 1470 1
1006 1199 1
1007 1499 1
1009 1325 1
1010 1028 1
1011 1573 1
1011 1593 1
1011 1664 1
1011 1751 1
1012 1029 1
1012 1841 1
1013 1279 1
1014 1221 1
1015 1076 1
1015 1764 1
1016 1908 1
1017 1173 1
1017 1515 1
1019 1659 1
1020 1046 1
1020 1288 1
1020 1405 1
1021 1266 1
1021 1816 1
1022 1238 1
1022 1243 1
1022 1704 1
1024 1491 1
1024 1647 1
1025 1201 1
1026 1355 1
1026 1947 1
1027 1361 1
1028 1253 1
1031 1741 1
1031 1837 1
1031 1867 1
1034 1231 1
1035 1482 1
1036 1301 1
1036 1742 1
1037 1083 1
1038 1253 1
1039 1979 1
1040 1237 1
1040 1452 1
1041 1106 1
1041 1529 1
1042 1435 1
1042 1617 1
1042 1842 1
1042 1941 1
1043 1551 1
1043 1672 1
1043 1846 1
1044 1127 1
1044 1314 1
1045 1139 1
1045 1193 1
1045 1534 1
1045 1567 1
1045 1755 1
1047 1548 1
1049 1669 1
1052 1224 1
1054 1863 1
1055 1725 1
1056 1461 1
1056 1886 1
1057 1067 1
1057 1307 1
1057 1559 1
1058 1629 1
1058 1792 1
1059 1665 1
1060 1312 1
1061 1097 1
1063 1263 1
1063 1302 1
1063 1465 1
1064 1214 1
1064 1405 1
1065 1258 1
1065 1566 1
1065 1699 1
1065 1982 1
1066 1172 1
1066 1284 1
1066 1412 1
1066 1484 1
1067 1097 1
1067 1509 1
1067 1706 1
1067 1858 1
1069 1517 1
1069 1547 1
1071 1167 1
1074 1491 1
1074 1872 1
1076 1354 1
1076 1498 1
1077 1142 1
1077 1213 1
1078 1536 1
1078 1763 1
1079 1421 1
1082 1919 1
1083 1352 1
1083 1574 1
1084 1419 1
1086 1661 1
1086 1698 1
1086 1931 1
1087 1205 1
1089 1353 1
1089 1554 1
1090 1603 1
1091 1182 1
1091 1501 1
1092 1122 1
1092 1363 1
1094 1165 1
1094 1782 1
1095 1293 1
1096 1423 1
1096 1773 1
1099 1108 1
1099 1201 1
1099 1815 1
1099 1920 1
1101 1110 1
1101 1217 1
1101 1342 1
1103 1106 1
1103 1190 1
1103 1360 1
1103 1820 1
1104 1188 1
1104 1327 1
1105 1330 1
1105 1344 1
1105 1475 1
1106 1709 1
1106 1912 1
1107 1548 1
1108 1411 1
1110 1324 1
1110 1580 1
1111 1327 1
1112 1184 1
1112 1735 1
1115 1385 1
1115 1430 1
1115 1736 1
1115 1829 1
1116 1530 1
1116 1827 1
1116 1907 1
1117 1172 1
1117 1197 1
1118 1316 1
1118 1754 1
1119 1570 1
1120 1245 1
1121 1796 1
1122 1500 1
1123 1482 1
1123 1727 1
1123 1940 1
1127 1807 1
1127 1831 1
1128 1406 1
1130 1165 1
1130 1575 1
1131 1732 1
1131 1830 1
1132 1840 1
1133 1459 1
1134 1812 1
1135 1556 1
1136 1137 1
1136 1416 1
1136 1533 1
1137 1454 1
1139 1162 1
1140 1723 1
1141 1155 1
1141 1316 1
1142 1921 1
1142 1938 1
1145 1149 1
1145 1705 1
1145 1823 1
1147 1217 1
1147 1606 1
1147 1760 1
1147 1820 1
1149 1440 1
1149 1593 1
1150 1240 1
1151 1640 1
1151 1696 1
1151 1800 1
1157 1417 1
1158 1240 1
1158 1525 1
1159 1550 1
1159 1862 1
1160 1409 1
1161 1906 1
1162 1640 1
1162 1869 1
1164 1318 1
1164 1813 1
1165 1506 1
1166 1619 1
1166 1849 1
1167 1876 1
1167 1975 1
1168 1543 1
1168 1849 1
1170 1376 1
1171 1245 1
1171 1633 1
1172 1492 1
1172 1685 1
1173 1194 1
1173 1195 1
1173 1986 1
1174 1764 1
1177 1339 1
1177 1460 1
1179 1620 1
1180 1594 1
1180 1728 1
1180 1832 1
1180 1888 1
1181 1687 1
1184 1847 1
1186 1447 1
1186 1589 1
1186 1915 1
1187 1618 1
1188 1580 1
1189 1956 1
1189 1964 1
1190 1316 1
1193 1211 1
1193 1982 1
1195 1995 1
1199 1638 1
1201 1820 1
1201 1846 1
1201 1911 1
1205 1313 1
1206 1222 1
1206 1512 1
1206 1801 1
1206 1915 1
1206 1985 1
1207 1886 1
1207 1967 1
1209 1212 1
1209 1305 1
1210 1354 1
1210 1417 1
1211 1466 1
1211 1916 1
1212 1735 1
1213 1450 1
1214 1351 1
1217 1589 1
1219 1409 1
1221 1893 1
1221 1950 1
1222 1930 1
1224 1673 1
1225 1248 1
1226 1481 1
1227 1499 1
1227 1890 1
1229 1786 1
1231 1440 1
1232 1674 1
1235 1811 1
1237 1294 1
1237 1873 1
1238 1291 1
1238 1635 1
1239 1420 1
1240 1437 1
1241 1306 1
1243 1350 1
1243 1406 1
1244 1479 1
1247 1990 1
1250 1410 1
1250 1681 1
1250 1841 1
1250 1924 1
1252 1307 1
1252 1742 1
1252 1790 1
1253 1565 1
1254 1342 1
1255 1300 1
1257 1315 1
1259 1294 1
1261 1577 1
1261 1784 1
1261 1888 1
1262 1537 1
1262 1752 1
1262 1984 1
1264 1373 1
1264 1396 1
1265 1348 1
1265 1761 1
1266 1393 1
1271 1634 1
1272 1332 1
1275 1404 1
1275 1450 1
1275 1478 1
1276 1709 1
1280 1540 1
1280 1952 1
1282 1881 1
1284 1599 1
1285 1475 1
1286 1732 1
1287 1576 1
1292 1400 1
1292 1608 1
1294 1378 1
1295 1305 1
1297 1655 1
1297 1699 1
1297 1921 1
1299 1578 1
1300 1370 1
1300 1397 1
1300 1583 1
1304 1534 1
1308 1917 1
1310 1510 1
1312 1983 1
1314 1521 1
1315 1931 1
1315 1968 1
1316 1598 1
1317 1429 1
1317 1834 1
1320 1884 1
1321 1672 1
1321 1945 1
1325 1454 1
1327 1742 1
1329 1564 1
1331 1609 1
1333 1355 1
1335 1453 1
1335 1618 1
1337 1592 1
1339 1380 1
1340 1364 1
1340 1449 1
1340 1510 1
1341 1663 1
1342 1758 1
1343 1397 1
1344 1898 1
1347 1445 1
1347 1874 1
1347 1977 1
1350 1678 1
1350 1800 1
1350 1823 1
1351 1681 1
1351 1736 1
1351 1853 1
1352 1459 1
1352 1933 1
1353 1471 1
1355 1989 1
1355 1992 1
1357 1640 1
1358 1776 1
1359 1374 1
1359 1451 1
1361 1887 1
1362 1501 1
1363 1748 1
1363 1770 1
1364 1634 1
1364 1707 1
1365 1497 1
1369 1807 1
1370 1848 1
1371 1586 1
1375 1634 1
1377 1549 1
1381 1477 1
1383 1501 1
1383 1506 1
1385 1630 1
1387 1804 1
1388 1403 1
1388 1803 1
1389 1752 1
1393 1854 1
1394 1426 1
1394 1479 1
1396 1767 1
1396 1855 1
1398 1825 1
1398 1872 1
1401 1596 1
1403 1690 1
1403 1746 1
1403 1834 1
1404 1575 1
1406 1570 1
1409 1577 1
1412 1487 1
1412 1826 1
1412 1974 1
1413 1759 1
1414 1857 1
1415 1427 1
1415 1556 1
1418 1443 1
1420 1900 1
1423 1735 1
1423 1821 1
1424 1867 1
1425 1767 1
1430 1803 1
1431 1904 1
1432 1434 1
1432 1588 1
1432 1642 1
1432 1773 1
1432 1828 1
1435 1971 1
1437 1585 1
1437 1619 1
1437 1753 1
1437 1929 1
1438 1614 1
1439 1791 1
1440 1730 1
1443 1490 1
1443 1754 1
1443 1975 1
1445 1625 1
1445 1818 1
1446 1625 1
1447 1714 1
1449 1509 1
1450 1603 1
1451 1705 1
1452 1914 1
1454 1561 1
1454 1636 1
1457 1602 1
1458 1750 1
1458 1891 1
1459 1525 1
1461 1563 1
1461 1814 1
1463 1736 1
1463 1935 1
1466 1601 1
1468 1489 1
1469 1696 1
1472 1533 1
1472 1718 1
1476 1648 1
1477 1585 1
1477 1959 1
1481 1579 1
1484 1584 1
1484 1936 1
1486 1896 1
1488 1785 1
1489 1686 1
1492 1697 1
1493 1693 1
1495 1743 1
1496 1687 1
1496 1698 1
1499 1621 1
1499 1690 1
1501 1952 1
1502 1708 1
1502 1816 1
1506 1647 1
1506 1722 1
1508 1815 1
1509 1684 1
1509 1797 1
1513 1941 1
1514 1962 1
1516 1535 1
1519 1560 1
1519 1673 1
1523 1710 1
1524 1664 1
1524 1866 1
1524 1947 1
1526 1590 1
1528 1553 1
1532 1829 1
1533 1670 1
1535 1620 1
1543 1565 1
1543 1757 1
1544 1793 1
1545 1587 1
1546 1701 1
1546 1959 1
1547 1564 1
1549 1661 1
1549 1937 1
1551 1558 1
1551 1850 1
1552 1910 1
1553 1678 1
1555 1717 1
1560 1851 1
1560 1897 1
1562 1848 1
1564 1797 1
1566 1614 1
1566 1636 1
1566 1776 1
1567 1693 1
1567 1770 1
1567 1926 1
1568 1824 1
1570 1765 1
1571 1714 1
1571 1786 1
1577 1797 1
1577 1958 1
1579 1739 1
1582 1816 1
1583 1627 1
1583 1704 1
1584 1753 1
1584 1828 1
1584 1988 1
1586 1764 1
1592 1859 1
1592 1881 1
1596 1707 1
1597 1613 1
1600 1721 1
1602 1697 1
1602 1724 1
1602 1734 1
1608 1899 1
1609 1612 1
1610 1627 1
1612 1887 1
1613 1880 1
1614 1791 1
1617 1996 1
1622 1747 1
1627 1633 1
1631 1691 1
1631 1854 1
1631 1865 1
1637 1736 1
1637 1941 1
1640 1739 1
1642 1916 1
1649 1680 1
1649 1951 1
1650 1792 1
1652 1861 1
1653 1776 1
1653 1794 1
1654 1856 1
1657 1819 1
1657 1886 1
1661 1918 1
1662 1692 1
1663 1712 1
1666 1799 1
1669 1725 1
1669 1805 1
1669 1826 1
1670 1690 1
1673 1739 1
1676 1722 1
1679 1883 1
1680 1838 1
1682 1728 1
1683 1971 1
1684 1928 1
1686 1790 1
1686 1865 1
1690 1821 1
1690 1830 1
1690 1874 1
1691 1822 1
1692 1696 1
1696 1713 1
1696 1986 1
1703 1849 1
1706 1758 1
1707 1963 1
1708 1825 1
1713 1948 1
1715 1821 1
1728 1743 1
1732 1885 1
1735 1895 1
1737 1830 1
1745 1835 1
1745 1995 1
1748 1912 1
1778 1933 1
1780 1910 1
1787 1899 1
1788 1854 1
1792 1810 1
1796 1963 1
1811 1934 1
1813 1901 1
1813 1994 1
1817 1983 1
1822 1902 1
1822 1919 1
1834 1875 1
1837 1995 1
1843 1880 1
1846 1902 1
1846 1923 1
1847 1942 1
1852 1857 1
1854 1868 1
1869 1966 1
1871 1959 1
1957 1989 1
